181.954	121.46
182.172	121.46
182.39	121.46
182.608	3840
182.826	553.85
183.043	-255.32
183.261	114.44
183.479	313.2
183.697	-1623.53
183.914	-48.58
184.132	333.69
184.35	322.87
184.567	158.87
184.785	21.24
185.003	67.87
185.22	108.15
185.438	52.98
185.656	42.21
185.873	258.46
186.091	49.66
186.309	-703.45
186.526	38.01
186.744	13.73
186.961	-43.74
187.179	272.99
187.396	6.88
187.614	738.46
187.831	5520
188.049	-154.6
188.266	120.5
188.484	-17.91
188.701	11.65
188.919	83.94
189.136	74.81
189.354	171.43
189.571	-181.99
189.789	-21.29
190.006	50.4
190.223	84.32
190.441	19.82
190.658	-10800
190.876	92.81
191.093	-501.1
191.31	-1.68
191.528	-30.91
191.745	79.36
191.962	81.47
192.179	133.77
192.397	-204.05
192.614	60.7
192.831	103.87
193.049	62.76
193.266	652.43
193.483	56.72
193.7	295.38
193.917	96.53
194.135	448.92
194.352	-143.63
194.569	15.19
194.786	147.73
195.003	59.02
195.221	4.65
195.438	-148.41
195.655	60.3
195.872	-52.88
196.089	50.44
196.306	25.26
196.523	-33.86
196.74	19.59
196.957	4.14
197.174	-127.92
197.391	75.15
197.608	49.71
197.825	-116.13
198.042	-20.92
198.259	-827.59
198.476	-54.71
198.693	6240
198.91	-92.7
199.127	-17.91
199.344	-72.87
199.561	159.54
199.778	42.91
199.995	35.82
200.212	82.76
200.429	73.93
200.646	60.76
200.862	-579.78
201.079	-70.92
201.296	158.94
201.513	256.31
201.73	48.71
201.947	172.7
202.163	81.76
202.38	492.49
202.597	-38.5
202.814	183.05
203.03	-3840
203.247	48.24
203.464	34.42
203.681	-1059.74
203.897	88.65
204.114	-67.92
204.331	94.79
204.547	-1032.56
204.764	208.41
204.981	-1200
205.197	250.21
205.414	0
205.63	-289.66
205.847	-6.03
206.064	-130.91
206.28	-22.89
206.497	-56.58
206.713	134.67
206.93	36.44
207.146	101
207.363	-553.85
207.579	-92.31
207.796	95.58
208.012	26.3
208.229	-0
208.445	6.54
208.662	-12.1
208.878	25.92
209.095	-2752.94
209.311	26.18
209.528	4457.14
209.744	-9.27
209.96	270.2
210.177	337.86
210.393	60.28
210.609	0
210.826	-88.34
211.042	271.3
211.258	1289.55
211.475	-77.01
211.691	-1.44
211.907	45.57
212.124	-0
212.34	240
212.556	-87.12
212.772	-685.71
212.989	55.63
213.205	4.43
213.421	120.6
213.637	-143.28
213.853	182.1
214.069	63.16
214.286	7
214.502	-1056.72
214.718	48.9
214.934	118.98
215.15	118.03
215.366	185.09
215.582	114.49
215.798	75.08
216.015	121.12
216.231	38.92
216.447	73.59
216.663	-56.58
216.879	-12.06
217.095	16.11
217.311	-905.66
217.527	37.42
217.743	46.6
217.959	-1313.21
218.175	4.59
218.391	8.63
218.606	-27.43
218.822	386.09
219.038	128.34
219.254	-35.37
219.47	65.51
219.686	364.04
219.902	76.52
220.118	-11.75
220.334	16.76
220.549	155.01
220.765	46.49
220.981	-84.51
221.197	33.52
221.413	-936.26
221.628	394.94
221.844	-656.6
222.06	221.36
222.276	4.12
222.491	58.84
222.707	31.48
222.923	-402.68
223.139	74.4
223.354	11.91
223.57	-179.53
223.786	14
224.001	111.2
224.217	87.46
224.432	117.92
224.648	292.87
224.864	95.42
225.079	626.87
225.295	14.89
225.51	-162.16
225.726	-30.87
225.942	3.76
226.157	54.09
226.373	-35.74
226.588	-55.58
226.804	-2021.05
227.019	12.06
227.235	39.95
227.45	-18.16
227.665	8160
227.881	-28.35
228.096	62.61
228.312	2.98
228.527	80.13
228.743	205.71
228.958	90.96
229.173	-688.7
229.389	126.46
229.604	45.28
229.819	98.09
230.035	76.33
230.25	139.94
230.465	-204.26
230.681	-125.08
230.896	-0
231.111	48.63
231.327	38.71
231.542	-3600
231.757	102.6
231.972	-165.37
232.187	219.57
232.403	-884.21
232.618	32.54
232.833	68.79
233.048	-109.09
233.263	-2.29
233.478	-62.61
233.694	27.91
233.909	1161.29
234.124	79.48
234.339	51.66
234.554	82.76
234.769	-71.39
234.984	-43.05
235.199	31.02
235.414	297.35
235.629	-637.97
235.844	81.57
236.059	-6.81
236.274	-3.63
236.489	-71.47
236.704	216.84
236.919	-27.99
237.134	105.92
237.349	80.94
237.564	88.79
237.779	-22.16
237.994	35.74
238.209	161.65
238.424	-44.17
238.639	46.66
238.853	34.81
239.068	47.13
239.283	-50.76
239.498	284.96
239.713	124.41
239.928	9.46
240.142	200.96
240.357	-13.08
240.572	-13.52
240.787	16.35
241.001	117.45
241.216	42.38
241.431	269.04
241.646	26.99
241.86	-86.1
242.075	-530.23
242.29	-55.81
242.504	38.47
242.719	178.88
242.934	-103.94
243.148	51.94
243.363	54.67
243.577	134.83
243.792	92.31
244.007	34.81
244.221	140.26
244.436	161.19
244.65	29.45
244.865	-153.55
245.079	139.91
245.294	-155.4
245.508	74.83
245.723	145.35
245.937	-118.68
246.152	44.35
246.366	82.33
246.581	105.19
246.795	-147.24
247.01	60.16
247.224	18.87
247.438	-70.26
247.653	84.31
247.867	125.07
248.081	113.35
248.296	-204.88
248.51	58.54
248.724	14.86
248.939	17.91
249.153	78.37
249.367	36.83
249.582	104.63
249.796	-202.6
250.01	-222.52
250.224	-5.82
250.439	-3.38
250.653	54.71
250.867	-8.23
251.081	39.81
251.295	41.06
251.51	-142.98
251.724	25.9
251.938	156.13
252.152	-61.31
252.366	23.24
252.58	-414.55
252.794	63.33
253.008	47.68
253.223	-7.98
253.437	33.86
253.651	5.59
253.865	146.85
254.079	50.48
254.293	55.31
254.507	676.36
254.721	74.44
254.935	1041.76
255.149	116.7
255.363	39.26
255.577	56.38
255.791	178.98
256.005	257.67
256.218	32.38
256.432	55.24
256.646	72.04
256.86	77.75
257.074	176.86
257.288	-4320
257.502	-52.75
257.716	32.27
257.929	159.52
258.143	9.01
258.357	16.96
258.571	225.83
258.785	56.58
258.998	-20.92
259.212	101.52
259.426	209.87
259.64	140.73
259.853	-41.38
260.067	106.79
260.281	148.04
260.494	-104.1
260.708	237.62
260.922	41.89
261.135	88.76
261.349	8.07
261.563	78.07
261.776	-70.59
261.99	140.81
262.203	110.59
262.417	-63.6
262.63	-16.27
262.844	242.7
263.058	170.85
263.271	26.87
263.485	39.9
263.698	40.65
263.912	30.64
264.125	-0
264.339	-179.53
264.552	101.51
264.765	-156.52
264.979	-22.57
265.192	127.52
265.406	20.73
265.619	-43.28
265.832	47.63
266.046	-4.49
266.259	227.8
266.473	-3058.06
266.686	195.54
266.899	196.81
267.113	1920
267.326	-89.05
267.539	-13.84
267.752	18.98
267.966	108.8
268.179	13.28
268.392	27.32
268.605	-103.94
268.819	76.17
269.032	204.74
269.245	221.54
269.458	92.99
269.671	-562.03
269.885	18.63
270.098	30.85
270.311	197.47
270.524	-20.15
270.737	-24.55
270.95	-309.93
271.163	103.94
271.376	-967.74
271.589	-516.46
271.802	71.2
272.016	-148.53
272.229	85.58
272.442	63.16
272.655	0
272.868	-124.41
273.081	-188.76
273.294	11.18
273.506	237.46
273.719	92.62
273.932	37.56
274.145	7200
274.358	98.15
274.571	-6.05
274.784	-679.25
274.997	33.83
275.21	19.24
275.423	-34.42
275.635	48.24
275.848	29.31
276.061	389.4
276.274	21.48
276.487	125.22
276.699	-14.89
276.912	131.97
277.125	10.21
277.338	-33.63
277.55	57.57
277.763	49.16
277.976	139.48
278.189	79.12
278.401	16.49
278.614	28.8
278.827	63.91
279.039	40.56
279.252	166.77
279.464	-42.97
279.677	32.96
279.89	52.57
280.102	-30.15
280.315	292.68
280.527	-126.32
280.74	579.31
280.952	182.17
281.165	59.04
281.377	73.42
281.59	7.52
281.802	-27.99
282.015	-49.16
282.227	93.93
282.44	353.96
282.652	215.73
282.865	244.55
283.077	63.61
283.29	94.92
283.502	56.62
283.714	-28.44
283.927	-35.01
284.139	-206.01
284.351	-3.07
284.564	263.1
284.776	78.19
284.988	63.6
285.201	-89.55
285.413	65.57
285.625	149.19
285.838	18.32
286.05	99.24
286.262	-57.56
286.474	87.01
286.686	-4.87
286.899	-236.77
287.111	46.39
287.323	22.97
287.535	344.55
287.747	94.57
287.959	-4.13
288.172	-414.55
288.384	34.8
288.596	-5.47
288.808	135.85
289.02	860.38
289.232	77.42
289.444	-22.64
289.656	-156.35
289.868	-57.02
290.08	73.62
290.292	81.7
290.504	-10.08
290.716	-11.01
290.928	53.02
291.14	1227.91
291.352	42.15
291.564	635.29
291.776	140.45
291.988	161.96
292.2	-278.67
292.412	-51.89
292.624	15.74
292.835	-35.82
293.047	21.21
293.259	-11.29
293.471	157.47
293.683	1082.93
293.895	113.49
294.106	34.03
294.318	39.54
294.53	8.38
294.742	2689.66
294.953	8.86
295.165	-9.78
295.377	42.62
295.589	16.81
295.8	61.6
296.012	7.91
296.224	34.99
296.435	132.26
296.647	261.25
296.858	34.53
297.07	18.46
297.282	-18.36
297.493	91.17
297.705	178.29
297.916	-59.74
298.128	94.82
298.34	199.46
298.551	-52.54
298.763	-31.1
298.974	58.95
299.186	61.75
299.397	90.96
299.609	-1083.87
299.82	64.94
300.031	50.28
300.243	-757.89
300.454	88.34
300.666	50.88
300.877	346.92
301.089	20.43
301.3	104.43
301.511	50.32
301.723	15.96
301.934	340.3
302.145	32.63
302.357	152.97
302.568	566.4
302.779	66.21
302.99	-16.14
303.202	85.14
303.413	-16.44
303.624	122.03
303.835	158.49
304.047	-116.6
304.258	100.74
304.469	15.27
304.68	42.44
304.891	-37.25
305.103	23.17
305.314	93.01
305.525	5314.29
305.736	-132.28
305.947	33.07
306.158	988.24
306.369	99.24
306.58	120.19
306.791	157.38
307.002	36.62
307.213	9.39
307.424	4.24
307.636	104.63
307.846	56.43
308.057	-34.95
308.268	13.31
308.479	36.96
308.69	61.07
308.901	59.74
309.112	893.02
309.323	42.57
309.534	227.03
309.745	0
309.956	-44.19
310.167	-2.02
310.377	77.12
310.588	110.17
310.799	34.01
311.01	-87.47
311.221	50.66
311.432	81.44
311.642	-78.32
311.853	37.99
312.064	-1696.55
312.275	-75.84
312.485	95.42
312.696	22.33
312.907	174.87
313.117	90.93
313.328	41.9
313.539	-36.83
313.749	26.8
313.96	171.43
314.171	36.33
314.381	140.73
314.592	-86.72
314.802	-19.17
315.013	94.82
315.224	53.58
315.434	-1389.47
315.645	-1680
315.855	-29.43
316.066	13.48
316.276	309.54
316.487	-878.05
316.697	79.63
316.908	4.49
317.118	61.63
317.329	90.21
317.539	53.58
317.749	200.86
317.96	-501.49
318.17	-101.08
318.381	-145.05
318.591	-725.27
318.801	62.52
319.012	122.97
319.222	675.73
319.432	59.55
319.643	185.42
319.853	-80.72
320.063	68.04
320.273	33.59
320.484	-13.19
320.694	4.9
320.904	73.22
321.114	-337.08
321.325	1406.9
321.535	119.43
321.745	25.24
321.955	116.38
322.165	-72.51
322.375	67.02
322.585	242.94
322.796	-206.9
323.006	74.37
323.216	149.68
323.426	-98.26
323.636	80.38
323.846	1282.76
324.056	54.73
324.266	44.04
324.476	2.46
324.686	-90.81
324.896	63.33
325.106	452.83
325.316	47.54
325.526	-2652.63
325.736	18.3
325.946	17.97
326.156	514.29
326.366	-125.22
326.576	90.16
326.785	-114.57
326.995	71.39
327.205	271.36
327.415	166.78
327.625	490.51
327.835	89.18
328.044	180.9
328.254	271.3
328.464	169.61
328.674	109.09
328.884	-517.99
329.093	128.34
329.303	64.34
329.513	275.78
329.722	-821.05
329.932	40.79
330.142	-87.02
330.351	53.52
330.561	87.27
330.771	-75.28
330.98	71.93
331.19	-129.23
331.4	-118.73
331.609	31.67
331.819	1082.93
332.028	68.57
332.238	-36.61
332.447	117.84
332.657	106.63
332.866	109.45
333.076	14.89
333.285	-82.08
333.495	929.03
333.704	-312.11
333.914	27.07
334.123	24.13
334.333	18.46
334.542	35.97
334.752	443.08
334.961	-339.62
335.17	-271.36
335.38	45.78
335.589	17.37
335.798	165.09
336.008	-39.56
336.217	148.09
336.426	56.75
336.636	0
336.845	114.93
337.054	-218.18
337.263	108.73
337.473	62.97
337.682	66.45
337.891	58.84
338.1	431.65
338.309	-0
338.519	71.07
338.728	-42.91
338.937	-311.81
339.146	172.66
339.355	-611.32
339.564	-252.63
339.773	-72.36
339.983	-13.6
340.192	-135.65
340.401	52.32
340.61	41.96
340.819	-27.99
341.028	51.15
341.237	1482.35
341.446	42.62
341.655	107.2
341.864	-17.06
342.073	24.72
342.282	-95.42
342.491	-28.52
342.699	-58.25
342.908	-15.58
343.117	88.65
343.326	131.17
343.535	-196.36
343.744	-33.72
343.953	-41.14
344.162	131.3
344.37	32.67
344.579	-232.84
344.788	70.59
344.997	5.65
345.206	82.08
345.414	4.49
345.623	278.97
345.832	0
346.041	207.11
346.249	18.15
346.458	51.48
346.667	47.8
346.875	98.91
347.084	43.49
347.293	77.75
347.501	-250.24
347.71	13.12
347.918	8.86
348.127	-263.74
348.336	-79.47
348.544	56.67
348.753	-394.03
348.961	0
349.17	-4.63
349.378	111.05
349.587	77.42
349.795	163.11
350.004	646.15
350.212	48.22
350.421	-74.34
350.629	7.25
350.838	15.73
351.046	59.85
351.254	45.89
351.463	-3.66
351.671	-1642.11
351.879	104.1
352.088	115.42
352.296	53.1
352.504	79.84
352.713	-165.18
352.921	-47.24
353.129	7.39
353.338	153.94
353.546	-87.47
353.754	206.13
353.962	354.24
354.171	61.43
354.379	-2715.79
354.587	12.57
354.795	144.63
355.003	70.36
355.212	163.14
355.42	249.06
355.628	228.43
355.836	32.54
356.044	-78.01
356.252	89.41
356.46	3.73
356.668	1200
356.876	11.01
357.084	124.58
357.292	58.95
357.5	-98.75
357.708	43.22
357.916	196.19
358.124	24.49
358.332	-376.12
358.54	43.64
358.748	-280.52
358.956	12.96
359.164	6.8
359.372	144.66
359.58	-0
359.788	66.13
359.996	-42.97
360.203	0
360.411	2.53
360.619	-343.72
360.827	12.59
361.035	88.34
361.242	24.63
361.45	-258.23
361.658	136.49
361.866	67.29
362.073	63.6
362.281	58.95
362.489	-10.84
362.697	30.07
362.904	101.51
363.112	73.66
363.32	-23.39
363.527	-125.22
363.735	-97.3
363.943	1.52
364.15	89.05
364.358	12.02
364.565	33.69
364.773	24.05
364.98	-148.41
365.188	59.61
365.395	26.8
365.603	36.61
365.81	-10.58
366.018	62.04
366.225	41
366.433	62.53
366.64	-33.57
366.848	75.41
367.055	-41.38
367.263	56.47
367.47	28.54
367.677	75.95
367.885	37.25
368.092	34.23
368.299	10.14
368.507	169.37
368.714	350.44
368.921	37.8
369.129	104.06
369.336	5.71
369.543	-20.73
369.751	-6.39
369.958	-113
370.165	20.12
370.372	-82.48
370.579	113.55
370.787	52.57
370.994	82.62
371.201	32.7
371.408	72.17
371.615	37.33
371.822	103.87
372.029	-8.14
372.237	-192
372.444	129.73
372.651	32.96
372.858	-35.19
373.065	83.75
373.272	33.76
373.479	-41.38
373.686	375.36
373.893	-186.41
374.1	-80.38
374.307	-345.32
374.514	184.62
374.721	53.27
374.928	15.58
375.135	-16.47
375.341	6000
375.548	37.75
375.755	-66.47
375.962	94.85
376.169	87.12
376.376	-126.32
376.583	-23.95
376.789	84.24
376.996	131.51
377.203	40.88
377.41	-56.47
377.617	-13.43
377.823	-89.84
378.03	-812.9
378.237	73.92
378.443	-308.57
378.65	837.74
378.857	159.41
379.063	1032.91
379.27	-125.22
379.477	-9.81
379.683	-65.4
379.89	49.63
380.097	11.74
380.303	53.13
380.51	71.45
380.716	59.46
380.923	-28.35
381.129	47.72
381.336	-160.63
381.542	36.12
381.749	94.21
381.955	91.9
382.162	81.76
382.368	38.88
382.575	94.57
382.781	827.59
382.988	-71.13
383.194	-2.72
383.4	0
383.607	66.6
383.813	4.43
384.02	1.21
384.226	-7.52
384.432	-50.46
384.639	52.45
384.845	-1139.24
385.051	51.84
385.257	-18.02
385.464	71.17
385.67	102.19
385.876	82.94
386.082	-93.56
386.289	58.09
386.495	30.62
386.701	15.64
386.907	15.35
387.113	37.4
387.319	72.63
387.526	15.64
387.732	122.83
387.938	172.8
388.144	41.74
388.35	51.17
388.556	44.18
388.762	46.75
388.968	-446.51
389.174	25.53
389.38	90.71
389.586	-17.3
389.792	21.98
389.998	-64.79
390.204	-125.95
390.41	62.37
390.616	60.56
390.822	-69.53
391.028	58.32
391.234	70.33
391.439	-582.52
391.645	2.01
391.851	109.4
392.057	-20.65
392.263	57.43
392.469	26.33
392.674	-24.29
392.88	38.33
393.086	-12.93
393.292	41.68
393.498	-140.6
393.703	35.79
393.909	50.78
394.115	131.44
394.32	-22.53
394.526	44.16
394.732	65.27
394.937	32.34
395.143	77.73
395.349	-49.24
395.554	-42.21
395.76	31.44
395.965	-46.56
396.171	1.52
396.377	2.35
396.582	52.71
396.788	11.05
396.993	64.16
397.199	-27.3
397.404	37.33
397.61	13.52
397.815	-7.62
398.021	-56.83
398.226	-40.6
398.431	15.55
398.637	28
398.842	57.22
399.048	15.8
399.253	53.2
399.458	-0.77
399.664	-8.88
399.869	13.61
400.074	23.13
400.28	20.31
400.485	-27.93
400.69	-21.19
400.896	-18.31
401.101	19.74
401.306	6.74
401.511	11.76
401.716	17.04
401.922	18.23
402.127	-11.01
402.332	-29.88
402.537	2.03
402.742	15.63
402.947	31.53
403.153	8.05
403.358	15.66
403.563	21.54
403.768	19.86
403.973	-9.35
404.178	9.41
404.383	-7.06
404.588	10.4
404.793	13.58
404.998	11.63
405.203	12.22
405.408	5.4
405.613	6.01
405.818	1.61
406.023	2.52
406.228	-3.75
406.433	3.53
406.638	6.2
406.842	14.4
407.047	11.21
407.252	23.04
407.457	11.48
407.662	9.08
407.867	6.07
408.071	4.47
408.276	1.97
408.481	-1.21
408.686	10.83
408.891	9.42
409.095	15.81
409.3	6.67
409.505	15.82
409.709	3.86
409.914	2.73
410.119	5.52
410.323	-0.91
410.528	3.8
410.733	9.37
410.937	-0.85
411.142	3.82
411.346	4.57
411.551	1.98
411.756	8.24
411.96	7.84
412.165	-1.08
412.369	6.11
412.574	3.13
412.778	4.14
412.983	6.56
413.187	1.46
413.392	1.9
413.596	1.47
413.8	5.53
414.005	8.7
414.209	2.21
414.414	4.17
414.618	4.92
414.822	2.05
415.027	5.09
415.231	5.59
415.435	5.51
415.64	4.69
415.844	2.79
416.048	6.77
416.252	4.27
416.457	4.61
416.661	3.28
416.865	2.72
417.069	2.53
417.274	3.77
417.478	5.18
417.682	2.85
417.886	1.73
418.09	5.12
418.294	4.33
418.498	3.73
418.702	6.28
418.907	4.1
419.111	2.19
419.315	4.61
419.519	3.67
419.723	0.67
419.927	2.88
420.131	4.75
420.335	3.4
420.539	2.54
420.743	5.23
420.947	2.24
421.151	2.03
421.355	2.66
421.558	3.47
421.762	2.4
421.966	2.89
422.17	3.59
422.374	3.58
422.578	4.06
422.782	2.78
422.985	2.04
423.189	3.33
423.393	3.38
423.597	2.98
423.801	3.02
424.004	2.17
424.208	3.92
424.412	3.02
424.615	2.85
424.819	4.03
425.023	2.91
425.226	2.87
425.43	3.32
425.634	3.08
425.837	3.17
426.041	2.57
426.245	3.36
426.448	2.02
426.652	3.04
426.855	2.22
427.059	2.27
427.262	2.68
427.466	2.26
427.669	2.67
427.873	2.66
428.076	3.5
428.28	2.52
428.483	2.57
428.687	2.15
428.89	3.06
429.094	2.66
429.297	3.1
429.5	2.76
429.704	2.84
429.907	2.69
430.11	2.47
430.314	3.62
430.517	2.4
430.72	2.9
430.924	3.12
431.127	3.21
431.33	2.69
431.533	2.77
431.737	2.89
431.94	2.4
432.143	2.72
432.346	2.58
432.549	2.57
432.752	2.66
432.956	2.98
433.159	2.4
433.362	2.05
433.565	2.84
433.768	3.11
433.971	2.37
434.174	2.15
434.377	2.07
434.58	2.75
434.783	2.1
434.986	2.38
435.189	3.11
435.392	2.64
435.595	2.88
435.798	2.87
436.001	2.9
436.204	2.65
436.407	2.38
436.61	2.66
436.813	3.27
437.016	2.38
437.219	2.4
437.421	2.73
437.624	2.72
437.827	2.39
438.03	2.69
438.233	2.23
438.435	2.67
438.638	3.1
438.841	2.5
439.044	2.53
439.246	2.79
439.449	2.28
439.652	2.7
439.854	3.14
440.057	2.64
440.26	2.66
440.462	2.77
440.665	2.01
440.868	2.94
441.07	2.44
441.273	2.68
441.475	2.5
441.678	2.86
441.88	2.67
442.083	2.42
442.286	2.56
442.488	2.49
442.69	2.72
442.893	2.48
443.095	2.65
443.298	2.29
443.5	2.28
443.703	2.27
443.905	2.59
444.108	2.7
444.31	2.48
444.512	2.6
444.715	2.61
444.917	2.32
445.119	2.85
445.322	2.73
445.524	2.87
445.726	2.54
445.928	2.69
446.131	2.7
446.333	2.64
446.535	2.86
446.737	2.78
446.94	3.16
447.142	2.57
447.344	2.72
447.546	2.69
447.748	2.78
447.95	2.74
448.152	2.82
448.354	3.08
448.557	2.85
448.759	3.01
448.961	2.74
449.163	3.23
449.365	2.73
449.567	2.91
449.769	2.59
449.971	3.13
450.173	2.86
450.375	2.9
450.577	3.22
450.779	2.81
450.981	2.9
451.182	2.84
451.384	2.88
451.586	3.23
451.788	2.83
451.99	3.02
452.192	2.58
452.394	3.33
452.595	3.45
452.797	3.16
452.999	2.92
453.201	2.72
453.402	3.25
453.604	2.97
453.806	3.19
454.008	3.06
454.209	3.33
454.411	3
454.613	3.13
454.814	3.39
455.016	3.3
455.218	3.34
455.419	3.25
455.621	3.52
455.822	3.05
456.024	3.22
456.225	3.76
456.427	3.66
456.629	2.78
456.83	3.54
457.032	3.65
457.233	2.55
457.435	3.14
457.636	3.56
457.837	3.26
458.039	2.88
458.24	3.43
458.442	2.98
458.643	2.71
458.844	3.68
459.046	2.99
459.247	3.81
459.448	3.05
459.65	3.55
459.851	3.36
460.052	3.46
460.254	3.64
460.455	3.49
460.656	3.75
460.857	2.98
461.059	3.02
461.26	2.93
461.461	2.58
461.662	3.05
461.863	3.81
462.065	3.96
462.266	2.83
462.467	3.57
462.668	3.41
462.869	2.93
463.07	3.69
463.271	3.11
463.472	2.91
463.673	2.92
463.874	3.71
464.075	4.41
464.276	4.06
464.477	3.43
464.678	3.92
464.879	3.82
465.08	3.53
465.281	4.56
465.482	2.98
465.683	2.67
465.884	3.47
466.085	4.25
466.285	3
466.486	3.96
466.687	3.68
466.888	3.67
467.089	3.7
467.29	3.29
467.49	4.02
467.691	3.52
467.892	3.65
468.093	3.44
468.293	3.05
468.494	2.8
468.695	3.04
468.895	3.92
469.096	2.79
469.297	4.16
469.497	4.45
469.698	4.31
469.898	2.12
470.099	4.18
470.3	4.45
470.5	4.41
470.701	4.68
470.901	4.09
471.102	3.96
471.302	3.51
471.503	3.51
471.703	5.82
471.904	3.23
472.104	3.36
472.305	3.69
472.505	4.35
472.705	3.8
472.906	3.9
473.106	5.77
473.306	2.9
473.507	4.29
473.707	4.17
473.907	4.24
474.108	2.62
474.308	3.53
474.508	4.11
474.709	3.39
474.909	3.84
475.109	2.65
475.309	4.42
475.51	2.38
475.71	3.5
475.91	3.33
476.11	3.35
476.31	4.38
476.51	4.72
476.71	2.95
476.911	5.98
477.111	3.4
477.311	3.19
477.511	2.64
477.711	3.45
477.911	2.87
478.111	4.61
478.311	2.72
478.511	4.8
478.711	3.94
478.911	4.24
479.111	3.32
479.311	3.9
479.511	5.23
479.711	3.2
479.91	2.63
480.11	4.03
480.31	4.21
480.51	5.51
480.71	3.19
480.91	4.35
481.109	5.49
481.309	3.28
481.509	1.5
481.709	5.42
481.909	3.36
482.108	1.92
482.308	3.1
482.508	3.57
482.707	5.54
482.907	4.59
483.107	3.83
483.306	4.79
483.506	4.58
483.706	4.15
483.905	3.3
484.105	6.27
484.304	4.21
484.504	2.15
484.704	4.28
484.903	3.24
485.103	3.63
485.302	4.49
485.502	5.72
485.701	4.32
485.901	4.63
486.1	3.76
486.299	3.56
486.499	2.42
486.698	3.94
486.898	3.92
487.097	4.16
487.296	2.84
487.496	4.15
487.695	4.33
487.894	2.67
488.094	4.59
488.293	4.33
488.492	5.62
488.692	4.43
488.891	4.66
489.09	4.12
489.289	3.69
489.489	2.76
489.688	2.71
489.887	3.87
490.086	3.63
490.285	4.81
490.484	5.23
490.683	4.17
490.883	4.78
491.082	5
491.281	3.04
491.48	3.28
491.679	4.27
491.878	4.47
492.077	4.89
492.276	4.29
492.475	4.1
492.674	4.25
492.873	2.22
493.072	2.94
493.271	3.68
493.47	3.34
493.669	3.31
493.867	3.49
494.066	2.96
494.265	5.76
494.464	4.67
494.663	2.82
494.862	3.41
495.06	4.09
495.259	2.78
495.458	4.16
495.657	3.84
495.856	4.79
496.054	3.78
496.253	3.97
496.452	3.3
496.65	3.74
496.849	3.36
497.048	3.32
497.246	3.8
497.445	4.02
497.644	3.62
497.842	4.67
498.041	4.16
498.239	3.95
498.438	4.09
498.636	4.8
498.835	4.02
499.034	4.26
499.232	3.86
499.431	4.37
499.629	3.38
499.827	4.41
500.026	3.2
500.224	4.52
500.423	3.53
500.621	4.58
500.82	4.4
501.018	5.13
501.216	4.13
501.415	4.33
501.613	3.72
501.811	3.79
502.01	4.87
502.208	3.85
502.406	5.71
502.604	4.14
502.803	5.07
503.001	5.51
503.199	4.86
503.397	4.54
503.595	4.27
503.794	4.42
503.992	4.22
504.19	4.9
504.388	5.37
504.586	4.8
504.784	4.34
504.982	4.33
505.18	4.86
505.378	5.2
505.576	4.28
505.774	4.03
505.972	5
506.17	5.35
506.368	4.74
506.566	4.54
506.764	4.58
506.962	5.08
507.16	5.02
507.358	4.49
507.556	5.48
507.754	5.62
507.952	4.49
508.15	5
508.347	4.89
508.545	5.33
508.743	5.27
508.941	4.89
509.139	5.78
509.336	4.81
509.534	5.79
509.732	4.93
509.93	5.06
510.127	5.34
510.325	5.12
510.523	5.79
510.72	5.27
510.918	6.17
511.116	5.17
511.313	5.23
511.511	5.28
511.708	5.25
511.906	5.98
512.104	6.07
512.301	5.62
512.499	5.86
512.696	5.74
512.894	4.77
513.091	5.59
513.289	5.36
513.486	5.95
513.683	5.15
513.881	5.7
514.078	5.95
514.276	5.53
514.473	5.5
514.67	6.06
514.868	6.16
515.065	5.93
515.262	6.58
515.46	5.51
515.657	6.22
515.854	5.87
516.052	5.46
516.249	6.7
516.446	6.38
516.643	6.44
516.84	6.02
517.038	6.08
517.235	6.15
517.432	6.09
517.629	6.76
517.826	6.3
518.023	6.63
518.221	6.61
518.418	7.1
518.615	6.31
518.812	6.39
519.009	6.54
519.206	6.76
519.403	6.53
519.6	6.48
519.797	6.47
519.994	6.1
520.191	6.77
520.388	7.16
520.585	6.79
520.782	6.76
520.978	6.8
521.175	6.71
521.372	6.8
521.569	6.69
521.766	6.45
521.963	6.53
522.159	7.43
522.356	7.12
522.553	7.23
522.75	7.26
522.947	6.91
523.143	6.69
523.34	7.19
523.537	7.26
523.733	7.29
523.93	7.1
524.127	7.18
524.323	7.16
524.52	6.91
524.717	7.01
524.913	7.28
525.11	7.47
525.306	7.32
525.503	7.19
525.7	7.43
525.896	6.87
526.093	7.67
526.289	7.61
526.486	7.41
526.682	6.94
526.878	7.54
527.075	7.69
527.271	7.75
527.468	7.6
527.664	7.52
527.861	7.59
528.057	7.24
528.253	7.84
528.45	7.33
528.646	7.22
528.842	7.46
529.039	7.28
529.235	7.57
529.431	7.76
529.627	7.9
529.824	7.96
530.02	7.76
530.216	8.24
530.412	7.82
530.608	7.63
530.804	8.16
531.001	8.05
531.197	8.13
531.393	7.65
531.589	7.59
531.785	7.95
531.981	7.56
532.177	8.37
532.373	8.1
532.569	8.11
532.765	7.78
532.961	7.8
533.157	7.95
533.353	7.69
533.549	8.23
533.745	8.41
533.941	8.09
534.137	7.77
534.333	8.15
534.529	8.26
534.725	7.99
534.92	8.05
535.116	8.29
535.312	8.27
535.508	8.16
535.704	7.66
535.899	8.14
536.095	8.3
536.291	8.59
536.487	7.86
536.682	8.29
536.878	8.29
537.074	8.53
537.269	8.04
537.465	8.03
537.661	8.24
537.856	8.18
538.052	8.35
538.248	8.32
538.443	8.39
538.639	8.25
538.834	8.18
539.03	8.76
539.225	9.12
539.421	8.46
539.616	8.52
539.812	8.38
540.007	8.82
540.203	8.63
540.398	8.36
540.593	8.73
540.789	8.66
540.984	8.62
541.18	8.2
541.375	8.27
541.57	8.7
541.766	8.97
541.961	8.61
542.156	8.81
542.352	9.1
542.547	8.66
542.742	8.51
542.937	9.03
543.133	9.14
543.328	9.06
543.523	8.83
543.718	8.64
543.913	9.02
544.108	8.64
544.304	8.98
544.499	9.17
544.694	8.87
544.889	9.25
545.084	9.31
545.279	9.4
545.474	9.14
545.669	8.97
545.864	8.8
546.059	8.98
546.254	9.03
546.449	9.28
546.644	8.83
546.839	9.08
547.034	8.92
547.229	9.23
547.424	9.15
547.618	9.05
547.813	9.43
548.008	9.54
548.203	9.69
548.398	9.45
548.593	9.39
548.787	9.31
548.982	9.16
549.177	9.24
549.372	9.49
549.566	9.42
549.761	9.52
549.956	9.46
550.15	9.07
550.345	9.52
550.54	10.18
550.734	9.35
550.929	9.26
551.124	9.29
551.318	9.86
551.513	9.44
551.707	9.62
551.902	9.85
552.096	10.03
552.291	9.97
552.485	9.8
552.68	9.98
552.874	9.81
553.069	10.08
553.263	10.14
553.458	10.18
553.652	9.9
553.847	9.74
554.041	10.06
554.235	9.78
554.43	9.57
554.624	9.95
554.818	10.04
555.013	9.61
555.207	10.26
555.401	10.07
555.595	10.14
555.79	9.44
555.984	9.97
556.178	9.9
556.372	9.67
556.566	9.92
556.761	10.08
556.955	10.32
557.149	10.16
557.343	9.97
557.537	10.28
557.731	10.28
557.925	10.32
558.119	10.31
558.313	9.93
558.507	10.56
558.701	10.47
558.895	10.55
559.089	10.61
559.283	10.02
559.477	10.93
559.671	10.59
559.865	10.23
560.059	10.35
560.253	10.15
560.447	10.44
560.641	10.63
560.835	10.8
561.028	10.51
561.222	10.83
561.416	10.8
561.61	10.3
561.804	10.29
561.997	10.29
562.191	10.84
562.385	10.65
562.579	10.57
562.772	10.94
562.966	10.87
563.16	10.36
563.353	10.85
563.547	10.42
563.741	10.98
563.934	10.73
564.128	10.8
564.321	10.66
564.515	11.04
564.708	11.06
564.902	11.06
565.095	11.14
565.289	10.99
565.482	11.13
565.676	11.05
565.869	10.64
566.063	11.14
566.256	11.1
566.45	11.06
566.643	10.77
566.836	11.15
567.03	11.44
567.223	10.99
567.416	11.54
567.61	11.16
567.803	11.2
567.996	11.11
568.19	11.03
568.383	11.11
568.576	11.13
568.769	11
568.963	11.44
569.156	10.94
569.349	11.1
569.542	11.34
569.735	11.18
569.928	10.68
570.121	11.18
570.315	11.48
570.508	11.08
570.701	11.72
570.894	11.44
571.087	11.28
571.28	11.89
571.473	11.49
571.666	11.16
571.859	10.95
572.052	11.46
572.245	11.21
572.438	11.89
572.631	11.72
572.824	11.48
573.016	11.86
573.209	11.65
573.402	11.49
573.595	11.28
573.788	11.58
573.981	11.37
574.173	11.66
574.366	11.9
574.559	11.8
574.752	11.37
574.944	11.3
575.137	11.62
575.33	11.51
575.523	11.64
575.715	11.39
575.908	11.91
576.101	11.72
576.293	11.63
576.486	11.69
576.678	11.84
576.871	11.69
577.063	11.62
577.256	11.79
577.449	11.72
577.641	11.86
577.834	11.47
578.026	11.91
578.219	11.45
578.411	11.46
578.603	12.05
578.796	11.9
578.988	11.77
579.181	11.74
579.373	11.97
579.565	12.17
579.758	11.88
579.95	11.76
580.142	11.61
580.335	12
580.527	11.87
580.719	11.97
580.912	12.07
581.104	12.11
581.296	12.22
581.488	11.85
581.68	12.17
581.873	12.26
582.065	12.27
582.257	11.92
582.449	12
582.641	11.77
582.833	11.78
583.025	11.89
583.217	12.06
583.41	12.07
583.602	11.91
583.794	11.39
583.986	12.43
584.178	11.86
584.37	11.94
584.562	12.37
584.753	12.19
584.945	12.6
585.137	11.73
585.329	12.02
585.521	12.68
585.713	12.37
585.905	12.42
586.097	12.28
586.289	12.27
586.48	12.07
586.672	11.83
586.864	12.14
587.056	12.27
587.247	11.79
587.439	12.24
587.631	12.33
587.823	12.42
588.014	12.27
588.206	12.24
588.398	12.47
588.589	12.44
588.781	12.28
588.972	12.16
589.164	12.62
589.356	12.94
589.547	12.12
589.739	12.39
589.93	12.37
590.122	12.31
590.313	12.73
590.505	12.41
590.696	12.54
590.888	12.45
591.079	12.92
591.271	12.67
591.462	12.57
591.653	12.85
591.845	12.96
592.036	13.21
592.227	12.16
592.419	12.65
592.61	12.73
592.801	12.78
592.993	12.72
593.184	13.19
593.375	12.79
593.566	12.94
593.758	12.65
593.949	12.76
594.14	12.64
594.331	13.02
594.522	13.25
594.713	13.02
594.905	13.02
595.096	13.3
595.287	13.59
595.478	13.05
595.669	13.05
595.86	12.81
596.051	12.96
596.242	13.66
596.433	12.81
596.624	13.29
596.815	13.04
597.006	13.5
597.197	13.19
597.388	13.13
597.579	13.23
597.77	13.41
597.96	13.15
598.151	13.54
598.342	13.2
598.533	13.65
598.724	13.56
598.915	13.99
599.105	13.51
599.296	13.52
599.487	13.4
599.678	13.54
599.868	13.5
600.059	13.98
600.25	13.58
600.44	13.93
600.631	13.68
600.822	13.58
601.012	13.86
601.203	14
601.394	13.71
601.584	13.6
601.775	13.84
601.965	14.27
602.156	13.75
602.346	14.07
602.537	14.54
602.727	13.86
602.918	13.99
603.108	13.72
603.299	13.54
603.489	13.9
603.679	14.06
603.87	14.03
604.06	14.28
604.251	13.74
604.441	13.64
604.631	14.53
604.822	13.78
605.012	13.8
605.202	13.67
605.392	13.99
605.583	14.14
605.773	14.7
605.963	14.19
606.153	14.11
606.344	13.83
606.534	13.99
606.724	14.66
606.914	14.02
607.104	14.21
607.294	14.28
607.484	13.97
607.674	14.76
607.864	14.23
608.054	13.66
608.245	14.41
608.435	14.04
608.625	14.5
608.814	13.9
609.004	14.4
609.194	14.1
609.384	14.11
609.574	14.37
609.764	14.74
609.954	14.37
610.144	13.95
610.334	14.2
610.524	13.99
610.713	14.05
610.903	14.24
611.093	14.46
611.283	15.1
611.473	14.15
611.662	14.15
611.852	14.19
612.042	13.73
612.231	13.96
612.421	14.24
612.611	13.8
612.8	14.96
612.99	14.47
613.18	14.47
613.369	14.31
613.559	14.42
613.748	14.41
613.938	14.47
614.128	13.87
614.317	14.36
614.507	15.01
614.696	14.52
614.886	14.7
615.075	14.85
615.264	14.85
615.454	15.16
615.643	14.73
615.833	14.29
616.022	15.09
616.211	14.99
616.401	14.47
616.59	14.86
616.779	14.9
616.969	14.27
617.158	14.53
617.347	15.36
617.537	14.36
617.726	14.23
617.915	14.27
618.104	13.58
618.293	14.8
618.483	14.34
618.672	14.49
618.861	14.94
619.05	14.57
619.239	14.35
619.428	14.75
619.617	14.86
619.806	14.63
619.995	14.49
620.184	13.95
620.373	14.9
620.562	14.76
620.751	13.91
620.94	14.74
621.129	15.32
621.318	14.53
621.507	14.87
621.696	14.23
621.885	14.6
622.074	14.7
622.263	15.07
622.452	15.2
622.64	14.53
622.829	14.29
623.018	14.44
623.207	14.18
623.396	15.12
623.584	14.84
623.773	14.75
623.962	14.63
624.15	15.37
624.339	15.46
624.528	14.45
624.716	14.95
624.905	15.33
625.094	15.26
625.282	14.82
625.471	14.3
625.659	14.86
625.848	14.75
626.037	15.51
626.225	15.52
626.414	14.41
626.602	14.43
626.791	15.78
626.979	15.4
627.167	15.31
627.356	15.38
627.544	15.9
627.733	15.75
627.921	15.28
628.109	14.74
628.298	15.08
628.486	14.49
628.674	15.28
628.863	15.63
629.051	16.1
629.239	15.58
629.428	14.47
629.616	15.61
629.804	15.5
629.992	14.98
630.18	15.03
630.369	15.64
630.557	15.14
630.745	14.87
630.933	16.05
631.121	15.66
631.309	15.34
631.497	15.59
631.685	14.92
631.873	15.02
632.061	14.95
632.249	15.07
632.437	16.28
632.625	15.26
632.813	16.18
633.001	16.07
633.189	15.9
633.377	16.71
633.565	14.7
633.753	15.33
633.941	14.72
634.129	14.44
634.316	15.05
634.504	15.86
634.692	15.47
634.88	15.96
635.068	16.35
635.255	15.07
635.443	16
635.631	14.53
635.818	16.15
636.006	15.48
636.194	15.85
636.382	14.75
636.569	15.58
636.757	15.4
636.944	16.54
637.132	16.29
637.32	16.35
637.507	15.01
637.695	14.68
637.882	15.7
638.07	15.21
638.257	14.76
638.445	14.52
638.632	14.87
638.82	15.12
639.007	14.64
639.194	15.29
639.382	15.73
639.569	14.31
639.757	15.57
639.944	13.68
640.131	14.12
640.319	14.68
640.506	14.05
640.693	14.37
640.88	15.64
641.068	15.55
641.255	14.96
641.442	14.78
641.629	14.12
641.817	15.14
642.004	14.43
642.191	14.87
642.378	14.71
642.565	14.89
642.752	15.39
642.939	13.9
643.126	14.3
643.313	15.02
643.501	15.68
643.688	15.46
643.875	15.03
644.062	13.64
644.249	15.49
644.435	14.11
644.622	14.19
644.809	14.23
644.996	13.72
645.183	13.8
645.37	14.55
645.557	14.78
645.744	13.97
645.931	14.54
646.117	13.84
646.304	13.89
646.491	12.87
646.678	14.2
646.865	13.09
647.051	14.98
647.238	13.84
647.425	13.42
647.611	13.83
647.798	13.87
647.985	13.29
648.171	14.28
648.358	13.12
648.545	13.86
648.731	13.15
648.918	13.51
649.104	12.31
649.291	13.9
649.477	14.75
649.664	14.24
649.85	13.86
650.037	14.11
650.223	12.69
650.41	13.49
650.596	13.12
650.783	13.71
650.969	13.25
651.155	13.19
651.342	11.93
651.528	13.51
651.714	12.52
651.901	12.93
652.087	12.71
652.273	12.94
652.46	13.92
652.646	13.93
652.832	12.37
653.018	12.97
653.204	13.63
653.391	13.51
653.577	13.14
653.763	15.03
653.949	13.26
654.135	14.51
654.321	13.64
654.507	13.41
654.693	12.76
654.879	13.56
655.065	12.54
655.252	12.5
655.438	12.61
655.624	13.12
655.809	12.99
655.995	12.61
656.181	14
656.367	12.98
656.553	14.36
656.739	13.25
656.925	14.03
657.111	12.7
657.297	13.63
657.482	13.81
657.668	12.91
657.854	13.31
658.04	12.08
658.226	11.98
658.411	13.64
658.597	13.88
658.783	13.78
658.968	13.98
659.154	12.07
659.34	12.77
659.525	12.75
659.711	12.9
659.897	11.9
660.082	10.99
660.268	12.89
660.453	12.14
660.639	12.11
660.824	13.3
661.01	11.69
661.195	11.83
661.381	12.04
661.566	13.23
661.752	12.88
661.937	12.14
662.123	11.74
662.308	12.49
662.494	12.42
662.679	11
662.864	11.84
663.05	10.67
663.235	11.84
663.42	13.26
663.605	11.87
663.791	12.39
663.976	11.06
664.161	12.3
664.346	12.41
664.532	11.91
664.717	9.91
664.902	12.59
665.087	12.8
665.272	12.23
665.457	11.77
665.642	11.35
665.828	11.19
666.013	11.33
666.198	9.91
666.383	12.25
666.568	10.68
666.753	11.64
666.938	11.77
667.123	10.51
667.308	12.08
667.493	11.32
667.677	8.44
667.862	9.85
668.047	12.16
668.232	12.47
668.417	12.55
668.602	9.57
668.787	12.25
668.971	9.71
669.156	14.1
669.341	9.41
669.526	11.17
669.711	12.53
669.895	11.47
670.08	11.06
670.265	11.2
670.449	11.17
670.634	12.74
670.819	10.51
671.003	10.87
671.188	11.8
671.372	11.91
671.557	13.92
671.742	14.57
671.926	11.98
672.111	11.47
672.295	11.13
672.48	11.45
672.664	11.92
672.849	10.24
673.033	10.64
673.217	9.41
673.402	9.96
673.586	9.65
673.771	11.51
673.955	13.42
674.139	12.82
674.324	13.1
674.508	9.11
674.692	12.79
674.876	11.84
675.061	12.25
675.245	15.28
675.429	12.79
675.613	11.88
675.798	14.57
675.982	14.04
676.166	12.29
676.35	12.35
676.534	13.92
676.718	12.39
676.902	16.73
677.087	11.51
677.271	13.36
677.455	15.15
677.639	9.65
677.823	15.29
678.007	14.02
678.191	15.03
678.375	15.69
678.559	14.78
678.742	13.87
678.926	17.23
679.11	17.12
679.294	16.15
679.478	12.95
679.662	14.98
679.846	15.89
680.029	19.77
680.213	16.11
680.397	17.54
680.581	17.04
680.765	16.98
680.948	18.1
681.132	16.19
681.316	14.13
681.499	17
681.683	20.15
681.867	17.63
682.05	19.81
682.234	15.73
682.417	21.58
682.601	16.95
682.785	18.13
682.968	17.02
683.152	19.75
683.335	15.25
683.519	16.7
683.702	17.93
683.886	21.57
684.069	21.62
684.253	20.74
684.436	21.06
684.619	21.01
684.803	20.85
684.986	19.82
685.169	23.22
685.353	22.31
685.536	19.97
685.719	22.17
685.903	22.07
686.086	21.37
686.269	20.89
686.452	17.85
686.636	25.44
686.819	23.81
687.002	24.53
687.185	21.61
687.368	26.43
687.551	21.77
687.734	24.52
687.918	26.43
688.101	24.11
688.284	23.89
688.467	25.06
688.65	24.49
688.833	25.98
689.016	24.27
689.199	23.3
689.382	25.68
689.565	25.89
689.748	25.22
689.93	24.1
690.113	26.07
690.296	25.19
690.479	26.32
690.662	21.47
690.845	21.49
691.028	24.69
691.21	24.91
691.393	22.13
691.576	26.12
691.759	25.63
691.941	27.59
692.124	29.64
692.307	30.55
692.489	28.01
692.672	27.01
692.855	27.89
693.037	29.93
693.22	28.44
693.403	24.95
693.585	25.77
693.768	23.51
693.95	25.08
694.133	27.74
694.315	29.11
694.498	31.75
694.68	25.91
694.863	28.6
695.045	27.34
695.228	31.48
695.41	29.39
695.592	30.48
695.775	28.72
695.957	31.48
696.139	31.14
696.322	20.27
696.504	30.83
696.686	30.01
696.869	28.24
697.051	31.61
697.233	33.11
697.415	31.71
697.597	30.55
697.78	28.99
697.962	30.5
698.144	34.1
698.326	33.06
698.508	34.87
698.69	32.95
698.872	30.08
699.055	34.55
699.237	32.15
699.419	31.75
699.601	28.33
699.783	36.86
699.965	33.65
700.147	31.05
700.329	32.47
700.51	34.12
700.692	32.65
700.874	29.47
701.056	35.88
701.238	37.21
701.42	37.48
701.602	34.84
701.783	34.82
701.965	30.83
702.147	37.71
702.329	31.74
702.511	37.8
702.692	31.15
702.874	29.86
703.056	33.6
703.237	34.5
703.419	32.14
703.601	41.3
703.782	37.52
703.964	37.52
704.146	39.37
704.327	39.09
704.509	45.68
704.69	33.49
704.872	41.96
705.053	35.8
705.235	32.7
705.416	26.25
705.598	34.84
705.779	31.13
705.961	33.21
706.142	35.06
706.323	38.93
706.505	40.64
706.686	37.11
706.867	38.26
707.049	26.4
707.23	27.45
707.411	40.71
707.593	36.29
707.774	36.97
707.955	37.9
708.136	36.15
708.318	40.73
708.499	41.95
708.68	35.41
708.861	40.8
709.042	32.69
709.223	38.84
709.404	36.22
709.585	41.98
709.767	27.89
709.948	37.79
710.129	44.46
710.31	29.11
710.491	32.15
710.672	32.62
710.853	30.53
711.034	40.68
711.214	33.56
711.395	33.3
711.576	34.2
711.757	37.41
711.938	46.29
712.119	38.23
712.3	36.59
712.481	31.39
712.661	37.21
712.842	34.09
713.023	36.77
713.204	37.25
713.384	34.05
713.565	28.82
713.746	29.21
713.926	37.91
714.107	31.77
714.288	32.18
714.468	39.63
714.649	42.47
714.83	35.43
715.01	48.31
715.191	33.86
715.371	41.4
715.552	39.72
715.732	38.81
715.913	34.01
716.093	34.83
716.274	35.07
716.454	46.77
716.635	44.1
716.815	30.41
716.995	42.1
717.176	39.03
717.356	29.2
717.536	35.32
717.717	31.11
717.897	35.87
718.077	38.95
718.258	37.19
718.438	30.48
718.618	42.97
718.798	38.99
718.978	37.96
719.159	26.07
719.339	52.15
719.519	37.17
719.699	45.87
719.879	43.77
720.059	30.94
720.239	49.78
720.419	41.36
720.599	33.8
720.779	49.47
720.959	45.57
721.139	43.37
721.319	45.83
721.499	60.41
721.679	26.36
721.859	39.94
722.039	36.07
722.219	44.13
722.399	37.66
722.579	31.37
722.759	28.16
722.938	38.31
723.118	37.61
723.298	34.03
723.478	34.89
723.658	43.98
723.837	42.29
724.017	39.04
724.197	38.29
724.376	34.52
724.556	34.66
724.736	35.7
724.915	53.69
725.095	43.98
725.275	44.48
725.454	34.03
725.634	41.27
725.813	40.14
725.993	51.65
726.172	50.06
726.352	45.13
726.531	53.96
726.711	46.66
726.89	36.01
727.07	52.39
727.249	28.77
727.428	60.38
727.608	34.38
727.787	43.2
727.966	41.38
728.146	43.37
728.325	54.56
728.504	40.99
728.684	3.61
728.863	50.95
729.042	17.89
729.221	36.56
729.4	39.11
729.58	44.81
729.759	42.09
729.938	66.29
730.117	46.07
730.296	40.32
730.475	21.71
730.654	46.38
730.833	35.65
731.013	52.66
731.192	40.43
731.371	33.95
731.55	67.75
731.729	45.25
731.907	52.09
732.086	35.92
732.265	22.79
732.444	36.2
732.623	47.78
732.802	41.61
732.981	30.1
733.16	47.69
733.339	40.07
733.517	41.28
733.696	33.62
733.875	38.96
734.054	51.28
734.232	64.31
734.411	59.55
734.59	29.2
734.768	39.99
734.947	40.38
735.126	32.35
735.304	56.99
735.483	58.9
735.662	57.68
735.84	32.55
736.019	44.62
736.197	30.87
736.376	51.53
736.554	69.49
736.733	43.39
736.911	45.88
737.09	28.29
737.268	44.21
737.447	53.07
737.625	48.35
737.803	52.78
737.982	89.42
738.16	56
738.338	45.54
738.517	44.78
738.695	51.54
738.873	45.07
739.052	35.19
739.23	34.29
739.408	29.97
739.586	63.13
739.764	51.67
739.943	32.93
740.121	53.19
740.299	49.09
740.477	45.91
740.655	55.16
740.833	43.03
741.011	65.55
741.189	42.88
741.367	39.26
741.545	26.15
741.723	28.99
741.901	34.67
742.079	35.13
742.257	48.29
742.435	50.35
742.613	64.22
742.791	58.13
742.969	27.89
743.147	35.56
743.325	35.82
743.503	42.88
743.68	53.95
743.858	56.39
744.036	42.68
744.214	52.56
744.391	2.33
744.569	14.41
744.747	37.31
744.925	68.59
745.102	68.89
745.28	34.3
745.458	67.64
745.635	51.36
745.813	66.63
745.99	16.92
746.168	32.76
746.345	81.67
746.523	29.59
746.7	59.37
746.878	58
747.055	64.69
747.233	34.81
747.41	71.64
747.588	82.63
747.765	61.13
747.943	76.93
748.12	11.51
748.297	51.05
748.475	72.95
748.652	29.46
748.829	46.28
749.007	58.42
749.184	28.36
749.361	41.17
749.538	58.79
749.716	60.55
749.893	58.12
750.07	53.47
750.247	70.75
750.424	57.24
750.601	78.91
750.778	75.93
750.956	58.16
751.133	38.8
751.31	49.27
751.487	38.76
751.664	42.89
751.841	12.74
752.018	49.04
752.195	34.39
752.372	34.9
752.549	39.01
752.726	44.17
752.902	75.61
753.079	33.4
753.256	73.68
753.433	61.13
753.61	61.8
753.787	38.38
753.964	21.93
754.14	42.88
754.317	62.04
754.494	63.99
754.671	63.58
754.847	38.51
755.024	46.38
755.201	56.39
755.377	89.68
755.554	55.84
755.73	-0.9
755.907	82.16
756.084	61.93
756.26	65.74
756.437	58.79
756.613	47.13
756.79	52.15
756.966	24.61
757.143	48.4
757.319	48.46
757.496	80.27
757.672	44.81
757.849	78.01
758.025	45.28
758.201	102.38
758.378	57.64
758.554	38.47
758.73	34.87
758.907	44.56
759.083	32.96
759.259	49.68
759.435	71.83
759.612	39.96
759.788	18.99
759.964	24.63
760.14	48.64
760.316	23.3
760.493	13.98
760.669	83.17
760.845	49.55
761.021	-46.47
761.197	90.67
761.373	52.58
761.549	25.92
761.725	70.71
761.901	35.72
762.077	53.79
762.253	-5.86
762.429	60.78
762.605	36.76
762.781	18.17
762.957	54.18
763.133	67.1
763.308	48.92
763.484	67.96
763.66	37.96
763.836	58.42
764.012	26.51
764.187	17.75
764.363	79.65
764.539	33.14
764.715	46.88
764.89	27.18
765.066	62.7
765.242	54.48
765.417	3.88
765.593	77.22
765.769	43.92
765.944	62.73
766.12	72.93
766.295	20.92
766.471	74.18
766.646	50.5
766.822	107.33
766.997	37.72
767.173	3.35
767.348	37.87
767.524	-2.39
767.699	28.34
767.875	46.19
768.05	-11.42
768.225	26.05
768.401	45.16
768.576	89.38
768.751	77.76
768.927	75.79
769.102	183.75
769.277	40.83
769.452	30.5
769.628	38.82
769.803	172.48
769.978	152.77
770.153	22.74
770.328	96.67
770.503	35.72
770.679	105.81
770.854	48.63
771.029	39.73
771.204	-7.95
771.379	35.26
771.554	39.19
771.729	49.56
771.904	-4.29
772.079	22.58
772.254	75.49
772.429	132.4
772.604	-9.03
772.779	106.75
772.953	37.91
773.128	27.3
773.303	44.67
773.478	39.96
773.653	38.99
773.828	69.35
774.002	134.06
774.177	61.16
774.352	459.13
774.527	46.34
774.701	12.67
774.876	106.56
775.051	-109.09
775.225	115.83
775.4	58.76
775.575	15.91
775.749	15.7
775.924	90.57
776.098	61.95
776.273	81.38
776.447	18.17
776.622	23.67
776.796	14.12
776.971	9.25
777.145	31.34
777.32	84.19
777.494	68.09
777.669	41.49
777.843	39.09
778.017	87.24
778.192	22.34
778.366	65.95
778.54	-13.89
778.715	142.19
778.889	95.29
779.063	63.39
779.237	33.51
779.412	117.41
779.586	-59.55
779.76	-66.42
779.934	23.1
780.108	34.6
780.282	-1056.72
780.457	5.77
780.631	-7
780.805	46.97
780.979	-250.75
781.153	104.35
781.327	94.21
781.501	69.46
781.675	87.46
781.849	8.75
782.023	133.08
782.197	-7.2
782.371	171.43
782.545	-103.07
782.718	-8.48
782.892	115.92
783.066	50.32
783.24	131.17
783.414	6.77
783.588	73.92
783.761	34.99
783.935	109.34
784.109	125.04
784.283	605.22
784.456	147.87
784.63	-9.5
784.804	53.17
784.977	79.12
785.151	-71.78
785.324	-11.57
785.498	2.15
785.672	-35.58
785.845	90.11
786.019	17.06
786.192	-55.63
786.366	28.76
786.539	227.8
786.713	-35.97
786.886	28.87
787.06	47.13
787.233	-5.47
787.406	9.19
787.58	83.59
787.753	23.13
787.926	-26.77
788.1	323.93
788.273	-905.66
788.446	39.85
788.62	1122.58
788.793	33.67
788.966	136.08
789.139	50.7
789.313	-22.89
789.486	2057.14
789.659	68.57
789.832	51.56
790.005	54.47
790.178	424.78
790.351	146.98
790.524	122.03
790.697	100.71
790.87	-54.82
791.044	676.36
791.216	113.67
791.389	-205.35
791.562	65.87
791.735	75.95
791.908	77.92
792.081	47.89
792.254	408.79
792.427	-111.52
792.6	-27.99
792.773	77.94
792.945	-429.85
793.118	50.62
793.291	171.43
793.464	-97.02
793.637	198.77
793.809	77.5
793.982	27.31
794.155	138.11
794.327	-8.67
794.5	55.38
794.673	-0
794.845	4.67
795.018	-225.38
795.19	-202.25
795.363	7.99
795.536	146.34
795.708	-1819.35
795.881	2880
796.053	-10.11
796.226	109.71
796.398	-24.68
796.57	49.24
796.743	66.47
796.915	-59.37
797.088	102.02
797.26	-387.4
797.432	486.08
797.605	231.02
797.777	-140.26
797.949	194.59
798.122	24.03
798.294	349.78
798.466	48
798.638	22.57
798.81	-27.04
798.983	197.47
799.155	61.45
799.327	-5.78
799.499	117.68
799.671	139.93
799.843	58.71
800.015	-14.01
800.187	98.63
800.359	130.38
800.531	44.18
800.703	29.42
800.875	59.88
801.047	4.93
801.219	225.26
801.391	-202.6
801.563	-362.59
801.735	-62.54
801.907	132.52
802.079	143.85
802.251	-619.78
802.422	-151.18
802.594	-140.26
802.766	-20.73
802.938	-107.62
803.11	19.59
803.281	246.36
803.453	26.54
803.625	45.04
803.796	50.73
803.968	17.45
804.14	25.26
804.311	59.42
804.483	126.1
804.654	5.6
804.826	139.18
804.998	654.55
805.169	-97.3
805.341	-172.8
805.512	-126.71
805.684	71.46
805.855	92.48
806.026	646.15
806.198	88.34
806.369	109.91
806.541	72.17
806.712	107.33
806.883	75.2
807.055	11.21
807.226	173.41
807.397	171.43
807.569	297.35
807.74	27.31
807.911	44.08
808.082	-91.48
808.253	47.52
808.425	129.67
808.596	67.42
808.767	284.89
808.938	-70.82
809.109	-130.69
809.28	-346.92
809.451	4.31
809.622	-38.5
809.793	-696.77
809.964	-52.17
810.135	12.2
810.306	152.6
810.477	64.43
810.648	35.89
810.819	114.72
810.99	-5040
811.161	-8.92
811.332	188.11
811.503	2.02
811.674	-369.23
811.844	-240
812.015	44.33
812.186	14.72
812.357	-133.91
812.527	64.58
812.698	-101.28
812.869	543.4
813.04	21.87
813.21	-248.28
813.381	60.7
813.551	-138.59
813.722	144.32
813.893	27.99
814.063	113.15
814.234	-1069.09
814.404	33.69
814.575	235.93
814.745	-392.92
814.916	58.84
815.086	12.63
815.257	-86.1
815.427	117.79
815.598	50.41
815.768	80.88
815.938	66.94
816.109	335.22
816.279	89.48
816.449	155.89
816.62	505.26
816.79	100.57
816.96	-656.6
817.13	41.04
817.301	42.64
817.471	-13.88
817.641	161.96
817.811	166.42
817.981	-6857.14
818.152	318.48
818.322	-71.29
818.492	181.92
818.662	139.93
818.832	41.66
819.002	19.32
819.172	264.77
819.342	367.63
819.512	52.98
819.682	133.12
819.852	-9.88
820.022	85.14
820.192	-444.94
820.362	13.3
820.531	-125.08
820.701	7
820.871	174.92
821.041	-76.02
821.211	-92.13
821.381	74.81
821.55	142.98
821.72	809.3
821.89	147.69
822.059	2.47
822.229	69.62
822.399	102.24
822.568	206.9
822.738	-1609.76
822.908	390.18
823.077	17.71
823.247	82.53
823.416	-988.24
823.586	25.67
823.756	64.23
823.925	288.61
824.095	837.21
824.264	-32.29
824.433	-31.86
824.603	9.18
824.772	39.24
824.942	-182.28
825.111	-144.72
825.28	268.32
825.45	-93.91
825.619	111.8
825.788	-256.18
825.958	-6.88
826.127	33.86
826.296	203.26
826.465	194.82
826.635	101.51
826.804	147.14
826.973	154.98
827.142	-168.51
827.311	-48.32
827.48	88.42
827.649	274.61
827.818	188.98
827.988	-259.2
828.157	7.52
828.326	-127.32
828.495	149.58
828.664	79.38
828.833	110.25
829.002	-313.04
829.17	-56.38
829.339	223.12
829.508	72.87
829.677	269.66
829.846	-9.59
830.015	-57.46
830.184	50.53
830.352	89.9
830.521	146.76
830.69	-643.9
830.859	211.76
831.027	-63.16
831.196	258.74
831.365	16.81
831.533	74.09
831.702	48.58
831.871	49.16
832.039	34.99
832.208	-365.22
832.377	66.14
832.545	37.02
832.714	60.06
832.882	-41.97
833.051	68.37
833.219	8400
833.388	49.07
833.556	-66.47
833.724	161.13
833.893	-4.81
834.061	1705.26
834.23	309.15
834.398	222.39
834.566	218.18
834.735	4114.29
834.903	45.28
835.071	-1680
835.239	-90.49
835.408	170.25
835.576	-251.16
835.744	63.32
835.912	93.47
836.08	91.17
836.249	-181.13
836.417	186.1
836.585	83.38
836.753	3.27
836.921	97.3
837.089	171.43
837.257	-1395.35
837.425	-76.6
837.593	-14.96
837.761	73.07
837.929	-46.91
838.097	-7.33
838.265	45.08
838.433	-55.08
838.601	89.12
838.769	-45.57
838.936	849.44
839.104	-19.62
839.272	76.95
839.44	91.45
839.608	321.95
839.775	48.18
839.943	71.07
840.111	35.89
840.279	33.77
840.446	-483.58
840.614	93.51
840.781	83.48
840.949	38.8
841.117	173.76
841.284	195.71
841.452	14.91
841.619	31.83
841.787	137.27
841.954	83.72
842.122	249.71
842.289	20.58
842.457	-27.2
842.624	101.14
842.792	-210.22
842.959	226.29
843.126	114.93
843.294	54.71
843.461	3.63
843.629	124.8
843.796	64.79
843.963	-102.72
844.13	104.79
844.298	92.66
844.465	24.49
844.632	119.25
844.799	120.6
844.966	-183.83
845.134	67.54
845.301	-4.66
845.468	246.36
845.635	80.57
845.802	127.66
845.969	-39.9
846.136	113.03
846.303	-315.79
846.47	51.13
846.637	-92.31
846.804	821.05
846.971	-90.49
847.138	203.86
847.305	-244.25
847.472	131.31
847.639	36.53
847.805	-76.39
847.972	109.09
848.139	5.15
848.306	1578.95
848.473	967.16
848.639	82.69
848.806	297.6
848.973	80.31
849.14	117.35
849.306	-64.57
849.473	15.89
849.64	-110.77
849.806	-45.93
849.973	311.35
850.139	166.89
850.306	0
850.472	-17.71
850.639	-98.36
850.806	-442.11
850.972	229.57
851.139	3257.14
851.305	60.72
851.471	106.76
851.638	-80.98
851.804	143.28
851.971	13.3
852.137	-11.52
852.303	-40.85
852.47	-0
852.636	28.71
852.802	396.85
852.968	168.51
853.135	42.64
853.301	-6.94
853.467	-149.51
853.633	94.45
853.8	-40.84
853.966	-134.01
854.132	-2400
854.298	140.15
854.464	-40.45
854.63	112.94
854.796	105.76
854.962	51.8
855.128	77.36
855.294	-19.79
855.46	-52.79
855.626	17.87
855.792	55.6
855.958	-256.31
856.124	36.81
856.29	381.46
856.456	100.88
856.622	45.96
856.787	841.56
856.953	4.03
857.119	-106.93
857.285	-108.06
857.45	8.48
857.616	-55.53
857.782	0
857.948	259.56
858.113	45.05
858.279	121.83
858.445	75.59
858.61	865.12
858.776	160.32
858.941	-142.57
859.107	40.61
859.273	2.82
859.438	26.57
859.604	189.47
859.769	406.3
859.935	166.34
860.1	176.42
860.265	62
860.431	34.53
860.596	7371.43
860.762	83.97
860.927	-91.78
861.092	91.17
861.258	-78.19
861.423	152.9
861.588	98.26
861.753	-171.43
861.919	-135.85
862.084	519.69
862.249	187.12
862.414	94.2
862.579	255.84
862.745	4.95
862.91	177.12
863.075	31.27
863.24	-33.01
863.405	-24.12
863.57	-7.82
863.735	98.48
863.9	-201.77
864.065	-79.27
864.23	155.15
864.395	196.44
864.56	83.38
864.725	-121.52
864.89	13.48
865.055	-35.69
865.22	-0
865.384	-647.19
865.549	-128.16
865.714	-33.72
865.879	59.02
866.044	-98.36
866.208	-44.67
866.373	290.11
866.538	42.15
866.702	-47.21
866.867	37.96
867.032	141.18
867.196	88.76
867.361	489.6
867.526	5.15
867.69	-65.75
867.855	421.98
868.019	1112.73
868.184	-4.72
868.348	-192.49
868.513	-658.06
868.677	107.39
868.842	-110.25
869.006	125.78
869.17	203.77
869.335	-292.68
869.499	-361.17
869.663	-15.89
869.828	34.01
869.992	641.86
870.156	158.32
870.321	-17.6
870.485	58.54
870.649	15.83
870.813	-8.86
870.978	209.36
871.142	-1052.31
871.306	-216.11
871.47	-43.8
871.634	529.13
871.798	-22.36
871.962	41
872.126	-2400
872.29	52.3
872.454	-514.29
872.618	45.93
872.782	250.75
872.946	48.32
873.11	229.15
873.274	90.17
873.438	211.76
873.602	12.66
873.766	-124.68
873.93	-98.63
874.094	525.84
874.257	92.31
874.421	395.38
874.585	152.73
874.749	10.42
874.912	17.27
875.076	47.64
875.24	-51.15
875.403	249.83
875.567	-123.43
875.731	-161.8
875.894	-14.69
876.058	-137.8
876.222	323.6
876.385	132.66
876.549	28.62
876.712	785.45
876.876	-150.61
877.039	41.7
877.203	78.69
877.366	-247.47
877.529	131.45
877.693	113.03
877.856	-3.29
878.02	32.03
878.183	75.24
878.346	-358.44
878.51	-180.53
878.673	25.9
878.836	177.92
878.999	-890.32
879.163	191.1
879.326	52.17
879.489	241.96
879.652	23.1
879.815	10.45
879.978	-63.67
880.142	-120.81
880.305	-104.35
880.468	-14.46
880.631	-19.1
880.794	36.44
880.957	-936.59
881.12	-3247.06
881.283	-113
881.446	78.98
881.609	189.93
881.772	3.91
881.935	-3952.94
882.097	42.97
882.26	-837.74
882.423	156.78
882.586	35.42
882.749	59.48
882.912	147.24
883.074	80.5
883.237	88.5
883.4	111.41
883.562	54.33
883.725	-336
883.888	321.26
884.05	-8640
884.213	44.67
884.376	61.17
884.538	30.87
884.701	30.87
884.863	30.87
