181.954	103.64
182.172	103.64
182.39	103.64
182.608	-7520
182.826	386.81
183.043	-125.96
183.261	154.77
183.479	150.15
183.697	4494.12
183.914	55.06
184.132	329.41
184.35	249.33
184.567	163.38
184.785	92.04
185.003	66.84
185.22	132.19
185.438	40.69
185.656	-4.02
185.873	-1150.77
186.091	80.79
186.309	-1834.48
186.526	9.05
186.744	-14.65
186.961	-92.03
187.179	-15.17
187.396	53.54
187.614	30.77
187.831	-560
188.049	-71.17
188.266	79.78
188.484	-298.51
188.701	27.18
188.919	97.34
189.136	46.88
189.354	80.31
189.571	218.01
189.789	27.49
190.006	186.75
190.223	-294.05
190.441	50.83
190.658	2457.14
190.876	25.51
191.093	-61.54
191.31	-9.51
191.528	48.71
191.745	-66.53
191.962	-2.94
192.179	61.64
192.397	11.34
192.614	77.82
192.831	63.78
193.049	99.52
193.266	341.75
193.483	10.04
193.7	510.77
193.917	90.68
194.135	-299.28
194.352	159.07
194.569	107.89
194.786	112.31
195.003	48.71
195.221	88.77
195.438	35.34
195.655	68.34
195.872	131.53
196.089	114.19
196.306	-42.11
196.523	185.58
196.74	42.45
196.957	0.92
197.174	-26.4
197.391	33.66
197.608	57
197.825	477.42
198.042	27.26
198.259	27.59
198.476	181.16
198.693	6640
198.91	34.33
199.127	364.18
199.344	93.93
199.561	164.16
199.778	25.92
199.995	346.27
200.212	-634.48
200.429	320.38
200.646	293.67
200.862	-112.36
201.079	15.55
201.296	249.01
201.513	132.04
201.73	-131.37
201.947	93.3
202.163	12.83
202.38	122.54
202.597	66.31
202.814	74.58
203.03	-3920
203.247	-22.11
203.464	9.94
203.681	-348.05
203.897	165.7
204.114	467.92
204.331	55.13
204.547	539.53
204.764	40.22
204.981	-1788.24
205.197	108.94
205.414	91.98
205.63	-303.45
205.847	182.91
206.064	836.36
206.28	76.29
206.497	215.38
206.713	178.76
206.93	25.16
207.146	24.85
207.363	233.85
207.579	-35.16
207.796	-46.02
208.012	90.96
208.229	-352.24
208.445	27.25
208.662	36.97
208.878	44.92
209.095	-376.47
209.311	32.15
209.528	4000
209.744	47.88
209.96	272.85
210.177	73.79
210.393	29.4
210.609	3040
210.826	-277.3
211.042	86.96
211.258	1367.16
211.475	-62.03
211.691	-32.57
211.907	65.82
212.124	19.51
212.34	77.71
212.556	57.14
212.772	-562.64
212.989	153.64
213.205	-25.09
213.421	98.49
213.637	274.63
213.853	68.48
214.069	589.47
214.286	71.14
214.502	-441.79
214.718	50.16
214.934	179.04
215.15	53.77
215.366	106.94
215.582	196.47
215.798	73.06
216.015	119.63
216.231	-118.92
216.447	74.09
216.663	66.5
216.879	-4.02
217.095	93.96
217.311	-958.49
217.527	202.23
217.743	516.5
217.959	-460.38
218.175	-24.47
218.391	434.53
218.606	91.43
218.822	514.78
219.038	136.9
219.254	71.58
219.47	78.41
219.686	467.42
219.902	43.55
220.118	-12.87
220.334	-6.52
220.549	20.49
220.765	33.9
220.981	75.49
221.197	36.65
221.413	-720.88
221.628	415.19
221.844	739.62
222.06	-19.42
222.276	60.38
222.491	88.97
222.707	-17.05
222.923	-284.56
223.139	-8.27
223.354	-13.9
223.57	192.13
223.786	57.69
224.001	52.51
224.217	130.61
224.432	122.54
224.648	76.03
224.864	0.96
225.079	-137.31
225.295	-7.94
225.51	-67.03
225.726	31.56
225.942	155.49
226.157	54.46
226.373	78.3
226.588	-4.21
226.804	-1936.84
227.019	146.73
227.235	84.5
227.45	26.96
227.665	7120
227.881	381.1
228.096	306.09
228.312	-1.99
228.527	81.4
228.743	43.43
228.958	144.61
229.173	-194.78
229.389	135.83
229.604	76.84
229.819	27.25
230.035	-176.68
230.25	-12.83
230.465	68.09
230.681	1.3
230.896	11.96
231.111	90.88
231.327	23.46
231.542	4720
231.757	47.58
231.972	56.54
232.187	-125.96
232.403	778.95
232.618	94.92
232.833	12.37
233.048	901.82
233.263	-65.77
233.478	-528.7
233.694	65.12
233.909	167.74
234.124	62.68
234.339	-32.09
234.554	-965.52
234.769	-123.51
234.984	28.7
235.199	84.01
235.414	-88.5
235.629	202.53
235.844	62.97
236.059	90.81
236.274	4.83
236.489	-100.31
236.704	109.24
236.919	67.64
237.134	71.51
237.349	224.05
237.564	84
237.779	-84.43
237.994	-69.79
238.209	129.95
238.424	142.33
238.639	80.87
238.853	6.11
239.068	22.96
239.283	12.08
239.498	-5.28
239.713	117.49
239.928	45.32
240.142	-128.23
240.357	-11.99
240.572	-127.32
240.787	82.83
241.001	32.34
241.216	68.21
241.431	165.12
241.646	54.57
241.86	98.65
242.075	-493.02
242.29	-35.78
242.504	-5.43
242.719	-2.48
242.934	-15.75
243.148	44.65
243.363	63.78
243.577	737.08
243.792	200.81
244.007	0.61
244.221	197.4
244.436	-728.36
244.65	83.44
244.865	81.52
245.079	7.17
245.294	-187.05
245.508	98
245.723	163.38
245.937	-206.59
246.152	55.03
246.366	29.5
246.581	69.41
246.795	201.23
247.01	67.55
247.224	13.11
247.438	-32.79
247.653	47.74
247.867	89.01
248.081	62.42
248.296	-214.63
248.51	100.95
248.724	45.12
248.939	149.25
249.153	76.73
249.367	84.01
249.582	135.15
249.796	181.82
250.01	74.17
250.224	49.11
250.439	31.55
250.653	173.86
250.867	72.73
251.081	-134.6
251.295	-70.3
251.51	-207.66
251.724	201.44
251.938	114.5
252.152	-64.23
252.366	132.69
252.58	443.64
252.794	8.66
253.008	241.06
253.223	109.98
253.437	-21.32
253.651	35.39
253.865	122.37
254.079	-91.01
254.293	17.64
254.507	-210.91
254.721	12.9
254.935	558.24
255.149	103.17
255.363	29.59
255.577	271.14
255.791	176.27
256.005	149.69
256.218	-3
256.432	28.64
256.646	-11.66
256.86	230.99
257.074	97.62
257.288	6640
257.502	-21.98
257.716	28.91
257.929	273.11
258.143	-25.52
258.357	-53.71
258.571	284.87
258.785	-58.56
258.998	23.45
259.212	69.41
259.426	77.13
259.64	97.62
259.853	-168.03
260.067	88.06
260.281	112.9
260.494	-4.82
260.708	150.5
260.922	-13.96
261.135	133.71
261.349	-23.53
261.563	116.63
261.776	-305.88
261.99	-7.71
262.203	46.77
262.417	-45.23
262.63	-59.66
262.844	89.89
263.058	151.86
263.271	50.63
263.485	102.3
263.698	64.24
263.912	170.21
264.125	-29.47
264.339	314.96
264.552	-20.54
264.765	-320
264.979	50.16
265.192	128.61
265.406	16.41
265.619	-40.66
265.832	128.85
266.046	-28.41
266.259	115.25
266.473	167.74
266.686	144.77
266.899	-4.56
267.113	-4640
267.326	-11.31
267.539	117.3
267.752	40.56
267.966	120.7
268.179	90.04
268.392	9.11
268.605	-129.13
268.819	36.41
269.032	-293.84
269.245	-430.77
269.458	5.9
269.671	-481.01
269.885	-28.38
270.098	41.14
270.311	-283.54
270.524	53.74
270.737	47.06
270.95	2.65
271.163	229.92
271.376	593.55
271.589	-359.49
271.802	-1.16
272.016	20.85
272.229	71
272.442	-178.14
272.655	70.84
272.868	-74.3
273.081	-570.79
273.294	-7.92
273.506	39.58
273.719	13.04
273.932	57.99
274.145	-10160
274.358	32.72
274.571	65.21
274.784	898.11
274.997	81.76
275.21	111.42
275.423	-91.01
275.635	-52.26
275.848	42.75
276.061	-76.82
276.274	-5.12
276.487	-361.74
276.699	72.46
276.912	65.47
277.125	236.6
277.338	147.81
277.55	-4.14
277.763	-1.93
277.976	210.02
278.189	-101.1
278.401	11.6
278.614	179.2
278.827	40.48
279.039	7.89
279.252	113.6
279.464	-11.25
279.677	149.92
279.89	-5.51
280.102	-178.89
280.315	-68.29
280.527	-547.37
280.74	-1337.93
280.952	-19.28
281.165	28.36
281.377	46.65
281.59	27.59
281.802	-51.31
282.015	81.93
282.227	54.79
282.44	166.91
282.652	35.96
282.865	172.51
283.077	32.77
283.29	125.15
283.502	36.7
283.714	240.76
283.927	126.26
284.139	-336.48
284.351	163.68
284.564	34.22
284.776	66.86
284.988	-19.79
285.201	310.45
285.413	67.6
285.625	-151.35
285.838	61.07
286.05	23.94
286.262	196.31
286.474	84.59
286.686	-41.68
286.899	-191.93
287.111	89.41
287.323	44.77
287.535	-229.7
287.747	156.22
287.959	32.15
288.172	-538.18
288.384	14.61
288.596	-15.49
288.808	671.7
289.02	150.94
289.232	33.75
289.444	-9.61
289.656	9.12
289.868	-82.07
290.08	-130.06
290.292	-151.49
290.504	-75.97
290.716	19.4
290.928	51.84
291.14	1237.21
291.352	40.28
291.564	117.65
291.776	239.84
291.988	171.78
292.2	18.96
292.412	75.68
292.624	53.77
292.835	722.39
293.047	5.89
293.259	-17.55
293.471	14.48
293.683	-9.76
293.895	32.22
294.106	-3.95
294.318	101.48
294.53	15.83
294.742	2924.14
294.953	63.47
295.165	106.64
295.377	99.44
295.589	70.05
295.8	59.96
296.012	24.38
296.224	31.56
296.435	123.45
296.647	76.75
296.858	218.71
297.07	898.46
297.282	21.41
297.493	87.06
297.705	118.86
297.916	-52.35
298.128	108.99
298.34	-61.04
298.551	9.11
298.763	94.17
298.974	93.82
299.186	107.72
299.397	22.16
299.609	516.13
299.82	80.94
300.031	62.62
300.243	968.42
300.454	429.45
300.666	82.32
300.877	422.75
301.089	374.47
301.3	6.11
301.511	52.35
301.723	-4.43
301.934	185.07
302.145	59.21
302.357	94.05
302.568	92.8
302.779	16.95
302.99	98.65
303.202	24.83
303.413	50.1
303.624	-63.73
303.835	-415.09
304.047	59.92
304.258	14.73
304.469	26.12
304.68	-7.86
304.891	-41.69
305.103	154.44
305.314	96.57
305.525	3657.14
305.736	144.88
305.947	43.17
306.158	2376.47
306.369	43.53
306.58	-9.05
306.791	140.33
307.002	-0.72
307.213	-3.91
307.424	-100.35
307.636	118.8
307.846	-10.03
308.057	-7.77
308.268	31.06
308.479	131.42
308.69	48.42
308.901	133.71
309.112	93.02
309.323	104.66
309.534	47.88
309.745	56.15
309.956	-89.52
310.167	-41.68
310.377	165.55
310.588	36.72
310.799	-71.26
311.01	-4.56
311.221	45.38
311.432	56.42
311.642	28.63
311.853	162.53
312.064	-96.55
312.275	185.87
312.485	96.39
312.696	61.77
312.907	255.28
313.117	58.32
313.328	22.94
313.539	-48.08
313.749	-58.56
313.96	-549.45
314.171	96.53
314.381	63.39
314.592	-33.61
314.802	27.7
315.013	1.09
315.224	89.67
315.434	-1747.37
315.645	-5360
315.855	105.72
316.066	89.89
316.276	56.54
316.487	370.73
316.697	45.17
316.908	61.31
317.118	37.46
317.329	9.11
317.539	87.44
317.749	178.54
317.96	-835.82
318.17	-61.34
318.381	268.13
318.591	-628.57
318.801	0.58
319.012	-53.71
319.222	248.54
319.432	-25.81
319.643	-65.31
319.853	-68.16
320.063	36.85
320.273	52.88
320.484	-180.22
320.694	81.63
320.904	-108.47
321.114	170.79
321.325	1434.48
321.535	58.77
321.745	12.24
321.955	30.41
322.165	-53.17
322.375	71.32
322.585	149.69
322.796	-179.31
323.006	-15.77
323.216	179.28
323.426	149.88
323.636	267.94
323.846	-55.17
324.056	57.5
324.266	54
324.476	-28.75
324.686	127.57
324.896	-17.32
325.106	377.36
325.316	57.69
325.526	-2694.74
325.736	66.07
325.946	-10.22
326.156	758.44
326.366	3.48
326.576	65.12
326.785	-52.26
326.995	46.46
327.205	176.88
327.415	216.95
327.625	67.15
327.835	-1.29
328.044	122.61
328.254	420.87
328.464	187.99
328.674	141.91
328.884	-74.82
329.093	-4.28
329.303	83.18
329.513	154.04
329.722	-1178.95
329.932	69.41
330.142	68.13
330.351	45.97
330.561	-36.36
330.771	-157.93
330.98	30.52
331.19	252.31
331.4	26.86
331.609	96.45
331.819	19.51
332.028	139.43
332.238	212.88
332.447	96.99
332.657	140.18
332.866	118.57
333.076	53.77
333.285	67.75
333.495	2374.19
333.704	-304.93
333.914	0.43
334.123	-21.21
334.333	30.77
334.542	-74.11
334.752	307.69
334.961	-392.45
335.17	26.13
335.38	27.25
335.589	91
335.798	153.59
336.008	373.63
336.217	-74.89
336.426	93.79
336.636	42.55
336.845	-19.15
337.054	290.91
337.263	77.76
337.473	-13.79
337.682	192.83
337.891	-24.52
338.1	235.97
338.309	135.23
338.519	3.64
338.728	49.32
338.937	239.37
339.146	322.3
339.355	196.23
339.564	-3578.95
339.773	-148.74
339.983	-45.33
340.192	-17.39
340.401	27.25
340.61	71.05
340.819	52.88
341.028	26.23
341.237	400
341.446	43.36
341.655	108.19
341.864	-37.91
342.073	91.92
342.282	-236.14
342.491	42.41
342.699	-240.78
342.908	166.23
343.117	-71.77
343.326	108.5
343.535	-1192.73
343.744	0.94
343.953	-52.57
344.162	82.59
344.37	2.93
344.579	77.61
344.788	22.51
344.997	-43.29
345.206	286.64
345.414	27.66
345.623	165.31
345.832	6.56
346.041	345.18
346.249	47.06
346.458	26.15
346.667	56.9
346.875	120.06
347.084	68.68
347.293	24.19
347.501	7.58
347.71	-34.51
347.918	-188.93
348.127	400
348.336	-339.07
348.544	89.53
348.753	346.27
348.961	35.06
349.17	66.41
349.378	57.58
349.587	-7.94
349.795	-147.57
350.004	307.69
350.212	36.28
350.421	283.19
350.629	99.09
350.838	-2.62
351.046	151.62
351.254	51.24
351.463	-34.2
351.671	-3073.68
351.879	-45.3
352.088	6.11
352.296	-88.5
352.504	160.47
352.713	-110.12
352.921	-119.69
353.129	82.14
353.338	-16.33
353.546	63.78
353.754	-174.23
353.962	152.03
354.171	51.19
354.379	-2063.16
354.587	31.2
354.795	138.11
355.003	-14.58
355.212	-49.55
355.42	400
355.628	284.34
355.836	-10.85
356.044	35.18
356.252	31.2
356.46	52.88
356.668	658.46
356.876	80.73
357.084	-3.05
357.292	76.7
357.5	-61.54
357.708	27.44
357.916	105.72
358.124	-19.83
358.332	-262.69
358.54	640
358.748	-36.36
358.956	8.64
359.164	30.35
359.372	66.59
359.58	11.51
359.788	19.75
359.996	83.89
360.203	20.36
360.411	-16.84
360.619	-221.11
360.827	40.18
361.035	-328.83
361.242	107.92
361.45	-465.82
361.658	-111.85
361.866	23.18
362.073	-49.47
362.281	40.57
362.489	-8.77
362.697	30.98
362.904	-35.05
363.112	96.16
363.32	-60.57
363.527	3.48
363.735	-30.89
363.943	-17.79
364.15	-40.99
364.358	34.47
364.565	50.11
364.773	65.73
364.98	31.1
365.188	11.23
365.395	-46.65
365.603	-80
365.81	-10.14
366.018	6.46
366.225	79.89
366.433	27.79
366.64	29.09
366.848	62.62
367.055	-126.65
367.263	127.73
367.47	143.15
367.677	354.43
367.885	-12.42
368.092	137.56
368.299	-161.13
368.507	96.4
368.714	718.58
368.921	-44.09
369.129	146.57
369.336	63.39
369.543	24.19
369.751	-13.85
369.958	-3.59
370.165	53.65
370.372	6.21
370.579	47.06
370.787	77.1
370.994	97.05
371.201	53.41
371.408	50.91
371.615	2.49
371.822	-75.63
372.029	-80
372.237	-388.57
372.444	283.24
372.651	52.99
372.858	-4.69
373.065	18.34
373.272	19.44
373.479	-386.21
373.686	155.45
373.893	-450.49
374.1	78.47
374.307	-428.78
374.514	79.35
374.721	-23.18
374.928	540.26
375.135	-11.66
375.341	-560
375.548	58.72
375.755	102.62
375.962	13.41
376.169	-145.2
376.376	147.37
376.583	86.03
376.789	68.41
376.996	24.27
377.203	41.68
377.41	49.08
377.617	25.73
377.823	-68.45
378.03	-1690.32
378.237	35.32
378.443	242.29
378.65	467.92
378.857	85.61
379.063	-496.2
379.27	-246.96
379.477	82.83
379.683	-11.99
379.89	71.69
380.097	-8.61
380.303	21.36
380.51	-45.19
380.716	38.34
380.923	-176.38
381.129	30.63
381.336	-91.34
381.542	34.24
381.749	-32.9
381.955	159.65
382.162	12.83
382.368	-9.5
382.575	-53.94
382.781	27.59
382.988	-49.71
383.194	-17.21
383.4	64.92
383.607	106.96
383.813	59.04
384.02	10.09
384.226	-25.08
384.432	-38.76
384.639	37.38
384.845	-496.2
385.051	-17.28
385.257	-19.02
385.464	107.41
385.67	118.19
385.876	101.94
386.082	29.83
386.289	37.31
386.495	55.89
386.701	-33.88
386.907	-20.46
387.113	53.78
387.319	50.07
387.526	110.75
387.732	-138.58
387.938	73.6
388.144	253.91
388.35	37.01
388.556	23.56
388.762	109.56
388.968	706.98
389.174	17.02
389.38	109.72
389.586	27.26
389.792	-3.05
389.998	8.64
390.204	11.66
390.41	55.82
390.616	34.39
390.822	0.75
391.028	19.03
391.234	31.63
391.439	-683.5
391.645	10.38
391.851	55.07
392.057	7.65
392.263	80.56
392.469	-51.92
392.674	-6.26
392.88	57.79
393.086	19.16
393.292	-1.46
393.498	-41.42
393.703	30.16
393.909	25.76
394.115	113.23
394.32	14.02
394.526	23.55
394.732	88.7
394.937	51.2
395.143	-95.55
395.349	-48.38
395.554	-4.02
395.76	35.43
395.965	-37.05
396.171	8.13
396.377	-25.05
396.582	69.05
396.788	19.65
396.993	16.52
397.199	12.37
397.404	26.7
397.61	29.04
397.815	-74.21
398.021	23.27
398.226	-1.08
398.431	-18.74
398.637	19.51
398.842	39.25
399.048	22.38
399.253	15.45
399.458	14.81
399.664	22.5
399.869	30.05
400.074	36.38
400.28	9.73
400.485	-32.87
400.69	11.54
400.896	25.75
401.101	20.84
401.306	25.7
401.511	9.91
401.716	19.22
401.922	-7.48
402.127	11.78
402.332	4.51
402.537	39.53
402.742	16.7
402.947	77.77
403.153	-22.69
403.358	8.53
403.563	31.23
403.768	21.3
403.973	2.25
404.178	9.09
404.383	4.12
404.588	18.13
404.793	6.08
404.998	2.39
405.203	7.62
405.408	13.86
405.613	7.79
405.818	19.43
406.023	15.22
406.228	-16.79
406.433	3
406.638	4.61
406.842	12.39
407.047	14.28
407.252	3.8
407.457	8.82
407.662	5.88
407.867	15.48
408.071	4.54
408.276	5.33
408.481	11.77
408.686	5.17
408.891	10.27
409.095	12.02
409.3	11.47
409.505	11
409.709	6.27
409.914	9.51
410.119	12.54
410.323	5.64
410.528	-1.01
410.733	9.28
410.937	2.75
411.142	10.13
411.346	8.3
411.551	-1.69
411.756	6.07
411.96	1.16
412.165	1.24
412.369	5.15
412.574	3.07
412.778	3.59
412.983	7.79
413.187	3.33
413.392	2.02
413.596	4.12
413.8	6.8
414.005	9.38
414.209	3.3
414.414	5.94
414.618	4.95
414.822	6.39
415.027	5.81
415.231	8.07
415.435	6.43
415.64	3.04
415.844	3.54
416.048	4.8
416.252	6.29
416.457	5.01
416.661	7.43
416.865	5.23
417.069	4.88
417.274	4.93
417.478	4.21
417.682	4.27
417.886	3.07
418.09	5.5
418.294	4.91
418.498	3.95
418.702	5.88
418.907	4.03
419.111	3.15
419.315	4.36
419.519	5.79
419.723	2.95
419.927	4.42
420.131	6.56
420.335	3.24
420.539	4.58
420.743	6.7
420.947	2.78
421.151	5.29
421.355	3.25
421.558	5.03
421.762	4.33
421.966	4.28
422.17	3.49
422.374	4.8
422.578	3.68
422.782	5.41
422.985	3.64
423.189	4.99
423.393	4.39
423.597	3.74
423.801	5.59
424.004	3.77
424.208	4.93
424.412	4.7
424.615	4.31
424.819	5.02
425.023	4.48
425.226	4.79
425.43	4.92
425.634	4.52
425.837	4.45
426.041	4.43
426.245	4.81
426.448	4.46
426.652	4.12
426.855	3.31
427.059	3.73
427.262	4.82
427.466	3.78
427.669	4.38
427.873	3.18
428.076	4.5
428.28	3.42
428.483	3.85
428.687	4.77
428.89	4.39
429.094	4.1
429.297	3.6
429.5	4.51
429.704	3.74
429.907	4.49
430.11	3.82
430.314	4.7
430.517	4.16
430.72	4.35
430.924	4.42
431.127	3.58
431.33	4.34
431.533	4.64
431.737	4.34
431.94	3.97
432.143	3.94
432.346	4.08
432.549	3.36
432.752	3.8
432.956	4.14
433.159	3.26
433.362	3.54
433.565	4.2
433.768	4.22
433.971	3.39
434.174	4.27
434.377	4.05
434.58	3.95
434.783	3.49
434.986	3.84
435.189	4.4
435.392	3.97
435.595	4.12
435.798	3.92
436.001	4.36
436.204	4.14
436.407	3.78
436.61	4.12
436.813	4.38
437.016	3.88
437.219	3.39
437.421	3.63
437.624	4.23
437.827	3.57
438.03	3.97
438.233	3.29
438.435	3.97
438.638	4.05
438.841	3.81
439.044	3.58
439.246	4.13
439.449	3.82
439.652	3.77
439.854	4
440.057	3.97
440.26	3.87
440.462	3.72
440.665	3.6
440.868	3.65
441.07	3.99
441.273	4.24
441.475	3.83
441.678	3.86
441.88	4
442.083	3.69
442.286	4.02
442.488	3.49
442.69	4.16
442.893	3.91
443.095	3.54
443.298	3.57
443.5	3.91
443.703	3.86
443.905	3.73
444.108	3.83
444.31	3.76
444.512	3.38
444.715	4.03
444.917	3.95
445.119	3.51
445.322	3.65
445.524	4.1
445.726	3.77
445.928	3.91
446.131	4.17
446.333	3.85
446.535	4.05
446.737	3.79
446.94	4.04
447.142	3.93
447.344	4.04
447.546	3.98
447.748	4.2
447.95	3.93
448.152	4.21
448.354	4.16
448.557	4.16
448.759	3.97
448.961	3.87
449.163	4.03
449.365	3.9
449.567	3.83
449.769	4.17
449.971	4.43
450.173	4.27
450.375	4.22
450.577	4.13
450.779	4.46
450.981	4.12
451.182	4.3
451.384	3.77
451.586	4.52
451.788	4.27
451.99	4.02
452.192	3.86
452.394	4.56
452.595	4.55
452.797	4.28
452.999	4.45
453.201	4.54
453.402	4.03
453.604	4.25
453.806	4.26
454.008	4.15
454.209	4.67
454.411	4.72
454.613	4.19
454.814	4.24
455.016	3.86
455.218	4.16
455.419	4.55
455.621	4.72
455.822	4.45
456.024	4.29
456.225	4.91
456.427	4.58
456.629	4.47
456.83	4.67
457.032	4.6
457.233	3.77
457.435	4.03
457.636	4.66
457.837	4.71
458.039	3.87
458.24	4.88
458.442	5.2
458.643	3.69
458.844	4.84
459.046	4.77
459.247	5.25
459.448	4.88
459.65	4.56
459.851	4.87
460.052	4.9
460.254	5.17
460.455	5.26
460.656	5.2
460.857	4.75
461.059	4.58
461.26	4.78
461.461	4.54
461.662	5.41
461.863	5.06
462.065	4.71
462.266	5.14
462.467	4.71
462.668	4.58
462.869	5.4
463.07	5.03
463.271	5.38
463.472	4.78
463.673	4.58
463.874	5.03
464.075	4.44
464.276	4.99
464.477	4.75
464.678	5.27
464.879	5.01
465.08	5.86
465.281	6.27
465.482	4.56
465.683	4.24
465.884	5.51
466.085	5.12
466.285	5.23
466.486	5.12
466.687	6
466.888	5.23
467.089	5.35
467.29	5.69
467.49	5.03
467.691	5.7
467.892	4.52
468.093	5.07
468.293	6.22
468.494	4.7
468.695	4.96
468.895	5.57
469.096	4.76
469.297	5.56
469.497	5.68
469.698	6.84
469.898	3.99
470.099	5.04
470.3	6.29
470.5	5.55
470.701	6.28
470.901	4.84
471.102	4.5
471.302	5.12
471.503	5.83
471.703	5.14
471.904	5.85
472.104	4.96
472.305	4.03
472.505	4.85
472.705	4.93
472.906	6
473.106	6.65
473.306	4.27
473.507	6.11
473.707	5.78
473.907	4.65
474.108	4.69
474.308	5.54
474.508	5.25
474.709	6.04
474.909	6.29
475.109	3.52
475.309	5.43
475.51	4.77
475.71	6.29
475.91	7.36
476.11	3.3
476.31	4.42
476.51	6.34
476.71	4.17
476.911	6.16
477.111	3.62
477.311	4.95
477.511	5.99
477.711	5.57
477.911	4.17
478.111	6.87
478.311	4.43
478.511	4.12
478.711	5.5
478.911	5.28
479.111	5.92
479.311	5.7
479.511	7.18
479.711	3.61
479.91	2.58
480.11	6.26
480.31	4.29
480.51	6.09
480.71	3.72
480.91	4.89
481.109	5.26
481.309	4.58
481.509	3.97
481.709	6.87
481.909	5.16
482.108	4.31
482.308	5.06
482.508	6.56
482.707	5.08
482.907	5.42
483.107	5.29
483.306	5.76
483.506	6.47
483.706	4.63
483.905	4.98
484.105	5.61
484.304	5.03
484.504	4.25
484.704	4.82
484.903	4.08
485.103	6.4
485.302	3.77
485.502	6.51
485.701	4.88
485.901	5.53
486.1	4.33
486.299	6.82
486.499	4.51
486.698	3.86
486.898	5.28
487.097	4.2
487.296	3.78
487.496	4.68
487.695	3.81
487.894	6.21
488.094	4.78
488.293	5.1
488.492	4.52
488.692	4.84
488.891	6.05
489.09	4.16
489.289	5.99
489.489	4.1
489.688	4.26
489.887	4.51
490.086	5.08
490.285	5.46
490.484	7.64
490.683	6.22
490.883	5.58
491.082	5.73
491.281	5.54
491.48	5.6
491.679	5.88
491.878	4.93
492.077	7.23
492.276	5.89
492.475	4.29
492.674	5.3
492.873	5.16
493.072	5.93
493.271	6.05
493.47	3.67
493.669	6.48
493.867	4.91
494.066	5.37
494.265	6.41
494.464	6.3
494.663	4.03
494.862	4.68
495.06	4.52
495.259	4.47
495.458	6.12
495.657	5.35
495.856	6.35
496.054	5.53
496.253	5.35
496.452	5.86
496.65	5.02
496.849	5.11
497.048	5.1
497.246	5.34
497.445	5.84
497.644	5.49
497.842	5.44
498.041	5.04
498.239	4.98
498.438	5.64
498.636	5.66
498.835	6.66
499.034	5.84
499.232	6.21
499.431	5.37
499.629	4.8
499.827	5.97
500.026	5.61
500.224	4.98
500.423	4.75
500.621	6.14
500.82	6.67
501.018	6.75
501.216	6.07
501.415	6.38
501.613	5.47
501.811	5.37
502.01	6.93
502.208	5.85
502.406	6.88
502.604	6.36
502.803	6.23
503.001	6.52
503.199	6.1
503.397	5.38
503.595	5.99
503.794	5.88
503.992	6.76
504.19	6.26
504.388	6.83
504.586	7.05
504.784	6.03
504.982	6.57
505.18	6.38
505.378	5.99
505.576	6.29
505.774	7.26
505.972	6.39
506.17	7.32
506.368	6.83
506.566	6.95
506.764	6.4
506.962	7.01
507.16	6.74
507.358	6.23
507.556	6.47
507.754	7.4
507.952	6.99
508.15	7.31
508.347	7.15
508.545	7.29
508.743	6.99
508.941	6.77
509.139	7.76
509.336	6.83
509.534	7.76
509.732	7.94
509.93	7.23
510.127	7.35
510.325	7.53
510.523	7.51
510.72	8.07
510.918	7.8
511.116	7.45
511.313	7.46
511.511	8
511.708	7.41
511.906	8.56
512.104	8.22
512.301	7.5
512.499	7.94
512.696	7.65
512.894	7.26
513.091	7.88
513.289	8.29
513.486	7.93
513.683	8.04
513.881	7.85
514.078	8.22
514.276	8.53
514.473	8.18
514.67	8.27
514.868	8.76
515.065	8.48
515.262	8.7
515.46	8.34
515.657	8.62
515.854	8.63
516.052	8.18
516.249	8.87
516.446	8.66
516.643	8.67
516.84	9.03
517.038	8.82
517.235	8.64
517.432	9.1
517.629	9.25
517.826	8.76
518.023	9.52
518.221	8.89
518.418	9.17
518.615	8.92
518.812	9.24
519.009	8.58
519.206	9.33
519.403	9.14
519.6	8.94
519.797	9.32
519.994	8.91
520.191	9.31
520.388	9.67
520.585	9.14
520.782	9.32
520.978	9.24
521.175	9.68
521.372	9.24
521.569	9.04
521.766	9.54
521.963	8.9
522.159	9.44
522.356	9.77
522.553	9.97
522.75	9.75
522.947	9.84
523.143	9.77
523.34	10.47
523.537	9.54
523.733	9.48
523.93	9.77
524.127	10.04
524.323	10.41
524.52	9.98
524.717	10.17
524.913	9.85
525.11	9.75
525.306	10.21
525.503	10.22
525.7	10.35
525.896	10.18
526.093	10.3
526.289	10.49
526.486	10.32
526.682	10.08
526.878	10.41
527.075	10.26
527.271	10.27
527.468	10.3
527.664	10.31
527.861	10.39
528.057	9.87
528.253	10.14
528.45	9.92
528.646	10.03
528.842	10.2
529.039	9.98
529.235	10.37
529.431	10.35
529.627	10.43
529.824	10.69
530.02	10.68
530.216	10.96
530.412	10.47
530.608	10.32
530.804	10.69
531.001	11.2
531.197	10.56
531.393	10.79
531.589	10.47
531.785	10.86
531.981	10.5
532.177	10.84
532.373	11.03
532.569	10.64
532.765	10.71
532.961	10.37
533.157	10.62
533.353	10.62
533.549	10.6
533.745	10.63
533.941	10.66
534.137	10.67
534.333	10.56
534.529	10.7
534.725	10.68
534.92	10.69
535.116	10.29
535.312	10.89
535.508	11.08
535.704	11.11
535.899	11.12
536.095	11.39
536.291	11
536.487	11.12
536.682	10.96
536.878	10.97
537.074	11.16
537.269	11.04
537.465	11.08
537.661	10.92
537.856	10.57
538.052	10.85
538.248	11.28
538.443	11.17
538.639	11.07
538.834	11.19
539.03	11.35
539.225	11.52
539.421	11.19
539.616	11.11
539.812	11.67
540.007	11.72
540.203	10.96
540.398	11.34
540.593	11.41
540.789	11.69
540.984	11.61
541.18	11.24
541.375	11.43
541.57	11.69
541.766	11.88
541.961	11.28
542.156	11.54
542.352	11.93
542.547	11.51
542.742	11.28
542.937	11.88
543.133	12.08
543.328	11.89
543.523	11.45
543.718	11.74
543.913	11.82
544.108	11.79
544.304	11.61
544.499	12.15
544.694	12.11
544.889	11.85
545.084	12.23
545.279	12.27
545.474	11.69
545.669	11.76
545.864	11.63
546.059	11.84
546.254	12.03
546.449	12.24
546.644	11.86
546.839	12.08
547.034	12.07
547.229	11.77
547.424	12.24
547.618	12.33
547.813	12.57
548.008	12.23
548.203	12.02
548.398	12.57
548.593	12.01
548.787	12.69
548.982	12.09
549.177	12.63
549.372	12.4
549.566	12.29
549.761	11.91
549.956	12.11
550.15	12.49
550.345	12.6
550.54	12.67
550.734	12.43
550.929	12.63
551.124	12.22
551.318	12.1
551.513	12.53
551.707	12.97
551.902	12.26
552.096	12.71
552.291	13.06
552.485	12.73
552.68	12.35
552.874	12.8
553.069	13.12
553.263	12.98
553.458	13.1
553.652	13.35
553.847	12.63
554.041	12.94
554.235	12.6
554.43	13.33
554.624	13.09
554.818	12.83
555.013	12.92
555.207	12.95
555.401	13.5
555.595	12.76
555.79	12.79
555.984	13.5
556.178	13.17
556.372	13.12
556.566	12.95
556.761	13.33
556.955	13.5
557.149	13.23
557.343	13.31
557.537	13.26
557.731	13.62
557.925	13.28
558.119	13.17
558.313	13.94
558.507	13.21
558.701	13.56
558.895	13.48
559.089	13.89
559.283	13.62
559.477	14.02
559.671	13.81
559.865	13.8
560.059	13.7
560.253	13.84
560.447	13.88
560.641	13.7
560.835	14.11
561.028	13.84
561.222	14.22
561.416	13.78
561.61	13.94
561.804	14.13
561.997	13.97
562.191	13.71
562.385	14.35
562.579	14.26
562.772	14.67
562.966	13.95
563.16	14.49
563.353	14.39
563.547	14.1
563.741	13.89
563.934	14.27
564.128	14.24
564.321	14.19
564.515	14.26
564.708	14.25
564.902	14.29
565.095	14.17
565.289	14.74
565.482	14.54
565.676	14.39
565.869	14.65
566.063	14.39
566.256	14.32
566.45	14.31
566.643	14.68
566.836	14.78
567.03	14.57
567.223	14.81
567.416	14.92
567.61	14.82
567.803	15.13
567.996	14.57
568.19	14.75
568.383	14.65
568.576	15.17
568.769	14.96
568.963	14.36
569.156	15.18
569.349	15.08
569.542	15.35
569.735	15.18
569.928	15.12
570.121	15.35
570.315	15.19
570.508	14.63
570.701	15.18
570.894	14.79
571.087	14.81
571.28	15.2
571.473	14.9
571.666	14.98
571.859	15.04
572.052	14.93
572.245	15.07
572.438	15.48
572.631	14.77
572.824	15.15
573.016	15.48
573.209	15.23
573.402	15.36
573.595	15.67
573.788	15.47
573.981	14.92
574.173	15.16
574.366	15.64
574.559	15.47
574.752	15.31
574.944	15.01
575.137	15.6
575.33	15.17
575.523	15.92
575.715	15.57
575.908	16.01
576.101	15.47
576.293	15.13
576.486	15.65
576.678	15.55
576.871	15.28
577.063	16.01
577.256	15.42
577.449	15.49
577.641	15.83
577.834	15.18
578.026	15.32
578.219	15.31
578.411	15.57
578.603	16.09
578.796	16.04
578.988	15.98
579.181	15.8
579.373	15.9
579.565	16.09
579.758	15.76
579.95	15.56
580.142	15.43
580.335	16.15
580.527	15.85
580.719	15.79
580.912	15.68
581.104	15.85
581.296	16.33
581.488	16.2
581.68	15.99
581.873	16.38
582.065	15.84
582.257	16.17
582.449	15.93
582.641	16.03
582.833	15.91
583.025	16.12
583.217	16.36
583.41	16.52
583.602	16.79
583.794	16.35
583.986	16.7
584.178	16.53
584.37	16.2
584.562	16.4
584.753	16.4
584.945	16.13
585.137	16.25
585.329	16.57
585.521	17.02
585.713	16.63
585.905	16.47
586.097	16.61
586.289	16.64
586.48	16.72
586.672	16.04
586.864	17.18
587.056	17.16
587.247	16.18
587.439	16.31
587.631	16.84
587.823	16.69
588.014	16.89
588.206	16.86
588.398	16.12
588.589	16.94
588.781	16.85
588.972	16.72
589.164	16.92
589.356	17.08
589.547	17.18
589.739	16.95
589.93	17.63
590.122	16.65
590.313	17.23
590.505	17.55
590.696	17.16
590.888	16.9
591.079	17.38
591.271	17.14
591.462	17.33
591.653	17.38
591.845	17.53
592.036	17.12
592.227	17.08
592.419	17.26
592.61	17.46
592.801	17.24
592.993	17.09
593.184	17.42
593.375	16.91
593.566	17.79
593.758	17.89
593.949	17.22
594.14	17.08
594.331	17.3
594.522	17.59
594.713	17.67
594.905	17.41
595.096	17.92
595.287	18.25
595.478	17.84
595.669	17.88
595.86	17.32
596.051	17.44
596.242	17.8
596.433	17.7
596.624	17.95
596.815	18.15
597.006	18.05
597.197	18.23
597.388	17.76
597.579	18.06
597.77	17.61
597.96	18.16
598.151	18.75
598.342	18.08
598.533	18.36
598.724	18.88
598.915	18.62
599.105	17.83
599.296	18.41
599.487	17.74
599.678	18.83
599.868	18.9
600.059	18.61
600.25	19.02
600.44	18.65
600.631	18.89
600.822	19.05
601.012	18.99
601.203	18.56
601.394	18.84
601.584	18.96
601.775	18.53
601.965	18.98
602.156	18.39
602.346	19.39
602.537	18.68
602.727	18.97
602.918	19.18
603.108	19.11
603.299	19.09
603.489	19.74
603.679	18.89
603.87	19.17
604.06	20.32
604.251	19.07
604.441	19.44
604.631	19.64
604.822	18.79
605.012	18.89
605.202	19.47
605.392	19.47
605.583	19.67
605.773	19.67
605.963	19.45
606.153	19.06
606.344	19.63
606.534	19.42
606.724	20.11
606.914	19.29
607.104	19.62
607.294	20.11
607.484	19.49
607.674	20.39
607.864	19.76
608.054	20.07
608.245	19.88
608.435	19.99
608.625	20.76
608.814	19.15
609.004	20
609.194	19.97
609.384	19.7
609.574	19.88
609.764	20.15
609.954	19.87
610.144	19.85
610.334	20.25
610.524	20.38
610.713	20.06
610.903	19.93
611.093	20.08
611.283	20.4
611.473	20.28
611.662	19.93
611.852	19.74
612.042	20.33
612.231	20.18
612.421	20.8
612.611	20.32
612.8	20.4
612.99	20.82
613.18	19.55
613.369	20.28
613.559	20.07
613.748	20.06
613.938	21.03
614.128	20.14
614.317	19.72
614.507	20.93
614.696	20.78
614.886	20.01
615.075	20.18
615.264	20.05
615.454	20.6
615.643	20.93
615.833	20.2
616.022	20.61
616.211	21.4
616.401	19.66
616.59	20.96
616.779	20.76
616.969	20.4
617.158	20.66
617.347	20.81
617.537	21.21
617.726	20.82
617.915	20.53
618.104	20.81
618.293	20.19
618.483	19.7
618.672	20.2
618.861	21.52
619.05	20.75
619.239	20.06
619.428	21.17
619.617	20.98
619.806	20.72
619.995	20.84
620.184	20.33
620.373	20.66
620.562	20.75
620.751	20.71
620.94	21.12
621.129	19.98
621.318	20.07
621.507	21.74
621.696	21.06
621.885	20.91
622.074	20.98
622.263	20.29
622.452	21.42
622.64	21.8
622.829	20.85
623.018	21.15
623.207	21.3
623.396	21.11
623.584	20.67
623.773	21.12
623.962	21.11
624.15	21.96
624.339	20.67
624.528	21.33
624.716	20.95
624.905	21.49
625.094	20.86
625.282	21.94
625.471	20.71
625.659	21.66
625.848	21.29
626.037	21.63
626.225	21.59
626.414	21.49
626.602	22.09
626.791	21.83
626.979	22.41
627.167	21.84
627.356	21.78
627.544	21.76
627.733	22.54
627.921	22
628.109	21.86
628.298	22.06
628.486	21.84
628.674	21.74
628.863	21.05
629.051	22.62
629.239	22.33
629.428	22.41
629.616	22.53
629.804	22.71
629.992	21.79
630.18	22.12
630.369	21.78
630.557	22.09
630.745	21.86
630.933	21.55
631.121	22.8
631.309	21.93
631.497	22.69
631.685	21.33
631.873	22.03
632.061	22.98
632.249	23.6
632.437	22.61
632.625	22.57
632.813	23.12
633.001	22.85
633.189	22.29
633.377	22.71
633.565	21.75
633.753	22.55
633.941	21.55
634.129	22.33
634.316	22.62
634.504	22.35
634.692	23.32
634.88	22.87
635.068	22.97
635.255	22.02
635.443	23.17
635.631	22.2
635.818	23.58
636.006	23.1
636.194	23.04
636.382	21.76
636.569	22.7
636.757	23.23
636.944	22.23
637.132	23.06
637.32	22.88
637.507	22.95
637.695	22.46
637.882	22.89
638.07	23.49
638.257	22.26
638.445	22.6
638.632	22.47
638.82	22.49
639.007	22.53
639.194	22.95
639.382	22.96
639.569	22.23
639.757	22.67
639.944	22.48
640.131	22.35
640.319	22.61
640.506	22.99
640.693	21.88
640.88	22.81
641.068	23.61
641.255	22.81
641.442	23.5
641.629	22.34
641.817	22.93
642.004	22.41
642.191	23.06
642.378	23.97
642.565	23.98
642.752	22.7
642.939	21.98
643.126	22.84
643.313	23.14
643.501	23.51
643.688	23.13
643.875	22.71
644.062	23.4
644.249	22.82
644.435	21.22
644.622	21.09
644.809	22.43
644.996	22.27
645.183	22.36
645.37	23.54
645.557	23.74
645.744	22.36
645.931	22.24
646.117	22.27
646.304	22.65
646.491	22.02
646.678	21.92
646.865	22.34
647.051	21.51
647.238	23.21
647.425	23.03
647.611	23.24
647.798	22.03
647.985	23.42
648.171	22.15
648.358	22.64
648.545	23.06
648.731	21.45
648.918	23.85
649.104	21.69
649.291	21.98
649.477	22.14
649.664	22.17
649.85	23.03
650.037	22.43
650.223	22.1
650.41	22.78
650.596	21.98
650.783	23.81
650.969	23.43
651.155	23.04
651.342	22.28
651.528	23.04
651.714	22.82
651.901	24.38
652.087	21.43
652.273	20.32
652.46	21.39
652.646	23.32
652.832	22.41
653.018	21.41
653.204	22.67
653.391	22.73
653.577	21.8
653.763	21.59
653.949	24.07
654.135	22.12
654.321	22.5
654.507	21.44
654.693	22.05
654.879	22.45
655.065	20.48
655.252	22.36
655.438	23.2
655.624	22.31
655.809	21.35
655.995	21.98
656.181	22.16
656.367	22.48
656.553	23.09
656.739	22.45
656.925	22.58
657.111	21.89
657.297	22.24
657.482	20.85
657.668	23.15
657.854	20.59
658.04	20.55
658.226	21.18
658.411	21.69
658.597	21.12
658.783	21.48
658.968	21.76
659.154	22.85
659.34	22.78
659.525	19.47
659.711	20.21
659.897	21.67
660.082	21.88
660.268	22.21
660.453	21.66
660.639	22.36
660.824	20.83
661.01	21.87
661.195	20.2
661.381	22.07
661.566	20.35
661.752	21.09
661.937	20.87
662.123	19.65
662.308	21.55
662.494	20.08
662.679	19.24
662.864	19.5
663.05	19.11
663.235	20.65
663.42	20.64
663.605	20.33
663.791	20.1
663.976	20.71
664.161	20.69
664.346	19.89
664.532	19.69
664.717	19.2
664.902	19.92
665.087	22.16
665.272	20.31
665.457	19.64
665.642	19.13
665.828	20.32
666.013	20.22
666.198	18.39
666.383	19.18
666.568	20.14
666.753	22.7
666.938	19.82
667.123	19.62
667.308	19.63
667.493	19.93
667.677	18.45
667.862	20.85
668.047	19.66
668.232	19.19
668.417	19.11
668.602	17.32
668.787	19.26
668.971	19.91
669.156	22.04
669.341	18.75
669.526	20.38
669.711	19.2
669.895	20.67
670.08	17.6
670.265	20.43
670.449	17.57
670.634	17.94
670.819	17.61
671.003	18.49
671.188	19.7
671.372	18.51
671.557	19.08
671.742	21.67
671.926	15.75
672.111	19.03
672.295	17.93
672.48	18.04
672.664	19.48
672.849	17.73
673.033	19.67
673.217	17.71
673.402	17.94
673.586	16.17
673.771	18.66
673.955	21.82
674.139	21.76
674.324	17.65
674.508	20.62
674.692	17.35
674.876	19.1
675.061	20.12
675.245	19.41
675.429	18.7
675.613	18.53
675.798	22.27
675.982	20.06
676.166	20.01
676.35	20.85
676.534	20.35
676.718	23.02
676.902	23.77
677.087	19.16
677.271	21.31
677.455	22.41
677.639	20.08
677.823	21.81
678.007	22.07
678.191	23.44
678.375	21.41
678.559	20.74
678.742	22.08
678.926	24.37
679.11	24.84
679.294	22.26
679.478	21.54
679.662	21.76
679.846	23.96
680.029	23.38
680.213	24.05
680.397	25.99
680.581	24.38
680.765	25.73
680.948	24.19
681.132	23.72
681.316	22.82
681.499	26.15
681.683	25.21
681.867	26.44
682.05	27.65
682.234	25.01
682.417	24.1
682.601	26.33
682.785	26.42
682.968	25.11
683.152	26.7
683.335	23.78
683.519	27.47
683.702	26.97
683.886	26.47
684.069	29.08
684.253	25.86
684.436	29.52
684.619	24.66
684.803	26.75
684.986	28.34
685.169	27.11
685.353	27.59
685.536	28.89
685.719	27.9
685.903	28.46
686.086	27.97
686.269	29.84
686.452	30.5
686.636	29.41
686.819	31.88
687.002	32.96
687.185	32.47
687.368	29.87
687.551	28.17
687.734	34.7
687.918	33.47
688.101	31.92
688.284	33.06
688.467	33.49
688.65	33.79
688.833	32.54
689.016	28.63
689.199	36.52
689.382	38.81
689.565	32.58
689.748	34.63
689.93	31.89
690.113	31.93
690.296	33.71
690.479	37.01
690.662	29.88
690.845	35.82
691.028	30.71
691.21	35.97
691.393	35.45
691.576	36.1
691.759	31.27
691.941	32.86
692.124	35.44
692.307	36.39
692.489	39.3
692.672	38.31
692.855	37.49
693.037	38.86
693.22	37.05
693.403	40.47
693.585	36.95
693.768	38.9
693.95	39.27
694.133	39.52
694.315	34.9
694.498	36.57
694.68	40.22
694.863	40.24
695.045	38.84
695.228	35.52
695.41	36.04
695.592	38.62
695.775	37.37
695.957	37.86
696.139	38.91
696.322	43.31
696.504	41.01
696.686	42.07
696.869	40.13
697.051	42.84
697.233	47.24
697.415	40.36
697.597	38.46
697.78	39.23
697.962	40.27
698.144	40.07
698.326	34.85
698.508	39.07
698.69	37.36
698.872	39.19
699.055	34.79
699.237	39.18
699.419	41.16
699.601	33.63
699.783	45.78
699.965	42.19
700.147	39.18
700.329	44.1
700.51	43.8
700.692	46.96
700.874	42.55
701.056	43.19
701.238	40.88
701.42	42.38
701.602	41.15
701.783	40.04
701.965	38.31
702.147	41.84
702.329	42.16
702.511	39.67
702.692	44.98
702.874	39.86
703.056	43.22
703.237	41.97
703.419	34.94
703.601	46.75
703.782	35.69
703.964	45.23
704.146	41.49
704.327	52.92
704.509	38.18
704.69	47.92
704.872	45.94
705.053	41.02
705.235	40.56
705.416	42.1
705.598	39.81
705.779	40.39
705.961	38.27
706.142	38.52
706.323	40.62
706.505	44.75
706.686	42.81
706.867	40.33
707.049	40.52
707.23	43.75
707.411	53.65
707.593	41.2
707.774	41.02
707.955	40.45
708.136	43.41
708.318	47.85
708.499	49.59
708.68	44.47
708.861	45.03
709.042	45.27
709.223	44.68
709.404	38.45
709.585	43.11
709.767	35.45
709.948	38
710.129	42.15
710.31	42.22
710.491	34.83
710.672	40.24
710.853	36.01
711.034	47.9
711.214	44.44
711.395	42.21
711.576	44.33
711.757	33.55
711.938	41.52
712.119	41.94
712.3	46.85
712.481	38.04
712.661	43.89
712.842	38
713.023	47.41
713.204	40.59
713.384	45.96
713.565	41.08
713.746	42.12
713.926	41.04
714.107	38.99
714.288	37.77
714.468	41.12
714.649	43.72
714.83	36.81
715.01	51.65
715.191	40.36
715.371	43.18
715.552	44.94
715.732	40.54
715.913	52.5
716.093	43.08
716.274	58.67
716.454	37.13
716.635	45.67
716.815	44.11
716.995	44.1
717.176	43.25
717.356	40.87
717.536	45.95
717.717	40.65
717.897	44.1
718.077	39.62
718.258	50.83
718.438	41.93
718.618	54.04
718.798	39.75
718.978	42.15
719.159	48.9
719.339	48.02
719.519	34.34
719.699	46.17
719.879	37.3
720.059	48.08
720.239	53.45
720.419	55.53
720.599	42.99
720.779	59.58
720.959	36.69
721.139	45.37
721.319	50.6
721.499	59.1
721.679	37.36
721.859	53.68
722.039	35.3
722.219	43.2
722.399	44.76
722.579	40.98
722.759	39.97
722.938	37.65
723.118	44.9
723.298	49.69
723.478	58.39
723.658	54.07
723.837	32.87
724.017	28.63
724.197	30.73
724.376	38.39
724.556	37.98
724.736	54.07
724.915	38.69
725.095	44.09
725.275	47.44
725.454	33.81
725.634	43.42
725.813	45.62
725.993	39.71
726.172	44.63
726.352	40.3
726.531	47.76
726.711	38.07
726.89	44.01
727.07	50.01
727.249	51.26
727.428	58.33
727.608	48.51
727.787	50.5
727.966	45.38
728.146	51.95
728.325	51.14
728.504	42.66
728.684	32.19
728.863	61.88
729.042	44.25
729.221	34.99
729.4	40.44
729.58	54.18
729.759	50.35
729.938	59.71
730.117	57.37
730.296	40.43
730.475	51.16
730.654	29.36
730.833	49.79
731.013	35.96
731.192	31.6
731.371	45.41
731.55	65.05
731.729	48.08
731.907	58.09
732.086	44.83
732.265	32.92
732.444	56.12
732.623	53.37
732.802	35.38
732.981	27.23
733.16	48.71
733.339	38.51
733.517	51.74
733.696	53.69
733.875	41.9
734.054	43.86
734.232	57.85
734.411	53.37
734.59	27.47
734.768	38.31
734.947	44.39
735.126	4.95
735.304	53.47
735.483	51.74
735.662	60.98
735.84	49.17
736.019	41.39
736.197	37.67
736.376	44.03
736.554	63.11
736.733	40.98
736.911	57.28
737.09	16.46
737.268	33.57
737.447	49.1
737.625	35.86
737.803	27.93
737.982	57.14
738.16	72.49
738.338	50.02
738.517	31.1
738.695	46.91
738.873	39.95
739.052	51.49
739.23	31.27
739.408	35.03
739.586	45.04
739.764	57.59
739.943	37.26
740.121	50.97
740.299	42.18
740.477	44.8
740.655	36.06
740.833	41.63
741.011	63.57
741.189	50.02
741.367	44.08
741.545	29.6
741.723	29.13
741.901	26.06
742.079	31.51
742.257	55.66
742.435	58.82
742.613	50.03
742.791	44.09
742.969	19.29
743.147	44.36
743.325	38.21
743.503	45.2
743.68	21.36
743.858	84.87
744.036	58.57
744.214	57.64
744.391	18.15
744.569	32.17
744.747	44.73
744.925	40.07
745.102	38.55
745.28	29.25
745.458	69.41
745.635	60.09
745.813	52.52
745.99	49.71
746.168	30.31
746.345	125.61
746.523	37.34
746.7	32.89
746.878	43.55
747.055	21.32
747.233	45.01
747.41	58.27
747.588	29.37
747.765	41.16
747.943	21.37
748.12	47.16
748.297	52.49
748.475	34.15
748.652	56.8
748.829	72.84
749.007	40.29
749.184	34.81
749.361	39.73
749.538	106.86
749.716	32.77
749.893	60.95
750.07	65.68
750.247	50.37
750.424	55.56
750.601	44.89
750.778	64.87
750.956	54.37
751.133	41.24
751.31	33.03
751.487	48.13
751.664	33.47
751.841	50.43
752.018	38.03
752.195	33.77
752.372	55.42
752.549	-16.16
752.726	48.43
752.902	68.37
753.079	73.56
753.256	69.24
753.433	33.2
753.61	76
753.787	28.6
753.964	79.55
754.14	37.78
754.317	64.75
754.494	6.23
754.671	55.83
754.847	52.29
755.024	82.92
755.201	35.11
755.377	37.37
755.554	64.94
755.73	63.93
755.907	26.71
756.084	65.82
756.26	52.02
756.437	57.48
756.613	42.18
756.79	53.5
756.966	66.28
757.143	94.73
757.319	48.01
757.496	63.68
757.672	22.7
757.849	77.29
758.025	58.41
758.201	60.98
758.378	61.63
758.554	8.64
758.73	28.35
758.907	28.67
759.083	43.94
759.259	86.77
759.435	51.88
759.612	83.73
759.788	31.05
759.964	47.67
760.14	48.13
760.316	-48.99
760.493	54.56
760.669	99.73
760.845	37.68
761.021	71.98
761.197	16.06
761.373	35.44
761.549	24.53
761.725	56.7
761.901	34.57
762.077	44.71
762.253	35.39
762.429	52.8
762.605	45.44
762.781	52.4
762.957	22.94
763.133	57.45
763.308	-10.42
763.484	22.65
763.66	86.38
763.836	47.13
764.012	18.26
764.187	8.75
764.363	55.28
764.539	31.46
764.715	43.84
764.89	24.92
765.066	4.86
765.242	67.52
765.417	91.76
765.593	22.47
765.769	76.98
765.944	-5.08
766.12	63.77
766.295	9.76
766.471	38.69
766.646	62.83
766.822	30.77
766.997	36.79
767.173	53.95
767.348	82.7
767.524	56.63
767.699	54.31
767.875	48.26
768.05	-3.04
768.225	56.15
768.401	61.32
768.576	129.95
768.751	15.76
768.927	51.37
769.102	78.83
769.277	28.19
769.452	35.58
769.628	36.92
769.803	101.85
769.978	57.49
770.153	13.47
770.328	57.14
770.503	34.98
770.679	84.97
770.854	90.88
771.029	82.18
771.204	-84.77
771.379	48.75
771.554	23.02
771.729	62.08
771.904	-16.46
772.079	35.31
772.254	149.93
772.429	-14.01
772.604	-4.14
772.779	50.08
772.953	13.61
773.128	36.4
773.303	19.03
773.478	19.76
773.653	21.77
773.828	34.98
774.002	180.93
774.177	42.58
774.352	379.13
774.527	118.77
774.701	41.27
774.876	52.47
775.051	-62.03
775.225	33.98
775.4	52.67
775.575	38.11
775.749	52.34
775.924	87.14
776.098	46.65
776.273	4.93
776.447	45.24
776.622	65.6
776.796	24.87
776.971	57.58
777.145	63.11
777.32	88.38
777.494	115.35
777.669	29.85
777.843	63.84
778.017	49.11
778.192	69.91
778.366	9.77
778.54	96.09
778.715	1.44
778.889	161.79
779.063	41.67
779.237	28.96
779.412	15.76
779.586	66.5
779.76	54.61
779.934	-43.04
780.108	3.67
780.282	-173.13
780.457	58.13
780.631	-72.3
780.805	-1.57
780.979	185.07
781.153	111.51
781.327	36.64
781.501	2.32
781.675	29.15
781.849	6.32
782.023	53.54
782.197	16.79
782.371	125.71
782.545	289.57
782.718	56.54
782.892	176.74
783.066	70.65
783.24	166.8
783.414	48.92
783.588	32.85
783.761	87.97
783.935	6.38
784.109	97.48
784.283	212.17
784.456	223.7
784.63	-27.44
784.804	32.1
784.977	17.58
785.151	20.93
785.324	61.69
785.498	47.94
785.672	83.69
785.845	57.57
786.019	87.2
786.192	98.01
786.366	26.1
786.539	115.25
786.713	-5.45
786.886	73.15
787.06	26.59
787.233	52.85
787.406	-2.45
787.58	23.14
787.753	90.6
787.926	145.72
788.1	46.63
788.273	-800
788.446	-11.81
788.62	-141.94
788.793	29.66
788.966	137.73
789.139	-36.06
789.313	56.68
789.486	-457.14
789.659	22.86
789.832	14.61
790.005	86.38
790.178	548.67
790.351	112.61
790.524	98.98
790.697	12.52
790.87	-20.3
791.044	1076.36
791.216	94.72
791.389	-94.12
791.562	54.2
791.735	65.82
791.908	244.16
792.081	43.46
792.254	268.13
792.427	34.2
792.6	4.66
792.773	70.37
792.945	632.84
793.118	57.57
793.291	-219.78
793.464	-8.51
793.637	149.69
793.809	68.88
793.982	29.59
794.155	50.13
794.327	76.14
794.5	-320
794.673	30.77
794.845	77.82
795.018	-154.31
795.19	22.47
795.363	110.79
795.536	160.53
795.708	-1651.61
795.881	3760
796.053	96.84
796.226	317.71
796.398	82.26
796.57	3.46
796.743	39.65
796.915	65.37
797.088	69.64
797.26	277.17
797.432	20.25
797.605	-36.36
797.777	-1236.36
797.949	47.88
798.122	29.04
798.294	184.75
798.466	-52.57
798.638	5.02
798.81	163.38
798.983	825.32
799.155	143.95
799.327	26.99
799.499	29.94
799.671	226.15
799.843	10.18
800.015	12.45
800.187	59.49
800.359	88.69
800.531	41.24
800.703	67.1
800.875	42.99
801.047	10.68
801.219	-95.56
801.391	-535.06
801.563	123.74
801.735	44.3
801.907	363.19
802.079	-27.76
802.251	-364.84
802.422	-185.83
802.594	-129.87
802.766	63.07
802.938	125.56
803.11	150.2
803.281	74.17
803.453	94.06
803.625	24.64
803.796	31.41
803.968	47.17
804.14	23.58
804.311	79.78
804.483	204.75
804.654	56.61
804.826	50.16
804.998	387.17
805.169	-95.75
805.341	265.6
805.512	-62.11
805.684	18.07
805.855	14.68
806.026	49.23
806.198	24.54
806.369	43.36
806.541	64.34
806.712	88.73
806.883	122.07
807.055	133.08
807.226	-182.66
807.397	30.77
807.569	-120.35
807.74	67.14
807.911	125.71
808.082	-84.3
808.253	-336.63
808.425	68.61
808.596	62.92
808.767	210.07
808.938	-123.28
809.109	-300.99
809.28	-191.47
809.451	85.46
809.622	8.56
809.793	-722.58
809.964	-205.22
810.135	82.71
810.306	-64.74
810.477	335.57
810.648	18.69
810.819	7.65
810.99	-3200
811.161	-95.17
811.332	179.46
811.503	-1.34
811.674	-190.77
811.844	-504.62
812.015	80.21
812.186	422.09
812.357	44.64
812.527	111.64
812.698	-35.81
812.869	128.3
813.04	11.85
813.21	524.14
813.381	-10.89
813.551	-22.54
813.722	186.49
813.893	6.22
814.063	24.81
814.234	-778.18
814.404	99.35
814.575	115.25
814.745	-35.4
814.916	32.22
815.086	139.79
815.257	98.65
815.427	9.82
815.598	56.94
815.768	159.01
815.938	72.19
816.109	293.12
816.279	104.02
816.449	157.1
816.62	-1684.21
816.79	121.7
816.96	332.08
817.13	-2.9
817.301	28.43
817.471	-54.21
817.641	260.12
817.811	-151.82
817.981	-2000
818.152	41.71
818.322	-360.4
818.492	60.64
818.662	98.94
818.832	68.09
819.002	-5.72
819.172	169.4
819.342	94.8
819.512	-0.77
819.682	122.35
819.852	-32.95
820.022	125.94
820.192	-435.96
820.362	-60.31
820.531	106.84
820.701	50.15
820.871	176.27
821.041	36.2
821.211	26.87
821.381	55.86
821.55	32.34
821.72	-297.67
821.89	-486.15
822.059	-8.25
822.229	64.73
822.399	260.09
822.568	147.96
822.738	-1297.56
822.908	333.74
823.077	-47.23
823.247	88.03
823.416	-2423.53
823.586	-29.95
823.756	38.31
823.925	156.96
824.095	1181.4
824.264	-159.64
824.433	123.89
824.603	184.32
824.772	40.33
824.942	-541.77
825.111	-34.17
825.28	154.04
825.45	-6.96
825.619	109.32
825.788	-71.91
825.958	-95.6
826.127	46.39
826.296	142.02
826.465	148.71
826.635	120.85
826.804	59.95
826.973	94.46
827.142	-289.36
827.311	-83.22
827.48	96.84
827.649	38.87
827.818	163.78
827.988	-147.2
828.157	16.3
828.326	-1.06
828.495	26.06
828.664	-85.6
828.833	289.75
829.002	-337.89
829.17	37.58
829.339	-124.62
829.508	98.79
829.677	-179.78
829.846	53.26
830.015	-130.7
830.184	-6.74
830.352	-10.42
830.521	279.14
830.69	692.68
830.859	258.82
831.027	-357.89
831.196	74.35
831.365	-1.4
831.533	36.16
831.702	45.34
831.871	70.36
832.039	102.62
832.208	306.09
832.377	-110.24
832.545	140.87
832.714	68.53
832.882	8.9
833.051	58.15
833.219	3314.29
833.388	69.89
833.556	99.13
833.724	65.02
833.893	24.85
834.061	1031.58
834.23	62.37
834.398	33.98
834.566	446.75
834.735	57.14
834.903	-1026.42
835.071	-1280
835.239	-139.02
835.408	-55.84
835.576	260.47
835.744	-11.61
835.912	41.26
836.08	121.12
836.249	422.64
836.417	258.82
836.585	106.34
836.753	89.37
836.921	10.81
837.089	2285.71
837.257	-744.19
837.425	144.68
837.593	-12.97
837.761	6.56
837.929	40.39
838.097	79.39
838.265	24.33
838.433	-5.25
838.601	62.6
838.769	217.72
838.936	737.08
839.104	89.37
839.272	99.54
839.44	47.28
839.608	-419.51
839.775	67.3
839.943	162.19
840.111	50.09
840.279	-30.02
840.446	-137.31
840.614	-254.55
840.781	358.26
840.949	34.97
841.117	171.95
841.284	-120.17
841.452	-173.91
841.619	21.84
841.787	129.89
841.954	372.09
842.122	46.24
842.289	126.24
842.457	-86.12
842.624	274.26
842.792	-46.72
842.959	-38.86
843.126	102.54
843.294	-92.4
843.461	48.34
843.629	-41.6
843.796	47.52
843.963	-66.93
844.13	85.63
844.298	94.21
844.465	-93.29
844.632	-47.2
844.799	134.67
844.966	37.45
845.134	99.64
845.301	15.01
845.468	447.68
845.635	111.66
845.802	108.94
845.969	80.82
846.136	111.42
846.303	589.47
846.47	48.47
846.637	-283.08
846.804	526.32
846.971	-80
847.138	145.17
847.305	-215.93
847.472	-106.99
847.639	104.92
847.805	53.05
847.972	-67.53
848.139	-68.67
848.306	1094.74
848.473	794.03
848.639	32.94
848.806	-512
848.973	60.42
849.14	85.8
849.306	-132.74
849.473	-21.19
849.64	-227.69
849.806	9.57
849.973	296.22
850.139	304.64
850.306	53.88
850.472	236.16
850.639	156.07
850.806	-1242.11
850.972	274.78
851.139	1600
851.305	64.58
851.471	-39.86
851.638	245.4
851.804	758.21
851.971	-9.76
852.137	86.76
852.303	119.15
852.47	46.28
852.636	342.58
852.802	258.27
852.968	216.17
853.135	-44.67
853.301	-328.32
853.467	104.92
853.633	-31.48
853.8	61.59
853.966	-276.14
854.132	3657.14
854.298	-248.18
854.464	8.99
854.63	38.99
854.796	200.68
854.962	624.46
855.128	40.99
855.294	-35.46
855.46	19.94
855.626	-25.81
855.792	-151.35
855.958	318.45
856.124	-100.61
856.29	161.59
856.456	-20.32
856.622	-59.57
856.787	509.09
856.953	98.99
857.119	-514.85
857.285	13.27
857.45	226.15
857.616	-75.06
857.782	50.13
857.948	264.58
858.113	-197.95
858.279	-184.77
858.445	314.96
858.61	148.84
858.776	195.95
858.941	316.83
859.107	10.74
859.273	123.29
859.438	-2.95
859.604	-1431.58
859.769	201.57
859.935	-63.37
860.1	67.38
860.265	20.24
860.431	115.11
860.596	1085.71
860.762	172.59
860.927	-45.33
861.092	23
861.258	-65.72
861.423	223.94
861.588	-13.9
861.753	3828.57
861.919	-7.55
862.084	409.45
862.249	160
862.414	-34.13
862.579	412.18
862.745	46.19
862.91	400
863.075	-139.41
863.24	34.58
863.405	-88.44
863.57	173.29
863.735	35.26
863.9	-226.55
864.065	30.09
864.23	175.2
864.395	11.39
864.56	30.21
864.725	324.05
864.89	130.34
865.055	110.04
865.22	-157
865.384	-611.24
865.549	-159.22
865.714	-49.65
865.879	26.23
866.044	38.03
866.208	93.3
866.373	-127.47
866.538	90.87
866.702	-135.08
866.867	113.18
867.032	109.18
867.196	161.02
867.361	390.4
867.526	-115.02
867.69	-14.25
867.855	123.08
868.019	443.64
868.184	25.69
868.348	113.31
868.513	-1264.52
868.677	-15.56
868.842	200.71
869.006	138.24
869.17	-1524.53
869.335	-419.51
869.499	283.5
869.663	622.52
869.828	132.79
869.992	204.65
870.156	58.17
870.321	51.61
870.485	-15.08
870.649	99.21
870.813	-25.09
870.978	200.85
871.142	-541.54
871.306	-20.85
871.47	242.34
871.634	494.49
871.798	-106.83
871.962	85.65
872.126	-4914.29
872.29	-32.93
872.454	-4571.43
872.618	-93.78
872.782	-423.88
872.946	-10.74
873.11	20.1
873.274	-522.54
873.438	-658.82
873.602	23.22
873.766	493.51
873.93	31.78
874.094	305.62
874.257	72.15
874.421	87.86
874.585	29.09
874.749	118.67
874.912	-31.65
875.076	27.79
875.24	-99.67
875.403	162.46
875.567	-18.29
875.731	-44.94
875.894	208.98
876.058	204.78
876.222	-584.27
876.385	237.19
876.549	-15.9
876.712	421.82
876.876	-61.54
877.039	94.21
877.203	23.42
877.366	-6.23
877.529	-2.83
877.693	0.8
877.856	186.3
878.02	13.14
878.183	-51.41
878.346	197.4
878.51	7.08
878.673	-135.25
878.836	47.95
878.999	-683.87
879.163	163.93
879.326	-5.12
879.489	17.44
879.652	40.81
879.815	135.27
879.978	-21.22
880.142	303.36
880.305	414.91
880.468	76.14
880.631	68.97
880.794	126.68
880.957	634.15
881.12	-800
881.283	270.85
881.446	119.2
881.609	434.53
881.772	1.3
881.935	-2423.53
882.097	185.17
882.26	83.02
882.423	26.13
882.586	103.32
882.749	127.11
882.912	392.64
883.074	19.97
883.237	43.38
883.4	-7.43
883.562	69.34
883.725	-12.8
883.888	494.49
884.05	880
884.213	126.05
884.376	77.96
884.538	45.97
884.701	45.97
884.863	45.97
