181.954	77.33
182.172	77.33
182.39	77.33
182.608	980
182.826	895.6
183.043	-133.19
183.261	48.77
183.479	144.57
183.697	1770.59
183.914	-73.28
184.132	358.82
184.35	204.04
184.567	185.63
184.785	170.8
185.003	15.68
185.22	-15.02
185.438	87.72
185.656	65.83
185.873	-755.38
186.091	51.92
186.309	127.59
186.526	54.75
186.744	-101.37
186.961	-8.43
187.179	39.34
187.396	80.11
187.614	112.31
187.831	-5740
188.049	-66.87
188.266	64.24
188.484	52.24
188.701	418.45
188.919	64.93
189.136	-2.74
189.354	8.88
189.571	-11.85
189.789	108.87
190.006	135.54
190.223	-232.97
190.441	24.27
190.658	-3100
190.876	91.32
191.093	-132.97
191.31	48.53
191.528	58.78
191.745	4.61
191.962	134.5
192.179	-78.36
192.397	-83
192.614	-32.3
192.831	-16.63
193.049	123.45
193.266	546.6
193.483	-58.35
193.7	186.15
193.917	162.16
194.135	310.07
194.352	13.51
194.569	95.72
194.786	139.74
195.003	100.94
195.221	38.58
195.438	42.05
195.655	35.68
195.872	81.02
196.089	73.38
196.306	27.58
196.523	157.68
196.74	127.76
196.957	45.68
197.174	152.79
197.391	197.06
197.608	67.52
197.825	616.13
198.042	15.06
198.259	-37.93
198.476	113.37
198.693	740
198.91	77.68
199.127	-19.4
199.344	164.78
199.561	139.31
199.778	97.77
199.995	-843.28
200.212	2072.41
200.429	113.27
200.646	165.82
200.862	419.1
201.079	35.3
201.296	221.85
201.513	290.29
201.73	97.05
201.947	121.84
202.163	86.37
202.38	104.62
202.597	185.56
202.814	89.15
203.03	-3580
203.247	89.95
203.464	20.46
203.681	-871.43
203.897	158.05
204.114	205.66
204.331	86.55
204.547	444.19
204.764	111.7
204.981	-841.18
205.197	239.57
205.414	153.48
205.63	-1527.59
205.847	222.61
206.064	325.45
206.28	19.35
206.497	20.6
206.713	184.97
206.93	34.06
207.146	79.16
207.363	296.92
207.579	-423.08
207.796	-62.83
208.012	-52.33
208.229	732.84
208.445	101.09
208.662	82.52
208.878	-20.95
209.095	-770.59
209.311	-38.69
209.528	9928.57
209.744	4.25
209.96	-119.87
210.177	150.49
210.393	74.7
210.609	5780
210.826	-258.28
211.042	552.17
211.258	356.72
211.475	76.47
211.691	4.19
211.907	-244.3
212.124	60.98
212.34	280.57
212.556	30.68
212.772	-607.69
212.989	372.85
213.205	39.48
213.421	-175.38
213.637	553.73
213.853	-111.67
214.069	2836.84
214.286	223.62
214.502	249.25
214.718	-86.83
214.934	200.85
215.15	79.02
215.366	-21.34
215.582	245.58
215.798	28.96
216.015	67.1
216.231	-44.86
216.447	41.93
216.663	65.26
216.879	-78.89
217.095	226.17
217.311	-383.02
217.527	120.49
217.743	255.34
217.959	-632.08
218.175	57.17
218.391	569.06
218.606	-240.57
218.822	-105.22
219.038	31.55
219.254	100.84
219.47	41.44
219.686	500
219.902	104.35
220.118	90.49
220.334	12.46
220.549	91.09
220.765	-43.34
220.981	-57.75
221.197	34.75
221.413	-238.46
221.628	484.81
221.844	771.7
222.06	336.89
222.276	32.76
222.491	16.64
222.707	-42.95
222.923	-514.77
223.139	42.13
223.354	68.24
223.57	178.74
223.786	41.89
224.001	50.58
224.217	118.66
224.432	-193.64
224.648	243.41
224.864	40.24
225.079	1144.78
225.295	47.39
225.51	227.57
225.726	-33.1
225.942	157.68
226.157	51.79
226.373	14.89
226.588	-65.89
226.804	-2215.79
227.019	132.16
227.235	21.93
227.45	98.9
227.665	4340
227.881	-114.17
228.096	249.57
228.312	-21.09
228.527	47.85
228.743	397.14
228.958	17.2
229.173	-303.48
229.389	-19.91
229.604	28.64
229.819	123.98
230.035	-0.35
230.25	-143.73
230.465	50.64
230.681	124.76
230.896	-13.64
231.111	105.79
231.327	148.09
231.542	-2380
231.757	129.74
231.972	67.49
232.187	-128.09
232.403	-2910.53
232.618	170.51
232.833	63.24
233.048	587.27
233.263	38.81
233.478	-84.35
233.694	444.19
233.909	-312.9
234.124	32.79
234.339	-26.03
234.554	-120.69
234.769	-145.89
234.984	123.32
235.199	-4.04
235.414	-317.7
235.629	-229.11
235.844	-6.62
236.059	98.18
236.274	-80.06
236.489	-30.41
236.704	58.93
236.919	59.18
237.134	70.95
237.349	-13.78
237.564	100.44
237.779	40.9
237.994	-5.53
238.209	106.34
238.424	-7.98
238.639	39.04
238.853	-5.65
239.068	3.32
239.283	-76.44
239.498	88.39
239.713	150.11
239.928	12.91
240.142	-5.26
240.357	6.27
240.572	84.23
240.787	78.2
241.001	127.23
241.216	32.59
241.431	43.06
241.646	23.24
241.86	-48.88
242.075	-951.16
242.29	98.57
242.504	5.8
242.719	321.12
242.934	-199.21
243.148	196.58
243.363	10.71
243.577	176.4
243.792	116.19
244.007	40.15
244.221	-232.47
244.436	-162.69
244.65	264.42
244.865	-119.91
245.079	53.36
245.294	-121.58
245.508	141.87
245.723	158.59
245.937	-212.09
246.152	9.65
246.366	40.99
246.581	77.1
246.795	-103.68
247.01	40.9
247.224	73.79
247.438	-59.25
247.653	49.57
247.867	101.13
248.081	17.04
248.296	646.34
248.51	114.42
248.724	65.89
248.939	-323.88
249.153	-24.08
249.367	108.4
249.582	71.66
249.796	266.23
250.01	-32.45
250.224	73.51
250.439	63.94
250.653	160.79
250.867	1.89
251.081	130.33
251.295	-18.82
251.51	60.85
251.724	-95.68
251.938	201.12
252.152	-463.5
252.366	0.24
252.58	1329.09
252.794	71.31
253.008	277.48
253.223	-26.83
253.437	71.16
253.651	19.44
253.865	130.59
254.079	-59.85
254.293	-43.49
254.507	-176.36
254.721	17.62
254.935	289.01
255.149	40.8
255.363	51.07
255.577	282.55
255.791	-32.88
256.005	676.69
256.218	16.04
256.432	-49.36
256.646	75.99
256.86	30.14
257.074	96.83
257.288	-5740
257.502	-93.41
257.716	74.45
257.929	112.08
258.143	74.48
258.357	12.37
258.571	190.04
258.785	-56.82
258.998	49.29
259.212	54.88
259.426	-269.51
259.64	186.21
259.853	142.63
260.067	-17.1
260.281	109.72
260.494	-29.16
260.708	-189.11
260.922	-49.49
261.135	57.89
261.349	-2.18
261.563	80.72
261.776	-1194.12
261.99	39.75
262.203	36.18
262.417	25.09
262.63	-45.08
262.844	567.42
263.058	-97.97
263.271	44.3
263.485	134.78
263.698	43.79
263.912	40.43
264.125	-83.58
264.339	169.29
264.552	75.83
264.765	-272.17
264.979	199.06
265.192	58.58
265.406	124.19
265.619	59.34
265.832	120.76
266.046	-56.26
266.259	154.24
266.473	-816.13
266.686	78.04
266.899	76.31
267.113	-3580
267.326	-68.2
267.539	-35.75
267.752	13.3
267.966	85.93
268.179	300.74
268.392	60.77
268.605	-0.79
268.819	87.54
269.032	62.09
269.245	352.31
269.458	243.17
269.671	-350.63
269.885	29.05
270.098	38.84
270.311	120.25
270.524	91.45
270.737	-58.57
270.95	356.95
271.163	-142.52
271.376	-351.61
271.589	-62.03
271.802	3.33
272.016	-47.23
272.229	98.73
272.442	-219.03
272.655	152.7
272.868	-31.32
273.081	-443.82
273.294	34.81
273.506	88.69
273.719	-16.64
273.932	17.63
274.145	-8620
274.358	139.05
274.571	72.44
274.784	975.47
274.997	26.34
275.21	-2.61
275.423	6.69
275.635	319.1
275.848	38.32
276.061	-223.18
276.274	113.3
276.487	9.57
276.699	157.57
276.912	-80.05
277.125	35.32
277.338	18.74
277.55	65.38
277.763	-0.24
277.976	81.56
278.189	-225.27
278.401	49.31
278.614	231.2
278.827	106.92
279.039	-20.56
279.252	97.58
279.464	-101.53
279.677	106.46
279.89	55.44
280.102	-60.8
280.315	470.73
280.527	1510.53
280.74	-1527.59
280.952	167.47
281.165	38.06
281.377	43.4
281.59	10.97
281.802	167.64
282.015	80.72
282.227	79.65
282.44	249.64
282.652	877.53
282.865	84.83
283.077	95.18
283.29	113.22
283.502	59.63
283.714	16.59
283.927	105.31
284.139	-123.18
284.351	70.33
284.564	89.3
284.776	51.27
284.988	46.29
285.201	195.52
285.413	34.94
285.625	78.38
285.838	29.16
286.05	52.12
286.262	225.46
286.474	72.21
286.686	43.71
286.899	-59.64
287.111	46.22
287.323	26.36
287.535	416.83
287.747	138.53
287.959	6.77
288.172	150.91
288.384	56.61
288.596	57.18
288.808	1.89
289.02	318.87
289.232	181.39
289.444	-72.21
289.656	-125.41
289.868	23.11
290.08	-162.58
290.292	-168.94
290.504	74.45
290.716	26.61
290.928	125.33
291.14	723.26
291.352	13.82
291.564	1558.82
291.776	81.11
291.988	161.35
292.2	79.15
292.412	-70.81
292.624	39.67
292.835	822.39
293.047	-56.7
293.259	52.35
293.471	-59.28
293.683	-817.07
293.895	50.26
294.106	-34.16
294.318	15.65
294.53	69.73
294.742	375.86
294.953	-4.8
295.165	106.05
295.377	203.93
295.589	58.67
295.8	110.68
296.012	-51.57
296.224	34.82
296.435	156.11
296.647	128.04
296.858	85.61
297.07	223.08
297.282	-69.02
297.493	-54.41
297.705	-21.14
297.916	64.72
298.128	16.08
298.34	-59.13
298.551	41.86
298.763	150.11
298.974	140.57
299.186	24.53
299.397	-0.29
299.609	-506.45
299.82	113.18
300.031	29
300.243	1194.74
300.454	95.09
300.666	48.29
300.877	187.2
301.089	377.45
301.3	-27.63
301.511	53.24
301.723	-77.38
301.934	983.58
302.145	-36.56
302.357	234.84
302.568	-95.2
302.779	36.55
302.99	47.98
303.202	-0.22
303.413	128.96
303.624	56.61
303.835	-858.49
304.047	-58.7
304.258	58.17
304.469	33.15
304.68	47.35
304.891	68.96
305.103	96.91
305.314	89.83
305.525	1700
305.736	159.84
305.947	63.26
306.158	852.94
306.369	82.15
306.58	58
306.791	114.43
307.002	21.72
307.213	-40.12
307.424	12.37
307.636	104.36
307.846	240.44
308.057	-70.87
308.268	5.55
308.479	9.65
308.69	57.63
308.901	86.91
309.112	-504.65
309.323	79.6
309.534	226.64
309.745	64.11
309.956	-3.12
310.167	3.87
310.377	49.61
310.588	98.01
310.799	155.06
311.01	-82.23
311.221	132.72
311.432	46.98
311.642	98.32
311.853	205.54
312.064	582.76
312.275	196.65
312.485	118.31
312.696	79.16
312.907	270.85
313.117	35.71
313.328	15.21
313.539	48.85
313.749	35.48
313.96	-357.14
314.171	91.81
314.381	85.42
314.592	-18.32
314.802	94.14
315.013	29.16
315.224	93.67
315.434	-510.53
315.645	-940
315.855	107.63
316.066	41.57
316.276	224.38
316.487	441.46
316.697	79.51
316.908	28.97
317.118	-14.8
317.329	171.98
317.539	43.44
317.749	180.69
317.96	-73.13
318.17	12.74
318.381	104.4
318.591	-449.45
318.801	6.8
319.012	-38.52
319.222	371.84
319.432	-92.56
319.643	153.64
319.853	252.47
320.063	45
320.273	72.63
320.484	-40.66
320.694	103.27
320.904	11.86
321.114	-403.37
321.325	2651.72
321.535	-0.47
321.745	20.46
321.955	31.32
322.165	-225.08
322.375	37.27
322.585	227.61
322.796	1244.83
323.006	90.99
323.216	111.84
323.426	-38.96
323.636	362.2
323.846	-327.59
324.056	65.45
324.266	-20.58
324.476	219.1
324.686	-103.24
324.896	69.69
325.106	1179.25
325.316	75.91
325.526	-1394.74
325.736	56.29
325.946	11.54
326.156	16.88
326.366	260
326.576	124.33
326.785	-121.11
326.995	41.08
327.205	126.13
327.415	137.97
327.625	228.47
327.835	48.3
328.044	102.01
328.254	207.83
328.464	25.09
328.674	170.07
328.884	-363.31
329.093	31.55
329.303	49.63
329.513	179.5
329.722	2205.26
329.932	4.11
330.142	42.66
330.351	47.17
330.561	805.45
330.771	-4.8
330.98	71.66
331.19	352.31
331.4	-114.84
331.609	31.57
331.819	265.85
332.028	-165.14
332.238	81.02
332.447	168.14
332.657	91.49
332.866	-62.87
333.076	33.4
333.285	144.3
333.495	1235.48
333.704	-113.45
333.914	39.85
334.123	17.37
334.333	-35.38
334.542	16.08
334.752	93.85
334.961	-43.4
335.17	-127.14
335.38	-137.6
335.589	53.26
335.798	78.64
336.008	51.65
336.217	127.23
336.426	59.01
336.636	-25.96
336.845	50.42
337.054	-45.45
337.263	-2.14
337.473	-18.14
337.682	167.75
337.891	67.08
338.1	120.14
338.309	102.85
338.519	27.11
338.728	-74.11
338.937	-255.91
339.146	206.47
339.355	-654.72
339.564	1131.58
339.773	-229.65
339.983	71.67
340.192	197.39
340.401	-42.78
340.61	6.57
340.819	108.09
341.028	-62.62
341.237	-911.76
341.446	26.73
341.655	50.37
341.864	-0.47
342.073	62.6
342.282	-17.59
342.491	23.95
342.699	395.15
342.908	-45.45
343.117	113.72
343.326	-29.55
343.535	20
343.744	-0.23
343.953	47.43
344.162	67.27
344.37	30.05
344.579	141.79
344.788	-58.57
344.997	-13.88
345.206	253.75
345.414	2.06
345.623	-31.37
345.832	-14.29
346.041	122.34
346.249	94.62
346.458	79.57
346.667	80.09
346.875	31.57
347.084	11.3
347.293	38.66
347.501	84.83
347.71	-4.5
347.918	-80.07
348.127	-475.82
348.336	-111.92
348.544	81.11
348.753	70.15
348.961	64.22
349.17	41.31
349.378	117.48
349.587	98.01
349.795	-59.22
350.004	1072.31
350.212	-5.63
350.421	-360.18
350.629	46.83
350.838	72.21
351.046	-29.68
351.254	-39.2
351.463	87.79
351.671	500
351.879	103.86
352.088	65.8
352.296	22.12
352.504	72.6
352.713	4.45
352.921	292.13
353.129	-47.02
353.338	20.7
353.546	38.04
353.754	382.21
353.962	-71.22
354.171	72.21
354.379	-3668.42
354.587	2.68
354.795	-90.23
355.003	24.56
355.212	-11.18
355.42	-450.94
355.628	132.77
355.836	203.05
356.044	18.16
356.252	33.41
356.46	27.84
356.668	998.46
356.876	75.36
357.084	129.92
357.292	81.62
357.5	-58.14
357.708	49.23
357.916	94.55
358.124	59.18
358.332	-341.79
358.54	347.27
358.748	203.9
358.956	20.52
359.164	59.68
359.372	27.44
359.58	-285.61
359.788	15.04
359.996	193.09
360.203	1.51
360.411	-73.47
360.619	-253.77
360.827	43.03
361.035	-258.28
361.242	56.6
361.45	-396.2
361.658	261.14
361.866	60.37
362.073	88.69
362.281	9.35
362.489	-31.1
362.697	70.84
362.904	-18.43
363.112	64.19
363.32	-7.35
363.527	-303.48
363.735	64.48
363.943	-19.95
364.15	88.69
364.358	11.82
364.565	59.4
364.773	33.47
364.98	-42.76
365.188	23.11
365.395	181.39
365.603	-81.69
365.81	-5.4
366.018	15.35
366.225	61.63
366.433	32.51
366.64	61.96
366.848	91.18
367.055	93.73
367.263	9.92
367.47	54.25
367.677	-77.22
367.885	-10.86
368.092	18.86
368.299	36.9
368.507	71.77
368.714	446.9
368.921	103.15
369.129	157.62
369.336	35.97
369.543	23.11
369.751	-57.66
369.958	-113.45
370.165	63.11
370.372	50.33
370.579	113.3
370.787	58.45
370.994	122.3
371.201	16.08
371.408	53.57
371.615	48.37
371.822	59.91
372.029	-36.95
372.237	-233.71
372.444	7.03
372.651	7.59
372.858	84.75
373.065	13.06
373.272	-67.77
373.479	-575.86
373.686	164.45
373.893	-82.52
374.1	-79.9
374.307	-69.78
374.514	-48.99
374.721	69.42
374.928	359.74
375.135	16.3
375.341	-220
375.548	12.45
375.755	34.69
375.962	9.94
376.169	19.44
376.376	159.92
376.583	-88.03
376.789	105.68
376.996	44.42
377.203	59.92
377.41	40.17
377.617	3.22
377.823	76.47
378.03	-312.9
378.237	49.08
378.443	-199.43
378.65	-315.09
378.857	172.32
379.063	-107.59
379.27	-240.87
379.477	114.17
379.683	-26.43
379.89	40.62
380.097	63.21
380.303	70.77
380.51	-18.47
380.716	35.99
380.923	-104.72
381.129	42.27
381.336	254.33
381.542	20.23
381.749	13.27
381.955	35.2
382.162	55.11
382.368	23.11
382.575	12.43
382.781	168.97
382.988	-94.26
383.194	-32.73
383.4	1.51
383.607	60.44
383.813	48.34
384.02	-12.21
384.226	-49.22
384.432	-55.03
384.639	48.76
384.845	-335.44
385.051	134.56
385.257	-39.17
385.464	69.03
385.67	123.74
385.876	113.82
386.082	-53.22
386.289	16.88
386.495	59.66
386.701	-121.5
386.907	21.23
387.113	25.56
387.319	87.35
387.526	-47.23
387.732	414.96
387.938	87.2
388.144	-407.83
388.35	70.39
388.556	100.59
388.762	86.3
388.968	-113.95
389.174	32.92
389.38	111.23
389.586	54.91
389.792	62.14
389.998	-2.81
390.204	-21.28
390.41	46.1
390.616	-18.13
390.822	49.16
391.028	13.55
391.234	60.19
391.439	-734.95
391.645	37.07
391.851	80.28
392.057	93.88
392.263	59.72
392.469	-105.48
392.674	-10.03
392.88	8.14
393.086	-0.12
393.292	-22.12
393.498	94.55
393.703	4.89
393.909	59.52
394.115	52.77
394.32	62.95
394.526	13.16
394.732	69.21
394.937	96.92
395.143	-63.56
395.349	87.9
395.554	-368.34
395.76	47.85
395.965	-10.64
396.171	45.62
396.377	27.98
396.582	36.67
396.788	19.26
396.993	49.45
397.199	4.28
397.404	28.71
397.61	-27.16
397.815	-32.15
398.021	-16.37
398.226	43.71
398.431	40.58
398.637	55.89
398.842	48.86
399.048	50.49
399.253	39.46
399.458	-6.19
399.664	34.57
399.869	9.28
400.074	2.92
400.28	18.35
400.485	-4.44
400.69	3.47
400.896	36.56
401.101	-2.54
401.306	20.15
401.511	16.54
401.716	-5.3
401.922	-8.47
402.127	3.43
402.332	-2.19
402.537	8.75
402.742	25.24
402.947	40.94
403.153	17.28
403.358	-18.83
403.563	5.97
403.768	12.92
403.973	7.75
404.178	-5.21
404.383	-10.19
404.588	18.34
404.793	12.7
404.998	0.86
405.203	11.01
405.408	0.38
405.613	13.99
405.818	19.29
406.023	15.09
406.228	-19.11
406.433	-2.92
406.638	13.51
406.842	11.83
407.047	15.17
407.252	8.72
407.457	9.96
407.662	4.77
407.867	7.21
408.071	14.68
408.276	2.61
408.481	13.5
408.686	5.09
408.891	7.24
409.095	5
409.3	11.75
409.505	1.96
409.709	0.83
409.914	11.37
410.119	14.22
410.323	4.52
410.528	4.4
410.733	6.88
410.937	2.97
411.142	-2.47
411.346	5.83
411.551	-1.99
411.756	8.23
411.96	9.29
412.165	3.12
412.369	3.99
412.574	2.52
412.778	5.48
412.983	6.95
413.187	8.78
413.392	4.24
413.596	2.37
413.8	5.61
414.005	5.08
414.209	6.31
414.414	3.33
414.618	4.26
414.822	3.89
415.027	6.33
415.231	1.79
415.435	6.08
415.64	0.7
415.844	5.15
416.048	5.98
416.252	4.16
416.457	4.11
416.661	4.29
416.865	2.87
417.069	3.51
417.274	5.7
417.478	3.35
417.682	3.52
417.886	2.82
418.09	4.72
418.294	4.63
418.498	4.65
418.702	1.58
418.907	3.7
419.111	1.68
419.315	5.06
419.519	4.51
419.723	1.11
419.927	3.62
420.131	5.02
420.335	4.14
420.539	4.14
420.743	5.97
420.947	1.99
421.151	3.21
421.355	4.52
421.558	4.28
421.762	2.45
421.966	5.48
422.17	3.89
422.374	4.34
422.578	3.59
422.782	4.5
422.985	3.43
423.189	3.48
423.393	2.29
423.597	4.01
423.801	4.38
424.004	2.41
424.208	3.27
424.412	3.92
424.615	3.34
424.819	3.91
425.023	4.42
425.226	3.35
425.43	4.42
425.634	3.8
425.837	3.11
426.041	3.94
426.245	3.65
426.448	4.16
426.652	3.23
426.855	3.29
427.059	3.11
427.262	3.19
427.466	2.99
427.669	3.58
427.873	3.53
428.076	3.39
428.28	3.42
428.483	3.79
428.687	3.07
428.89	3.4
429.094	3.7
429.297	3.26
429.5	3.09
429.704	3.69
429.907	3.54
430.11	3.87
430.314	3.74
430.517	3.67
430.72	3.43
430.924	3.89
431.127	3.45
431.33	4.08
431.533	3.77
431.737	3.34
431.94	3.03
432.143	3.67
432.346	3.68
432.549	3.5
432.752	3.1
432.956	3.81
433.159	2.81
433.362	2.7
433.565	2.9
433.768	3.74
433.971	2.97
434.174	3.22
434.377	3.5
434.58	3.13
434.783	2.77
434.986	3.55
435.189	4
435.392	3.36
435.595	3.76
435.798	3.41
436.001	3.85
436.204	3.09
436.407	3.07
436.61	3.54
436.813	3.5
437.016	3.64
437.219	2.89
437.421	3.37
437.624	3.27
437.827	3.5
438.03	3.34
438.233	2.91
438.435	3.28
438.638	3.74
438.841	3.22
439.044	3.31
439.246	3.41
439.449	3.29
439.652	3.61
439.854	3.64
440.057	3.48
440.26	3.42
440.462	3.15
440.665	3.2
440.868	3.43
441.07	3.5
441.273	3.79
441.475	3.37
441.678	3.25
441.88	3.34
442.083	3.04
442.286	3.16
442.488	2.94
442.69	3.43
442.893	3.44
443.095	3.15
443.298	3.21
443.5	3.35
443.703	3.57
443.905	3.6
444.108	3.3
444.31	3.59
444.512	3.26
444.715	3.37
444.917	3.13
445.119	3.54
445.322	3.36
445.524	3.78
445.726	3.49
445.928	3.05
446.131	3.29
446.333	3.52
446.535	3.54
446.737	3.29
446.94	3.76
447.142	3.54
447.344	3.51
447.546	3.55
447.748	3.61
447.95	3.23
448.152	4
448.354	3.3
448.557	3.54
448.759	3.81
448.961	3.74
449.163	3.62
449.365	3.72
449.567	3.4
449.769	3.65
449.971	3.65
450.173	3.61
450.375	3.66
450.577	3.59
450.779	3.46
450.981	3.69
451.182	3.43
451.384	3.4
451.586	4.08
451.788	3.36
451.99	3.62
452.192	3.45
452.394	4
452.595	4.01
452.797	3.39
452.999	3.67
453.201	3.82
453.402	3.41
453.604	3.8
453.806	3.48
454.008	3.67
454.209	4.14
454.411	3.35
454.613	3.9
454.814	4.18
455.016	3.48
455.218	3.71
455.419	4.21
455.621	3.66
455.822	3.75
456.024	3.48
456.225	4.3
456.427	3.5
456.629	3.42
456.83	3.7
457.032	4.04
457.233	3.64
457.435	3.71
457.636	4.26
457.837	3.91
458.039	4
458.24	4.02
458.442	3.77
458.643	3.48
458.844	4.24
459.046	4.08
459.247	3.88
459.448	3.84
459.65	4.14
459.851	4.24
460.052	4.04
460.254	4.32
460.455	4.25
460.656	4.11
460.857	4.17
461.059	4.19
461.26	4.01
461.461	4.14
461.662	3.98
461.863	4.51
462.065	4.17
462.266	4.07
462.467	3.27
462.668	3.57
462.869	5.17
463.07	4.38
463.271	4.43
463.472	3.92
463.673	4.13
463.874	4.73
464.075	4.11
464.276	3.39
464.477	4.17
464.678	4.3
464.879	3.92
465.08	4.86
465.281	4.21
465.482	3.94
465.683	3.34
465.884	4.32
466.085	5.04
466.285	3.99
466.486	4.72
466.687	4.47
466.888	4.21
467.089	4.48
467.29	4.89
467.49	4.75
467.691	4.23
467.892	4.31
468.093	5.22
468.293	4.05
468.494	4.51
468.695	4.91
468.895	4.62
469.096	4.1
469.297	5.32
469.497	5.26
469.698	5.08
469.898	3.49
470.099	6.16
470.3	5.4
470.5	3.89
470.701	5.74
470.901	6.02
471.102	5.27
471.302	4.46
471.503	4.08
471.703	6.03
471.904	5.89
472.104	4.34
472.305	4.18
472.505	4.79
472.705	5.5
472.906	3.95
473.106	5.67
473.306	3.41
473.507	4.47
473.707	5.31
473.907	3.62
474.108	4.33
474.308	3.91
474.508	5.72
474.709	5.31
474.909	4.54
475.109	3.51
475.309	3.68
475.51	3.3
475.71	3.92
475.91	5.41
476.11	4
476.31	4.46
476.51	6.56
476.71	2.89
476.911	5.57
477.111	3.79
477.311	3.39
477.511	4.28
477.711	4.25
477.911	3.92
478.111	6.82
478.311	5.77
478.511	3.99
478.711	4.55
478.911	6.13
479.111	4.6
479.311	4.85
479.511	7.23
479.711	3.53
479.91	3.94
480.11	5.42
480.31	4.52
480.51	5.56
480.71	3.99
480.91	4.5
481.109	4.75
481.309	4.5
481.509	2.27
481.709	6.33
481.909	5.4
482.108	4.23
482.308	4.38
482.508	6.2
482.707	5.98
482.907	4.52
483.107	3.89
483.306	5.28
483.506	4.98
483.706	5.24
483.905	4.65
484.105	4.77
484.304	4.89
484.504	4.65
484.704	5.61
484.903	3.48
485.103	5.23
485.302	4.78
485.502	5.15
485.701	5.02
485.901	5.71
486.1	4.22
486.299	6.12
486.499	5.37
486.698	4.99
486.898	4.44
487.097	4.46
487.296	3.5
487.496	4.67
487.695	5.35
487.894	5.39
488.094	5.77
488.293	4.3
488.492	4.69
488.692	4.22
488.891	5.13
489.09	4.71
489.289	3.52
489.489	4.58
489.688	3.39
489.887	5.06
490.086	5.33
490.285	4.05
490.484	6.25
490.683	5.34
490.883	6.28
491.082	6.17
491.281	4.16
491.48	5.29
491.679	4.88
491.878	4.1
492.077	5.43
492.276	6.29
492.475	4.2
492.674	5.42
492.873	3.96
493.072	4.39
493.271	5.17
493.47	4.03
493.669	3.89
493.867	3.44
494.066	5.72
494.265	6.04
494.464	6.05
494.663	4.78
494.862	4.15
495.06	5.99
495.259	4.09
495.458	5.14
495.657	4.84
495.856	5.14
496.054	5.96
496.253	5.3
496.452	4.54
496.65	3.99
496.849	4.17
497.048	3.81
497.246	4.33
497.445	4.68
497.644	6.07
497.842	5.83
498.041	5.48
498.239	5.25
498.438	5.32
498.636	4.46
498.835	6.76
499.034	4.35
499.232	5.11
499.431	4.73
499.629	4.5
499.827	6.05
500.026	5.36
500.224	4.88
500.423	4.8
500.621	5.85
500.82	5.24
501.018	6.86
501.216	5.36
501.415	5.83
501.613	4.97
501.811	4.91
502.01	5.98
502.208	4.53
502.406	5.91
502.604	5.87
502.803	6.04
503.001	6.18
503.199	6.09
503.397	5.86
503.595	5.36
503.794	5.7
503.992	5.32
504.19	5.23
504.388	6.14
504.586	5.4
504.784	5.83
504.982	5.56
505.18	5.99
505.378	5.53
505.576	6.26
505.774	6.36
505.972	6.14
506.17	6.61
506.368	6.27
506.566	5.87
506.764	6.22
506.962	6.28
507.16	6.23
507.358	5.64
507.556	6.43
507.754	6.1
507.952	5.99
508.15	6.38
508.347	6.07
508.545	6.37
508.743	6.2
508.941	6.63
509.139	7.01
509.336	6.36
509.534	7.24
509.732	6.84
509.93	6.3
510.127	6.56
510.325	6.51
510.523	6.61
510.72	6.94
510.918	6.67
511.116	6.7
511.313	5.81
511.511	6.84
511.708	6.9
511.906	7.32
512.104	6.85
512.301	7.2
512.499	6.7
512.696	6.82
512.894	5.78
513.091	7.22
513.289	6.97
513.486	7.46
513.683	6.69
513.881	7.09
514.078	7.35
514.276	7.53
514.473	7.26
514.67	7.68
514.868	7.57
515.065	7.53
515.262	7.8
515.46	7.46
515.657	7.32
515.854	7.55
516.052	6.47
516.249	8.13
516.446	7.88
516.643	8.03
516.84	7.53
517.038	7.01
517.235	7.51
517.432	7.9
517.629	8
517.826	7.65
518.023	8.05
518.221	7.94
518.418	8.41
518.615	7.56
518.812	7.86
519.009	8.18
519.206	8.12
519.403	7.32
519.6	7.74
519.797	7.46
519.994	7.71
520.191	8.23
520.388	8.21
520.585	7.87
520.782	8.04
520.978	8.17
521.175	7.88
521.372	8.5
521.569	8.37
521.766	8.38
521.963	7.58
522.159	8.11
522.356	7.98
522.553	8.7
522.75	8.31
522.947	7.81
523.143	8.45
523.34	8.44
523.537	8.53
523.733	8.28
523.93	8.09
524.127	8.75
524.323	8.52
524.52	8.32
524.717	8.19
524.913	8.44
525.11	8.16
525.306	8.5
525.503	8.59
525.7	8.62
525.896	8.27
526.093	8.84
526.289	8.72
526.486	8.05
526.682	8.37
526.878	8.9
527.075	8.58
527.271	8.65
527.468	8.87
527.664	8.84
527.861	8.73
528.057	9.16
528.253	9.26
528.45	8.66
528.646	8.71
528.842	9.06
529.039	8.97
529.235	9.17
529.431	8.82
529.627	8.72
529.824	9.06
530.02	8.61
530.216	9.22
530.412	9.12
530.608	8.81
530.804	8.51
531.001	8.85
531.197	9.12
531.393	9.16
531.589	8.9
531.785	8.96
531.981	8.89
532.177	9.27
532.373	8.86
532.569	9.04
532.765	9.12
532.961	8.84
533.157	8.7
533.353	9.31
533.549	9.21
533.745	9.47
533.941	9.02
534.137	8.89
534.333	8.7
534.529	9.05
534.725	9.04
534.92	9.28
535.116	9.03
535.312	9.07
535.508	9.14
535.704	9.07
535.899	9.32
536.095	9.36
536.291	8.91
536.487	9.05
536.682	9.24
536.878	9.12
537.074	8.84
537.269	9.13
537.465	9.29
537.661	9.3
537.856	9.08
538.052	9.31
538.248	9.26
538.443	9.51
538.639	9.35
538.834	9.24
539.03	9.32
539.225	9.26
539.421	9.21
539.616	9.32
539.812	8.78
540.007	9.49
540.203	9.4
540.398	9.57
540.593	9.49
540.789	9.48
540.984	9.42
541.18	9.65
541.375	9.3
541.57	9.27
541.766	9.32
541.961	9.7
542.156	10.1
542.352	9.49
542.547	9.36
542.742	9.72
542.937	9.54
543.133	9.77
543.328	9.21
543.523	9.63
543.718	9.32
543.913	9.43
544.108	9.74
544.304	9.62
544.499	10.11
544.694	9.58
544.889	9.5
545.084	10.13
545.279	10.13
545.474	9.52
545.669	9.57
545.864	9.47
546.059	9.59
546.254	9.22
546.449	9.75
546.644	9.62
546.839	9.72
547.034	9.76
547.229	10.02
547.424	9.68
547.618	9.96
547.813	9.81
548.008	10.1
548.203	9.62
548.398	9.69
548.593	10.26
548.787	9.9
548.982	9.74
549.177	9.79
549.372	9.53
549.566	9.87
549.761	9.56
549.956	9.48
550.15	10.09
550.345	9.98
550.54	9.99
550.734	9.9
550.929	10.04
551.124	9.84
551.318	9.88
551.513	9.77
551.707	9.85
551.902	10.48
552.096	10.24
552.291	10.19
552.485	10.09
552.68	10.12
552.874	10.17
553.069	10.15
553.263	10.14
553.458	10.33
553.652	10.26
553.847	10.09
554.041	9.87
554.235	10.23
554.43	10.53
554.624	10.19
554.818	10.48
555.013	10.19
555.207	10.19
555.401	10.66
555.595	10.58
555.79	10.11
555.984	10.29
556.178	10.38
556.372	10.32
556.566	10.26
556.761	10.5
556.955	10.29
557.149	10.41
557.343	10.29
557.537	10.14
557.731	10.1
557.925	10.64
558.119	10.42
558.313	10.51
558.507	10.27
558.701	10.72
558.895	10.75
559.089	10.82
559.283	10.72
559.477	10.79
559.671	10.8
559.865	10.88
560.059	10.12
560.253	10.66
560.447	10.85
560.641	10.75
560.835	10.74
561.028	10.8
561.222	10.63
561.416	10.79
561.61	10.13
561.804	10.77
561.997	10.68
562.191	10.75
562.385	10.76
562.579	10.9
562.772	10.83
562.966	10.42
563.16	10.76
563.353	11.07
563.547	10.77
563.741	10.89
563.934	10.83
564.128	11.01
564.321	10.97
564.515	11.12
564.708	11.02
564.902	10.89
565.095	11.66
565.289	11.36
565.482	11.21
565.676	10.69
565.869	11.18
566.063	10.99
566.256	10.96
566.45	10.8
566.643	10.88
566.836	10.94
567.03	11.02
567.223	11.25
567.416	11.25
567.61	11.34
567.803	11.02
567.996	11.13
568.19	11.01
568.383	10.89
568.576	11.1
568.769	11.24
568.963	11.07
569.156	10.81
569.349	11.23
569.542	11.41
569.735	11.07
569.928	11.15
570.121	11.32
570.315	11.46
570.508	11.32
570.701	11.61
570.894	11.35
571.087	11.01
571.28	11.67
571.473	11.5
571.666	11.45
571.859	11.14
572.052	11.25
572.245	11.72
572.438	11.29
572.631	11.95
572.824	11.55
573.016	11.43
573.209	11.27
573.402	11.32
573.595	11.23
573.788	11.72
573.981	11.88
574.173	11.47
574.366	12.01
574.559	11.82
574.752	11.71
574.944	11.3
575.137	11.43
575.33	11.56
575.523	11.91
575.715	11.27
575.908	11.62
576.101	11.29
576.293	11.59
576.486	11.4
576.678	11.42
576.871	11.16
577.063	11.68
577.256	11.25
577.449	11.15
577.641	11.5
577.834	11.6
578.026	11.77
578.219	11.34
578.411	11.79
578.603	12.24
578.796	11.46
578.988	11.22
579.181	11.71
579.373	11.83
579.565	11.87
579.758	11.59
579.95	11.58
580.142	11.68
580.335	11.47
580.527	11.86
580.719	11.3
580.912	11.96
581.104	12.16
581.296	11.96
581.488	12.28
581.68	12.09
581.873	11.75
582.065	11.74
582.257	11.69
582.449	11.81
582.641	12.02
582.833	11.96
583.025	12.14
583.217	11.71
583.41	11.96
583.602	11.89
583.794	11.93
583.986	12.46
584.178	11.9
584.37	12.14
584.562	11.97
584.753	12.39
584.945	12.38
585.137	11.96
585.329	12.13
585.521	12.55
585.713	11.86
585.905	12.02
586.097	11.68
586.289	12.17
586.48	12.22
586.672	12.05
586.864	12.04
587.056	12.33
587.247	12.09
587.439	11.86
587.631	11.97
587.823	12.62
588.014	12.33
588.206	12.34
588.398	12.14
588.589	12.68
588.781	12.14
588.972	12.04
589.164	12.17
589.356	12.52
589.547	12.54
589.739	12.35
589.93	12.75
590.122	12.07
590.313	12.03
590.505	12.48
590.696	12.23
590.888	12.24
591.079	12.16
591.271	12.79
591.462	12.62
591.653	13.08
591.845	12.5
592.036	12.39
592.227	12.12
592.419	12.45
592.61	12.44
592.801	12.4
592.993	12.72
593.184	12.56
593.375	12.62
593.566	12.83
593.758	12.65
593.949	13.03
594.14	12.88
594.331	12.66
594.522	13.12
594.713	12.63
594.905	12.68
595.096	12.76
595.287	12.8
595.478	12.86
595.669	12.91
595.86	12.61
596.051	12.84
596.242	12.81
596.433	13.17
596.624	13.24
596.815	13.35
597.006	13.38
597.197	13.15
597.388	13.25
597.579	13.17
597.77	12.93
597.96	13.05
598.151	13.29
598.342	13.03
598.533	13.03
598.724	13.39
598.915	13.48
599.105	12.94
599.296	13.34
599.487	12.91
599.678	13.59
599.868	13.62
600.059	13.72
600.25	13.64
600.44	13.27
600.631	13.45
600.822	13.73
601.012	14.11
601.203	13.65
601.394	13.59
601.584	14.1
601.775	13.81
601.965	13.73
602.156	13.67
602.346	13.82
602.537	14.13
602.727	13.63
602.918	13.69
603.108	13.89
603.299	13.29
603.489	14.13
603.679	14.22
603.87	14.17
604.06	13.86
604.251	13.98
604.441	13.16
604.631	13.96
604.822	14.1
605.012	13.46
605.202	14.05
605.392	13.67
605.583	14.03
605.773	14.4
605.963	14.37
606.153	14.37
606.344	14
606.534	14.27
606.724	14.5
606.914	13.95
607.104	14.18
607.294	14.5
607.484	14.37
607.674	14.64
607.864	14.77
608.054	14.2
608.245	14.2
608.435	14.65
608.625	14.63
608.814	14.21
609.004	14.79
609.194	14.05
609.384	15.05
609.574	13.97
609.764	14.5
609.954	14.73
610.144	14.1
610.334	14.67
610.524	14.41
610.713	14.32
610.903	14.44
611.093	14.33
611.283	15.01
611.473	14.68
611.662	14.41
611.852	14.38
612.042	14.74
612.231	14.55
612.421	14.48
612.611	14.36
612.8	14.81
612.99	15.13
613.18	14.52
613.369	14.97
613.559	14.59
613.748	13.91
613.938	14.66
614.128	14.65
614.317	15.07
614.507	15.49
614.696	14.71
614.886	14.98
615.075	14.65
615.264	14.83
615.454	15.77
615.643	14.86
615.833	15.21
616.022	15.35
616.211	15.05
616.401	15.11
616.59	15.75
616.779	15.21
616.969	14.33
617.158	15.09
617.347	15.25
617.537	15.35
617.726	14.65
617.915	15.03
618.104	14.4
618.293	15.23
618.483	14.34
618.672	15.22
618.861	15.27
619.05	15.88
619.239	14.84
619.428	15.21
619.617	14.93
619.806	15.16
619.995	14.67
620.184	15.56
620.373	15.51
620.562	14.84
620.751	15.25
620.94	14.98
621.129	15.82
621.318	14.55
621.507	15.53
621.696	15.04
621.885	15.14
622.074	15.4
622.263	15.12
622.452	15.77
622.64	15.69
622.829	14.82
623.018	15.71
623.207	15.13
623.396	16.03
623.584	14.79
623.773	16.35
623.962	15.68
624.15	16.8
624.339	15.86
624.528	15.6
624.716	15.63
624.905	15.75
625.094	16.11
625.282	16.04
625.471	16.04
625.659	16.02
625.848	15.34
626.037	16.07
626.225	15.94
626.414	15.4
626.602	16.24
626.791	16.08
626.979	15.44
627.167	16.11
627.356	16.37
627.544	16.24
627.733	15.69
627.921	16.48
628.109	15.81
628.298	15.65
628.486	16.17
628.674	16.21
628.863	16.02
629.051	16.16
629.239	16.44
629.428	15.83
629.616	16.72
629.804	16.77
629.992	16.68
630.18	16.47
630.369	16.36
630.557	16.64
630.745	15.39
630.933	16.65
631.121	16.92
631.309	16.42
631.497	16.71
631.685	16.35
631.873	16.63
632.061	16.42
632.249	17.3
632.437	17.63
632.625	16.65
632.813	16.3
633.001	17.09
633.189	16.7
633.377	17.84
633.565	15.71
633.753	16.49
633.941	16.46
634.129	16.89
634.316	16.53
634.504	17.14
634.692	17.06
634.88	17.1
635.068	17.37
635.255	16.72
635.443	17.11
635.631	16.96
635.818	17.17
636.006	16.73
636.194	16.88
636.382	16.45
636.569	16.97
636.757	17.32
636.944	16.3
637.132	17.15
637.32	17.85
637.507	16.98
637.695	17.05
637.882	17.41
638.07	17.68
638.257	16.39
638.445	16.69
638.632	17.48
638.82	15.6
639.007	16.69
639.194	17.19
639.382	16.55
639.569	16.93
639.757	17.48
639.944	15.81
640.131	16.89
640.319	17.49
640.506	16.95
640.693	17.81
640.88	16.65
641.068	17.81
641.255	17.29
641.442	16.76
641.629	16.84
641.817	18.19
642.004	17.32
642.191	17.55
642.378	17.66
642.565	18.03
642.752	17.89
642.939	17.06
643.126	17.24
643.313	18.49
643.501	17.9
643.688	18.62
643.875	17.71
644.062	18.02
644.249	17.25
644.435	17.57
644.622	17.41
644.809	18.6
644.996	16.73
645.183	16.77
645.37	18.22
645.557	17.83
645.744	16.63
645.931	16.97
646.117	16.43
646.304	18.31
646.491	17.98
646.678	17.64
646.865	17.9
647.051	17.76
647.238	17.36
647.425	18.51
647.611	18.65
647.798	17.67
647.985	16.64
648.171	17.87
648.358	17.31
648.545	18.25
648.731	17.73
648.918	17.6
649.104	16.59
649.291	16.79
649.477	17.38
649.664	18.96
649.85	17.67
650.037	17.55
650.223	17.33
650.41	16.26
650.596	16.74
650.783	18.03
650.969	17.61
651.155	17.75
651.342	17.82
651.528	18.41
651.714	17.63
651.901	18.16
652.087	16.67
652.273	18.18
652.46	18.01
652.646	17.84
652.832	18.49
653.018	17.26
653.204	18.61
653.391	18.69
653.577	16.5
653.763	18.64
653.949	17.81
654.135	18.27
654.321	18.2
654.507	17.57
654.693	17.84
654.879	18.51
655.065	16.53
655.252	16.72
655.438	18.27
655.624	18.52
655.809	17.03
655.995	18.21
656.181	19.98
656.367	17.23
656.553	18.78
656.739	17.69
656.925	19.67
657.111	17.77
657.297	16.64
657.482	16.85
657.668	18.76
657.854	18.87
658.04	18.69
658.226	16.95
658.411	16.46
658.597	17.95
658.783	17.51
658.968	18.84
659.154	17.22
659.34	18.27
659.525	17.97
659.711	18.38
659.897	18.34
660.082	17.43
660.268	16.89
660.453	17.12
660.639	17.87
660.824	18.65
661.01	18.12
661.195	16.81
661.381	17.15
661.566	17.06
661.752	15.88
661.937	17.47
662.123	14.55
662.308	18.44
662.494	16.52
662.679	17.47
662.864	18.33
663.05	15.6
663.235	18.05
663.42	17.36
663.605	17.06
663.791	16.35
663.976	15.46
664.161	18.22
664.346	16.14
664.532	18.38
664.717	15.33
664.902	17.49
665.087	19.48
665.272	18.83
665.457	16.25
665.642	15.88
665.828	17.58
666.013	16.31
666.198	13.81
666.383	16.42
666.568	15.75
666.753	19.18
666.938	16.2
667.123	18.44
667.308	17.23
667.493	15.06
667.677	16.98
667.862	16.13
668.047	16.17
668.232	16.77
668.417	17.41
668.602	13.93
668.787	16.06
668.971	14.54
669.156	18.32
669.341	17.99
669.526	17.61
669.711	17.57
669.895	17.87
670.08	17.42
670.265	17.21
670.449	15.71
670.634	18.92
670.819	15.89
671.003	15.45
671.188	16.3
671.372	16.62
671.557	18.62
671.742	18.17
671.926	15.12
672.111	17.71
672.295	15.12
672.48	16.27
672.664	15.82
672.849	14.31
673.033	17.49
673.217	16.78
673.402	15.01
673.586	15.45
673.771	18.56
673.955	16.06
674.139	15.24
674.324	18.09
674.508	17.19
674.692	15.08
674.876	18.98
675.061	18.04
675.245	17.93
675.429	16.26
675.613	16.33
675.798	17.81
675.982	18.37
676.166	18.12
676.35	16.54
676.534	20.19
676.718	16.71
676.902	19.55
677.087	13.4
677.271	16.15
677.455	19.41
677.639	14.28
677.823	17.67
678.007	18.5
678.191	20.69
678.375	20.59
678.559	15.95
678.742	19.28
678.926	20.16
679.11	21.04
679.294	21.37
679.478	18.47
679.662	19.34
679.846	17.82
680.029	19.98
680.213	19.3
680.397	17.31
680.581	22.76
680.765	23.73
680.948	18.67
681.132	19.18
681.316	16.34
681.499	21.62
681.683	21.68
681.867	19.93
682.05	24.3
682.234	20.72
682.417	22.16
682.601	23.79
682.785	20.86
682.968	19.75
683.152	23.33
683.335	21.02
683.519	20.58
683.702	20.66
683.886	21.81
684.069	21.13
684.253	19.34
684.436	22.32
684.619	20.49
684.803	25.65
684.986	23.7
685.169	27.15
685.353	24.6
685.536	24.95
685.719	26.43
685.903	25.32
686.086	18.93
686.269	25.84
686.452	23.37
686.636	26.57
686.819	23.16
687.002	27.31
687.185	27.06
687.368	22.86
687.551	24.41
687.734	29.2
687.918	25.45
688.101	25.25
688.284	23.74
688.467	25.35
688.65	28.04
688.833	28.53
689.016	24.11
689.199	28.02
689.382	29.72
689.565	27.72
689.748	24.35
689.93	25.33
690.113	24.6
690.296	25.1
690.479	22.82
690.662	23.62
690.845	28.84
691.028	26.42
691.21	28.31
691.393	27.88
691.576	27.8
691.759	24.94
691.941	29.05
692.124	30.77
692.307	26.31
692.489	26.74
692.672	26.31
692.855	29.56
693.037	27.38
693.22	28.7
693.403	27.66
693.585	30.43
693.768	32.7
693.95	28.32
694.133	27.45
694.315	29.1
694.498	29.52
694.68	29.21
694.863	29.25
695.045	24.46
695.228	28.68
695.41	29.65
695.592	30.07
695.775	26.22
695.957	27.55
696.139	24.52
696.322	29.98
696.504	30.05
696.686	25.86
696.869	30.51
697.051	26.4
697.233	33.2
697.415	31.29
697.597	25.85
697.78	31.13
697.962	25.58
698.144	32.22
698.326	29.75
698.508	26.73
698.69	28.56
698.872	33.13
699.055	25.56
699.237	32.25
699.419	31.5
699.601	30
699.783	34.66
699.965	30.81
700.147	28.53
700.329	33.89
700.51	33.45
700.692	34.19
700.874	31.79
701.056	31.96
701.238	28.54
701.42	39.12
701.602	29.16
701.783	23.68
701.965	29.72
702.147	29.42
702.329	29.96
702.511	28.77
702.692	37.61
702.874	33.04
703.056	28.24
703.237	31.9
703.419	35.27
703.601	33.05
703.782	32.13
703.964	28.42
704.146	34.03
704.327	34.67
704.509	37.24
704.69	30.38
704.872	32.64
705.053	32.39
705.235	38.42
705.416	28.35
705.598	27.09
705.779	34.85
705.961	25.75
706.142	32.42
706.323	35.21
706.505	31.1
706.686	31.16
706.867	33.05
707.049	32.08
707.23	24.84
707.411	34.59
707.593	32.6
707.774	36.95
707.955	23.26
708.136	25.94
708.318	33.03
708.499	27.78
708.68	28.76
708.861	28.68
709.042	30.54
709.223	30.52
709.404	32.77
709.585	34.37
709.767	29.28
709.948	35.69
710.129	33.76
710.31	24.53
710.491	25.58
710.672	33.87
710.853	22.75
711.034	35.06
711.214	27.98
711.395	33.29
711.576	37.33
711.757	20.94
711.938	28.96
712.119	30.53
712.3	31.72
712.481	29.99
712.661	29.38
712.842	27.11
713.023	34.24
713.204	20.25
713.384	18.61
713.565	27.57
713.746	20.43
713.926	27.5
714.107	21.63
714.288	20.12
714.468	29.19
714.649	38.38
714.83	23.35
715.01	41.73
715.191	28.7
715.371	38.18
715.552	27.78
715.732	33.59
715.913	36.6
716.093	39.01
716.274	31.21
716.454	28.68
716.635	36.92
716.815	32.21
716.995	25.33
717.176	40.98
717.356	33.64
717.536	33.89
717.717	30.64
717.897	30.48
718.077	27.35
718.258	38.1
718.438	20.91
718.618	34.4
718.798	25.52
718.978	38.18
719.159	22.52
719.339	47.49
719.519	20.63
719.699	35
719.879	26.71
720.059	30.01
720.239	39.31
720.419	49.79
720.599	22.86
720.779	41.79
720.959	36.09
721.139	27.8
721.319	29.46
721.499	30.46
721.679	34.59
721.859	34.11
722.039	30.56
722.219	31.5
722.399	32.67
722.579	22.79
722.759	31.52
722.938	33.59
723.118	33.99
723.298	19.74
723.478	24.75
723.658	38.97
723.837	34.26
724.017	32.22
724.197	27.88
724.376	23.21
724.556	33.99
724.736	37.99
724.915	25.22
725.095	38.65
725.275	13.54
725.454	40.16
725.634	34.48
725.813	54.25
725.993	30.08
726.172	36.36
726.352	34.72
726.531	28.75
726.711	21.97
726.89	28.4
727.07	41.82
727.249	26.96
727.428	45.16
727.608	30.68
727.787	23.53
727.966	43.28
728.146	29.94
728.325	40.09
728.504	30.33
728.684	31.62
728.863	41.49
729.042	27
729.221	-9.48
729.4	23.51
729.58	39.53
729.759	15.93
729.938	29.24
730.117	39.96
730.296	30.71
730.475	29.29
730.654	36.21
730.833	13.05
731.013	20.92
731.192	30.51
731.371	28.05
731.55	46.24
731.729	37.87
731.907	44.36
732.086	41.07
732.265	23.23
732.444	27.32
732.623	44.39
732.802	28.18
732.981	11.57
733.16	35.4
733.339	17.87
733.517	36.94
733.696	26.93
733.875	36.14
734.054	32.16
734.232	52.73
734.411	48.08
734.59	24.36
734.768	26.63
734.947	30.25
735.126	-3.76
735.304	38.57
735.483	23.18
735.662	36.77
735.84	28.71
736.019	21.01
736.197	13.73
736.376	29.72
736.554	52.83
736.733	28.37
736.911	47.72
737.09	22.49
737.268	41.22
737.447	69.96
737.625	31.32
737.803	-1.37
737.982	63.17
738.16	40.97
738.338	54.61
738.517	28.21
738.695	37.98
738.873	22.23
739.052	21.96
739.23	18.06
739.408	28.04
739.586	47.02
739.764	19.79
739.943	41.71
740.121	32.73
740.299	14.13
740.477	21.25
740.655	40.06
740.833	24.09
741.011	53.05
741.189	47.66
741.367	40.77
741.545	40.81
741.723	27.25
741.901	45.67
742.079	22.3
742.257	42.38
742.435	43.95
742.613	29.52
742.791	58.08
742.969	38.18
743.147	18.28
743.325	27.16
743.503	36.4
743.68	48.13
743.858	11.54
744.036	17.01
744.214	38.67
744.391	34.93
744.569	6.84
744.747	26.68
744.925	24.28
745.102	33.1
745.28	48.1
745.458	64.53
745.635	43.77
745.813	72.81
745.99	38.8
746.168	32.03
746.345	95.94
746.523	0.81
746.7	55.12
746.878	41.62
747.055	6.48
747.233	62.2
747.41	28.6
747.588	50.99
747.765	62.3
747.943	55.75
748.12	-8.29
748.297	4.25
748.475	43.94
748.652	7.9
748.829	50.08
749.007	38.9
749.184	39.37
749.361	51.96
749.538	51.67
749.716	32.5
749.893	102.83
750.07	18.75
750.247	72.07
750.424	46.11
750.601	78.84
750.778	29.6
750.956	23.34
751.133	4.33
751.31	31.67
751.487	32.62
751.664	29.16
751.841	38.16
752.018	38.34
752.195	51.05
752.372	34.85
752.549	-7.19
752.726	46.87
752.902	59.08
753.079	54.11
753.256	28.15
753.433	32.91
753.61	49.12
753.787	23.61
753.964	12.58
754.14	43.59
754.317	56.97
754.494	16.65
754.671	55.58
754.847	25.44
755.024	40.41
755.201	36.42
755.377	38.91
755.554	22.23
755.73	1.72
755.907	45.56
756.084	75.85
756.26	36.47
756.437	50.1
756.613	12.15
756.79	37.04
756.966	40.28
757.143	48.29
757.319	31.58
757.496	43.28
757.672	15.16
757.849	62.96
758.025	35.36
758.201	-20.28
758.378	35.87
758.554	35.05
758.73	62.86
758.907	24.08
759.083	25.01
759.259	57.16
759.435	55.18
759.612	41.01
759.788	44.24
759.964	40.65
760.14	58.45
760.316	29.5
760.493	27.07
760.669	63.64
760.845	-29.55
761.021	-35.76
761.197	-18.54
761.373	8.08
761.549	45.09
761.725	-6.23
761.901	30.17
762.077	55.06
762.253	3.6
762.429	66.23
762.605	-3.13
762.781	-8.76
762.957	50.46
763.133	21.84
763.308	20.27
763.484	65.85
763.66	128.61
763.836	54.82
764.012	5.15
764.187	1.48
764.363	86.07
764.539	3.93
764.715	52.03
764.89	59.68
765.066	-29.28
765.242	133.99
765.417	87.08
765.593	67.31
765.769	-10.04
765.944	33.08
766.12	31.18
766.295	6.19
766.471	20
766.646	59.69
766.822	40.61
766.997	48.78
767.173	73.58
767.348	31.23
767.524	22.63
767.699	48.05
767.875	65.66
768.05	-52.62
768.225	-5.35
768.401	10.8
768.576	60.7
768.751	79.16
768.927	55.37
769.102	15.85
769.277	10.09
769.452	53.24
769.628	30.73
769.803	137.78
769.978	152.57
770.153	-88.63
770.328	56.61
770.503	59.07
770.679	141.68
770.854	72.79
771.029	-4.77
771.204	-8.61
771.379	-0.11
771.554	-18.82
771.729	-12.14
771.904	14.85
772.079	43.27
772.254	92.66
772.429	100.7
772.604	14.58
772.779	92.75
772.953	11.54
773.128	68.7
773.303	1.14
773.478	78.52
773.653	22.34
773.828	59.24
774.002	91.28
774.177	35.22
774.352	197.39
774.527	47.8
774.701	42.81
774.876	119.78
775.051	-0.53
775.225	92.28
775.4	57.34
775.575	36.7
775.749	-101.12
775.924	55.4
776.098	-25.43
776.273	33.91
776.447	38.38
776.622	38.35
776.796	44.2
776.971	0.26
777.145	-10.55
777.32	94.14
777.494	82.51
777.669	45.77
777.843	89.58
778.017	48.3
778.192	32.16
778.366	43.82
778.54	124.89
778.715	8.8
778.889	11.66
779.063	61.56
779.237	48.29
779.412	1.4
779.586	44.42
779.76	-4.8
779.934	13.48
780.108	122.54
780.282	-879.1
780.457	33.4
780.631	3.21
780.805	-61.25
780.979	-502.99
781.153	27.37
781.327	89.53
781.501	48.48
781.675	118.66
781.849	53.83
782.023	41.11
782.197	55.62
782.371	170.86
782.545	234.97
782.718	-25.8
782.892	77.1
783.066	71.54
783.24	53.04
783.414	46.19
783.588	167.35
783.761	53.83
783.935	-24.83
784.109	28.07
784.283	9.57
784.456	50.71
784.63	142.22
784.804	84.67
784.977	14.12
785.151	17.76
785.324	28.67
785.498	-83.9
785.672	45.3
785.845	120.03
786.019	-28.91
786.192	126.49
786.366	57.39
786.539	36.27
786.713	-95.1
786.886	28.78
787.06	17.82
787.233	40.77
787.406	-27.41
787.58	62.22
787.753	109.64
787.926	143.12
788.1	176.07
788.273	-722.64
788.446	74.91
788.62	770.97
788.793	21.44
788.966	76.91
789.139	131.55
789.313	29.16
789.486	-1557.14
789.659	-0.57
789.832	35.98
790.005	103.85
790.178	361.95
790.351	-13.35
790.524	174.58
790.697	76.67
790.87	-145.69
791.044	1176.36
791.216	107.04
791.389	-186.63
791.562	166.55
791.735	348.1
791.908	718.18
792.081	74.28
792.254	170.33
792.427	-8.55
792.6	38.19
792.773	6.36
792.945	-55.22
793.118	196.28
793.291	500
793.464	-107.66
793.637	345.4
793.809	79.65
793.982	68.14
794.155	12.02
794.327	57.59
794.5	204.62
794.673	-233.6
794.845	-69.65
795.018	-285.79
795.19	122.47
795.363	97.34
795.536	98.23
795.708	-1822.58
795.881	10340
796.053	-10.32
796.226	342.29
796.398	-46.02
796.57	137.15
796.743	108.16
796.915	-52.32
797.088	-39.27
797.26	169.29
797.432	165.82
797.605	345.99
797.777	-855.84
797.949	-42.08
798.122	29.91
798.294	306.28
798.466	95.43
798.638	56.11
798.81	155.21
798.983	74.68
799.155	81.79
799.327	17.11
799.499	61.81
799.671	186.22
799.843	44.42
800.015	107.78
800.187	84.34
800.359	-66.74
800.531	89.99
800.703	37.03
800.875	57.77
801.047	81.11
801.219	-57
801.391	-248.05
801.563	76.98
801.735	-47.23
801.907	293.87
802.079	15.46
802.251	-515.38
802.422	103.15
802.594	203.9
802.766	17.93
802.938	112.56
803.11	-126.94
803.281	150.33
803.453	58.56
803.625	28.78
803.796	36.15
803.968	96.77
804.14	14.95
804.311	65.89
804.483	7.8
804.654	78.23
804.826	97.49
804.998	333.16
805.169	32.05
805.341	192.8
805.512	149.69
805.684	182.14
805.855	46.42
806.026	-16.92
806.198	212.88
806.369	-87.66
806.541	33.43
806.712	167.26
806.883	88.01
807.055	62.62
807.226	-297.69
807.397	-462.64
807.569	192.04
807.74	71.55
807.911	-63.27
808.082	-167.26
808.253	-22.77
808.425	86.28
808.596	-322.47
808.767	137.41
808.938	-153.11
809.109	-474.26
809.28	-239.34
809.451	101.44
809.622	70.05
809.793	-1667.74
809.964	280.87
810.135	32.2
810.306	7.51
810.477	73.15
810.648	-9.16
810.819	4.4
810.99	-1180
811.161	-26.39
811.332	208.11
811.503	62.35
811.674	407.69
811.844	-533.85
812.015	82.06
812.186	6.75
812.357	-45.92
812.527	77.97
812.698	-27.88
812.869	409.43
813.04	141.91
813.21	-79.31
813.381	-60.31
813.551	43.66
813.722	78.91
813.893	39.04
814.063	17.62
814.234	-918.18
814.404	87.9
814.575	36.27
814.745	-169.03
814.916	67.08
815.086	110.95
815.257	182.51
815.427	-162.58
815.598	71.53
815.768	123.66
815.938	56.03
816.109	232.79
816.279	73.23
816.449	-87.31
816.62	1447.37
816.79	112.86
816.96	-564.15
817.13	1.35
817.301	55.33
817.471	-47.44
817.641	190.8
817.811	-130.66
817.981	-700
818.152	96.21
818.322	12.87
818.492	13.7
818.662	220.14
818.832	65.96
819.002	-0.18
819.172	51.6
819.342	173.99
819.512	136.08
819.682	127.26
819.852	41.35
820.022	55.65
820.192	-147.19
820.362	18.4
820.531	15.31
820.701	-87.76
820.871	-8.47
821.041	-15.84
821.211	-75.82
821.381	63.09
821.55	224.26
821.72	500
821.89	-238.46
822.059	123.92
822.229	10.84
822.399	69.51
822.568	210.34
822.738	-758.54
822.908	573.62
823.077	79.34
823.247	67.54
823.416	-1476.47
823.586	-295.72
823.756	-27.32
823.925	484.81
824.095	53.49
824.264	-156.5
824.433	85.84
824.603	61.76
824.772	-23.16
824.942	-456.96
825.111	-103.02
825.28	37.89
825.45	-178.26
825.619	-163.35
825.788	216.85
825.958	96.18
826.127	-0.31
826.296	77.85
826.465	130.12
826.635	97.58
826.804	-78.75
826.973	190.04
827.142	14.89
827.311	435.57
827.48	133.68
827.649	153.92
827.818	282.68
827.988	-104.8
828.157	7.21
828.326	-104.77
828.495	-13.31
828.664	93.77
828.833	16.61
829.002	-103.73
829.17	314.77
829.339	174.37
829.508	91.9
829.677	-66.29
829.846	95.74
830.015	-7.04
830.184	-5.26
830.352	58.31
830.521	-87.05
830.69	441.46
830.859	-2111.76
831.027	500
831.196	-35.32
831.365	-42.21
831.533	39.58
831.702	77.33
831.871	-101.45
832.039	45.19
832.208	218.26
832.377	414.96
832.545	34.19
832.714	32.24
832.882	-20.83
833.051	-2.16
833.219	2214.29
833.388	9.29
833.556	66.18
833.724	-38.52
833.893	2.2
834.061	1826.32
834.23	24.07
834.398	133.98
834.566	266.23
834.735	5471.43
834.903	115.09
835.071	980
835.239	-157.05
835.408	93.59
835.576	193.02
835.744	72.56
835.912	98.32
836.08	95.08
836.249	1.89
836.417	390.91
836.585	133.84
836.753	182.83
836.921	383.24
837.089	3242.86
837.257	-1174.42
837.425	-71.91
837.593	-158.35
837.761	106.56
837.929	-35.5
838.097	98.78
838.265	68.52
838.433	31.8
838.601	-101.59
838.769	196.2
838.936	135.96
839.104	140.33
839.272	74.96
839.44	42.77
839.608	-1490.24
839.775	31.93
839.943	29.84
840.111	85.05
840.279	18.2
840.446	-180.6
840.614	-29.87
840.781	-0.87
840.949	40.12
841.117	5.88
841.284	41.63
841.452	-222.98
841.619	35.73
841.787	39.48
841.954	220.93
842.122	-6.36
842.289	156.26
842.457	30.88
842.624	87.24
842.792	-253.28
842.959	-55.43
843.126	84.23
843.294	-87.23
843.461	75.83
843.629	20
843.796	33.48
843.963	-167.7
844.13	-44.23
844.298	83.01
844.465	48.69
844.632	-88.82
844.799	65.83
844.966	111.91
845.134	109.1
845.301	-6.08
845.468	277.48
845.635	186.22
845.802	101.7
845.969	-101.53
846.136	55.11
846.303	-1457.89
846.47	11.05
846.637	463.08
846.804	-952.63
846.971	-66.56
847.138	115.44
847.305	-179.65
847.472	-61.7
847.639	98.13
847.805	67.11
847.972	-294.81
848.139	-143.78
848.306	57.89
848.473	1520.9
848.639	100.67
848.806	-287.2
848.973	75.53
849.14	-26.18
849.306	31.84
849.473	-143.71
849.64	-404.62
849.806	6.22
849.973	331.35
850.139	460.26
850.306	118.81
850.472	238.75
850.639	118.36
850.806	626.32
850.972	207.83
851.139	2385.71
851.305	109.64
851.471	-76.51
851.638	264.42
851.804	-628.36
851.971	-85.37
852.137	41.65
852.303	101.7
852.47	16.96
852.636	46.41
852.802	481.1
852.968	91.49
853.135	128.43
853.301	-325.43
853.467	27.87
853.633	32.02
853.8	42.95
853.966	-163.96
854.132	4957.14
854.298	-86.86
854.464	-133.71
854.63	88.57
854.796	154.24
854.962	85.61
855.128	103.31
855.294	-69.07
855.46	-38.42
855.626	154.59
855.792	-222.78
855.958	266.99
856.124	257.06
856.29	-127.81
856.456	102.8
856.622	76.17
856.787	390.91
856.953	56.55
857.119	155.45
857.285	-0.47
857.45	63.25
857.616	-79.95
857.782	67.26
857.948	97.49
858.113	-134.81
858.279	-29.95
858.445	320.47
858.61	1727.91
858.776	125.91
858.941	-94.06
859.107	-26.49
859.273	-28
859.438	185.61
859.604	752.63
859.769	367.72
859.935	-355.45
860.1	73.66
860.265	20.78
860.431	318.71
860.596	842.86
860.762	83.67
860.927	126.06
861.092	66.32
861.258	-98.3
861.423	259.07
861.588	181.39
861.753	1871.43
861.919	-66.04
862.084	93.7
862.249	223.39
862.414	102.73
862.579	-194.42
862.745	-51.75
862.91	238.75
863.075	-62.87
863.24	2.55
863.405	174.37
863.57	148.21
863.735	-79.94
863.9	11.5
864.065	-50.46
864.23	59.89
864.395	25.98
864.56	64.95
864.725	120.25
864.89	149.44
865.055	85.13
865.22	123.21
865.384	28.09
865.549	-408.74
865.714	-70.49
865.879	-133.44
866.044	-133.44
866.208	190.32
866.373	130.77
866.538	64.4
866.702	39.67
866.867	92.97
867.032	-70.35
867.196	109.1
867.361	605.6
867.526	41.63
867.69	-22.74
867.855	-93.41
868.019	1372.73
868.184	1.44
868.348	110.92
868.513	-1358.06
868.677	154.47
868.842	-85.16
869.006	71.67
869.17	-1401.89
869.335	-963.41
869.499	-117.48
869.663	229.8
869.828	23.89
869.992	946.51
870.156	19.64
870.321	-224.93
870.485	52.99
870.649	44.06
870.813	-177.49
870.978	-25.96
871.142	-718.46
871.306	-154.03
871.47	438.69
871.634	575.59
871.798	75.16
871.962	87.24
872.126	-14.29
872.29	35.11
872.454	2214.29
872.618	-194.74
872.782	123.88
872.946	411.41
873.11	246.73
873.274	104.62
873.438	5.88
873.602	-19.26
873.766	500
873.93	-95.07
874.094	216.85
874.257	149.87
874.421	430.64
874.585	-983.64
874.749	36.32
874.912	-95.68
875.076	80.15
875.24	-94.1
875.403	53.58
875.567	164
875.731	-362.92
875.894	137.55
876.058	132.54
876.222	-214.61
876.385	150.25
876.549	-45.63
876.712	238.18
876.876	-204.45
877.039	96.91
877.203	92.51
877.366	-50.97
877.529	-80.92
877.693	76.75
877.856	148.22
878.02	130.39
878.183	-26.65
878.346	-435.06
878.51	117.7
878.673	137.41
878.836	49.53
878.999	306.45
879.163	188.06
879.326	-34.02
879.489	-29.7
879.652	70.36
879.815	-32.95
879.978	-141.63
880.142	-71.81
880.305	37.89
880.468	100.96
880.631	48.01
880.794	-15.4
880.957	-495.12
881.12	-2535.29
881.283	37.22
881.446	8.59
881.609	137.41
881.772	42.67
881.935	-1335.29
882.097	153.2
882.26	-201.89
882.423	89.95
882.586	225.46
882.749	94.17
882.912	102.45
883.074	133.07
883.237	5.42
883.4	6.63
883.562	24.97
883.725	-133.6
883.888	263.78
884.05	-4780
884.213	106.95
884.376	37.63
884.538	94.51
884.701	94.51
884.863	94.51
