181.954	155.87
182.172	155.87
182.39	155.87
182.608	-4820
182.826	-513.19
183.043	-60.85
183.261	6.81
183.479	182.7
183.697	-429.41
183.914	73.28
184.132	302.14
184.35	360.99
184.567	192.96
184.785	370.8
185.003	67.61
185.22	236.48
185.438	64.3
185.656	-5.53
185.873	-241.54
186.091	27.29
186.309	1072.41
186.526	-109.05
186.744	54.69
186.961	-7.97
187.179	148.34
187.396	30.02
187.614	164.62
187.831	-1700
188.049	-330.67
188.266	95.87
188.484	592.54
188.701	-162.14
188.919	71.03
189.136	221.2
189.354	-59.85
189.571	17.54
189.789	37.47
190.006	112.6
190.223	90.27
190.441	61.12
190.658	-8214.29
190.876	71.51
191.093	-262.64
191.31	23.64
191.528	22.72
191.745	67.54
191.962	142.94
192.179	-79.02
192.397	151.01
192.614	64.98
192.831	52.16
193.049	19.18
193.266	455.34
193.483	28.21
193.7	-56.92
193.917	105.48
194.135	156.12
194.352	-83.01
194.569	5.94
194.786	140.17
195.003	112.65
195.221	51.23
195.438	-165.02
195.655	66.83
195.872	150.85
196.089	31.7
196.306	48.21
196.523	86.83
196.74	293.47
196.957	67.55
197.174	84.77
197.391	-46.77
197.608	17.98
197.825	-1235.48
198.042	-7.45
198.259	-251.72
198.476	87.23
198.693	3340
198.91	-87.98
199.127	-571.64
199.344	-135.63
199.561	47.98
199.778	44.36
199.995	-195.52
200.212	2148.28
200.429	-192.89
200.646	-44.3
200.862	551.69
201.079	-27.84
201.296	-39.07
201.513	443.69
201.73	-154.61
201.947	-17.62
202.163	31.46
202.38	179.77
202.597	353.48
202.814	36.95
203.03	-260
203.247	-41.71
203.464	98.85
203.681	185.71
203.897	60.42
204.114	-250.94
204.331	98.99
204.547	-834.88
204.764	92.32
204.981	558.82
205.197	225.11
205.414	186.63
205.63	989.66
205.847	241.71
206.064	-456.36
206.28	-6.27
206.497	50.87
206.713	53.11
206.93	77.87
207.146	-71.94
207.363	810.77
207.579	-302.2
207.796	-149.56
208.012	108.22
208.229	-374.63
208.445	91.83
208.662	-1.85
208.878	137.58
209.095	417.65
209.311	24.91
209.528	-3414.29
209.744	-8.88
209.96	-150.33
210.177	583.5
210.393	39.16
210.609	-4100
210.826	140.49
211.042	428.7
211.258	180.6
211.475	-179.14
211.691	-30.06
211.907	183.54
212.124	-20.45
212.34	233.71
212.556	25.53
212.772	-289.01
212.989	-166.23
213.205	-57.2
213.421	-65.83
213.637	55.22
213.853	107
214.069	1647.37
214.286	168.22
214.502	-231.34
214.718	-105.02
214.934	98.3
215.15	-118.36
215.366	83.03
215.582	203.89
215.798	42.48
216.015	49.53
216.231	-247.03
216.447	34.67
216.663	80.65
216.879	253.77
217.095	208.72
217.311	450.94
217.527	213.59
217.743	-92.23
217.959	111.32
218.175	91.97
218.391	112.95
218.606	103.43
218.822	376.52
219.038	-114.97
219.254	118.95
219.47	-2.73
219.686	780.9
219.902	63.61
220.118	10.21
220.334	25.26
220.549	106.68
220.765	11.38
220.981	-43.66
221.197	22.91
221.413	-262.64
221.628	168.35
221.844	-364.15
222.06	-22.33
222.276	2.23
222.491	2.28
222.707	133.44
222.923	-363.09
223.139	38
223.354	3.23
223.57	29.13
223.786	28.1
224.001	-32.05
224.217	91.25
224.432	408.67
224.648	207.56
224.864	69.64
225.079	520.9
225.295	38.96
225.51	5.95
225.726	-40.99
225.942	-14.73
226.157	47.56
226.373	-76.17
226.588	-30.11
226.804	-1573.68
227.019	90.95
227.235	19.4
227.45	87.62
227.665	3580
227.881	133.07
228.096	-82.61
228.312	-121.84
228.527	127.66
228.743	89.71
228.958	-174.64
229.173	-729.57
229.389	62.06
229.604	31.05
229.819	121.25
230.035	-59.01
230.25	-76.68
230.465	-40.43
230.681	23.78
230.896	-42.43
231.111	45.3
231.327	38.42
231.542	700
231.757	93.31
231.972	-97.17
232.187	-127.23
232.403	194.74
232.618	-101.36
232.833	65.61
233.048	-194.55
233.263	-45.7
233.478	-207.83
233.694	58.14
233.909	312.9
234.124	73.83
234.339	-56.16
234.554	741.38
234.769	-98.87
234.984	0.45
235.199	46.69
235.414	137.17
235.629	-241.77
235.844	53.85
236.059	89.78
236.274	-97.58
236.489	-22.26
236.704	120.94
236.919	-3.21
237.134	38.99
237.349	115.84
237.564	65.4
237.779	-21.9
237.994	225.11
238.209	131.38
238.424	30.06
238.639	114
238.853	-5.34
239.068	-10.57
239.283	32.93
239.498	209.23
239.713	18.36
239.928	22.56
240.142	-155.5
240.357	-3
240.572	-47.04
240.787	59.13
241.001	61.7
241.216	67.91
241.431	204.63
241.646	48.73
241.86	-10.31
242.075	-806.98
242.29	4.47
242.504	-51.66
242.719	252.8
242.934	95.28
243.148	27.56
243.363	43.96
243.577	-68.54
243.792	-9.31
244.007	-5.34
244.221	-188.31
244.436	-88.06
244.65	22.7
244.865	-33.65
245.079	156.5
245.294	-171.94
245.508	5.12
245.723	-107.89
245.937	-12.09
246.152	7.6
246.366	98.97
246.581	10.91
246.795	88.96
247.01	-18.73
247.224	56.75
247.438	-16.63
247.653	45.14
247.867	81.41
248.081	-31.83
248.296	114.63
248.51	57.37
248.724	36.45
248.939	-320.9
249.153	215.1
249.367	-32.79
249.582	10.08
249.796	138.96
250.01	223.18
250.224	17.61
250.439	-13.24
250.653	36.17
250.867	90.74
251.081	-175.83
251.295	-24.11
251.51	-9.79
251.724	26.62
251.938	62.08
252.152	-657.66
252.366	63.68
252.58	198.18
252.794	0.14
253.008	-31.13
253.223	0.22
253.437	60.5
253.651	43.42
253.865	18.55
254.079	-54.88
254.293	19.44
254.507	307.27
254.721	-17.62
254.935	40.66
255.149	106.34
255.363	63.3
255.577	353.69
255.791	130.51
256.005	74.23
256.218	-16.04
256.432	-15.09
256.646	61.92
256.86	297.75
257.074	15.37
257.288	-9140
257.502	-78.02
257.716	10.25
257.929	116.31
258.143	33.58
258.357	110.6
258.571	13.65
258.785	-92.06
258.998	-41.68
259.212	44.03
259.426	-37.22
259.64	133.28
259.853	-48.59
260.067	67.68
260.281	121.31
260.494	32.05
260.708	521.78
260.922	54.41
261.135	51.35
261.349	-66.39
261.563	167.95
261.776	-147.06
261.99	23.29
262.203	44.7
262.417	93.64
262.63	-93.22
262.844	187.64
263.058	16.61
263.271	37.49
263.485	150.64
263.698	25.47
263.912	-157.87
264.125	-7.37
264.339	312.6
264.552	-97.58
264.765	-145.22
264.979	41.69
265.192	55.86
265.406	33.91
265.619	-67.21
265.832	95.42
266.046	-17.76
266.259	20.68
266.473	-1119.35
266.686	26.93
266.899	33.03
267.113	2140
267.326	-122.61
267.539	-102.64
267.752	41.4
267.966	133.29
268.179	44.65
268.392	0.18
268.605	-18.11
268.819	116.53
269.032	85.78
269.245	53.85
269.458	124.35
269.671	229.11
269.885	2.88
270.098	74.83
270.311	-135.44
270.524	25.8
270.737	86.19
270.95	-86.75
271.163	-225.98
271.376	-151.61
271.589	-120.25
271.802	50.51
272.016	27.69
272.229	146.59
272.442	131.58
272.655	114.25
272.868	-64.58
273.081	-189.89
273.294	12.69
273.506	17.31
273.719	8.4
273.932	12.03
274.145	460
274.358	92.08
274.571	90.92
274.784	1243.4
274.997	73.04
275.21	24.25
275.423	-103.06
275.635	115.08
275.848	27.63
276.061	-182.12
276.274	0.26
276.487	-249.57
276.699	-89.08
276.912	0.26
277.125	-25.11
277.338	63.22
277.55	80.24
277.763	115.9
277.976	96.39
278.189	238.46
278.401	-30.99
278.614	440.8
278.827	62.45
279.039	149.01
279.252	7.55
279.464	-73.4
279.677	102.91
279.89	-26.91
280.102	18.59
280.315	495.12
280.527	-1257.89
280.74	-1948.28
280.952	81.2
281.165	93.92
281.377	50.67
281.59	-146.39
281.802	-90.67
282.015	101.45
282.227	33.07
282.44	259.71
282.652	659.55
282.865	159.72
283.077	86.99
283.29	100.71
283.502	37.88
283.714	125.59
283.927	136.6
284.139	-237.34
284.351	184.4
284.564	122.46
284.776	81.3
284.988	-156.54
285.201	55.22
285.413	13.85
285.625	51.35
285.838	-1.68
286.05	36.67
286.262	18.08
286.474	148.94
286.686	68.34
286.899	32.74
287.111	90.92
287.323	-47.57
287.535	129.7
287.747	69.53
287.959	-53.62
288.172	-238.18
288.384	-8.92
288.596	-68.11
288.808	-24.53
289.02	1379.25
289.232	56.82
289.444	-63.64
289.656	-249.84
289.868	2.81
290.08	74.23
290.292	-60.85
290.504	18.32
290.716	28.44
290.928	33.73
291.14	644.19
291.352	-41.92
291.564	205.88
291.776	150.51
291.988	88.96
292.2	-67.77
292.412	18.92
292.624	153.11
292.835	664.18
293.047	1.91
293.259	56.74
293.471	-92.76
293.683	260.98
293.895	-22.94
294.106	19.36
294.318	35.75
294.53	-6.87
294.742	1651.72
294.953	-92.62
295.165	29.45
295.377	128.04
295.589	-16.64
295.8	27.31
296.012	63.43
296.224	6.35
296.435	161.32
296.647	62.36
296.858	294.24
297.07	127.69
297.282	4.78
297.493	-34.29
297.705	-20
297.916	-22.05
298.128	42.78
298.34	88.56
298.551	23.29
298.763	106.48
298.974	83.84
299.186	-51.29
299.397	112.24
299.609	-229.03
299.82	59.06
300.031	53.03
300.243	257.89
300.454	111.04
300.666	69.6
300.877	216.59
301.089	-76.17
301.3	1.98
301.511	0.13
301.723	-45.01
301.934	305.97
302.145	-83.08
302.357	91.5
302.568	901.6
302.779	35.57
302.99	-47.98
303.202	13.53
303.413	-25.64
303.624	-235.59
303.835	971.7
304.047	-125.91
304.258	37.26
304.469	19.31
304.68	16.31
304.891	-76.94
305.103	-124.71
305.314	50.44
305.525	3614.29
305.736	29.13
305.947	80.02
306.158	1476.47
306.369	66.7
306.58	48.63
306.791	31.15
307.002	70.92
307.213	-23.29
307.424	-313.43
307.636	-3
307.846	22.88
308.057	233.98
308.268	61.01
308.479	32.24
308.69	39.75
308.901	102.56
309.112	-81.4
309.323	-58.31
309.534	69.88
309.745	8.83
309.956	186.69
310.167	-90.59
310.377	-46.53
310.588	184.86
310.799	53.85
311.01	46.7
311.221	-75.73
311.432	38.28
311.642	2.74
311.853	190.24
312.064	1362.07
312.275	102.23
312.485	84.1
312.696	14.6
312.907	-276.88
313.117	46.96
313.328	-27.18
313.539	-2.81
313.749	27.05
313.96	-407.69
314.171	30.01
314.381	85.74
314.592	4.2
314.802	20.91
315.013	-3
315.224	29.12
315.434	-184.21
315.645	220
315.855	108.17
316.066	565.17
316.276	140.28
316.487	1314.63
316.697	44.82
316.908	2.43
317.118	58.31
317.329	63.1
317.539	55.91
317.749	154.08
317.96	-553.73
318.17	-56.8
318.381	-394.51
318.591	-302.2
318.801	41.82
319.012	72.44
319.222	233.98
319.432	-71.22
319.643	52.77
319.853	48.88
320.063	58.75
320.273	31.88
320.484	-157.14
320.694	224.9
320.904	-36.27
321.114	335.96
321.325	617.24
321.535	51.66
321.745	36.9
321.955	25.29
322.165	-35.95
322.375	37.49
322.585	140.49
322.796	-789.66
323.006	84.79
323.216	88.58
323.426	33
323.636	-57.89
323.846	1734.48
324.056	65.58
324.266	36.3
324.476	19.92
324.686	336.76
324.896	-46.96
325.106	450.94
325.316	34.39
325.526	700
325.736	45.87
325.946	-21.06
326.156	1011.69
326.366	-270.43
326.576	30.23
326.785	-120.1
326.995	101.7
327.205	205.53
327.415	89.83
327.625	305.84
327.835	37
328.044	271.86
328.254	439.13
328.464	161.48
328.674	109.31
328.884	-154.68
329.093	-147.06
329.303	50.77
329.513	-8.07
329.722	-184.21
329.932	62.43
330.142	22.09
330.351	-1.89
330.561	198.18
330.771	-455.72
330.98	68.94
331.19	-500
331.4	-59.01
331.609	55.78
331.819	1431.71
332.028	48.57
332.238	0.34
332.447	9.82
332.657	78.22
332.866	47.23
333.076	14.99
333.285	113.68
333.495	738.71
333.704	-343.95
333.914	54.24
334.123	44.06
334.333	792.31
334.542	32.97
334.752	53.85
334.961	292.45
335.17	-162.31
335.38	-48.77
335.589	68.36
335.798	37.17
336.008	-341.76
336.217	-127.23
336.426	76.95
336.636	20.85
336.845	13.8
337.054	559.74
337.263	-3.79
337.473	41.53
337.682	27.69
337.891	25.39
338.1	276.98
338.309	123.49
338.519	147.84
338.728	-11.71
338.937	-169.29
339.146	389.21
339.355	-500
339.564	-563.16
339.773	-59.8
339.983	77.9
340.192	-280.87
340.401	-29.16
340.61	84.06
340.819	16.95
341.028	-27.87
341.237	629.41
341.446	62.99
341.655	41.94
341.864	-107.58
342.073	30.59
342.282	34.94
342.491	199.82
342.699	47.57
342.908	170.13
343.117	123.75
343.326	189.88
343.535	-390.91
343.744	-84.07
343.953	-6.29
344.162	25.21
344.37	-7.43
344.579	431.34
344.788	-76.47
344.997	-28.47
345.206	125.41
345.414	29.35
345.623	75.65
345.832	-112.18
346.041	84.77
346.249	40.5
346.458	38.1
346.667	83.78
346.875	102.8
347.084	57.03
347.293	59.83
347.501	-113.27
347.71	7.41
347.918	-194.46
348.127	-394.51
348.336	-380.79
348.544	51.95
348.753	234.33
348.961	62.43
349.17	213.51
349.378	116.97
349.587	-14.64
349.795	129.13
350.004	460
350.212	33.18
350.421	-160.18
350.629	43.81
350.838	78.77
351.046	203.24
351.254	32.31
351.463	3.82
351.671	-1194.74
351.879	-37.35
352.088	47.79
352.296	179.65
352.504	169.28
352.713	-23.89
352.921	-566.14
353.129	24.85
353.338	-48.69
353.546	-21.64
353.754	0.61
353.962	-150.18
354.171	-10.79
354.379	-3152.63
354.587	33.64
354.795	94.14
355.003	-51.19
355.212	-50.45
355.42	201.89
355.628	46.51
355.836	-125.76
356.044	52.96
356.252	33.64
356.46	-70.76
356.668	570.77
356.876	67.76
357.084	124.73
357.292	-7.45
357.5	34.53
357.708	-18.35
357.916	144.14
358.124	-10.2
358.332	-231.34
358.54	-456.36
358.748	435.06
358.956	80.56
359.164	36.81
359.372	71.76
359.58	87.05
359.788	73.13
359.996	153.71
360.203	33.15
360.411	0.21
360.619	-186.43
360.827	19.94
361.035	-234.97
361.242	45.45
361.45	183.54
361.658	63.03
361.866	-125.42
362.073	34.28
362.281	125.67
362.489	32.65
362.697	-32.57
362.904	-155.59
363.112	159.85
363.32	-7.05
363.527	178.26
363.735	-13.51
363.943	-68.49
364.15	-135.34
364.358	74.75
364.565	-7.56
364.773	50.7
364.98	59.72
365.188	-72.35
365.395	47.89
365.603	232.2
365.81	-32.97
366.018	46.69
366.225	47.17
366.433	47.89
366.64	-1.54
366.848	47.74
367.055	-89.97
367.263	-17.98
367.47	46.32
367.677	305.06
367.885	77.38
368.092	-13.15
368.299	-47.04
368.507	76.83
368.714	891.15
368.921	-8.66
369.129	45.45
369.336	57.21
369.543	-25.7
369.751	-35.02
369.958	-74.89
370.165	77.72
370.372	-5.1
370.579	40.15
370.787	3.13
370.994	101.97
371.201	131.06
371.408	35.38
371.615	-9.18
371.822	24.83
372.029	-68.81
372.237	-609.71
372.444	187.57
372.651	19.55
372.858	-3.81
373.065	38.38
373.272	-97.95
373.479	658.62
373.686	11.85
373.893	-686.41
374.1	-23.44
374.307	-241.01
374.514	83
374.721	-19.11
374.928	201.3
375.135	-61.58
375.341	2140
375.548	-4.59
375.755	-111.66
375.962	-40.12
376.169	-50.35
376.376	-155.06
376.583	-45.01
376.789	69.08
376.996	54.21
377.203	-67.13
377.41	-50.25
377.617	-53.57
377.823	289.3
378.03	854.84
378.237	7.6
378.443	-68
378.65	383.02
378.857	-119.19
379.063	137.97
379.27	376.52
379.477	78.75
379.683	-150.14
379.89	6.47
380.097	-39.73
380.303	53.2
380.51	51.45
380.716	17.63
380.923	-140.94
381.129	49.63
381.336	-207.09
381.542	40.73
381.749	54.02
381.955	47.86
382.162	125.25
382.368	67.6
382.575	-8.23
382.781	-251.72
382.988	0.19
383.194	30.01
383.4	-8.12
383.607	58.22
383.813	-17.34
384.02	-7.16
384.226	-59.87
384.432	-87.57
384.639	25.4
384.845	-727.85
385.051	41.68
385.257	-8.89
385.464	77.27
385.67	69.81
385.876	179.05
386.082	-308.81
386.289	52.54
386.495	0.12
386.701	-11.4
386.907	-39.64
387.113	49.24
387.319	74.42
387.526	-66.12
387.732	-27.56
387.938	-20
388.144	-30.43
388.35	86
388.556	24.89
388.762	58.21
388.968	-137.21
389.174	34.67
389.38	101.3
389.586	-1.44
389.792	45.95
389.998	-46.44
390.204	42.27
390.41	53.22
390.616	-40.19
390.822	-51.4
391.028	44.78
391.234	-4.37
391.439	-336.89
391.645	-10.96
391.851	41.4
392.057	20.84
392.263	57.53
392.469	52.83
392.674	-1.01
392.88	15.59
393.086	13.05
393.292	-111.7
393.498	-212.26
393.703	23.94
393.909	7.82
394.115	145.23
394.32	-19.4
394.526	-6.53
394.732	64.35
394.937	87.87
395.143	-121.05
395.349	41.68
395.554	-162.31
395.76	14.29
395.965	4.63
396.171	-21.22
396.377	-32.68
396.582	3.78
396.788	9.29
396.993	8.87
397.199	-5.37
397.404	43.62
397.61	0.13
397.815	-25.79
398.021	-20.97
398.226	-12.86
398.431	-15.45
398.637	34.46
398.842	23.29
399.048	4.81
399.253	24.38
399.458	-9.13
399.664	8.96
399.869	-24.59
400.074	-3.51
400.28	31.15
400.485	1.82
400.69	-5.59
400.896	-15.86
401.101	-8.98
401.306	21.77
401.511	18.73
401.716	16.44
401.922	-7.66
402.127	0.63
402.332	15
402.537	25.8
402.742	3.26
402.947	28.43
403.153	3.15
403.358	12.05
403.563	13.07
403.768	0.9
403.973	3.68
404.178	8.04
404.383	0.04
404.588	19.09
404.793	22.11
404.998	8.09
405.203	3.58
405.408	-0.8
405.613	11.38
405.818	5.18
406.023	8.84
406.228	-7.17
406.433	-2.22
406.638	3.13
406.842	3.97
407.047	22.93
407.252	-4.48
407.457	16.25
407.662	10.61
407.867	8.65
408.071	6.83
408.276	7.46
408.481	7.48
408.686	2.06
408.891	7.28
409.095	15.64
409.3	10.55
409.505	9.29
409.709	5.89
409.914	11.4
410.119	8.58
410.323	2.13
410.528	4.73
410.733	9.12
410.937	7.69
411.142	4.65
411.346	5.22
411.551	4.22
411.756	8.48
411.96	5.95
412.165	-1.31
412.369	8.35
412.574	2.23
412.778	3.96
412.983	7.27
413.187	8.15
413.392	1.45
413.596	4.67
413.8	8.52
414.005	8.95
414.209	4.5
414.414	3.19
414.618	3.7
414.822	6.66
415.027	4.48
415.231	4.13
415.435	6.48
415.64	4.63
415.844	4.74
416.048	6.23
416.252	6.82
416.457	6.42
416.661	7.74
416.865	4.08
417.069	4.14
417.274	4.62
417.478	3.5
417.682	6.19
417.886	4.56
418.09	5.8
418.294	4.15
418.498	6.03
418.702	6.45
418.907	4.26
419.111	4.35
419.315	4.69
419.519	7.93
419.723	2.68
419.927	4.05
420.131	6.24
420.335	3.5
420.539	3.84
420.743	6.82
420.947	3.61
421.151	4.12
421.355	3.3
421.558	5.11
421.762	4.58
421.966	3.74
422.17	3.84
422.374	4.69
422.578	3.08
422.782	5.46
422.985	4.67
423.189	4.28
423.393	4.58
423.597	3.24
423.801	4.71
424.004	4.45
424.208	3.97
424.412	4.12
424.615	3.34
424.819	5.35
425.023	4.54
425.226	4.62
425.43	4.8
425.634	5.28
425.837	3.64
426.041	4.62
426.245	4.61
426.448	4.6
426.652	4.55
426.855	3.63
427.059	3.64
427.262	4.21
427.466	3.59
427.669	3.92
427.873	4.09
428.076	4.26
428.28	3.92
428.483	4.13
428.687	4.8
428.89	4.26
429.094	3.56
429.297	4.74
429.5	4.59
429.704	4.29
429.907	4.55
430.11	3.76
430.314	4.62
430.517	4.31
430.72	4.88
430.924	4.39
431.127	4.54
431.33	4.07
431.533	4.95
431.737	4.82
431.94	4.05
432.143	4.37
432.346	4.15
432.549	4.36
432.752	3.64
432.956	4.07
433.159	3.77
433.362	3.85
433.565	3.78
433.768	4.26
433.971	3.93
434.174	4.11
434.377	3.86
434.58	4.03
434.783	3.8
434.986	3.75
435.189	4.52
435.392	3.92
435.595	4.49
435.798	4.53
436.001	4.26
436.204	4.22
436.407	3.95
436.61	4.48
436.813	4.48
437.016	4.79
437.219	3.86
437.421	4.46
437.624	4.31
437.827	4.43
438.03	4.19
438.233	4.15
438.435	4.54
438.638	4.4
438.841	4.35
439.044	3.8
439.246	4.33
439.449	4.07
439.652	4.39
439.854	4.2
440.057	4.27
440.26	4.42
440.462	4.21
440.665	4.11
440.868	4.34
441.07	3.98
441.273	4.58
441.475	3.96
441.678	4.21
441.88	4.31
442.083	4.09
442.286	3.97
442.488	3.83
442.69	4.35
442.893	4.1
443.095	4.13
443.298	4.27
443.5	4.45
443.703	4.08
443.905	4.3
444.108	4
444.31	4.45
444.512	4.23
444.715	4.55
444.917	4.19
445.119	4.21
445.322	4.13
445.524	4.6
445.726	4.33
445.928	4.04
446.131	4.26
446.333	4.06
446.535	4.27
446.737	4.52
446.94	4.56
447.142	4.44
447.344	4.14
447.546	4.32
447.748	4.29
447.95	4.43
448.152	4.38
448.354	4.61
448.557	4.79
448.759	4.64
448.961	4.14
449.163	4.77
449.365	4.47
449.567	4.49
449.769	4.39
449.971	4.27
450.173	4.09
450.375	4.31
450.577	4.5
450.779	4.64
450.981	4.51
451.182	4.27
451.384	4.32
451.586	4.68
451.788	4.3
451.99	4.72
452.192	4.12
452.394	4.91
452.595	5.12
452.797	4.55
452.999	4.75
453.201	4.85
453.402	4.87
453.604	4.65
453.806	4.67
454.008	4.69
454.209	4.87
454.411	4.85
454.613	5.06
454.814	4.68
455.016	4.77
455.218	4.71
455.419	4.98
455.621	5.15
455.822	4.49
456.024	4.93
456.225	5.68
456.427	4.87
456.629	4.83
456.83	5.33
457.032	4.92
457.233	4.42
457.435	4.78
457.636	5.06
457.837	4.71
458.039	4.96
458.24	5.18
458.442	5.5
458.643	4.53
458.844	5.78
459.046	5.02
459.247	5.12
459.448	5.52
459.65	5.07
459.851	5.71
460.052	5.08
460.254	5.04
460.455	5.65
460.656	5.24
460.857	5.08
461.059	4.9
461.26	5.55
461.461	5.1
461.662	5.34
461.863	5.17
462.065	6.27
462.266	6.04
462.467	4.96
462.668	4.95
462.869	5.82
463.07	5.25
463.271	4.83
463.472	4.62
463.673	4.67
463.874	5.31
464.075	5.96
464.276	5.44
464.477	5.25
464.678	5.1
464.879	5.47
465.08	5.11
465.281	6.03
465.482	5.27
465.683	4.72
465.884	5.77
466.085	5.21
466.285	5.73
466.486	6.17
466.687	5.61
466.888	6.11
467.089	5.58
467.29	4.76
467.49	5.3
467.691	5.08
467.892	5.11
468.093	4.87
468.293	5.65
468.494	5.9
468.695	6.02
468.895	5.95
469.096	4.93
469.297	6.76
469.497	5.31
469.698	6.34
469.898	5.45
470.099	6.78
470.3	5.97
470.5	5.43
470.701	6.28
470.901	5.58
471.102	6.82
471.302	5.16
471.503	4.85
471.703	7.32
471.904	5.25
472.104	5
472.305	6.18
472.505	5.5
472.705	5.79
472.906	4.31
473.106	6.46
473.306	5.36
473.507	6.88
473.707	7.05
473.907	5.12
474.108	4.79
474.308	5.4
474.508	5.97
474.709	7.52
474.909	6.64
475.109	3.84
475.309	4.64
475.51	5.25
475.71	4.98
475.91	5.76
476.11	4.91
476.31	4.55
476.51	7.08
476.71	6.48
476.911	6.72
477.111	6.27
477.311	6.06
477.511	5.53
477.711	4.14
477.911	4.43
478.111	6.13
478.311	6.47
478.511	6.62
478.711	6.72
478.911	5.08
479.111	4.36
479.311	5.49
479.511	8.41
479.711	4.93
479.91	5.04
480.11	6.32
480.31	6.23
480.51	6.24
480.71	4.91
480.91	6.29
481.109	6.3
481.309	4.51
481.509	6.27
481.709	5.58
481.909	6.18
482.108	4.56
482.308	5.44
482.508	7.42
482.707	7.25
482.907	7.12
483.107	6.47
483.306	5.72
483.506	6.02
483.706	5.18
483.905	4.94
484.105	6.27
484.304	4.68
484.504	6.04
484.704	5.22
484.903	6.21
485.103	6.08
485.302	4.91
485.502	7.75
485.701	5.78
485.901	5.78
486.1	5.91
486.299	6.53
486.499	4.04
486.698	5.44
486.898	5.49
487.097	5.89
487.296	4.59
487.496	5.35
487.695	4.9
487.894	5.33
488.094	5.38
488.293	5.65
488.492	5.71
488.692	6.4
488.891	6.07
489.09	6.28
489.289	5.95
489.489	5.15
489.688	4.08
489.887	5.75
490.086	5.16
490.285	5.99
490.484	6.67
490.683	6.22
490.883	6.83
491.082	5.97
491.281	7.23
491.48	6.4
491.679	6.62
491.878	7.39
492.077	5.99
492.276	6.37
492.475	6.54
492.674	6.67
492.873	5.17
493.072	6.63
493.271	5.66
493.47	5.46
493.669	5.92
493.867	5.79
494.066	6.91
494.265	7.02
494.464	6.19
494.663	6.73
494.862	5.71
495.06	7.38
495.259	5.92
495.458	6.64
495.657	7.77
495.856	6.45
496.054	6.61
496.253	7.29
496.452	6.01
496.65	7.21
496.849	6.55
497.048	6.12
497.246	6.67
497.445	7.26
497.644	6.27
497.842	7.34
498.041	8.08
498.239	7.23
498.438	6.13
498.636	8.26
498.835	7.97
499.034	6.81
499.232	7.2
499.431	6.78
499.629	6.84
499.827	7.83
500.026	6.72
500.224	6.88
500.423	7.29
500.621	6.5
500.82	7.3
501.018	7.77
501.216	7.55
501.415	8.04
501.613	7.21
501.811	8.36
502.01	8.25
502.208	7.97
502.406	8.12
502.604	8.51
502.803	8.42
503.001	8.81
503.199	8.04
503.397	7.44
503.595	7.77
503.794	7.9
503.992	7.92
504.19	8.75
504.388	8.26
504.586	8.48
504.784	8.8
504.982	8.71
505.18	7.81
505.378	8.05
505.576	8.39
505.774	9.38
505.972	8.8
506.17	9.81
506.368	8.72
506.566	8.25
506.764	9.14
506.962	9.48
507.16	9.21
507.358	8.86
507.556	9.48
507.754	9.52
507.952	9.66
508.15	9.39
508.347	9.79
508.545	9.66
508.743	9.74
508.941	10
509.139	9.54
509.336	10.05
509.534	10.41
509.732	9.93
509.93	10.05
510.127	10.74
510.325	9.99
510.523	10.34
510.72	10.35
510.918	10.24
511.116	10.09
511.313	9.9
511.511	10.55
511.708	10.55
511.906	11.16
512.104	11.11
512.301	10.47
512.499	10.71
512.696	10.43
512.894	10.33
513.091	11.52
513.289	11.09
513.486	11.12
513.683	11.48
513.881	10.86
514.078	11.57
514.276	11.67
514.473	11.41
514.67	11.72
514.868	11.89
515.065	12.03
515.262	11.7
515.46	11.8
515.657	12.09
515.854	11.92
516.052	11.5
516.249	12.02
516.446	12.32
516.643	12.29
516.84	12.25
517.038	12.5
517.235	12.3
517.432	12.08
517.629	12.45
517.826	12.41
518.023	12.78
518.221	12.79
518.418	12.7
518.615	12.35
518.812	13.29
519.009	13.09
519.206	13.1
519.403	12.59
519.6	13.3
519.797	13.17
519.994	12.61
520.191	13.32
520.388	13.55
520.585	13.61
520.782	13.23
520.978	13.21
521.175	13.77
521.372	13.52
521.569	13.39
521.766	12.85
521.963	13.73
522.159	13.59
522.356	13.24
522.553	13.88
522.75	13.77
522.947	13.57
523.143	14.17
523.34	14.17
523.537	14.3
523.733	13.83
523.93	14.4
524.127	14.21
524.323	14.05
524.52	14.4
524.717	13.8
524.913	14.32
525.11	14.04
525.306	14.63
525.503	14.22
525.7	15.28
525.896	14.08
526.093	14.29
526.289	15.15
526.486	14.62
526.682	14.46
526.878	14.35
527.075	15.03
527.271	15.13
527.468	15.11
527.664	15.08
527.861	14.68
528.057	14.59
528.253	15.25
528.45	14.98
528.646	14.51
528.842	14.97
529.039	14.94
529.235	14.88
529.431	15.3
529.627	14.97
529.824	15.68
530.02	15.43
530.216	15.2
530.412	15.26
530.608	15.21
530.804	15.32
531.001	15.65
531.197	15.49
531.393	15.66
531.589	15.2
531.785	15.78
531.981	15.31
532.177	15.44
532.373	15.81
532.569	15.53
532.765	15.71
532.961	15.61
533.157	15.07
533.353	15.29
533.549	15.81
533.745	15.82
533.941	15.81
534.137	15.26
534.333	15.64
534.529	15.42
534.725	15.25
534.92	16.19
535.116	15.54
535.312	15.59
535.508	15.75
535.704	15.93
535.899	15.46
536.095	15.28
536.291	16.27
536.487	15.84
536.682	15.92
536.878	15.42
537.074	15.79
537.269	16.01
537.465	15.71
537.661	15.36
537.856	15.8
538.052	16.21
538.248	16.15
538.443	16.52
538.639	16.6
538.834	16.58
539.03	16.18
539.225	15.97
539.421	16.07
539.616	15.8
539.812	15.87
540.007	16.72
540.203	16.47
540.398	16.36
540.593	16.53
540.789	16.22
540.984	16.2
541.18	16.54
541.375	16.07
541.57	16.87
541.766	16.38
541.961	16.31
542.156	16.42
542.352	16.89
542.547	16.28
542.742	16.42
542.937	16.67
543.133	16.24
543.328	16.56
543.523	16.19
543.718	16.59
543.913	16.36
544.108	16.87
544.304	16.89
544.499	16.69
544.694	16.67
544.889	16.6
545.084	16.98
545.279	16.58
545.474	16.62
545.669	16.62
545.864	16.66
546.059	16.45
546.254	16.89
546.449	17.12
546.644	16.53
546.839	16.65
547.034	17.17
547.229	16.68
547.424	17.07
547.618	16.94
547.813	16.77
548.008	17.11
548.203	17.02
548.398	16.95
548.593	16.7
548.787	17.04
548.982	16.77
549.177	17.3
549.372	16.71
549.566	17.32
549.761	16.67
549.956	16.87
550.15	16.88
550.345	17.07
550.54	17.5
550.734	17.03
550.929	17.24
551.124	16.89
551.318	17.17
551.513	16.71
551.707	17.55
551.902	17.37
552.096	17.98
552.291	17.08
552.485	16.91
552.68	17.83
552.874	17.32
553.069	17.82
553.263	17.4
553.458	17.82
553.652	17.39
553.847	17.68
554.041	17.47
554.235	17.56
554.43	17.83
554.624	17.39
554.818	17.68
555.013	17.44
555.207	17.84
555.401	17.59
555.595	17.38
555.79	16.8
555.984	17.65
556.178	17.61
556.372	17.58
556.566	17.76
556.761	17.5
556.955	17.27
557.149	17.47
557.343	17.75
557.537	17.41
557.731	17.77
557.925	18.04
558.119	17.68
558.313	17.37
558.507	17.55
558.701	17.49
558.895	17.78
559.089	18.33
559.283	17.81
559.477	17.97
559.671	17.75
559.865	17.96
560.059	17.79
560.253	17.76
560.447	17.43
560.641	17.69
560.835	18.18
561.028	18.37
561.222	17.59
561.416	17.61
561.61	17.96
561.804	17.8
561.997	17.93
562.191	17.81
562.385	17.57
562.579	17.1
562.772	17.9
562.966	17.73
563.16	17.52
563.353	18.01
563.547	18.09
563.741	17.91
563.934	17.48
564.128	17.95
564.321	17.86
564.515	18.43
564.708	18.28
564.902	17.8
565.095	18.27
565.289	18.19
565.482	18.18
565.676	18.02
565.869	17.84
566.063	18.11
566.256	17.98
566.45	17.93
566.643	18.11
566.836	18.26
567.03	18.37
567.223	18.25
567.416	17.98
567.61	18.14
567.803	18.42
567.996	18.49
568.19	17.98
568.383	18.17
568.576	18.18
568.769	18.79
568.963	17.87
569.156	18.68
569.349	18.55
569.542	18.32
569.735	18.2
569.928	17.98
570.121	18
570.315	18.57
570.508	18.14
570.701	18.71
570.894	18.27
571.087	18.6
571.28	19.02
571.473	18.57
571.666	18.1
571.859	17.81
572.052	18.03
572.245	18.24
572.438	18.23
572.631	17.9
572.824	18.37
573.016	18.35
573.209	18.54
573.402	18.44
573.595	18.25
573.788	18.08
573.981	17.93
574.173	18.62
574.366	18.47
574.559	18.48
574.752	18.28
574.944	17.61
575.137	18.12
575.33	18.01
575.523	18.84
575.715	18.13
575.908	18
576.101	18.38
576.293	18.65
576.486	18.57
576.678	18.66
576.871	18.01
577.063	18.8
577.256	18.09
577.449	18.31
577.641	18.49
577.834	18.03
578.026	18.19
578.219	18.12
578.411	18.48
578.603	18.41
578.796	18.24
578.988	18.55
579.181	18.37
579.373	18.28
579.565	18.44
579.758	18.59
579.95	18.33
580.142	18.14
580.335	18.13
580.527	18.65
580.719	18.34
580.912	18.59
581.104	18.43
581.296	18.58
581.488	18.35
581.68	18.58
581.873	18.77
582.065	18.25
582.257	18.26
582.449	18.63
582.641	18.39
582.833	17.87
583.025	18.03
583.217	18.56
583.41	18.69
583.602	18.44
583.794	18.65
583.986	18.6
584.178	18.41
584.37	18.48
584.562	17.98
584.753	18.93
584.945	18.64
585.137	18.4
585.329	18.41
585.521	18.81
585.713	18.79
585.905	18.67
586.097	18.52
586.289	17.81
586.48	18.54
586.672	18.24
586.864	18.78
587.056	18.52
587.247	18.16
587.439	18.67
587.631	18.2
587.823	18.72
588.014	18.5
588.206	18.96
588.398	18.94
588.589	18.84
588.781	18.32
588.972	18.53
589.164	18.73
589.356	18.88
589.547	18.69
589.739	18.73
589.93	19.19
590.122	18.54
590.313	18.75
590.505	18.7
590.696	19.11
590.888	18.98
591.079	18.69
591.271	18.97
591.462	19.17
591.653	19.03
591.845	18.78
592.036	19.01
592.227	19
592.419	18.53
592.61	19.16
592.801	18.55
592.993	19.12
593.184	19.26
593.375	18.31
593.566	19.04
593.758	19.15
593.949	19.26
594.14	19.05
594.331	18.98
594.522	19
594.713	19.16
594.905	18.72
595.096	19.08
595.287	19.01
595.478	19.66
595.669	19.24
595.86	19.02
596.051	19.13
596.242	19.41
596.433	19.12
596.624	19.24
596.815	19.66
597.006	19.74
597.197	19.56
597.388	19.29
597.579	19.47
597.77	18.99
597.96	19.22
598.151	18.95
598.342	19
598.533	19.4
598.724	19.63
598.915	19.79
599.105	19.17
599.296	19.36
599.487	18.98
599.678	19.44
599.868	19.29
600.059	19.77
600.25	19.76
600.44	19.94
600.631	19.61
600.822	19.65
601.012	19.61
601.203	19.96
601.394	19.46
601.584	19.46
601.775	18.97
601.965	19.59
602.156	20.05
602.346	19.74
602.537	19.36
602.727	19.67
602.918	19.91
603.108	19.5
603.299	19.01
603.489	19.92
603.679	19.77
603.87	19.94
604.06	19.99
604.251	20.15
604.441	20.53
604.631	19.58
604.822	20.08
605.012	19.86
605.202	19.31
605.392	18.74
605.583	20.14
605.773	20.96
605.963	20.47
606.153	19.48
606.344	20.1
606.534	19.93
606.724	20.8
606.914	20.14
607.104	20.06
607.294	20.49
607.484	20.61
607.674	19.77
607.864	20.19
608.054	19.9
608.245	20.05
608.435	19.97
608.625	20.07
608.814	19.77
609.004	19.72
609.194	20.19
609.384	19.87
609.574	19.94
609.764	20.22
609.954	19.73
610.144	20.53
610.334	20.43
610.524	20.11
610.713	19.95
610.903	19.96
611.093	20.23
611.283	20.44
611.473	19.76
611.662	19.78
611.852	19.92
612.042	19.54
612.231	20.23
612.421	20.22
612.611	19.91
612.8	20.84
612.99	20.66
613.18	20.12
613.369	20.16
613.559	20.06
613.748	20.38
613.938	20.34
614.128	19.73
614.317	19.29
614.507	20.05
614.696	20.46
614.886	20.34
615.075	19.68
615.264	20.43
615.454	21.23
615.643	20.6
615.833	20.89
616.022	20.19
616.211	19.8
616.401	20.13
616.59	21.09
616.779	20.78
616.969	20.2
617.158	19.65
617.347	20.64
617.537	21.18
617.726	20.23
617.915	20.61
618.104	19.84
618.293	21.37
618.483	20.68
618.672	20.69
618.861	20.26
619.05	20.45
619.239	21.09
619.428	20.26
619.617	20.35
619.806	19.54
619.995	19.63
620.184	19.97
620.373	20.18
620.562	20.5
620.751	19.34
620.94	20.33
621.129	20.11
621.318	20.54
621.507	20.93
621.696	20.08
621.885	20.21
622.074	20.3
622.263	19.64
622.452	21.29
622.64	20.28
622.829	19.88
623.018	20.61
623.207	20.64
623.396	20.71
623.584	20.51
623.773	21.27
623.962	20.53
624.15	20.29
624.339	20.89
624.528	20.85
624.716	20.5
624.905	19.92
625.094	20.55
625.282	19.72
625.471	20.45
625.659	20.72
625.848	19.51
626.037	21.68
626.225	22.06
626.414	20.76
626.602	20.81
626.791	21.28
626.979	20.7
627.167	20.92
627.356	21.05
627.544	20.82
627.733	20.93
627.921	21.23
628.109	22.17
628.298	20.95
628.486	20.61
628.674	20.5
628.863	20.66
629.051	21.86
629.239	21.33
629.428	20.64
629.616	21.43
629.804	21.85
629.992	20.89
630.18	20.27
630.369	21.63
630.557	20.7
630.745	21.19
630.933	21.81
631.121	20.99
631.309	20.87
631.497	21.69
631.685	20.67
631.873	20.18
632.061	20.61
632.249	21.49
632.437	22.08
632.625	21.13
632.813	21.22
633.001	20.98
633.189	22.01
633.377	21.57
633.565	19.84
633.753	21.09
633.941	21.21
634.129	21.57
634.316	20.71
634.504	21.71
634.692	21.79
634.88	20.5
635.068	22.2
635.255	21.59
635.443	21.18
635.631	21.67
635.818	21.77
636.006	21.88
636.194	21.86
636.382	20.81
636.569	21.87
636.757	21.82
636.944	22.17
637.132	21
637.32	22.22
637.507	20.27
637.695	20.73
637.882	21.98
638.07	21.87
638.257	21.77
638.445	20.91
638.632	21.29
638.82	20.97
639.007	21.25
639.194	20.68
639.382	20.97
639.569	20.93
639.757	21.65
639.944	19.42
640.131	21.29
640.319	20.41
640.506	21.02
640.693	21.68
640.88	21.47
641.068	21.41
641.255	20.78
641.442	21.34
641.629	21.18
641.817	22.14
642.004	21.01
642.191	21.35
642.378	21.43
642.565	20.88
642.752	21.42
642.939	20.53
643.126	22.07
643.313	20.12
643.501	21.52
643.688	21.28
643.875	21.83
644.062	20.78
644.249	21.85
644.435	20.77
644.622	20.64
644.809	20.99
644.996	20.75
645.183	21.19
645.37	21.73
645.557	19.83
645.744	20.4
645.931	20.05
646.117	20.58
646.304	21.81
646.491	21.02
646.678	21.04
646.865	21.15
647.051	21.56
647.238	21.15
647.425	19.7
647.611	19.88
647.798	19.81
647.985	19.43
648.171	20.46
648.358	20.84
648.545	21.03
648.731	19.87
648.918	20.66
649.104	20.54
649.291	20.18
649.477	20.42
649.664	21.16
649.85	20.34
650.037	20.72
650.223	19.89
650.41	20.02
650.596	19.96
650.783	21.4
650.969	20.64
651.155	19.71
651.342	18.95
651.528	19.17
651.714	21.53
651.901	21.67
652.087	21.17
652.273	19.89
652.46	21.07
652.646	21.67
652.832	20.49
653.018	20.8
653.204	21.86
653.391	19.97
653.577	20.67
653.763	19.67
653.949	20.39
654.135	21.19
654.321	19.77
654.507	21.04
654.693	19.18
654.879	19.92
655.065	19.55
655.252	18.12
655.438	20.53
655.624	20.15
655.809	18.6
655.995	20.16
656.181	20.32
656.367	20.25
656.553	21.05
656.739	19.99
656.925	21.72
657.111	19.52
657.297	21.98
657.482	19.13
657.668	19.82
657.854	19.75
658.04	18.22
658.226	17.66
658.411	17.7
658.597	18.35
658.783	19.14
658.968	20.82
659.154	17.86
659.34	19.66
659.525	16.02
659.711	20.9
659.897	18.63
660.082	19.65
660.268	18.36
660.453	18.7
660.639	18.91
660.824	19.92
661.01	19.72
661.195	18.6
661.381	18.23
661.566	19.2
661.752	18.29
661.937	16.98
662.123	17.79
662.308	19.25
662.494	18.14
662.679	17.6
662.864	19.32
663.05	17.4
663.235	19.01
663.42	17.12
663.605	17.06
663.791	18.48
663.976	17.97
664.161	16.96
664.346	16.37
664.532	17.95
664.717	16.38
664.902	18.6
665.087	21.42
665.272	16.71
665.457	18.21
665.642	16.05
665.828	19.05
666.013	18.1
666.198	15.08
666.383	16.19
666.568	15.97
666.753	19.92
666.938	16.92
667.123	17.04
667.308	15.75
667.493	17.71
667.677	16.26
667.862	16.28
668.047	17.3
668.232	17.31
668.417	18.22
668.602	15.33
668.787	17.33
668.971	17.22
669.156	17.34
669.341	15.41
669.526	17.21
669.711	19.39
669.895	19.56
670.08	17.51
670.265	17.69
670.449	17.13
670.634	15.8
670.819	15.27
671.003	17.54
671.188	17.8
671.372	18.17
671.557	19.67
671.742	18.06
671.926	17.23
672.111	16.91
672.295	15.59
672.48	17.23
672.664	17.22
672.849	15.72
673.033	16.17
673.217	17.53
673.402	16.01
673.586	15.41
673.771	17.74
673.955	18.54
674.139	17.26
674.324	16.2
674.508	15.68
674.692	17.11
674.876	16.69
675.061	17.96
675.245	20.16
675.429	16.59
675.613	17.08
675.798	17.96
675.982	17.3
676.166	17.03
676.35	17.55
676.534	21.29
676.718	20.3
676.902	20.29
677.087	17.59
677.271	20.95
677.455	20.17
677.639	16.36
677.823	19.66
678.007	22.37
678.191	20.09
678.375	19.23
678.559	21.8
678.742	19.65
678.926	22
679.11	22.4
679.294	18.33
679.478	16.44
679.662	19.4
679.846	21.43
680.029	20.51
680.213	20.3
680.397	23.1
680.581	20.48
680.765	24.11
680.948	18.74
681.132	22.59
681.316	20.77
681.499	23.65
681.683	21.18
681.867	22.77
682.05	24.72
682.234	21.03
682.417	25.94
682.601	27.17
682.785	24.02
682.968	23.38
683.152	25.92
683.335	19.69
683.519	21.99
683.702	24.4
683.886	28
684.069	26.22
684.253	25.2
684.436	25.19
684.619	25.87
684.803	24.65
684.986	26.85
685.169	26.83
685.353	24.2
685.536	27.46
685.719	26.17
685.903	29.37
686.086	23.35
686.269	27.77
686.452	21.23
686.636	29.2
686.819	25.58
687.002	28.88
687.185	28.77
687.368	27.73
687.551	28.28
687.734	28.73
687.918	27.48
688.101	26.42
688.284	29.73
688.467	32.38
688.65	29.39
688.833	30.12
689.016	26.68
689.199	27.96
689.382	28.61
689.565	30.87
689.748	30.2
689.93	29.47
690.113	30.53
690.296	27.16
690.479	31.66
690.662	30.63
690.845	30.13
691.028	29.91
691.21	34.65
691.393	35.84
691.576	32.48
691.759	25.63
691.941	29.6
692.124	32.89
692.307	31.72
692.489	29.63
692.672	27.96
692.855	35.7
693.037	35.53
693.22	38.29
693.403	29.29
693.585	31.39
693.768	37.05
693.95	33.97
694.133	33.01
694.315	33.96
694.498	36.55
694.68	29.7
694.863	32.95
695.045	29.23
695.228	33.17
695.41	33.38
695.592	35.83
695.775	31.31
695.957	33.17
696.139	36.95
696.322	32.63
696.504	33.93
696.686	29.72
696.869	33.59
697.051	35.16
697.233	42.48
697.415	31.41
697.597	29.06
697.78	33.9
697.962	35.43
698.144	36.88
698.326	33.06
698.508	38.13
698.69	32.26
698.872	34.1
699.055	34.13
699.237	35.33
699.419	35.86
699.601	29.6
699.783	36.65
699.965	34.68
700.147	31.28
700.329	36.31
700.51	36.46
700.692	36.97
700.874	31.34
701.056	39.36
701.238	32.42
701.42	38.37
701.602	34.49
701.783	38.71
701.965	27.8
702.147	31.84
702.329	39.18
702.511	34.16
702.692	27.85
702.874	36.64
703.056	38.96
703.237	36.37
703.419	34.66
703.601	44.14
703.782	38.03
703.964	38.59
704.146	37.17
704.327	43.65
704.509	32.48
704.69	38.88
704.872	36.99
705.053	30.5
705.235	40.4
705.416	32.05
705.598	40.96
705.779	38.35
705.961	36.37
706.142	37.3
706.323	41.4
706.505	31.96
706.686	32.08
706.867	33.8
707.049	31.47
707.23	33.64
707.411	31.56
707.593	33.54
707.774	31.93
707.955	36.58
708.136	25.82
708.318	39.05
708.499	35.39
708.68	37
708.861	34.04
709.042	32.86
709.223	40.41
709.404	33.42
709.585	39.36
709.767	31.4
709.948	37.48
710.129	29.23
710.31	37.14
710.491	32.99
710.672	36.1
710.853	21.15
711.034	46.77
711.214	35.89
711.395	35.94
711.576	36.1
711.757	33.87
711.938	34.81
712.119	37.28
712.3	35.64
712.481	36.26
712.661	32.46
712.842	31.72
713.023	36.6
713.204	43.61
713.384	31.81
713.565	43.16
713.746	30.2
713.926	29.98
714.107	33.18
714.288	33.77
714.468	32.7
714.649	41.13
714.83	31.68
715.01	30.27
715.191	32.6
715.371	39.93
715.552	40.92
715.732	39.75
715.913	38.8
716.093	36.95
716.274	38.94
716.454	36.4
716.635	37.71
716.815	42.24
716.995	30.52
717.176	47.77
717.356	33.23
717.536	37.98
717.717	43.98
717.897	33.31
718.077	33.58
718.258	41.41
718.438	36.42
718.618	46.41
718.798	31.94
718.978	37.01
719.159	29.41
719.339	46.86
719.519	37.19
719.699	44.53
719.879	44.31
720.059	37.1
720.239	40.45
720.419	47.72
720.599	27.84
720.779	48.61
720.959	37.37
721.139	40.94
721.319	51.98
721.499	36.38
721.679	33.3
721.859	34.15
722.039	33.49
722.219	32.04
722.399	36.8
722.579	39.64
722.759	27.66
722.938	33.14
723.118	39.85
723.298	28.87
723.478	18.52
723.658	45.26
723.837	28.55
724.017	30.92
724.197	29.29
724.376	54.37
724.556	37.58
724.736	48.49
724.915	38.33
725.095	39.33
725.275	10.34
725.454	33.41
725.634	39.95
725.813	32.14
725.993	32.03
726.172	38.15
726.352	35.04
726.531	40.19
726.711	43.28
726.89	38.88
727.07	34.13
727.249	37.67
727.428	27.51
727.608	24.06
727.787	38.64
727.966	42.96
728.146	27.89
728.325	55.87
728.504	34.76
728.684	21.27
728.863	40.51
729.042	20.7
729.221	8.3
729.4	30.36
729.58	46.69
729.759	47.21
729.938	37.76
730.117	51.85
730.296	28.12
730.475	28.97
730.654	25.76
730.833	30.73
731.013	77.25
731.192	30.14
731.371	31.89
731.55	50.14
731.729	34.45
731.907	57.26
732.086	23.18
732.265	39.45
732.444	25.71
732.623	48.24
732.802	40.58
732.981	49.91
733.16	38.53
733.339	44.8
733.517	49.91
733.696	53.25
733.875	47.35
734.054	31.04
734.232	50.74
734.411	40.26
734.59	25.53
734.768	20.2
734.947	48.17
735.126	24.44
735.304	50.13
735.483	42.6
735.662	44.97
735.84	35.96
736.019	32.02
736.197	18.56
736.376	50.83
736.554	49.39
736.733	56.35
736.911	28.13
737.09	30.72
737.268	44.74
737.447	59.05
737.625	46.64
737.803	43.6
737.982	55.29
738.16	61.26
738.338	51.64
738.517	20.3
738.695	56.32
738.873	19.66
739.052	36.21
739.23	5.23
739.408	32.66
739.586	43.24
739.764	31.88
739.943	41.79
740.121	38.5
740.299	34.46
740.477	19.65
740.655	36.6
740.833	47.79
741.011	67.77
741.189	44.53
741.367	22.77
741.545	39.26
741.723	44.37
741.901	15.55
742.079	39.65
742.257	56.9
742.435	58.7
742.613	46.96
742.791	25.56
742.969	64.61
743.147	33.99
743.325	37.31
743.503	-0.49
743.68	42.43
743.858	22.46
744.036	29.93
744.214	27.72
744.391	28.06
744.569	24.49
744.747	26.77
744.925	64.23
745.102	38.34
745.28	18.53
745.458	62.38
745.635	38.31
745.813	81.01
745.99	34.52
746.168	56.88
746.345	58.81
746.523	43.15
746.7	23.48
746.878	33.83
747.055	37.13
747.233	28.53
747.41	73.85
747.588	54.73
747.765	39.17
747.943	28.72
748.12	7.47
748.297	39.42
748.475	40.14
748.652	75.71
748.829	64.33
749.007	22.39
749.184	54.7
749.361	42.3
749.538	58.07
749.716	38.47
749.893	43.69
750.07	39.54
750.247	47.45
750.424	64.35
750.601	46.39
750.778	42.84
750.956	29.47
751.133	5.19
751.31	43.09
751.487	51.74
751.664	36.15
751.841	20.77
752.018	33.1
752.195	12.16
752.372	51.45
752.549	-5.81
752.726	55.14
752.902	68.93
753.079	47.11
753.256	72.96
753.433	39.9
753.61	47.33
753.787	10.25
753.964	21.15
754.14	26.87
754.317	42.04
754.494	12.88
754.671	44.68
754.847	32.33
755.024	84.4
755.201	44.85
755.377	10.8
755.554	53.46
755.73	4.56
755.907	47.76
756.084	57.35
756.26	50.53
756.437	54.93
756.613	81.24
756.79	73.06
756.966	46.35
757.143	50.98
757.319	59.96
757.496	58.66
757.672	61.91
757.849	44.97
758.025	30.6
758.201	-1.54
758.378	54.71
758.554	9.27
758.73	43.44
758.907	24.81
759.083	8.66
759.259	63.82
759.435	36.91
759.612	36.63
759.788	44.39
759.964	67.32
760.14	83.66
760.316	10.83
760.493	10.76
760.669	74.62
760.845	-2.97
761.021	24.83
761.197	39.79
761.373	78.38
761.549	34.36
761.725	65.67
761.901	18.6
762.077	44.55
762.253	4.45
762.429	100.46
762.605	40.65
762.781	15.87
762.957	11.78
763.133	37.49
763.308	-1.25
763.484	53.85
763.66	77.72
763.836	35.15
764.012	-61.71
764.187	41.74
764.363	24.92
764.539	4.1
764.715	18.94
764.89	-9.4
765.066	-8.63
765.242	16.88
765.417	71.89
765.593	30.75
765.769	18.54
765.944	35.03
766.12	88.16
766.295	36.7
766.471	16.65
766.646	40.6
766.822	60.29
766.997	29.45
767.173	35.81
767.348	26.22
767.524	41.97
767.699	-14.05
767.875	18.73
768.05	9.23
768.225	31.4
768.401	18.47
768.576	76.23
768.751	29.1
768.927	-17.47
769.102	111.98
769.277	-15.92
769.452	39.77
769.628	59.47
769.803	66.74
769.978	71.66
770.153	-2.32
770.328	73.58
770.503	72.65
770.679	139.68
770.854	-1.59
771.029	44.5
771.204	72.19
771.379	-27.31
771.554	9.49
771.729	57.2
771.904	-4.11
772.079	22.72
772.254	37.88
772.429	98.95
772.604	24.93
772.779	39.7
772.953	51.15
773.128	16.47
773.303	14.99
773.478	27.18
773.653	26.4
773.828	76.73
774.002	-6.27
774.177	15.06
774.352	470.43
774.527	19.31
774.701	65.39
774.876	84.86
775.051	-243.32
775.225	190.35
775.4	-5.11
775.575	65.7
775.749	-31.21
775.924	35.16
776.098	-11.28
776.273	91.86
776.447	62.07
776.622	-16.15
776.796	-5.88
776.971	18.25
777.145	32.75
777.32	44.08
777.494	63.72
777.669	57.96
777.843	-124.76
778.017	48.63
778.192	17.48
778.366	9.31
778.54	85.24
778.715	60.14
778.889	128.29
779.063	30.89
779.237	31.13
779.412	4.7
779.586	-11.66
779.76	150.92
779.934	32.73
780.108	77.2
780.282	73.13
780.457	45.14
780.631	-125.66
780.805	-11.55
780.979	-195.52
781.153	70.84
781.327	49.53
781.501	36.61
781.675	-41.69
781.849	-62.58
782.023	23.14
782.197	-32.23
782.371	-212
782.545	22.7
782.718	-54.77
782.892	144.01
783.066	9.28
783.24	121.86
783.414	-13.45
783.588	108.62
783.761	58.44
783.935	54.9
784.109	94.96
784.283	-186.96
784.456	273.46
784.63	-50.4
784.804	79.16
784.977	22.4
785.151	-40.19
785.324	-158.8
785.498	-47.05
785.672	12.03
785.845	69.21
786.019	-164.45
786.192	-150.33
786.366	-6.26
786.539	24.75
786.713	88.56
786.886	37.05
787.06	199.7
787.233	5.69
787.406	49.46
787.58	-19.72
787.753	20.48
787.926	133.46
788.1	-50.92
788.273	-567.92
788.446	-167.9
788.62	777.42
788.793	-59.92
788.966	41.86
789.139	-43.66
789.313	-74.93
789.486	-842.86
789.659	-40.57
789.832	25.89
790.005	19.94
790.178	689.38
790.351	96.71
790.524	-20
790.697	53.06
790.87	194.42
791.044	918.18
791.216	61.84
791.389	-204.81
791.562	86.62
791.735	-59.49
791.908	497.4
792.081	50.78
792.254	278.02
792.427	97.77
792.6	94.75
792.773	45.6
792.945	-320.9
793.118	68.73
793.291	278.02
793.464	-60.85
793.637	30.06
793.809	56.56
793.982	41.11
794.155	83.12
794.327	40.72
794.5	-20
794.673	-91.9
794.845	-0.39
795.018	255.33
795.19	-149.44
795.363	72.04
795.536	119.96
795.708	119.35
795.881	6220
796.053	-70.53
796.226	322.86
796.398	169.41
796.57	-20.52
796.743	-87.17
796.915	-41.23
797.088	-28.74
797.26	-27.56
797.432	-393.67
797.605	-89.3
797.777	-577.92
797.949	-147.88
798.122	31.66
798.294	377.13
798.466	240.57
798.638	94.36
798.81	67.89
798.983	-256.96
799.155	88.9
799.327	-69.16
799.499	51.23
799.671	-25.09
799.843	23.68
800.015	88.33
800.187	18.98
800.359	82.71
800.531	1.91
800.703	82.19
800.875	117.27
801.047	7.6
801.219	138.91
801.391	14.29
801.563	216.55
801.735	98.05
801.907	118.4
802.079	128.39
802.251	-473.63
802.422	-103.15
802.594	-453.25
802.766	-38.66
802.938	54.26
803.11	229.8
803.281	-261.59
803.453	40.63
803.625	-24.16
803.796	30.11
803.968	-5.65
804.14	76
804.311	61.21
804.483	41.02
804.654	147.59
804.826	71.79
804.998	51.87
805.169	-59.85
805.341	124
805.512	88.82
805.684	118.48
805.855	105.5
806.026	478.46
806.198	0.61
806.369	134.77
806.541	33.71
806.712	98.93
806.883	42.78
807.055	114.58
807.226	-167.05
807.397	673.63
807.569	-372.57
807.74	63.3
807.911	-59.18
808.082	91.93
808.253	-48.51
808.425	90.74
808.596	-149.44
808.767	-42.45
808.938	-20
809.109	319.8
809.28	-107.58
809.451	73.07
809.622	-50.8
809.793	-500
809.964	-9.57
810.135	36.95
810.306	-7.51
810.477	87.92
810.648	67.48
810.819	18.55
810.99	3580
811.161	39.78
811.332	18.92
811.503	56.64
811.674	-407.69
811.844	-795.38
812.015	12.93
812.186	-21.47
812.357	25.32
812.527	81.23
812.698	24.81
812.869	564.15
813.04	41.23
813.21	1237.93
813.381	-19.07
813.551	-30.14
813.722	91.1
813.893	59.88
814.063	-62.28
814.234	-980
814.404	109.07
814.575	138.64
814.745	-351.33
814.916	21.19
815.086	-14.95
815.257	11.21
815.427	250.92
815.598	29.29
815.768	74.42
815.938	45.37
816.109	199.6
816.279	25.43
816.449	43.81
816.62	2342.11
816.79	99.31
816.96	66.04
817.13	54.61
817.301	261.42
817.471	9.75
817.641	125.77
817.811	130.66
817.981	-4100
818.152	-73.46
818.322	165.35
818.492	206.71
818.662	-20.85
818.832	-17.58
819.002	90.34
819.172	200.36
819.342	221.39
819.512	-4.8
819.682	74.33
819.852	-41.35
820.022	114.63
820.192	282.02
820.362	2.88
820.531	-38.76
820.701	7.29
820.871	-89.15
821.041	-0.45
821.211	112.67
821.381	11.72
821.55	25.96
821.72	2.33
821.89	386.15
822.059	88.87
822.229	47.79
822.399	-58.74
822.568	143.26
822.738	465.85
822.908	464.42
823.077	-176.75
823.247	34.8
823.416	-782.35
823.586	128.88
823.756	-13.24
823.925	-287.34
824.095	-25.58
824.264	65.02
824.433	253.98
824.603	114.91
824.772	-55.31
824.942	-606.33
825.111	-234.67
825.28	103.73
825.45	21.74
825.619	-194.41
825.788	-459.55
825.958	48.37
826.127	101.88
826.296	160.59
826.465	121.18
826.635	40.18
826.804	-35.69
826.973	35.79
827.142	-96.6
827.311	-24.83
827.48	-9.89
827.649	-18.5
827.818	-37.01
827.988	-29.6
828.157	113.17
828.326	-121.22
828.495	47.31
828.664	88.33
828.833	203.89
829.002	-119.88
829.17	-89.26
829.339	-23.62
829.508	-130.77
829.677	430.34
829.846	28.89
830.015	-94.37
830.184	12.84
830.352	-27.04
830.521	182.01
830.69	290.24
830.859	1476.47
831.027	-310.53
831.196	30.86
831.365	-52.36
831.533	10.69
831.702	-96.76
831.871	-80.72
832.039	31.78
832.208	-687.83
832.377	-93.7
832.545	2.83
832.714	56.69
832.882	-5.88
833.051	30.45
833.219	3442.86
833.388	-80.67
833.556	-87.17
833.724	-16.61
833.893	0.2
834.061	-752.63
834.23	65.42
834.398	28.19
834.566	637.66
834.735	-8385.71
834.903	315.09
835.071	-2180
835.239	-8.2
835.408	98.63
835.576	393.02
835.744	158.58
835.912	83.58
836.08	100.67
836.249	-432.08
836.417	26.2
836.585	58.31
836.753	82.02
836.921	349.73
837.089	1385.71
837.257	-1979.07
837.425	138.3
837.593	-9.23
837.761	50.82
837.929	-11.4
838.097	78.93
838.265	8.77
838.433	164.92
838.601	98.41
838.769	107.59
838.936	1023.6
839.104	-3
839.272	91.76
839.44	125.19
839.608	-1817.07
839.775	64.44
839.943	-38.04
840.111	13.64
840.279	22.33
840.446	-16.42
840.614	-484.42
840.781	11.3
840.949	24.55
841.117	53.85
841.284	-113.73
841.452	178.26
841.619	-35.73
841.787	128.78
841.954	-416.28
842.122	41.04
842.289	31.05
842.457	135.69
842.624	166.97
842.792	-307.3
842.959	-40.57
843.126	230.14
843.294	-29.48
843.461	69.18
843.629	210.4
843.796	33.91
843.963	-70.43
844.13	-13.24
844.298	185.71
844.465	119.24
844.632	-52.8
844.799	-47.74
844.966	51.49
845.134	51.86
845.301	52.65
845.468	270.86
845.635	59.72
845.802	92.34
845.969	-27.37
846.136	33.87
846.303	-500
846.47	-11.05
846.637	90.77
846.804	131.58
846.971	-23.93
847.138	167.18
847.305	-245.13
847.472	218.54
847.639	92.97
847.805	47.48
847.972	185.71
848.139	205.58
848.306	1647.37
848.473	449.25
848.639	58.66
848.806	-288.8
848.973	-15.87
849.14	117.03
849.306	27.35
849.473	-134.44
849.64	515.38
849.806	97.13
849.973	291.35
850.139	-7.28
850.306	79.42
850.472	102.21
850.639	23.28
850.806	-121.05
850.972	-40.87
851.139	-2900
851.305	11.81
851.471	-64.41
851.638	-50.92
851.804	-571.64
851.971	-84.92
852.137	73.51
852.303	61.7
852.47	-9.35
852.636	16.75
852.802	-140.94
852.968	20.85
853.135	249.24
853.301	-56.07
853.467	3.61
853.633	-23.43
853.8	27.07
853.966	-122.34
854.132	-1871.43
854.298	279.56
854.464	147.19
854.63	117.14
854.796	0.34
854.962	61.15
855.128	63.31
855.294	-47.22
855.46	17.3
855.626	12.16
855.792	-110.81
855.958	152.43
856.124	30.06
856.29	-15.23
856.456	92.64
856.622	0.43
856.787	1074.03
856.953	5.26
857.119	212.87
857.285	176.78
857.45	-71.73
857.616	104.63
857.782	40.15
857.948	124.45
858.113	7.85
858.279	182.23
858.445	-216.54
858.61	979.07
858.776	121.86
858.941	70.3
859.107	43.29
859.273	25.18
859.438	-43.91
859.604	-2836.84
859.769	350.39
859.935	-298.02
860.1	88.06
860.265	63.19
860.431	-85.61
860.596	2242.86
860.762	-10.2
860.927	9.92
861.092	14.99
861.258	23.51
861.423	144.02
861.588	104.47
861.753	-4957.14
861.919	360.38
862.084	48.03
862.249	333.9
862.414	179.86
862.579	36.04
862.745	61.65
862.91	190.77
863.075	51.14
863.24	-7.27
863.405	18.59
863.57	-124.76
863.735	43.47
863.9	-32.74
864.065	70.28
864.23	25.59
864.395	123.49
864.56	36.56
864.725	578.48
864.89	1064.04
865.055	57.62
865.22	171.67
865.384	-257.3
865.549	-255.34
865.714	-25.06
865.879	54.75
866.044	74.43
866.208	71.71
866.373	-315.38
866.538	-5.39
866.702	70.49
866.867	107.38
867.032	42.12
867.196	54.77
867.361	95.2
867.526	-129.18
867.69	-148.22
867.855	-328.57
868.019	-238.18
868.184	52.03
868.348	249.49
868.513	-190.32
868.677	-112.45
868.842	-3.89
869.006	57.51
869.17	-545.28
869.335	465.85
869.499	-488.35
869.663	48.34
869.828	-87.04
869.992	253.49
870.156	104.5
870.321	-31.96
870.485	42.79
870.649	139.58
870.813	-172.32
870.978	112.77
871.142	-20
871.306	-136.02
871.47	297.08
871.634	501.57
871.798	260.25
871.962	101.37
872.126	528.57
872.29	-99.03
872.454	-2557.14
872.618	-29.19
872.782	485.07
872.946	289.26
873.11	96.98
873.274	-21.39
873.438	770.59
873.602	-25.07
873.766	-141.56
873.93	-39.73
874.094	-297.75
874.257	111.14
874.421	242.2
874.585	241.82
874.749	38.35
874.912	-51.08
875.076	9.18
875.24	42.95
875.403	253.58
875.567	-109.14
875.731	389.89
875.894	117.14
876.058	177.51
876.222	174.16
876.385	36.68
876.549	18.92
876.712	45.45
876.876	-53.04
877.039	213.51
877.203	109.84
877.366	-51.75
877.529	-109.89
877.693	-59.92
877.856	272.6
878.02	-58.93
878.183	15.36
878.346	435.06
878.51	147.79
878.673	43.88
878.836	113.25
878.999	351.61
879.163	56.44
879.326	70.84
879.489	75.48
879.652	-4.52
879.815	102.61
879.978	-191.43
880.142	176.51
880.305	14.29
880.468	46.51
880.631	60.21
880.794	25.81
880.957	1197.56
881.12	-217.65
881.283	134.98
881.446	-19.56
881.609	354.68
881.772	55.05
881.935	-147.06
882.097	144.5
882.26	-500
882.423	-114.07
882.586	44.65
882.749	287.17
882.912	192.02
883.074	91.58
883.237	85.68
883.4	-60.74
883.562	85.25
883.725	-106.4
883.888	-207.09
884.05	-5300
884.213	30.02
884.376	-41.23
884.538	24.87
884.701	24.87
884.863	24.87
