181.954	112.15
182.172	112.15
182.39	112.15
182.608	6700
182.826	93.41
183.043	51.49
183.261	117.98
183.479	179.18
183.697	1052.94
183.914	-43.32
184.132	250.8
184.35	393.27
184.567	74.65
184.785	169.03
185.003	39.85
185.22	159.23
185.438	105.76
185.656	-53.77
185.873	201.54
186.091	27.29
186.309	1403.45
186.526	303.62
186.744	40.96
186.961	-32.57
187.179	-118.96
187.396	46.08
187.614	700
187.831	-4820
188.049	-36.2
188.266	48.01
188.484	37.31
188.701	117.48
188.919	48.57
189.136	98.5
189.354	-129.34
189.571	-147.39
189.789	130.6
190.006	69.95
190.223	96.76
190.441	96.19
190.658	-2214.29
190.876	143.15
191.093	-394.51
191.31	-33.43
191.528	14.29
191.745	12.22
191.962	131.93
192.179	101.97
192.397	-33.6
192.614	111.67
192.831	-76.31
193.049	26.78
193.266	711.65
193.483	67.21
193.7	903.08
193.917	66
194.135	199.28
194.352	-83.01
194.569	71.37
194.786	116.85
195.003	11.48
195.221	20.26
195.438	42.76
195.655	-156.28
195.872	-32.2
196.089	105.25
196.306	-100.84
196.523	15.36
196.74	268.98
196.957	24.74
197.174	176.14
197.391	143.44
197.608	-2.9
197.825	-461.29
198.042	57.21
198.259	-872.41
198.476	123.71
198.693	-1940
198.91	164.38
199.127	-105.97
199.344	58.7
199.561	186.71
199.778	47.04
199.995	-302.99
200.212	410.34
200.429	188.15
200.646	1.27
200.862	362.92
201.079	-39.04
201.296	231.13
201.513	-301.94
201.73	-83.76
201.947	35.98
202.163	-40.68
202.38	110.4
202.597	488.24
202.814	106.1
203.03	-3620
203.247	103.02
203.464	-43.4
203.681	-32.47
203.897	28.76
204.114	473.58
204.331	68.74
204.547	-1448.84
204.764	109.87
204.981	-570.59
205.197	107.66
205.414	-114.97
205.63	741.38
205.847	103.02
206.064	-347.27
206.28	46.05
206.497	-103.97
206.713	67.54
206.93	-47.07
207.146	-14.23
207.363	-20
207.579	-130.77
207.796	-383.19
208.012	6.3
208.229	-500
208.445	19.89
208.662	6.22
208.878	65.01
209.095	1758.82
209.311	33.18
209.528	-1700
209.744	-4.25
209.96	-94.7
210.177	-57.28
210.393	12.37
210.609	3100
210.826	-50.92
211.042	136.52
211.258	1058.21
211.475	122.46
211.691	-44.43
211.907	31.65
212.124	-45.22
212.34	254.29
212.556	-98.13
212.772	-236.26
212.989	-23.18
213.205	-48.34
213.421	-264.82
213.637	-105.97
213.853	214.4
214.069	636.84
214.286	42.27
214.502	413.43
214.718	-259.25
214.934	142.49
215.15	129.51
215.366	110.8
215.582	72.44
215.798	35.22
216.015	-55.89
216.231	-214.59
216.447	100.75
216.663	-29.53
216.879	-47.74
217.095	39.6
217.311	-364.15
217.527	157.46
217.743	-197.09
217.959	201.89
218.175	30.02
218.391	35.25
218.606	-164
218.822	-9.57
219.038	-44.39
219.254	222.53
219.47	-29.53
219.686	740.45
219.902	-9.18
220.118	26.99
220.334	-72.53
220.549	-13.59
220.765	34.62
220.981	-43.66
221.197	-14.64
221.413	-605.49
221.628	335.44
221.844	473.58
222.06	292.23
222.276	-45.11
222.491	73.73
222.707	78.36
222.923	-314.77
223.139	79.97
223.354	-11.66
223.57	-140.94
223.786	7.74
224.001	-87.64
224.217	140.23
224.432	311.56
224.648	57.24
224.864	-72.05
225.079	180.6
225.295	-103.97
225.51	109.73
225.726	-40.99
225.942	101.88
226.157	60.81
226.373	-111.91
226.588	43.16
226.804	-1257.89
227.019	-53.77
227.235	-1.26
227.45	36.45
227.665	-1460
227.881	151.97
228.096	53.04
228.312	3.23
228.527	127.66
228.743	220
228.958	0.29
229.173	-437.39
229.389	129.51
229.604	37.22
229.819	163.76
230.035	-143.82
230.25	80.76
230.465	168.94
230.681	66.78
230.896	24.86
231.111	26.19
231.327	193.26
231.542	-500
231.757	133.46
231.972	-63.25
232.187	87.23
232.403	-1384.21
232.618	-24.07
232.833	11.01
233.048	-565.45
233.263	46.08
233.478	-124.35
233.694	225.58
233.909	390.32
234.124	48.63
234.339	21.33
234.554	-293.1
234.769	-51.27
234.984	108.07
235.199	31.18
235.414	-22.12
235.629	46.84
235.844	19.5
236.059	50.28
236.274	-57.7
236.489	30.41
236.704	86.45
236.919	70.26
237.134	106.03
237.349	91.2
237.564	-5.11
237.779	3.43
237.994	-76.17
238.209	116.16
238.424	81.6
238.639	46.81
238.853	84.43
239.068	123.56
239.283	-64.95
239.498	206.07
239.713	129.81
239.928	47.39
240.142	-172.73
240.357	131.06
240.572	13.8
240.787	170.3
241.001	-101.7
241.216	29.16
241.431	89.32
241.646	1.95
241.86	-64.13
242.075	-109.3
242.29	-79.25
242.504	-51.66
242.719	386.96
242.934	-169.29
243.148	35.76
243.363	-13.44
243.577	484.27
243.792	117
244.007	0.15
244.221	-1.3
244.436	-374.63
244.65	-95.09
244.865	91.47
245.079	199.55
245.294	-128.78
245.508	77.28
245.723	17.18
245.937	40.66
246.152	-78.64
246.366	74.27
246.581	-40.61
246.795	-234.97
247.01	28.76
247.224	12.71
247.438	-64.4
247.653	43.98
247.867	50.99
248.081	59.34
248.296	-31.71
248.51	73.91
248.724	-6.46
248.939	-446.27
249.153	175.92
249.367	-73.51
249.582	-55.31
249.796	419.48
250.01	-86.75
250.224	66.07
250.439	50.99
250.653	200.3
250.867	-3.95
251.081	-113.27
251.295	61.74
251.51	-137.45
251.724	-344.6
251.938	249.44
252.152	-0.73
252.366	156.66
252.58	-652.73
252.794	45.6
253.008	191.39
253.223	64.08
253.437	49.22
253.651	7.1
253.865	48.37
254.079	7.07
254.293	93.99
254.507	569.09
254.721	0.25
254.935	238.46
255.149	129.18
255.363	46.23
255.577	248.99
255.791	138.64
256.005	-36.2
256.218	-3.45
256.432	-2.81
256.646	-8.06
256.86	-13.24
257.074	78.13
257.288	-260
257.502	-196.7
257.716	30.42
257.929	83.69
258.143	8.82
258.357	25.8
258.571	62.36
258.785	-127.79
258.998	-74.01
259.212	103.9
259.426	-10.31
259.64	140.89
259.853	-97.49
260.067	107.03
260.281	103.36
260.494	6.02
260.708	153.47
260.922	-63.86
261.135	37.7
261.349	-40.17
261.563	-14.22
261.776	3029.41
261.99	80.04
262.203	6.74
262.417	-29.33
262.63	20.68
262.844	592.13
263.058	114.24
263.271	23.47
263.485	43.22
263.698	108.28
263.912	-290.64
264.125	10.32
264.339	265.35
264.552	11.18
264.765	-51.3
264.979	19.12
265.192	3.54
265.406	134.99
265.619	98.03
265.832	119.24
266.046	-4.3
266.259	244.41
266.473	-1235.48
266.686	76.33
266.899	93.17
267.113	5020
267.326	110.6
267.539	10.05
267.752	62.6
267.966	52.1
268.179	-21.77
268.392	35.9
268.605	19.69
268.819	119.4
269.032	-335.07
269.245	533.85
269.458	159.78
269.671	-59.49
269.885	-7.76
270.098	6.63
270.311	77.22
270.524	-16.34
270.737	-58.06
270.95	-126.49
271.163	-225.98
271.376	622.58
271.589	-317.72
271.802	3.62
272.016	-62.21
272.229	3.96
272.442	-106.48
272.655	7.99
272.868	-131.97
273.081	-55.06
273.294	51.8
273.506	80.92
273.719	-43.05
273.932	67.38
274.145	11020
274.358	25.59
274.571	18.32
274.784	-24.53
274.997	76.21
275.21	2.61
275.423	-4.4
275.635	-240.7
275.848	80.76
276.061	48.34
276.274	-79.54
276.487	-72.17
276.699	-14.64
276.912	49.36
277.125	-4.68
277.338	46.41
277.55	49.76
277.763	-8.43
277.976	175.75
278.189	14.29
278.401	-29.16
278.614	76
278.827	86.42
279.039	13.8
279.252	-86.71
279.464	-226.85
279.677	5.98
279.89	16.65
280.102	-11.56
280.315	-265.85
280.527	1647.37
280.74	-955.17
280.952	-20
281.165	-31.11
281.377	96.56
281.59	-101.25
281.802	-94.17
282.015	6.02
282.227	87.08
282.44	320.14
282.652	349.44
282.865	-33.65
283.077	-28.67
283.29	90.79
283.502	0.13
283.714	-164.45
283.927	-60.74
284.139	35.62
284.351	12.53
284.564	-127.81
284.776	71.1
284.988	157.24
285.201	108.96
285.413	45.87
285.625	-123.78
285.838	42.29
286.05	28.84
286.262	-110.33
286.474	-101.21
286.686	-4.74
286.899	-26.46
287.111	78.82
287.323	65.54
287.535	355.45
287.747	84.24
287.959	-75.66
288.172	-500
288.384	2.69
288.596	-32.57
288.808	-1.89
289.02	1175.47
289.232	71.71
289.444	-71.87
289.656	-171.66
289.868	7.99
290.08	-102.45
290.292	-55.74
290.504	28.4
290.716	-10.88
290.928	33.73
291.14	1006.98
291.352	28.34
291.564	911.76
291.776	236.76
291.988	-124.54
292.2	0.47
292.412	-104.32
292.624	35.08
292.835	144.78
293.047	44.33
293.259	-52.35
293.471	140.72
293.683	436.59
293.895	77.93
294.106	-47.23
294.318	89.13
294.53	47.61
294.742	2396.55
294.953	-79.34
295.165	83.93
295.377	49.53
295.589	52.71
295.8	51.95
296.012	35.75
296.224	-34.82
296.435	103.61
296.647	-26.2
296.858	17.99
297.07	90.77
297.282	-66.35
297.493	-46.61
297.705	-506.86
297.916	0.14
298.128	29.7
298.34	36.24
298.551	-4.03
298.763	70.19
298.974	59.11
299.186	-3.95
299.397	59.77
299.609	80.65
299.82	149.41
300.031	-17.09
300.243	131.58
300.454	15.34
300.666	3.83
300.877	279.15
301.089	128.09
301.3	-34.66
301.511	21.47
301.723	72.06
301.934	502.99
302.145	-35.95
302.357	128.9
302.568	248.8
302.779	8.37
302.99	-247.09
303.202	56.1
303.413	49.51
303.624	77.63
303.835	20.75
304.047	-130.77
304.258	35.49
304.469	31.93
304.68	-30.84
304.891	8.2
305.103	167.18
305.314	108.39
305.525	-1700
305.736	-74.8
305.947	29.05
306.158	-147.06
306.369	79.76
306.58	77.71
306.791	11.48
307.002	-4.49
307.213	-91.39
307.424	34.28
307.636	49.32
307.846	60.5
308.057	385.44
308.268	22.98
308.479	91.38
308.69	-41.13
308.901	119.63
309.112	-1672.09
309.323	-55.65
309.534	-18.15
309.745	-8.54
309.956	-126.06
310.167	-28.07
310.377	132.39
310.588	110.42
310.799	180.16
311.01	-136.45
311.221	-126.39
311.432	23.01
311.642	-20
311.853	57.26
312.064	1651.72
312.275	62.08
312.485	110.12
312.696	38.05
312.907	241.71
313.117	-24.68
313.328	56.61
313.539	46.29
313.749	-41.44
313.96	-12.09
314.171	20.39
314.381	68.62
314.592	26.39
314.802	8.12
315.013	-127.25
315.224	48.09
315.434	-626.32
315.645	-500
315.855	183.38
316.066	511.24
316.276	47
316.487	1314.63
316.697	32.25
316.908	-24.49
317.118	-155.59
317.329	139.64
317.539	12.37
317.749	396.14
317.96	-70.15
318.17	-36.07
318.381	-381.32
318.591	-724.18
318.801	26.19
319.012	38.52
319.222	-33.98
319.432	27.05
319.643	140.23
319.853	-15.7
320.063	23.88
320.273	48.68
320.484	-78.02
320.694	376.73
320.904	114.24
321.114	457.3
321.325	-168.97
321.535	-39.34
321.745	11.66
321.955	92.92
322.165	-97.58
322.375	89.04
322.585	133.13
322.796	327.59
323.006	118.59
323.216	172.3
323.426	-112.9
323.636	223.44
323.846	2024.14
324.056	60.61
324.266	78.77
324.476	27.31
324.686	25.41
324.896	47.23
325.106	1356.6
325.316	-7.45
325.526	68.42
325.736	-1.4
325.946	-37.97
326.156	185.71
326.366	42.61
326.576	-16.99
326.785	-102.01
326.995	-24.08
327.205	12.56
327.415	146.78
327.625	270.8
327.835	17.61
328.044	-5.53
328.254	11.3
328.464	25.8
328.674	58.76
328.884	-241.01
329.093	96.79
329.303	42.97
329.513	297.52
329.722	510.53
329.932	45.26
330.142	-6.24
330.351	41.34
330.561	198.18
330.771	-238.75
330.98	-104.36
331.19	829.23
331.4	-220.14
331.609	63.42
331.819	729.27
332.028	-26.86
332.238	134.58
332.447	29.06
332.657	27.16
332.866	27.69
333.076	84.49
333.285	47.23
333.495	-74.19
333.704	-150.22
333.914	65.84
334.123	-54.66
334.333	478.46
334.542	144.14
334.752	1253.85
334.961	473.58
335.17	-77.89
335.38	-176.29
335.589	38.57
335.798	160.37
336.008	383.52
336.217	-4.68
336.426	79.31
336.636	77.02
336.845	13.8
337.054	-32.47
337.263	-25.54
337.473	81.11
337.682	98.05
337.891	115.76
338.1	35.25
338.309	80.78
338.519	136.9
338.728	14.92
338.937	-46.46
339.146	294.24
339.355	-1.89
339.564	-1384.21
339.773	-240.7
339.983	30.31
340.192	73.91
340.401	68.94
340.61	6.85
340.819	50.54
341.028	153.11
341.237	770.59
341.446	103.36
341.655	59.8
341.864	-27.96
342.073	-30.27
342.282	-144.34
342.491	33.09
342.699	-45.63
342.908	450.65
343.117	139.58
343.326	14.98
343.535	-674.55
343.744	-210.54
343.953	-20
344.162	45.77
344.37	39.06
344.579	37.31
344.788	-42.71
344.997	-79.29
345.206	148.86
345.414	69.72
345.623	173.06
345.832	-61.59
346.041	96.95
346.249	28.4
346.458	16.04
346.667	49.64
346.875	39.35
347.084	7.33
347.293	54.64
347.501	125.59
347.71	-17.38
347.918	-43.91
348.127	-354.95
348.336	-126.49
348.544	150.51
348.753	-607.46
348.961	10.91
349.17	37.45
349.378	138.56
349.587	-5.71
349.795	152.43
350.004	958.46
350.212	57.98
350.421	413.27
350.629	-93.96
350.838	-6.16
351.046	137.41
351.254	-41.11
351.463	-51.15
351.671	-2457.89
351.879	55.18
352.088	51.45
352.296	232.74
352.504	127.01
352.713	-38.46
352.921	-254.33
353.129	14.99
353.338	98.25
353.546	93.17
353.754	206.75
353.962	53.51
354.171	-52.47
354.379	-3531.58
354.587	42.03
354.795	184.04
355.003	-16.96
355.212	-10.57
355.42	881.13
355.628	121.69
355.836	-109.49
356.044	39.2
356.252	50.41
356.46	-14.77
356.668	1124.62
356.876	37.88
357.084	-21.83
357.292	-9.35
357.5	-55.64
357.708	47.51
357.916	114.71
358.124	-90.67
358.332	234.33
358.54	-674.55
358.748	-203.9
358.956	18.36
359.164	12.34
359.372	55.22
359.58	-379.14
359.788	49.71
359.996	101.53
360.203	-9.77
360.411	-32.63
360.619	-415.58
360.827	106.3
361.035	-87.73
361.242	108.8
361.45	-743.04
361.658	154.03
361.866	60.75
362.073	63.96
362.281	7.77
362.489	-1.42
362.697	-35.31
362.904	-83.08
363.112	138.36
363.32	-28.64
363.527	-406.09
363.735	14.29
363.943	-51.72
364.15	51.24
364.358	-129.66
364.565	36.5
364.773	65.13
364.98	-92.93
365.188	-7.56
365.395	131.27
365.603	171.19
365.81	-30.32
366.018	75.77
366.225	170.17
366.433	-32.51
366.64	72.31
366.848	68.91
367.055	11.6
367.263	-90.59
367.47	51.76
367.677	-105.06
367.885	-148.78
368.092	74.33
368.299	17.18
368.507	36.88
368.714	487.61
368.921	-37.01
369.129	79.02
369.336	49.6
369.543	44.28
369.751	-66.98
369.958	-160.99
370.165	38.92
370.372	-66.3
370.579	55.5
370.787	22.65
370.994	82.3
371.201	-199.18
371.408	35.38
371.615	-27.84
371.822	63.1
372.029	102.03
372.237	-321.71
372.444	220
372.651	-58
372.858	31.38
373.065	45.56
373.272	-18.16
373.479	-417.24
373.686	-96.21
373.893	-266.99
374.1	298.09
374.307	-223.74
374.514	-23.89
374.721	-45.75
374.928	-63.64
375.135	-59.52
375.341	6940
375.548	42.6
375.755	-76.68
375.962	-21.44
376.169	-165.57
376.376	-4.45
376.583	18.85
376.789	99.55
376.996	70.65
377.203	-182.57
377.41	26.39
377.617	11.89
377.823	-147.06
378.03	-461.29
378.237	-19.51
378.443	-13.14
378.65	473.58
378.857	18.08
379.063	198.73
379.27	-40.87
379.477	-16.08
379.683	-186.1
379.89	57.37
380.097	18.98
380.303	42.23
380.51	67.94
380.716	-2.84
380.923	-18.11
381.129	86.75
381.336	-216.54
381.542	15.9
381.749	31.59
381.955	79.68
382.162	81.96
382.368	-82.72
382.575	54.82
382.781	-3.45
382.988	4.78
383.194	19.14
383.4	-77.44
383.607	41.27
383.813	186.35
384.02	-31.38
384.226	-56.11
384.432	-74.41
384.639	30.82
384.845	-515.19
385.051	7.99
385.257	9.14
385.464	93.08
385.67	54.32
385.876	-33.48
386.082	-158.31
386.289	59.62
386.495	4.5
386.701	-66.12
386.907	-107.16
387.113	17.19
387.319	97.52
387.526	4.23
387.732	-27.56
387.938	191.2
388.144	240.87
388.35	55.11
388.556	-45.8
388.762	59.62
388.968	588.37
389.174	40.68
389.38	-25.7
389.586	25.29
389.792	60.61
389.998	-139.74
390.204	-45.19
390.41	39.36
390.616	83.18
390.822	-58.13
391.028	-1.14
391.234	19.07
391.439	-698.06
391.645	40.25
391.851	79.35
392.057	-2.1
392.263	-14.26
392.469	92.32
392.674	23.28
392.88	10.11
393.086	18.8
393.292	-65.63
393.498	-29.16
393.703	25.93
393.909	-16.47
394.115	129.87
394.32	-22.4
394.526	5.61
394.732	50.29
394.937	67.08
395.143	-125.91
395.349	72.79
395.554	-373.37
395.76	23.27
395.965	-4.38
396.171	-30.37
396.377	30.72
396.582	9.91
396.788	-13.74
396.993	40.95
397.199	-16.29
397.404	15.62
397.61	-47.93
397.815	42.82
398.021	-46.96
398.226	19.62
398.431	7.28
398.637	-4.98
398.842	-8.22
399.048	5.6
399.253	34.26
399.458	19.97
399.664	-40.78
399.869	-24.59
400.074	24.37
400.28	24.17
400.485	-36.58
400.69	0.77
400.896	13.6
401.101	-31.19
401.306	12.04
401.511	18.04
401.716	17.09
401.922	-19.58
402.127	-6.33
402.332	-9.9
402.537	24.45
402.742	4.17
402.947	42.3
403.153	-19.75
403.358	14.14
403.563	15.07
403.768	26.81
403.973	10.95
404.178	-12.19
404.383	9.3
404.588	14.58
404.793	15.74
404.998	7.19
405.203	1.22
405.408	-4.95
405.613	13.71
405.818	16.13
406.023	-3.75
406.228	-9.05
406.433	6.77
406.638	-7.31
406.842	9.08
407.047	18.2
407.252	-1.3
407.457	10.01
407.662	0.78
407.867	17.05
408.071	9.39
408.276	5.49
408.481	9.9
408.686	9.21
408.891	6.69
409.095	4.26
409.3	15.82
409.505	10.96
409.709	2.03
409.914	7.71
410.119	4.08
410.323	2.43
410.528	-2.57
410.733	8.47
410.937	7.12
411.142	3.69
411.346	6.49
411.551	4.83
411.756	4.88
411.96	6.28
412.165	4.46
412.369	6.79
412.574	4.56
412.778	0.49
412.983	0.7
413.187	3.3
413.392	2.54
413.596	6.23
413.8	7.44
414.005	6.98
414.209	5.26
414.414	2.05
414.618	2.54
414.822	4.47
415.027	5.24
415.231	2.93
415.435	6.22
415.64	4.82
415.844	3.95
416.048	4.72
416.252	5.2
416.457	7.24
416.661	5.86
416.865	3.05
417.069	3.11
417.274	1.94
417.478	3.22
417.682	3.68
417.886	2.1
418.09	3.24
418.294	5.03
418.498	3.44
418.702	5.58
418.907	3
419.111	1.77
419.315	4.57
419.519	4.22
419.723	2.08
419.927	4.16
420.131	4.65
420.335	2.31
420.539	3.07
420.743	5.91
420.947	2.86
421.151	4.06
421.355	4.31
421.558	3.36
421.762	4.1
421.966	5.12
422.17	4
422.374	4.42
422.578	3.15
422.782	3.35
422.985	2.86
423.189	4.33
423.393	4.14
423.597	3.1
423.801	4.07
424.004	3.96
424.208	3.35
424.412	3.6
424.615	2.75
424.819	3.81
425.023	4.54
425.226	4.6
425.43	4.06
425.634	3.35
425.837	3.12
426.041	3.09
426.245	3.33
426.448	3.93
426.652	3.35
426.855	2.6
427.059	3.2
427.262	3.77
427.466	3.75
427.669	3.39
427.873	3.56
428.076	2.82
428.28	3.49
428.483	2.66
428.687	3.61
428.89	3.32
429.094	3.56
429.297	3.84
429.5	3.57
429.704	4.36
429.907	4
430.11	3.77
430.314	4.22
430.517	3.88
430.72	3.62
430.924	4.05
431.127	3.24
431.33	2.96
431.533	3.42
431.737	3.23
431.94	2.96
432.143	3.83
432.346	2.64
432.549	3.72
432.752	2.84
432.956	3.56
433.159	3.13
433.362	2.94
433.565	3.42
433.768	3.66
433.971	3.06
434.174	3.3
434.377	3.79
434.58	3.66
434.783	2.86
434.986	3.51
435.189	4.07
435.392	3.29
435.595	4.12
435.798	3.66
436.001	3.79
436.204	3.68
436.407	3.29
436.61	3.46
436.813	3.79
437.016	3.61
437.219	3.79
437.421	3.52
437.624	3.39
437.827	3.3
438.03	3.72
438.233	3.28
438.435	3.3
438.638	3.71
438.841	4.05
439.044	3.13
439.246	3.56
439.449	3.24
439.652	3.62
439.854	3.99
440.057	3.6
440.26	3.51
440.462	3.83
440.665	3.4
440.868	3.67
441.07	3.83
441.273	3.8
441.475	3.23
441.678	3.52
441.88	3.57
442.083	3.21
442.286	3.83
442.488	3.14
442.69	3.69
442.893	3.54
443.095	3.49
443.298	3.35
443.5	3.59
443.703	3.77
443.905	3.52
444.108	3.19
444.31	3.55
444.512	3.6
444.715	3.61
444.917	3.3
445.119	3.46
445.322	3.63
445.524	4.06
445.726	3.52
445.928	3.55
446.131	3.91
446.333	3.43
446.535	3.48
446.737	3.83
446.94	3.57
447.142	3.55
447.344	3.93
447.546	3.97
447.748	3.85
447.95	3.75
448.152	4.15
448.354	3.57
448.557	3.9
448.759	3.86
448.961	3.69
449.163	3.87
449.365	3.88
449.567	3.98
449.769	3.48
449.971	3.72
450.173	3.54
450.375	3.8
450.577	3.63
450.779	3.58
450.981	3.77
451.182	3.82
451.384	3.87
451.586	4.22
451.788	3.84
451.99	4.01
452.192	3.53
452.394	4.2
452.595	4.23
452.797	3.81
452.999	4.17
453.201	4.39
453.402	4.12
453.604	4.05
453.806	3.9
454.008	4.16
454.209	3.89
454.411	4.33
454.613	4.19
454.814	3.57
455.016	4.13
455.218	3.92
455.419	4.45
455.621	4
455.822	3.8
456.024	4.11
456.225	4.33
456.427	4.28
456.629	4.05
456.83	4.06
457.032	3.7
457.233	3.78
457.435	3.85
457.636	3.98
457.837	4.81
458.039	4.45
458.24	4.32
458.442	4.44
458.643	3.83
458.844	4.81
459.046	4.19
459.247	4.4
459.448	3.85
459.65	4.19
459.851	4.63
460.052	4.28
460.254	4.62
460.455	4.07
460.656	4.5
460.857	5.21
461.059	4.33
461.26	4.21
461.461	4.35
461.662	3.92
461.863	4.8
462.065	4.75
462.266	4.33
462.467	4.14
462.668	4.08
462.869	4.79
463.07	4.5
463.271	3.93
463.472	3.97
463.673	4.51
463.874	4.23
464.075	5.09
464.276	4.28
464.477	4.69
464.678	4.34
464.879	3.67
465.08	4.19
465.281	4.73
465.482	4.15
465.683	4.58
465.884	4.55
466.085	5.87
466.285	5.77
466.486	5.21
466.687	5.41
466.888	4.55
467.089	4.89
467.29	5.31
467.49	4.93
467.691	5.34
467.892	3.95
468.093	4.97
468.293	5.3
468.494	4.65
468.695	4.79
468.895	4.51
469.096	3.66
469.297	4.42
469.497	5.14
469.698	5.26
469.898	4.39
470.099	5.15
470.3	6.1
470.5	4.96
470.701	4.89
470.901	5.6
471.102	4.1
471.302	4.74
471.503	4.99
471.703	4.76
471.904	5.08
472.104	5.2
472.305	4.44
472.505	4.67
472.705	5.18
472.906	4.66
473.106	5.01
473.306	4.62
473.507	5.73
473.707	5.1
473.907	4.11
474.108	3.24
474.308	5.4
474.508	5.32
474.709	4.82
474.909	5.24
475.109	4.06
475.309	4.77
475.51	4.31
475.71	4.42
475.91	4.76
476.11	3.83
476.31	4.13
476.51	5.93
476.71	4.77
476.911	5.84
477.111	4.18
477.311	2.66
477.511	5.74
477.711	3.57
477.911	2.1
478.111	5.83
478.311	4.33
478.511	6.68
478.711	4.7
478.911	4.46
479.111	4.3
479.311	5.19
479.511	5.49
479.711	3.45
479.91	3.07
480.11	5.02
480.31	3.02
480.51	6.91
480.71	3.04
480.91	7.07
481.109	5.56
481.309	4.07
481.509	2.65
481.709	5.17
481.909	4.19
482.108	4.27
482.308	3.14
482.508	6.39
482.707	4.98
482.907	3.64
483.107	5.28
483.306	4.14
483.506	5.08
483.706	4.46
483.905	5.32
484.105	5.63
484.304	4.9
484.504	2.94
484.704	4.56
484.903	3.52
485.103	5.93
485.302	3.41
485.502	3.5
485.701	5.75
485.901	4.09
486.1	4.72
486.299	4.74
486.499	5.19
486.698	5.09
486.898	6.13
487.097	4.77
487.296	4.35
487.496	4.98
487.695	4.1
487.894	4.19
488.094	5.44
488.293	4.97
488.492	5.85
488.692	4.89
488.891	4.31
489.09	3.85
489.289	4.32
489.489	4.53
489.688	5.11
489.887	4.7
490.086	5.56
490.285	5.65
490.484	5.21
490.683	6.13
490.883	5.63
491.082	5.48
491.281	3.87
491.48	2.8
491.679	6.33
491.878	5
492.077	6.79
492.276	5.13
492.475	4.92
492.674	4.54
492.873	5.6
493.072	4.39
493.271	5.18
493.47	4.39
493.669	4.37
493.867	5.08
494.066	3.39
494.265	4.56
494.464	5.79
494.663	5.26
494.862	5.1
495.06	3.52
495.259	4
495.458	5.89
495.657	5.76
495.856	4.44
496.054	5.94
496.253	6.14
496.452	6.05
496.65	4.99
496.849	4.92
497.048	5.73
497.246	4.64
497.445	5.45
497.644	5.01
497.842	5.4
498.041	6.09
498.239	5.46
498.438	6.04
498.636	5.81
498.835	6.52
499.034	5.53
499.232	5.72
499.431	5.2
499.629	5.33
499.827	6.27
500.026	5.93
500.224	5.59
500.423	5.92
500.621	5.62
500.82	5.45
501.018	6.76
501.216	6.03
501.415	6.74
501.613	5.4
501.811	5.93
502.01	7.14
502.208	5.52
502.406	6.5
502.604	6.5
502.803	6.68
503.001	6.87
503.199	6.18
503.397	6.63
503.595	5.86
503.794	5.92
503.992	6.18
504.19	6.28
504.388	7.25
504.586	6.68
504.784	5.5
504.982	6.19
505.18	6.05
505.378	5.98
505.576	6.18
505.774	7.25
505.972	7.34
506.17	7.05
506.368	6.88
506.566	5.73
506.764	7.02
506.962	6.97
507.16	7.26
507.358	6.32
507.556	7.55
507.754	7.57
507.952	7.23
508.15	7.07
508.347	7.39
508.545	6.96
508.743	7.44
508.941	7.19
509.139	8.22
509.336	7.59
509.534	7.55
509.732	7.47
509.93	6.84
510.127	7.49
510.325	7.17
510.523	7.34
510.72	7.54
510.918	7.75
511.116	7.68
511.313	7.52
511.511	7.2
511.708	7.58
511.906	8.2
512.104	8.22
512.301	8.07
512.499	7.73
512.696	7.68
512.894	7.86
513.091	7.73
513.289	7.79
513.486	8.57
513.683	7.38
513.881	8.04
514.078	8.11
514.276	8.36
514.473	7.89
514.67	8.73
514.868	8.3
515.065	8.67
515.262	8.39
515.46	8.16
515.657	7.96
515.854	8.2
516.052	8
516.249	9.01
516.446	8.67
516.643	9.08
516.84	8.63
517.038	8.07
517.235	8.72
517.432	9.36
517.629	8.44
517.826	8.64
518.023	9.14
518.221	9.06
518.418	9.61
518.615	8.6
518.812	8.83
519.009	9.05
519.206	8.88
519.403	8.7
519.6	8.67
519.797	8.83
519.994	8.89
520.191	9.21
520.388	9.74
520.585	9.23
520.782	9.08
520.978	8.9
521.175	9.56
521.372	9.53
521.569	9.46
521.766	9.03
521.963	8.67
522.159	9.06
522.356	9.62
522.553	9.55
522.75	9.86
522.947	9.61
523.143	9.34
523.34	9.79
523.537	9.64
523.733	9.8
523.93	9.52
524.127	9.52
524.323	9.68
524.52	9.79
524.717	9.77
524.913	9.13
525.11	9.4
525.306	10.08
525.503	10.18
525.7	9.7
525.896	9.35
526.093	9.63
526.289	9.62
526.486	9.86
526.682	9.28
526.878	10.19
527.075	10.35
527.271	10.36
527.468	10.29
527.664	9.77
527.861	10.22
528.057	10.5
528.253	9.94
528.45	9.9
528.646	9.49
528.842	9.89
529.039	9.3
529.235	9.99
529.431	10.13
529.627	9.54
529.824	9.97
530.02	9.87
530.216	10.15
530.412	10.66
530.608	10.02
530.804	10.02
531.001	10.1
531.197	10.49
531.393	10.01
531.589	10.48
531.785	10.31
531.981	10.28
532.177	10.42
532.373	10.36
532.569	9.93
532.765	9.95
532.961	9.89
533.157	10.21
533.353	10.27
533.549	9.83
533.745	10.2
533.941	10.2
534.137	10.23
534.333	10.05
534.529	10.16
534.725	10.62
534.92	10.31
535.116	10.21
535.312	10.33
535.508	10.31
535.704	10.3
535.899	9.88
536.095	10.41
536.291	10.47
536.487	10.08
536.682	10.67
536.878	10.34
537.074	10.09
537.269	10.35
537.465	10.18
537.661	10.64
537.856	10.58
538.052	10.65
538.248	10.65
538.443	10.97
538.639	10.45
538.834	10.46
539.03	10.47
539.225	10.7
539.421	10.65
539.616	10.97
539.812	10.43
540.007	10.65
540.203	10.27
540.398	10.28
540.593	10.79
540.789	11.07
540.984	10.84
541.18	11.06
541.375	10.31
541.57	11
541.766	10.95
541.961	10.98
542.156	10.77
542.352	11.11
542.547	10.39
542.742	10.62
542.937	11.13
543.133	11.61
543.328	10.64
543.523	10.84
543.718	10.66
543.913	10.76
544.108	10.77
544.304	10.99
544.499	11.6
544.694	10.9
544.889	10.92
545.084	10.62
545.279	10.93
545.474	10.59
545.669	10.94
545.864	10.5
546.059	10.95
546.254	10.59
546.449	11.64
546.644	10.42
546.839	11.28
547.034	11.17
547.229	11.08
547.424	11.21
547.618	11.67
547.813	11.14
548.008	11.05
548.203	11.1
548.398	11.11
548.593	11.23
548.787	11.1
548.982	10.86
549.177	10.97
549.372	10.98
549.566	11.1
549.761	10.93
549.956	11.27
550.15	10.79
550.345	11.18
550.54	11.86
550.734	11.22
550.929	10.99
551.124	11.27
551.318	11.38
551.513	11.22
551.707	11.21
551.902	11.05
552.096	11.77
552.291	11.4
552.485	11.53
552.68	11.64
552.874	11.44
553.069	11.27
553.263	11.4
553.458	11.68
553.652	11.31
553.847	11.29
554.041	11.14
554.235	11.72
554.43	11.58
554.624	11.17
554.818	11.26
555.013	11.41
555.207	11.57
555.401	11.72
555.595	11.5
555.79	11.07
555.984	11.6
556.178	11.25
556.372	11.75
556.566	11.68
556.761	12.03
556.955	11.69
557.149	11.7
557.343	11.67
557.537	11.59
557.731	11.7
557.925	11.68
558.119	11.89
558.313	11.42
558.507	11.53
558.701	12.01
558.895	11.93
559.089	11.98
559.283	12.15
559.477	12.15
559.671	11.96
559.865	11.74
560.059	11.31
560.253	12.03
560.447	11.65
560.641	11.92
560.835	11.86
561.028	12.14
561.222	12.09
561.416	11.79
561.61	11.7
561.804	11.8
561.997	12.1
562.191	12.17
562.385	11.71
562.579	11.9
562.772	12.39
562.966	12.18
563.16	11.91
563.353	11.72
563.547	11.96
563.741	12.01
563.934	12.04
564.128	12.02
564.321	12.25
564.515	12.43
564.708	12.39
564.902	11.82
565.095	12.05
565.289	12.52
565.482	12.18
565.676	12.12
565.869	11.97
566.063	12.34
566.256	11.94
566.45	11.99
566.643	12.19
566.836	12.12
567.03	11.86
567.223	12.55
567.416	12.53
567.61	12.3
567.803	12.01
567.996	12.49
568.19	12.12
568.383	12.41
568.576	12.37
568.769	12.55
568.963	12.15
569.156	12.61
569.349	12.55
569.542	12.1
569.735	12.2
569.928	12.43
570.121	12.15
570.315	12.38
570.508	12.52
570.701	12.24
570.894	12.32
571.087	12.58
571.28	12.73
571.473	12.52
571.666	12.81
571.859	12.52
572.052	12.4
572.245	12.74
572.438	12.81
572.631	12.48
572.824	12.56
573.016	12.41
573.209	12.64
573.402	12.44
573.595	12.69
573.788	12.56
573.981	12.52
574.173	12.2
574.366	12.59
574.559	12.59
574.752	12.3
574.944	12.49
575.137	12.54
575.33	12.43
575.523	12.78
575.715	12.9
575.908	12.11
576.101	12.75
576.293	12.42
576.486	12.41
576.678	13.04
576.871	11.99
577.063	12.96
577.256	12.64
577.449	12.69
577.641	12.9
577.834	12.59
578.026	12.22
578.219	12.77
578.411	12.84
578.603	12.8
578.796	12.08
578.988	12.99
579.181	12.49
579.373	12.74
579.565	12.86
579.758	13.17
579.95	12.43
580.142	12.4
580.335	12.98
580.527	12.95
580.719	12.63
580.912	13.02
581.104	12.69
581.296	12.76
581.488	12.65
581.68	12.6
581.873	12.49
582.065	12.88
582.257	12.83
582.449	12.8
582.641	13.07
582.833	12.78
583.025	12.43
583.217	12.76
583.41	12.89
583.602	12.98
583.794	12.79
583.986	13.02
584.178	12.9
584.37	13.38
584.562	12.54
584.753	12.64
584.945	12.94
585.137	12.77
585.329	12.88
585.521	12.91
585.713	13.07
585.905	12.97
586.097	12.94
586.289	12.84
586.48	13.07
586.672	13.06
586.864	12.97
587.056	13.19
587.247	13.11
587.439	13.09
587.631	13.22
587.823	12.92
588.014	12.77
588.206	13.04
588.398	13.03
588.589	13.63
588.781	12.9
588.972	13.31
589.164	13.51
589.356	13.25
589.547	13.06
589.739	13.13
589.93	13.31
590.122	12.55
590.313	13.45
590.505	13.29
590.696	13.78
590.888	13.18
591.079	13.45
591.271	13.19
591.462	13.26
591.653	13.16
591.845	13.53
592.036	14.05
592.227	13.29
592.419	13.22
592.61	13.05
592.801	13.73
592.993	13.3
593.184	13.6
593.375	13.27
593.566	13.55
593.758	13.47
593.949	13.88
594.14	13.16
594.331	13.25
594.522	13.5
594.713	13.68
594.905	14.03
595.096	13.56
595.287	14.02
595.478	13.55
595.669	13.59
595.86	13.25
596.051	13.36
596.242	13.91
596.433	13.3
596.624	13.65
596.815	14.06
597.006	14.2
597.197	13.85
597.388	13.98
597.579	13.87
597.77	13.86
597.96	13.7
598.151	13.99
598.342	13.78
598.533	14.33
598.724	14.17
598.915	13.62
599.105	13.87
599.296	14.19
599.487	13.79
599.678	14.24
599.868	13.75
600.059	14.25
600.25	14.27
600.44	14.41
600.631	14.05
600.822	14.54
601.012	14.5
601.203	14.24
601.394	14.06
601.584	13.85
601.775	14.54
601.965	14.28
602.156	14.19
602.346	14.05
602.537	14
602.727	14.55
602.918	13.82
603.108	14.4
603.299	14.15
603.489	14.84
603.679	14.84
603.87	14.53
604.06	14.84
604.251	14.86
604.441	14.41
604.631	14.26
604.822	14.6
605.012	14.7
605.202	14.71
605.392	14.26
605.583	14.53
605.773	15.12
605.963	14.95
606.153	14.49
606.344	14.91
606.534	14.76
606.724	15.17
606.914	14.92
607.104	14.57
607.294	14.75
607.484	14.81
607.674	14.89
607.864	15.09
608.054	15.01
608.245	14.84
608.435	15.04
608.625	15.12
608.814	14.79
609.004	13.88
609.194	14.91
609.384	15.12
609.574	14.55
609.764	14.89
609.954	14.9
610.144	14.73
610.334	14.9
610.524	15.13
610.713	15.57
610.903	14.42
611.093	14.55
611.283	15.32
611.473	14.64
611.662	14.87
611.852	15.12
612.042	14.71
612.231	14.61
612.421	15.69
612.611	15.58
612.8	15.54
612.99	15.06
613.18	14.4
613.369	15.21
613.559	14.44
613.748	15.12
613.938	15.99
614.128	15.43
614.317	15.42
614.507	15.43
614.696	14.94
614.886	15.67
615.075	15.34
615.264	14.75
615.454	15.91
615.643	14.63
615.833	14.72
616.022	15.58
616.211	16.15
616.401	15.44
616.59	15.29
616.779	15.59
616.969	15.36
617.158	15.17
617.347	16.28
617.537	15.64
617.726	15.39
617.915	15.5
618.104	15.14
618.293	15.53
618.483	15.4
618.672	15.83
618.861	15.89
619.05	14.98
619.239	15.49
619.428	15.8
619.617	15.43
619.806	15.49
619.995	14.67
620.184	15.55
620.373	15.2
620.562	15.37
620.751	15.72
620.94	15.89
621.129	16.08
621.318	15.57
621.507	15.86
621.696	15.68
621.885	15.98
622.074	15.64
622.263	15.84
622.452	16.15
622.64	15.17
622.829	15.32
623.018	16.02
623.207	15.97
623.396	15.61
623.584	16.25
623.773	15.79
623.962	15.6
624.15	16.34
624.339	15.49
624.528	15.61
624.716	15.62
624.905	15.46
625.094	15.51
625.282	15.82
625.471	15.59
625.659	15.95
625.848	15.39
626.037	16.68
626.225	16.56
626.414	16.15
626.602	15.46
626.791	16.48
626.979	16.39
627.167	15.89
627.356	16.23
627.544	16.05
627.733	16.55
627.921	16.46
628.109	15.99
628.298	16.01
628.486	15.74
628.674	16.59
628.863	15.96
629.051	16
629.239	16.67
629.428	16.21
629.616	16.44
629.804	16.81
629.992	17.23
630.18	16.2
630.369	17.02
630.557	16.56
630.745	16.71
630.933	16.44
631.121	16.87
631.309	16.95
631.497	16.51
631.685	15.97
631.873	15.75
632.061	16.42
632.249	17.48
632.437	17.88
632.625	15.76
632.813	16.14
633.001	16.83
633.189	16.2
633.377	17.4
633.565	15.76
633.753	17.26
633.941	15.85
634.129	16.62
634.316	15.76
634.504	16.62
634.692	16.68
634.88	16.11
635.068	16.93
635.255	16.34
635.443	16.87
635.631	16.32
635.818	17.36
636.006	16.15
636.194	16.91
636.382	16.81
636.569	16.5
636.757	17.96
636.944	17.44
637.132	17.24
637.32	17.71
637.507	16.8
637.695	16.63
637.882	17.89
638.07	17.77
638.257	17.08
638.445	16.52
638.632	16.07
638.82	16.09
639.007	17.28
639.194	16.81
639.382	17.65
639.569	17.59
639.757	17.58
639.944	15.6
640.131	17.44
640.319	16.95
640.506	17.33
640.693	18.25
640.88	17.23
641.068	16.7
641.255	17.03
641.442	17.17
641.629	16.77
641.817	17.25
642.004	17.16
642.191	17.26
642.378	16.77
642.565	17.3
642.752	17.41
642.939	16.33
643.126	16.8
643.313	17.5
643.501	17.17
643.688	17.07
643.875	17.31
644.062	17.52
644.249	16.55
644.435	16.73
644.622	16.62
644.809	17.52
644.996	16.89
645.183	16.02
645.37	17.93
645.557	16.38
645.744	16.46
645.931	16.74
646.117	15.89
646.304	17.16
646.491	16.99
646.678	17.1
646.865	16.71
647.051	18.41
647.238	17.19
647.425	17.59
647.611	16.47
647.798	17.15
647.985	16.07
648.171	16.89
648.358	17.35
648.545	17.39
648.731	15.64
648.918	15.77
649.104	17.45
649.291	17.75
649.477	17.07
649.664	17.51
649.85	16.53
650.037	16.14
650.223	17.05
650.41	16.2
650.596	16.8
650.783	17.87
650.969	16.12
651.155	17.58
651.342	17.41
651.528	16.25
651.714	16.8
651.901	17.96
652.087	17.56
652.273	15.46
652.46	16.81
652.646	17.56
652.832	16.68
653.018	16.33
653.204	17.24
653.391	17.86
653.577	16.32
653.763	16.95
653.949	18.4
654.135	17.73
654.321	17.55
654.507	17.36
654.693	16.76
654.879	16.42
655.065	16.94
655.252	15.35
655.438	16.83
655.624	18.87
655.809	17.47
655.995	15
656.181	18.69
656.367	16.6
656.553	17.89
656.739	17.7
656.925	17.5
657.111	17.8
657.297	17.97
657.482	17.32
657.668	20.26
657.854	17.44
658.04	16.77
658.226	15.88
658.411	17
658.597	16.88
658.783	17.68
658.968	18.04
659.154	16.64
659.34	16.66
659.525	16.16
659.711	17.5
659.897	15.84
660.082	16.81
660.268	16.57
660.453	16.84
660.639	18.05
660.824	17.09
661.01	16.15
661.195	16.81
661.381	15.7
661.566	16.04
661.752	16.75
661.937	16.09
662.123	15.33
662.308	17.43
662.494	16.37
662.679	17.5
662.864	18.43
663.05	16.39
663.235	17.35
663.42	16.56
663.605	16.9
663.791	15.65
663.976	16.53
664.161	17.22
664.346	17.44
664.532	17.25
664.717	16.48
664.902	15.71
665.087	17.79
665.272	18.4
665.457	16.19
665.642	15.13
665.828	17.38
666.013	15.75
666.198	15.64
666.383	16.02
666.568	16.7
666.753	17.45
666.938	15.79
667.123	16.72
667.308	15.14
667.493	16.64
667.677	15.5
667.862	16.87
668.047	16.25
668.232	15.67
668.417	15.73
668.602	14.89
668.787	17.22
668.971	15.54
669.156	18.03
669.341	14.58
669.526	15.83
669.711	17.58
669.895	15.59
670.08	13.77
670.265	16.3
670.449	14.74
670.634	17.06
670.819	15.46
671.003	13.29
671.188	15.06
671.372	16.14
671.557	17.21
671.742	15.6
671.926	15.7
672.111	15.25
672.295	14.01
672.48	15.49
672.664	16.48
672.849	16.54
673.033	16.67
673.217	16.49
673.402	16.54
673.586	13.28
673.771	18
673.955	18.85
674.139	17.49
674.324	15.6
674.508	17.29
674.692	15.17
674.876	16.41
675.061	18.44
675.245	19.69
675.429	18.55
675.613	16.48
675.798	16.34
675.982	18.79
676.166	18.09
676.35	16.59
676.534	19.06
676.718	17.55
676.902	20.58
677.087	13.7
677.271	18.5
677.455	17.78
677.639	17.23
677.823	19.05
678.007	20.36
678.191	19.58
678.375	17.46
678.559	15.29
678.742	18.97
678.926	18.8
679.11	21.26
679.294	20.07
679.478	17.04
679.662	20.38
679.846	18.74
680.029	20.2
680.213	18.7
680.397	20.58
680.581	21.28
680.765	18.97
680.948	18.97
681.132	18.9
681.316	17.27
681.499	22.03
681.683	22.59
681.867	22.83
682.05	22.56
682.234	18.78
682.417	20.54
682.601	19.4
682.785	19.42
682.968	20.2
683.152	23.1
683.335	22.55
683.519	23.57
683.702	21.29
683.886	22.29
684.069	22.65
684.253	25.9
684.436	23.66
684.619	25.22
684.803	22.82
684.986	23.77
685.169	22.26
685.353	28.99
685.536	25.97
685.719	24.38
685.903	25.53
686.086	24.34
686.269	25.92
686.452	24.82
686.636	27.19
686.819	26.57
687.002	24.61
687.185	25.15
687.368	24.17
687.551	26.79
687.734	25.92
687.918	23.22
688.101	23.89
688.284	29.08
688.467	26.68
688.65	24.57
688.833	28.02
689.016	27.6
689.199	26.08
689.382	25.16
689.565	23.06
689.748	26.49
689.93	25.59
690.113	26.76
690.296	25.27
690.479	25.83
690.662	27.02
690.845	23.42
691.028	26.99
691.21	26.13
691.393	25.79
691.576	29.04
691.759	25.38
691.941	29.99
692.124	29.65
692.307	28.65
692.489	26.5
692.672	28.13
692.855	27.22
693.037	32.82
693.22	31.07
693.403	25.89
693.585	29.32
693.768	28.2
693.95	24.55
694.133	28.03
694.315	28.75
694.498	26.7
694.68	28
694.863	29.74
695.045	26.27
695.228	26.27
695.41	28.12
695.592	29.3
695.775	27.1
695.957	25.41
696.139	29.22
696.322	29.43
696.504	30.84
696.686	31.03
696.869	25.88
697.051	33.09
697.233	34.83
697.415	26.38
697.597	25.87
697.78	31.04
697.962	29.51
698.144	30.46
698.326	28.78
698.508	31.83
698.69	23.6
698.872	27.02
699.055	28.64
699.237	28.98
699.419	24.85
699.601	25.7
699.783	33.14
699.965	28
700.147	28.66
700.329	32.37
700.51	28.82
700.692	28.23
700.874	29.24
701.056	34.1
701.238	25.29
701.42	32.07
701.602	29.06
701.783	28.1
701.965	25.11
702.147	27.88
702.329	36.23
702.511	28.33
702.692	22.89
702.874	30.77
703.056	31.99
703.237	28.08
703.419	31.02
703.601	30
703.782	33.53
703.964	31.87
704.146	29.77
704.327	29.15
704.509	36.51
704.69	33.09
704.872	27.02
705.053	28.87
705.235	33.36
705.416	32.19
705.598	27.26
705.779	32.34
705.961	31.93
706.142	31.52
706.323	31.95
706.505	35.75
706.686	29.26
706.867	33.65
707.049	30.68
707.23	36.08
707.411	28
707.593	31.3
707.774	31.49
707.955	30.27
708.136	24.92
708.318	24.3
708.499	33.54
708.68	30.36
708.861	34.61
709.042	24
709.223	32.74
709.404	23.27
709.585	32.85
709.767	35.06
709.948	44.2
710.129	31.43
710.31	21.1
710.491	25.44
710.672	29.32
710.853	25.12
711.034	32.43
711.214	28.47
711.395	30.69
711.576	35.47
711.757	28.26
711.938	25.99
712.119	29.79
712.3	30.62
712.481	20.48
712.661	32.8
712.842	15.23
713.023	29.61
713.204	15.98
713.384	32.75
713.565	27.24
713.746	27.86
713.926	19.18
714.107	24.84
714.288	26.86
714.468	29.02
714.649	34.84
714.83	23.01
715.01	33.92
715.191	23.81
715.371	33.1
715.552	31.79
715.732	35.29
715.913	29.05
716.093	37.16
716.274	23.33
716.454	30.07
716.635	25.08
716.815	31.11
716.995	33.52
717.176	42.76
717.356	24.09
717.536	39
717.717	29.33
717.897	22.14
718.077	29.18
718.258	36.5
718.438	33.91
718.618	39.82
718.798	31.26
718.978	25.41
719.159	25.87
719.339	35.37
719.519	33.31
719.699	38.88
719.879	18.89
720.059	34.6
720.239	23.68
720.419	42.31
720.599	19.52
720.779	48.02
720.959	21.44
721.139	21.3
721.319	28.05
721.499	36.66
721.679	15.2
721.859	18.22
722.039	14.74
722.219	27
722.399	22.5
722.579	41.85
722.759	21.4
722.938	24.49
723.118	25.74
723.298	24.01
723.478	20.62
723.658	44.94
723.837	37.31
724.017	41.44
724.197	21.09
724.376	33.18
724.556	13.51
724.736	56.32
724.915	36.88
725.095	22.49
725.275	30
725.454	29.19
725.634	35.21
725.813	31
725.993	33.93
726.172	42.23
726.352	30.66
726.531	29.4
726.711	31.9
726.89	30.67
727.07	41.57
727.249	17.43
727.428	30.04
727.608	24.73
727.787	53.04
727.966	32.52
728.146	28.95
728.325	43.35
728.504	21.62
728.684	35.29
728.863	53.42
729.042	30.64
729.221	19.51
729.4	30.36
729.58	21.35
729.759	25.83
729.938	38.11
730.117	37.14
730.296	38.36
730.475	38.11
730.654	32.77
730.833	30.73
731.013	41.46
731.192	43.17
731.371	40.69
731.55	48.23
731.729	33.29
731.907	47.72
732.086	17.19
732.265	23.78
732.444	13.5
732.623	24.76
732.802	25.77
732.981	23.68
733.16	35.91
733.339	24.76
733.517	39.16
733.696	30.14
733.875	18.13
734.054	17.52
734.232	47.44
734.411	39.86
734.59	20.36
734.768	35.69
734.947	31.09
735.126	22.85
735.304	43.24
735.483	21.96
735.662	57.71
735.84	28.78
736.019	17.29
736.197	27.11
736.376	36.68
736.554	53.92
736.733	43.44
736.911	34.69
737.09	15.38
737.268	49.16
737.447	48.99
737.625	23.12
737.803	-9.18
737.982	33.08
738.16	53.45
738.338	38.63
738.517	23.5
738.695	46.45
738.873	50.95
739.052	40.61
739.23	24.64
739.408	30.38
739.586	8.35
739.764	17.27
739.943	37.61
740.121	42.3
740.299	23.32
740.477	3.79
740.655	28.72
740.833	21.03
741.011	53.14
741.189	17.73
741.367	42.4
741.545	28.37
741.723	12.4
741.901	16.29
742.079	31.99
742.257	35.24
742.435	26.92
742.613	33.25
742.791	23.78
742.969	12.44
743.147	24.83
743.325	43.76
743.503	25.23
743.68	34.73
743.858	39.88
744.036	-21.99
744.214	44.32
744.391	14.84
744.569	1.31
744.747	32.9
744.925	41.36
745.102	34.09
745.28	11.27
745.458	28.18
745.635	45.87
745.813	69.17
745.99	35.77
746.168	40.17
746.345	74.57
746.523	27.51
746.7	9.27
746.878	23.7
747.055	16.78
747.233	38.02
747.41	61.67
747.588	32.25
747.765	36.73
747.943	37.02
748.12	9.12
748.297	33.26
748.475	30.12
748.652	33.51
748.829	55.33
749.007	40.72
749.184	31.18
749.361	18.47
749.538	39.26
749.716	13.73
749.893	37.64
750.07	31.83
750.247	38.52
750.424	59.33
750.601	60.11
750.778	34.11
750.956	-7.3
751.133	7.38
751.31	44.79
751.487	34.26
751.664	20.55
751.841	3.25
752.018	36.83
752.195	-6.43
752.372	35.59
752.549	-7
752.726	50.59
752.902	74.92
753.079	47.62
753.256	66.69
753.433	38.52
753.61	46.39
753.787	47.51
753.964	22.84
754.14	-4.53
754.317	72.11
754.494	26.66
754.671	62.4
754.847	27.8
755.024	9.35
755.201	32.41
755.377	53.7
755.554	17.48
755.73	-10.68
755.907	43.7
756.084	55.01
756.26	25.95
756.437	25.15
756.613	25.38
756.79	35.39
756.966	16.82
757.143	-23.47
757.319	51.88
757.496	51.44
757.672	44.88
757.849	34.28
758.025	11.89
758.201	53.85
758.378	5.3
758.554	41.05
758.73	41.74
758.907	26.66
759.083	20.12
759.259	74.62
759.435	68.23
759.612	25.21
759.788	53.43
759.964	49.33
760.14	39.58
760.316	-14.26
760.493	27.21
760.669	40.05
760.845	12.52
761.021	-100.91
761.197	-18.3
761.373	60.86
761.549	31.85
761.725	20.58
761.901	51.57
762.077	40.56
762.253	-26.3
762.429	44.28
762.605	33.76
762.781	15.08
762.957	43.99
763.133	67.16
763.308	13.7
763.484	25.44
763.66	41.4
763.836	3.6
764.012	5.45
764.187	10.87
764.363	41.89
764.539	-32.05
764.715	31.96
764.89	-9.4
765.066	-39.25
765.242	-6.87
765.417	-15.35
765.593	24.62
765.769	56.79
765.944	21.58
766.12	27.55
766.295	41.94
766.471	5.31
766.646	19.98
766.822	-49.19
766.997	-11.06
767.173	38.05
767.348	18.39
767.524	10.87
767.699	0.12
767.875	29.39
768.05	0.1
768.225	66.14
768.401	25.16
768.576	102.85
768.751	27.57
768.927	-80.63
769.102	40.08
769.277	8.87
769.452	-36.47
769.628	-22.74
769.803	140.66
769.978	-9.65
770.153	-2.32
770.328	37.49
770.503	53.67
770.679	29.06
770.854	78.29
771.029	38.66
771.204	-364.9
771.379	-7.73
771.554	-16.64
771.729	15.14
771.904	38.82
772.079	8.83
772.254	110.22
772.429	23.29
772.604	28.32
772.779	25.86
772.953	-14.46
773.128	57.96
773.303	23.68
773.478	67.13
773.653	60.52
773.828	35.67
774.002	26.43
774.177	-28.43
774.352	386.96
774.527	32.09
774.701	26.4
774.876	70.33
775.051	-108.56
775.225	130.12
775.4	-40.37
775.575	18.97
775.749	29.35
775.924	-6
776.098	-11.28
776.273	94.82
776.447	71.68
776.622	-23.55
776.796	-15.97
776.971	113.88
777.145	-14.25
777.32	49.11
777.494	69.3
777.669	7.73
777.843	-58.31
778.017	7.92
778.192	50.98
778.366	-85.95
778.54	-8.54
778.715	47.22
778.889	30.02
779.063	63.46
779.237	32.37
779.412	-25.79
779.586	-47.39
779.76	84.5
779.934	47.68
780.108	25.29
780.282	-983.58
780.457	41.67
780.631	-115.16
780.805	-96.09
780.979	682.09
781.153	-30.43
781.327	58.5
781.501	-12.01
781.675	-66.18
781.849	1.58
782.023	-34.23
782.197	5.55
782.371	69.14
782.545	221.47
782.718	8.83
782.892	141.86
783.066	29.1
783.24	117
783.414	10.25
783.588	-54
783.761	21.99
783.935	30.3
784.109	26.39
784.283	-166.09
784.456	91.47
784.63	79.42
784.804	47.54
784.977	46.75
785.151	-26.73
785.324	-22.89
785.498	-16.99
785.672	71.33
785.845	46.68
786.019	6.16
786.192	32.45
786.366	16.11
786.539	-24.07
786.713	3.54
786.886	7.03
787.06	-112.08
787.233	38.5
787.406	-3.83
787.58	14.29
787.753	118.8
787.926	-0.37
788.1	280.37
788.273	-92.45
788.446	-110.33
788.62	-383.87
788.793	21.84
788.966	39.38
789.139	128.73
789.313	42.78
789.486	185.71
789.659	-40.57
789.832	-12.78
790.005	14.99
790.178	423.89
790.351	-17.37
790.524	146.78
790.697	29.16
790.87	-24.87
791.044	1005.45
791.216	40.73
791.389	-358.82
791.562	94.85
791.735	198.73
791.908	668.83
792.081	10.86
792.254	-289.01
792.427	137.92
792.6	49.27
792.773	3.38
792.945	-302.99
793.118	-26.55
793.291	-420.88
793.464	148.51
793.637	-87.73
793.809	138.75
793.982	-35.7
794.155	21.74
794.327	92.77
794.5	146.15
794.673	-101.62
794.845	-23.74
795.018	151.78
795.19	308.99
795.363	49.67
795.536	157.21
795.708	-1235.48
795.881	-1700
796.053	30.53
796.226	185.71
796.398	187.92
796.57	54.64
796.743	45.77
796.915	-3.45
797.088	141.3
797.26	-556.69
797.432	-120.25
797.605	-50.8
797.777	-1138.96
797.949	46.72
798.122	6.13
798.294	269.51
798.466	21.14
798.638	113.17
798.81	121.97
798.983	259.49
799.155	76.96
799.327	8.92
799.499	124
799.671	-37.81
799.843	4.89
800.015	-0.39
800.187	26.03
800.359	106.65
800.531	72.61
800.703	18.71
800.875	57.39
801.047	-2.26
801.219	224.91
801.391	-468.83
801.563	95.68
801.735	27.69
801.907	317.18
802.079	75.39
802.251	-157.14
802.422	350.39
802.594	388.31
802.766	33.91
802.938	86.55
803.11	303.27
803.281	-221.85
803.453	29.45
803.625	32.44
803.796	-3.02
803.968	21.49
804.14	-7.37
804.311	52.96
804.483	-15.93
804.654	26.28
804.826	64.26
804.998	116.04
805.169	-73.75
805.341	85.6
805.512	-67.7
805.684	14.99
805.855	83.49
806.026	626.15
806.198	302.45
806.369	40.56
806.541	90.77
806.712	55.99
806.883	170.3
807.055	148.22
807.226	165.9
807.397	-407.69
807.569	381.42
807.74	83.78
807.911	9.39
808.082	-236.32
808.253	-167.33
808.425	74.27
808.596	214.61
808.767	251.08
808.938	121.64
809.109	-250.5
809.28	-10.9
809.451	45.06
809.622	-50.8
809.793	-1158.06
809.964	0.87
810.135	110.17
810.306	103.47
810.477	579.19
810.648	11.4
810.819	-34.23
810.99	-2660
811.161	8.55
811.332	291.35
811.503	84.87
811.674	146.15
811.844	-463.08
812.015	12.93
812.186	66.87
812.357	128.33
812.527	48.19
812.698	-54.99
812.869	677.36
813.04	65.83
813.21	-44.83
813.381	102.33
813.551	64.51
813.722	162.27
813.893	30.02
814.063	18.11
814.234	-194.55
814.404	65.01
814.575	191.53
814.745	-192.04
814.916	84.24
815.086	2.74
815.257	43.5
815.427	199.39
815.598	20.89
815.768	54.61
815.938	37.49
816.109	141.3
816.279	7.07
816.449	14.8
816.62	-1131.58
816.79	119.98
816.96	43.4
817.13	-11.3
817.301	72.59
817.471	-59.67
817.641	155.21
817.811	121.9
817.981	-1700
818.152	80.09
818.322	402.97
818.492	63.27
818.662	127.56
818.832	84.55
819.002	23.79
819.172	110.68
819.342	-21.39
819.512	68.91
819.682	-15.06
819.852	37.73
820.022	77.38
820.192	-68.54
820.362	-68.96
820.531	-19.22
820.701	10.79
820.871	41.02
821.041	64.71
821.211	-43.95
821.381	98.5
821.55	-25.11
821.72	253.49
821.89	515.38
822.059	91.34
822.229	-45.65
822.399	91.93
822.568	75.55
822.738	-704.88
822.908	331.9
823.077	4.8
823.247	59.56
823.416	-217.65
823.586	199.47
823.756	54.37
823.925	213.92
824.095	448.84
824.264	-381.61
824.433	158.41
824.603	43.79
824.772	0.27
824.942	-560.76
825.111	-120.1
825.28	73.91
825.45	-239.13
825.619	282.61
825.788	-41.57
825.958	94.26
826.127	-29.78
826.296	31.6
826.465	146.59
826.635	40.18
826.804	-110.9
826.973	4.8
827.142	-157.87
827.311	184.56
827.48	2.74
827.649	45.45
827.818	284.25
827.988	402.4
828.157	218.5
828.326	-13
828.495	169.69
828.664	275.1
828.833	0.35
829.002	155.9
829.17	120.13
829.339	-41.71
829.508	78.14
829.677	-257.3
829.846	1.73
830.015	-87.61
830.184	-40.21
830.352	-30.94
830.521	-128.78
830.69	465.85
830.859	2182.35
831.027	3668.42
831.196	-31.6
831.365	12.78
831.533	18.63
831.702	68.42
831.871	60.96
832.039	164.72
832.208	-239.13
832.377	114.17
832.545	2.83
832.714	64.77
832.882	78.06
833.051	-4.91
833.219	4471.43
833.388	66.54
833.556	-31.2
833.724	4.59
833.893	38.68
834.061	1647.37
834.23	16.61
834.398	181.08
834.566	-94.81
834.735	2757.14
834.903	541.51
835.071	-20
835.239	105.9
835.408	257.89
835.576	225.58
835.744	0.26
835.912	5.26
836.08	99.33
836.249	20.75
836.417	257.22
836.585	188.82
836.753	124.52
836.921	96.76
837.089	-8728.57
837.257	-388.37
837.425	-101.7
837.593	89.53
837.761	50.82
837.929	117.59
838.097	95.42
838.265	40.97
838.433	98.03
838.601	101.59
838.769	46.84
838.936	484.27
839.104	55.86
839.272	86.26
839.44	30.02
839.608	-1202.44
839.775	20.84
839.943	49.43
840.111	51.78
840.279	24.58
840.446	431.34
840.614	-94.81
840.781	313.91
840.949	61.92
841.117	32.13
841.284	20.17
841.452	155.9
841.619	31.67
841.787	128.78
841.954	-165.12
842.122	346.24
842.289	105.15
842.457	43.91
842.624	131.44
842.792	-403.65
842.959	-61.14
843.126	-3.1
843.294	-186.32
843.461	3.93
843.629	181.6
843.796	65.01
843.963	-107.78
844.13	172.68
844.298	74.52
844.465	-55.69
844.632	88.82
844.799	54.77
844.966	-14.89
845.134	61.92
845.301	24.71
845.468	111.92
845.635	8.83
845.802	-20
845.969	15.6
846.136	125.25
846.303	-3089.47
846.47	-28.63
846.637	312.31
846.804	-247.37
846.971	-157.7
847.138	171.81
847.305	-181.42
847.472	-33.13
847.639	81.73
847.805	-3.45
847.972	-219.48
848.139	-82.83
848.306	-1131.58
848.473	-70.15
848.639	84.87
848.806	-154.4
848.973	82.79
849.14	120.82
849.306	32.74
849.473	-118.54
849.64	-1.54
849.806	-86.6
849.973	375.68
850.139	96.03
850.306	85.51
850.472	97.79
850.639	82.3
850.806	-184.21
850.972	397.39
851.139	2071.43
851.305	66.75
851.471	55.16
851.638	192.02
851.804	-392.54
851.971	-58.31
852.137	-53.17
852.303	107.66
852.47	-32.17
852.636	39.71
852.802	237.01
852.968	-65.96
853.135	145.69
853.301	-104.62
853.467	172.79
853.633	55.99
853.8	79.58
853.966	-37.06
854.132	1214.29
854.298	86.86
854.464	106.74
854.63	115.13
854.796	187.46
854.962	43.88
855.128	39.5
855.294	17.11
855.46	-56.6
855.626	59.8
855.792	-240.54
855.958	94.17
856.124	-28.83
856.29	-86.75
856.456	132.57
856.622	-127.23
856.787	310.39
856.953	84.55
857.119	212.87
857.285	-141.71
857.45	-54.77
857.616	150.9
857.782	-79.54
857.948	52.98
858.113	-184.64
858.279	212.69
858.445	218.11
858.61	951.16
858.776	97.57
858.941	189.11
859.107	58.69
859.273	19.53
859.438	44.65
859.604	-184.21
859.769	-84.25
859.935	-167.33
860.1	124.81
860.265	82.56
860.431	-120.14
860.596	-1185.71
860.762	21.28
860.927	128.9
861.092	42.09
861.258	81.3
861.423	18.92
861.588	30.02
861.753	871.43
861.919	315.09
862.084	-93.7
862.249	504.75
862.414	97.95
862.579	48.22
862.745	111.13
862.91	142.07
863.075	-42.67
863.24	61.1
863.405	6.53
863.57	27.69
863.735	218.54
863.9	296.46
864.065	63.67
864.23	31.93
864.395	-90.04
864.56	-25.08
864.725	107.59
864.89	282.02
865.055	209.29
865.22	65.19
865.384	106.74
865.549	-360.19
865.714	8.67
865.879	125.57
866.044	-51.48
866.208	-8.68
866.373	-526.37
866.538	-25.06
866.702	86.23
866.867	54.66
867.032	67.53
867.196	49.64
867.361	584.8
867.526	-82.83
867.69	3.01
867.855	-64.84
868.019	-216.36
868.184	-48.62
868.348	155.29
868.513	-1196.77
868.677	135.02
868.842	85.16
869.006	210.48
869.17	-250.94
869.335	-470.73
869.499	-872.82
869.663	151.66
869.828	-130.77
869.992	811.63
870.156	73.91
870.321	112.32
870.485	40.13
870.649	-126.39
870.813	-17.34
870.978	102.55
871.142	-684.62
871.306	-84.83
871.47	183.21
871.634	-46.46
871.798	81.37
871.962	-32.57
872.126	1728.57
872.29	20.1
872.454	-5642.86
872.618	263.64
872.782	55.22
872.946	104.03
873.11	-83.92
873.274	311.56
873.438	1829.41
873.602	-40.9
873.766	357.14
873.93	72.05
874.094	201.12
874.257	44.3
874.421	311.56
874.585	-1001.82
874.749	7.09
874.912	-16.55
875.076	107.44
875.24	-67.21
875.403	298.63
875.567	-81.71
875.731	430.34
875.894	122.04
876.058	-149.76
876.222	39.33
876.385	-138.19
876.549	70.43
876.712	329.09
876.876	-218.22
877.039	46.72
877.203	39.58
877.366	-42.41
877.529	63.96
877.693	60.32
877.856	170.68
878.02	-14.58
878.183	-210.34
878.346	201.3
878.51	-107.08
878.673	-111.51
878.836	249.53
878.999	158.06
879.163	109.84
879.326	30.95
879.489	62.4
879.652	119.06
879.815	83.45
879.978	-260
880.142	160.4
880.305	-8.07
880.468	26.27
880.631	88.86
880.794	15.4
880.957	-851.22
881.12	1829.41
881.283	0.45
881.446	101.1
881.609	190.65
881.772	55.05
881.935	-2688.24
882.097	230.43
882.26	43.4
882.423	-95.98
882.586	13.65
882.749	80.76
882.912	37.42
883.074	157.1
883.237	85.68
883.4	-22.55
883.562	72.83
883.725	-20
883.888	340.94
884.05	1180
884.213	98.51
884.376	-32.23
884.538	39.28
884.701	39.28
884.863	39.28
