181.954	-12.96
182.172	-12.96
182.39	-12.96
182.608	-1280
182.826	690.11
183.043	149.79
183.261	-51.23
183.479	213.49
183.697	4141.18
183.914	-144.13
184.132	342.25
184.35	141.7
184.567	230.99
184.785	-120.35
185.003	-10.28
185.22	-6.87
185.438	66.03
185.656	-184.92
185.873	-486.15
186.091	45.32
186.309	1682.76
186.526	63.35
186.744	95.19
186.961	-1.82
187.179	64.45
187.396	92.54
187.614	-320
187.831	-5120
188.049	46.63
188.266	83.08
188.484	-549.25
188.701	38.83
188.919	122.17
189.136	202.49
189.354	-49.42
189.571	-72.04
189.789	123.28
190.006	39.42
190.223	-268.11
190.441	59.97
190.658	-971.43
190.876	113.43
191.093	-8.79
191.31	82.8
191.528	17.8
191.745	-6.41
191.962	91.74
192.179	45.9
192.397	-3.24
192.614	-34.24
192.831	-45.56
193.049	38.67
193.266	62.14
193.483	-0.59
193.7	-781.54
193.917	66.54
194.135	235.97
194.352	6.18
194.569	59.98
194.786	151.19
195.003	65.57
195.221	-8.77
195.438	22.61
195.655	255.28
195.872	151.86
196.089	-16.11
196.306	-52.21
196.523	132.92
196.74	76.73
196.957	64.44
197.174	4.06
197.391	118.2
197.608	34.13
197.825	-2077.42
198.042	29.16
198.259	-1089.66
198.476	31.61
198.693	2320
198.91	-22.32
199.127	149.25
199.344	1.62
199.561	67.05
199.778	68.83
199.995	149.25
200.212	813.79
200.429	1.9
200.646	-268.35
200.862	346.07
201.079	4.35
201.296	312.58
201.513	-100.97
201.73	-73.8
201.947	99.26
202.163	-20.84
202.38	191.91
202.597	361.5
202.814	-6.78
203.03	-2240
203.247	-190.95
203.464	-31.36
203.681	166.23
203.897	134.04
204.114	558.49
204.331	91.43
204.547	-548.84
204.764	152.1
204.981	47.06
205.197	267.23
205.414	98.4
205.63	-551.72
205.847	201.01
206.064	487.27
206.28	73.02
206.497	143.92
206.713	142.69
206.93	-24.3
207.146	111.42
207.363	252.31
207.579	-206.59
207.796	293.81
208.012	-43.84
208.229	382.09
208.445	56.68
208.662	59.16
208.878	135.64
209.095	470.59
209.311	-9.18
209.528	-4228.57
209.744	-77.22
209.96	-227.81
210.177	-7.77
210.393	75.16
210.609	-2480
210.826	90.8
211.042	3.48
211.258	400
211.475	-23.53
211.691	-11.02
211.907	-192.41
212.124	-36.77
212.34	290.29
212.556	-80.56
212.772	-21.98
212.989	225.17
213.205	81.18
213.421	-377.89
213.637	794.03
213.853	49.81
214.069	-421.05
214.286	-61.81
214.502	-298.51
214.718	-47.65
214.934	199.43
215.15	10.49
215.366	5.14
215.582	-24.03
215.798	97.28
216.015	20.93
216.231	328.65
216.447	86.11
216.663	0.99
216.879	68.34
217.095	424.16
217.311	-392.45
217.527	-8.91
217.743	62.14
217.959	83.02
218.175	-17.59
218.391	184.17
218.606	-189.71
218.822	97.39
219.038	21.39
219.254	89.26
219.47	-37.72
219.686	507.87
219.902	-8.71
220.118	74.41
220.334	59.14
220.549	31.18
220.765	-53.27
220.981	21.41
221.197	11.17
221.413	-206.59
221.628	-131.65
221.844	649.06
222.06	-89.32
222.276	43.91
222.491	124.69
222.707	45.9
222.923	-308.72
223.139	-10.17
223.354	93.3
223.57	135.43
223.786	24.6
224.001	-63.32
224.217	-2.33
224.432	275.14
224.648	117.49
224.864	-27.95
225.079	-47.76
225.295	-58.56
225.51	-47.57
225.726	-38.42
225.942	200.63
226.157	36.8
226.373	-69.79
226.588	76.63
226.804	-2442.11
227.019	92.46
227.235	95.52
227.45	94.64
227.665	15280
227.881	409.45
228.096	170.43
228.312	-121.09
228.527	108.11
228.743	16
228.958	162.1
229.173	-267.83
229.389	23.42
229.604	4.8
229.819	14.17
230.035	-142.76
230.25	-68.8
230.465	190.64
230.681	-139.41
230.896	-1.5
231.111	59.62
231.327	76.25
231.542	4480
231.757	87.73
231.972	-100.35
232.187	-34.04
232.403	-1368.42
232.618	-51.53
232.833	65.88
233.048	7.27
233.263	3.06
233.478	-320
233.694	511.63
233.909	-374.19
234.124	138.29
234.339	78.28
234.554	1517.24
234.769	-11.33
234.984	71.75
235.199	47.17
235.414	-141.59
235.629	-784.81
235.844	39.36
236.059	90.81
236.274	55.59
236.489	-183.07
236.704	91.99
236.919	158.6
237.134	42.01
237.349	181.82
237.564	57.89
237.779	16.89
237.994	-3.4
238.209	110.94
238.424	304.29
238.639	67.81
238.853	42.75
239.068	51.96
239.283	131.72
239.498	130.87
239.713	-6.91
239.928	59.51
240.142	3.83
240.357	20.71
240.572	4.51
240.787	135.15
241.001	114.04
241.216	-9.28
241.431	182.21
241.646	41.98
241.86	-78.92
242.075	-1274.42
242.29	-12.16
242.504	46.36
242.719	280.75
242.934	163.78
243.148	69.25
243.363	-102.96
243.577	-85.39
243.792	-56.68
244.007	13.44
244.221	-238.96
244.436	-352.24
244.65	186.5
244.865	64.45
245.079	87.89
245.294	106.47
245.508	44.54
245.723	78.87
245.937	294.51
246.152	-36.14
246.366	103.6
246.581	-42.22
246.795	-12.27
247.01	58.05
247.224	36.7
247.438	-13.11
247.653	65.06
247.867	38.31
248.081	131.42
248.296	926.83
248.51	25.87
248.724	50.07
248.939	-531.34
249.153	287.35
249.367	99.52
249.582	-21.8
249.796	-145.45
250.01	-108.61
250.224	33.6
250.439	82.25
250.653	111.85
250.867	-9.61
251.081	263.51
251.295	-27.37
251.51	-8.51
251.724	-299.28
251.938	248.33
252.152	400
252.366	36.8
252.58	640
252.794	57.37
253.008	121.85
253.223	32.82
253.437	84.01
253.651	-34.46
253.865	138.43
254.079	-63.48
254.293	-32.87
254.507	-232.73
254.721	0.99
254.935	-35.16
255.149	212.26
255.363	96.16
255.577	69.8
255.791	216.95
256.005	215.95
256.218	-53.37
256.432	-66.5
256.646	29.5
256.86	-15.77
257.074	74.8
257.288	2800
257.502	-74.73
257.716	-37.65
257.929	146.22
258.143	3.75
258.357	-28.27
258.571	-91.51
258.785	21.84
258.998	38.67
259.212	92.84
259.426	39.46
259.64	110.94
259.853	-58.93
260.067	20.61
260.281	97.2
260.494	157.11
260.708	708.91
260.922	-4.11
261.135	75.68
261.349	-108.24
261.563	145.54
261.776	1388.24
261.99	11.21
262.203	17.06
262.417	-53.71
262.63	-51.53
262.844	656.18
263.058	168.14
263.271	37.78
263.485	13.3
263.698	62.74
263.912	-59.57
264.125	23.58
264.339	144.88
264.552	-89.43
264.765	-69.57
264.979	144.2
265.192	95.91
265.406	135.64
265.619	-9.18
265.832	39.08
266.046	-64.3
266.259	-43.39
266.473	-2038.71
266.686	157.12
266.899	-1.82
267.113	-6800
267.326	-2.83
267.539	59.97
267.752	57.3
267.966	91.47
268.179	107.75
268.392	88.97
268.605	107.09
268.819	60.84
269.032	24.64
269.245	289.23
269.458	41.33
269.671	-237.97
269.885	-33.7
270.098	0.54
270.311	354.43
270.524	-19.54
270.737	-66.5
270.95	177.48
271.163	333.86
271.376	-219.35
271.589	-374.68
271.802	49.2
272.016	40.39
272.229	4.44
272.442	59.92
272.655	88.98
272.868	-63.93
273.081	238.2
273.294	22.82
273.506	14.13
273.719	15.09
273.932	-15.16
274.145	-80
274.358	156.2
274.571	85.38
274.784	-233.96
274.997	46.87
275.21	27.25
275.423	-65.77
275.635	207.04
275.848	57.4
276.061	105.96
276.274	129.92
276.487	149.57
276.699	51.61
276.912	105.37
277.125	129.36
277.338	23.82
277.55	31.98
277.763	9.64
277.976	147.49
278.189	-193.41
278.401	15.27
278.614	-70.4
278.827	35.69
279.039	78.87
279.252	77.34
279.464	-20.46
279.677	70.44
279.89	12.52
280.102	-70.35
280.315	-858.54
280.527	-673.68
280.74	524.14
280.952	-7.71
281.165	14.47
281.377	-52.01
281.59	-55.17
281.802	120.12
282.015	113.73
282.227	87.67
282.44	546.76
282.652	494.38
282.865	-66.35
283.077	99.28
283.29	157.73
283.502	47.71
283.714	104.27
283.927	91.25
284.139	-104.72
284.351	7.16
284.564	117.65
284.776	141.64
284.988	77.74
285.201	507.46
285.413	52.35
285.625	-112.43
285.838	15.27
286.05	108.81
286.262	94.46
286.474	26.59
286.686	-1.08
286.899	7.17
287.111	81.34
287.323	-40.06
287.535	352.48
287.747	59.54
287.959	-25.72
288.172	72.73
288.384	32.65
288.596	-127.56
288.808	784.91
289.02	422.64
289.232	84.37
289.444	52.14
289.656	-33.88
289.868	24.19
290.08	-4.91
290.292	-182.13
290.504	-61.85
290.716	44.56
290.928	101.33
291.14	-716.28
291.352	-29.98
291.564	-94.12
291.776	74.74
291.988	-122.7
292.2	-271.09
292.412	147.03
292.624	26.23
292.835	579.1
293.047	21.8
293.259	110.34
293.471	-61.54
293.683	312.2
293.895	25.92
294.106	-9.86
294.318	109.39
294.53	47.96
294.742	1848.28
294.953	72.32
295.165	13.04
295.377	63.55
295.589	-11.91
295.8	-43.53
296.012	99.51
296.224	-46.66
296.435	137.88
296.647	121.03
296.858	54.68
297.07	178.46
297.282	16.83
297.493	37.78
297.705	-52.57
297.916	22.76
298.128	-25.07
298.34	92.64
298.551	34.33
298.763	19.01
298.974	67.19
299.186	27.44
299.397	67.64
299.609	12.9
299.82	213.65
300.031	29.55
300.243	210.53
300.454	-144.79
300.666	63.7
300.877	286.26
301.089	175.32
301.3	26.26
301.511	9.66
301.723	80.71
301.934	-620.9
302.145	-6.04
302.357	151.84
302.568	121.6
302.779	14.58
302.99	-35.87
303.202	-36.36
303.413	0.78
303.624	50.17
303.835	-867.92
304.047	25.91
304.258	21.8
304.469	36.08
304.68	36.94
304.891	70.07
305.103	61.78
305.314	79.8
305.525	-1314.29
305.736	50.39
305.947	83.12
306.158	2447.06
306.369	53.97
306.58	12.28
306.791	128.52
307.002	94.08
307.213	-114.29
307.424	22.61
307.636	141.69
307.846	136.68
308.057	528.16
308.268	15.85
308.479	-36.14
308.69	56.67
308.901	63.73
309.112	-74.42
309.323	-57.65
309.534	247.1
309.745	38.78
309.956	49.86
310.167	10.76
310.377	119.28
310.588	21.84
310.799	176.52
311.01	-18.22
311.221	86.54
311.432	39.87
311.642	-9.26
311.853	89.71
312.064	27.59
312.275	150.19
312.485	-16.39
312.696	14.88
312.907	14.07
313.117	28.01
313.328	76.81
313.539	74.68
313.749	63.52
313.96	-483.52
314.171	86.91
314.381	42.47
314.592	-35.63
314.802	-4.26
315.013	-90.46
315.224	39.44
315.434	-4400
315.645	640
315.855	95.91
316.066	426.97
316.276	230.39
316.487	634.15
316.697	57.74
316.908	43.36
317.118	4.83
317.329	85.65
317.539	30.51
317.749	106.44
317.96	-1140.3
318.17	-115.77
318.381	215.38
318.591	-74.73
318.801	45.73
319.012	-7.07
319.222	73.79
319.432	-67.49
319.643	-149.27
319.853	-95.07
320.063	66.62
320.273	-29.24
320.484	43.96
320.694	257.96
320.904	58.31
321.114	49.44
321.325	565.52
321.535	47.39
321.745	19.12
321.955	42.99
322.165	-53.17
322.375	66.17
322.585	-56.44
322.796	1765.52
323.006	89.01
323.216	113.32
323.426	-70.47
323.636	72.73
323.846	1351.72
324.056	59.99
324.266	38.27
324.476	52.57
324.686	231.35
324.896	10.28
325.106	1260.38
325.316	-14.58
325.526	-1305.26
325.736	52.35
325.946	13.04
326.156	1007.79
326.366	97.39
326.576	52.24
326.785	62.31
326.995	53.26
327.205	375.88
327.415	70.51
327.625	189.78
327.835	4.52
328.044	-178.89
328.254	3.48
328.464	56.54
328.674	94.01
328.884	-117.99
329.093	-4.28
329.303	44.19
329.513	198.76
329.722	-1747.37
329.932	67.26
330.142	112.65
330.351	113.89
330.561	1120
330.771	-171.22
330.98	-57.77
331.19	1009.23
331.4	-117.31
331.609	22.2
331.819	897.56
332.028	-38.86
332.238	-35.25
332.447	89.78
332.657	105.63
332.866	36.48
333.076	30.2
333.285	56.03
333.495	206.45
333.704	-154.26
333.914	66.17
334.123	-43.14
334.333	-227.69
334.542	50.14
334.752	621.54
334.961	309.43
335.17	-40.2
335.38	-77.38
335.589	64.94
335.798	18.07
336.008	268.13
336.217	-177.02
336.426	72.51
336.636	-64.68
336.845	7.89
337.054	290.91
337.263	-1.32
337.473	-22.79
337.682	204.56
337.891	15.41
338.1	149.64
338.309	-9.96
338.519	159.45
338.728	3.45
338.937	-280.31
339.146	149.64
339.355	-1298.11
339.564	589.47
339.773	-52.26
339.983	-99.72
340.192	-257.39
340.401	233.24
340.61	49.23
340.819	34.21
341.028	49.84
341.237	-164.71
341.446	27.66
341.655	63.52
341.864	-37.91
342.073	88.11
342.282	-4.82
342.491	2.93
342.699	178.64
342.908	10.39
343.117	-30.61
343.326	147.37
343.535	-669.09
343.744	-27.17
343.953	112
344.162	59.75
344.37	14.24
344.579	167.16
344.788	47.06
344.997	-15.06
345.206	52.12
345.414	63.55
345.623	76.75
345.832	-60.89
346.041	235.53
346.249	30.92
346.458	10.21
346.667	46.66
346.875	101.4
347.084	5.52
347.293	99.35
347.501	138.39
347.71	-8.26
347.918	-78.23
348.127	-272.53
348.336	-164.24
348.544	141.27
348.753	-280.6
348.961	-3.58
349.17	186.87
349.378	122.37
349.587	-1.99
349.795	-124.27
350.004	584.62
350.212	73.48
350.421	166.37
350.629	-49.55
350.838	87.02
351.046	115.71
351.254	16.83
351.463	15.27
351.671	-357.89
351.879	151.33
352.088	86.72
352.296	378.76
352.504	129.94
352.713	147.37
352.921	-166.93
353.129	-18.89
353.338	-5.83
353.546	-48.29
353.754	17.18
353.962	-73.8
354.171	57.77
354.379	-3642.11
354.587	-17.69
354.795	122.48
355.003	-18.38
355.212	26.59
355.42	1101.89
355.628	238.07
355.836	-39.32
356.044	65.01
356.252	78.7
356.46	0.62
356.668	1064.62
356.876	20.97
357.084	51.91
357.292	69.1
357.5	-78.71
357.708	0.69
357.916	-34.88
358.124	-79.3
358.332	-585.07
358.54	138.18
358.748	-270.13
358.956	-27.65
359.164	39.86
359.372	116.19
359.58	-143.88
359.788	29.39
359.996	65.47
360.203	2.2
360.411	-29.47
360.619	-299.5
360.827	38.38
361.035	-373.01
361.242	9.38
361.45	-329.11
361.658	189.57
361.866	-1.5
362.073	31.1
362.281	116.64
362.489	-5.68
362.697	63.78
362.904	22.96
363.112	154.48
363.32	2.4
363.527	-90.43
363.735	-7.72
363.943	-48.28
364.15	149.82
364.358	60.92
364.565	42.33
364.773	-1.6
364.98	-7.07
365.188	37.15
365.395	146.9
365.603	25.76
365.81	26.9
366.018	39.42
366.225	117.74
366.433	45.66
366.64	64.34
366.848	107.61
367.055	-51.41
367.263	43.03
367.47	52.1
367.677	263.29
367.885	-76.27
368.092	53.88
368.299	18.03
368.507	102.8
368.714	410.62
368.921	3.15
369.129	55.94
369.336	48.18
369.543	114.9
369.751	-52.2
369.958	125.56
370.165	99.64
370.372	-81.6
370.579	-66.5
370.787	66.58
370.994	14.43
371.201	50.14
371.408	22.38
371.615	79
371.822	11.85
372.029	25.76
372.237	-80
372.444	-73.51
372.651	-1.29
372.858	262.76
373.065	50.65
373.272	31.71
373.479	-2662.07
373.686	70.14
373.893	201.94
374.1	72.73
374.307	-420.14
374.514	-3.24
374.721	-35.02
374.928	259.74
375.135	58.32
375.341	4720
375.548	-8.91
375.755	113.12
375.962	3.35
376.169	-91.8
376.376	-183
376.583	64.75
376.789	53.17
376.996	38.36
377.203	-85.77
377.41	4.71
377.617	-56.5
377.823	53.48
378.03	245.16
378.237	27.93
378.443	-162.29
378.65	-7.55
378.857	-60.52
379.063	232.91
379.27	-38.26
379.477	95.91
379.683	112.26
379.89	11.88
380.097	24.27
380.303	24.74
380.51	-56.18
380.716	15.92
380.923	-6.3
381.129	44.77
381.336	239.37
381.542	51.18
381.749	61.31
381.955	99.56
382.162	89.78
382.368	-63.93
382.575	65.85
382.781	151.72
382.988	-19.89
383.194	-44.39
383.4	7.15
383.607	44
383.813	85.61
384.02	24.62
384.226	53.92
384.432	-8.04
384.639	47.32
384.845	-632.91
385.051	65.66
385.257	2
385.464	61.94
385.67	64
385.876	31.97
386.082	-35.25
386.289	-34.95
386.495	23.82
386.701	-26.06
386.907	-45.01
387.113	21.73
387.319	23.66
387.526	52.12
387.732	163.78
387.938	505.6
388.144	-80
388.35	39.9
388.556	147.28
388.762	55.73
388.968	1013.95
389.174	62.08
389.38	50.11
389.586	-52.95
389.792	-39.69
389.998	-50.97
390.204	74.64
390.41	62.75
390.616	29.91
390.822	16.45
391.028	36.4
391.234	39.44
391.439	-287.38
391.645	15.4
391.851	42.79
392.057	-15.3
392.263	41.08
392.469	-12.43
392.674	-26.13
392.88	8.52
393.086	1.92
393.292	-91.41
393.498	-136.24
393.703	-32.48
393.909	72.13
394.115	108.11
394.32	-32.54
394.526	22.45
394.732	28.45
394.937	107.8
395.143	147.37
395.349	101.94
395.554	-154.77
395.76	47.41
395.965	-70.09
396.171	66.07
396.377	14.87
396.582	4.09
396.788	20.57
396.993	63.18
397.199	-47.68
397.404	26.7
397.61	-44.56
397.815	-49.81
398.021	-74.15
398.226	96.35
398.431	24.33
398.637	30.97
398.842	38.42
399.048	30.28
399.253	41.29
399.458	10.98
399.664	-0.59
399.869	17.29
400.074	22.74
400.28	5.29
400.485	-52.95
400.69	-18.13
400.896	3.45
401.101	6.03
401.306	-1.25
401.511	12.68
401.716	-11.58
401.922	-20.11
402.127	1.35
402.332	13.04
402.537	0.9
402.742	23.13
402.947	54.44
403.153	-12.79
403.358	-2.96
403.563	0.67
403.768	1.44
403.973	10.04
404.178	-3.61
404.383	4.12
404.588	14.32
404.793	17.97
404.998	-3.43
405.203	13.93
405.408	18.01
405.613	4.45
405.818	19.75
406.023	10.5
406.228	-12.41
406.433	-4.39
406.638	3.76
406.842	17.03
407.047	6.81
407.252	0.35
407.457	23.8
407.662	7.9
407.867	19.91
408.071	9.44
408.276	3.8
408.481	6.93
408.686	0.48
408.891	19.49
409.095	10.67
409.3	9.36
409.505	6.44
409.709	4.59
409.914	10
410.119	3.24
410.323	4.13
410.528	1.12
410.733	10.71
410.937	0.33
411.142	2.36
411.346	4.61
411.551	6.22
411.756	4.8
411.96	6.2
412.165	-1.76
412.369	4.59
412.574	2.05
412.778	-0.06
412.983	8.98
413.187	7.08
413.392	1.02
413.596	6.08
413.8	5.64
414.005	9.71
414.209	4.36
414.414	3.67
414.618	4.73
414.822	3.21
415.027	8.83
415.231	4.88
415.435	7.07
415.64	3.04
415.844	3.97
416.048	4.8
416.252	6.35
416.457	5.06
416.661	3.46
416.865	2.9
417.069	1.88
417.274	5.33
417.478	3.28
417.682	4.36
417.886	2.43
418.09	5.72
418.294	3.25
418.498	6.8
418.702	3.09
418.907	3.28
419.111	3.38
419.315	4.73
419.519	5.75
419.723	1.83
419.927	4.2
420.131	5.83
420.335	3.58
420.539	3.82
420.743	5.7
420.947	3.06
421.151	3.38
421.355	3.46
421.558	3.08
421.762	4.53
421.966	3.33
422.17	3.9
422.374	3.77
422.578	3.37
422.782	3.79
422.985	2.79
423.189	4.26
423.393	3.46
423.597	3.26
423.801	4.02
424.004	4.14
424.208	2.82
424.412	3.31
424.615	2.95
424.819	4.06
425.023	3.36
425.226	4.06
425.43	4.35
425.634	3.08
425.837	2.99
426.041	4.07
426.245	4.07
426.448	3.83
426.652	3.56
426.855	2.47
427.059	3.24
427.262	3.69
427.466	3
427.669	3.96
427.873	3.65
428.076	3.81
428.28	4.06
428.483	3.1
428.687	2.65
428.89	3.36
429.094	2.37
429.297	3.08
429.5	3.51
429.704	3.22
429.907	3.73
430.11	3.18
430.314	4.12
430.517	3.87
430.72	4.01
430.924	3.73
431.127	2.75
431.33	3.35
431.533	3.11
431.737	3.96
431.94	3.32
432.143	3.75
432.346	3.43
432.549	3.24
432.752	3.23
432.956	3.2
433.159	3.14
433.362	2.56
433.565	2.9
433.768	3.4
433.971	2.96
434.174	3.49
434.377	3.12
434.58	3.41
434.783	2.92
434.986	3.32
435.189	3.54
435.392	3.59
435.595	3.12
435.798	2.82
436.001	3.64
436.204	3.14
436.407	2.68
436.61	3.49
436.813	3.66
437.016	3.59
437.219	3.52
437.421	3.18
437.624	3.3
437.827	3.07
438.03	3.32
438.233	2.87
438.435	3.67
438.638	3.47
438.841	3.23
439.044	3.32
439.246	3.04
439.449	3.5
439.652	3.15
439.854	3.59
440.057	3.42
440.26	3.53
440.462	3.52
440.665	2.9
440.868	3.35
441.07	3.27
441.273	3.27
441.475	3.32
441.678	3.04
441.88	3.33
442.083	2.88
442.286	3.17
442.488	2.73
442.69	3.3
442.893	3.18
443.095	2.65
443.298	3.34
443.5	3.17
443.703	3.27
443.905	3.23
444.108	2.9
444.31	3.33
444.512	3.16
444.715	3.28
444.917	2.92
445.119	3.23
445.322	2.77
445.524	3.48
445.726	2.9
445.928	3.02
446.131	3.38
446.333	3.37
446.535	3.16
446.737	3.17
446.94	3.14
447.142	3.36
447.344	3.34
447.546	3.3
447.748	2.92
447.95	3.22
448.152	3.37
448.354	3.5
448.557	3.46
448.759	3.4
448.961	3.45
449.163	3.37
449.365	3.26
449.567	3.54
449.769	3.5
449.971	3.3
450.173	3.12
450.375	3.3
450.577	3.67
450.779	3.34
450.981	3.49
451.182	3.14
451.384	3.39
451.586	3.77
451.788	3.38
451.99	3.48
452.192	2.94
452.394	3.46
452.595	3.84
452.797	3.29
452.999	3.66
453.201	3.42
453.402	3.73
453.604	3.3
453.806	3.19
454.008	3.4
454.209	3.58
454.411	3.88
454.613	3.8
454.814	3.77
455.016	3.58
455.218	3.66
455.419	3.65
455.621	3.26
455.822	3.38
456.024	3.44
456.225	4
456.427	3.76
456.629	3.36
456.83	3.58
457.032	3.65
457.233	3.8
457.435	2.97
457.636	4.2
457.837	3.84
458.039	3.08
458.24	3.32
458.442	4.23
458.643	3.57
458.844	4.09
459.046	3.77
459.247	4.42
459.448	4.27
459.65	3.95
459.851	4
460.052	4.48
460.254	3.79
460.455	4.28
460.656	3.68
460.857	3.16
461.059	3.54
461.26	3.67
461.461	4.12
461.662	3.84
461.863	4.3
462.065	3.51
462.266	3.97
462.467	3.78
462.668	3.19
462.869	4.33
463.07	4.27
463.271	3.64
463.472	3.42
463.673	3.87
463.874	3.23
464.075	3.83
464.276	3.89
464.477	3.93
464.678	4.32
464.879	3.24
465.08	4.31
465.281	3.83
465.482	4.3
465.683	3.35
465.884	4.19
466.085	3.74
466.285	3.53
466.486	4.71
466.687	3.79
466.888	4.14
467.089	4.43
467.29	4.28
467.49	3.54
467.691	4.1
467.892	3.76
468.093	3.64
468.293	4.06
468.494	4.11
468.695	3.69
468.895	4.94
469.096	3.06
469.297	3.75
469.497	4.11
469.698	5.16
469.898	3.61
470.099	5.18
470.3	5.27
470.5	3.13
470.701	4.76
470.901	4.12
471.102	4.62
471.302	4.54
471.503	4.88
471.703	5.71
471.904	3.53
472.104	3.73
472.305	4.11
472.505	4.65
472.705	4.49
472.906	4.69
473.106	4.17
473.306	3.88
473.507	6.71
473.707	4.84
473.907	4.27
474.108	2.63
474.308	3.46
474.508	4.44
474.709	4.39
474.909	4.49
475.109	3.44
475.309	4.81
475.51	3.94
475.71	4.4
475.91	4.91
476.11	3.13
476.31	3.3
476.51	4.18
476.71	3.77
476.911	5.9
477.111	3.74
477.311	4.19
477.511	3.38
477.711	3.7
477.911	3.78
478.111	5.56
478.311	4.24
478.511	3.65
478.711	4.51
478.911	3.76
479.111	3.6
479.311	4.57
479.511	6.49
479.711	3
479.91	2.36
480.11	3.42
480.31	3.59
480.51	5
480.71	3.57
480.91	5.39
481.109	4.42
481.309	3.13
481.509	2.66
481.709	5.9
481.909	3.5
482.108	4.24
482.308	3.72
482.508	5.5
482.707	4.33
482.907	3.65
483.107	3.94
483.306	2.98
483.506	4.18
483.706	1.85
483.905	4.54
484.105	5.64
484.304	3.6
484.504	1.88
484.704	5.84
484.903	3.34
485.103	5.06
485.302	3.48
485.502	4.01
485.701	5.79
485.901	4.1
486.1	2.7
486.299	5.18
486.499	4.36
486.698	5.07
486.898	3.59
487.097	4.72
487.296	2.3
487.496	2.94
487.695	3.48
487.894	3.81
488.094	4
488.293	3.43
488.492	3.62
488.692	3.45
488.891	3.94
489.09	3.65
489.289	3.48
489.489	3.22
489.688	3.49
489.887	4.48
490.086	3.98
490.285	5.21
490.484	5.21
490.683	3.98
490.883	5.34
491.082	3.86
491.281	2.78
491.48	2.51
491.679	4.71
491.878	4.95
492.077	3.99
492.276	5.42
492.475	4.04
492.674	4.7
492.873	4.65
493.072	3.62
493.271	5.13
493.47	4.09
493.669	2.87
493.867	2.79
494.066	4.44
494.265	4.76
494.464	4.3
494.663	3.58
494.862	3.82
495.06	2.99
495.259	3.23
495.458	4.37
495.657	2.98
495.856	4.54
496.054	3.78
496.253	3.82
496.452	3.52
496.65	4.09
496.849	4.52
497.048	3.42
497.246	4.54
497.445	4.15
497.644	4.01
497.842	4.69
498.041	4.23
498.239	4.22
498.438	5.62
498.636	3.87
498.835	4.79
499.034	4.02
499.232	4.46
499.431	3.8
499.629	3.64
499.827	4.32
500.026	3.76
500.224	3.7
500.423	3.47
500.621	3.42
500.82	4.39
501.018	5.02
501.216	4.9
501.415	4.89
501.613	4.48
501.811	4.48
502.01	4.55
502.208	3.95
502.406	5.06
502.604	5.35
502.803	4.97
503.001	5.53
503.199	4.19
503.397	4.41
503.595	4.8
503.794	4.95
503.992	5.04
504.19	4.2
504.388	4.71
504.586	4.28
504.784	4.49
504.982	4.28
505.18	4.49
505.378	4.57
505.576	4.67
505.774	4.9
505.972	5.28
506.17	4.96
506.368	4.31
506.566	4.57
506.764	4.75
506.962	4.66
507.16	5.03
507.358	4.28
507.556	4.66
507.754	5.21
507.952	4.78
508.15	5.27
508.347	4.5
508.545	5.48
508.743	5.16
508.941	4.58
509.139	5.38
509.336	4.92
509.534	5.49
509.732	5.52
509.93	4.89
510.127	5.35
510.325	5.04
510.523	5.34
510.72	5.63
510.918	5.5
511.116	5.02
511.313	4.64
511.511	5.42
511.708	4.53
511.906	6.07
512.104	5.15
512.301	5.45
512.499	5.84
512.696	5.61
512.894	5.02
513.091	5.14
513.289	5.08
513.486	5.61
513.683	5.16
513.881	5.58
514.078	5.47
514.276	5.96
514.473	5.91
514.67	5.94
514.868	5.63
515.065	5.28
515.262	5.97
515.46	5.71
515.657	5.75
515.854	5.42
516.052	5.38
516.249	5.99
516.446	5.99
516.643	5.87
516.84	5.92
517.038	6.02
517.235	5.38
517.432	6.22
517.629	6.04
517.826	6
518.023	5.85
518.221	5.91
518.418	5.92
518.615	5.87
518.812	6.02
519.009	6.35
519.206	5.77
519.403	5.69
519.6	5.82
519.797	6.04
519.994	6.35
520.191	6.42
520.388	6.23
520.585	6.28
520.782	6.22
520.978	5.92
521.175	6
521.372	7.26
521.569	6.04
521.766	5.84
521.963	6.21
522.159	6.28
522.356	6.48
522.553	6.69
522.75	6.65
522.947	6.25
523.143	6.21
523.34	6.99
523.537	6.76
523.733	6.23
523.93	6.49
524.127	6.3
524.323	6.37
524.52	6.23
524.717	6.51
524.913	6.67
525.11	6.17
525.306	7.04
525.503	6.6
525.7	6.57
525.896	6.34
526.093	6.9
526.289	7.19
526.486	6.76
526.682	6.29
526.878	6.28
527.075	6.48
527.271	6.74
527.468	6.7
527.664	6.83
527.861	6.73
528.057	6.76
528.253	6.89
528.45	6.18
528.646	6.37
528.842	6.5
529.039	6.47
529.235	6.73
529.431	6.93
529.627	6.6
529.824	7.03
530.02	6.86
530.216	6.96
530.412	6.75
530.608	6.69
530.804	6.84
531.001	6.82
531.197	6.68
531.393	7.14
531.589	6.66
531.785	6.67
531.981	6.97
532.177	7.09
532.373	7.18
532.569	7.07
532.765	6.96
532.961	6.74
533.157	6.5
533.353	7.31
533.549	6.96
533.745	7.13
533.941	6.88
534.137	7.13
534.333	6.61
534.529	7.29
534.725	7.01
534.92	7.43
535.116	6.87
535.312	6.86
535.508	6.92
535.704	7.08
535.899	7.06
536.095	7.53
536.291	7.53
536.487	6.95
536.682	7.23
536.878	7.1
537.074	7.22
537.269	7.14
537.465	7.27
537.661	7.13
537.856	6.84
538.052	7.07
538.248	7.45
538.443	7.74
538.639	7.59
538.834	7.17
539.03	7.37
539.225	7.79
539.421	7.18
539.616	7.3
539.812	7.56
540.007	7.88
540.203	7.59
540.398	7.72
540.593	7.8
540.789	7.73
540.984	7.55
541.18	7.59
541.375	7.6
541.57	7.58
541.766	7.87
541.961	7.85
542.156	7.41
542.352	7.99
542.547	7.52
542.742	7.39
542.937	7.86
543.133	8.3
543.328	8.01
543.523	7.63
543.718	7.98
543.913	8.38
544.108	7.35
544.304	7.8
544.499	7.88
544.694	7.54
544.889	8
545.084	8.3
545.279	8.15
545.474	7.85
545.669	7.93
545.864	7.73
546.059	8.14
546.254	7.82
546.449	7.73
546.644	7.86
546.839	8.05
547.034	8.47
547.229	7.64
547.424	8.39
547.618	8.13
547.813	8.39
548.008	8.24
548.203	7.87
548.398	8.24
548.593	8.5
548.787	8.36
548.982	7.76
549.177	8.38
549.372	7.91
549.566	8.38
549.761	8.1
549.956	8.02
550.15	8.25
550.345	8.26
550.54	8.96
550.734	8.38
550.929	8.45
551.124	8.44
551.318	8.33
551.513	8.28
551.707	8.67
551.902	8.75
552.096	8.37
552.291	8.83
552.485	8.62
552.68	8.76
552.874	8.75
553.069	8.78
553.263	8.71
553.458	8.87
553.652	8.87
553.847	8.6
554.041	8.8
554.235	8.39
554.43	9.01
554.624	9.18
554.818	8.75
555.013	8.68
555.207	9.02
555.401	9.35
555.595	8.89
555.79	8.97
555.984	9.25
556.178	9.05
556.372	9.55
556.566	8.8
556.761	8.81
556.955	9.23
557.149	9.05
557.343	9.18
557.537	8.81
557.731	9.03
557.925	8.93
558.119	8.94
558.313	8.96
558.507	9.17
558.701	9.34
558.895	9.08
559.089	9.45
559.283	9.47
559.477	9.3
559.671	9.39
559.865	8.96
560.059	9.15
560.253	9.81
560.447	9.27
560.641	9.03
560.835	9.14
561.028	9.61
561.222	9.89
561.416	9.52
561.61	9.16
561.804	9.84
561.997	9.45
562.191	9.43
562.385	9.63
562.579	9.18
562.772	9.88
562.966	9.76
563.16	10.02
563.353	9.98
563.547	9.68
563.741	9.58
563.934	10.06
564.128	9.8
564.321	9.45
564.515	10.12
564.708	9.92
564.902	9.96
565.095	9.98
565.289	9.94
565.482	10.16
565.676	10.01
565.869	10.09
566.063	9.94
566.256	9.9
566.45	9.93
566.643	10.29
566.836	10.14
567.03	10.44
567.223	10.27
567.416	9.99
567.61	9.87
567.803	10.19
567.996	10.23
568.19	10.13
568.383	10.31
568.576	9.97
568.769	10.21
568.963	10.26
569.156	10.48
569.349	10.09
569.542	10.31
569.735	10.49
569.928	10.31
570.121	10.59
570.315	11
570.508	10.51
570.701	10.62
570.894	10.48
571.087	10.97
571.28	10.96
571.473	10.99
571.666	10.25
571.859	10.61
572.052	10.57
572.245	11.02
572.438	11.22
572.631	10.82
572.824	10.8
573.016	10.78
573.209	11.22
573.402	10.7
573.595	10.97
573.788	10.75
573.981	11.05
574.173	10.77
574.366	11.17
574.559	11.05
574.752	10.98
574.944	11.12
575.137	10.72
575.33	11.19
575.523	11.32
575.715	11.4
575.908	11.64
576.101	11.22
576.293	11.27
576.486	11.05
576.678	11.35
576.871	11.27
577.063	11.26
577.256	11.33
577.449	11.62
577.641	11.13
577.834	11.16
578.026	11.21
578.219	11.32
578.411	11.4
578.603	11.88
578.796	11.38
578.988	10.99
579.181	11.26
579.373	11.63
579.565	11.67
579.758	11.3
579.95	11.3
580.142	11.25
580.335	11.56
580.527	11.63
580.719	11.62
580.912	11.32
581.104	12.1
581.296	11.61
581.488	11.55
581.68	11.79
581.873	11.79
582.065	11.82
582.257	11.67
582.449	11.72
582.641	11.88
582.833	11.49
583.025	11.72
583.217	12.08
583.41	12.04
583.602	11.74
583.794	11.87
583.986	12.04
584.178	12.43
584.37	12.41
584.562	12.11
584.753	12.12
584.945	12.16
585.137	11.88
585.329	12.08
585.521	12.85
585.713	12.3
585.905	12.5
586.097	12.34
586.289	12.37
586.48	12.06
586.672	12.33
586.864	12.23
587.056	12.82
587.247	12
587.439	12.35
587.631	12.55
587.823	12.36
588.014	12.44
588.206	13.03
588.398	12.7
588.589	12.8
588.781	12.17
588.972	12.76
589.164	13.02
589.356	12.86
589.547	13.07
589.739	12.59
589.93	13.23
590.122	12.52
590.313	12.67
590.505	12.78
590.696	12.74
590.888	12.75
591.079	13.08
591.271	12.69
591.462	12.95
591.653	12.39
591.845	13.46
592.036	12.91
592.227	12.84
592.419	12.72
592.61	12.47
592.801	13.55
592.993	13.44
593.184	12.72
593.375	12.93
593.566	13.74
593.758	13.32
593.949	13.28
594.14	13.48
594.331	13.04
594.522	13.36
594.713	13.77
594.905	13.67
595.096	13.31
595.287	13.84
595.478	13.48
595.669	13.79
595.86	13.53
596.051	13.53
596.242	13.25
596.433	13.54
596.624	13.46
596.815	13.96
597.006	14
597.197	13.77
597.388	14.08
597.579	13.85
597.77	13.79
597.96	13.99
598.151	14.1
598.342	14.18
598.533	14.29
598.724	14.56
598.915	14.19
599.105	13.69
599.296	14.23
599.487	13.61
599.678	14.32
599.868	14.05
600.059	14.04
600.25	14.48
600.44	14.19
600.631	14.43
600.822	14.48
601.012	14.73
601.203	14.76
601.394	14.53
601.584	14.46
601.775	14.52
601.965	14.72
602.156	14.87
602.346	14.93
602.537	14.8
602.727	14.7
602.918	14.45
603.108	15
603.299	14.97
603.489	15.01
603.679	14.68
603.87	15.42
604.06	14.7
604.251	14.61
604.441	14.91
604.631	14.13
604.822	15.23
605.012	15.39
605.202	15.21
605.392	14.4
605.583	15.15
605.773	14.93
605.963	15.79
606.153	15.34
606.344	15.16
606.534	15.12
606.724	15.6
606.914	15.44
607.104	15.08
607.294	15.45
607.484	15.33
607.674	15.2
607.864	15.73
608.054	16.14
608.245	15.22
608.435	16.01
608.625	15.76
608.814	15.84
609.004	15.82
609.194	15.61
609.384	15.61
609.574	16.13
609.764	15.5
609.954	15.61
610.144	15.64
610.334	15.91
610.524	15.69
610.713	15.95
610.903	16.1
611.093	15.36
611.283	16.41
611.473	16.39
611.662	16.26
611.852	15.62
612.042	15.97
612.231	15.93
612.421	16.27
612.611	15.93
612.8	15.94
612.99	16.26
613.18	16
613.369	15.9
613.559	16.51
613.748	15.97
613.938	16.61
614.128	16.14
614.317	16.29
614.507	16.42
614.696	16.94
614.886	17.41
615.075	16.31
615.264	16.35
615.454	16.84
615.643	16.7
615.833	16.23
616.022	16.46
616.211	17.75
616.401	16.05
616.59	16.93
616.779	17.22
616.969	16.05
617.158	16.08
617.347	17.27
617.537	16.78
617.726	16.48
617.915	16.88
618.104	16.99
618.293	17.56
618.483	16.13
618.672	17.2
618.861	17.94
619.05	16.18
619.239	17.45
619.428	17.04
619.617	17.4
619.806	17.58
619.995	16.77
620.184	16.97
620.373	16.36
620.562	17.26
620.751	16.6
620.94	16.86
621.129	17.12
621.318	17.15
621.507	17.72
621.696	17.8
621.885	17.07
622.074	17.11
622.263	17.66
622.452	17.28
622.64	17.48
622.829	17.2
623.018	17.43
623.207	17.38
623.396	17.03
623.584	17.92
623.773	17.53
623.962	16.83
624.15	18
624.339	17.54
624.528	17.93
624.716	18.15
624.905	17.34
625.094	17.9
625.282	17.77
625.471	17.49
625.659	17.43
625.848	17.75
626.037	18.33
626.225	18.34
626.414	17.36
626.602	18.31
626.791	18.51
626.979	17.53
627.167	18.39
627.356	18.26
627.544	18.55
627.733	18.25
627.921	18.14
628.109	18.4
628.298	17.82
628.486	17.6
628.674	18.12
628.863	18.14
629.051	18.57
629.239	18.8
629.428	18.21
629.616	18.83
629.804	18.75
629.992	17.94
630.18	18.38
630.369	18.21
630.557	18.59
630.745	17.46
630.933	18.74
631.121	18.17
631.309	18.36
631.497	19.16
631.685	17.49
631.873	17.92
632.061	17.79
632.249	20.09
632.437	18.69
632.625	18.82
632.813	18.14
633.001	18.12
633.189	19.94
633.377	19.67
633.565	18.84
633.753	18.56
633.941	17.96
634.129	18.62
634.316	18.43
634.504	19.26
634.692	19.54
634.88	18.25
635.068	19.43
635.255	19.51
635.443	19.75
635.631	18.84
635.818	19.62
636.006	19.04
636.194	19.84
636.382	18.4
636.569	19.1
636.757	20.06
636.944	19.92
637.132	19.93
637.32	19.47
637.507	18.95
637.695	19.1
637.882	20.08
638.07	20.24
638.257	19.55
638.445	19.55
638.632	19.39
638.82	18.94
639.007	18.26
639.194	19.29
639.382	19.26
639.569	19.69
639.757	20.47
639.944	18.34
640.131	19.19
640.319	19.74
640.506	19.56
640.693	19.53
640.88	19.69
641.068	19.04
641.255	19.37
641.442	19.41
641.629	19.69
641.817	19.82
642.004	18.77
642.191	20.12
642.378	20.23
642.565	19.62
642.752	19.12
642.939	19.3
643.126	19.74
643.313	19.47
643.501	19.51
643.688	19.43
643.875	19.75
644.062	21.04
644.249	19.3
644.435	20.27
644.622	19.3
644.809	19.74
644.996	20.06
645.183	19.99
645.37	22.57
645.557	20.07
645.744	20
645.931	18.98
646.117	19.78
646.304	20.76
646.491	20.5
646.678	20.92
646.865	21.54
647.051	20.34
647.238	20.65
647.425	20.2
647.611	20.11
647.798	19.6
647.985	20.63
648.171	21.38
648.358	19.61
648.545	21.39
648.731	20.17
648.918	20.44
649.104	20.19
649.291	21.37
649.477	20.8
649.664	20.92
649.85	20.55
650.037	21.21
650.223	20.92
650.41	19.67
650.596	20.92
650.783	20.88
650.969	20.69
651.155	20.68
651.342	21.46
651.528	19.28
651.714	21.02
651.901	20.85
652.087	21.01
652.273	20.09
652.46	21.03
652.646	20.78
652.832	19.7
653.018	19.93
653.204	20.8
653.391	21
653.577	20.09
653.763	21.96
653.949	20.49
654.135	20.38
654.321	19.84
654.507	21.06
654.693	19.68
654.879	22.14
655.065	19.1
655.252	19.52
655.438	20.11
655.624	21.9
655.809	19.9
655.995	21.01
656.181	20.45
656.367	22.4
656.553	21.13
656.739	20.2
656.925	19.99
657.111	21.12
657.297	22.19
657.482	19.88
657.668	19.98
657.854	20.77
658.04	20.47
658.226	19.38
658.411	20.43
658.597	20.47
658.783	21.78
658.968	21.01
659.154	19.42
659.34	21.48
659.525	20.44
659.711	22.18
659.897	21.05
660.082	20.11
660.268	19.52
660.453	21.98
660.639	22.56
660.824	22.33
661.01	20.54
661.195	21.59
661.381	20.02
661.566	19.5
661.752	20.56
661.937	21.29
662.123	19.47
662.308	19.79
662.494	21.98
662.679	19.77
662.864	20.84
663.05	19.3
663.235	19.79
663.42	20.58
663.605	20.08
663.791	18.29
663.976	19.33
664.161	20.47
664.346	21.18
664.532	20.03
664.717	19.63
664.902	21.46
665.087	21.29
665.272	20.64
665.457	21.76
665.642	20.22
665.828	19.8
666.013	20.68
666.198	17.55
666.383	20.33
666.568	18.74
666.753	21.66
666.938	18.55
667.123	19.62
667.308	19.77
667.493	20.86
667.677	16.74
667.862	19.05
668.047	22.05
668.232	20.49
668.417	20.79
668.602	19
668.787	22.63
668.971	19.91
669.156	19.56
669.341	18.98
669.526	20.72
669.711	21.53
669.895	21.59
670.08	21.3
670.265	21.34
670.449	19.61
670.634	19.88
670.819	20.03
671.003	18.57
671.188	19.5
671.372	20.33
671.557	21.43
671.742	21.92
671.926	19.06
672.111	18.82
672.295	19.1
672.48	19.45
672.664	20.39
672.849	15.55
673.033	20.13
673.217	18.49
673.402	19.33
673.586	17.48
673.771	20.69
673.955	19.98
674.139	18.42
674.324	20.2
674.508	20.57
674.692	19.24
674.876	20.27
675.061	19.82
675.245	22.11
675.429	20.12
675.613	18.67
675.798	21.22
675.982	21.6
676.166	20.68
676.35	20.13
676.534	22.97
676.718	19.73
676.902	21.28
677.087	17.8
677.271	19.01
677.455	21.97
677.639	17.61
677.823	20.18
678.007	20.94
678.191	21.52
678.375	21.16
678.559	21.1
678.742	20.98
678.926	21.28
679.11	23.45
679.294	21.01
679.478	19.6
679.662	20.72
679.846	20.96
680.029	22.64
680.213	22.62
680.397	21.4
680.581	24.38
680.765	20.27
680.948	23.45
681.132	21.02
681.316	21.22
681.499	21.59
681.683	22.1
681.867	22.25
682.05	23.33
682.234	21.05
682.417	21.08
682.601	25.59
682.785	22.34
682.968	23.65
683.152	23.47
683.335	23.36
683.519	24.74
683.702	21.93
683.886	25.16
684.069	25.45
684.253	27.89
684.436	26.91
684.619	25.11
684.803	25.3
684.986	25
685.169	25.37
685.353	24.56
685.536	24.64
685.719	25.56
685.903	26.07
686.086	23.89
686.269	24.88
686.452	24.62
686.636	28.28
686.819	26.8
687.002	27.54
687.185	27.37
687.368	27.68
687.551	24.98
687.734	31.41
687.918	25.41
688.101	27.16
688.284	23.84
688.467	28.37
688.65	30.67
688.833	28.94
689.016	28.78
689.199	29.7
689.382	30.5
689.565	26.76
689.748	26.12
689.93	24.29
690.113	28.55
690.296	26.16
690.479	26.6
690.662	26.8
690.845	29.27
691.028	23.06
691.21	29.96
691.393	29.05
691.576	28.9
691.759	28.21
691.941	31.85
692.124	31.25
692.307	29.08
692.489	25.5
692.672	28.59
692.855	31.53
693.037	30.46
693.22	34.7
693.403	26.85
693.585	27.35
693.768	30.92
693.95	31.18
694.133	31.9
694.315	31.88
694.498	30.01
694.68	32.37
694.863	32.59
695.045	28
695.228	29.09
695.41	31.5
695.592	35.06
695.775	30.57
695.957	26.75
696.139	32.3
696.322	30.2
696.504	34.54
696.686	27.52
696.869	28.67
697.051	34.49
697.233	34.56
697.415	36.25
697.597	27.28
697.78	26.88
697.962	30.14
698.144	30.28
698.326	31.34
698.508	30.64
698.69	29.1
698.872	33.17
699.055	31.2
699.237	29.23
699.419	27.1
699.601	30.68
699.783	35.36
699.965	31.99
700.147	33.28
700.329	36.56
700.51	32.17
700.692	39.21
700.874	27.64
701.056	32.57
701.238	36.08
701.42	33.64
701.602	28.97
701.783	31.75
701.965	27.58
702.147	32.83
702.329	31.54
702.511	36.59
702.692	34.91
702.874	29.91
703.056	28.79
703.237	36.9
703.419	33.18
703.601	38.51
703.782	32.06
703.964	37.79
704.146	27.85
704.327	36.01
704.509	33.64
704.69	34.34
704.872	35.71
705.053	35.17
705.235	37.95
705.416	28.55
705.598	32.21
705.779	37.98
705.961	25.67
706.142	36.55
706.323	37.74
706.505	27.09
706.686	29.89
706.867	28.06
707.049	33.88
707.23	35.14
707.411	33.13
707.593	33.04
707.774	27.81
707.955	36.46
708.136	32.75
708.318	25.26
708.499	32.4
708.68	34.83
708.861	31.77
709.042	26.63
709.223	30.9
709.404	29.87
709.585	29.33
709.767	22.72
709.948	36.56
710.129	30.68
710.31	23.34
710.491	26.79
710.672	28.73
710.853	20.65
711.034	43.69
711.214	33.46
711.395	30.24
711.576	35.98
711.757	41.59
711.938	30.19
712.119	26.96
712.3	36.65
712.481	27.81
712.661	27.07
712.842	34.34
713.023	32.16
713.204	36.09
713.384	26.78
713.565	41.08
713.746	30.83
713.926	28.2
714.107	24.49
714.288	21.58
714.468	26.21
714.649	34.04
714.83	28.15
715.01	37.98
715.191	41.44
715.371	29.31
715.552	32.43
715.732	39.98
715.913	35.17
716.093	28.4
716.274	28.94
716.454	41.2
716.635	33.61
716.815	31.4
716.995	24.56
717.176	35.4
717.356	41.54
717.536	33.77
717.717	28.71
717.897	38.95
718.077	33.63
718.258	31.88
718.438	37.61
718.618	35.24
718.798	21.28
718.978	20.15
719.159	34.1
719.339	34.76
719.519	37.98
719.699	36.9
719.879	29.44
720.059	29.42
720.239	28.97
720.419	38.85
720.599	18.29
720.779	25.42
720.959	26.73
721.139	21.1
721.319	30.16
721.499	45.12
721.679	29.91
721.859	47.1
722.039	23.47
722.219	39.92
722.399	30.75
722.579	30.21
722.759	28.24
722.938	31.47
723.118	28.58
723.298	15.99
723.478	30.82
723.658	45.65
723.837	24.11
724.017	35.42
724.197	30.45
724.376	46.6
724.556	23.86
724.736	39.56
724.915	33.47
725.095	36.91
725.275	34.8
725.454	38.67
725.634	32.59
725.813	28.42
725.993	38.45
726.172	32.99
726.352	35.1
726.531	34.57
726.711	31.62
726.89	41.48
727.07	38.85
727.249	39.89
727.428	44.23
727.608	29.49
727.787	47.23
727.966	27.59
728.146	26.92
728.325	28.67
728.504	29.2
728.684	20.17
728.863	43.38
729.042	30.74
729.221	6.68
729.4	35.65
729.58	27.61
729.759	34.4
729.938	46.31
730.117	39.14
730.296	35.47
730.475	27.17
730.654	29.36
730.833	20.01
731.013	50.79
731.192	62.15
731.371	16.07
731.55	54.55
731.729	33
731.907	49.28
732.086	16.49
732.265	19.15
732.444	33.39
732.623	49.18
732.802	9.99
732.981	22.93
733.16	33.39
733.339	27.42
733.517	34.97
733.696	29.18
733.875	47.93
734.054	36.7
734.232	22.81
734.411	25.76
734.59	23.04
734.768	36.87
734.947	34.68
735.126	20.33
735.304	30.95
735.483	37.12
735.662	36.21
735.84	32.69
736.019	36.34
736.197	43.85
736.376	34.96
736.554	49.01
736.733	51.31
736.911	42.76
737.09	26.05
737.268	39.95
737.447	48.19
737.625	51.54
737.803	38.48
737.982	53.73
738.16	26.91
738.338	44.81
738.517	23.1
738.695	33.75
738.873	38.89
739.052	57.35
739.23	13.15
739.408	41.86
739.586	57.22
739.764	12.18
739.943	49.79
740.121	41.47
740.299	18.39
740.477	23.51
740.655	37.49
740.833	31.66
741.011	80.36
741.189	18.94
741.367	40.98
741.545	23.6
741.723	23.16
741.901	28.27
742.079	44.92
742.257	24.52
742.435	27.54
742.613	23.33
742.791	32.82
742.969	22.38
743.147	30.89
743.325	17.43
743.503	42.52
743.68	24.25
743.858	48.38
744.036	40.78
744.214	23.75
744.391	25.15
744.569	8.98
744.747	39.72
744.925	58.51
745.102	27.5
745.28	31.89
745.458	42.81
745.635	5.2
745.813	66.22
745.99	39.06
746.168	31.64
746.345	76.9
746.523	19.16
746.7	23.69
746.878	71.14
747.055	8.96
747.233	49.76
747.41	75.46
747.588	35.44
747.765	48.5
747.943	20.62
748.12	24.13
748.297	48.8
748.475	24.69
748.652	40.08
748.829	28.49
749.007	44.3
749.184	27.9
749.361	26.19
749.538	80.99
749.716	20.4
749.893	18.57
750.07	51.22
750.247	41.44
750.424	48.54
750.601	58.61
750.778	-3.2
750.956	4.23
751.133	11.23
751.31	40.96
751.487	35.97
751.664	27.62
751.841	50.43
752.018	54.55
752.195	-13.63
752.372	37.02
752.549	31.13
752.726	37.5
752.902	43.67
753.079	50.27
753.256	84.13
753.433	38.01
753.61	68.51
753.787	34.24
753.964	37.39
754.14	-1.28
754.317	54.1
754.494	54.47
754.671	68.06
754.847	26.81
755.024	39.07
755.201	59.16
755.377	27.62
755.554	102.17
755.73	25.39
755.907	20.63
756.084	42.45
756.26	38.74
756.437	8.88
756.613	22.98
756.79	34.38
756.966	43.64
757.143	37.64
757.319	33.88
757.496	48.43
757.672	52.28
757.849	43.1
758.025	26.91
758.201	42.52
758.378	49.66
758.554	18.68
758.73	41.11
758.907	17.53
759.083	26.75
759.259	71.65
759.435	43.59
759.612	87.16
759.788	64.51
759.964	44.83
760.14	43.57
760.316	-24.79
760.493	30.71
760.669	58.69
760.845	19.1
761.021	9.11
761.197	-25.03
761.373	15.58
761.549	6.13
761.725	19.81
761.901	30.45
762.077	73.27
762.253	30.26
762.429	57.41
762.605	24.76
762.781	2.63
762.957	33.92
763.133	44.73
763.308	33.07
763.484	77.43
763.66	17.06
763.836	76.34
764.012	-10.01
764.187	-12.09
764.363	35.69
764.539	36.49
764.715	20.4
764.89	-60.7
765.066	34.02
765.242	11.64
765.417	41.36
765.593	29.83
765.769	40.14
765.944	9.26
766.12	82.72
766.295	11.86
766.471	43.05
766.646	47.9
766.822	50.09
766.997	-41.44
767.173	47.26
767.348	22.63
767.524	0.4
767.699	-42.03
767.875	22.5
768.05	8.37
768.225	40.52
768.401	17.84
768.576	137.56
768.751	63.02
768.927	-29.47
769.102	32.49
769.277	45.69
769.452	55.4
769.628	51.76
769.803	74.74
769.978	109.24
770.153	36.21
770.328	82.92
770.503	95.26
770.679	137.88
770.854	42.26
771.029	-1.95
771.204	-100.66
771.379	59.19
771.554	13.69
771.729	20.03
771.904	39.36
772.079	76.99
772.254	27.26
772.429	-20.32
772.604	57.95
772.779	83.69
772.953	25.27
773.128	29.85
773.303	46.33
773.478	5.59
773.653	47.12
773.828	48.67
774.002	-5.45
774.177	-30.8
774.352	295.65
774.527	64.45
774.701	40.29
774.876	75.48
775.051	175.4
775.225	214.67
775.4	23.94
775.575	39.11
775.749	36.64
775.924	-32.25
776.098	-15.3
776.273	81.87
776.447	38.82
776.622	27.13
776.796	-35.63
776.971	-139.85
777.145	13.49
777.32	45.65
777.494	45.02
777.669	-2.91
777.843	114.66
778.017	74.31
778.192	40.12
778.366	112.37
778.54	2.32
778.715	109.16
778.889	143.92
779.063	61.92
779.237	23.99
779.412	2.03
779.586	21.84
779.76	-38.38
779.934	37.15
780.108	57.14
780.282	-764.18
780.457	25.79
780.631	-89.8
780.805	-8.61
780.979	-47.76
781.153	22.51
781.327	9.72
781.501	31.84
781.675	36.15
781.849	10.69
782.023	110.9
782.197	-40.78
782.371	-134.86
782.545	341.1
782.718	26.86
782.892	112.34
783.066	102.67
783.24	147.37
783.414	9.41
783.588	91.99
783.761	34.02
783.935	115.72
784.109	79.33
784.283	-121.74
784.456	155.45
784.63	165.7
784.804	78.08
784.977	16.57
785.151	7.48
785.324	87.71
785.498	0.72
785.672	-58.65
785.845	50.06
786.019	-77.73
786.192	-140.4
786.366	14.91
786.539	-55.59
786.713	-41.42
786.886	5
787.06	62.84
787.233	-1.82
787.406	52.68
787.58	25.97
787.753	61.69
787.926	2.97
788.1	2.45
788.273	-1366.04
788.446	205.17
788.62	-335.48
788.793	-42.48
788.966	-10.72
789.139	4.51
789.313	43.6
789.486	-1657.14
789.659	-162.29
789.832	14.61
790.005	51.72
790.178	495.58
790.351	51.19
790.524	-55.59
790.697	65.43
790.87	-62.94
791.044	1076.36
791.216	110.96
791.389	-62.03
791.562	97.43
791.735	688.61
791.908	789.61
792.081	80.71
792.254	-285.71
792.427	7.43
792.6	53.64
792.773	8.66
792.945	-298.51
793.118	102.23
793.291	123.08
793.464	42.55
793.637	-63.8
793.809	52.45
793.982	109.82
794.155	40.92
794.327	64.58
794.5	104.62
794.673	11.34
794.845	82.49
795.018	-117.77
795.19	170.79
795.363	82.02
795.536	64.75
795.708	-1070.97
795.881	3760
796.053	16
796.226	166.86
796.398	110.03
796.57	-30.24
796.743	-68.8
796.915	29.39
797.088	-90.69
797.26	-129.13
797.432	-177.22
797.605	27.81
797.777	-955.84
797.949	-132.82
798.122	59.07
798.294	319.28
798.466	221.71
798.638	72.73
798.81	82.25
798.983	886.08
799.155	82.5
799.327	-143.61
799.499	12.9
799.671	162.54
799.843	40.7
800.015	77.82
800.187	3.13
800.359	56.76
800.531	55.38
800.703	79.48
800.875	82.15
801.047	67.35
801.219	92.83
801.391	493.51
801.563	-152.52
801.735	110.75
801.907	267.48
802.079	32.81
802.251	-839.56
802.422	50.39
802.594	-285.71
802.766	-32.83
802.938	130.94
803.11	238.37
803.281	42.38
803.453	29.8
803.625	60.44
803.796	33.48
803.968	27.79
804.14	23.58
804.311	-4.4
804.483	78.64
804.654	-18.04
804.826	200.63
804.998	278.07
805.169	-49.42
805.341	380.8
805.512	-2.48
805.684	47.64
805.855	122.57
806.026	1046.15
806.198	355.83
806.369	45.61
806.541	50.91
806.712	198.21
806.883	79.56
807.055	124.11
807.226	94.8
807.397	-127.47
807.569	400
807.74	109.82
807.911	115.92
808.082	-148.88
808.253	-360.4
808.425	95.37
808.596	-449.44
808.767	-92.09
808.938	-119.34
809.109	-217.82
809.28	-157.35
809.451	53.14
809.622	34.22
809.793	-606.45
809.964	337.39
810.135	135.59
810.306	-127.17
810.477	230.87
810.648	29.91
810.819	-22.18
810.99	-6080
811.161	11.9
811.332	-15.14
811.503	135.8
811.674	160
811.844	-467.69
812.015	48.55
812.186	436.81
812.357	90.99
812.527	75.59
812.698	28.64
812.869	1169.81
813.04	-53.76
813.21	68.97
813.381	-66.93
813.551	139.72
813.722	-7.25
813.893	92.07
814.063	123.08
814.234	94.55
814.404	117.49
814.575	70.51
814.745	-460.18
814.916	-22.42
815.086	134.74
815.257	-3.59
815.427	201.23
815.598	105.95
815.768	81.43
815.938	28.88
816.109	59.92
816.279	55.83
816.449	26.59
816.62	336.84
816.79	76.23
816.96	-867.92
817.13	-6.63
817.301	71.07
817.471	-74.05
817.641	311.66
817.811	93.43
817.981	6400
818.152	189.57
818.322	269.31
818.492	92.13
818.662	-45.23
818.832	3.58
819.002	11.45
819.172	139.5
819.342	136.42
819.512	19.96
819.682	82.41
819.852	-1.32
820.022	-31.04
820.192	62.92
820.362	38.14
820.531	-69.06
820.701	57.14
820.871	184.41
821.041	-56.11
821.211	-46.83
821.381	82.79
821.55	134.47
821.72	-297.67
821.89	916.92
822.059	-3.3
822.229	4.27
822.399	93.27
822.568	125.39
822.738	692.68
822.908	642.94
823.077	36.9
823.247	38.51
823.416	-1223.53
823.586	-126.2
823.756	-120.56
823.925	567.09
824.095	958.14
824.264	60.99
824.433	-407.08
824.603	87.95
824.772	-61.04
824.942	-617.72
825.111	-142.71
825.28	-144.1
825.45	-434.78
825.619	198.76
825.788	238.2
825.958	0.76
826.127	31.35
826.296	20.85
826.465	222.12
826.635	26.59
826.804	-70.84
826.973	81.18
827.142	-125.96
827.311	69.8
827.48	36.21
827.649	50.16
827.818	220.47
827.988	131.2
828.157	-28.84
828.326	-10.61
828.495	124.65
828.664	213.23
828.833	175.27
829.002	-173.91
829.17	206.71
829.339	279.4
829.508	11.34
829.677	8.99
829.846	42.08
830.015	-52.96
830.184	-54.74
830.352	40.39
830.521	-169.78
830.69	224.39
830.859	-1788.24
831.027	-1368.42
831.196	208.18
831.365	23.82
831.533	38.81
831.702	-285.02
831.871	47.23
832.039	60.64
832.208	-330.43
832.377	107.09
832.545	26.74
832.714	70.84
832.882	-33.07
833.051	27.5
833.219	7257.14
833.388	69.89
833.556	-23.32
833.724	115.9
833.893	77.76
834.061	715.79
834.23	151.86
834.398	33.98
834.566	212.99
834.735	7428.57
834.903	626.42
835.071	8800
835.239	-158.69
835.408	139.13
835.576	-269.77
835.744	92.88
835.912	152.42
836.08	78.21
836.249	-347.17
836.417	-10.7
836.585	26.59
836.753	73.02
836.921	49.73
837.089	-2685.71
837.257	-437.21
837.425	-243.4
837.593	43.89
837.761	65.57
837.929	-18.24
838.097	106.87
838.265	13.6
838.433	-91.8
838.601	-20.16
838.769	248.1
838.936	238.2
839.104	66.49
839.272	110.53
839.44	52.88
839.608	-946.34
839.775	67.3
839.943	96.58
840.111	-14.95
840.279	-0.75
840.446	-244.78
840.614	-612.99
840.781	149.57
840.949	68.02
841.117	-83.26
841.284	-145.92
841.452	-240.99
841.619	25.59
841.787	28.04
841.954	-46.51
842.122	-92.49
842.289	126.24
842.457	90.65
842.624	99.32
842.792	-29.2
842.959	22.86
843.126	119.44
843.294	-85.11
843.461	88.22
843.629	112
843.796	151.19
843.963	-57.59
844.13	129.58
844.298	108.11
844.465	193.59
844.632	-62.11
844.799	8.04
844.966	57.87
845.134	135.57
845.301	8.8
845.468	217.22
845.635	293.99
845.802	-69.79
845.969	-17.39
846.136	77.76
846.303	-2252.63
846.47	5.33
846.637	-430.77
846.804	-3136.84
846.971	-146.89
847.138	38.61
847.305	-109.73
847.472	35.26
847.639	71.19
847.805	110.34
847.972	-285.71
848.139	152.79
848.306	1852.63
848.473	632.84
848.639	-21.51
848.806	428.8
848.973	9.94
849.14	40.38
849.306	-127.35
849.473	-100.66
849.64	363.08
849.806	-82.3
849.973	419.46
850.139	161.59
850.306	107.24
850.472	67.9
850.639	-13.11
850.806	-105.26
850.972	368.7
851.139	-628.57
851.305	70.36
851.471	-121
851.638	9.82
851.804	1188.06
851.971	46.12
852.137	8.45
852.303	257.02
852.47	-1.27
852.636	101.44
852.802	503.94
852.968	134.47
853.135	71.07
853.301	108.67
853.467	160
853.633	11.45
853.8	137.44
853.966	-337.06
854.132	6400
854.298	-388.32
854.464	602.25
854.63	26.89
854.796	131.53
854.962	63.31
855.128	126.28
855.294	-109.69
855.46	-159.53
855.626	60.55
855.792	-109.65
855.958	108.74
856.124	83.44
856.29	-5.3
856.456	80.56
856.622	175.32
856.787	1101.3
856.953	-0.45
857.119	423.76
857.285	81.52
857.45	289.75
857.616	-28.79
857.782	90.03
857.948	46.39
858.113	-87.37
858.279	-32.49
858.445	617.32
858.61	818.6
858.776	30.77
858.941	7.92
859.107	-21.47
859.273	35.76
859.438	-304.06
859.604	589.47
859.769	-72.44
859.935	67.33
860.1	120.67
860.265	48.65
860.431	-109.35
860.596	571.43
860.762	88.63
860.927	-14.73
861.092	32.85
861.258	-198.3
861.423	149.81
861.588	117.12
861.753	2971.43
861.919	60.38
862.084	381.1
862.249	151.86
862.414	129.69
862.579	125.89
862.745	-47.84
862.91	45.76
863.075	20.85
863.24	29.86
863.405	-46.23
863.57	40.39
863.735	57.14
863.9	155.75
864.065	3.67
864.23	127.7
864.395	-18.51
864.56	160.73
864.725	172.15
864.89	-220.22
865.055	11.9
865.22	-30.03
865.384	-651.69
865.549	283.5
865.714	-21.55
865.879	41.97
866.044	-142.95
866.208	48.64
866.373	149.45
866.538	110.54
866.702	34.1
866.867	-28.12
867.032	18.82
867.196	85.92
867.361	-214.4
867.526	-176.82
867.69	-30.68
867.855	202.2
868.019	-36.36
868.184	2.1
868.348	6.83
868.513	-335.48
868.677	241.25
868.842	-113.07
869.006	172.24
869.17	-550.94
869.335	-360.98
869.499	-368.93
869.663	360.26
869.828	142.51
869.992	204.65
870.156	40.18
870.321	-1.17
870.485	104.66
870.649	-27.44
870.813	10.33
870.978	-28.94
871.142	-818.46
871.306	-145.97
871.47	400
871.634	560.63
871.798	-159.01
871.962	71.98
872.126	-3028.57
872.29	109.44
872.454	-4057.14
872.618	72.73
872.782	1134.33
872.946	496.64
873.11	98.49
873.274	-141.04
873.438	3364.71
873.602	39.05
873.766	88.31
873.93	-1.1
874.094	35.96
874.257	68.97
874.421	198.84
874.585	138.18
874.749	63.1
874.912	-40.29
875.076	57.57
875.24	-158.69
875.403	195.22
875.567	50.29
875.731	-355.06
875.894	-1.63
876.058	256.46
876.222	76.4
876.385	255.28
876.549	-17.81
876.712	269.09
876.876	-76.11
877.039	24.71
877.203	99.3
877.366	-34.24
877.529	-113.07
877.693	29.66
877.856	107.4
878.02	-23.82
878.183	23.82
878.346	602.6
878.51	283.19
878.673	54.68
878.836	25.24
878.999	477.42
879.163	93.68
879.326	-8.18
879.489	4.36
879.652	43.12
879.815	116.11
879.978	-94.69
880.142	5.37
880.305	-99.38
880.468	-36.63
880.631	-80.64
880.794	113.67
880.957	634.15
881.12	-3200
881.283	-234.98
881.446	46.8
881.609	469.06
881.772	138.11
881.935	-517.65
882.097	111.51
882.26	105.66
882.423	8.04
882.586	116.61
882.749	78.13
882.912	98.16
883.074	141.65
883.237	90.24
883.4	-4.24
883.562	106.6
883.725	-377.6
883.888	-251.97
884.05	-8000
884.213	93.3
884.376	18.59
884.538	50.09
884.701	50.09
884.863	50.09
