181.954	-57.89
182.172	-57.89
182.39	-57.89
182.608	3820
182.826	317.58
183.043	-122.13
183.261	55.86
183.479	80.65
183.697	2041.18
183.914	-150.2
184.132	295.72
184.35	247.98
184.567	176.06
184.785	179.65
185.003	-18.77
185.22	133.48
185.438	41.27
185.656	96.98
185.873	-684.62
186.091	33.2
186.309	120.69
186.526	303.62
186.744	115.1
186.961	-48.97
187.179	119.91
187.396	27.72
187.614	293.85
187.831	-9860
188.049	0.61
188.266	82.67
188.484	108.96
188.701	35.92
188.919	66.31
189.136	83.54
189.354	-36.68
189.571	68.72
189.789	125.28
190.006	48.63
190.223	51.35
190.441	77.89
190.658	3100
190.876	63.36
191.093	-684.62
191.31	40.42
191.528	53.63
191.745	72.34
191.962	-4.59
192.179	-20
192.397	83
192.614	-14.4
192.831	19.36
193.049	47.7
193.266	536.89
193.483	49.48
193.7	-241.54
193.917	147.17
194.135	69.78
194.352	-50.58
194.569	70.2
194.786	88.34
195.003	31.15
195.221	60.52
195.438	136.04
195.655	-35.68
195.872	-89.15
196.089	145.18
196.306	2.74
196.523	147.02
196.74	24.08
196.957	-1.5
197.174	72.59
197.391	141.1
197.608	28.91
197.825	119.35
198.042	61.01
198.259	-996.55
198.476	76.29
198.693	6700
198.91	56.22
199.127	556.72
199.344	-9.31
199.561	214.45
199.778	114.08
199.995	-177.61
200.212	-375.86
200.429	102.84
200.646	426.58
200.862	349.44
201.079	18.82
201.296	159.6
201.513	152.43
201.73	-21.77
201.947	41.94
202.163	5.01
202.38	89.6
202.597	77.54
202.814	-20
203.03	460
203.247	211.56
203.464	34.61
203.681	-312.99
203.897	-53.56
204.114	-477.36
204.331	38.49
204.547	476.74
204.764	68.19
204.981	-1347.06
205.197	235.32
205.414	417.65
205.63	493.1
205.847	6.53
206.064	154.55
206.28	-58.58
206.497	30.02
206.713	137.27
206.93	15.4
207.146	26.65
207.363	-204.62
207.579	80.22
207.796	-170.8
208.012	-13.42
208.229	-661.19
208.445	88.56
208.662	22.35
208.878	189.42
209.095	-3817.65
209.311	-9.53
209.528	871.43
209.744	-22.78
209.96	-62.91
210.177	432.04
210.393	31.35
210.609	-1460
210.826	-109.82
211.042	199.13
211.258	968.66
211.475	-147.06
211.691	36.05
211.907	305.06
212.124	-20.45
212.34	199.43
212.556	17.1
212.772	-447.25
212.989	175.5
213.205	-185.61
213.421	-325.13
213.637	-195.52
213.853	-0.39
214.069	-689.47
214.286	66.76
214.502	-643.28
214.718	-135.11
214.934	179.89
215.15	149.18
215.366	-34.19
215.582	80.92
215.798	123.61
216.015	87.66
216.231	-331.35
216.447	49.69
216.663	134.24
216.879	-5.53
217.095	297.32
217.311	-24.53
217.527	101.34
217.743	-68.93
217.959	-250.94
218.175	34.61
218.391	-102.88
218.606	213.14
218.822	42.61
219.038	-70.05
219.254	38.11
219.47	113.4
219.686	12.36
219.902	65.47
220.118	50.49
220.334	32.25
220.549	23.83
220.765	-67.07
220.981	10.42
221.197	-10.61
221.413	-143.96
221.628	229.11
221.844	518.87
222.06	455.34
222.276	-49.23
222.491	38
222.707	-35.74
222.923	-306.71
223.139	-59.3
223.354	-26.55
223.57	-37.01
223.786	-43.16
224.001	-208.11
224.217	108.75
224.432	-118.5
224.648	194.6
224.864	60.96
225.079	-88.06
225.295	175.93
225.51	207.03
225.726	31.05
225.942	-44.83
226.157	58.6
226.373	-25.11
226.588	-14.95
226.804	-1952.63
227.019	326.13
227.235	60.73
227.45	81.02
227.665	5980
227.881	227.56
228.096	-30.43
228.312	-86.1
228.527	137.2
228.743	48.57
228.958	-48.69
229.173	-583.48
229.389	53.63
229.604	92.8
229.819	68.94
230.035	13.07
230.25	-41.69
230.465	56.6
230.681	-23.13
230.896	45.05
231.111	40.09
231.327	-102.35
231.542	-8420
231.757	160.22
231.972	63.96
232.187	179.15
232.403	-2015.79
232.618	-11.86
232.833	86.35
233.048	154.55
233.263	11.66
233.478	-489.57
233.694	-332.56
233.909	-1041.94
234.124	83.52
234.339	0.2
234.554	-748.28
234.769	-119.26
234.984	-31.84
235.199	48.63
235.414	190.27
235.629	-256.96
235.844	-27.73
236.059	-0.11
236.274	-79.46
236.489	-22.26
236.704	130.8
236.919	108.75
237.134	52.4
237.349	52.49
237.564	98.04
237.779	63.59
237.994	138.3
238.209	123.77
238.424	-28.83
238.639	87.87
238.853	23.97
239.068	61.93
239.283	7.55
239.498	212.4
239.713	-2.38
239.928	52.12
240.142	11
240.357	59.13
240.572	-23.38
240.787	68.94
241.001	51.49
241.216	-19.27
241.431	221.71
241.646	108.1
241.86	-160.99
242.075	-806.98
242.29	-96.42
242.504	-11.71
242.719	349.69
242.934	274.8
243.148	41.23
243.363	74.03
243.577	282.02
243.792	19.84
244.007	33.13
244.221	-266.23
244.436	-52.24
244.65	-6.75
244.865	-79.15
245.079	323.32
245.294	-310.07
245.508	31.85
245.723	165.92
245.937	-51.65
246.152	-24.44
246.366	88.68
246.581	-19.14
246.795	-73.01
247.01	101.58
247.224	36.3
247.438	-41.92
247.653	24.35
247.867	162.54
248.081	111.09
248.296	202.44
248.51	117.18
248.724	36.45
248.939	305.97
249.153	28.98
249.367	38.93
249.582	-71.66
249.796	-780.52
250.01	-205.96
250.224	110.66
250.439	94.93
250.653	39.82
250.867	-26.59
251.081	233.65
251.295	48.68
251.51	46.38
251.724	190.65
251.938	93.31
252.152	-298.54
252.366	127.6
252.58	743.64
252.794	89.45
253.008	278.81
253.223	151.88
253.437	75.55
253.651	-6.87
253.865	48.37
254.079	-11.28
254.293	67.54
254.507	329.09
254.721	-68.24
254.935	-104.4
255.149	103.81
255.363	85.49
255.577	152.35
255.791	171.19
256.005	162.58
256.218	30.73
256.432	0.26
256.646	-45.11
256.86	-74.08
257.074	40.1
257.288	2380
257.502	53.85
257.716	44.54
257.929	-21.45
258.143	58.35
258.357	30.04
258.571	84.5
258.785	18.11
258.998	-7.45
259.212	28.42
259.426	48.88
259.64	104.75
259.853	-3.45
260.067	101.41
260.281	125.79
260.494	-22.89
260.708	509.9
260.922	-2.26
261.135	39.4
261.349	-5.88
261.563	162.17
261.776	2394.12
261.99	94.75
262.203	87.62
262.417	34.28
262.63	20.68
262.844	282.02
263.058	228.14
263.271	18.79
263.485	58.57
263.698	14.93
263.912	-35.32
264.125	-25.05
264.339	114.17
264.552	-39.58
264.765	-124.35
264.979	195.92
265.192	-32.43
265.406	114.25
265.619	86.23
265.832	69.77
266.046	6.92
266.259	-56.61
266.473	-925.81
266.686	154.55
266.899	71.3
267.113	5980
267.326	-3.89
267.539	25.86
267.752	72.65
267.966	65.09
268.179	84.5
268.392	166.2
268.605	-74.8
268.819	123.71
269.032	17.54
269.245	-352.31
269.458	226.2
269.671	137.97
269.885	207.76
270.098	69.96
270.311	-74.68
270.524	27.63
270.737	-24.3
270.95	-39.07
271.163	123.62
271.376	-345.16
271.589	-287.34
271.802	59.19
272.016	-19.22
272.229	102.85
272.442	-72.47
272.655	155.72
272.868	-17.93
273.081	-338.2
273.294	32.25
273.506	-101.41
273.719	6.35
273.932	23.89
274.145	-6740
274.358	54.09
274.571	125.21
274.784	201.89
274.997	22.29
275.21	81.96
275.423	-54.88
275.635	-5.53
275.848	1.98
276.061	254.97
276.274	15.6
276.487	84.35
276.699	44.91
276.912	67.77
277.125	-183.4
277.338	143.08
277.55	36.22
277.763	-14.22
277.976	202.2
278.189	27.47
278.401	-5.34
278.614	37.6
278.827	88.02
279.039	-77.46
279.252	141.69
279.464	-30.43
279.677	60.26
279.89	34.67
280.102	-156.28
280.315	436.59
280.527	1015.79
280.74	-127.59
280.952	49.4
281.165	31.4
281.377	147.04
281.59	98.12
281.802	-17.2
282.015	23.37
282.227	-11.55
282.44	346.04
282.652	335.96
282.865	119.91
283.077	107.23
283.29	129.04
283.502	34.73
283.714	427.01
283.927	120.69
284.139	-72.53
284.351	64.71
284.564	71.12
284.776	111.9
284.988	4.59
285.201	73.13
285.413	45.87
285.625	-175.68
285.838	67.94
286.05	15.78
286.262	0.37
286.474	-108.46
286.686	27.74
286.899	-128.7
287.111	24.37
287.323	-6.92
287.535	82.18
287.747	130.47
287.959	15.27
288.172	1.82
288.384	68.42
288.596	-5.24
288.808	-386.79
289.02	428.3
289.232	71.71
289.444	-12.18
289.656	-128.66
289.868	-36.07
290.08	486.5
290.292	46.38
290.504	44.54
290.716	55.18
290.928	88.51
291.14	1006.98
291.352	112.65
291.564	488.24
291.776	71.66
291.988	206.75
292.2	23.22
292.412	200.54
292.624	-16.07
292.835	861.19
293.047	0.15
293.259	-22.26
293.471	-87.33
293.683	26.83
293.895	73.73
294.106	26.76
294.318	89.13
294.53	62.98
294.742	2024.14
294.953	22.51
295.165	118.86
295.377	71.96
295.589	159.89
295.8	91.38
296.012	106.92
296.224	20.75
296.435	255.11
296.647	252.77
296.858	311.51
297.07	829.23
297.282	39.2
297.493	71.66
297.705	-95.43
297.916	25.75
298.128	140.87
298.34	144.14
298.551	33.8
298.763	101.3
298.974	85.74
299.186	26.93
299.397	161.22
299.609	738.71
299.82	81.65
300.031	26.57
300.243	5.26
300.454	-124.54
300.666	85.73
300.877	358.77
301.089	61.7
301.3	-47.48
301.511	65.69
301.723	16.19
301.934	843.28
302.145	145.32
302.357	210.48
302.568	527.2
302.779	10.74
302.99	-37.22
303.202	37.47
303.413	-39.73
303.624	32.88
303.835	-816.98
304.047	-96.76
304.258	58.47
304.469	29.94
304.68	44.6
304.891	-74.28
305.103	106.95
305.314	112.96
305.525	357.14
305.736	-55.91
305.947	121.35
306.158	1194.12
306.369	74.54
306.58	58.32
306.791	149.18
307.002	79.53
307.213	-72.6
307.424	-50.53
307.636	183.38
307.846	-14.73
308.057	478.64
308.268	42
308.479	22.38
308.69	56.26
308.901	123.04
309.112	58.14
309.323	37.47
309.534	-18.15
309.745	15.77
309.956	-68.27
310.167	-26.05
310.377	203.34
310.588	128.29
310.799	146.15
311.01	22.1
311.221	142.74
311.432	12.83
311.642	33.05
311.853	101.58
312.064	-1534.48
312.275	267.29
312.485	-5.54
312.696	11.26
312.907	-53.77
313.117	96.56
313.328	119.45
313.539	21.74
313.749	12.16
313.96	-354.95
314.171	43.9
314.381	91.44
314.592	-66.39
314.802	3.33
315.013	-12.81
315.224	15.72
315.434	-3531.58
315.645	6460
315.855	121.25
316.066	767.42
316.276	195.41
316.487	56.1
316.697	39.23
316.908	-40.19
317.118	69.18
317.329	33.03
317.539	46.98
317.749	107.73
317.96	-88.06
318.17	-43.84
318.381	278.02
318.591	-157.14
318.801	1.88
319.012	-3.89
319.222	105.83
319.432	-89.08
319.643	101.75
319.853	-21.08
320.063	58.75
320.273	71.07
320.484	343.96
320.694	273.88
320.904	0.34
321.114	295.51
321.325	1155.17
321.535	-84.83
321.745	-27.34
321.955	61.47
322.165	-155.59
322.375	24.6
322.585	309.82
322.796	741.38
323.006	179.44
323.216	248.41
323.426	50.87
323.636	62.68
323.846	2396.55
324.056	66.41
324.266	26.87
324.476	14.99
324.686	103.24
324.896	-22.6
325.106	609.43
325.316	87.64
325.526	-2710.53
325.736	16.9
325.946	-11.54
326.156	684.42
326.366	-280.87
326.576	-8.41
326.785	18.59
326.995	128.9
327.205	-35.68
327.415	122.37
327.625	25.55
327.835	-1.78
328.044	24.62
328.254	407.83
328.464	-46.29
328.674	165.19
328.884	-76.98
329.093	109.63
329.303	34.2
329.513	372.05
329.722	-500
329.932	126.83
330.142	-24.45
330.351	2.23
330.561	132.73
330.771	-150.18
330.98	-88.01
331.19	146.15
331.4	-271.02
331.609	26.3
331.819	846.34
332.028	206.29
332.238	89.83
332.447	24.25
332.657	58.7
332.866	144.95
333.076	55.95
333.285	51.14
333.495	274.19
333.704	-91.03
333.914	13
334.123	26.51
334.333	293.85
334.542	-81.47
334.752	312.31
334.961	224.53
335.17	-216.58
335.38	16.62
335.589	43.54
335.798	-2.26
336.008	119.78
336.217	71.91
336.426	40.3
336.636	5.53
336.845	50.99
337.054	185.71
337.263	-15.65
337.473	18.14
337.682	-7.49
337.891	-31.35
338.1	492.81
338.309	63.7
338.519	98.63
338.728	-26.51
338.937	-490.55
339.146	311.51
339.355	224.53
339.564	-3342.11
339.773	-132.16
339.983	-3.68
340.192	-145.22
340.401	163.76
340.61	52.17
340.819	-11.04
341.028	46.89
341.237	64.71
341.446	36.07
341.655	86.6
341.864	-124.64
342.073	53.41
342.282	-100.96
342.491	114.26
342.699	-45.63
342.908	840.26
343.117	63.59
343.326	-38.46
343.535	-172.73
343.744	-75.64
343.953	-116
344.162	57.18
344.37	34.03
344.579	610.45
344.788	-159.34
344.997	36.47
345.206	-58.31
345.414	92.15
345.623	13.65
345.832	-47.54
346.041	78.68
346.249	28.4
346.458	56.49
346.667	-63.02
346.875	117.73
347.084	40.47
347.293	33.91
347.501	114.22
347.71	-65.49
347.918	49.08
348.127	-38.46
348.336	-253.64
348.544	79.06
348.753	377.61
348.961	62.43
349.17	-8.88
349.378	89.2
349.587	33
349.795	70.87
350.004	220
350.212	42.82
350.421	-53.98
350.629	-184.59
350.838	50.46
351.046	149.38
351.254	-66.35
351.463	-3.51
351.671	-3278.95
351.879	84.1
352.088	-7.18
352.296	434.51
352.504	58.9
352.713	185.02
352.921	-188.19
353.129	-58.93
353.338	108.75
353.546	-5.24
353.754	-153.99
353.962	-101.48
354.171	19.93
354.379	-2963.16
354.587	58.79
354.795	-144.3
355.003	95.25
355.212	109.06
355.42	1039.62
355.628	248.92
355.836	69.49
356.044	-2.1
356.252	26.66
356.46	9.49
356.668	570.77
356.876	103.93
357.084	5.65
357.292	123.77
357.5	-107.16
357.708	8.4
357.916	6.81
358.124	129.74
358.332	682.09
358.54	372.73
358.748	216.88
358.956	96.11
359.164	78.94
359.372	95.18
359.58	-154.68
359.788	18.03
359.996	92.33
360.203	18.29
360.411	-25.05
360.619	-71.86
360.827	79.31
361.035	-389.57
361.242	38.42
361.45	-241.77
361.658	28.91
361.866	-11.03
362.073	106.36
362.281	61.01
362.489	-68
362.697	131.44
362.904	90.94
363.112	104.6
363.32	57.72
363.527	251.3
363.735	120.85
363.943	21.47
364.15	0.35
364.358	-14.23
364.565	15.77
364.773	24.25
364.98	-92.93
365.188	80.56
365.395	131.27
365.603	32.88
365.81	47.74
366.018	-36.67
366.225	80.29
366.433	-68.24
366.64	67.27
366.848	55.68
367.055	-44.83
367.263	88.91
367.47	62.63
367.677	411.39
367.885	-45.01
368.092	-18.86
368.299	-43.66
368.507	36.88
368.714	540.71
368.921	-235.43
369.129	38.74
369.336	55.31
369.543	2.81
369.751	-6.26
369.958	-123.32
370.165	30.3
370.372	5.54
370.579	-48.85
370.787	-5.88
370.994	188.52
371.201	0.27
371.408	16.92
371.615	7.62
371.822	-46.24
372.029	28.81
372.237	-232.57
372.444	-0.54
372.651	13.73
372.858	17.3
373.065	51.55
373.272	30.95
373.479	1196.55
373.686	108.53
373.893	175.73
374.1	177.51
374.307	-689.93
374.514	73.28
374.721	45.99
374.928	887.01
375.135	78.39
375.341	-4340
375.548	26.87
375.755	-115.16
375.962	-15.69
376.169	121.08
376.376	0.4
376.583	69.4
376.789	54.74
376.996	112.92
377.203	-11.82
377.41	40.5
377.617	77.34
377.823	-12.3
378.03	-809.68
378.237	116.02
378.443	-136.57
378.65	790.57
378.857	-150.18
379.063	-621.52
379.27	-531.3
379.477	59.13
379.683	-45.5
379.89	30.65
380.097	-82
380.303	32.12
380.51	7.48
380.716	43.95
380.923	-188.19
381.129	14.29
381.336	-140.94
381.542	46.38
381.749	-31.21
381.955	95.58
382.162	93.99
382.368	-46.44
382.575	-121.72
382.781	79.31
382.988	98.85
383.194	-20.27
383.4	-49.38
383.607	26.74
383.813	137.64
384.02	52.17
384.226	-150.16
384.432	-65.63
384.639	30.82
384.845	168.35
385.051	-7.56
385.257	22.65
385.464	25.86
385.67	66.71
385.876	194.6
386.082	-113.56
386.289	75.21
386.495	-64.03
386.701	-105.21
386.907	9.46
387.113	39.63
387.319	85.97
387.526	-46.58
387.732	-74.8
387.938	181.6
388.144	-40.87
388.35	28.08
388.556	39.03
388.762	1.53
388.968	448.84
389.174	3.13
389.38	20.95
389.586	-65.92
389.792	7.48
389.998	33.91
390.204	-122.16
390.41	-10.3
390.616	94.39
390.822	-42.43
391.028	39.81
391.234	20.19
391.439	-500
391.645	12.13
391.851	33.58
392.057	55.26
392.263	38.38
392.469	35.28
392.674	3.4
392.88	-14.52
393.086	66.23
393.292	-100.73
393.498	-130.52
393.703	5.05
393.909	19.96
394.115	56.47
394.32	-7.38
394.526	-6.53
394.732	50.29
394.937	113.28
395.143	-135.63
395.349	18.36
395.554	-445.73
395.76	29.26
395.965	-61.45
396.171	-22.74
396.377	35.42
396.582	2.55
396.788	37.84
396.993	4.5
397.199	8.83
397.404	11.73
397.61	-22.4
397.815	-15.12
398.021	-59.95
398.226	61.84
398.431	6.08
398.637	53.55
398.842	7.53
399.048	24.56
399.253	39.58
399.458	-3
399.664	-16.8
399.869	13.68
400.074	26.74
400.28	2.59
400.485	-53.16
400.69	-4.18
400.896	-3.92
401.101	-8.16
401.306	8.3
401.511	35.33
401.716	-1.91
401.922	-18.88
402.127	-10.96
402.332	12.15
402.537	10.22
402.742	-1.8
402.947	66.89
403.153	-13.56
403.358	2.13
403.563	10.56
403.768	17.74
403.973	9.39
404.178	-16.42
404.383	2.24
404.588	22.21
404.793	11.07
404.998	-6.22
405.203	-2.33
405.408	-3.29
405.613	17.39
405.818	3.25
406.023	14.83
406.228	-8.74
406.433	-9.92
406.638	1.43
406.842	5.36
407.047	4.25
407.252	-6.33
407.457	13
407.662	11.62
407.867	8.19
408.071	14.07
408.276	2.65
408.481	1.03
408.686	3.08
408.891	11.59
409.095	-0.18
409.3	7.04
409.505	8.83
409.709	9.92
409.914	9.15
410.119	8.58
410.323	1.98
410.528	-1.51
410.733	11.07
410.937	3.14
411.142	2.33
411.346	1.03
411.551	2.85
411.756	-2.54
411.96	7.18
412.165	2.17
412.369	0.45
412.574	-0.9
412.778	3.19
412.983	7.27
413.187	6.23
413.392	4.88
413.596	4.35
413.8	7.77
414.005	3.62
414.209	5.72
414.414	2.28
414.618	2.61
414.822	6.87
415.027	5.24
415.231	0.6
415.435	3.47
415.64	7.07
415.844	3.4
416.048	5.93
416.252	6.17
416.457	5.1
416.661	3.98
416.865	0.71
417.069	1.35
417.274	2.58
417.478	4.95
417.682	5.32
417.886	2.92
418.09	3.73
418.294	5.2
418.498	5.49
418.702	1.71
418.907	4.93
419.111	2.78
419.315	3.67
419.519	3.37
419.723	2.16
419.927	1.85
420.131	4.68
420.335	1.97
420.539	2.84
420.743	4.82
420.947	1.87
421.151	2.09
421.355	1.96
421.558	2.82
421.762	2.06
421.966	2.81
422.17	3.13
422.374	3.56
422.578	2.59
422.782	2.99
422.985	1.09
423.189	3.63
423.393	2.85
423.597	2.53
423.801	2.84
424.004	3.79
424.208	2.19
424.412	3.4
424.615	3.25
424.819	4.71
425.023	3.78
425.226	2.63
425.43	3.87
425.634	3.08
425.837	2.7
426.041	3.72
426.245	2.91
426.448	2.8
426.652	2.74
426.855	2.32
427.059	2.32
427.262	3.46
427.466	2.73
427.669	3.29
427.873	3.21
428.076	3.07
428.28	2.75
428.483	3.22
428.687	3.21
428.89	3.2
429.094	2.27
429.297	2.42
429.5	3.08
429.704	3.08
429.907	3.39
430.11	2.98
430.314	3.39
430.517	3.17
430.72	2.92
430.924	3.01
431.127	2.59
431.33	3.36
431.533	3.34
431.737	2.85
431.94	2.54
432.143	3.58
432.346	2.22
432.549	2.59
432.752	2.29
432.956	2.75
433.159	2.76
433.362	2.16
433.565	2.88
433.768	2.93
433.971	2.07
434.174	2.52
434.377	2.69
434.58	2.85
434.783	2.57
434.986	3.29
435.189	3.23
435.392	3.06
435.595	2.95
435.798	3.17
436.001	3.81
436.204	3.19
436.407	2.83
436.61	3.01
436.813	2.91
437.016	3
437.219	2.84
437.421	2.78
437.624	2.74
437.827	2.72
438.03	3.02
438.233	2.65
438.435	3.15
438.638	3.21
438.841	2.89
439.044	2.83
439.246	2.71
439.449	2.51
439.652	3.14
439.854	2.77
440.057	2.91
440.26	2.84
440.462	3.05
440.665	2.63
440.868	3.02
441.07	2.94
441.273	3.53
441.475	2.93
441.678	2.7
441.88	3.1
442.083	2.91
442.286	2.54
442.488	3.11
442.69	3.26
442.893	2.95
443.095	2.67
443.298	2.62
443.5	2.51
443.703	2.68
443.905	2.88
444.108	2.62
444.31	3
444.512	2.96
444.715	2.86
444.917	2.67
445.119	3
445.322	2.65
445.524	3.08
445.726	2.95
445.928	2.76
446.131	3.22
446.333	2.62
446.535	2.81
446.737	2.78
446.94	3.15
447.142	2.85
447.344	3.09
447.546	2.89
447.748	2.49
447.95	2.83
448.152	2.7
448.354	2.97
448.557	3.43
448.759	3.2
448.961	2.99
449.163	2.83
449.365	3.21
449.567	3
449.769	2.8
449.971	3.06
450.173	3.14
450.375	3.27
450.577	3.05
450.779	2.91
450.981	3.16
451.182	3.37
451.384	2.86
451.586	3.28
451.788	3.06
451.99	3.15
452.192	2.72
452.394	3.7
452.595	3.77
452.797	3.37
452.999	3.2
453.201	3.35
453.402	2.81
453.604	3.1
453.806	3.21
454.008	3.06
454.209	3.12
454.411	3.43
454.613	2.81
454.814	3.15
455.016	3.07
455.218	3.04
455.419	3.61
455.621	3.15
455.822	2.93
456.024	2.6
456.225	3.55
456.427	3.17
456.629	2.83
456.83	3.42
457.032	3.32
457.233	2.72
457.435	2.79
457.636	3.78
457.837	2.99
458.039	2.6
458.24	3.48
458.442	3.93
458.643	2.83
458.844	3.89
459.046	3.43
459.247	3.75
459.448	3.45
459.65	3.08
459.851	3.64
460.052	3.58
460.254	4.11
460.455	3.52
460.656	3.28
460.857	3.68
461.059	3.04
461.26	2.7
461.461	3.66
461.662	4.13
461.863	3.68
462.065	3.75
462.266	3.6
462.467	3.51
462.668	2.95
462.869	3.75
463.07	3.45
463.271	3.57
463.472	3.54
463.673	3.95
463.874	4
464.075	3.39
464.276	3.84
464.477	4.17
464.678	4.27
464.879	3.72
465.08	2.82
465.281	4.1
465.482	4.43
465.683	3.23
465.884	3.96
466.085	3.98
466.285	2.64
466.486	4.64
466.687	3.9
466.888	3.92
467.089	3.95
467.29	2.8
467.49	3.25
467.691	3.58
467.892	3.29
468.093	3.5
468.293	4.03
468.494	4.05
468.695	3.34
468.895	4.39
469.096	2.66
469.297	3.09
469.497	3.27
469.698	4.35
469.898	3.2
470.099	4.24
470.3	4.66
470.5	3.67
470.701	4.27
470.901	3.93
471.102	2.72
471.302	3.67
471.503	3.8
471.703	6.05
471.904	4.24
472.104	2.45
472.305	3.9
472.505	4.05
472.705	4.82
472.906	4.89
473.106	5.72
473.306	2.26
473.507	4.92
473.707	4.54
473.907	3.07
474.108	2.49
474.308	3.1
474.508	4.84
474.709	3.55
474.909	3.2
475.109	2.81
475.309	3.91
475.51	2.33
475.71	2.84
475.91	4.59
476.11	2.86
476.31	2.9
476.51	3.57
476.71	4.08
476.911	4.1
477.111	3.88
477.311	3.42
477.511	4.86
477.711	2.68
477.911	2.97
478.111	4.7
478.311	3.15
478.511	3.58
478.711	4.73
478.911	3.81
479.111	2.53
479.311	2.91
479.511	5.24
479.711	2.54
479.91	1.66
480.11	4.31
480.31	3.46
480.51	5.81
480.71	2.21
480.91	2.69
481.109	4.42
481.309	1.83
481.509	2.28
481.709	3.98
481.909	4
482.108	2.6
482.308	3.87
482.508	4.66
482.707	5.45
482.907	3.74
483.107	3.87
483.306	4.2
483.506	4.39
483.706	3.43
483.905	4.41
484.105	5.26
484.304	3.57
484.504	3.23
484.704	4.07
484.903	5.09
485.103	4.06
485.302	4.49
485.502	3.35
485.701	4.48
485.901	3.96
486.1	3.4
486.299	4.89
486.499	2.45
486.698	3.34
486.898	4.23
487.097	3.95
487.296	2.6
487.496	4.86
487.695	3.53
487.894	4.04
488.094	3.66
488.293	4.07
488.492	4.05
488.692	3.32
488.891	5.02
489.09	4.33
489.289	3.41
489.489	3.5
489.688	2.08
489.887	4.24
490.086	4.88
490.285	2.91
490.484	5.15
490.683	4.93
490.883	3.66
491.082	4.09
491.281	3.47
491.48	4.49
491.679	4.75
491.878	4.32
492.077	5.89
492.276	3.75
492.475	3.37
492.674	4.22
492.873	3.51
493.072	4.37
493.271	3.73
493.47	3.14
493.669	4.27
493.867	3.4
494.066	4.1
494.265	4.56
494.464	4.67
494.663	2.7
494.862	3.72
495.06	3.54
495.259	3.77
495.458	4.39
495.657	3.47
495.856	4.25
496.054	5.18
496.253	3.99
496.452	4.28
496.65	3.56
496.849	4.26
497.048	3.39
497.246	3.9
497.445	4.37
497.644	3.54
497.842	4.67
498.041	4.12
498.239	3.61
498.438	4.42
498.636	4.3
498.835	4.99
499.034	3.69
499.232	4.87
499.431	4.65
499.629	3.75
499.827	4.74
500.026	4.74
500.224	4.02
500.423	3.99
500.621	4.26
500.82	4.38
501.018	5
501.216	4.73
501.415	3.98
501.613	4.27
501.811	4.4
502.01	5.32
502.208	3.88
502.406	5.87
502.604	4.74
502.803	4.76
503.001	4.74
503.199	4.94
503.397	5.46
503.595	4.3
503.794	5.25
503.992	4.73
504.19	4.95
504.388	4.65
504.586	4.98
504.784	4.75
504.982	5.18
505.18	4.81
505.378	4.66
505.576	4.88
505.774	5.59
505.972	5.07
506.17	6.04
506.368	4.67
506.566	4.33
506.764	4.54
506.962	5.35
507.16	5.04
507.358	5.4
507.556	5.15
507.754	5.49
507.952	5.98
508.15	5.57
508.347	5.73
508.545	5.58
508.743	5.92
508.941	5.47
509.139	5.63
509.336	5.76
509.534	5.7
509.732	5.71
509.93	4.84
510.127	6.01
510.325	5.75
510.523	6.09
510.72	5.94
510.918	5.71
511.116	6.13
511.313	5.23
511.511	5.8
511.708	5.6
511.906	6.32
512.104	6.04
512.301	5.92
512.499	6.19
512.696	6.19
512.894	5.48
513.091	5.95
513.289	6.34
513.486	6.61
513.683	6
513.881	5.83
514.078	6.07
514.276	6.27
514.473	5.91
514.67	6.69
514.868	6.62
515.065	6.41
515.262	6.37
515.46	6.57
515.657	6.37
515.854	6.36
516.052	6.04
516.249	6.69
516.446	6.41
516.643	6.76
516.84	6.47
517.038	6.66
517.235	6.24
517.432	7.03
517.629	6.92
517.826	6.52
518.023	6.96
518.221	6.77
518.418	6.87
518.615	6.5
518.812	6.36
519.009	7.09
519.206	6.93
519.403	7.01
519.6	6.62
519.797	6.33
519.994	6.88
520.191	7.43
520.388	6.45
520.585	7.15
520.782	7.15
520.978	6.48
521.175	7.01
521.372	6.95
521.569	6.86
521.766	7.08
521.963	6.67
522.159	6.8
522.356	7.29
522.553	7.12
522.75	7.11
522.947	7.03
523.143	7.13
523.34	7.34
523.537	7.07
523.733	7.15
523.93	7.08
524.127	7.7
524.323	7.49
524.52	7.62
524.717	7.54
524.913	7.35
525.11	6.98
525.306	7.47
525.503	7.25
525.7	7.61
525.896	7.06
526.093	7.43
526.289	7.56
526.486	7.41
526.682	7.33
526.878	7.66
527.075	7.61
527.271	7.66
527.468	7.68
527.664	7.71
527.861	7.87
528.057	7.34
528.253	7.46
528.45	7.58
528.646	7.34
528.842	8.24
529.039	7.35
529.235	7.64
529.431	7.52
529.627	7.43
529.824	7.85
530.02	7.69
530.216	7.75
530.412	8.02
530.608	7.47
530.804	7.82
531.001	8.08
531.197	8.05
531.393	7.62
531.589	7.31
531.785	7.68
531.981	8.05
532.177	7.7
532.373	7.74
532.569	8.45
532.765	7.94
532.961	7.61
533.157	7.23
533.353	8.02
533.549	8.1
533.745	8.03
533.941	7.8
534.137	8.03
534.333	7.83
534.529	7.75
534.725	7.83
534.92	8
535.116	7.87
535.312	8.12
535.508	8.33
535.704	7.53
535.899	7.86
536.095	8.14
536.291	7.84
536.487	7.55
536.682	8.45
536.878	7.99
537.074	7.91
537.269	8.06
537.465	7.64
537.661	8.12
537.856	8.28
538.052	8.22
538.248	8.21
538.443	8.38
538.639	8.06
538.834	8.14
539.03	7.79
539.225	8.57
539.421	8.09
539.616	8.45
539.812	8.01
540.007	8.18
540.203	8.28
540.398	8.02
540.593	8.32
540.789	8.4
540.984	8.11
541.18	8.35
541.375	7.83
541.57	8.56
541.766	8.49
541.961	8.18
542.156	8.39
542.352	8.82
542.547	8.41
542.742	8.19
542.937	8.39
543.133	8.44
543.328	8.31
543.523	8.38
543.718	8.45
543.913	8.67
544.108	8
544.304	8.39
544.499	8.61
544.694	8.06
544.889	8.28
545.084	8.39
545.279	8.9
545.474	8.77
545.669	8.38
545.864	8.55
546.059	8.35
546.254	7.76
546.449	8.43
546.644	8.14
546.839	8.51
547.034	8.59
547.229	8.54
547.424	8.78
547.618	8.6
547.813	8.42
548.008	8.49
548.203	8.61
548.398	8.72
548.593	8.67
548.787	8.56
548.982	8.49
549.177	8.33
549.372	8.43
549.566	8.64
549.761	8.79
549.956	8.25
550.15	8.62
550.345	9.13
550.54	8.95
550.734	8.84
550.929	8.7
551.124	8.65
551.318	8.7
551.513	8.34
551.707	9.12
551.902	8.73
552.096	8.99
552.291	9.17
552.485	8.93
552.68	8.91
552.874	8.77
553.069	9.41
553.263	9.04
553.458	8.8
553.652	9.02
553.847	8.48
554.041	9.02
554.235	8.63
554.43	9.09
554.624	8.81
554.818	8.97
555.013	8.74
555.207	9.1
555.401	9.36
555.595	9.01
555.79	8.54
555.984	8.73
556.178	8.95
556.372	9.07
556.566	9.04
556.761	8.81
556.955	9.08
557.149	9.25
557.343	8.61
557.537	8.96
557.731	8.9
557.925	8.89
558.119	9.35
558.313	8.73
558.507	9.04
558.701	9.08
558.895	9.46
559.089	9.17
559.283	9.45
559.477	9.53
559.671	9.28
559.865	9.11
560.059	9
560.253	9.24
560.447	9.24
560.641	9.11
560.835	9.35
561.028	9.54
561.222	9.63
561.416	9.24
561.61	9.18
561.804	9.08
561.997	9.31
562.191	9.37
562.385	9.45
562.579	9.2
562.772	9.84
562.966	9.5
563.16	9.47
563.353	9.5
563.547	9.22
563.741	9.41
563.934	9.5
564.128	9.5
564.321	9.07
564.515	9.92
564.708	9.15
564.902	9.62
565.095	9.8
565.289	9.57
565.482	9.63
565.676	9.23
565.869	9.33
566.063	9.78
566.256	9.28
566.45	9.53
566.643	9.56
566.836	9.59
567.03	9.64
567.223	9.55
567.416	9.62
567.61	9.56
567.803	9.6
567.996	9.62
568.19	9.3
568.383	9.9
568.576	9.68
568.769	9.62
568.963	9.99
569.156	10.13
569.349	9.5
569.542	9.9
569.735	9.66
569.928	9.68
570.121	9.87
570.315	10.15
570.508	9.56
570.701	9.64
570.894	9.93
571.087	9.82
571.28	9.95
571.473	10
571.666	10.11
571.859	9.61
572.052	9.99
572.245	9.9
572.438	9.95
572.631	9.6
572.824	10.07
573.016	9.84
573.209	10.06
573.402	10.11
573.595	10.18
573.788	10.06
573.981	9.93
574.173	10.29
574.366	10.39
574.559	9.98
574.752	9.86
574.944	10.13
575.137	10.27
575.33	10.12
575.523	10.17
575.715	9.68
575.908	10.2
576.101	9.99
576.293	10.15
576.486	10.19
576.678	9.84
576.871	9.8
577.063	10.38
577.256	10
577.449	10.05
577.641	9.72
577.834	10.02
578.026	10.23
578.219	10.04
578.411	10.39
578.603	10.55
578.796	10.21
578.988	10.12
579.181	10.07
579.373	10.16
579.565	10.05
579.758	10.38
579.95	9.98
580.142	10.31
580.335	9.97
580.527	9.82
580.719	10.33
580.912	10.15
581.104	10.28
581.296	10.66
581.488	10.11
581.68	10.31
581.873	10.38
582.065	9.86
582.257	10.21
582.449	9.92
582.641	10.16
582.833	9.75
583.025	10.14
583.217	10.52
583.41	10.6
583.602	10.38
583.794	10.45
583.986	10.49
584.178	10.54
584.37	10.63
584.562	10.08
584.753	10.27
584.945	10
585.137	10.21
585.329	10.4
585.521	10.57
585.713	10.47
585.905	10.57
586.097	10.63
586.289	10.32
586.48	10.66
586.672	10.29
586.864	10.53
587.056	11.01
587.247	10.3
587.439	10.62
587.631	10.55
587.823	10.75
588.014	10.55
588.206	10.68
588.398	10.65
588.589	10.78
588.781	10.27
588.972	10.3
589.164	10.51
589.356	10.72
589.547	10.78
589.739	10.38
589.93	10.74
590.122	10.61
590.313	10.5
590.505	10.64
590.696	10.36
590.888	10.76
591.079	11.04
591.271	11.04
591.462	10.84
591.653	10.99
591.845	10.98
592.036	11.01
592.227	10.49
592.419	10.6
592.61	10.79
592.801	11.04
592.993	11.03
593.184	10.88
593.375	10.6
593.566	11.21
593.758	11.08
593.949	11.08
594.14	10.76
594.331	11.16
594.522	11.1
594.713	11.17
594.905	10.77
595.096	11.35
595.287	11.04
595.478	11.03
595.669	11.47
595.86	11.26
596.051	11.27
596.242	11.59
596.433	11.09
596.624	10.95
596.815	11.33
597.006	10.79
597.197	11.15
597.388	11.37
597.579	11.89
597.77	11.33
597.96	11.4
598.151	11.63
598.342	11.58
598.533	11.43
598.724	11.57
598.915	11.69
599.105	11.3
599.296	11.39
599.487	11.36
599.678	12.29
599.868	11.93
600.059	11.38
600.25	11.73
600.44	12.09
600.631	11.42
600.822	12.03
601.012	11.94
601.203	11.55
601.394	12.35
601.584	11.79
601.775	11.63
601.965	11.81
602.156	11.68
602.346	11.83
602.537	11.82
602.727	12.11
602.918	11.62
603.108	11.77
603.299	12.01
603.489	12.2
603.679	12.04
603.87	12.23
604.06	12.01
604.251	11.86
604.441	12.05
604.631	11.82
604.822	12.02
605.012	12.07
605.202	12.38
605.392	11.41
605.583	12.2
605.773	12.41
605.963	12.49
606.153	12.26
606.344	11.87
606.534	12.77
606.724	12.48
606.914	12
607.104	12.7
607.294	12.27
607.484	12.46
607.674	12.07
607.864	12.27
608.054	12.68
608.245	11.67
608.435	12.78
608.625	12.9
608.814	11.82
609.004	12.87
609.194	12.43
609.384	12.91
609.574	12.16
609.764	12.58
609.954	12.56
610.144	12.36
610.334	13.05
610.524	12.62
610.713	12.49
610.903	13.01
611.093	12.86
611.283	12.94
611.473	12.41
611.662	12.8
611.852	12.72
612.042	12.4
612.231	12.33
612.421	12.94
612.611	12.63
612.8	13.06
612.99	12.82
613.18	12.57
613.369	13.16
613.559	12.29
613.748	12.95
613.938	12.88
614.128	12.75
614.317	12.87
614.507	13.12
614.696	13.46
614.886	13.3
615.075	12.6
615.264	12.6
615.454	12.83
615.643	12.77
615.833	12.84
616.022	12.84
616.211	13.21
616.401	12.21
616.59	13.36
616.779	13.95
616.969	12.35
617.158	13.21
617.347	12.43
617.537	13.06
617.726	12.51
617.915	12.64
618.104	12.75
618.293	13.1
618.483	12.9
618.672	13.36
618.861	13.63
619.05	12.47
619.239	13.25
619.428	13.69
619.617	13.3
619.806	12.86
619.995	13.32
620.184	12.86
620.373	13.04
620.562	13.04
620.751	13.24
620.94	13.26
621.129	13.65
621.318	12.24
621.507	13.95
621.696	13.42
621.885	12.89
622.074	13.4
622.263	13.12
622.452	13.36
622.64	13.48
622.829	13.13
623.018	13.59
623.207	12.99
623.396	13.18
623.584	12.66
623.773	13.93
623.962	12.99
624.15	14.71
624.339	14.41
624.528	14.01
624.716	13.93
624.905	13.34
625.094	14.07
625.282	13.93
625.471	13.58
625.659	12.83
625.848	12.74
626.037	13.65
626.225	13.37
626.414	13.26
626.602	13.44
626.791	14.09
626.979	13.52
627.167	13.83
627.356	14.1
627.544	13.85
627.733	14.32
627.921	13.81
628.109	14.26
628.298	14.09
628.486	13.21
628.674	13.99
628.863	13.95
629.051	14.96
629.239	13.82
629.428	13.73
629.616	14.67
629.804	14.15
629.992	13.73
630.18	14.05
630.369	14.87
630.557	13.67
630.745	12.69
630.933	14.52
631.121	14.3
631.309	13.81
631.497	14.52
631.685	14.71
631.873	13.82
632.061	14
632.249	14.01
632.437	14.79
632.625	14.17
632.813	14.82
633.001	14.31
633.189	14.16
633.377	14.08
633.565	13.73
633.753	13.91
633.941	13.89
634.129	14.53
634.316	14.12
634.504	14.58
634.692	14.52
634.88	14.33
635.068	14.12
635.255	14.86
635.443	13.77
635.631	14.74
635.818	16.03
636.006	14.85
636.194	14.53
636.382	14.3
636.569	14.35
636.757	15.26
636.944	15.23
637.132	14.93
637.32	15.31
637.507	15.29
637.695	14.43
637.882	14.77
638.07	14.98
638.257	15.02
638.445	13.82
638.632	15.72
638.82	14.48
639.007	15.04
639.194	15.53
639.382	15.42
639.569	14.39
639.757	15.42
639.944	14.51
640.131	14.67
640.319	14.62
640.506	15.66
640.693	15.78
640.88	14.47
641.068	15.25
641.255	15.6
641.442	14.28
641.629	14.7
641.817	15.55
642.004	14.05
642.191	14.89
642.378	15.97
642.565	15.69
642.752	15.34
642.939	15.05
643.126	15.23
643.313	15.48
643.501	15.34
643.688	15.31
643.875	15.79
644.062	14.76
644.249	15.18
644.435	14.92
644.622	15.36
644.809	15.42
644.996	13.93
645.183	14.74
645.37	15.17
645.557	14.44
645.744	15.49
645.931	14.71
646.117	14.51
646.304	14.78
646.491	14.91
646.678	16.63
646.865	15.04
647.051	14.92
647.238	15.42
647.425	15.06
647.611	14.47
647.798	14.97
647.985	15.05
648.171	16.07
648.358	14.8
648.545	15.02
648.731	13.99
648.918	15.69
649.104	15.52
649.291	15.08
649.477	15.47
649.664	15.88
649.85	16.16
650.037	15.4
650.223	14.09
650.41	15.56
650.596	15.14
650.783	15.3
650.969	15.31
651.155	16.48
651.342	14.43
651.528	14.52
651.714	14.74
651.901	16.24
652.087	15.52
652.273	15.1
652.46	15.97
652.646	15.93
652.832	15.31
653.018	14.94
653.204	15.72
653.391	15.42
653.577	15.77
653.763	16.04
653.949	14.75
654.135	14.58
654.321	16.11
654.507	15.5
654.693	13.19
654.879	16.34
655.065	14.04
655.252	13.76
655.438	14.91
655.624	15.97
655.809	14.32
655.995	14.7
656.181	14.89
656.367	15.39
656.553	17.12
656.739	16.28
656.925	16.93
657.111	16.34
657.297	16.24
657.482	15.45
657.668	15.62
657.854	14.16
658.04	13.55
658.226	14.38
658.411	14.5
658.597	14.87
658.783	14.32
658.968	15.77
659.154	14.87
659.34	15.95
659.525	14.26
659.711	15.44
659.897	15.05
660.082	15.91
660.268	14.58
660.453	14.18
660.639	15.44
660.824	15.12
661.01	15.17
661.195	14.44
661.381	15.67
661.566	15.13
661.752	14.78
661.937	14.24
662.123	13.27
662.308	14.01
662.494	16.43
662.679	15.74
662.864	14.63
663.05	14.95
663.235	15.59
663.42	14.35
663.605	14.31
663.791	14.55
663.976	15.14
664.161	16.48
664.346	13.93
664.532	14.81
664.717	13.05
664.902	15.68
665.087	16.36
665.272	14.84
665.457	13.63
665.642	13.67
665.828	14.58
666.013	15.69
666.198	10.86
666.383	14.42
666.568	12.75
666.753	16.2
666.938	12.67
667.123	14.89
667.308	12.94
667.493	12.96
667.677	15.5
667.862	15.14
668.047	13.64
668.232	14.49
668.417	14.97
668.602	13.86
668.787	14.85
668.971	14.44
669.156	15.97
669.341	12.78
669.526	15.16
669.711	14.98
669.895	13.8
670.08	10.78
670.265	14.68
670.449	12.51
670.634	14.25
670.819	13.24
671.003	12.39
671.188	15.75
671.372	14.11
671.557	15.26
671.742	14.62
671.926	12.27
672.111	13.67
672.295	13.38
672.48	10.99
672.664	13.53
672.849	12.87
673.033	15.21
673.217	13.8
673.402	13.14
673.586	13.62
673.771	14.02
673.955	16.2
674.139	12.78
674.324	13.33
674.508	13.43
674.692	12.88
674.876	14.95
675.061	16.47
675.245	15.81
675.429	14.26
675.613	11.56
675.798	16.29
675.982	13.6
676.166	13.73
676.35	15.78
676.534	15.59
676.718	14.36
676.902	17.46
677.087	13.65
677.271	14.21
677.455	15.85
677.639	11.4
677.823	16.31
678.007	17.83
678.191	14.47
678.375	15.7
678.559	14.23
678.742	15.03
678.926	17.23
679.11	16.35
679.294	16.7
679.478	12.56
679.662	13.35
679.846	16.97
680.029	15.3
680.213	16.34
680.397	17.26
680.581	14.53
680.765	18.11
680.948	16.5
681.132	16.08
681.316	13.89
681.499	16.89
681.683	18.06
681.867	15.52
682.05	18.47
682.234	18.29
682.417	20.02
682.601	19.77
682.785	19.65
682.968	18.61
683.152	21.69
683.335	19.21
683.519	15.37
683.702	16.94
683.886	18.43
684.069	19.62
684.253	20.56
684.436	20.05
684.619	19.86
684.803	17.95
684.986	19.82
685.169	20.58
685.353	22.99
685.536	16.4
685.719	19.97
685.903	20.02
686.086	17.3
686.269	22.48
686.452	19.58
686.636	22.9
686.819	22.89
687.002	18.64
687.185	23.88
687.368	20
687.551	20.55
687.734	23.54
687.918	23.97
688.101	18.77
688.284	20.88
688.467	25.51
688.65	21.38
688.833	23.59
689.016	24.2
689.199	21.81
689.382	24.56
689.565	23.6
689.748	24.76
689.93	21.3
690.113	22.07
690.296	21.18
690.479	23.33
690.662	23.55
690.845	25.97
691.028	19.02
691.21	25.97
691.393	24.25
691.576	21.68
691.759	22.65
691.941	24.82
692.124	26.07
692.307	24.99
692.489	22.94
692.672	25.55
692.855	26.3
693.037	26.71
693.22	29.98
693.403	25.97
693.585	24.91
693.768	27.94
693.95	27.72
694.133	20.32
694.315	25.27
694.498	25.11
694.68	24.4
694.863	25.96
695.045	26
695.228	26.93
695.41	26.94
695.592	26.63
695.775	25.76
695.957	25.97
696.139	23.62
696.322	24.15
696.504	22.63
696.686	21.63
696.869	21.24
697.051	27.79
697.233	32.22
697.415	28.64
697.597	24.91
697.78	26.45
697.962	27.4
698.144	24.23
698.326	26.91
698.508	27.97
698.69	24.4
698.872	27.24
699.055	32.12
699.237	24.06
699.419	21.21
699.601	16.23
699.783	30.62
699.965	30.6
700.147	27.13
700.329	32.15
700.51	26.49
700.692	30.22
700.874	23.54
701.056	26.84
701.238	25.4
701.42	32.62
701.602	23.64
701.783	24.6
701.965	32.3
702.147	30.52
702.329	27.97
702.511	23.88
702.692	32.4
702.874	19.92
703.056	25.4
703.237	27.96
703.419	24.11
703.601	28.65
703.782	26.52
703.964	28.8
704.146	32.89
704.327	26.45
704.509	31.98
704.69	29.33
704.872	37.38
705.053	27.24
705.235	28.54
705.416	25.7
705.598	30.84
705.779	28.33
705.961	24.78
706.142	25.88
706.323	28.79
706.505	25.1
706.686	32.67
706.867	28.89
707.049	24.67
707.23	33.8
707.411	26.98
707.593	28.15
707.774	29.26
707.955	29.44
708.136	24.47
708.318	25.99
708.499	29.83
708.68	20.88
708.861	30.87
709.042	22.78
709.223	27.26
709.404	33.42
709.585	30.99
709.767	25.82
709.948	24.35
710.129	26.56
710.31	26.29
710.491	27.08
710.672	28.06
710.853	18.26
711.034	28.38
711.214	25.53
711.395	30.85
711.576	33.89
711.757	36.31
711.938	22.83
712.119	24.99
712.3	32.88
712.481	19.96
712.661	23.8
712.842	24.21
713.023	30.68
713.204	25.6
713.384	18.26
713.565	27.24
713.746	26.69
713.926	19.38
714.107	26.63
714.288	26.47
714.468	26.98
714.649	40.79
714.83	18.3
715.01	28.09
715.191	21.02
715.371	33.74
715.552	27.02
715.732	32.32
715.913	30.35
716.093	31.91
716.274	33.81
716.454	31.88
716.635	29.61
716.815	29.98
716.995	23
717.176	36.22
717.356	26.77
717.536	27.22
717.717	34.06
717.897	17.42
718.077	26.19
718.258	33.7
718.438	35.05
718.618	34.93
718.798	24.19
718.978	28.79
719.159	29.85
719.339	43.77
719.519	30.39
719.699	30.97
719.879	29.11
720.059	29.82
720.239	30
720.419	33.39
720.599	30.7
720.779	45.08
720.959	17.2
721.139	22.94
721.319	27.17
721.499	43.65
721.679	18.66
721.859	29.85
722.039	24.84
722.219	31.29
722.399	28.05
722.579	23.79
722.759	36.26
722.938	34.62
723.118	29.62
723.298	25.63
723.478	28.29
723.658	30.28
723.837	37.06
724.017	37.03
724.197	24.91
724.376	42.41
724.556	26.34
724.736	34.56
724.915	21.5
725.095	32.15
725.275	38.9
725.454	38.91
725.634	40.96
725.813	13.03
725.993	42.8
726.172	28.84
726.352	24.91
726.531	26.41
726.711	35.69
726.89	23.09
727.07	35.68
727.249	36.61
727.428	47.76
727.608	27.07
727.787	24.9
727.966	27.49
728.146	37.06
728.325	24.1
728.504	25.06
728.684	22.07
728.863	29.69
729.042	36.6
729.221	34.84
729.4	17.99
729.58	31.24
729.759	36.69
729.938	41.64
730.117	46.41
730.296	31.75
730.475	38.88
730.654	31.21
730.833	43.81
731.013	13.34
731.192	28.79
731.371	30.21
731.55	55.86
731.729	24.01
731.907	46.25
732.086	34.75
732.265	36.13
732.444	22.76
732.623	23.93
732.802	20.13
732.981	33.14
733.16	15.35
733.339	52.47
733.517	22.39
733.696	56.05
733.875	26.01
734.054	23.48
734.232	35.9
734.411	46.17
734.59	16.29
734.768	31.01
734.947	44.68
735.126	3.76
735.304	28.53
735.483	42.17
735.662	37.89
735.84	32.58
736.019	35.81
736.197	18.56
736.376	35.95
736.554	54.93
736.733	30
736.911	23.45
737.09	10.11
737.268	28.04
737.447	31.15
737.625	32.27
737.803	26.44
737.982	57
738.16	23.49
738.338	43.4
738.517	17.1
738.695	40.24
738.873	38.75
739.052	33.28
739.23	14.93
739.408	38.73
739.586	34.93
739.764	23.01
739.943	39.93
740.121	26.16
740.299	26.87
740.477	33.01
740.655	40.18
740.833	28.38
741.011	32.01
741.189	23.63
741.367	26.39
741.545	26.19
741.723	24.76
741.901	42.1
742.079	35.18
742.257	32.98
742.435	35.72
742.613	15.21
742.791	42.76
742.969	24.32
743.147	39.92
743.325	27.28
743.503	46.14
743.68	27.02
743.858	17.48
744.036	13.57
744.214	42.94
744.391	1.62
744.569	35.14
744.747	37.91
744.925	58.33
745.102	31.54
745.28	10.61
745.458	41.1
745.635	47.88
745.813	62.95
745.99	46.42
746.168	60.22
746.345	45.19
746.523	41.04
746.7	26.83
746.878	56.92
747.055	5.88
747.233	48.04
747.41	53.07
747.588	41.97
747.765	40.4
747.943	15.15
748.12	20.63
748.297	6.2
748.475	45.71
748.652	8.83
748.829	30.91
749.007	16.09
749.184	14.58
749.361	52.05
749.538	76.09
749.716	24.8
749.893	27.95
750.07	52.07
750.247	30.97
750.424	30.21
750.601	48.96
750.778	56.8
750.956	32.14
751.133	27.88
751.31	17.04
751.487	10.7
751.664	46.87
751.841	59.79
752.018	35.76
752.195	14.02
752.372	34.96
752.549	76.95
752.726	24.17
752.902	60.7
753.079	61.28
753.256	41.61
753.433	42.64
753.61	40.3
753.787	49.76
753.964	28.74
754.14	27.63
754.317	41.41
754.494	57.18
754.671	70.35
754.847	25.53
755.024	57.41
755.201	38.22
755.377	22.5
755.554	13.75
755.73	35.92
755.907	71.09
756.084	9.44
756.26	47.21
756.437	32.2
756.613	4.44
756.79	19.17
756.966	46.35
757.143	68.36
757.319	37.75
757.496	41.81
757.672	43.09
757.849	61
758.025	50.29
758.201	82.38
758.378	50.22
758.554	1.74
758.73	10.28
758.907	42.75
759.083	37.31
759.259	61.66
759.435	31.39
759.612	28.64
759.788	65.18
759.964	77.74
760.14	42.62
760.316	-41.15
760.493	34.61
760.669	83.26
760.845	26.45
761.021	-62.64
761.197	-39.55
761.373	2.43
761.549	11.78
761.725	32.88
761.901	31.65
762.077	35.92
762.253	30.08
762.429	55.33
762.605	1.6
762.781	22.98
762.957	49.12
763.133	56.56
763.308	5.55
763.484	54.86
763.66	118.98
763.836	33.98
764.012	3.68
764.187	28.62
764.363	43.2
764.539	24.18
764.715	36.52
764.89	-8.04
765.066	-11.54
765.242	0.12
765.417	27.3
765.593	43
765.769	49.7
765.944	-6.2
766.12	64.48
766.295	22.06
766.471	18.4
766.646	64.79
766.822	55.99
766.997	-18.04
767.173	29.12
767.348	47.12
767.524	-15.45
767.699	0.12
767.875	25.83
768.05	-2.19
768.225	67.87
768.401	22.65
768.576	95.25
768.751	27.57
768.927	-57.89
769.102	84.82
769.277	39.49
769.452	-30.37
769.628	45.77
769.803	44.56
769.978	108.62
770.153	2.74
770.328	34.91
770.503	55.91
770.679	115.63
770.854	-32.85
771.029	46.84
771.204	-404.64
771.379	24.92
771.554	35.61
771.729	18.15
771.904	-12.7
772.079	48.77
772.254	102.36
772.429	35.9
772.604	52.02
772.779	89.13
772.953	84.69
773.128	45.95
773.303	59.67
773.478	67.13
773.653	48.82
773.828	72.17
774.002	124.52
774.177	51.76
774.352	32.17
774.527	9.72
774.701	12.75
774.876	83.65
775.051	-166.31
775.225	60.62
775.4	13.17
775.575	53.77
775.749	-161.31
775.924	-20.41
776.098	-4.4
776.273	68.19
776.447	46.04
776.622	16.4
776.796	92.94
776.971	15.17
777.145	54.95
777.32	119.48
777.494	83.81
777.669	61.24
777.843	74.59
778.017	68.01
778.192	13.75
778.366	38.63
778.54	83.5
778.715	-19.57
778.889	104.47
779.063	52.02
779.237	74.56
779.412	99.24
779.586	143.18
779.76	49.08
779.934	42.24
780.108	89.78
780.282	73.13
780.457	11.65
780.631	-31.2
780.805	-67.91
780.979	395.52
781.153	-24.3
781.327	141.5
781.501	57.45
781.675	38.78
781.849	33.66
782.023	50.67
782.197	52.32
782.371	-81.71
782.545	37.42
782.718	-80.21
782.892	98.93
783.066	48.92
783.24	83
783.414	2.35
783.588	88.91
783.761	13.24
783.935	60.36
784.109	48.57
784.283	105.22
784.456	301.9
784.63	19.26
784.804	44.67
784.977	32.54
785.151	60.75
785.324	0.24
785.498	25.94
785.672	116.8
785.845	48.19
786.019	-62.09
786.192	96.03
786.366	51.26
786.539	191.53
786.713	-133.79
786.886	25.51
787.06	83.69
787.233	35.76
787.406	-1.99
787.58	32.7
787.753	-54.7
787.926	-4.83
788.1	44.79
788.273	-1450.94
788.446	-74.91
788.62	-693.55
788.793	110.82
788.966	108.66
789.139	176.06
789.313	23.16
789.486	4642.86
789.659	-212
789.832	80.02
790.005	59.56
790.178	349.56
790.351	63.8
790.524	203.73
790.697	-8.39
790.87	29.95
791.044	-238.18
791.216	74.83
791.389	-108.56
791.562	88.68
791.735	532.91
791.908	466.23
792.081	0.22
792.254	-91.21
792.427	30.86
792.6	-10.2
792.773	16.37
792.945	305.97
793.118	101.49
793.291	-130.77
793.464	-101.7
793.637	250.92
793.809	23.68
793.982	104.27
794.155	153.71
794.327	78.31
794.5	312.31
794.673	102.43
794.845	-187.16
795.018	-73.6
795.19	-634.83
795.363	91.21
795.536	207.76
795.708	-538.71
795.881	940
796.053	43.16
796.226	151.43
796.398	166.32
796.57	-20.52
796.743	-143.15
796.915	-14.24
797.088	209.31
797.26	-244.88
797.432	472.15
797.605	-18.72
797.777	-188.31
797.949	79.15
798.122	36.17
798.294	285.65
798.466	412
798.638	83.07
798.81	20.56
798.983	198.73
799.155	92.32
799.327	20.48
799.499	62.06
799.671	42.76
799.843	-9.2
800.015	-154.47
800.187	68.3
800.359	186.47
800.531	84.98
800.703	54.32
800.875	119.58
801.047	19.92
801.219	81.57
801.391	45.45
801.563	-146.04
801.735	113.68
801.907	324.54
802.079	143.53
802.251	-579.12
802.422	-103.15
802.594	-749.35
802.766	31.32
802.938	199.55
803.11	58.37
803.281	-62.91
803.453	74.16
803.625	-6.83
803.796	41.5
803.968	23.42
804.14	53.26
804.311	72.76
804.483	183.39
804.654	9.49
804.826	350.16
804.998	218.72
805.169	-18.15
805.341	133.6
805.512	-30.43
805.684	69.2
805.855	96.7
806.026	293.85
806.198	280.37
806.369	33.83
806.541	92.45
806.712	238.46
806.883	134.33
807.055	145.98
807.226	172.83
807.397	225.27
807.569	9.73
807.74	95.73
807.911	-20
808.082	-37.22
808.253	-143.56
808.425	39.28
808.596	-378.65
808.767	225.18
808.938	-8.2
809.109	-24.75
809.28	-107.58
809.451	23.52
809.622	160.96
809.793	-1429.03
809.964	-176.52
810.135	-56.61
810.306	138.15
810.477	385.91
810.648	29.35
810.819	39.2
810.99	-740
811.161	-102.97
811.332	226.49
811.503	56.64
811.674	-555.38
811.844	-93.85
812.015	123.75
812.186	324.54
812.357	267.38
812.527	43.68
812.698	-54.99
812.869	201.89
813.04	0.23
813.21	575.86
813.381	-0.39
813.551	-36.9
813.722	97.03
813.893	30.02
814.063	83.62
814.234	-390.91
814.404	62.42
814.575	130.51
814.745	-446.9
814.916	10.68
815.086	58.32
815.257	-53.36
815.427	59.51
815.598	34.89
815.768	105.78
815.938	91.63
816.109	253.04
816.279	85.09
816.449	-10.57
816.62	1142.11
816.79	107.58
816.96	-205.66
817.13	12.33
817.301	84.77
817.471	23.64
817.641	111.04
817.811	156.93
817.981	-671.43
818.152	85.78
818.322	129.7
818.492	80.76
818.662	-50.53
818.832	85.89
819.002	88.19
819.172	187.54
819.342	34.1
819.512	2.11
819.682	57.21
819.852	23.89
820.022	111.97
820.192	389.89
820.362	45.45
820.531	-46.58
820.701	80.76
820.871	93.9
821.041	-125.34
821.211	-73.9
821.381	53.62
821.55	5.53
821.72	-1420.93
821.89	90.77
822.059	34.43
822.229	29.47
822.399	21.97
822.568	135.74
822.738	-617.07
822.908	420.25
823.077	0.37
823.247	140.44
823.416	-2194.12
823.586	282.89
823.756	13.8
823.925	-272.15
824.095	504.65
824.264	-15.7
824.433	137.17
824.603	103.44
824.772	-38.96
824.942	-697.47
825.111	12.56
825.28	51.55
825.45	126.09
825.619	103.73
825.788	-513.48
825.958	18.55
826.127	15.36
826.296	43.32
826.465	101.41
826.635	43.81
826.804	55.86
826.973	226.2
827.142	148.51
827.311	345.64
827.48	-4.84
827.649	90.6
827.818	577.17
827.988	-404
828.157	120.69
828.326	-203.98
828.495	47.31
828.664	261.09
828.833	237.81
829.002	-477.64
829.17	23.49
829.339	-102.01
829.508	204.45
829.677	174.16
829.846	52.86
830.015	-80.85
830.184	-32.63
830.352	98.05
830.521	182.01
830.69	56.1
830.859	-147.06
831.027	-563.16
831.196	53.16
831.365	-46.06
831.533	9.37
831.702	-43.32
831.871	-2.65
832.039	217.2
832.208	-239.13
832.377	-46.46
832.545	126.22
832.714	91.34
832.882	41.81
833.051	94.11
833.219	4642.86
833.388	13.01
833.556	-52.19
833.724	21.55
833.893	36.27
834.061	447.37
834.23	24.75
834.398	102.32
834.566	403.9
834.735	4300
834.903	66.04
835.071	-3620
835.239	-185.25
835.408	153.55
835.576	-1058.14
835.744	76.25
835.912	144.21
836.08	116.76
836.249	43.4
836.417	520.32
836.585	123.56
836.753	248.77
836.921	291.35
837.089	-4785.71
837.257	-611.63
837.425	128.09
837.593	-27.18
837.761	25.53
837.929	78.5
838.097	55.11
838.265	51.7
838.433	109.84
838.601	63.4
838.769	578.48
838.936	-14.61
839.104	85.29
839.272	69.77
839.44	100.93
839.608	-821.95
839.775	87.38
839.943	41.23
840.111	132.52
840.279	40.34
840.446	449.25
840.614	793.51
840.781	-30.43
840.949	24.55
841.117	-92.76
841.284	-134.33
841.452	-134.78
841.619	-7.64
841.787	88.93
841.954	895.35
842.122	34.1
842.289	101.03
842.457	30.31
842.624	11.16
842.792	-254.74
842.959	89.71
843.126	-47.04
843.294	-113.37
843.461	69.18
843.629	-308
843.796	15.77
843.963	-14.4
844.13	71.27
844.298	208.88
844.465	-13.7
844.632	-350.93
844.799	-126.13
844.966	20.85
845.134	34.61
845.301	-12.55
845.468	231.13
845.635	216.61
845.802	122.98
845.969	-42.71
846.136	110.82
846.303	2784.21
846.47	49.67
846.637	644.62
846.804	447.37
846.971	-4.26
847.138	42.08
847.305	-11.5
847.472	-160.79
847.639	121.08
847.805	165.25
847.972	-32.47
848.139	61.37
848.306	321.05
848.473	91.04
848.639	94.96
848.806	-77.6
848.973	124.09
849.14	173.82
849.306	32.74
849.473	390.07
849.64	146.15
849.806	114.35
849.973	343.24
850.139	111.92
850.306	12.33
850.472	97.79
850.639	105.9
850.806	-1068.42
850.972	512.17
851.139	1385.71
851.305	118.8
851.471	-8.9
851.638	96.32
851.804	1.49
851.971	-116.85
852.137	-9.4
852.303	184.26
852.47	-7.45
852.636	-69.38
852.802	95.28
852.968	15.74
853.135	-12.69
853.301	75.72
853.467	-82.95
853.633	28.09
853.8	-17.67
853.966	-152.79
854.132	-3757.14
854.298	-298.54
854.464	-297.75
854.63	133.28
854.796	81.69
854.962	112.95
855.128	67.27
855.294	-74.43
855.46	-84.75
855.626	80.65
855.792	-101.54
855.958	315.53
856.124	37.42
856.29	-7.28
856.456	69.53
856.622	71.91
856.787	450.65
856.953	75.14
857.119	177.23
857.285	125.59
857.45	165.72
857.616	64.52
857.782	6.39
857.948	105.64
858.113	-41.3
858.279	-152.79
858.445	312.6
858.61	448.84
858.776	24.7
858.941	343.56
859.107	58.69
859.273	33.65
859.438	-66.05
859.604	-752.63
859.769	-178.74
859.935	-547.52
860.1	115.62
860.265	48.98
860.431	199.28
860.596	3785.71
860.762	203.21
860.927	13.31
861.092	118.48
861.258	-3.68
861.423	255.21
861.588	95.53
861.753	3442.86
861.919	496.23
862.084	170.87
862.249	403.05
862.414	151.19
862.579	188.32
862.745	27.01
862.91	230.63
863.075	4.23
863.24	-2.55
863.405	12.56
863.57	180.13
863.735	109.12
863.9	-213.27
864.065	70.28
864.23	76.25
864.395	106.41
864.56	138.07
864.725	563.29
864.89	106.74
865.055	-89.59
865.22	93.86
865.384	-783.15
865.549	350.49
865.714	-41.92
865.879	-39.67
866.044	-39.67
866.208	65.76
866.373	-196.7
866.538	146.37
866.702	50.82
866.867	35.68
867.032	2.59
867.196	102.56
867.361	268
867.526	97.42
867.69	-56.16
867.855	198.9
868.019	525.45
868.184	4.85
868.348	40.61
868.513	-1545.16
868.677	172.37
868.842	-20.85
869.006	186.69
869.17	247.17
869.335	-1026.83
869.499	-220.39
869.663	183.44
869.828	19.84
869.992	839.53
870.156	81.11
870.321	-0.29
870.485	24.17
870.649	31.93
870.813	-26.2
870.978	20.85
871.142	-610.77
871.306	-283.89
871.47	156.93
871.634	170.87
871.798	111.18
871.962	33.03
872.126	-2900
872.29	2.66
872.454	1385.71
872.618	-80.86
872.782	-1126.87
872.946	361.74
873.11	-5.53
873.274	103.47
873.438	982.35
873.602	82.59
873.766	-266.23
873.93	88.49
874.094	133.71
874.257	25.2
874.421	47.98
874.585	-85.45
874.749	142.55
874.912	320.14
875.076	116.38
875.24	-39.67
875.403	253.58
875.567	350.29
875.731	25.84
875.894	-83.67
876.058	5.26
876.222	79.78
876.385	127.14
876.549	38
876.712	350.91
876.876	-121.05
877.039	46.72
877.203	22.72
877.366	-107.78
877.529	-126.86
877.693	17.03
877.856	150.96
878.02	27.31
878.183	49.22
878.346	-297.4
878.51	137.17
878.673	225.18
878.836	109.46
878.999	1783.87
879.163	154.8
879.326	15.6
879.489	163.76
879.652	45.14
879.815	71.26
879.978	4.49
880.142	224.83
880.305	185.71
880.468	141.93
880.631	47.48
880.794	90.89
880.957	963.41
881.12	-3182.35
881.283	-42.6
881.446	39.67
881.609	35.25
881.772	-27.04
881.935	-1700
882.097	169.05
882.26	-1.89
882.423	259.8
882.586	212.92
882.749	119.24
882.912	7.98
883.074	136.51
883.237	54.45
883.4	-16.18
883.562	96.12
883.725	-250.4
883.888	-273.23
884.05	-11780
884.213	-41.44
884.376	16.34
884.538	68.1
884.701	68.1
884.863	68.1
