181.954	52.23
182.172	52.23
182.39	52.23
182.608	4860
182.826	-3.3
183.043	-62.55
183.261	35.15
183.479	180.35
183.697	2911.76
183.914	71.66
184.132	-78.61
184.35	359.19
184.567	127.61
184.785	161.95
185.003	-45.5
185.22	-14.16
185.438	35.12
185.656	-212.56
185.873	-623.08
186.091	116.75
186.309	1210.34
186.526	77.38
186.744	55.61
186.961	26.65
187.179	140.76
187.396	56.79
187.614	96.92
187.831	-5220
188.049	-75.46
188.266	88.72
188.484	31.34
188.701	498.06
188.919	77.73
189.136	159.35
189.354	110.04
189.571	-183.41
189.789	-3.33
190.006	65.43
190.223	-43.78
190.441	31.64
190.658	-1757.14
190.876	31.34
191.093	-201.1
191.31	75.1
191.528	27.4
191.745	47.49
191.962	150.28
192.179	150.49
192.397	57.09
192.614	131.91
192.831	-22.55
193.049	29.95
193.266	-154.37
193.483	53.62
193.7	-272.31
193.917	47.71
194.135	274.1
194.352	-98.46
194.569	45.28
194.786	121.17
195.003	-0.7
195.221	81.68
195.438	3.18
195.655	173.37
195.872	-5.08
196.089	37.3
196.306	19.58
196.523	44.2
196.74	60
196.957	37.63
197.174	56.35
197.391	123.87
197.608	56.42
197.825	-822.58
198.042	14.74
198.259	134.48
198.476	117.63
198.693	-2340
198.91	-14.16
199.127	479.1
199.344	144.53
199.561	71.1
199.778	50.61
199.995	13.43
200.212	631.03
200.429	9.95
200.646	-413.92
200.862	731.46
201.079	100.31
201.296	315.89
201.513	-14.56
201.73	-1.11
201.947	82.63
202.163	-48.7
202.38	91.91
202.597	-8.02
202.814	112.88
203.03	1260
203.247	-1.51
203.464	1.72
203.681	50.65
203.897	284.17
204.114	-424.53
204.331	136.64
204.547	-230.23
204.764	65.27
204.981	300
205.197	-37.02
205.414	-8.02
205.63	-155.17
205.847	245.73
206.064	430.91
206.28	51.5
206.497	-110.92
206.713	45.09
206.93	57.92
207.146	81.16
207.363	816.92
207.579	-385.71
207.796	-369.03
208.012	-25.48
208.229	-470.15
208.445	67.85
208.662	134.62
208.878	95.25
209.095	-1676.47
209.311	-1.72
209.528	-1071.43
209.744	22.01
209.96	-129.14
210.177	-492.23
210.393	54.42
210.609	12780
210.826	380.98
211.042	49.57
211.258	729.85
211.475	-104.28
211.691	-1.8
211.907	360.76
212.124	-26.45
212.34	505.71
212.556	-56.91
212.772	220.88
212.989	-81.46
213.205	56.46
213.421	-327.14
213.637	67.16
213.853	94.55
214.069	931.58
214.286	293
214.502	210.45
214.718	81.82
214.934	126.63
215.15	256.72
215.366	148.84
215.582	54.06
215.798	75.98
216.015	-16.26
216.231	137.84
216.447	25.16
216.663	40.94
216.879	-67.84
217.095	-94.63
217.311	-243.4
217.527	118.26
217.743	-224.27
217.959	-39.62
218.175	49.9
218.391	110.07
218.606	-97.71
218.822	268.7
219.038	43.32
219.254	168.63
219.47	-6.7
219.686	219.1
219.902	104.04
220.118	11.33
220.334	-26.89
220.549	67.48
220.765	87.89
220.981	-38.03
221.197	-15.08
221.413	-741.76
221.628	132.91
221.844	413.21
222.06	393.2
222.276	-58.15
222.491	91.94
222.707	-85.57
222.923	-263.76
223.139	-51.03
223.354	49.88
223.57	-30.71
223.786	72.22
224.001	-47.49
224.217	198.54
224.432	57.23
224.648	92.66
224.864	-81.69
225.079	532.84
225.295	58.81
225.51	157.3
225.726	13.89
225.942	-27.27
226.157	25.11
226.373	-47.23
226.588	19.58
226.804	-457.89
227.019	-97.99
227.235	64.41
227.45	110.18
227.665	3420
227.881	-134.65
228.096	-106.96
228.312	79.65
228.527	90.14
228.743	176.57
228.958	-102.33
229.173	-649.57
229.389	-42.86
229.604	32.42
229.819	159.4
230.035	-56.18
230.25	86.59
230.465	29.36
230.681	-71.34
230.896	39.81
231.111	81.19
231.327	134.6
231.542	-180
231.757	-7.81
231.972	-26.5
232.187	126.38
232.403	-1342.11
232.618	96.61
232.833	23.75
233.048	-441.82
233.263	-41.87
233.478	-75.65
233.694	188.37
233.909	377.42
234.124	131.34
234.339	36.99
234.554	-651.72
234.769	-29.75
234.984	-130.49
235.199	77.06
235.414	66.37
235.629	-398.73
235.844	25.22
236.059	37.12
236.274	-37.16
236.489	89.34
236.704	139.84
236.919	65.6
237.134	58.66
237.349	95.89
237.564	119.8
237.779	-19.79
237.994	126.38
238.209	223.93
238.424	-193.25
238.639	87.25
238.853	-22.44
239.068	-95.17
239.283	24.47
239.498	233.51
239.713	22.68
239.928	-1.48
240.142	1.44
240.357	165.94
240.572	164.79
240.787	162.67
241.001	157.02
241.216	92.94
241.431	210.32
241.646	49.93
241.86	-221.97
242.075	-1039.53
242.29	72.45
242.504	-25.52
242.719	98.76
242.934	214.96
243.148	7.52
243.363	2.05
243.577	16.85
243.792	52.23
244.007	49.01
244.221	580.52
244.436	246.27
244.65	167.48
244.865	265.88
245.079	-103.59
245.294	-166.19
245.508	99.55
245.723	130.99
245.937	89.01
246.152	14.17
246.366	131.22
246.581	27.37
246.795	-38.65
247.01	46.7
247.224	-14.55
247.438	41.45
247.653	45.91
247.867	158.03
248.081	129.98
248.296	1090.24
248.51	18.77
248.724	106.88
248.939	-595.52
249.153	11.02
249.367	-10.18
249.582	-17.17
249.796	-307.79
250.01	-184.77
250.224	28.59
250.439	124.23
250.653	26.44
250.867	-16.98
251.081	-35.55
251.295	-13.53
251.51	-123.83
251.724	49.64
251.938	300
252.152	-199.27
252.366	146
252.58	-114.55
252.794	124.63
253.008	347.68
253.223	60.53
253.437	-4.7
253.651	20.61
253.865	150.86
254.079	1.72
254.293	170.14
254.507	-245.45
254.721	26.05
254.935	-121.98
255.149	163
255.363	100.28
255.577	2.01
255.791	153.56
256.005	226.38
256.218	48.13
256.432	118.93
256.646	22.13
256.86	-109.01
257.074	81.3
257.288	7500
257.502	-306.59
257.716	37.82
257.929	67.98
258.143	-19.7
258.357	168.55
258.571	-18.82
258.785	14.14
258.998	50.87
259.212	0.65
259.426	-135.87
259.64	119.33
259.853	81.82
260.067	69.56
260.281	71.21
260.494	106.27
260.708	300
260.922	-20.33
261.135	50.78
261.349	13.61
261.563	207.47
261.776	-1041.18
261.99	77.23
262.203	72.21
262.417	-140.99
262.63	-29.49
262.844	178.65
263.058	88.47
263.271	53.46
263.485	155.75
263.698	66.62
263.912	-98.3
264.125	-18.32
264.339	101.57
264.552	38.97
264.765	7.83
264.979	89.34
265.192	25.34
265.406	-49.89
265.619	4.92
265.832	109.47
266.046	6.17
266.259	11.19
266.473	-1170.97
266.686	59.18
266.899	100.46
267.113	-660
267.326	130.39
267.539	19.28
267.752	13.12
267.966	61.3
268.179	136.16
268.392	81.44
268.605	-285.83
268.819	110.3
269.032	112.32
269.245	133.85
269.458	47.6
269.671	178.48
269.885	68.51
270.098	49.93
270.311	-125.32
270.524	49.01
270.737	-22.25
270.95	-41.72
271.163	422.83
271.376	648.39
271.589	-110.13
271.802	82.92
272.016	34.2
272.229	79.4
272.442	-69.23
272.655	108.21
272.868	-31.75
273.081	-185.39
273.294	20.61
273.506	37.1
273.719	-37.56
273.932	54.86
274.145	-180
274.358	84.7
274.571	31.76
274.784	28.3
274.997	15.59
275.21	13.83
275.423	-62.52
275.635	-170.35
275.848	89.31
276.061	-168.87
276.274	88.24
276.487	-190.43
276.699	20.1
276.912	42.2
277.125	24.26
277.338	49.91
277.55	32.46
277.763	42.65
277.976	-15.03
278.189	234.07
278.401	92.98
278.614	-36
278.827	49.13
279.039	-88.73
279.252	-40.79
279.464	-83.63
279.677	75.12
279.89	19.15
280.102	-19.6
280.315	-578.05
280.527	994.74
280.74	-1520.69
280.952	80.24
281.165	-7.38
281.377	263.29
281.59	-143.89
281.802	-0.87
282.015	22.41
282.227	83.95
282.44	420.86
282.652	97.75
282.865	-69.67
283.077	77.35
283.29	74.73
283.502	40.5
283.714	-12.8
283.927	102.65
284.139	-24.46
284.351	-19.18
284.564	325.67
284.776	58.64
284.988	-51.94
285.201	317.91
285.413	59.09
285.625	72.97
285.838	78.32
286.05	58.43
286.262	162.73
286.474	140.48
286.686	-39.38
286.899	-71.3
287.111	60
287.323	38.44
287.535	276.24
287.747	77.23
287.959	-7.23
288.172	-70.91
288.384	7.41
288.596	-6.15
288.808	322.64
289.02	933.96
289.232	88.59
289.444	1.54
289.656	-129.97
289.868	-31.75
290.08	226.38
290.292	-307.66
290.504	19.66
290.716	-11.4
290.928	82.62
291.14	634.88
291.352	-62.53
291.564	-1182.35
291.776	162.01
291.988	-171.17
292.2	-18.48
292.412	209.19
292.624	119.02
292.835	1267.16
293.047	-92.34
293.259	-38.56
293.471	153.39
293.683	-168.29
293.895	-32.05
294.106	20.35
294.318	13.34
294.53	68.1
294.742	3279.31
294.953	-27.68
295.165	76.48
295.377	91.4
295.589	79.33
295.8	83.16
296.012	50.91
296.224	67.41
296.435	138.88
296.647	193.73
296.858	23.74
297.07	1315.38
297.282	-74
297.493	31.42
297.705	-420
297.916	1.28
298.128	58.04
298.34	-49.86
298.551	28.9
298.763	100.43
298.974	83.2
299.186	-27.27
299.397	-70.85
299.609	-9.68
299.82	223.76
300.031	35.39
300.243	1689.47
300.454	263.19
300.666	24.51
300.877	271.56
301.089	218.3
301.3	12.37
301.511	98.73
301.723	31.26
301.934	49.25
302.145	-243.81
302.357	160.62
302.568	79.2
302.779	11.53
302.99	-39.01
303.202	15.3
303.413	18.2
303.624	-302.03
303.835	5.66
304.047	8.5
304.258	22.53
304.469	35.03
304.68	76.03
304.891	9.98
305.103	-75.29
305.314	97.2
305.525	4757.14
305.736	-153.54
305.947	63.03
306.158	1147.06
306.369	41.46
306.58	-17.93
306.791	256.72
307.002	22.08
307.213	46.38
307.424	32.86
307.636	61.31
307.846	47.96
308.057	55.34
308.268	-53.72
308.479	21.56
308.69	47.46
308.901	16.64
309.112	-1067.44
309.323	71.18
309.534	165.64
309.745	37.77
309.956	4.25
310.167	-22.69
310.377	71.72
310.588	20.1
310.799	-54.66
311.01	-30.75
311.221	75.2
311.432	12.41
311.642	42.32
311.853	68.87
312.064	-72.41
312.275	99.26
312.485	62.89
312.696	46.6
312.907	143.22
313.117	20.32
313.328	3.74
313.539	45.27
313.749	23.08
313.96	115.38
314.171	71.33
314.381	96.51
314.592	-10.59
314.802	31.56
315.013	44.96
315.224	43.26
315.434	-584.21
315.645	-3540
315.855	5.72
316.066	569.66
316.276	164.31
316.487	-431.71
316.697	51.34
316.908	-27.48
317.118	46.22
317.329	100.46
317.539	70.05
317.749	73.39
317.96	-541.79
318.17	-99.14
318.381	-319.78
318.591	-834.07
318.801	39.51
319.012	-102.83
319.222	-177.67
319.432	-78.16
319.643	-63.85
319.853	122.42
320.063	44.01
320.273	92.85
320.484	-56.04
320.694	226.53
320.904	-37.63
321.114	219.1
321.325	589.66
321.535	78.2
321.745	-80.88
321.955	104.98
322.165	-80.66
322.375	64.12
322.585	366.26
322.796	10.34
323.006	137.75
323.216	86.89
323.426	29.03
323.636	144.98
323.846	1706.9
324.056	67.8
324.266	4.33
324.476	100.41
324.686	8.11
324.896	49.93
325.106	277.36
325.316	92.71
325.526	-3047.37
325.736	10.29
325.946	30.4
326.156	190.91
326.366	-232.17
326.576	-13.42
326.785	-31.66
326.995	0.85
327.205	275.88
327.415	-29.49
327.625	387.59
327.835	-17.93
328.044	209.55
328.254	133.04
328.464	-85.87
328.674	97.78
328.884	-217.99
329.093	-149.2
329.303	7.55
329.513	-109.94
329.722	-900
329.932	44.54
330.142	-23.78
330.351	114.75
330.561	670.91
330.771	-182.66
330.98	-7.36
331.19	-32.31
331.4	-119.79
331.609	42.31
331.819	680.49
332.028	-269.14
332.238	141.36
332.447	158.12
332.657	49.19
332.866	53.75
333.076	9.62
333.285	112.38
333.495	1267.74
333.704	-216.59
333.914	35.77
334.123	32.36
334.333	263.08
334.542	-13.9
334.752	41.54
334.961	-198.11
335.17	-43.72
335.38	38.42
335.589	80.35
335.798	127.52
336.008	154.95
336.217	-103.4
336.426	54.09
336.636	-134.04
336.845	90.42
337.054	222.08
337.263	-34.1
337.473	39.13
337.682	151.47
337.891	64.62
338.1	256.83
338.309	48.04
338.519	245.33
338.728	12.95
338.937	25.98
339.146	300
339.355	322.64
339.564	-1784.21
339.773	-37.69
339.983	181.02
340.192	-180
340.401	136.51
340.61	44.9
340.819	40.59
341.028	44.26
341.237	-2311.76
341.446	-94.77
341.655	20.1
341.864	-69.67
342.073	22.35
342.282	-81.69
342.491	6.03
342.699	-37.86
342.908	112.99
343.117	-64.12
343.326	-146.96
343.535	-70.91
343.744	-73.77
343.953	12
344.162	70.5
344.37	-43.04
344.579	138.81
344.788	-25.32
344.997	-30.35
345.206	57.65
345.414	57.76
345.623	34.32
345.832	-65.34
346.041	336.55
346.249	49.92
346.458	46.27
346.667	90.04
346.875	66.72
347.084	41.16
347.293	71.92
347.501	-194.79
347.71	17.13
347.918	7.75
348.127	-649.45
348.336	276.16
348.544	80.7
348.753	-434.33
348.961	5.9
349.17	-70.66
349.378	28.53
349.587	100.5
349.795	160.19
350.004	576.92
350.212	43.74
350.421	119.47
350.629	78.85
350.838	15.33
351.046	24.69
351.254	-30.4
351.463	-11.45
351.671	-2478.95
351.879	-29.64
352.088	-5.95
352.296	459.29
352.504	147.36
352.713	-108.1
352.921	16.54
353.129	63.45
353.338	-0.87
353.546	-14.35
353.754	-97.55
353.962	7.75
354.171	30.16
354.379	-268.42
354.587	40.16
354.795	-90.88
355.003	-19.49
355.212	-15.41
355.42	798.11
355.628	103.37
355.836	-49.83
356.044	-7.46
356.252	-8.73
356.46	21.93
356.668	1260
356.876	86.11
357.084	-22.44
357.292	29.95
357.5	-47.76
357.708	-41.68
357.916	41.69
358.124	223.03
358.332	210.45
358.54	-550.91
358.748	253.25
358.956	35.64
359.164	2.38
359.372	-0.34
359.58	-252.52
359.788	38.23
359.996	20.72
360.203	1.24
360.411	-18.32
360.619	-248.74
360.827	84.11
361.035	-377.3
361.242	141.64
361.45	-307.59
361.658	174.88
361.866	24.11
362.073	66.78
362.281	12.84
362.489	-22.06
362.697	-19.82
362.904	-48.04
363.112	-9.97
363.32	-16.64
363.527	-242.61
363.735	-93.82
363.943	-35.45
364.15	49.82
364.358	16.23
364.565	30.45
364.773	165.33
364.98	-34.98
365.188	-13.61
365.395	121.34
365.603	43.73
365.81	28.78
366.018	42.16
366.225	42.97
366.433	-48.39
366.64	28.11
366.848	104.19
367.055	-98.75
367.263	11.6
367.47	85.28
367.677	148.1
367.885	12.64
368.092	39.46
368.299	-14.37
368.507	90.68
368.714	363.72
368.921	205.51
369.129	53.29
369.336	90.81
369.543	14.9
369.751	9.19
369.958	-71.3
370.165	28.38
370.372	-32.59
370.579	-6.91
370.787	55.19
370.994	20.66
371.201	-46.59
371.408	54.97
371.615	27.53
371.822	-6.15
372.029	141.36
372.237	142.29
372.444	27.57
372.651	94.51
372.858	159.24
373.065	41.58
373.272	85.17
373.479	631.03
373.686	-137.91
373.893	265.05
374.1	-73.21
374.307	6.47
374.514	-40.08
374.721	-7.77
374.928	393.51
375.135	28.3
375.341	3900
375.548	-9.83
375.755	37.61
375.962	26.95
376.169	-37.24
376.376	-44.94
376.583	2
376.789	50.86
376.996	53.42
377.203	1.8
377.41	41.85
377.617	56.64
377.823	319.25
378.03	-1054.84
378.237	24.02
378.443	176.57
378.65	481.13
378.857	-80.81
379.063	-337.97
379.27	-493.04
379.477	80.93
379.683	2.45
379.89	-2.86
380.097	83.95
380.303	55.45
380.51	-22.44
380.716	-17.79
380.923	177.17
381.129	72.02
381.336	-106.3
381.542	34.71
381.749	24.11
381.955	40.21
382.162	143.69
382.368	-42.12
382.575	64.62
382.781	1044.83
382.988	1.72
383.194	-42.47
383.4	-25.17
383.607	59.03
383.813	74.17
384.02	-7.57
384.226	14.11
384.432	-61.97
384.639	64.88
384.845	239.24
385.051	141.9
385.257	34.17
385.464	98.35
385.67	73.94
385.876	71.92
386.082	-395.59
386.289	-10.27
386.495	36.09
386.701	-102.61
386.907	-105.12
387.113	24.31
387.319	105.23
387.526	-141.69
387.732	-219.69
387.938	453.6
388.144	320.87
388.35	18.1
388.556	94.99
388.762	10.98
388.968	439.53
389.174	31.16
389.38	105.62
389.586	-53.87
389.792	47.18
389.998	-8.42
390.204	-77.84
390.41	89.8
390.616	35.33
390.822	-22.99
391.028	26.99
391.234	62.23
391.439	-142.72
391.645	24.85
391.851	7.53
392.057	-25.81
392.263	-3.89
392.469	113.53
392.674	48.3
392.88	29.89
393.086	-20.48
393.292	-35.65
393.498	44.96
393.703	19.64
393.909	12.97
394.115	21.76
394.32	59.7
394.526	-5.8
394.732	22.85
394.937	58.61
395.143	163.97
395.349	-49.89
395.554	-140.2
395.76	49.97
395.965	-16.9
396.171	-9.53
396.377	22.9
396.582	60.98
396.788	-12.2
396.993	49.21
397.199	-15.56
397.404	42.58
397.61	7.13
397.815	-62.9
398.021	-19.89
398.226	-21.52
398.431	-18.25
398.637	-5.41
398.842	52.04
399.048	23.5
399.253	18.81
399.458	-6.32
399.664	-3.77
399.869	-19.77
400.074	40.78
400.28	13.8
400.485	-25.53
400.69	32.31
400.896	7.76
401.101	19.53
401.306	-21.15
401.511	25.42
401.716	25.4
401.922	-20.51
402.127	-16.37
402.332	6.94
402.537	26.93
402.742	9.54
402.947	40.83
403.153	-15.63
403.358	-9
403.563	26.93
403.768	23.21
403.973	6.1
404.178	2.23
404.383	-4.08
404.588	8.23
404.793	19.84
404.998	2.12
405.203	5.42
405.408	11.95
405.613	4.59
405.818	4.11
406.023	3.07
406.228	2.43
406.433	4.41
406.638	-4.58
406.842	7.84
407.047	1.43
407.252	10.53
407.457	3.43
407.662	8.01
407.867	2.04
408.071	10.59
408.276	-3.12
408.481	12.46
408.686	3.22
408.891	2.31
409.095	5.54
409.3	-4.08
409.505	2.55
409.709	-1.55
409.914	-1.16
410.119	9.84
410.323	-1.25
410.528	-2.17
410.733	8.68
410.937	-3.45
411.142	-2.35
411.346	4.67
411.551	2.81
411.756	3.1
411.96	2.32
412.165	-1.59
412.369	4.2
412.574	3.31
412.778	2.38
412.983	4.35
413.187	5.38
413.392	-2.64
413.596	3.42
413.8	3.61
414.005	4.25
414.209	3.1
414.414	3.24
414.618	3.17
414.822	4.09
415.027	2.74
415.231	1.98
415.435	3.51
415.64	3.32
415.844	-1.65
416.048	2.4
416.252	3.18
416.457	4.1
416.661	3.37
416.865	0.1
417.069	-0.69
417.274	2.22
417.478	2.09
417.682	2.55
417.886	1.13
418.09	3
418.294	1.82
418.498	3.42
418.702	3.15
418.907	3.38
419.111	1.05
419.315	2.41
419.519	3.47
419.723	-0.86
419.927	1.63
420.131	3.49
420.335	3.32
420.539	0.39
420.743	3.91
420.947	0.77
421.151	1.55
421.355	1.82
421.558	2.49
421.762	2.51
421.966	1.23
422.17	1.87
422.374	0.91
422.578	0.95
422.782	2.57
422.985	0.66
423.189	1.95
423.393	1.53
423.597	1.5
423.801	1.77
424.004	1.37
424.208	1.35
424.412	1.69
424.615	1.72
424.819	3.53
425.023	2.87
425.226	2.2
425.43	3.04
425.634	2.58
425.837	1.63
426.041	1.45
426.245	1.88
426.448	2.31
426.652	1.54
426.855	1.79
427.059	1.89
427.262	2.07
427.466	2.14
427.669	1.26
427.873	1.8
428.076	2.04
428.28	1.79
428.483	1.89
428.687	2.08
428.89	1.64
429.094	1.88
429.297	1.62
429.5	1.67
429.704	1.86
429.907	2.04
430.11	1.68
430.314	2.07
430.517	1.79
430.72	2.1
430.924	2.02
431.127	1.93
431.33	1.78
431.533	1.99
431.737	1.46
431.94	1.76
432.143	2.13
432.346	1.68
432.549	1.92
432.752	1.53
432.956	1.45
433.159	1.32
433.362	1.16
433.565	1.72
433.768	1.94
433.971	1.49
434.174	1.45
434.377	1.88
434.58	1.84
434.783	1.26
434.986	1.86
435.189	2.37
435.392	1.34
435.595	2.02
435.798	1.47
436.001	1.96
436.204	1.69
436.407	1.84
436.61	1.72
436.813	1.95
437.016	1.78
437.219	1.46
437.421	1.42
437.624	1.92
437.827	1.37
438.03	1.39
438.233	1.4
438.435	1.89
438.638	1.99
438.841	1.66
439.044	1.43
439.246	1.62
439.449	1.6
439.652	1.66
439.854	1.56
440.057	2.1
440.26	1.79
440.462	2.04
440.665	1.26
440.868	2.35
441.07	1.71
441.273	2.15
441.475	1.42
441.678	1.62
441.88	1.44
442.083	1.57
442.286	1.58
442.488	1.41
442.69	1.68
442.893	1.88
443.095	1.51
443.298	1.66
443.5	1.82
443.703	1.45
443.905	1.89
444.108	1.96
444.31	1.46
444.512	1.76
444.715	1.94
444.917	1.56
445.119	1.95
445.322	1.83
445.524	1.86
445.726	1.4
445.928	1.66
446.131	1.87
446.333	1.41
446.535	1.76
446.737	1.75
446.94	2.01
447.142	1.84
447.344	1.74
447.546	1.57
447.748	1.53
447.95	1.68
448.152	2.06
448.354	1.84
448.557	2.17
448.759	2
448.961	1.71
449.163	1.94
449.365	1.89
449.567	1.61
449.769	2.01
449.971	1.83
450.173	2.15
450.375	1.63
450.577	2.1
450.779	2.07
450.981	1.91
451.182	1.54
451.384	1.57
451.586	2.34
451.788	1.7
451.99	1.87
452.192	1.46
452.394	1.94
452.595	2.63
452.797	1.88
452.999	2.02
453.201	1.88
453.402	1.65
453.604	2.43
453.806	2.12
454.008	1.78
454.209	2.08
454.411	2.04
454.613	1.82
454.814	1.97
455.016	2.21
455.218	2.31
455.419	2.46
455.621	2.37
455.822	2.04
456.024	1.7
456.225	2.51
456.427	2.66
456.629	1.78
456.83	2.5
457.032	1.87
457.233	1.84
457.435	2.06
457.636	2.63
457.837	2.31
458.039	1.85
458.24	2.55
458.442	2.46
458.643	1.61
458.844	2.69
459.046	2.04
459.247	2.44
459.448	2.14
459.65	2.73
459.851	2.29
460.052	2.46
460.254	2.21
460.455	2.6
460.656	3.16
460.857	1.98
461.059	2.64
461.26	2.57
461.461	2.11
461.662	2.31
461.863	2.86
462.065	2.4
462.266	2.44
462.467	1.93
462.668	2.6
462.869	2.78
463.07	2.78
463.271	2.26
463.472	2.14
463.673	2.05
463.874	2.9
464.075	2.79
464.276	3.37
464.477	2.67
464.678	3.6
464.879	2.46
465.08	3.26
465.281	2.4
465.482	2.77
465.683	2.5
465.884	2.58
466.085	3.35
466.285	3.1
466.486	3.75
466.687	2.45
466.888	4.01
467.089	2.81
467.29	3.05
467.49	2.26
467.691	3.19
467.892	3.44
468.093	1.99
468.293	3.92
468.494	3.3
468.695	3.21
468.895	2.86
469.096	2.68
469.297	3.23
469.497	2.66
469.698	4.28
469.898	2.65
470.099	3.68
470.3	3.88
470.5	2.62
470.701	4.49
470.901	3.92
471.102	3.01
471.302	3.59
471.503	4.15
471.703	5.32
471.904	2.9
472.104	2.52
472.305	2.43
472.505	3.65
472.705	3.54
472.906	3.49
473.106	3.65
473.306	3.82
473.507	4.16
473.707	3.01
473.907	2.42
474.108	3.29
474.308	1.8
474.508	4.64
474.709	4.07
474.909	2.38
475.109	2.56
475.309	3.52
475.51	2.46
475.71	3.97
475.91	2.39
476.11	1.38
476.31	2.58
476.51	3.62
476.71	3.55
476.911	4.72
477.111	3.19
477.311	3.36
477.511	3.66
477.711	3.47
477.911	2.81
478.111	5.6
478.311	3.17
478.511	3.57
478.711	4.08
478.911	2.72
479.111	3.71
479.311	2.27
479.511	4.29
479.711	2.68
479.91	1.74
480.11	4.3
480.31	3.36
480.51	4.98
480.71	3.43
480.91	3.4
481.109	5.89
481.309	3.55
481.509	2.67
481.709	5.23
481.909	3.58
482.108	2.97
482.308	3.38
482.508	4.55
482.707	4.75
482.907	2.87
483.107	3.6
483.306	4.19
483.506	3.28
483.706	2.95
483.905	3.11
484.105	4.52
484.304	2.69
484.504	1.51
484.704	3.37
484.903	2.86
485.103	4.05
485.302	2.06
485.502	4.68
485.701	3.46
485.901	2.42
486.1	3.39
486.299	3.15
486.499	2.91
486.698	4.89
486.898	4.22
487.097	2.07
487.296	2.28
487.496	3.72
487.695	3.34
487.894	3.86
488.094	2.53
488.293	3.91
488.492	4.13
488.692	2.25
488.891	3.69
489.09	2.72
489.289	3.4
489.489	2.85
489.688	2.93
489.887	3.81
490.086	3.54
490.285	3.46
490.484	3.96
490.683	4.22
490.883	5.21
491.082	4.16
491.281	2.49
491.48	2.74
491.679	3.49
491.878	4.33
492.077	4.59
492.276	4.36
492.475	3.11
492.674	2.26
492.873	2.77
493.072	2.8
493.271	2.86
493.47	2.96
493.669	2.53
493.867	2.92
494.066	3.9
494.265	3.86
494.464	3.97
494.663	2.93
494.862	3.81
495.06	3.16
495.259	1.82
495.458	3.61
495.657	2.58
495.856	4.46
496.054	4.1
496.253	2.99
496.452	3.42
496.65	2.2
496.849	3.16
497.048	2.59
497.246	2.48
497.445	2.84
497.644	3.79
497.842	4.03
498.041	3.73
498.239	3.14
498.438	3.12
498.636	2.98
498.835	3.31
499.034	2.83
499.232	2.9
499.431	2.67
499.629	1.81
499.827	3.53
500.026	2.45
500.224	2.85
500.423	2.93
500.621	2.56
500.82	3.54
501.018	3.23
501.216	3.09
501.415	2.94
501.613	2.77
501.811	3.28
502.01	3.15
502.208	3.2
502.406	2.81
502.604	3.64
502.803	3.64
503.001	3.77
503.199	3.2
503.397	2.88
503.595	2.87
503.794	3.49
503.992	3
504.19	2.46
504.388	3.19
504.586	2.45
504.784	2.81
504.982	3.34
505.18	3.09
505.378	3.37
505.576	3.05
505.774	3.42
505.972	3.13
506.17	3.85
506.368	3.12
506.566	2.64
506.764	2.78
506.962	3.14
507.16	3.11
507.358	2.97
507.556	2.61
507.754	3.85
507.952	2.8
508.15	3.31
508.347	3.23
508.545	2.95
508.743	2.91
508.941	3.27
509.139	3.99
509.336	3.4
509.534	3.43
509.732	3.35
509.93	2.83
510.127	3.19
510.325	3.32
510.523	2.96
510.72	3.48
510.918	3.55
511.116	3.37
511.313	2.54
511.511	3.12
511.708	2.83
511.906	3.95
512.104	3.04
512.301	3.46
512.499	3.46
512.696	3.04
512.894	2.65
513.091	3.11
513.289	3.06
513.486	3.3
513.683	3.16
513.881	3.43
514.078	3.57
514.276	4.12
514.473	3.14
514.67	3.17
514.868	3.52
515.065	3.23
515.262	3.62
515.46	3.19
515.657	3.2
515.854	3.6
516.052	3.09
516.249	3.63
516.446	3.34
516.643	3.58
516.84	3.74
517.038	3.29
517.235	3.35
517.432	3.69
517.629	3.59
517.826	3.47
518.023	3.64
518.221	3.27
518.418	4.06
518.615	3.47
518.812	3.72
519.009	3.47
519.206	3.67
519.403	3.42
519.6	3.56
519.797	2.93
519.994	3.71
520.191	3.99
520.388	4.1
520.585	3.71
520.782	3.71
520.978	3.52
521.175	3.78
521.372	4.05
521.569	3.38
521.766	3.62
521.963	3.16
522.159	4.06
522.356	3.72
522.553	3.84
522.75	4.22
522.947	3.78
523.143	3.99
523.34	3.88
523.537	4.11
523.733	3.96
523.93	3.95
524.127	3.74
524.323	3.91
524.52	3.9
524.717	3.8
524.913	3.85
525.11	3.53
525.306	3.76
525.503	4.13
525.7	3.91
525.896	3.63
526.093	4.2
526.289	4.12
526.486	3.8
526.682	3.78
526.878	3.93
527.075	4.01
527.271	3.73
527.468	4.23
527.664	4.22
527.861	4.09
528.057	3.85
528.253	4.16
528.45	4.07
528.646	4.04
528.842	3.94
529.039	3.81
529.235	4.47
529.431	4.11
529.627	3.96
529.824	3.78
530.02	4.07
530.216	4.38
530.412	4.54
530.608	3.94
530.804	4.08
531.001	4.19
531.197	4.63
531.393	4.21
531.589	4.31
531.785	4.38
531.981	4.59
532.177	4.59
532.373	4.31
532.569	4.19
532.765	4.08
532.961	3.57
533.157	4.18
533.353	4.25
533.549	4.06
533.745	4.66
533.941	4.31
534.137	4.36
534.333	4.46
534.529	4.53
534.725	4.54
534.92	4.14
535.116	3.98
535.312	4.24
535.508	4.35
535.704	4.58
535.899	3.98
536.095	4.37
536.291	4.26
536.487	4.25
536.682	4.41
536.878	4.52
537.074	3.81
537.269	4.08
537.465	4.6
537.661	4.3
537.856	4.39
538.052	4.27
538.248	5.07
538.443	4.8
538.639	4.33
538.834	4.25
539.03	4.54
539.225	4.65
539.421	4.57
539.616	4.49
539.812	4.39
540.007	4.41
540.203	4.2
540.398	4.28
540.593	4.63
540.789	4.5
540.984	4.67
541.18	4.99
541.375	4.16
541.57	4.47
541.766	4.57
541.961	4.49
542.156	4.68
542.352	4.8
542.547	4.52
542.742	4.57
542.937	4.64
543.133	5.17
543.328	4.67
543.523	4.48
543.718	4.36
543.913	5.01
544.108	4.57
544.304	4.74
544.499	5
544.694	4.64
544.889	4.7
545.084	4.87
545.279	4.74
545.474	4.78
545.669	4.93
545.864	4.41
546.059	4.9
546.254	4.58
546.449	4.96
546.644	4.79
546.839	4.83
547.034	4.75
547.229	5.14
547.424	4.92
547.618	4.99
547.813	4.67
548.008	4.85
548.203	4.59
548.398	4.8
548.593	5.28
548.787	5.03
548.982	4.72
549.177	4.99
549.372	4.31
549.566	5
549.761	4.45
549.956	4.59
550.15	4.55
550.345	5.02
550.54	5.25
550.734	4.94
550.929	4.93
551.124	4.9
551.318	4.87
551.513	4.61
551.707	5.25
551.902	5.16
552.096	5.31
552.291	5.23
552.485	5.04
552.68	5.1
552.874	5.21
553.069	5.68
553.263	5.15
553.458	5.15
553.652	5.58
553.847	4.9
554.041	5.28
554.235	4.84
554.43	5.22
554.624	5.32
554.818	4.64
555.013	5.3
555.207	5.36
555.401	5.31
555.595	5.36
555.79	4.83
555.984	5.3
556.178	5.54
556.372	5.27
556.566	5.14
556.761	5.47
556.955	5.48
557.149	5.33
557.343	5.55
557.537	5.5
557.731	5.22
557.925	5.41
558.119	5.21
558.313	5.23
558.507	5.2
558.701	5.5
558.895	5.82
559.089	5.64
559.283	5.41
559.477	5.59
559.671	5.59
559.865	5.56
560.059	5.59
560.253	5.39
560.447	5.51
560.641	5.27
560.835	5.65
561.028	5.68
561.222	5.68
561.416	5.62
561.61	5.35
561.804	5.46
561.997	5.78
562.191	5.6
562.385	6.07
562.579	5.51
562.772	5.84
562.966	5.9
563.16	5.68
563.353	5.75
563.547	5.65
563.741	5.57
563.934	5.76
564.128	5.79
564.321	5.92
564.515	6.15
564.708	5.84
564.902	5.52
565.095	5.64
565.289	5.9
565.482	6.27
565.676	5.67
565.869	5.94
566.063	5.83
566.256	6.04
566.45	5.85
566.643	5.53
566.836	5.78
567.03	5.76
567.223	6.13
567.416	6.3
567.61	6.26
567.803	5.98
567.996	5.73
568.19	5.73
568.383	5.87
568.576	5.95
568.769	5.94
568.963	5.98
569.156	5.99
569.349	6.38
569.542	6.4
569.735	6.31
569.928	6.1
570.121	6.24
570.315	6.2
570.508	6.15
570.701	6.46
570.894	6.19
571.087	6.22
571.28	6.33
571.473	6.14
571.666	6.33
571.859	6.37
572.052	6.22
572.245	6.34
572.438	6.39
572.631	6.17
572.824	6.38
573.016	6.23
573.209	6.56
573.402	6.41
573.595	6.71
573.788	6.3
573.981	6.48
574.173	6.52
574.366	6.45
574.559	6.18
574.752	6.15
574.944	6.11
575.137	6.18
575.33	6.35
575.523	6.68
575.715	6.39
575.908	6.38
576.101	6.59
576.293	6.37
576.486	6.14
576.678	6.51
576.871	6.44
577.063	6.68
577.256	6.53
577.449	6.5
577.641	6.47
577.834	6.46
578.026	6.57
578.219	6.63
578.411	6.45
578.603	6.73
578.796	6.51
578.988	6.39
579.181	6.48
579.373	6.7
579.565	6.66
579.758	6.58
579.95	6.7
580.142	6.03
580.335	6.74
580.527	6.52
580.719	6.8
580.912	6.89
581.104	6.8
581.296	6.93
581.488	6.92
581.68	7.32
581.873	6.8
582.065	6.86
582.257	6.87
582.449	6.94
582.641	6.75
582.833	6.68
583.025	6.82
583.217	6.85
583.41	7.08
583.602	6.66
583.794	6.75
583.986	6.97
584.178	6.93
584.37	7.45
584.562	6.62
584.753	7.18
584.945	6.9
585.137	6.48
585.329	6.81
585.521	7.67
585.713	6.78
585.905	7.21
586.097	6.9
586.289	7.22
586.48	7.45
586.672	6.7
586.864	7.12
587.056	7.16
587.247	6.95
587.439	6.68
587.631	6.84
587.823	7.04
588.014	7.23
588.206	7.19
588.398	7.23
588.589	7.04
588.781	7.07
588.972	7.3
589.164	7.46
589.356	7.33
589.547	7.18
589.739	7.01
589.93	7.44
590.122	7.35
590.313	7.1
590.505	6.98
590.696	7.21
590.888	7.19
591.079	7.61
591.271	7.52
591.462	7.29
591.653	7.07
591.845	7.37
592.036	7.61
592.227	7.31
592.419	7.55
592.61	7.19
592.801	7.6
592.993	7.36
593.184	7.62
593.375	7.13
593.566	7.53
593.758	7.53
593.949	7.72
594.14	7.35
594.331	7.48
594.522	7.37
594.713	7.58
594.905	7.72
595.096	8.13
595.287	8.21
595.478	7.41
595.669	7.99
595.86	7.4
596.051	8.14
596.242	7.54
596.433	7.68
596.624	7.49
596.815	8.04
597.006	8.01
597.197	7.96
597.388	8.21
597.579	8.16
597.77	7.68
597.96	8.11
598.151	8.24
598.342	7.84
598.533	8.6
598.724	7.97
598.915	7.96
599.105	8.07
599.296	8.14
599.487	7.75
599.678	8.39
599.868	8.45
600.059	8.05
600.25	8.29
600.44	8.08
600.631	8.24
600.822	8.4
601.012	8.74
601.203	8.47
601.394	8.19
601.584	8.26
601.775	8.33
601.965	8.51
602.156	8.11
602.346	8.44
602.537	8.19
602.727	8.5
602.918	8.28
603.108	8.24
603.299	8.41
603.489	8.96
603.679	8.28
603.87	8.4
604.06	8.98
604.251	8.4
604.441	8.3
604.631	8.52
604.822	8.54
605.012	8.5
605.202	8.62
605.392	8.16
605.583	8.93
605.773	9.04
605.963	8.77
606.153	8.6
606.344	8.73
606.534	8.38
606.724	8.81
606.914	8.44
607.104	8.99
607.294	8.7
607.484	8.27
607.674	9.06
607.864	8.78
608.054	8.81
608.245	9.06
608.435	9.22
608.625	9.13
608.814	8.75
609.004	9.02
609.194	8.72
609.384	9.33
609.574	8.66
609.764	9.38
609.954	9.39
610.144	8.7
610.334	8.88
610.524	9.28
610.713	9.29
610.903	9.61
611.093	9.5
611.283	8.91
611.473	9.01
611.662	9.28
611.852	8.78
612.042	8.57
612.231	9.18
612.421	9.19
612.611	8.79
612.8	9.34
612.99	8.61
613.18	9.15
613.369	9.93
613.559	9.35
613.748	8.66
613.938	9.36
614.128	9.08
614.317	9.14
614.507	9.32
614.696	9
614.886	9.34
615.075	8.99
615.264	9.44
615.454	9.45
615.643	8.72
615.833	9.64
616.022	8.98
616.211	9.1
616.401	9.52
616.59	10.19
616.779	9.78
616.969	9.53
617.158	9.31
617.347	9.48
617.537	9.37
617.726	9.84
617.915	9.39
618.104	8.92
618.293	8.93
618.483	8.63
618.672	10.14
618.861	9.52
619.05	9.77
619.239	9.17
619.428	9.67
619.617	10.13
619.806	9.74
619.995	9.43
620.184	9.06
620.373	9.57
620.562	9.7
620.751	9.08
620.94	9.45
621.129	8.76
621.318	9.34
621.507	9.7
621.696	9.71
621.885	8.98
622.074	9.93
622.263	9.67
622.452	10.21
622.64	9.49
622.829	9.26
623.018	9.87
623.207	9.67
623.396	9.93
623.584	9.2
623.773	10.12
623.962	9.64
624.15	9.49
624.339	10.41
624.528	10.24
624.716	9.98
624.905	9.97
625.094	9.69
625.282	9.97
625.471	10.23
625.659	9.83
625.848	9.04
626.037	10.31
626.225	10.5
626.414	9.64
626.602	9.63
626.791	10.38
626.979	10.44
627.167	10.28
627.356	10.31
627.544	10.53
627.733	10.13
627.921	10.09
628.109	10.15
628.298	10.76
628.486	9.88
628.674	10.31
628.863	10.4
629.051	10.41
629.239	10.12
629.428	10.05
629.616	10.47
629.804	10.88
629.992	10.88
630.18	10.16
630.369	10.49
630.557	10.6
630.745	9.92
630.933	10.53
631.121	11.07
631.309	10.4
631.497	11.13
631.685	10.3
631.873	10.32
632.061	10.23
632.249	10.91
632.437	11.06
632.625	10.2
632.813	10.4
633.001	10.4
633.189	9.93
633.377	10.73
633.565	10.19
633.753	9.96
633.941	9.73
634.129	10.79
634.316	10.91
634.504	11.16
634.692	11.19
634.88	10.81
635.068	10.31
635.255	10.77
635.443	11.35
635.631	11.37
635.818	11.53
636.006	10.65
636.194	10.97
636.382	9.97
636.569	10.71
636.757	11.29
636.944	11.43
637.132	11.22
637.32	11.57
637.507	10.34
637.695	11.05
637.882	10.59
638.07	12.08
638.257	10.8
638.445	10.49
638.632	10.52
638.82	10.95
639.007	10.89
639.194	10.89
639.382	10.73
639.569	11.61
639.757	10.45
639.944	9.32
640.131	11.24
640.319	11.17
640.506	11
640.693	12.32
640.88	10.74
641.068	10.83
641.255	10.96
641.442	10.84
641.629	10.25
641.817	11.26
642.004	10.74
642.191	10.71
642.378	11.5
642.565	12.14
642.752	10.91
642.939	10.74
643.126	10.69
643.313	10.79
643.501	11.31
643.688	11.5
643.875	10.95
644.062	11.51
644.249	11.64
644.435	11.07
644.622	10.12
644.809	11.22
644.996	10.24
645.183	10.74
645.37	12.09
645.557	10.58
645.744	11.09
645.931	10.78
646.117	11.2
646.304	10.89
646.491	10.12
646.678	11.39
646.865	11.05
647.051	11.21
647.238	11.21
647.425	10.64
647.611	10.99
647.798	10.73
647.985	10.52
648.171	11.38
648.358	10.68
648.545	11.69
648.731	10.42
648.918	10.93
649.104	10.38
649.291	11.4
649.477	10.41
649.664	11.36
649.85	10.67
650.037	10.67
650.223	10.27
650.41	10.67
650.596	10.92
650.783	10.82
650.969	10.42
651.155	10.93
651.342	10.03
651.528	10.91
651.714	10.78
651.901	11.81
652.087	11.31
652.273	9.45
652.46	10.86
652.646	11.27
652.832	10.6
653.018	10.35
653.204	12.09
653.391	11.91
653.577	11.08
653.763	11.32
653.949	10.78
654.135	11.16
654.321	11.28
654.507	10.69
654.693	10.62
654.879	11.2
655.065	11.45
655.252	9.32
655.438	11.74
655.624	11.32
655.809	9.88
655.995	10.61
656.181	11.01
656.367	10.12
656.553	12.22
656.739	11.57
656.925	12.93
657.111	12.02
657.297	11.33
657.482	10.97
657.668	11.25
657.854	9.98
658.04	10.01
658.226	9.64
658.411	9.95
658.597	10.34
658.783	11.82
658.968	10.67
659.154	12.09
659.34	11.58
659.525	9.24
659.711	10.69
659.897	9.19
660.082	10.17
660.268	10.95
660.453	9.65
660.639	10.01
660.824	10.37
661.01	11.27
661.195	10.64
661.381	11.14
661.566	10.88
661.752	9.84
661.937	10.78
662.123	8.74
662.308	10.85
662.494	11.32
662.679	10.37
662.864	12.6
663.05	9.15
663.235	10.51
663.42	9.05
663.605	11.86
663.791	9.84
663.976	9.93
664.161	10.96
664.346	10.78
664.532	10.5
664.717	8.75
664.902	10.8
665.087	12.66
665.272	10.49
665.457	9.51
665.642	10.62
665.828	10.97
666.013	9.04
666.198	7.05
666.383	10.34
666.568	9.62
666.753	11.95
666.938	9.29
667.123	10.08
667.308	10.16
667.493	10.31
667.677	7.52
667.862	9.58
668.047	9.15
668.232	10.48
668.417	10.67
668.602	8.39
668.787	11.61
668.971	8.64
669.156	11.61
669.341	7.08
669.526	9.9
669.711	9.76
669.895	8.57
670.08	7.07
670.265	9.8
670.449	8.93
670.634	8.06
670.819	8.39
671.003	10.17
671.188	9.81
671.372	10.03
671.557	10.88
671.742	11.13
671.926	9.49
672.111	8.38
672.295	8.78
672.48	8.65
672.664	8.1
672.849	6.51
673.033	9.92
673.217	7.58
673.402	9.39
673.586	7.72
673.771	9.59
673.955	10.89
674.139	8.27
674.324	7.35
674.508	8.63
674.692	8.94
674.876	10.09
675.061	9.82
675.245	13
675.429	9.4
675.613	11.45
675.798	9.88
675.982	9.56
676.166	8.65
676.35	9.71
676.534	10.39
676.718	9.18
676.902	12.28
677.087	8.73
677.271	9.11
677.455	11.56
677.639	7.67
677.823	10.65
678.007	12.46
678.191	10.06
678.375	10.99
678.559	8.42
678.742	9.07
678.926	10.62
679.11	15.04
679.294	10.37
679.478	9.39
679.662	9.25
679.846	10.46
680.029	13.85
680.213	9.94
680.397	9.84
680.581	11.54
680.765	13.54
680.948	11.04
681.132	9.25
681.316	9.51
681.499	11.09
681.683	13.01
681.867	12.13
682.05	15.76
682.234	10.04
682.417	14.78
682.601	14.48
682.785	11.47
682.968	12.3
683.152	14.44
683.335	10.74
683.519	13.71
683.702	9.57
683.886	13.95
684.069	13.79
684.253	13.47
684.436	15.46
684.619	14.47
684.803	12.05
684.986	13.91
685.169	15.66
685.353	12.72
685.536	13.47
685.719	16.57
685.903	15.1
686.086	12.15
686.269	16.25
686.452	8.73
686.636	17.52
686.819	15.45
687.002	15.84
687.185	18.54
687.368	14.7
687.551	13.34
687.734	19.25
687.918	14.69
688.101	13.77
688.284	15.89
688.467	14.74
688.65	13.26
688.833	17.7
689.016	9.03
689.199	10.77
689.382	20.42
689.565	18.59
689.748	14.25
689.93	16.82
690.113	17.36
690.296	17.14
690.479	14.56
690.662	17.52
690.845	15.8
691.028	16.63
691.21	14.83
691.393	17.73
691.576	15.45
691.759	16.15
691.941	19.79
692.124	17.9
692.307	19.32
692.489	16.57
692.672	18.47
692.855	15.6
693.037	19.14
693.22	22.73
693.403	15.64
693.585	23.24
693.768	22.54
693.95	18.63
694.133	15.96
694.315	14.8
694.498	20.73
694.68	16.33
694.863	19.32
695.045	22.48
695.228	16
695.41	19.39
695.592	24.71
695.775	20.46
695.957	18.38
696.139	19.51
696.322	17.7
696.504	23.37
696.686	17.86
696.869	16.57
697.051	20.3
697.233	23.53
697.415	24.91
697.597	15.09
697.78	17.64
697.962	20.95
698.144	25.88
698.326	22.05
698.508	24.07
698.69	16.3
698.872	19.6
699.055	19.83
699.237	20.75
699.419	23.17
699.601	12.61
699.783	20.71
699.965	19.01
700.147	15.83
700.329	21.95
700.51	23.02
700.692	24.76
700.874	22.45
701.056	25.46
701.238	18.46
701.42	24.96
701.602	20.7
701.783	14.21
701.965	22.03
702.147	23.15
702.329	17.79
702.511	22.24
702.692	25.74
702.874	17.32
703.056	20.13
703.237	23.34
703.419	19.43
703.601	22.95
703.782	20.98
703.964	22.98
704.146	17.9
704.327	16.88
704.509	25.77
704.69	21.21
704.872	24.49
705.053	17.53
705.235	24.59
705.416	16.62
705.598	16.49
705.779	26.02
705.961	20
706.142	17.3
706.323	20.8
706.505	19.16
706.686	19.71
706.867	21.04
707.049	18.93
707.23	21.56
707.411	14.88
707.593	19.69
707.774	27.58
707.955	13.09
708.136	23.07
708.318	21.48
708.499	19.67
708.68	20.67
708.861	24.04
709.042	27.31
709.223	30.65
709.404	24.31
709.585	15.61
709.767	16.87
709.948	22.21
710.129	23.21
710.31	23.25
710.491	16.36
710.672	19.19
710.853	10.97
711.034	26.15
711.214	22.08
711.395	13.57
711.576	21.23
711.757	21.28
711.938	19.61
712.119	14.36
712.3	32.51
712.481	14
712.661	18.65
712.842	12.78
713.023	23.81
713.204	16.32
713.384	24.41
713.565	25.59
713.746	15.14
713.926	16.66
714.107	22.19
714.288	14.56
714.468	28.14
714.649	26.63
714.83	20.68
715.01	27.12
715.191	20.52
715.371	21.5
715.552	24.97
715.732	28.18
715.913	34.61
716.093	19.88
716.274	31.6
716.454	25.7
716.635	20.68
716.815	19.92
716.995	14.34
717.176	22.84
717.356	19.34
717.536	24.11
717.717	29.02
717.897	24.65
718.077	23.92
718.258	21.69
718.438	27.47
718.618	19.96
718.798	18.87
718.978	13
719.159	17.18
719.339	31.32
719.519	32.5
719.699	29.09
719.879	13.56
720.059	21.78
720.239	28.81
720.419	37.77
720.599	18.66
720.779	33.79
720.959	24.84
721.139	19.57
721.319	22.11
721.499	30.97
721.679	4.99
721.859	20.92
722.039	10.89
722.219	19.86
722.399	8.39
722.579	21.15
722.759	14.79
722.938	23.17
723.118	20.67
723.298	13.53
723.478	10.03
723.658	26.75
723.837	18.71
724.017	15.19
724.197	17.16
724.376	29.31
724.556	10.51
724.736	31.56
724.915	17.92
725.095	28.93
725.275	18.61
725.454	31.03
725.634	33.75
725.813	10.61
725.993	20.83
726.172	26.41
726.352	26.46
726.531	22.71
726.711	20.01
726.89	23.3
727.07	35.57
727.249	36.13
727.428	10.76
727.608	20.61
727.787	30.02
727.966	8.8
728.146	21.77
728.325	32.01
728.504	13.38
728.684	11.52
728.863	28.87
729.042	7.45
729.221	9.29
729.4	19.45
729.58	25.88
729.759	22.66
729.938	29.89
730.117	37.67
730.296	13.14
730.475	10.19
730.654	11.2
730.833	29.67
731.013	4.99
731.192	39.42
731.371	31.33
731.55	34.23
731.729	26.59
731.907	32.19
732.086	28.23
732.265	28.85
732.444	16.31
732.623	29.24
732.802	35.17
732.981	28.7
733.16	34.89
733.339	32.72
733.517	36.01
733.696	37.73
733.875	29.11
734.054	20.97
734.232	39.47
734.411	23.96
734.59	31.69
734.768	21.89
734.947	29.41
735.126	-12.86
735.304	35.73
735.483	19.24
735.662	30.35
735.84	54
736.019	25.15
736.197	18.4
736.376	37.65
736.554	35.12
736.733	59.79
736.911	35
737.09	6.11
737.268	6.75
737.447	55.7
737.625	31.69
737.803	18.97
737.982	30.61
738.16	7
738.338	31.55
738.517	12.66
738.695	38.65
738.873	27.44
739.052	25.78
739.23	-10.51
739.408	29.5
739.586	21.46
739.764	8.74
739.943	36.06
740.121	32.17
740.299	29.73
740.477	22.02
740.655	41.37
740.833	44.99
741.011	51.87
741.189	16.48
741.367	18.47
741.545	-2.86
741.723	-13.75
741.901	-8.3
742.079	26.02
742.257	30.12
742.435	38.49
742.613	50.33
742.791	18.83
742.969	19.5
743.147	-3.91
743.325	33.49
743.503	13.26
743.68	18.19
743.858	7.26
744.036	-1.6
744.214	22.65
744.391	-3.31
744.569	25.54
744.747	7.66
744.925	33.74
745.102	47.41
745.28	40.08
745.458	65.17
745.635	29.08
745.813	52.15
745.99	33.05
746.168	11.87
746.345	57.85
746.523	27.79
746.7	31.57
746.878	31.39
747.055	8.54
747.233	51.56
747.41	47.1
747.588	31.44
747.765	34.69
747.943	4.34
748.12	19.53
748.297	24.45
748.475	33.27
748.652	60.32
748.829	41.62
749.007	14.75
749.184	30.26
749.361	35.08
749.538	57.02
749.716	21.98
749.893	33.6
750.07	51.43
750.247	28.68
750.424	72.05
750.601	64.12
750.778	29.45
750.956	-8.86
751.133	-0.92
751.31	27.61
751.487	17.29
751.664	11.45
751.841	35.63
752.018	37.72
752.195	46.24
752.372	16.98
752.549	15.07
752.726	37.23
752.902	48.47
753.079	31.76
753.256	2.16
753.433	-5.67
753.61	36.87
753.787	-22.86
753.964	7.38
754.14	23.55
754.317	80.68
754.494	18.46
754.671	22.47
754.847	25.91
755.024	52.92
755.201	29.65
755.377	84.57
755.554	29.47
755.73	-4.71
755.907	23.08
756.084	35.93
756.26	19.09
756.437	38.21
756.613	19.85
756.79	46.79
756.966	16.49
757.143	24.51
757.319	20.02
757.496	37.53
757.672	48.17
757.849	36.06
758.025	30.27
758.201	46.57
758.378	45.48
758.554	27.39
758.73	32.1
758.907	43.79
759.083	25.61
759.259	-0.27
759.435	47.66
759.612	29.4
759.788	49.51
759.964	39.54
760.14	55.29
760.316	-38.76
760.493	31.87
760.669	67.78
760.845	16.65
761.021	-44.42
761.197	19.48
761.373	42.94
761.549	32.4
761.725	-5.38
761.901	26.62
762.077	48.31
762.253	-0.18
762.429	55.95
762.605	29.67
762.781	-2.57
762.957	46.67
763.133	28.78
763.308	21.4
763.484	33.22
763.66	16.09
763.836	21.91
764.012	17.23
764.187	40.71
764.363	-5.55
764.539	8.79
764.715	31.74
764.89	-13.93
765.066	-58.69
765.242	28.99
765.417	3.39
765.593	70.79
765.769	69.07
765.944	11.43
766.12	56.59
766.295	13.34
766.471	4.15
766.646	21.16
766.822	20.93
766.997	28.99
767.173	60
767.348	-44.72
767.524	-5.08
767.699	64.82
767.875	13.99
768.05	-50.52
768.225	72.5
768.401	26.55
768.576	104.12
768.751	46.89
768.927	54.95
769.102	113.05
769.277	44.84
769.452	83.48
769.628	21.41
769.803	122.59
769.978	16.63
770.153	-43.58
770.328	44.79
770.503	45.49
770.679	28.26
770.854	-16.06
771.029	35.93
771.204	117.22
771.379	4.9
771.554	-21
771.729	31.16
771.904	5.9
772.079	53.4
772.254	35.78
772.429	-4.73
772.604	49.39
772.779	56.84
772.953	4.01
773.128	20.47
773.303	44.36
773.478	70.57
773.653	1.71
773.828	31.71
774.002	48.23
774.177	73.05
774.352	-33.91
774.527	50.73
774.701	29.98
774.876	54.19
775.051	-206.95
775.225	239.77
775.4	-14.69
775.575	36.54
775.749	-45.42
775.924	-56.09
776.098	10.9
776.273	26.26
776.447	38.2
776.622	83.97
776.796	27.73
776.971	56.3
777.145	-23.83
777.32	38.64
777.494	80.09
777.669	25.93
777.843	-145.6
778.017	13.09
778.192	25.75
778.366	-44.43
778.54	44.72
778.715	80.25
778.889	127.3
779.063	20.91
779.237	33.2
779.412	27.06
779.586	103.47
779.76	12.18
779.934	-1.7
780.108	38.93
780.282	138.81
780.457	26.28
780.631	-18.37
780.805	-2.94
780.979	-76.12
781.153	-13.04
781.327	-16.26
781.501	22.14
781.675	9.62
781.849	5.47
782.023	91.2
782.197	10.34
782.371	-289.71
782.545	93.87
782.718	-68.9
782.892	147.58
783.066	52.99
783.24	125.1
783.414	-0.28
783.588	36.34
783.761	72.54
783.935	111.39
784.109	120.5
784.283	-13.04
784.456	345.5
784.63	144.85
784.804	74.37
784.977	11.92
785.151	-16.26
785.324	62.89
785.498	8.05
785.672	43
785.845	110.76
786.019	-126.54
786.192	-105.3
786.366	9.19
786.539	11.19
786.713	-0.82
786.886	51.68
787.06	-55.29
787.233	-6.15
787.406	31.7
787.58	71.9
787.753	143.86
787.926	134.94
788.1	189.57
788.273	-605.66
788.446	-23.25
788.62	-9.68
788.793	-15.03
788.966	25.36
789.139	97.18
789.313	165.94
789.486	-5871.43
789.659	-241.71
789.832	67.99
790.005	39.2
790.178	607.96
790.351	60.88
790.524	55.93
790.697	67.85
790.87	-77.66
791.044	976.36
791.216	59.68
791.389	-431.55
791.562	87.99
791.735	117.72
791.908	409.09
792.081	-59.2
792.254	-56.04
792.427	41.26
792.6	62.1
792.773	32.07
792.945	-398.51
793.118	17.12
793.291	326.37
793.464	-6.38
793.637	-112.27
793.809	29.94
793.982	83.21
794.155	54.48
794.327	42.65
794.5	-216.92
794.673	-98.38
794.845	243.97
795.018	74.62
795.19	-684.27
795.363	39.55
795.536	137.69
795.708	-2022.58
795.881	-1380
796.053	-3.16
796.226	190.29
796.398	108.74
796.57	74.51
796.743	83.09
796.915	48.13
797.088	95.95
797.26	-191.34
797.432	-186.08
797.605	68.98
797.777	-323.38
797.949	17.37
798.122	-28.91
798.294	256.95
798.466	73.71
798.638	36.68
798.81	137.75
798.983	208.86
799.155	84.92
799.327	-44.1
799.499	95.61
799.671	-85.87
799.843	83.95
800.015	89.88
800.187	98.04
800.359	65.85
800.531	29.6
800.703	56.9
800.875	83.49
801.047	-12.94
801.219	82.94
801.391	97.4
801.563	291.37
801.735	-28.34
801.907	329.45
802.079	99.37
802.251	-451.65
802.422	205.51
802.594	315.58
802.766	30.45
802.938	68.61
803.11	417.55
803.281	-152.98
803.453	87.66
803.625	87.49
803.796	22.52
803.968	-2.42
804.14	9.47
804.311	30.95
804.483	55.93
804.654	81.65
804.826	123.2
804.998	280.75
805.169	22.01
805.341	98.4
805.512	-27.95
805.684	58.52
805.855	86.42
806.026	484.62
806.198	-31.29
806.369	15.14
806.541	34.83
806.712	-22
806.883	221.53
807.055	89.16
807.226	-143.93
807.397	-372.53
807.569	363.72
807.74	66.15
807.911	64.9
808.082	160.09
808.253	-92.08
808.425	112.69
808.596	97.75
808.767	41.01
808.938	40.33
809.109	121.78
809.28	-280.09
809.451	99.64
809.622	62.57
809.793	-1829.03
809.964	91.3
810.135	84.41
810.306	-81.5
810.477	106.71
810.648	-5.05
810.819	95.79
810.99	-6660
811.161	175.09
811.332	189.73
811.503	25.71
811.674	-216.92
811.844	355.38
812.015	163.85
812.186	167.48
812.357	-70.82
812.527	50.69
812.698	17.65
812.869	775.47
813.04	-63.55
813.21	-1851.72
813.381	24.51
813.551	-24.51
813.722	82.54
813.893	7
814.063	-18.61
814.234	-332.73
814.404	154.86
814.575	19.32
814.745	-18.58
814.916	146.58
815.086	39.79
815.257	52.47
815.427	-119.63
815.598	66.16
815.768	49.11
815.938	47.01
816.109	125.1
816.279	-34.99
816.449	6.34
816.62	47.37
816.79	76.81
816.96	-130.19
817.13	17.72
817.301	-65.48
817.471	4.46
817.641	86.5
817.811	282.48
817.981	2700
818.152	83.89
818.322	335.64
818.492	-56.85
818.662	130.39
818.832	8.4
819.002	53.13
819.172	116.37
819.342	237.57
819.512	7.49
819.682	9.03
819.852	46.95
820.022	116.41
820.192	-225.84
820.362	-5.99
820.531	-40.07
820.701	58.6
820.871	-123.05
821.041	-42.08
821.211	-6.33
821.381	-8.23
821.55	100.85
821.72	-481.4
821.89	4.62
822.059	72.37
822.229	27.02
822.399	14.8
822.568	10.34
822.738	-343.9
822.908	388.34
823.077	47.6
823.247	-2.06
823.416	-194.12
823.586	-33.69
823.756	80.28
823.925	-79.75
824.095	-146.51
824.264	-125.11
824.433	183.19
824.603	-2.87
824.772	15.53
824.942	-839.24
825.111	-49.75
825.28	-35.4
825.45	195.65
825.619	46.58
825.788	-428.09
825.958	33.84
826.127	-83.7
826.296	-98.7
826.465	45.88
826.635	-98.79
826.804	48.23
826.973	282.29
827.142	24.26
827.311	-22.15
827.48	-10.74
827.649	-19.75
827.818	177.17
827.988	175.2
828.157	40.44
828.326	-34.22
828.495	181.02
828.664	201.95
828.833	117.67
829.002	-288.82
829.17	-167.11
829.339	293.97
829.508	-98.38
829.677	448.31
829.846	55.53
830.015	19.44
830.184	54.95
830.352	264.82
830.521	-79.86
830.69	973.17
830.859	-1041.18
831.027	-1594.74
831.196	-65.8
831.365	26.8
831.533	88.31
831.702	81.38
831.871	123.61
832.039	65.6
832.208	-65.22
832.377	-181.89
832.545	19.28
832.714	-6.06
832.882	17.65
833.051	175.05
833.219	300
833.388	-56.88
833.556	2.62
833.724	20.14
833.893	-63.13
834.061	236.84
834.23	72.2
834.398	137.84
834.566	128.57
834.735	5271.43
834.903	28.3
835.071	-1140
835.239	-58.03
835.408	74.83
835.576	20.93
835.744	110.03
835.912	110.53
836.08	81.45
836.249	-447.17
836.417	280.75
836.585	118.73
836.753	172.48
836.921	79.46
837.089	-5357.14
837.257	-1234.88
837.425	-123.83
837.593	120.45
837.761	72.37
837.929	-157.33
838.097	78.32
838.265	40.25
838.433	-6.89
838.601	70.82
838.769	87.34
838.936	987.64
839.104	159.4
839.272	70.99
839.44	12.6
839.608	417.07
839.775	70.55
839.943	130.52
840.111	73.46
840.279	74.86
840.446	210.45
840.614	144.16
840.781	-221.74
840.949	51.38
841.117	-90.95
841.284	-50.21
841.452	113.66
841.619	6.08
841.787	-1.11
841.954	-286.05
842.122	-143.93
842.289	61.23
842.457	48.44
842.624	185.19
842.792	-137.96
842.959	-152.57
843.126	22.82
843.294	-28.27
843.461	9.97
843.629	-170.4
843.796	66.74
843.963	-106.23
844.13	16.06
844.298	133.2
844.465	-60.35
844.632	218.01
844.799	125.13
844.966	192.77
845.134	65.75
845.301	-47.74
845.468	5.96
845.635	151.59
845.802	-149.36
845.969	75.96
846.136	-3.01
846.303	-1910.53
846.47	26.76
846.637	318.46
846.804	-521.05
846.971	154.43
847.138	8.11
847.305	-146.02
847.472	-53.8
847.639	41.45
847.805	185.41
847.972	346.75
848.139	27.04
848.306	1057.89
848.473	550.75
848.639	19.66
848.806	252
848.973	75.14
849.14	91.8
849.306	143.95
849.473	-73.51
849.64	-346.15
849.806	24.4
849.973	79.46
850.139	-105.3
850.306	89.58
850.472	162.73
850.639	162.3
850.806	-394.74
850.972	237.39
851.139	6300
851.305	28.19
851.471	-71.53
851.638	57.06
851.804	-94.03
851.971	-5.99
852.137	23.61
852.303	29.36
852.47	94.61
852.636	156.46
852.802	309.45
852.968	264.26
853.135	92.89
853.301	1.73
853.467	103.28
853.633	89.62
853.8	142.46
853.966	-217.77
854.132	-1071.43
854.298	45.99
854.464	-239.33
854.63	41.85
854.796	149.49
854.962	196.4
855.128	-1.49
855.294	-53.81
855.46	-245.45
855.626	29.03
855.792	31.27
855.958	66.99
856.124	93.87
856.29	236.42
856.456	58.32
856.622	24.26
856.787	580.52
856.953	40.65
857.119	252.48
857.285	180.57
857.45	-68.9
857.616	40.87
857.782	-59.08
857.948	190.91
858.113	-19.45
858.279	-35.03
858.445	385.04
858.61	1276.74
858.776	91.09
858.941	-210.89
859.107	59.16
859.273	0.71
859.438	140.59
859.604	805.26
859.769	621.26
859.935	-92.08
860.1	94.18
860.265	27.45
860.431	-209.35
860.596	9728.57
860.762	44.61
860.927	34.84
861.092	31.42
861.258	-22.95
861.423	184.17
861.588	76.67
861.753	-8785.71
861.919	-130.19
862.084	347.24
862.249	487.12
862.414	132.08
862.579	123.35
862.745	82.27
862.91	96.31
863.075	-12.7
863.24	71.32
863.405	-7.54
863.57	104.56
863.735	-24.62
863.9	87.61
864.065	134.86
864.23	97.36
864.395	133.45
864.56	140.48
864.725	163.29
864.89	583.15
865.055	192.94
865.22	-48.12
865.384	-64.04
865.549	55.34
865.714	-40.05
865.879	-77.7
866.044	75.74
866.208	70.72
866.373	-425.27
866.538	92.04
866.702	87.54
866.867	97.54
867.032	45.88
867.196	96.87
867.361	348
867.526	-91.42
867.69	-74.79
867.855	458.24
868.019	649.09
868.184	-20.84
868.348	152.56
868.513	-667.74
868.677	33.85
868.842	32.86
869.006	126.63
869.17	-243.4
869.335	504.88
869.499	-422.33
869.663	-105.3
869.828	-132.39
869.992	132.56
870.156	62.52
870.321	-136.36
870.485	-3.33
870.649	81.53
870.813	52.03
870.978	136.6
871.142	-420
871.306	-291.47
871.47	124.82
871.634	271.65
871.798	-50.31
871.962	62.19
872.126	2014.29
872.29	-37.05
872.454	3385.71
872.618	-153.59
872.782	-416.42
872.946	340.27
873.11	336.18
873.274	147.4
873.438	-617.65
873.602	-26.12
873.766	455.84
873.93	-28.77
874.094	583.15
874.257	70.82
874.421	237.57
874.585	-289.09
874.749	75.98
874.912	222.3
875.076	70.72
875.24	75.74
875.403	177.13
875.567	80.57
875.731	219.1
875.894	94.29
876.058	104.78
876.222	-239.33
876.385	-79.9
876.549	78.7
876.712	910.91
876.876	-151.82
877.039	137.84
877.203	2.11
877.366	-162.26
877.529	62.54
877.693	61.92
877.856	99.45
878.02	63.45
878.183	-72.41
878.346	393.51
878.51	246.9
878.673	170.5
878.836	8.52
878.999	-87.1
879.163	142.62
879.326	79.03
879.489	61.31
879.652	49.37
879.815	75.33
879.978	-3.67
880.142	-159.06
880.305	381.99
880.468	129.4
880.631	77.19
880.794	89.15
880.957	-607.32
881.12	-1252.94
881.283	181.61
881.446	30.16
881.609	325.9
881.772	92.83
881.935	2276.47
882.097	152.69
882.26	141.51
882.423	143.22
882.586	-63.1
882.749	-42.86
882.912	-171.17
883.074	101.56
883.237	65.73
883.4	0.8
883.562	36.09
883.725	-324
883.888	214.96
884.05	-6420
884.213	14.14
884.376	60.72
884.538	63.29
884.701	63.29
884.863	63.29
