181.954	240.89
182.172	240.89
182.39	240.89
182.608	-2060
182.826	126.37
183.043	-32.77
183.261	90.19
183.479	40.18
183.697	2923.53
183.914	51.42
184.132	125.67
184.35	159.19
184.567	69.58
184.785	4.42
185.003	-17.22
185.22	136.05
185.438	63.15
185.656	184.42
185.873	44.62
186.091	50.34
186.309	431.03
186.526	-3.17
186.744	-53.78
186.961	-3.87
187.179	-59.24
187.396	33.46
187.614	-712.31
187.831	-4460
188.049	-135.58
188.266	15.82
188.484	28.36
188.701	-144.66
188.919	98.82
189.136	150.87
189.354	67.57
189.571	-224.17
189.789	33.48
190.006	41.84
190.223	-10.27
190.441	42.06
190.658	-928.57
190.876	41.38
191.093	-321.98
191.31	-30.91
191.528	21.31
191.745	61.52
191.962	31.74
192.179	-132.13
192.397	-113.77
192.614	-100.78
192.831	42.6
193.049	3.01
193.266	624.27
193.483	-61.3
193.7	26.15
193.917	75.87
194.135	410.79
194.352	-76.06
194.569	62.61
194.786	180.35
195.003	94.38
195.221	11.74
195.438	-61.13
195.655	142.21
195.872	-78.98
196.089	171.45
196.306	44.42
196.523	47.34
196.74	222.45
196.957	4.72
197.174	-34.01
197.391	156.36
197.608	90.06
197.825	216.13
198.042	96.2
198.259	-727.59
198.476	-13.07
198.693	-6140
198.91	12.45
199.127	959.7
199.344	27.13
199.561	426.01
199.778	32.96
199.995	-920.9
200.212	472.41
200.429	128.44
200.646	-310.13
200.862	180.9
201.079	38.41
201.296	195.36
201.513	717.48
201.73	-90.41
201.947	-13.15
202.163	59.12
202.38	259.54
202.597	234.76
202.814	-111.53
203.03	-2780
203.247	136.18
203.464	95.41
203.681	-725.97
203.897	128.5
204.114	983.02
204.331	104.03
204.547	-123.26
204.764	16.64
204.981	-2723.53
205.197	217.45
205.414	189.84
205.63	886.21
205.847	184.42
206.064	-52.73
206.28	-99.46
206.497	52.36
206.713	157.72
206.93	68.76
207.146	27.86
207.363	524.62
207.579	60.44
207.796	-462.83
208.012	44.11
208.229	-759.7
208.445	-14.44
208.662	77.82
208.878	169.98
209.095	29.41
209.311	-19.86
209.528	4728.57
209.744	100
209.96	378.15
210.177	216.5
210.393	63.16
210.609	-1100
210.826	151.53
211.042	266.96
211.258	529.85
211.475	3.74
211.691	-19.28
211.907	464.56
212.124	-19.32
212.34	422.29
212.556	-88.29
212.772	-348.35
212.989	-50.99
213.205	-68.27
213.421	-334.17
213.637	1156.72
213.853	43.97
214.069	605.26
214.286	-4.96
214.502	297.01
214.718	39.81
214.934	157.79
215.15	-14.1
215.366	75.32
215.582	95.76
215.798	52.77
216.015	111.21
216.231	229.73
216.447	104.51
216.663	46.4
216.879	-44.72
217.095	309.4
217.311	394.34
217.527	86.64
217.743	-16.5
217.959	-103.77
218.175	26.58
218.391	117.27
218.606	-146.86
218.822	79.13
219.038	67.91
219.254	117.68
219.47	-96.53
219.686	167.42
219.902	40.28
220.118	16.08
220.334	16.18
220.549	73.27
220.765	-129.54
220.981	-18.31
221.197	3.46
221.413	-335.16
221.628	191.14
221.844	-737.74
222.06	18.45
222.276	36.19
222.491	129.42
222.707	100
222.923	-391.28
223.139	-10.65
223.354	19.6
223.57	-88.98
223.786	14.74
224.001	-127.03
224.217	79.01
224.432	-149.71
224.648	237.37
224.864	-44.58
225.079	583.58
225.295	88.09
225.51	80.54
225.726	77.36
225.942	145.14
226.157	55.84
226.373	135.74
226.588	-54.11
226.804	-1289.47
227.019	69.85
227.235	73.82
227.45	58.73
227.665	13060
227.881	383.46
228.096	-35.65
228.312	-4.22
228.527	-24.01
228.743	127.43
228.958	113.99
229.173	-432.17
229.389	60.66
229.604	87.65
229.819	96.73
230.035	-90.81
230.25	-78.43
230.465	8.09
230.681	107.82
230.896	8.04
231.111	79.16
231.327	166.86
231.542	2020
231.757	19.7
231.972	133.92
232.187	64.26
232.403	-215.79
232.618	217.97
232.833	36.67
233.048	470.91
233.263	-26.2
233.478	152.17
233.694	72.09
233.909	719.35
234.124	123.26
234.339	-12.72
234.554	348.28
234.769	69.41
234.984	148.43
235.199	117.45
235.414	-569.03
235.629	-507.59
235.844	100
236.059	22.36
236.274	132.63
236.489	-5.33
236.704	176.39
236.919	110.5
237.134	82.57
237.349	-93.55
237.564	116.97
237.779	62.01
237.994	79.57
238.209	193.19
238.424	11.66
238.639	86.94
238.853	50.53
239.068	176.13
239.283	71
239.498	204.49
239.713	138.88
239.928	70.44
240.142	-26.32
240.357	96.73
240.572	35.77
240.787	34.6
241.001	197.02
241.216	29.77
241.431	82.92
241.646	64.02
241.86	-131.39
242.075	44.19
242.29	31.31
242.504	6.78
242.719	345.96
242.934	100
243.148	-3.87
243.363	80.87
243.577	-169.66
243.792	17.41
244.007	112.82
244.221	131.17
244.436	-652.24
244.65	-39.88
244.865	-42.18
245.079	132.29
245.294	-72.66
245.508	100
245.723	120.28
245.937	403.3
246.152	-102.05
246.366	52.66
246.581	20.57
246.795	158.9
247.01	119
247.224	52.82
247.438	-3.98
247.653	116.17
247.867	-45.35
248.081	31.01
248.296	-660.98
248.51	63.1
248.724	-61.76
248.939	314.93
249.153	153.88
249.367	26.33
249.582	188.28
249.796	629.87
250.01	-3.31
250.224	67.04
250.439	52.68
250.653	96.35
250.867	34.13
251.081	-76.3
251.295	-30.64
251.51	-22.55
251.724	-340.29
251.938	50.93
252.152	-399.27
252.366	70.94
252.58	209.09
252.794	82.14
253.008	338.41
253.223	121.29
253.437	115.05
253.651	38.53
253.865	86.23
254.079	12.81
254.293	49.5
254.507	340
254.721	55.33
254.935	47.25
255.149	115.22
255.363	76.1
255.577	75.84
255.791	136.61
256.005	19.02
256.218	-4.35
256.432	20.2
256.646	65.01
256.86	69.58
257.074	67.67
257.288	580
257.502	495.6
257.716	-0.84
257.929	197.89
258.143	97.75
258.357	150.88
258.571	153.14
258.785	16.63
258.998	29.64
259.212	149.46
259.426	40.81
259.64	136.13
259.853	-46.71
260.067	97.19
260.281	151.59
260.494	27.71
260.708	254.46
260.922	-25.67
261.135	81.22
261.349	-37.14
261.563	137.59
261.776	-1241.18
261.99	194.57
262.203	111.55
262.417	-56.89
262.63	-123.73
262.844	86.52
263.058	-13.9
263.271	28.72
263.485	225.83
263.698	80.43
263.912	2.98
264.125	-49.05
264.339	421.26
264.552	-81.27
264.765	-46.09
264.979	84.95
265.192	41.14
265.406	-19.22
265.619	-104.59
265.832	110.99
266.046	-41.31
266.259	75.59
266.473	-1370.97
266.686	89.71
266.899	94.53
267.113	2500
267.326	49.12
267.539	88.14
267.752	69.86
267.966	67.52
268.179	170.85
268.392	47.46
268.605	-183.46
268.819	137.37
269.032	151.18
269.245	820
269.458	24.72
269.671	-507.59
269.885	20.18
270.098	-59.13
270.311	8.86
270.524	67.02
270.737	-44.25
270.95	131.79
271.163	43.31
271.376	1648.39
271.589	-234.18
271.802	68.74
272.016	64.82
272.229	27.73
272.442	27.13
272.655	11.88
272.868	-34.77
273.081	153.93
273.294	60.88
273.506	133.92
273.719	50.6
273.932	58.48
274.145	-10220
274.358	115.83
274.571	89.92
274.784	983.02
274.997	19.65
275.21	-10.62
275.423	-67.5
275.635	341.21
275.848	67.02
276.061	155.63
276.274	1.79
276.487	79.13
276.699	-16.13
276.912	-53.45
277.125	156.17
277.338	1.23
277.55	45.81
277.763	4.58
277.976	32.67
278.189	73.63
278.401	-42.9
278.614	340
278.827	40.88
279.039	42.54
279.252	-8.76
279.464	-4.35
279.677	28.27
279.89	23.4
280.102	-249.75
280.315	626.83
280.527	478.95
280.74	-727.59
280.952	47.95
281.165	54.85
281.377	86.23
281.59	69.91
281.802	-78.43
282.015	30.6
282.227	137.57
282.44	376.26
282.652	-317.98
282.865	-36.49
283.077	166.51
283.29	90.08
283.502	51.25
283.714	3.32
283.927	26.79
284.139	-49.36
284.351	44.76
284.564	80.75
284.776	-15.58
284.988	-65.37
285.201	726.87
285.413	57.31
285.625	-68.65
285.838	37.71
286.05	58.22
286.262	206.27
286.474	52.87
286.686	106.5
286.899	132.29
287.111	21.34
287.323	-14.87
287.535	-161.39
287.747	39.05
287.959	33.87
288.172	34.55
288.384	53.6
288.596	-96.81
288.808	-216.98
289.02	32.08
289.232	100
289.444	-46.14
289.656	-5.54
289.868	-19.22
290.08	217.79
290.292	-170.64
290.504	49.58
290.716	33.94
290.928	114.14
291.14	1746.51
291.352	116.86
291.564	100
291.776	40.86
291.988	48.47
292.2	-116.11
292.412	22.16
292.624	64.59
292.835	189.55
293.047	41.68
293.259	-73.04
293.471	-57.47
293.683	597.56
293.895	121.02
294.106	-58.32
294.318	32.78
294.53	55.3
294.742	1465.52
294.953	91.14
295.165	56.69
295.377	180.75
295.589	5.43
295.8	-23.2
296.012	48.6
296.224	-44.08
296.435	208.22
296.647	69
296.858	169.06
297.07	727.69
297.282	67.88
297.493	67.97
297.705	-167.43
297.916	33.43
298.128	171.93
298.34	1.91
298.551	53.77
298.763	162.2
298.974	41.05
299.186	34.13
299.397	44.02
299.609	487.1
299.82	131.06
300.031	16.65
300.243	-594.74
300.454	-10.43
300.666	65.25
300.877	117.06
301.089	186.81
301.3	65.19
301.511	45.11
301.723	-88.91
301.934	189.55
302.145	-26.89
302.357	69.41
302.568	128.8
302.779	32.61
302.99	-109.87
303.202	-14.41
303.413	81.21
303.624	55.25
303.835	-81.13
304.047	51.42
304.258	9.87
304.469	42.22
304.68	74.07
304.891	-56.98
305.103	25.87
305.314	116.77
305.525	-2300
305.736	137.8
305.947	109.64
306.158	2288.24
306.369	133.95
306.58	88.37
306.791	135.41
307.002	-12.03
307.213	-8.02
307.424	83.04
307.636	119.62
307.846	77.43
308.057	134.95
308.268	-14.1
308.479	72.9
308.69	53.78
308.901	48.79
309.112	797.67
309.323	-25.06
309.534	220.46
309.745	39.22
309.956	-15.58
310.167	1.18
310.377	19.79
310.588	70.22
310.799	153.44
311.01	-85.88
311.221	109.5
311.432	31.28
311.642	19.16
311.853	-32.98
312.064	-768.97
312.275	314.13
312.485	47.95
312.696	-10.51
312.907	172.36
313.117	35.25
313.328	37.16
313.539	-120.97
313.749	207.2
313.96	86.81
314.171	89.31
314.381	65.77
314.592	-10.92
314.802	34.49
315.013	11.72
315.224	39.72
315.434	-1163.16
315.645	1060
315.855	83.65
316.066	248.31
316.276	244.17
316.487	-221.95
316.697	59.49
316.908	41.68
317.118	34.74
317.329	-53.08
317.539	53.12
317.749	218.45
317.96	-150.75
318.17	-39.96
318.381	693.41
318.591	-638.46
318.801	30.54
319.012	66.08
319.222	6.8
319.432	-22.08
319.643	187.46
319.853	62.33
320.063	68.53
320.273	-2.64
320.484	86.81
320.694	251.84
320.904	83.73
321.114	234.83
321.325	-1058.62
321.535	20.38
321.745	51.82
321.955	66.97
322.165	-110.27
322.375	85.82
322.585	-194.48
322.796	-479.31
323.006	154.08
323.216	79.7
323.426	88.09
323.636	140.19
323.846	-479.31
324.056	66
324.266	70.12
324.476	28.54
324.686	-55.68
324.896	106.5
325.106	688.68
325.316	31.54
325.526	-847.37
325.736	67.98
325.946	14.36
326.156	349.35
326.366	-244.35
326.576	-0.89
326.785	15.58
326.995	133.99
327.205	118.09
327.415	205.76
327.625	231.39
327.835	57.35
328.044	124.12
328.254	193.91
328.464	-188.34
328.674	171.84
328.884	186.33
329.093	273.26
329.303	40.54
329.513	122.36
329.722	-1857.89
329.932	112.88
330.142	49.41
330.351	110.29
330.561	209.09
330.771	-90.41
330.98	14.99
331.19	-121.54
331.4	-18.73
331.609	31.21
331.819	860.98
332.028	-50.86
332.238	79.66
332.447	92.79
332.657	75.97
332.866	201.63
333.076	60.29
333.285	17.92
333.495	2461.29
333.704	-260.54
333.914	35.55
334.123	49.54
334.333	-84.62
334.542	24.8
334.752	247.69
334.961	733.96
335.17	-26.63
335.38	14.99
335.589	51.6
335.798	166.53
336.008	429.67
336.217	-17.45
336.426	62.17
336.636	-83.83
336.845	140.56
337.054	-445.45
337.263	36.74
337.473	-60.12
337.682	57
337.891	39.05
338.1	246.76
338.309	112.81
338.519	31.66
338.728	-9.49
338.937	52.76
339.146	39.57
339.355	-375.47
339.564	-910.53
339.773	-105.03
339.983	-22.38
340.192	-348.7
340.401	126.16
340.61	21.12
340.819	66.41
341.028	-37.7
341.237	-1100
341.446	70.84
341.655	37.47
341.864	-161.61
342.073	-19.81
342.282	-119.76
342.491	1.28
342.699	263.11
342.908	661.04
343.117	74.67
343.326	104.86
343.535	12.73
343.744	-68.62
343.953	-85.14
344.162	60.04
344.37	53.51
344.579	-885.07
344.788	84.65
344.997	32.24
345.206	25.73
345.414	57.38
345.623	24.72
345.832	-23.65
346.041	130.46
346.249	-29.08
346.458	71.81
346.667	113.66
346.875	124.26
347.084	16.13
347.293	55.94
347.501	-2.37
347.71	-6.44
347.918	95.57
348.127	-348.35
348.336	-424.5
348.544	109.86
348.753	10.45
348.961	7.69
349.17	-103.86
349.378	62.98
349.587	19.6
349.795	426.21
350.004	100
350.212	-8.84
350.421	259.29
350.629	20.24
350.838	41.81
351.046	37.16
351.254	56.41
351.463	65.19
351.671	-2552.63
351.879	-1.2
352.088	-33.74
352.296	-409.73
352.504	156.36
352.713	12.55
352.921	-155.12
353.129	107.39
353.338	75.51
353.546	64.46
353.754	-179.75
353.962	192.99
354.171	60.51
354.379	-3563.16
354.587	24.56
354.795	68.73
355.003	41.05
355.212	41.99
355.42	326.42
355.628	47.95
355.836	128.47
356.044	26.58
356.252	59.49
356.46	17.88
356.668	912.31
356.876	30.8
357.084	116.49
357.292	29.64
357.5	-78.18
357.708	73.24
357.916	24.8
358.124	58.02
358.332	-562.69
358.54	187.27
358.748	177.92
358.956	1.51
359.164	74.18
359.372	88.98
359.58	-202.16
359.788	55.91
359.996	14.07
360.203	29.02
360.411	-74.32
360.619	-165.33
360.827	112.59
361.035	33.74
361.242	177.42
361.45	418.99
361.658	60.19
361.866	12.52
362.073	214.49
362.281	31.54
362.489	13.29
362.697	53.53
362.904	41.99
363.112	152.17
363.32	51.42
363.527	-35.65
363.735	-210.42
363.943	31.39
364.15	36.4
364.358	-3.41
364.565	53.35
364.773	75.95
364.98	-158.66
365.188	136.29
365.395	88.09
365.603	238.31
365.81	-21.72
366.018	22.46
366.225	84.23
366.433	-28.04
366.64	46.29
366.848	35.17
367.055	81.19
367.263	63.7
367.47	124.46
367.677	510.13
367.885	20.18
368.092	52.46
368.299	32.39
368.507	115.98
368.714	461.06
368.921	5.51
369.129	94.97
369.336	33.44
369.543	11.88
369.751	7.32
369.958	-136.77
370.165	87.07
370.372	25.5
370.579	118.41
370.787	18.9
370.994	80.33
371.201	41.14
371.408	-25.87
371.615	47.74
371.822	34.4
372.029	38.98
372.237	-64.57
372.444	9.19
372.651	-37.64
372.858	-23.17
373.065	44.97
373.272	17.14
373.479	-65.52
373.686	185.31
373.893	-564.08
374.1	-95.22
374.307	74.1
374.514	56.28
374.721	6.78
374.928	411.69
375.135	17.67
375.341	-3020
375.548	54.39
375.755	-88.92
375.962	-10.66
376.169	-60.19
376.376	-113.77
376.583	-128.82
376.789	83.87
376.996	90.61
377.203	71.14
377.41	-6.89
377.617	-4.06
377.823	35.83
378.03	-403.23
378.237	97.54
378.443	-9.71
378.65	-352.83
378.857	55.72
379.063	-21.52
379.27	131.3
379.477	70.57
379.683	90.19
379.89	-4.35
380.097	36.59
380.303	46.03
380.51	-13.59
380.716	4.47
380.923	251.18
381.129	55.82
381.336	487.4
381.542	61.62
381.749	37.2
381.955	101.77
382.162	148.1
382.368	131.1
382.575	-30.3
382.781	58.62
382.988	35.76
383.194	25.25
383.4	-56.81
383.607	92.73
383.813	-72.69
384.02	-29.57
384.226	58.62
384.432	-7.5
384.639	52.98
384.845	145.57
385.051	63.71
385.257	59.45
385.464	88.14
385.67	89.16
385.876	19.65
386.082	2.37
386.289	19.24
386.495	32.93
386.701	-103.26
386.907	7.93
387.113	62.6
387.319	85.14
387.526	14.01
387.732	-155.12
387.938	119.2
388.144	-25.22
388.35	82.62
388.556	170.69
388.762	87.25
388.968	211.63
389.174	62.45
389.38	198.49
389.586	-112.32
389.792	-26.41
389.998	4.1
390.204	-1.46
390.41	95.38
390.616	28.22
390.822	-34.58
391.028	46.64
391.234	26.33
391.439	-51.46
391.645	52.8
391.851	27.44
392.057	58.7
392.263	100
392.469	89.03
392.674	38.18
392.88	16.96
393.086	36.77
393.292	97.81
393.498	8.45
393.703	39.35
393.909	34.87
394.115	84.64
394.32	-2.13
394.526	30.45
394.732	81.92
394.937	43.41
395.143	17.41
395.349	-42.55
395.554	-135.18
395.76	46.1
395.965	-18.65
396.171	54.26
396.377	41.29
396.582	22.78
396.788	27.24
396.993	53.34
397.199	21.38
397.404	60.34
397.61	-27.66
397.815	-26.56
398.021	-64.01
398.226	33.42
398.431	-0.5
398.637	40.19
398.842	26.19
399.048	16.26
399.253	64.28
399.458	53.29
399.664	21.84
399.869	-13.11
400.074	1.53
400.28	10.52
400.485	-11.71
400.69	18.78
400.896	-9.09
401.101	24.33
401.306	1.93
401.511	2.48
401.716	22.01
401.922	13.03
402.127	9.03
402.332	1.13
402.537	11.91
402.742	21.87
402.947	66.58
403.153	7.17
403.358	-7.53
403.563	31.86
403.768	15.37
403.973	16.92
404.178	11.56
404.383	9.08
404.588	17.18
404.793	0.25
404.998	-4.21
405.203	-1.35
405.408	11.88
405.613	39.25
405.818	-2.39
406.023	2.39
406.228	-16.09
406.433	6.61
406.638	-9.99
406.842	15
407.047	16.33
407.252	9.69
407.457	9.63
407.662	6.7
407.867	6.2
408.071	7.36
408.276	6.26
408.481	3.14
408.686	17.07
408.891	10.52
409.095	5.32
409.3	9.93
409.505	8.91
409.709	5.97
409.914	13.56
410.119	12.14
410.323	2.51
410.528	1.46
410.733	11.66
410.937	8.04
411.142	0.49
411.346	7.18
411.551	2.42
411.756	5.64
411.96	8.8
412.165	-1.01
412.369	2.51
412.574	3.7
412.778	6.8
412.983	8.51
413.187	5.64
413.392	4.84
413.596	-0.44
413.8	5.75
414.005	9.98
414.209	2.18
414.414	6.11
414.618	3.15
414.822	3.23
415.027	9.2
415.231	6.83
415.435	4.39
415.64	8
415.844	3.5
416.048	8.56
416.252	4.74
416.457	6.06
416.661	5.08
416.865	4.92
417.069	5.31
417.274	3.85
417.478	5.2
417.682	5.2
417.886	3.81
418.09	6.18
418.294	5.18
418.498	4.3
418.702	6.1
418.907	3.77
419.111	2.92
419.315	4.89
419.519	6.35
419.723	5.85
419.927	4.75
420.131	6.78
420.335	3.65
420.539	1.39
420.743	6.52
420.947	1.17
421.151	5.05
421.355	4.32
421.558	4.38
421.762	4.22
421.966	4.09
422.17	4.4
422.374	4.91
422.578	2.81
422.782	4.83
422.985	2.88
423.189	4.65
423.393	2.81
423.597	4.11
423.801	5.02
424.004	3.87
424.208	3.2
424.412	3.98
424.615	3.2
424.819	3.63
425.023	3.51
425.226	4.51
425.43	5.5
425.634	3.34
425.837	3.73
426.041	4.24
426.245	3.7
426.448	3.8
426.652	4.3
426.855	2.62
427.059	2.84
427.262	4.01
427.466	3.25
427.669	3.64
427.873	3.65
428.076	4.5
428.28	3.44
428.483	3.52
428.687	4.6
428.89	3.97
429.094	2.71
429.297	3.04
429.5	4.24
429.704	4.02
429.907	4.13
430.11	3.94
430.314	3.71
430.517	3.5
430.72	4.38
430.924	3.79
431.127	3.6
431.33	3.65
431.533	4.12
431.737	3.73
431.94	3.56
432.143	4.25
432.346	4.04
432.549	3.16
432.752	3.47
432.956	3.6
433.159	3.12
433.362	2.95
433.565	3.63
433.768	3.75
433.971	3.43
434.174	3.55
434.377	3.57
434.58	3.85
434.783	3.21
434.986	3.78
435.189	4.1
435.392	3.29
435.595	3.59
435.798	3.51
436.001	3.95
436.204	3.51
436.407	3.06
436.61	3.58
436.813	3.72
437.016	3.85
437.219	3.57
437.421	3.51
437.624	3.72
437.827	3.43
438.03	3.81
438.233	3.56
438.435	3.69
438.638	3.72
438.841	3.49
439.044	3.72
439.246	3.43
439.449	3.59
439.652	3.75
439.854	3.81
440.057	3.74
440.26	3.55
440.462	3.59
440.665	3.45
440.868	3.45
441.07	3.61
441.273	3.59
441.475	3.37
441.678	3.85
441.88	3.45
442.083	3.26
442.286	3.59
442.488	3.21
442.69	3.58
442.893	3.67
443.095	3.08
443.298	3.4
443.5	3.23
443.703	3.48
443.905	3.3
444.108	3.57
444.31	3.09
444.512	3.45
444.715	3.47
444.917	3.14
445.119	3.42
445.322	3.22
445.524	3.55
445.726	3.51
445.928	3.18
446.131	3.4
446.333	3.3
446.535	3.63
446.737	3.61
446.94	3.65
447.142	3.48
447.344	3.67
447.546	3.5
447.748	3.34
447.95	3.43
448.152	3.61
448.354	3.55
448.557	3.74
448.759	3.38
448.961	3.25
449.163	3.52
449.365	3.45
449.567	3.45
449.769	3.33
449.971	3.5
450.173	3.57
450.375	3.46
450.577	3.43
450.779	3.79
450.981	3.27
451.182	3.53
451.384	3.37
451.586	3.79
451.788	3.29
451.99	3.84
452.192	2.85
452.394	3.74
452.595	3.38
452.797	3.37
452.999	3.63
453.201	3.69
453.402	3.37
453.604	3.15
453.806	3.45
454.008	3.71
454.209	3.57
454.411	3.91
454.613	3.49
454.814	3.46
455.016	4.01
455.218	3.99
455.419	3.88
455.621	3.41
455.822	3.18
456.024	3.91
456.225	3.97
456.427	3.91
456.629	3.55
456.83	4.07
457.032	3.79
457.233	3.74
457.435	3.58
457.636	4
457.837	3.6
458.039	3.58
458.24	3.72
458.442	3.64
458.643	3.66
458.844	4.02
459.046	3.46
459.247	4.05
459.448	3.99
459.65	3.95
459.851	3.48
460.052	3.82
460.254	3.86
460.455	3.97
460.656	4.51
460.857	3.54
461.059	3.75
461.26	3.49
461.461	2.78
461.662	3.46
461.863	4.13
462.065	3.43
462.266	3.43
462.467	3.91
462.668	3.42
462.869	3.73
463.07	3.8
463.271	3.68
463.472	3.7
463.673	3.7
463.874	3.63
464.075	4.2
464.276	4.01
464.477	3.05
464.678	3.99
464.879	3.86
465.08	4.39
465.281	5.09
465.482	3.54
465.683	2.7
465.884	4.56
466.085	3.56
466.285	3.48
466.486	4.22
466.687	3.8
466.888	3.68
467.089	3.1
467.29	4.05
467.49	2.58
467.691	3.69
467.892	3.68
468.093	3.95
468.293	3.92
468.494	4.16
468.695	3.89
468.895	3.76
469.096	3.85
469.297	2.57
469.497	3.21
469.698	5.25
469.898	2.56
470.099	4.21
470.3	4.85
470.5	4.2
470.701	4.44
470.901	5.29
471.102	4.28
471.302	4.08
471.503	4.57
471.703	4.75
471.904	3.91
472.104	3.2
472.305	4.45
472.505	3.16
472.705	4.42
472.906	4.07
473.106	3.97
473.306	3.43
473.507	4.58
473.707	4.53
473.907	3.19
474.108	3.04
474.308	2.7
474.508	3.23
474.709	3.84
474.909	4.1
475.109	2.02
475.309	4.76
475.51	2.94
475.71	3.6
475.91	5.03
476.11	1.75
476.31	2.63
476.51	5.68
476.71	3.8
476.911	5.08
477.111	2.97
477.311	3.88
477.511	4.05
477.711	2.81
477.911	2.44
478.111	5.48
478.311	2.92
478.511	4.22
478.711	4.13
478.911	3.49
479.111	3.49
479.311	3.67
479.511	4.6
479.711	2.07
479.91	2.08
480.11	3.89
480.31	5.02
480.51	4.49
480.71	2.9
480.91	3.93
481.109	5.27
481.309	3.71
481.509	3.57
481.709	4.37
481.909	4.53
482.108	2.17
482.308	2.61
482.508	3.96
482.707	4.62
482.907	4.01
483.107	3.33
483.306	4.1
483.506	3.62
483.706	3.17
483.905	3.01
484.105	3.87
484.304	3.74
484.504	2.11
484.704	3.71
484.903	2.46
485.103	4.16
485.302	3.33
485.502	3.86
485.701	4.55
485.901	4.33
486.1	4.15
486.299	4.78
486.499	3.4
486.698	2.94
486.898	2.9
487.097	3.91
487.296	2.7
487.496	3.74
487.695	3.31
487.894	3.22
488.094	4.31
488.293	3.56
488.492	3.89
488.692	4.15
488.891	4.39
489.09	3.48
489.289	2.47
489.489	3.05
489.688	3.01
489.887	2.75
490.086	2.57
490.285	3.63
490.484	4.53
490.683	4.97
490.883	3.73
491.082	4.11
491.281	3.88
491.48	4.32
491.679	4.26
491.878	4.54
492.077	3.04
492.276	4.59
492.475	2.75
492.674	3.79
492.873	4.15
493.072	3.63
493.271	3.82
493.47	2.36
493.669	3.43
493.867	3.82
494.066	3.97
494.265	3.72
494.464	4.75
494.663	3
494.862	2.76
495.06	3.09
495.259	1.3
495.458	3.22
495.657	3.28
495.856	3.95
496.054	4.16
496.253	3.47
496.452	3
496.65	3.14
496.849	3.67
497.048	3.63
497.246	2.72
497.445	3.75
497.644	3.33
497.842	3.77
498.041	3.77
498.239	3.52
498.438	3.25
498.636	3.53
498.835	3.46
499.034	3.91
499.232	3.5
499.431	3.44
499.629	2.42
499.827	3.83
500.026	3.51
500.224	3.4
500.423	2.68
500.621	2.89
500.82	3.57
501.018	4.62
501.216	3.69
501.415	3.3
501.613	3.45
501.811	3.38
502.01	3.96
502.208	3.4
502.406	4.29
502.604	3.79
502.803	3.36
503.001	3.96
503.199	3.72
503.397	3.82
503.595	4.01
503.794	3.6
503.992	3.71
504.19	2.9
504.388	4.21
504.586	3.46
504.784	3.1
504.982	3.89
505.18	3.4
505.378	3.24
505.576	3.64
505.774	4.4
505.972	3.75
506.17	4.22
506.368	3.56
506.566	3.49
506.764	3.83
506.962	3.71
507.16	3.86
507.358	3.53
507.556	3.59
507.754	4.17
507.952	3.71
508.15	4.13
508.347	3.79
508.545	3.47
508.743	3.93
508.941	3.57
509.139	4.71
509.336	4.05
509.534	4.32
509.732	4.38
509.93	3.68
510.127	4.03
510.325	4.15
510.523	3.88
510.72	4.08
510.918	4.45
511.116	3.8
511.313	3.47
511.511	3.75
511.708	3.28
511.906	4.26
512.104	4.24
512.301	4.01
512.499	3.69
512.696	3.98
512.894	3.37
513.091	3.92
513.289	3.87
513.486	4.23
513.683	4.08
513.881	4.16
514.078	4.19
514.276	4.51
514.473	3.91
514.67	4.52
514.868	4.62
515.065	3.87
515.262	4.68
515.46	3.81
515.657	4.31
515.854	3.98
516.052	4.19
516.249	4.36
516.446	4.27
516.643	4.32
516.84	4.54
517.038	4.31
517.235	3.88
517.432	4.42
517.629	4.56
517.826	4.18
518.023	4.34
518.221	4.74
518.418	4.99
518.615	4.49
518.812	4.22
519.009	4.34
519.206	4.3
519.403	4.78
519.6	4.35
519.797	3.76
519.994	4.34
520.191	4.74
520.388	4.61
520.585	4.8
520.782	4.55
520.978	4.26
521.175	4.39
521.372	4.7
521.569	4.19
521.766	4.39
521.963	4.28
522.159	4.67
522.356	4.78
522.553	4.74
522.75	4.57
522.947	4.7
523.143	4.68
523.34	4.47
523.537	4.76
523.733	5.13
523.93	4.33
524.127	4.69
524.323	4.54
524.52	4.72
524.717	4.65
524.913	4.55
525.11	4.73
525.306	4.76
525.503	4.91
525.7	4.84
525.896	4.83
526.093	4.93
526.289	5.11
526.486	4.65
526.682	4.4
526.878	4.88
527.075	4.71
527.271	4.7
527.468	5.09
527.664	4.78
527.861	5.1
528.057	4.98
528.253	5.02
528.45	4.99
528.646	4.77
528.842	5.27
529.039	4.6
529.235	5.08
529.431	4.9
529.627	5.3
529.824	5.13
530.02	5.08
530.216	5.29
530.412	5.27
530.608	4.85
530.804	5.24
531.001	5.58
531.197	5.11
531.393	5.35
531.589	5.02
531.785	5.01
531.981	5.33
532.177	5.52
532.373	5.36
532.569	5
532.765	5.07
532.961	5.09
533.157	5.26
533.353	5.31
533.549	5.03
533.745	5.5
533.941	5.47
534.137	5.52
534.333	5.28
534.529	5.39
534.725	5.41
534.92	5.47
535.116	5.55
535.312	5.34
535.508	5.48
535.704	5.4
535.899	5.32
536.095	5.37
536.291	5.36
536.487	5.19
536.682	5.89
536.878	5.91
537.074	5.64
537.269	5.15
537.465	5.55
537.661	5.22
537.856	5.77
538.052	5.57
538.248	5.69
538.443	5.34
538.639	5.52
538.834	5.58
539.03	5.71
539.225	5.75
539.421	5.89
539.616	5.58
539.812	5.91
540.007	5.84
540.203	5.58
540.398	5.95
540.593	6.05
540.789	6.19
540.984	5.86
541.18	6
541.375	5.61
541.57	6.12
541.766	5.96
541.961	5.78
542.156	5.79
542.352	6.15
542.547	5.66
542.742	5.92
542.937	6.05
543.133	6.29
543.328	6.45
543.523	6.19
543.718	6.06
543.913	6.01
544.108	6
544.304	6.57
544.499	6.49
544.694	6.19
544.889	6.45
545.084	6.49
545.279	6.51
545.474	6.26
545.669	6.39
545.864	6.24
546.059	6.53
546.254	6.36
546.449	6.5
546.644	6.17
546.839	6.32
547.034	6.23
547.229	6.38
547.424	6.62
547.618	6.62
547.813	6.67
548.008	6.85
548.203	6.75
548.398	6.93
548.593	6.82
548.787	7.1
548.982	6.8
549.177	6.66
549.372	6.54
549.566	6.76
549.761	6.62
549.956	6.47
550.15	6.55
550.345	7.1
550.54	7.26
550.734	6.99
550.929	6.74
551.124	6.79
551.318	6.82
551.513	6.59
551.707	7.32
551.902	7.17
552.096	7.22
552.291	7.04
552.485	7.31
552.68	7.51
552.874	7.22
553.069	7.52
553.263	7.73
553.458	7.35
553.652	7.26
553.847	7.05
554.041	7.57
554.235	7.04
554.43	7.45
554.624	7.4
554.818	7.2
555.013	7.43
555.207	7.72
555.401	7.76
555.595	7.68
555.79	7.36
555.984	7.64
556.178	7.57
556.372	7.43
556.566	7.74
556.761	7.42
556.955	7.57
557.149	7.66
557.343	8.01
557.537	7.78
557.731	7.89
557.925	7.9
558.119	7.67
558.313	7.53
558.507	7.81
558.701	8.21
558.895	8.03
559.089	8.27
559.283	7.86
559.477	8.22
559.671	8.03
559.865	8.07
560.059	8.06
560.253	8.27
560.447	7.96
560.641	8.16
560.835	8.57
561.028	8.6
561.222	8.46
561.416	8.04
561.61	8.17
561.804	8.13
561.997	8.21
562.191	8.27
562.385	8.39
562.579	8.36
562.772	8.55
562.966	8.35
563.16	7.92
563.353	8.51
563.547	8.7
563.741	8.8
563.934	8.47
564.128	8.28
564.321	8.61
564.515	8.72
564.708	8.95
564.902	8.83
565.095	8.53
565.289	8.97
565.482	9.23
565.676	8.82
565.869	8.67
566.063	9.23
566.256	8.65
566.45	8.97
566.643	8.79
566.836	9.05
567.03	9.29
567.223	9.24
567.416	9.39
567.61	9.12
567.803	9.24
567.996	9.44
568.19	9.06
568.383	9.05
568.576	9.35
568.769	9.59
568.963	9.06
569.156	9.58
569.349	9.41
569.542	9.64
569.735	9.6
569.928	9.42
570.121	9.52
570.315	9.68
570.508	9.67
570.701	9.97
570.894	9.59
571.087	9.79
571.28	10.07
571.473	10.3
571.666	9.67
571.859	9.56
572.052	9.66
572.245	10.4
572.438	9.93
572.631	9.88
572.824	10.44
573.016	9.89
573.209	10.1
573.402	10.31
573.595	10.33
573.788	10.36
573.981	10.14
574.173	10.14
574.366	10.76
574.559	10.55
574.752	10.23
574.944	10.25
575.137	10.42
575.33	10.23
575.523	10.53
575.715	9.86
575.908	10.8
576.101	10.31
576.293	10.36
576.486	10.2
576.678	10.46
576.871	10.47
577.063	10.62
577.256	10.8
577.449	11.11
577.641	10.73
577.834	10.81
578.026	10.48
578.219	11.16
578.411	10.84
578.603	11.18
578.796	11.05
578.988	10.78
579.181	11.25
579.373	11.42
579.565	11.22
579.758	11.23
579.95	11.08
580.142	10.6
580.335	11.22
580.527	11.44
580.719	11.5
580.912	10.91
581.104	11.72
581.296	11.75
581.488	11.23
581.68	11.75
581.873	11.41
582.065	11.34
582.257	11.77
582.449	11.3
582.641	11.59
582.833	11.21
583.025	11.61
583.217	11.72
583.41	11.86
583.602	11.78
583.794	11.51
583.986	11.78
584.178	11.73
584.37	12.15
584.562	11.54
584.753	12.26
584.945	12.32
585.137	12.24
585.329	11.95
585.521	12.61
585.713	12.18
585.905	12.49
586.097	11.96
586.289	12.4
586.48	12.69
586.672	12.03
586.864	12.22
587.056	13.02
587.247	11.88
587.439	11.95
587.631	12.72
587.823	12.43
588.014	12.77
588.206	12.63
588.398	12.28
588.589	12.7
588.781	12.43
588.972	12.77
589.164	12.66
589.356	13.17
589.547	12.74
589.739	12.64
589.93	12.6
590.122	12.61
590.313	12.68
590.505	12.54
590.696	13.13
590.888	12.98
591.079	13.39
591.271	13.38
591.462	13.45
591.653	13.21
591.845	13.3
592.036	13.62
592.227	13.51
592.419	13.61
592.61	13.04
592.801	13.26
592.993	13.61
593.184	13.74
593.375	13.39
593.566	13.64
593.758	13.46
593.949	13.59
594.14	13.96
594.331	13.19
594.522	13.91
594.713	13.67
594.905	14.43
595.096	14.52
595.287	14.16
595.478	14.14
595.669	13.74
595.86	13.94
596.051	13.62
596.242	14.32
596.433	14.06
596.624	14.11
596.815	14.17
597.006	14.56
597.197	14.23
597.388	14.8
597.579	14.17
597.77	14.34
597.96	14.67
598.151	14.66
598.342	15
598.533	15.26
598.724	14.92
598.915	14.97
599.105	14.34
599.296	15.07
599.487	14.89
599.678	14.69
599.868	14.97
600.059	15.1
600.25	15.29
600.44	15.47
600.631	14.94
600.822	15.06
601.012	15.43
601.203	15.3
601.394	15.25
601.584	15.52
601.775	15.05
601.965	15.97
602.156	15.06
602.346	15.93
602.537	15.5
602.727	15.6
602.918	15.5
603.108	15.87
603.299	15.94
603.489	16.4
603.679	15.2
603.87	15.98
604.06	16.28
604.251	16.28
604.441	16.3
604.631	16.12
604.822	16.59
605.012	16.88
605.202	16.24
605.392	15.78
605.583	16.4
605.773	15.95
605.963	16.92
606.153	16.29
606.344	16.46
606.534	16.16
606.724	16.74
606.914	16.53
607.104	16.5
607.294	16.7
607.484	16.54
607.674	16.72
607.864	17.02
608.054	16.5
608.245	16.47
608.435	17.19
608.625	17.01
608.814	17.65
609.004	16.63
609.194	17.09
609.384	17.34
609.574	16.92
609.764	17.12
609.954	17.37
610.144	16.34
610.334	17.14
610.524	17.53
610.713	16.95
610.903	17.83
611.093	17.22
611.283	17.36
611.473	17.51
611.662	17.29
611.852	17.3
612.042	17.12
612.231	17.12
612.421	18.02
612.611	17.5
612.8	17.4
612.99	17.55
613.18	17.15
613.369	17.54
613.559	18.21
613.748	17.63
613.938	18.04
614.128	17.1
614.317	17.92
614.507	17.58
614.696	18.02
614.886	17.63
615.075	17.37
615.264	18.13
615.454	17.97
615.643	17.83
615.833	18.42
616.022	18.09
616.211	18.95
616.401	16.98
616.59	18.71
616.779	18.48
616.969	18.39
617.158	18.19
617.347	18.72
617.537	19.07
617.726	18.27
617.915	17.99
618.104	17.72
618.293	18.78
618.483	18.34
618.672	18.78
618.861	18.75
619.05	19.46
619.239	19.04
619.428	18.74
619.617	18.97
619.806	18.39
619.995	18.63
620.184	18.84
620.373	18.33
620.562	18.65
620.751	19.02
620.94	19.24
621.129	19.22
621.318	18.89
621.507	18.91
621.696	18.83
621.885	18.98
622.074	19.58
622.263	18.52
622.452	20
622.64	19.24
622.829	19.8
623.018	19.66
623.207	19.65
623.396	19.58
623.584	19.62
623.773	20
623.962	18.64
624.15	20.16
624.339	20.03
624.528	20.29
624.716	20.07
624.905	19.93
625.094	19.62
625.282	20
625.471	19.77
625.659	19.37
625.848	19.85
626.037	19.79
626.225	20.38
626.414	20.45
626.602	20.53
626.791	19.95
626.979	20.01
627.167	19.77
627.356	20.49
627.544	20.78
627.733	20.19
627.921	20.29
628.109	20.44
628.298	20.55
628.486	20.55
628.674	20.14
628.863	20.56
629.051	21.62
629.239	21.25
629.428	20.4
629.616	20.89
629.804	21.26
629.992	21
630.18	20.56
630.369	20.36
630.557	20.96
630.745	19.85
630.933	21.15
631.121	20.93
631.309	20.2
631.497	21.3
631.685	20.31
631.873	20.37
632.061	20.58
632.249	21.34
632.437	21.7
632.625	20.79
632.813	21.36
633.001	21.91
633.189	21.22
633.377	21.55
633.565	20.79
633.753	20.86
633.941	21.65
634.129	21.16
634.316	21.07
634.504	22.17
634.692	21.58
634.88	21.14
635.068	21.5
635.255	21.58
635.443	21.35
635.631	21.44
635.818	21.38
636.006	21.98
636.194	20.74
636.382	21.92
636.569	21.68
636.757	22.18
636.944	21.77
637.132	21.81
637.32	22.45
637.507	21.66
637.695	22.73
637.882	22.55
638.07	21.27
638.257	21.96
638.445	22.31
638.632	21.48
638.82	21.7
639.007	21.63
639.194	21.74
639.382	22.41
639.569	21.77
639.757	22.08
639.944	20.18
640.131	20.54
640.319	22.5
640.506	22.16
640.693	22.58
640.88	22.83
641.068	23.15
641.255	22.15
641.442	22.24
641.629	22.05
641.817	22.28
642.004	22.69
642.191	23.31
642.378	22.8
642.565	23.09
642.752	22.84
642.939	22.11
643.126	22.2
643.313	22.39
643.501	23.58
643.688	23.36
643.875	22.19
644.062	22.68
644.249	22.5
644.435	21.14
644.622	21.84
644.809	21.75
644.996	21.74
645.183	23.45
645.37	24.13
645.557	23.66
645.744	22.6
645.931	21.66
646.117	21.97
646.304	22.3
646.491	22.73
646.678	23.85
646.865	22.14
647.051	22.78
647.238	21.41
647.425	22.75
647.611	23.74
647.798	23.01
647.985	22.69
648.171	21.6
648.358	23.54
648.545	23.92
648.731	21.55
648.918	22.36
649.104	22.31
649.291	23.42
649.477	23.12
649.664	22.64
649.85	22.02
650.037	22.56
650.223	23.56
650.41	23.22
650.596	23.17
650.783	23.69
650.969	22.76
651.155	23.33
651.342	23.31
651.528	21.75
651.714	23.21
651.901	23.11
652.087	23.61
652.273	22.84
652.46	23.06
652.646	23.6
652.832	23.32
653.018	22.52
653.204	23.5
653.391	22.44
653.577	21.55
653.763	23.83
653.949	24.5
654.135	22.87
654.321	23.22
654.507	23.77
654.693	22.7
654.879	21.61
655.065	21.79
655.252	22.46
655.438	23.28
655.624	23.75
655.809	21.03
655.995	21.49
656.181	24.08
656.367	23.4
656.553	24.84
656.739	23.73
656.925	23.75
657.111	24.54
657.297	23.81
657.482	22.91
657.668	24.34
657.854	23.28
658.04	23.22
658.226	21.24
658.411	23.07
658.597	23.74
658.783	23.38
658.968	21.2
659.154	23.97
659.34	24.91
659.525	21.98
659.711	21.61
659.897	22.66
660.082	23.32
660.268	21.21
660.453	22.74
660.639	22.71
660.824	21.59
661.01	22.32
661.195	21.57
661.381	22.43
661.566	23.37
661.752	22.89
661.937	22
662.123	20.35
662.308	22.71
662.494	23.82
662.679	22.81
662.864	21.82
663.05	21.57
663.235	22.81
663.42	22.86
663.605	21.79
663.791	20.23
663.976	20.85
664.161	21.41
664.346	21.13
664.532	22.3
664.717	20.75
664.902	20.97
665.087	22.89
665.272	22.31
665.457	21.24
665.642	20.57
665.828	21.07
666.013	21.81
666.198	18.89
666.383	21.26
666.568	20.43
666.753	21.53
666.938	20.27
667.123	22.59
667.308	20.53
667.493	20.97
667.677	20.42
667.862	20.27
668.047	21.66
668.232	21.26
668.417	20.84
668.602	19.53
668.787	21.16
668.971	20.87
669.156	22.27
669.341	17.89
669.526	22.07
669.711	21.66
669.895	21.37
670.08	17.85
670.265	22.26
670.449	19.78
670.634	19.77
670.819	21.35
671.003	20.95
671.188	21.73
671.372	19.69
671.557	23.3
671.742	20.04
671.926	20.35
672.111	21.79
672.295	20.69
672.48	19.09
672.664	18.49
672.849	17.33
673.033	19.3
673.217	20.67
673.402	20.52
673.586	20.06
673.771	19.8
673.955	20.85
674.139	21.63
674.324	19.98
674.508	17.13
674.692	22.74
674.876	20.52
675.061	19.87
675.245	21.6
675.429	21.14
675.613	19.2
675.798	21.71
675.982	22.24
676.166	22.03
676.35	18.57
676.534	21.79
676.718	20.82
676.902	27.24
677.087	20.33
677.271	21.07
677.455	24.12
677.639	19.99
677.823	23.45
678.007	25.43
678.191	22.75
678.375	22.94
678.559	22.79
678.742	21.1
678.926	24.7
679.11	25.89
679.294	23.04
679.478	23.16
679.662	22.53
679.846	22.69
680.029	23.12
680.213	25.27
680.397	24.51
680.581	23.25
680.765	26.01
680.948	22.89
681.132	25.14
681.316	22.71
681.499	25.65
681.683	26.58
681.867	24.98
682.05	26.09
682.234	23.69
682.417	25.5
682.601	25.67
682.785	24.63
682.968	26.01
683.152	25.19
683.335	24.83
683.519	26.7
683.702	27.49
683.886	23.87
684.069	28.61
684.253	28.29
684.436	28.01
684.619	25.64
684.803	27.97
684.986	29.77
685.169	30.86
685.353	30.1
685.536	29.45
685.719	27.51
685.903	28.94
686.086	26.8
686.269	31.44
686.452	24.14
686.636	29.97
686.819	30.13
687.002	30.26
687.185	29.02
687.368	30.85
687.551	26.35
687.734	31.91
687.918	32.52
688.101	33.46
688.284	36.53
688.467	31.02
688.65	33.29
688.833	35.04
689.016	35.68
689.199	31.96
689.382	31.79
689.565	34.67
689.748	31.97
689.93	34.88
690.113	32.26
690.296	32.47
690.479	35.03
690.662	32.67
690.845	31.13
691.028	27.03
691.21	37.53
691.393	36.04
691.576	36.35
691.759	30.87
691.941	39.27
692.124	39.31
692.307	33.59
692.489	36.19
692.672	32.31
692.855	35.24
693.037	33.03
693.22	38.88
693.403	33.59
693.585	35.76
693.768	43
693.95	36.12
694.133	37.57
694.315	36.76
694.498	36.77
694.68	36.65
694.863	41.3
695.045	37.52
695.228	36.75
695.41	38.24
695.592	39.24
695.775	33.75
695.957	39.01
696.139	32.32
696.322	39.09
696.504	42.78
696.686	36.44
696.869	33.93
697.051	40.11
697.233	44.04
697.415	41.62
697.597	35.4
697.78	38.14
697.962	40.2
698.144	41.58
698.326	35.87
698.508	38.29
698.69	37.88
698.872	39.32
699.055	41.47
699.237	34.29
699.419	37.09
699.601	34.39
699.783	46.36
699.965	36.55
700.147	39.32
700.329	42.27
700.51	43.38
700.692	43.34
700.874	34.66
701.056	38.74
701.238	44.42
701.42	40.97
701.602	40.57
701.783	40.46
701.965	39.43
702.147	38.5
702.329	42.9
702.511	43.47
702.692	40.32
702.874	43.21
703.056	42.38
703.237	48.68
703.419	38.74
703.601	43.58
703.782	38.97
703.964	43.72
704.146	39.71
704.327	46.13
704.509	44.25
704.69	39.89
704.872	34.04
705.053	34.79
705.235	45.93
705.416	40.02
705.598	42.67
705.779	38.42
705.961	38.59
706.142	38.42
706.323	43.8
706.505	41.7
706.686	41.66
706.867	42.97
707.049	43.09
707.23	42.17
707.411	42.5
707.593	41.89
707.774	43.14
707.955	43.65
708.136	31.74
708.318	45.43
708.499	41.71
708.68	41.35
708.861	45.5
709.042	38.59
709.223	40.81
709.404	43.8
709.585	46.1
709.767	41.07
709.948	43
710.129	43.13
710.31	38.8
710.491	31.92
710.672	38.54
710.853	37.32
711.034	49.19
711.214	42.62
711.395	38.65
711.576	43.27
711.757	48.93
711.938	46.05
712.119	41.03
712.3	48.19
712.481	32.53
712.661	35.1
712.842	36.4
713.023	38.66
713.204	36.35
713.384	44.32
713.565	46.96
713.746	47.43
713.926	40.07
714.107	42.02
714.288	40.98
714.468	47.1
714.649	46.65
714.83	41.57
715.01	47.32
715.191	43.63
715.371	40.46
715.552	45.99
715.732	50.24
715.913	50.6
716.093	47.33
716.274	38.19
716.454	43.74
716.635	51.94
716.815	43.94
716.995	50.38
717.176	39.16
717.356	34.68
717.536	50.47
717.717	33.05
717.897	42.44
718.077	33.28
718.258	35.22
718.438	47.91
718.618	57.03
718.798	41.4
718.978	42.94
719.159	41.89
719.339	52.94
719.519	40.96
719.699	44.64
719.879	31.08
720.059	46.09
720.239	40.87
720.419	50.89
720.599	52.16
720.779	65.25
720.959	32.27
721.139	41.62
721.319	48.04
721.499	60.01
721.679	37.7
721.859	43.12
722.039	29.6
722.219	43.52
722.399	38.99
722.579	36.63
722.759	30.65
722.938	40.93
723.118	44.41
723.298	39.72
723.478	43.82
723.658	53.83
723.837	52.95
724.017	41.61
724.197	32.71
724.376	50.1
724.556	29.07
724.736	60.24
724.915	53.86
725.095	46.35
725.275	42.88
725.454	46.53
725.634	46.55
725.813	63.68
725.993	38.21
726.172	47.61
726.352	42.56
726.531	55.03
726.711	62.06
726.89	31.14
727.07	54.43
727.249	48.15
727.428	57.34
727.608	42.92
727.787	34.55
727.966	49.34
728.146	26.65
728.325	51.22
728.504	43.99
728.684	25.08
728.863	46.61
729.042	40.78
729.221	19.21
729.4	37.75
729.58	44.37
729.759	43.31
729.938	37.23
730.117	53.93
730.296	38.2
730.475	46.3
730.654	52.45
730.833	48.55
731.013	58.59
731.192	33.51
731.371	47.19
731.55	76.14
731.729	19.56
731.907	42.4
732.086	42.93
732.265	43.97
732.444	37.71
732.623	71.92
732.802	34.76
732.981	28.63
733.16	58.88
733.339	39.04
733.517	43.68
733.696	46.08
733.875	31.35
734.054	54.69
734.232	64.55
734.411	45.19
734.59	32
734.768	54.97
734.947	37.88
735.126	34.25
735.304	43.93
735.483	41.1
735.662	63.9
735.84	30.26
736.019	36.44
736.197	54.41
736.376	41.58
736.554	67.77
736.733	57.12
736.911	30.71
737.09	30.48
737.268	18.46
737.447	48.3
737.625	32.92
737.803	29.41
737.982	58.42
738.16	49.21
738.338	67.47
738.517	48.82
738.695	51.39
738.873	45.38
739.052	40.37
739.23	7.49
739.408	32.85
739.586	53.48
739.764	46.24
739.943	38.77
740.121	37.32
740.299	31.17
740.477	33.63
740.655	31.94
740.833	31.26
741.011	66.95
741.189	52.3
741.367	36.46
741.545	34.09
741.723	31.37
741.901	60.17
742.079	70.62
742.257	43.14
742.435	60.41
742.613	31.45
742.791	58.48
742.969	46.28
743.147	49.35
743.325	31.22
743.503	37.83
743.68	51.83
743.858	47.75
744.036	24.6
744.214	53.66
744.391	49.45
744.569	29.19
744.747	53.78
744.925	43.95
745.102	21.76
745.28	36.67
745.458	72.64
745.635	41.59
745.813	63.26
745.99	42.98
746.168	35.15
746.345	62.03
746.523	43.78
746.7	68.22
746.878	65.65
747.055	44.03
747.233	51.47
747.41	78.51
747.588	48.96
747.765	57.82
747.943	39.66
748.12	28.44
748.297	38.49
748.475	49.33
748.652	92.04
748.829	49.22
749.007	27.26
749.184	34.29
749.361	49.07
749.538	79.62
749.716	43.35
749.893	-0.5
750.07	39.78
750.247	29.94
750.424	63.85
750.601	85.42
750.778	40.65
750.956	26.46
751.133	23.86
751.31	54.13
751.487	91.64
751.664	58.08
751.841	58.59
752.018	73.88
752.195	15.41
752.372	61.29
752.549	34.98
752.726	41.25
752.902	40.11
753.079	62.04
753.256	80.4
753.433	22.38
753.61	37.26
753.787	53.72
753.964	63.74
754.14	31.84
754.317	69.3
754.494	21.25
754.671	68.21
754.847	45.63
755.024	46.87
755.201	62.68
755.377	50.28
755.554	44.16
755.73	54.29
755.907	95.94
756.084	102.34
756.26	39.57
756.437	68.65
756.613	58.11
756.79	41.48
756.966	35.03
757.143	40.43
757.319	75.1
757.496	68.7
757.672	67.74
757.849	74.35
758.025	51.76
758.201	113.43
758.378	67.81
758.554	-2.86
758.73	70.23
758.907	18.93
759.083	54.87
759.259	94.6
759.435	20.8
759.612	70.31
759.788	33.99
759.964	42.23
760.14	89.36
760.316	-9.34
760.493	44.07
760.669	58.96
760.845	-23.87
761.021	72.67
761.197	12.16
761.373	63.78
761.549	44.81
761.725	6.75
761.901	10.7
762.077	66.8
762.253	40.7
762.429	81.58
762.605	2.74
762.781	13.1
762.957	6.28
763.133	53.38
763.308	33.41
763.484	62.47
763.66	70.29
763.836	105.84
764.012	-73.2
764.187	6.62
764.363	17.74
764.539	1.59
764.715	58.33
764.89	7.59
765.066	9.6
765.242	115.37
765.417	57.35
765.593	52.2
765.769	24.91
765.944	-2.17
766.12	77.27
766.295	49.78
766.471	38.04
766.646	22.47
766.822	104.29
766.997	14.78
767.173	94.42
767.348	41.24
767.524	1.89
767.699	20.66
767.875	40.49
768.05	7.52
768.225	44.43
768.401	54.84
768.576	79.08
768.751	113.72
768.927	105.05
769.102	88.81
769.277	0.85
769.452	55.78
769.628	63.46
769.803	75.36
769.978	67.97
770.153	-74.32
770.328	85.82
770.503	69.86
770.679	128.86
770.854	103.47
771.029	-2.82
771.204	76.16
771.379	64.74
771.554	86.94
771.729	63.95
771.904	24.87
772.079	96.53
772.254	82.7
772.429	57.97
772.604	10.82
772.779	64.42
772.953	79.59
773.128	81.44
773.303	103.72
773.478	80.67
773.653	61.01
773.828	78.1
774.002	5.18
774.177	22.54
774.352	141.74
774.527	95.21
774.701	9.34
774.876	154.49
775.051	170.59
775.225	188.03
775.4	33.41
775.575	47.31
775.749	1.31
775.924	114.41
776.098	5.93
776.273	68.93
776.447	34.82
776.622	54.13
776.796	91.93
776.971	-17.22
777.145	41.24
777.32	45.97
777.494	89.95
777.669	68.33
777.843	21.82
778.017	90.31
778.192	3.21
778.366	52.37
778.54	47.9
778.715	-1.26
778.889	-1.24
779.063	63.02
779.237	20.58
779.412	60.36
779.586	37.47
779.76	64.58
779.934	-3.28
780.108	98.43
780.282	-902.99
780.457	49.18
780.631	-134.4
780.805	-19.77
780.979	-365.67
781.153	133.76
781.327	48.41
781.501	86.11
781.675	-15.45
781.849	27.1
782.023	120.65
782.197	-65.52
782.371	-181.14
782.545	19.02
782.718	-27.21
782.892	138.64
783.066	86.28
783.24	284.62
783.414	13.08
783.588	85.22
783.761	70.84
783.935	-3.87
784.109	184.71
784.283	120.87
784.456	111.37
784.63	14.51
784.804	77.01
784.977	63.48
785.151	55.14
785.324	30.6
785.498	44.19
785.672	86.16
785.845	71.46
786.019	344.55
786.192	-35.1
786.366	100
786.539	51.19
786.713	-7.9
786.886	49.18
787.06	150.76
787.233	108.2
787.406	-4.75
787.58	3.66
787.753	27.71
787.926	-15.99
788.1	11.66
788.273	-35.85
788.446	-10.7
788.62	-1138.71
788.793	100
788.966	18.35
789.139	93.24
789.313	60.76
789.486	-1785.71
789.659	120.57
789.832	52.31
790.005	76.89
790.178	259.29
790.351	141.68
790.524	124.41
790.697	62.45
790.87	-168.02
791.044	929.09
791.216	98.38
791.389	-156.68
791.562	87.65
791.735	-6.33
791.908	442.86
792.081	123.95
792.254	-71.43
792.427	37.55
792.6	100
792.773	74.02
792.945	100
793.118	117.87
793.291	-190.11
793.464	207.23
793.637	77.91
793.809	125.83
793.982	28.31
794.155	247.31
794.327	140.48
794.5	-915.38
794.673	124.29
794.845	-152.14
795.018	-101.02
795.19	-358.43
795.363	84.02
795.536	110.64
795.708	-829.03
795.881	-4940
796.053	74.74
796.226	113.71
796.398	53.73
796.57	123.33
796.743	-11.95
796.915	49.63
797.088	216.6
797.26	-192.91
797.432	145.57
797.605	144.92
797.777	-819.48
797.949	141.7
798.122	41.43
798.294	363.68
798.466	-30.29
798.638	122.57
798.81	45.92
798.983	813.92
799.155	21.48
799.327	27.71
799.499	112.39
799.671	70.32
799.843	15.46
800.015	100
800.187	90.61
800.359	44.12
800.531	43.45
800.703	17.94
800.875	-8.25
801.047	43.33
801.219	169.62
801.391	-414.29
801.563	100
801.735	115.64
801.907	379.75
802.079	-28.71
802.251	-5.49
802.422	128.35
802.594	-71.43
802.766	79.27
802.938	196.86
803.11	95.1
803.281	107.95
803.453	56.69
803.625	61.89
803.796	31.67
803.968	-33.76
804.14	127.79
804.311	24.07
804.483	-42.37
804.654	107.47
804.826	73.67
804.998	138.5
805.169	-20.46
805.341	148
805.512	-56.52
805.684	87.68
805.855	117.61
806.026	432.31
806.198	-98.77
806.369	57.38
806.541	56.36
806.712	136.49
806.883	185.01
807.055	79.81
807.226	-87.28
807.397	20.88
807.569	-101.77
807.74	-9.25
807.911	-56.73
808.082	-190.58
808.253	-18.81
808.425	139.11
808.596	410.11
808.767	-29.5
808.938	-41.64
809.109	-113.86
809.28	-190.05
809.451	63.38
809.622	221.93
809.793	-1641.94
809.964	-108.7
810.135	234.24
810.306	113.87
810.477	212.75
810.648	52.9
810.819	38.05
810.99	-2780
811.161	144.61
811.332	281.62
811.503	29.41
811.674	-416.92
811.844	229.23
812.015	49.34
812.186	180.98
812.357	-39.06
812.527	44.43
812.698	29.41
812.869	-783.02
813.04	72.67
813.21	-355.17
813.381	-147.47
813.551	201.41
813.722	121.75
813.893	21.62
814.063	61.29
814.234	274.55
814.404	58.53
814.575	234.24
814.745	-197.35
814.916	-45.01
815.086	11.58
815.257	116.14
815.427	247.24
815.598	76.2
815.768	101.65
815.938	41.92
816.109	206.88
816.279	24.28
816.449	92.75
816.62	-784.21
816.79	115.15
816.96	-715.09
817.13	-19.38
817.301	-107.11
817.471	-38.84
817.641	210.43
817.811	-189.05
817.981	-5214.29
818.152	31.75
818.322	-185.15
818.492	51.02
818.662	189.05
818.832	30.12
819.002	42.04
819.172	369.04
819.342	155.49
819.512	-79.65
819.682	105.71
819.852	11.04
820.022	30.82
820.192	-533.71
820.362	41.46
820.531	178.18
820.701	100
820.871	2.37
821.041	-14.03
821.211	7.87
821.381	-94.51
821.55	258.3
821.72	-206.98
821.89	413.85
822.059	33.2
822.229	43.21
822.399	83.86
822.568	182.76
822.738	-631.71
822.908	291.41
823.077	55.72
823.247	65.34
823.416	-1170.59
823.586	93.58
823.756	-1.41
823.925	343.04
824.095	1690.7
824.264	56.95
824.433	-229.2
824.603	26.58
824.772	24.8
824.942	69.62
825.111	-74.87
825.28	-123.6
825.45	6.09
825.619	144.72
825.788	-708.99
825.958	-14.72
826.127	77.43
826.296	25.73
826.465	201.65
826.635	103.63
826.804	145.78
826.973	215.13
827.142	191.91
827.311	-20.81
827.48	148
827.649	175.24
827.818	288.98
827.988	176.8
828.157	111.29
828.326	-43.24
828.495	49.01
828.664	57.98
828.833	265.37
829.002	-131.06
829.17	124.16
829.339	130.15
829.508	22.27
829.677	-479.78
829.846	-5.46
830.015	49.3
830.184	49.47
830.352	143
830.521	264.03
830.69	919.51
830.859	-676.47
831.027	668.42
831.196	77.7
831.365	74.78
831.533	80.15
831.702	46.56
831.871	149.16
832.039	54.52
832.208	-265.22
832.377	137.8
832.545	93.83
832.714	76.9
832.882	-14.47
833.051	24.56
833.219	4385.71
833.388	19.7
833.556	-36.44
833.724	27.92
833.893	87.98
834.061	2563.16
834.23	116.27
834.398	35.14
834.566	879.22
834.735	7642.86
834.903	213.21
835.071	-620
835.239	-104.59
835.408	143.94
835.576	351.16
835.744	144.33
835.912	105.05
836.08	130.84
836.249	-556.6
836.417	3.74
836.585	310.27
836.753	73.84
836.921	-165.95
837.089	4900
837.257	-1490.7
837.425	-267.66
837.593	49.13
837.761	10.07
837.929	72.64
838.097	28.55
838.265	106.44
838.433	-18.03
838.601	45.89
838.769	-340.51
838.936	180.9
839.104	162.13
839.272	41.37
839.44	32.81
839.608	-485.37
839.775	31.17
839.943	53.53
840.111	120.19
840.279	52.72
840.446	-311.94
840.614	-523.38
840.781	225.22
840.949	58.32
841.117	-24.89
841.284	-203.86
841.452	-175.78
841.619	-2.96
841.787	321.4
841.954	351.16
842.122	-156.65
842.289	71.18
842.457	113.6
842.624	39.86
842.792	-285.4
842.959	326.29
843.126	-35.21
843.294	-56.84
843.461	27.49
843.629	90.4
843.796	9.29
843.963	-44.75
844.13	154.08
844.298	-99.23
844.465	61.52
844.632	-168.32
844.799	45.73
844.966	340
845.134	85.63
845.301	31.69
845.468	155.63
845.635	108.48
845.802	120.43
845.969	57.03
846.136	92.79
846.303	542.11
846.47	48.87
846.637	-287.69
846.804	-405.26
846.971	-77.05
847.138	86.1
847.305	-165.49
847.472	107.29
847.639	119.67
847.805	103.18
847.972	-429.87
848.139	-3
848.306	226.32
848.473	494.03
848.639	71.76
848.806	-15.2
848.973	42.64
849.14	69.72
849.306	3.14
849.473	147.68
849.64	340
849.806	140.19
849.973	67.57
850.139	163.58
850.306	-3.68
850.472	228.41
850.639	103.93
850.806	-531.58
850.972	298.26
851.139	1300
851.305	-33.01
851.471	-28.11
851.638	232.52
851.804	189.55
851.971	33.48
852.137	40.12
852.303	263.4
852.47	16.32
852.636	232.06
852.802	213.39
852.968	283.83
853.135	-52.28
853.301	-31.79
853.467	151.15
853.633	-39.53
853.8	12.48
853.966	-101.02
854.132	5928.57
854.298	-224.09
854.464	-277.53
854.63	83.87
854.796	132.54
854.962	117.27
855.128	42.48
855.294	-100.41
855.46	-121.7
855.626	-4.22
855.792	-113.13
855.958	65.05
856.124	-319.63
856.29	60.26
856.456	11.73
856.622	294.04
856.787	-55.84
856.953	12.65
857.119	-149.5
857.285	327.49
857.45	-44.17
857.616	-48.07
857.782	72.38
857.948	39.81
858.113	30.38
858.279	26.9
858.445	185.04
858.61	881.4
858.776	134.01
858.941	373.27
859.107	42.59
859.273	66.12
859.438	-19.56
859.604	100
859.769	-13.39
859.935	-505.94
860.1	116.54
860.265	-4.63
860.431	91.37
860.596	13642.86
860.762	110.5
860.927	18.41
861.092	77.82
861.258	-209.35
861.423	141.7
861.588	76.18
861.753	8157.14
861.919	-647.17
862.084	525.2
862.249	242.37
862.414	-2.39
862.579	-34.01
862.745	92.58
862.91	325.83
863.075	193.81
863.24	26.92
863.405	184.42
863.57	29.64
863.735	96.35
863.9	-16.81
864.065	42.75
864.23	112.66
864.395	-87.9
864.56	60.12
864.725	69.62
864.89	-115.73
865.055	104.46
865.22	-117.06
865.384	-277.53
865.549	-16.5
865.714	-48.95
865.879	107.87
866.044	-128.2
866.208	55.33
866.373	73.63
866.538	116.86
866.702	-25.9
866.867	2.99
867.032	52
867.196	113.66
867.361	138.4
867.526	12.45
867.69	-38.08
867.855	-256.04
868.019	470.91
868.184	32.37
868.348	100
868.513	-1370.97
868.677	165.37
868.842	138.16
869.006	120.4
869.17	-1054.72
869.335	275.61
869.499	-226.21
869.663	306.62
869.828	-55.47
869.992	490.7
870.156	110.79
870.321	-227.27
870.485	94.68
870.649	122.16
870.813	-32.84
870.978	18.3
871.142	-195.38
871.306	31.75
871.47	213.87
871.634	591.34
871.798	-339.75
871.962	59
872.126	-1442.86
872.29	-1.69
872.454	957.14
872.618	134.45
872.782	547.76
872.946	236.91
873.11	-20.6
873.274	-336.99
873.438	-182.35
873.602	-89.97
873.766	380.52
873.93	37.53
874.094	-142.7
874.257	71.35
874.421	-59.54
874.585	100
874.749	56.58
874.912	-176.26
875.076	186.35
875.24	-33.77
875.403	251.54
875.567	305.71
875.731	-48.31
875.894	31.43
876.058	42.58
876.222	140.45
876.385	184.42
876.549	69.48
876.712	100
876.876	-278.95
877.039	206.56
877.203	94.38
877.366	-147.47
877.529	10.95
877.693	119.24
877.856	-15.07
878.02	11.29
878.183	220.38
878.346	162.34
878.51	-292.92
878.673	-81.29
878.836	-32.49
878.999	-325.81
879.163	142.15
879.326	121.48
879.489	122.89
879.652	37.63
879.815	58.2
879.978	-164.49
880.142	-254.36
880.305	-11.8
880.468	71.08
880.631	7.69
880.794	-56.18
880.957	1768.29
881.12	-4417.65
881.283	13.9
881.446	47.35
881.609	125.9
881.772	14.01
881.935	-2794.12
882.097	115.35
882.26	77.36
882.423	9.55
882.586	64.58
882.749	86.01
882.912	114.72
883.074	55.07
883.237	66.16
883.4	122.28
883.562	92.24
883.725	-207.2
883.888	562.99
884.05	5380
884.213	49.38
884.376	-34.93
884.538	122.64
884.701	122.64
884.863	122.64
