181.954	-87.85
182.172	-87.85
182.39	-87.85
182.608	260
182.826	631.87
183.043	-66.81
183.261	19.35
183.479	229.03
183.697	1700
183.914	57.89
184.132	140.64
184.35	284.75
184.567	80.85
184.785	-126.55
185.003	12.6
185.22	-128.33
185.438	108.45
185.656	138.19
185.873	-404.62
186.091	68.47
186.309	-1113.79
186.526	-26.7
186.744	38.67
186.961	-13.9
187.179	175.83
187.396	31.93
187.614	-238.46
187.831	-2860
188.049	-103.68
188.266	89
188.484	679.1
188.701	220.39
188.919	66.11
189.136	-53.62
189.354	50.58
189.571	-51.66
189.789	90.24
190.006	23.1
190.223	-194.05
190.441	106.61
190.658	3071.43
190.876	19.67
191.093	117.58
191.31	36.78
191.528	-14.29
191.745	-26.65
191.962	55.23
192.179	-50.82
192.397	-141.3
192.614	196.5
192.831	57.18
193.049	91.13
193.266	266.99
193.483	28.51
193.7	-53.85
193.917	41.5
194.135	111.51
194.352	-139.38
194.569	80.53
194.786	186.39
195.003	168.38
195.221	16.9
195.438	105.65
195.655	114.07
195.872	-81.69
196.089	69.18
196.306	40.21
196.523	168.97
196.74	157.14
196.957	23.59
197.174	55.33
197.391	150.1
197.608	68.52
197.825	1003.23
198.042	45.48
198.259	-162.07
198.476	109.73
198.693	11300
198.91	-30.47
199.127	-288.06
199.344	72.47
199.561	208.67
199.778	49.5
199.995	-520.9
200.212	1575.86
200.429	101.9
200.646	-183.54
200.862	688.76
201.079	-48.68
201.296	269.54
201.513	92.23
201.73	-124.35
201.947	187.34
202.163	127.25
202.38	201.73
202.597	76.47
202.814	117.63
203.03	980
203.247	53.77
203.464	59.46
203.681	110.39
203.897	243.54
204.114	-518.87
204.331	54.29
204.547	-169.77
204.764	107.31
204.981	217.65
205.197	265.11
205.414	50.8
205.63	3.45
205.847	114.07
206.064	238.18
206.28	-19.89
206.497	50.37
206.713	158.52
206.93	-62.26
207.146	67.13
207.363	223.08
207.579	64.84
207.796	-466.37
208.012	-78.63
208.229	-252.24
208.445	-19.89
208.662	17.98
208.878	227.86
209.095	-3311.76
209.311	38.46
209.528	1185.71
209.744	-60.62
209.96	261.59
210.177	325.24
210.393	31.16
210.609	-1900
210.826	-339.26
211.042	260
211.258	1055.22
211.475	-128.88
211.691	-44.67
211.907	1426.58
212.124	-11.07
212.34	438.29
212.556	58.78
212.772	-225.27
212.989	142.38
213.205	12.92
213.421	-181.41
213.637	553.73
213.853	-55.64
214.069	2142.11
214.286	20.7
214.502	16.42
214.718	-52.98
214.934	129.46
215.15	16.07
215.366	-30.59
215.582	232.86
215.798	99.19
216.015	94.02
216.231	162.7
216.447	73.47
216.663	35.48
216.879	-133.17
217.095	306.71
217.311	-496.23
217.527	195.32
217.743	-175.73
217.959	296.23
218.175	41.11
218.391	102.88
218.606	-14.29
218.822	-136.52
219.038	256.15
219.254	75.58
219.47	121.84
219.686	-174.16
219.902	18.51
220.118	-21.96
220.334	-0.12
220.549	-18.49
220.765	14.77
220.981	-50.99
221.197	13.3
221.413	-172.53
221.628	849.37
221.844	500
222.06	313.59
222.276	-0.17
222.491	167.95
222.707	-46.89
222.923	-708.05
223.139	49.76
223.354	59.31
223.57	207.09
223.786	57.16
224.001	-42.08
224.217	192.13
224.432	-138.15
224.648	173.43
224.864	100.96
225.079	141.79
225.295	-143.18
225.51	45.95
225.726	-8.4
225.942	210.34
226.157	71.67
226.373	-0.43
226.588	103.37
226.804	-952.63
227.019	174.37
227.235	-4.25
227.45	75.79
227.665	9860
227.881	443.31
228.096	113.91
228.312	98.01
228.527	87.92
228.743	191.43
228.958	-21.28
229.173	-293.04
229.389	13.82
229.604	67.75
229.819	29.16
230.035	-0.35
230.25	66.18
230.465	168.09
230.681	-19.87
230.896	37.94
231.111	81.48
231.327	211.44
231.542	-2140
231.757	-35.32
231.972	71.73
232.187	9.79
232.403	-573.68
232.618	44.41
232.833	67.61
233.048	-372.73
233.263	-0.19
233.478	-42.61
233.694	-672.09
233.909	1119.35
234.124	85.14
234.339	42.07
234.554	1327.59
234.769	-176.49
234.984	-5.83
235.199	125.85
235.414	-211.5
235.629	408.86
235.844	109.3
236.059	65.49
236.274	61.33
236.489	-45.45
236.704	103.29
236.919	55.69
237.134	96.42
237.349	31.96
237.564	45.59
237.779	-149.08
237.994	203.83
238.209	172.9
238.424	161.35
238.639	108.09
238.853	5.34
239.068	61.33
239.283	-80.06
239.498	281.53
239.713	129.37
239.928	47.19
240.142	-39.71
240.357	81.47
240.572	36.9
240.787	133.79
241.001	137.45
241.216	33.8
241.431	226.69
241.646	57.42
241.86	-188.79
242.075	-225.58
242.29	-34.53
242.504	38.35
242.719	313.66
242.934	8.66
243.148	10.71
243.363	95.44
243.577	-389.89
243.792	-136.44
244.007	34.66
244.221	266.23
244.436	571.64
244.65	242.33
244.865	107.58
245.079	128.7
245.294	-138.85
245.508	56.35
245.723	104.51
245.937	-159.34
246.152	-32.24
246.366	36.88
246.581	59.93
246.795	161.35
247.01	72.56
247.224	40.76
247.438	-64.87
247.653	57.65
247.867	111.27
248.081	78.64
248.296	-495.12
248.51	72.43
248.724	67.54
248.939	-449.25
249.153	-4.49
249.367	-25.36
249.582	42.23
249.796	-76.62
250.01	47.02
250.224	102.58
250.439	-0.28
250.653	47.72
250.867	-6.35
251.081	56.4
251.295	-54.28
251.51	40.43
251.724	-259.71
251.938	-30.86
252.152	-279.56
252.366	75.79
252.58	-176.36
252.794	87.55
253.008	-111.92
253.223	140.8
253.437	67.4
253.651	43.19
253.865	121.41
254.079	-94.26
254.293	7.01
254.507	805.45
254.721	35.48
254.935	-146.15
255.149	121.99
255.363	37.41
255.577	-71.81
255.791	133.9
256.005	389.57
256.218	111.39
256.432	27.37
256.646	51.29
256.86	-17.18
257.074	93.03
257.288	4340
257.502	592.31
257.716	22.02
257.929	180.97
258.143	-2.06
258.357	-0.35
258.571	216.61
258.785	77.17
258.998	54.99
259.212	122.56
259.426	42.6
259.64	81.62
259.853	-45.45
260.067	92.51
260.281	73.83
260.494	98.07
260.708	-117.82
260.922	68.79
261.135	103.98
261.349	-46.55
261.563	144.34
261.776	-1194.12
261.99	117.51
262.203	37.83
262.417	148.06
262.63	76.95
262.844	419.1
263.058	97.29
263.271	55.99
263.485	54.99
263.698	0.13
263.912	-36.17
264.125	-17.89
264.339	103.15
264.552	57.7
264.765	145.22
264.979	86.21
265.192	173.02
265.406	144.92
265.619	-39.02
265.832	29.16
266.046	-0.19
266.259	60.68
266.473	654.84
266.686	86.28
266.899	109.11
267.113	-2620
267.326	-85.16
267.539	76.94
267.752	31.16
267.966	64.82
268.179	17.34
268.392	56.57
268.605	169.29
268.819	57.37
269.032	170.14
269.245	112.31
269.458	176.75
269.671	256.96
269.885	47.67
270.098	-21.24
270.311	150.63
270.524	47.48
270.737	-46.29
270.95	-0.66
271.163	-57.48
271.376	-1435.48
271.589	272.15
271.802	12.01
272.016	-66.78
272.229	91.13
272.442	38.46
272.655	90.5
272.868	-31.32
273.081	216.85
273.294	-12.69
273.506	122.61
273.719	36.88
273.932	45.3
274.145	3620
274.358	151.72
274.571	138.99
274.784	409.43
274.997	25.29
275.21	-26.65
275.423	-66.73
275.635	-18.59
275.848	45.65
276.061	213.91
276.274	39.64
276.487	40.87
276.699	86.1
276.912	27.37
277.125	91.49
277.338	85.99
277.55	46.19
277.763	-8.92
277.976	223.45
278.189	-53.85
278.401	100.61
278.614	375.2
278.827	39.81
279.039	63.94
279.252	112.08
279.464	-30.95
279.677	71.57
279.89	-46.68
280.102	95.98
280.315	1231.71
280.527	-447.37
280.74	-1031.03
280.952	37.35
281.165	62.37
281.377	61.76
281.59	93.73
281.802	94.17
282.015	-55.18
282.227	77.3
282.44	361.87
282.652	-228.09
282.865	45.02
283.077	112.53
283.29	137.31
283.502	62.78
283.714	73.46
283.927	3.45
284.139	-174.68
284.351	143.99
284.564	70.05
284.776	30.88
284.988	42.05
285.201	374.63
285.413	-18.42
285.625	-245.95
285.838	43.82
286.05	19.48
286.262	110.33
286.474	50.45
286.686	-40.73
286.899	-102.69
287.111	-0.17
287.323	58.17
287.535	24.75
287.747	125.92
287.959	34.33
288.172	-67.27
288.384	24.38
288.596	-13.9
288.808	-745.28
289.02	749.06
289.232	74.19
289.444	32.76
289.656	-31.6
289.868	59.4
290.08	14.11
290.292	-77.02
290.504	-16.3
290.716	47.05
290.928	59.94
291.14	1197.67
291.352	47.54
291.564	782.35
291.776	76.18
291.988	-66.87
292.2	-68.72
292.412	-31.89
292.624	-19.34
292.835	679.1
293.047	45.8
293.259	-184.64
293.471	16.74
293.683	441.46
293.895	56.57
294.106	-38.59
294.318	74.96
294.53	93.48
294.742	1865.52
294.953	35.06
295.165	55.76
295.377	190.47
295.589	62.87
295.8	142.71
296.012	110.54
296.224	16.3
296.435	-7.41
296.647	260.89
296.858	396.4
297.07	1201.54
297.282	43.4
297.493	-17.45
297.705	13.14
297.916	4.98
298.128	65.12
298.34	137.06
298.551	-14.89
298.763	51.62
298.974	110.14
299.186	59.52
299.397	-112.24
299.609	577.42
299.82	84.94
300.031	19.74
300.243	942.11
300.454	477.91
300.666	19.75
300.877	460.19
301.089	71.06
301.3	43.82
301.511	-10.8
301.723	39.69
301.934	-198.51
302.145	57.7
302.357	149.86
302.568	68
302.779	-7.19
302.99	177.13
303.202	50.33
303.413	44.42
303.624	44.41
303.835	-835.85
304.047	33.6
304.258	35.2
304.469	39.79
304.68	33.2
304.891	23.73
305.103	92.28
305.314	82.21
305.525	-3614.29
305.736	188.19
305.947	108.73
306.158	4452.94
306.369	99.13
306.58	-7.92
306.791	8.2
307.002	-29.98
307.213	20.94
307.424	20.85
307.636	25.89
307.846	86.21
308.057	162.14
308.268	-32.49
308.479	115.61
308.69	-5.09
308.901	-0.14
309.112	-113.95
309.323	47.67
309.534	184.94
309.745	64.11
309.956	132.86
310.167	-10.25
310.377	40.36
310.588	124.81
310.799	111.34
311.01	-79.5
311.221	12.4
311.432	2.44
311.642	27.58
311.853	63.06
312.064	-658.62
312.275	58.36
312.485	112.53
312.696	49.02
312.907	-96.98
313.117	72.9
313.328	-17.71
313.539	110.23
313.749	29.53
313.96	-80.22
314.171	67.23
314.381	75.91
314.592	-4.2
314.802	-0.13
315.013	22.62
315.224	46.79
315.434	310.53
315.645	740
315.855	199.18
316.066	-79.78
316.276	105.65
316.487	617.07
316.697	12.46
316.908	82.8
317.118	137.46
317.329	62.64
317.539	55.72
317.749	417.6
317.96	-270.15
318.17	-7.99
318.381	236.26
318.591	91.21
318.801	76.27
319.012	232.86
319.222	476.7
319.432	-0.25
319.643	41.69
319.853	-81.17
320.063	78.17
320.273	72.63
320.484	104.4
320.694	323.67
320.904	68.81
321.114	176.4
321.325	334.48
321.535	118.96
321.745	-23.14
321.955	111.53
322.165	21.45
322.375	20.52
322.585	168.71
322.796	-575.86
323.006	-54.37
323.216	94.08
323.426	11.66
323.636	46.41
323.846	-617.24
324.056	65.45
324.266	97.38
324.476	90.97
324.686	-330.27
324.896	-13.13
325.106	545.28
325.316	-24.88
325.526	-1836.84
325.736	51.72
325.946	-3.26
326.156	983.12
326.366	-418.26
326.576	81.4
326.785	71.86
326.995	-3.12
327.205	53.77
327.415	231.53
327.625	-200.73
327.835	48.3
328.044	246.73
328.254	260
328.464	241.34
328.674	106.21
328.884	42.45
329.093	249.73
329.303	67.18
329.513	-36.65
329.722	-763.16
329.932	113.6
330.142	-11.97
330.351	63.64
330.561	761.82
330.771	30.63
330.98	-29.7
331.19	223.08
331.4	-102.12
331.609	76.34
331.819	60.98
332.028	246.29
332.238	76.95
332.447	40.68
332.657	49.44
332.866	58.31
333.076	50.78
333.285	70.03
333.495	1274.19
333.704	-328.7
333.914	51.45
334.123	10.79
334.333	-515.38
334.542	55.31
334.752	592.31
334.961	-496.23
335.17	-127.14
335.38	-13.35
335.589	45.81
335.798	147.64
336.008	341.76
336.217	-0.43
336.426	72.02
336.636	106.81
336.845	148.45
337.054	593.51
337.263	-4.12
337.473	66.42
337.682	3.58
337.891	25.04
338.1	197.84
338.309	55.87
338.519	188.38
338.728	36.87
338.937	-19.69
339.146	189.21
339.355	-994.34
339.564	2331.58
339.773	17.59
339.983	85.27
340.192	-272.17
340.401	241.69
340.61	38.46
340.819	-0.16
341.028	-70.49
341.237	-1264.71
341.446	20
341.655	47.39
341.864	-102.84
342.073	87.32
342.282	-81.2
342.491	23.95
342.699	173.79
342.908	-107.79
343.117	246.7
343.326	111.34
343.535	-394.55
343.744	-11.48
343.953	-14.29
344.162	63.84
344.37	37.59
344.579	70.15
344.788	36.57
344.997	28.47
345.206	66.12
345.414	20
345.623	172.32
345.832	89.7
346.041	171.07
346.249	78.49
346.458	52.6
346.667	44.24
346.875	39.04
347.084	-0.09
347.293	36.07
347.501	10.9
347.71	-5.95
347.918	-31.37
348.127	-581.32
348.336	-278.81
348.544	93.43
348.753	-950.75
348.961	6.26
349.17	235.91
349.378	139.07
349.587	8.68
349.795	115.53
350.004	333.85
350.212	68.77
350.421	-487.61
350.629	-7.55
350.838	-11.14
351.046	48.13
351.254	-25.43
351.463	71.3
351.671	-510.53
351.879	124.1
352.088	98.78
352.296	11.5
352.504	98.43
352.713	72.47
352.921	93.7
353.129	4.72
353.338	-49.27
353.546	7.97
353.754	234.97
353.962	-66.79
354.171	-59.41
354.379	-763.16
354.587	8.27
354.795	148.21
355.003	-5.86
355.212	3.32
355.42	-88.68
355.628	228.19
355.836	64.75
356.044	-2.49
356.252	82.31
356.46	-54.28
356.668	813.85
356.876	75.36
357.084	47.48
357.292	-0.16
357.5	21.29
357.708	10.12
357.916	117.44
358.124	62.68
358.332	-234.33
358.54	-350.91
358.748	79.22
358.956	23.11
359.164	48.81
359.372	54.99
359.58	-35.25
359.788	57.75
359.996	8.95
360.203	31.22
360.411	70.53
360.619	-96.98
360.827	88.01
361.035	-457.06
361.242	126.98
361.45	484.81
361.658	45.02
361.866	82.8
362.073	3.89
362.281	140.57
362.489	20
362.697	2.51
362.904	39.58
363.112	193.09
363.32	43.03
363.527	-53.04
363.735	198.84
363.943	9.02
364.15	-34.28
364.358	59.92
364.565	56.8
364.773	43.09
364.98	-38.52
365.188	67.17
365.395	92.06
365.603	-85.76
365.81	11.8
366.018	26.98
366.225	118.4
366.433	-24.07
366.64	90.49
366.848	141.46
367.055	108.78
367.263	114.79
367.47	70.55
367.677	226.58
367.885	42.35
368.092	62.6
368.299	70.7
368.507	71.77
368.714	234.51
368.921	-48.03
369.129	88.81
369.336	35.97
369.543	59.4
369.751	7.86
369.958	-118.83
370.165	41.56
370.372	37.03
370.579	5.88
370.787	88.49
370.994	189.18
371.201	55.31
371.408	25.03
371.615	-30.02
371.822	54.44
372.029	-8.47
372.237	-226.86
372.444	117.3
372.651	92.89
372.858	88.27
373.065	7.08
373.272	91.82
373.479	-1941.38
373.686	96.21
373.893	604.85
374.1	-97.13
374.307	-475.54
374.514	96.76
374.721	-43.03
374.928	-29.87
375.135	43.05
375.341	-1660
375.548	29.75
375.755	-7.29
375.962	-10.18
376.169	-31.15
376.376	-155.87
376.583	15.74
376.789	57.28
376.996	143.05
377.203	16.63
377.41	-6.22
377.617	68.67
377.823	31.55
378.03	190.32
378.237	127.93
378.443	74.86
378.65	658.49
378.857	4.06
379.063	712.66
379.27	72.17
379.477	110.9
379.683	104.36
379.89	52.07
380.097	-9.59
380.303	15.11
380.51	12.67
380.716	88.63
380.923	254.33
381.129	24.59
381.336	37.01
381.542	29.26
381.749	-9.16
381.955	63.48
382.162	165.73
382.368	7.56
382.575	27.15
382.781	168.97
382.988	-85.09
383.194	-34.09
383.4	-43.05
383.607	35.02
383.813	-66.79
384.02	4.74
384.226	44.83
384.432	6.4
384.639	107.54
384.845	-259.49
385.051	49.03
385.257	32.92
385.464	63.1
385.67	33.94
385.876	108.64
386.082	-146.78
386.289	-12.87
386.495	82.99
386.701	15.31
386.907	-12.53
387.113	31.97
387.319	49.38
387.526	-152.77
387.732	-10.24
387.938	221.6
388.144	-220
388.35	60.74
388.556	29.9
388.762	87.72
388.968	639.53
389.174	26.91
389.38	36.07
389.586	-61.47
389.792	-22.14
389.998	15.33
390.204	76.68
390.41	72.67
390.616	78.32
390.822	8.79
391.028	22.23
391.234	-10.14
391.439	-303.88
391.645	34.06
391.851	54.6
392.057	27.34
392.263	45.36
392.469	78.79
392.674	29.71
392.88	62.89
393.086	24.31
393.292	61.24
393.498	-49.32
393.703	7.87
393.909	38.55
394.115	127.88
394.32	7.38
394.526	12.05
394.732	60.17
394.937	73.82
395.143	-29.55
395.349	23.11
395.554	-277.89
395.76	30.63
395.965	-103.75
396.171	47.14
396.377	-11.94
396.582	52.6
396.788	-4.68
396.993	8.63
397.199	-2.27
397.404	29.49
397.61	5.88
397.815	-76.37
398.021	-115.43
398.226	19.35
398.431	-0.1
398.637	44.43
398.842	21.49
399.048	41.8
399.253	31.86
399.458	-4.66
399.664	30.13
399.869	-25.58
400.074	36.13
400.28	8.83
400.485	-60.29
400.69	26.78
400.896	5.51
401.101	-15.7
401.306	3.68
401.511	16.54
401.716	7.81
401.922	29.4
402.127	-4.1
402.332	3.5
402.537	39.24
402.742	10.53
402.947	53.55
403.153	4.28
403.358	23.44
403.563	34.03
403.768	18.96
403.973	-0.56
404.178	0.9
404.383	-2.24
404.588	20.76
404.793	25.01
404.998	4.44
405.203	-0.03
405.408	4.95
405.613	19.67
405.818	13.5
406.023	-1.92
406.228	-3.78
406.433	-7.09
406.638	11.82
406.842	12.06
407.047	7.7
407.252	-5.58
407.457	20.2
407.662	7.04
407.867	17.48
408.071	8.93
408.276	1.3
408.481	3.01
408.686	9.17
408.891	5.48
409.095	6.15
409.3	3.85
409.505	2.72
409.709	2.5
409.914	5.12
410.119	3.76
410.323	4.98
410.528	-1.38
410.733	10.92
410.937	8.37
411.142	5.31
411.346	11.8
411.551	1.23
411.756	-1.87
411.96	5.14
412.165	-0.49
412.369	7.22
412.574	0.4
412.778	2.59
412.983	0.89
413.187	10.61
413.392	1.89
413.596	4.41
413.8	1.31
414.005	6.8
414.209	1.52
414.414	5.53
414.618	1.8
414.822	4.45
415.027	6.19
415.231	5.25
415.435	3.78
415.64	2.63
415.844	2.91
416.048	2.29
416.252	5.62
416.457	3.61
416.661	3.7
416.865	3.69
417.069	1.81
417.274	3.47
417.478	4.89
417.682	4.68
417.886	1.95
418.09	3.86
418.294	3.8
418.498	3.98
418.702	4.53
418.907	4.49
419.111	3.25
419.315	4.15
419.519	5.48
419.723	2.93
419.927	4.3
420.131	4.43
420.335	4.28
420.539	2.8
420.743	6.9
420.947	2.7
421.151	2.62
421.355	4.36
421.558	4.02
421.762	3.61
421.966	3.93
422.17	4.11
422.374	3.21
422.578	2.84
422.782	3.68
422.985	3.84
423.189	3.9
423.393	2.87
423.597	3.39
423.801	3.32
424.004	3.13
424.208	3.32
424.412	4.1
424.615	3.29
424.819	3.45
425.023	4.1
425.226	3.87
425.43	4.88
425.634	3.88
425.837	3.04
426.041	4.06
426.245	3.27
426.448	3.06
426.652	3.37
426.855	3.01
427.059	3.4
427.262	3.88
427.466	2.14
427.669	3.92
427.873	3.02
428.076	3.63
428.28	2.96
428.483	3.12
428.687	3.4
428.89	3.9
429.094	2.85
429.297	3.13
429.5	3.27
429.704	3.38
429.907	3.5
430.11	3.61
430.314	4.09
430.517	3.42
430.72	3.68
430.924	3.81
431.127	3.5
431.33	3.93
431.533	4.05
431.737	3.58
431.94	3.12
432.143	3.29
432.346	3.06
432.549	2.95
432.752	2.9
432.956	3.57
433.159	2.61
433.362	3.14
433.565	3.33
433.768	3.51
433.971	2.82
434.174	3.14
434.377	3.18
434.58	3.8
434.783	2.78
434.986	3.64
435.189	3.59
435.392	3.29
435.595	3.75
435.798	3.48
436.001	3.42
436.204	3.31
436.407	3.17
436.61	3.54
436.813	3.1
437.016	3.31
437.219	3.11
437.421	3.52
437.624	3.14
437.827	3.29
438.03	3.18
438.233	2.72
438.435	3.42
438.638	3.2
438.841	3.28
439.044	2.89
439.246	3.21
439.449	3.18
439.652	3.25
439.854	3.39
440.057	3.32
440.26	3.05
440.462	3.6
440.665	2.75
440.868	3.25
441.07	3.45
441.273	3.54
441.475	3.31
441.678	3.33
441.88	3.35
442.083	2.97
442.286	3.1
442.488	2.98
442.69	3.1
442.893	3.13
443.095	3.29
443.298	3.21
443.5	3.11
443.703	3.09
443.905	3.19
444.108	3.59
444.31	3.14
444.512	3.27
444.715	3.37
444.917	3.02
445.119	3.28
445.322	3.29
445.524	3.4
445.726	3.05
445.928	3.31
446.131	3.38
446.333	2.78
446.535	3.45
446.737	3.28
446.94	3.82
447.142	3.53
447.344	3.46
447.546	3.27
447.748	3.44
447.95	3.22
448.152	3.25
448.354	3.46
448.557	3.79
448.759	3.44
448.961	3.04
449.163	3.38
449.365	3.53
449.567	3.51
449.769	3.16
449.971	3.14
450.173	3.53
450.375	3.51
450.577	3.43
450.779	3.35
450.981	3.54
451.182	3.33
451.384	3.14
451.586	3.58
451.788	3.51
451.99	3.67
452.192	3.07
452.394	3.47
452.595	4.03
452.797	3.01
452.999	3.79
453.201	3.56
453.402	3.66
453.604	3.23
453.806	3.43
454.008	3.47
454.209	4.32
454.411	3.5
454.613	3.98
454.814	3.66
455.016	3.81
455.218	3.23
455.419	3.85
455.621	4.39
455.822	3.36
456.024	3.29
456.225	3.81
456.427	3.63
456.629	3.33
456.83	3.82
457.032	3.87
457.233	3.46
457.435	3.76
457.636	4.23
457.837	3.62
458.039	3.95
458.24	4.06
458.442	4.03
458.643	2.85
458.844	4.09
459.046	3.93
459.247	4.64
459.448	3.8
459.65	3.51
459.851	3.71
460.052	4.22
460.254	4.41
460.455	4.18
460.656	3.79
460.857	4.21
461.059	3.45
461.26	3.76
461.461	3.59
461.662	3.25
461.863	4.21
462.065	4.12
462.266	3.44
462.467	3.68
462.668	3.57
462.869	4.34
463.07	4.03
463.271	4.84
463.472	2.87
463.673	3.44
463.874	3.92
464.075	3.88
464.276	3.59
464.477	3.79
464.678	3.72
464.879	3.44
465.08	4.43
465.281	3.77
465.482	4.95
465.683	3.59
465.884	3.87
466.085	3.98
466.285	3.07
466.486	4.23
466.687	4.47
466.888	3.65
467.089	4.05
467.29	4.11
467.49	4.06
467.691	4.49
467.892	2.95
468.093	3.69
468.293	4.17
468.494	3.16
468.695	3.81
468.895	4
469.096	2.27
469.297	4.22
469.497	3.41
469.698	4.31
469.898	3.19
470.099	4.95
470.3	3.75
470.5	4.48
470.701	3.76
470.901	4.18
471.102	4.17
471.302	3.6
471.503	3.53
471.703	4.83
471.904	3.67
472.104	3.01
472.305	3.38
472.505	3.61
472.705	3.41
472.906	4
473.106	4.85
473.306	4.95
473.507	4.42
473.707	4.49
473.907	3.2
474.108	2.33
474.308	3.53
474.508	4.27
474.709	4.32
474.909	5.07
475.109	2.81
475.309	4.15
475.51	2.52
475.71	3.8
475.91	3.9
476.11	2.7
476.31	3.57
476.51	5.23
476.71	2.74
476.911	4.86
477.111	2.86
477.311	2.63
477.511	3.58
477.711	2.02
477.911	3.77
478.111	5.73
478.311	3.32
478.511	3.69
478.711	4.73
478.911	3.44
479.111	3.38
479.311	3.62
479.511	4.39
479.711	2.81
479.91	2.75
480.11	4.95
480.31	4.18
480.51	4.77
480.71	2.91
480.91	4.69
481.109	3.64
481.309	4.94
481.509	2.71
481.709	5.39
481.909	4.92
482.108	3.17
482.308	1.76
482.508	4.46
482.707	4.75
482.907	3.95
483.107	4.89
483.306	3.58
483.506	3.82
483.706	2.87
483.905	2.48
484.105	4.13
484.304	3.78
484.504	3.48
484.704	3.5
484.903	2.59
485.103	4.36
485.302	3.31
485.502	4.31
485.701	4.47
485.901	2.81
486.1	2.84
486.299	4.76
486.499	2.64
486.698	3.69
486.898	4.38
487.097	3.41
487.296	2.62
487.496	4
487.695	1.97
487.894	3.11
488.094	3.29
488.293	3.97
488.492	3.26
488.692	3.83
488.891	4.04
489.09	2.69
489.289	2.51
489.489	3.61
489.688	3.36
489.887	4.07
490.086	3.51
490.285	4.78
490.484	5.62
490.683	5.32
490.883	3.22
491.082	4.01
491.281	3.97
491.48	3.68
491.679	4.75
491.878	3.92
492.077	3.85
492.276	4.32
492.475	3.52
492.674	4.09
492.873	4.31
493.072	2.78
493.271	3.68
493.47	3.19
493.669	4.39
493.867	3.9
494.066	3.1
494.265	3.89
494.464	4.33
494.663	3.36
494.862	2.7
495.06	2.7
495.259	2.85
495.458	3.43
495.657	3.31
495.856	4.07
496.054	4.64
496.253	4.03
496.452	4.28
496.65	3.47
496.849	3.64
497.048	4.3
497.246	2.75
497.445	4.06
497.644	3.31
497.842	4.9
498.041	4.24
498.239	3.5
498.438	3.68
498.636	3.52
498.835	4.63
499.034	4.29
499.232	3.17
499.431	4.35
499.629	3.8
499.827	4.39
500.026	3.2
500.224	3.36
500.423	3.26
500.621	3.74
500.82	4.07
501.018	4.21
501.216	3.47
501.415	4.03
501.613	3.65
501.811	3.91
502.01	4.67
502.208	3.6
502.406	4.3
502.604	4.64
502.803	3.59
503.001	4.24
503.199	4.26
503.397	3.85
503.595	3.85
503.794	4.1
503.992	4.22
504.19	3.64
504.388	4.49
504.586	3.94
504.784	4.02
504.982	4.25
505.18	4.12
505.378	4.34
505.576	3.47
505.774	4.54
505.972	4.03
506.17	5.03
506.368	4.01
506.566	4.25
506.764	4.65
506.962	4.79
507.16	4.14
507.358	3.85
507.556	4.25
507.754	4.8
507.952	4.01
508.15	4.53
508.347	4.55
508.545	4.66
508.743	3.97
508.941	3.99
509.139	5.2
509.336	4.38
509.534	5.05
509.732	4.46
509.93	3.79
510.127	4.4
510.325	4.1
510.523	4.24
510.72	4.89
510.918	4.74
511.116	4.25
511.313	3.38
511.511	5.02
511.708	4.47
511.906	4.91
512.104	4.47
512.301	4.54
512.499	5.09
512.696	4.26
512.894	4.12
513.091	4.44
513.289	4.38
513.486	4.27
513.683	4.28
513.881	4.6
514.078	5.02
514.276	4.69
514.473	4.31
514.67	4.89
514.868	4.73
515.065	4.87
515.262	5.16
515.46	4.53
515.657	4.98
515.854	4.78
516.052	4.37
516.249	5.39
516.446	5.09
516.643	4.29
516.84	5.23
517.038	5.02
517.235	4.31
517.432	4.97
517.629	5.03
517.826	5.13
518.023	4.96
518.221	5.13
518.418	5.34
518.615	5.08
518.812	5.11
519.009	5.35
519.206	5.39
519.403	5
519.6	4.88
519.797	4.92
519.994	5.03
520.191	5.26
520.388	5.09
520.585	5.25
520.782	5.24
520.978	4.9
521.175	5.12
521.372	5.59
521.569	5.34
521.766	4.84
521.963	5.09
522.159	5.3
522.356	4.93
522.553	5.89
522.75	5.74
522.947	5.47
523.143	5.17
523.34	5.47
523.537	5.4
523.733	5.08
523.93	5.4
524.127	5.16
524.323	5.47
524.52	5.29
524.717	5.07
524.913	5.37
525.11	5.34
525.306	5.79
525.503	5.08
525.7	5.65
525.896	5.46
526.093	5.61
526.289	6.03
526.486	5.42
526.682	5.36
526.878	5.16
527.075	6.02
527.271	5.6
527.468	5.97
527.664	5.65
527.861	5.39
528.057	5.47
528.253	5.76
528.45	5.46
528.646	5.3
528.842	5.48
529.039	5.73
529.235	6.14
529.431	5.88
529.627	5.87
529.824	5.91
530.02	5.68
530.216	5.66
530.412	5.99
530.608	5.87
530.804	5.94
531.001	6.15
531.197	6.14
531.393	5.86
531.589	5.83
531.785	5.82
531.981	6.11
532.177	6.13
532.373	5.89
532.569	6.16
532.765	5.57
532.961	6.38
533.157	5.62
533.353	6.11
533.549	6.05
533.745	5.83
533.941	6.04
534.137	5.75
534.333	5.84
534.529	6.18
534.725	6.06
534.92	6.24
535.116	5.89
535.312	5.96
535.508	6.06
535.704	5.83
535.899	5.61
536.095	6.02
536.291	6.53
536.487	5.76
536.682	6.65
536.878	6.67
537.074	6.17
537.269	6.2
537.465	6.48
537.661	6.27
537.856	6.24
538.052	6.64
538.248	6.24
538.443	6.07
538.639	6.28
538.834	6.34
539.03	6.35
539.225	6.7
539.421	6
539.616	6.62
539.812	6.23
540.007	6.61
540.203	6.27
540.398	6.79
540.593	6.4
540.789	6.73
540.984	6.36
541.18	6.42
541.375	6.77
541.57	6.6
541.766	6.57
541.961	6.67
542.156	6.98
542.352	6.5
542.547	6.58
542.742	6.4
542.937	6.61
543.133	6.77
543.328	6.92
543.523	6.32
543.718	6.9
543.913	6.91
544.108	6.84
544.304	6.84
544.499	7.04
544.694	6.79
544.889	6.89
545.084	7.35
545.279	7.28
545.474	7.02
545.669	6.66
545.864	6.64
546.059	6.96
546.254	6.97
546.449	6.95
546.644	6.46
546.839	6.87
547.034	6.88
547.229	7.11
547.424	7.06
547.618	7.3
547.813	7.21
548.008	7.37
548.203	6.97
548.398	7.37
548.593	7.33
548.787	7.77
548.982	6.93
549.177	7.13
549.372	7.32
549.566	7.38
549.761	6.79
549.956	7.41
550.15	7.27
550.345	7.32
550.54	7.85
550.734	7.52
550.929	7.51
551.124	7.35
551.318	7.58
551.513	7.44
551.707	7.98
551.902	7.88
552.096	7.84
552.291	7.89
552.485	7.9
552.68	7.65
552.874	7.36
553.069	8.2
553.263	7.34
553.458	7.66
553.652	8.06
553.847	7.42
554.041	7.86
554.235	7.62
554.43	7.78
554.624	8.13
554.818	7.97
555.013	7.69
555.207	8.06
555.401	8.3
555.595	8.25
555.79	7.89
555.984	7.81
556.178	7.92
556.372	8
556.566	7.89
556.761	8.21
556.955	7.87
557.149	8.2
557.343	8.02
557.537	8.43
557.731	8.5
557.925	8.16
558.119	8.12
558.313	8.24
558.507	7.78
558.701	8.51
558.895	8.75
559.089	8.35
559.283	8.36
559.477	8.43
559.671	8.37
559.865	8.35
560.059	8.59
560.253	8.02
560.447	8.61
560.641	8.62
560.835	8.43
561.028	9.24
561.222	8.5
561.416	8.52
561.61	8.44
561.804	8.93
561.997	8.39
562.191	8.7
562.385	8.73
562.579	8.32
562.772	8.89
562.966	8.64
563.16	8.5
563.353	8.79
563.547	8.71
563.741	8.54
563.934	8.97
564.128	8.85
564.321	9.03
564.515	9.04
564.708	8.95
564.902	8.73
565.095	9.2
565.289	9.3
565.482	9.18
565.676	9.1
565.869	8.89
566.063	9.11
566.256	9.19
566.45	8.97
566.643	8.72
566.836	9.58
567.03	9.61
567.223	9.49
567.416	9.41
567.61	9.58
567.803	9.58
567.996	9.56
568.19	9.3
568.383	9.25
568.576	9.04
568.769	9.6
568.963	9.63
569.156	9.45
569.349	9.73
569.542	9.76
569.735	9.62
569.928	9.17
570.121	9.71
570.315	9.54
570.508	9.64
570.701	9.67
570.894	9.97
571.087	9.14
571.28	10
571.473	9.69
571.666	10.19
571.859	9.5
572.052	9.42
572.245	10.09
572.438	9.71
572.631	9.96
572.824	9.24
573.016	10.06
573.209	9.94
573.402	9.7
573.595	10.11
573.788	10.23
573.981	9.49
574.173	9.94
574.366	10.17
574.559	10.1
574.752	9.71
574.944	10.09
575.137	10
575.33	10.23
575.523	10.2
575.715	9.66
575.908	9.8
576.101	9.81
576.293	9.92
576.486	9.76
576.678	9.92
576.871	10.01
577.063	10.39
577.256	10.24
577.449	10.38
577.641	10.15
577.834	10.01
578.026	10.21
578.219	9.99
578.411	10.39
578.603	10.69
578.796	10.14
578.988	10.44
579.181	10.16
579.373	10.45
579.565	10.61
579.758	10.31
579.95	10.23
580.142	10.54
580.335	10.24
580.527	10.53
580.719	10.7
580.912	10.41
581.104	10.85
581.296	10.53
581.488	10.97
581.68	10.74
581.873	10.9
582.065	10.82
582.257	10.87
582.449	10.59
582.641	10.55
582.833	10.64
583.025	10.65
583.217	11.12
583.41	10.57
583.602	10.78
583.794	10.61
583.986	10.84
584.178	10.59
584.37	10.63
584.562	10.78
584.753	11.14
584.945	10.74
585.137	10.9
585.329	10.95
585.521	11.18
585.713	11.02
585.905	11.43
586.097	11.18
586.289	11.18
586.48	11.08
586.672	10.79
586.864	11.27
587.056	11.26
587.247	11.03
587.439	10.91
587.631	11.29
587.823	11.33
588.014	11.22
588.206	11.3
588.398	11.23
588.589	11.29
588.781	10.69
588.972	11.42
589.164	11.52
589.356	11.51
589.547	11.45
589.739	11.36
589.93	11.94
590.122	11.35
590.313	11.09
590.505	11.89
590.696	11.51
590.888	11.5
591.079	11.81
591.271	11.59
591.462	11.32
591.653	11.69
591.845	11.76
592.036	11.96
592.227	11.61
592.419	11.96
592.61	11.59
592.801	11.96
592.993	11.68
593.184	12.09
593.375	11.88
593.566	12.01
593.758	12.03
593.949	12.11
594.14	11.62
594.331	12.13
594.522	12.21
594.713	12.39
594.905	11.96
595.096	12.29
595.287	12.33
595.478	12.5
595.669	12.54
595.86	12.3
596.051	12.34
596.242	12.17
596.433	12.15
596.624	12.31
596.815	12.18
597.006	12.63
597.197	12.09
597.388	12.89
597.579	12.45
597.77	12.17
597.96	11.95
598.151	12.6
598.342	12.48
598.533	13.1
598.724	13.19
598.915	12.81
599.105	12.37
599.296	13.04
599.487	12.53
599.678	12.65
599.868	12.61
600.059	12.61
600.25	13.07
600.44	12.91
600.631	12.8
600.822	12.92
601.012	13.48
601.203	12.34
601.394	13.35
601.584	13.14
601.775	12.86
601.965	13.39
602.156	13.18
602.346	13.56
602.537	12.95
602.727	13.45
602.918	13.06
603.108	13.45
603.299	13.13
603.489	13.94
603.679	13.42
603.87	13.51
604.06	13.93
604.251	13.39
604.441	13.39
604.631	13.27
604.822	13.98
605.012	13.43
605.202	14.12
605.392	13.69
605.583	13.67
605.773	13.87
605.963	14.1
606.153	13.29
606.344	13.77
606.534	14.22
606.724	13.79
606.914	13.32
607.104	13.82
607.294	13.8
607.484	13.96
607.674	13.64
607.864	14.23
608.054	13.95
608.245	13.55
608.435	13.64
608.625	14.75
608.814	13.86
609.004	14.27
609.194	14.03
609.384	14.58
609.574	14.15
609.764	14.14
609.954	14.01
610.144	13.78
610.334	14.85
610.524	14.22
610.713	13.73
610.903	14.18
611.093	14.38
611.283	14.54
611.473	14.32
611.662	14.57
611.852	14.27
612.042	14.06
612.231	14.24
612.421	14.76
612.611	14.2
612.8	14.75
612.99	14.27
613.18	14.58
613.369	14.19
613.559	14.44
613.748	14.41
613.938	14.87
614.128	15.21
614.317	14.55
614.507	14.65
614.696	15.32
614.886	14.83
615.075	13.68
615.264	14.16
615.454	14.78
615.643	15.15
615.833	14.61
616.022	14.77
616.211	14.85
616.401	14.39
616.59	15.2
616.779	15
616.969	14.82
617.158	14.29
617.347	15.07
617.537	15.43
617.726	14.42
617.915	15.01
618.104	15.13
618.293	15.2
618.483	14.89
618.672	15.5
618.861	15.29
619.05	15.23
619.239	15.58
619.428	15.12
619.617	15.45
619.806	15.11
619.995	14.6
620.184	15.01
620.373	14.95
620.562	14.8
620.751	15.07
620.94	14.82
621.129	15.2
621.318	14.43
621.507	15.28
621.696	15.14
621.885	14.86
622.074	15.22
622.263	15.39
622.452	15.74
622.64	15.45
622.829	15.23
623.018	15.94
623.207	15.12
623.396	15.74
623.584	15.25
623.773	15.86
623.962	15.32
624.15	16.48
624.339	16.49
624.528	15.41
624.716	15.97
624.905	15.92
625.094	16.22
625.282	15.64
625.471	15.83
625.659	15.65
625.848	15.04
626.037	16.71
626.225	15.64
626.414	16.52
626.602	16.07
626.791	15.92
626.979	16.1
627.167	15.82
627.356	16.33
627.544	14.94
627.733	15.73
627.921	16.39
628.109	15.81
628.298	15.68
628.486	16.33
628.674	16.74
628.863	16.16
629.051	16.1
629.239	17.7
629.428	16
629.616	17.07
629.804	16.97
629.992	16.28
630.18	16.38
630.369	17.44
630.557	16.37
630.745	16.32
630.933	17.25
631.121	16.29
631.309	16.39
631.497	17.31
631.685	16.61
631.873	16.56
632.061	16.46
632.249	16.79
632.437	16.28
632.625	16.86
632.813	17.14
633.001	16.5
633.189	16.44
633.377	17.05
633.565	15.58
633.753	16.01
633.941	16.38
634.129	16.85
634.316	16.73
634.504	16.87
634.692	17.68
634.88	16.78
635.068	17.43
635.255	17.44
635.443	17.5
635.631	17.14
635.818	17.43
636.006	16.15
636.194	16.8
636.382	16.04
636.569	17.51
636.757	17.66
636.944	17.2
637.132	16.75
637.32	18.09
637.507	17.76
637.695	17.44
637.882	17.33
638.07	17.58
638.257	17.51
638.445	16.77
638.632	16.13
638.82	15.91
639.007	16.45
639.194	17.46
639.382	17.21
639.569	16.34
639.757	17.36
639.944	16.81
640.131	16.15
640.319	16.72
640.506	16.43
640.693	16.99
640.88	16.96
641.068	17.25
641.255	17.23
641.442	17
641.629	16.62
641.817	17.74
642.004	16.47
642.191	17.04
642.378	17.78
642.565	17.23
642.752	16.83
642.939	15.93
643.126	15.65
643.313	16.33
643.501	16.63
643.688	16.65
643.875	16.72
644.062	15.89
644.249	16.37
644.435	16.38
644.622	15.98
644.809	16.73
644.996	16.78
645.183	16.56
645.37	17.3
645.557	16.65
645.744	15.99
645.931	16.11
646.117	15.92
646.304	16.38
646.491	15.41
646.678	16.12
646.865	15.78
647.051	15.49
647.238	16.07
647.425	16.21
647.611	15.92
647.798	17.26
647.985	15.81
648.171	16.22
648.358	16.57
648.545	17.33
648.731	15.17
648.918	16.75
649.104	16.33
649.291	16.14
649.477	15.98
649.664	16.06
649.85	16
650.037	15.54
650.223	14.79
650.41	15.73
650.596	15.45
650.783	16.03
650.969	15.99
651.155	15.79
651.342	16.62
651.528	15.67
651.714	14.98
651.901	18.18
652.087	15.2
652.273	15.16
652.46	15.83
652.646	17.37
652.832	15.09
653.018	15.95
653.204	16.32
653.391	16.47
653.577	15.1
653.763	16.08
653.949	15.83
654.135	15.36
654.321	15.46
654.507	15.73
654.693	16
654.879	16.34
655.065	15.06
655.252	15.06
655.438	17.07
655.624	15.3
655.809	15.17
655.995	16.39
656.181	16.77
656.367	16.8
656.553	17.89
656.739	14.55
656.925	16.59
657.111	17.31
657.297	16.05
657.482	16.11
657.668	17
657.854	16.48
658.04	14.13
658.226	15.29
658.411	16.76
658.597	16.38
658.783	17.38
658.968	15.82
659.154	16.8
659.34	16.37
659.525	16.46
659.711	16.18
659.897	17.52
660.082	16.92
660.268	14.27
660.453	14.85
660.639	17.18
660.824	15.67
661.01	16.06
661.195	15.5
661.381	14.6
661.566	15.69
661.752	14.51
661.937	16.12
662.123	16.2
662.308	16
662.494	16.21
662.679	15.3
662.864	16.61
663.05	16.33
663.235	16.76
663.42	16.27
663.605	15.7
663.791	16.58
663.976	14.34
664.161	15.5
664.346	15.63
664.532	13.84
664.717	15.43
664.902	16.01
665.087	18.68
665.272	15.79
665.457	14.85
665.642	13.53
665.828	15.9
666.013	14.29
666.198	12.86
666.383	15.16
666.568	14.8
666.753	18.48
666.938	14.72
667.123	15.76
667.308	15.14
667.493	15.56
667.677	15.85
667.862	16.72
668.047	17
668.232	16.47
668.417	16.9
668.602	14.88
668.787	18.95
668.971	14.07
669.156	15.31
669.341	14.22
669.526	16.31
669.711	14.97
669.895	16.23
670.08	16.39
670.265	17.25
670.449	14.93
670.634	15.95
670.819	17.56
671.003	17.45
671.188	17.11
671.372	15.16
671.557	18.21
671.742	17.93
671.926	14.95
672.111	14.31
672.295	14.21
672.48	14.4
672.664	17.55
672.849	15.81
673.033	17.74
673.217	18.6
673.402	15.22
673.586	14.1
673.771	18.47
673.955	17.41
674.139	16.7
674.324	17.82
674.508	18.21
674.692	17.46
674.876	18.89
675.061	17.87
675.245	19.06
675.429	15.67
675.613	16.05
675.798	21.78
675.982	20.95
676.166	18.17
676.35	16.87
676.534	21.05
676.718	18.13
676.902	20.14
677.087	16.9
677.271	17
677.455	21.95
677.639	15.73
677.823	21.89
678.007	21.17
678.191	18.36
678.375	19.12
678.559	20.26
678.742	19.43
678.926	23.98
679.11	23.68
679.294	24.25
679.478	20.02
679.662	19.39
679.846	21.36
680.029	20.66
680.213	23.04
680.397	24.81
680.581	22.41
680.765	24.32
680.948	24.17
681.132	24.87
681.316	22.42
681.499	26.48
681.683	26.71
681.867	25.18
682.05	28.51
682.234	22.37
682.417	22.56
682.601	29.18
682.785	26.23
682.968	26.67
683.152	27.62
683.335	26.19
683.519	26.41
683.702	22.96
683.886	24.66
684.069	25.12
684.253	28.12
684.436	30.69
684.619	28.77
684.803	25.27
684.986	26.24
685.169	28.44
685.353	30.73
685.536	27.85
685.719	28.29
685.903	26.97
686.086	28.34
686.269	30.93
686.452	28.03
686.636	32.27
686.819	31.22
687.002	29.27
687.185	33.15
687.368	29.98
687.551	29.56
687.734	30.82
687.918	33.51
688.101	33.27
688.284	29.36
688.467	34.77
688.65	31.09
688.833	34.01
689.016	33.62
689.199	28.24
689.382	34.96
689.565	30.63
689.748	34.28
689.93	29.71
690.113	35.59
690.296	32.1
690.479	33.39
690.662	34.16
690.845	32.35
691.028	30.45
691.21	32.36
691.393	36.72
691.576	33.92
691.759	30.39
691.941	33.13
692.124	34.45
692.307	37.27
692.489	33.85
692.672	31.56
692.855	34.09
693.037	34.92
693.22	38.91
693.403	36.01
693.585	38.38
693.768	36.69
693.95	33.78
694.133	41.55
694.315	30.38
694.498	39.19
694.68	35.36
694.863	37.55
695.045	37.64
695.228	38.93
695.41	38.54
695.592	40.96
695.775	36.66
695.957	36.42
696.139	37.65
696.322	35.16
696.504	41.26
696.686	34.96
696.869	33.77
697.051	37.59
697.233	41.16
697.415	38.98
697.597	26.92
697.78	37.25
697.962	37.12
698.144	39.63
698.326	35.13
698.508	37.71
698.69	37.12
698.872	39.14
699.055	37.07
699.237	39.03
699.419	35.14
699.601	39.06
699.783	40.8
699.965	39.42
700.147	31.59
700.329	38.37
700.51	42.54
700.692	39.06
700.874	36.1
701.056	42.58
701.238	41.65
701.42	44.98
701.602	36.51
701.783	43.61
701.965	39.35
702.147	36.62
702.329	36.56
702.511	41.56
702.692	43.68
702.874	37
703.056	38.44
703.237	36.72
703.419	42.92
703.601	46.33
703.782	38.01
703.964	38.57
704.146	43.52
704.327	40.07
704.509	47.18
704.69	45.31
704.872	49.82
705.053	45.46
705.235	42.72
705.416	38.37
705.598	37.96
705.779	37.93
705.961	39.07
706.142	41.35
706.323	46.86
706.505	47.92
706.686	37.55
706.867	44.31
707.049	44.88
707.23	43.68
707.411	36.79
707.593	43.25
707.774	42.74
707.955	38.88
708.136	37.64
708.318	44.72
708.499	35.87
708.68	39.03
708.861	45.12
709.042	45.51
709.223	40.08
709.404	48.22
709.585	42.74
709.767	45.49
709.948	37.77
710.129	37.85
710.31	39.79
710.491	43.62
710.672	42.69
710.853	36.47
711.034	47.21
711.214	43.45
711.395	47.72
711.576	40.33
711.757	39.27
711.938	48.27
712.119	35.91
712.3	51.48
712.481	34.33
712.661	47.05
712.842	37.93
713.023	41.23
713.204	36.41
713.384	42.31
713.565	42.6
713.746	39.7
713.926	38.3
714.107	45.26
714.288	39.66
714.468	56.15
714.649	37.19
714.83	39.94
715.01	45.92
715.191	47.78
715.371	45.65
715.552	42.48
715.732	39.35
715.913	47.21
716.093	49.92
716.274	39.12
716.454	36.36
716.635	51.81
716.815	39.47
716.995	37.57
717.176	44.03
717.356	35.43
717.536	46.27
717.717	40.33
717.897	31.34
718.077	43.53
718.258	46.29
718.438	45.02
718.618	57.11
718.798	36.92
718.978	43.99
719.159	40.86
719.339	51.02
719.519	48.33
719.699	56.02
719.879	57.37
720.059	42.98
720.239	46.18
720.419	54.96
720.599	40.54
720.779	53.57
720.959	43.56
721.139	47.99
721.319	46.68
721.499	49.2
721.679	35.12
721.859	45.48
722.039	42.97
722.219	44.36
722.399	47.56
722.579	50.36
722.759	40.39
722.938	42.74
723.118	55.29
723.298	33.68
723.478	33.47
723.658	71.72
723.837	49.28
724.017	34.94
724.197	34.17
724.376	43.04
724.556	37.2
724.736	57.15
724.915	36.54
725.095	38.34
725.275	60.36
725.454	57.01
725.634	44.97
725.813	48.52
725.993	52.57
726.172	49.75
726.352	41.55
726.531	52.44
726.711	50.05
726.89	41.35
727.07	54.53
727.249	38.32
727.428	30.34
727.608	34.35
727.787	50.37
727.966	39.41
728.146	41.58
728.325	64.16
728.504	53.17
728.684	50.05
728.863	61.73
729.042	42.89
729.221	33.56
729.4	53.84
729.58	31.81
729.759	39.01
729.938	63.09
730.117	61.08
730.296	35.67
730.475	47.19
730.654	45.18
730.833	39.68
731.013	50.06
731.192	48.03
731.371	51.94
731.55	46.72
731.729	39.8
731.907	68.57
732.086	51.05
732.265	47.92
732.444	44.16
732.623	50.26
732.802	39.47
732.981	57.15
733.16	47.65
733.339	40.46
733.517	63.6
733.696	51.44
733.875	63.51
734.054	40.11
734.232	48.61
734.411	79.63
734.59	33.97
734.768	57.97
734.947	43.06
735.126	27.53
735.304	55.57
735.483	55.43
735.662	59.78
735.84	39.7
736.019	29.01
736.197	24.18
736.376	43.15
736.554	63.91
736.733	52.65
736.911	39.76
737.09	46.94
737.268	30.41
737.447	61.27
737.625	50.05
737.803	49.42
737.982	70.57
738.16	31.2
738.338	85.83
738.517	25.54
738.695	51.87
738.873	25.41
739.052	53.24
739.23	18.71
739.408	29.94
739.586	34.29
739.764	53.2
739.943	63.51
740.121	62.17
740.299	28.3
740.477	34.61
740.655	64.42
740.833	62.4
741.011	74.72
741.189	80.88
741.367	45.42
741.545	16.3
741.723	37.48
741.901	47.88
742.079	45.93
742.257	45.09
742.435	62.04
742.613	48.29
742.791	49.18
742.969	55.75
743.147	44.14
743.325	58.69
743.503	56.77
743.68	37.54
743.858	82.03
744.036	45.47
744.214	29.68
744.391	2.27
744.569	37.55
744.747	48.96
744.925	70.74
745.102	73.07
745.28	55.36
745.458	82.77
745.635	68.44
745.813	68.45
745.99	61.98
746.168	47.41
746.345	119.58
746.523	41.39
746.7	78.54
746.878	56.26
747.055	17.38
747.233	54.81
747.41	46.51
747.588	41.87
747.765	62.3
747.943	77.62
748.12	45.99
748.297	35.01
748.475	48.4
748.652	77.97
748.829	74.5
749.007	39.47
749.184	49.05
749.361	69.3
749.538	33.64
749.716	53.99
749.893	37.44
750.07	28.86
750.247	60.39
750.424	60.17
750.601	25.66
750.778	36.58
750.956	27.35
751.133	37.28
751.31	53.19
751.487	42.5
751.664	35.99
751.841	24.62
752.018	80.99
752.195	53.83
752.372	33.58
752.549	34.19
752.726	50.97
752.902	74.05
753.079	45.51
753.256	80.67
753.433	37.72
753.61	56.61
753.787	15.71
753.964	65.71
754.14	41.29
754.317	71.38
754.494	61.94
754.671	64.14
754.847	46.39
755.024	87.63
755.201	32.27
755.377	64.26
755.554	73.11
755.73	16.06
755.907	86.14
756.084	102.73
756.26	60.38
756.437	67.34
756.613	44.44
756.79	34.14
756.966	23.54
757.143	94.21
757.319	54.46
757.496	64.15
757.672	69.83
757.849	78.98
758.025	78.67
758.201	21.68
758.378	38.86
758.554	26.69
758.73	80.72
758.907	50.7
759.083	68
759.259	42.03
759.435	47.81
759.612	43.29
759.788	55.99
759.964	30.23
760.14	78.97
760.316	-16.21
760.493	31.19
760.669	35.55
760.845	29.29
761.021	16.17
761.197	-1.53
761.373	38.46
761.549	44.25
761.725	16.31
761.901	50.09
762.077	25.18
762.253	18.24
762.429	107.67
762.605	35.93
762.781	-16.66
762.957	51.19
763.133	65.63
763.308	50.17
763.484	60.78
763.66	75.79
763.836	-5.94
764.012	86.45
764.187	28.49
764.363	32.54
764.539	17.99
764.715	36.41
764.89	17.55
765.066	39.25
765.242	127.01
765.417	123.91
765.593	85.7
765.769	40.97
765.944	46.53
766.12	88.95
766.295	30.25
766.471	36.58
766.646	61.83
766.822	89.98
766.997	26.43
767.173	74.7
767.348	22.09
767.524	35.79
767.699	-41.2
767.875	15.91
768.05	43.29
768.225	-1.88
768.401	56.79
768.576	83.52
768.751	50.19
768.927	65.47
769.102	98.93
769.277	75.7
769.452	63.91
769.628	39.87
769.803	105.75
769.978	105.75
770.153	-38.11
770.328	122.34
770.503	46.79
770.679	139.28
770.854	-10.56
771.029	29.11
771.204	31.13
771.379	54.73
771.554	46.5
771.729	71.96
771.904	36.31
772.079	84.95
772.254	80.08
772.429	94.4
772.604	-5.74
772.779	69.03
772.953	-7.41
773.128	19.56
773.303	45.81
773.478	56.61
773.653	54.51
773.828	30.95
774.002	205.72
774.177	-15.06
774.352	186.96
774.527	73.37
774.701	35.01
774.876	108.88
775.051	-71.12
775.225	13.51
775.4	11.64
775.575	52.61
775.749	4.3
775.924	166.55
776.098	132.89
776.273	42.79
776.447	50.13
776.622	25.03
776.796	-26.39
776.971	-203.34
777.145	9.03
777.32	67.75
777.494	83.63
777.669	37.03
777.843	257.65
778.017	42.49
778.192	38.37
778.366	-22.14
778.54	65.85
778.715	54.04
778.889	71.22
779.063	52.75
779.237	59.46
779.412	80.69
779.586	89.08
779.76	305.17
779.934	24.35
780.108	12.45
780.282	-162.69
780.457	66.89
780.631	-59.77
780.805	4.5
780.979	-377.61
781.153	116.37
781.327	134.39
781.501	69.32
781.675	-10.79
781.849	40.7
782.023	50.29
782.197	55.62
782.371	321.71
782.545	183.44
782.718	198.94
782.892	126.48
783.066	48.67
783.24	164.78
783.414	10.07
783.588	68.79
783.761	29.04
783.935	117.31
784.109	102.69
784.283	343.48
784.456	215.64
784.63	37.73
784.804	103.35
784.977	56.72
785.151	46.92
785.324	-6.02
785.498	55.64
785.672	57.17
785.845	85.48
786.019	-6.16
786.192	126.49
786.366	15.85
786.539	-61.36
786.713	42.23
786.886	9.14
787.06	-80.06
787.233	-2.96
787.406	9.34
787.58	38.13
787.753	77.83
787.926	152.04
788.1	617.79
788.273	-1084.91
788.446	97.05
788.62	1080.65
788.793	55.11
788.966	74.43
789.139	77.46
789.313	22.62
789.486	-1900
789.659	273.71
789.832	46.29
790.005	65.89
790.178	43.36
790.351	94.15
790.524	7.8
790.697	28.88
790.87	171.07
791.044	1110.91
791.216	116.78
791.389	-51.87
791.562	26.59
791.735	-153.16
791.908	-92.21
792.081	106.21
792.254	645.05
792.427	22.68
792.6	-63.27
792.773	56.7
792.945	464.18
793.118	-9.18
793.291	-106.59
793.464	-174.04
793.637	73.01
793.809	42.07
793.982	93.74
794.155	110.23
794.327	83.61
794.5	-404.62
794.673	38.46
794.845	75.1
795.018	-206.6
795.19	14.61
795.363	74.97
795.536	87.58
795.708	-1512.9
795.881	1940
796.053	116
796.226	342.29
796.398	58.87
796.57	-54.64
796.743	20.7
796.915	-3.75
797.088	232.79
797.26	329.92
797.432	515.19
797.605	-19.79
797.777	-715.58
797.949	208.11
798.122	35.92
798.294	-75.78
798.466	74.86
798.638	82.45
798.81	131.55
798.983	120.25
799.155	44.24
799.327	34.46
799.499	66.45
799.671	25.09
799.843	-9.59
800.015	19.07
800.187	70.25
800.359	186.03
800.531	132.4
800.703	49.42
800.875	64.68
801.047	142.71
801.219	78.16
801.391	-466.23
801.563	223.74
801.735	77.85
801.907	161.35
802.079	253.94
802.251	38.46
802.422	178.74
802.594	-590.91
802.766	61.99
802.938	144.84
803.11	78.78
803.281	-48.34
803.453	65.54
803.625	38.02
803.796	72.39
803.968	5.65
804.14	88.21
804.311	-0.14
804.483	410.51
804.654	72.63
804.826	67.4
804.998	230.48
805.169	106.18
805.341	394.4
805.512	30.43
805.684	86.04
805.855	92.66
806.026	260
806.198	205.52
806.369	76.07
806.541	110.63
806.712	156.53
806.883	186.1
807.055	82.8
807.226	-117.34
807.397	209.89
807.569	-264.6
807.74	49.36
807.911	-33.88
808.082	-210.31
808.253	12.87
808.425	-6.35
808.596	-120.22
808.767	189.21
808.938	-66.56
809.109	-307.92
809.28	118.96
809.451	15.26
809.622	63.64
809.793	-1435.48
809.964	333.04
810.135	182.71
810.306	229.48
810.477	81.21
810.648	26.73
810.819	174.19
810.99	-4060
811.161	98.51
811.332	-135.68
811.503	106.72
811.674	38.46
811.844	-312.31
812.015	211.87
812.186	463.19
812.357	-25.32
812.527	53.94
812.698	-46.29
812.869	1088.68
813.04	5.24
813.21	955.17
813.381	-22.96
813.551	63.94
813.722	185.67
813.893	40.9
814.063	109.93
814.234	-372.73
814.404	124.19
814.575	129.83
814.745	-41.59
814.916	69.18
815.086	75.58
815.257	4.93
815.427	139.26
815.598	-34.89
815.768	44.43
815.938	62.92
816.109	334.82
816.279	68.64
816.449	68.58
816.62	-510.53
816.79	119.75
816.96	-1379.25
817.13	29.95
817.301	-170.05
817.471	-15.7
817.641	249.69
817.811	-200.73
817.981	-9614.29
818.152	-28.91
818.322	-307.92
818.492	-119.24
818.662	92.93
818.832	108.96
819.002	29.87
819.172	38.79
819.342	125.43
819.512	-43.57
819.682	106.34
819.852	-53.54
820.022	42.35
820.192	82.02
820.362	58.31
820.531	-0.33
820.701	-17.78
820.871	36.27
821.041	-75.57
821.211	-22.84
821.381	57.11
821.55	183.4
821.72	-588.37
821.89	-220
822.059	15.05
822.229	34.66
822.399	107.17
822.568	255.49
822.738	-787.8
822.908	323.31
823.077	-0.37
823.247	49.38
823.416	-135.29
823.586	358.82
823.756	-0.28
823.925	135.44
824.095	444.19
824.264	47.98
824.433	-147.79
824.603	77.82
824.772	-68.94
824.942	-335.44
825.111	5.53
825.28	-126.09
825.45	270.43
825.619	-44.1
825.788	-120.22
825.958	29.64
826.127	41.07
826.296	34.85
826.465	223.29
826.635	104.83
826.804	153.41
826.973	43.91
827.142	-128.09
827.311	8.72
827.48	83.16
827.649	74.92
827.818	46.46
827.988	-152.8
828.157	120.06
828.326	73.47
828.495	30.88
828.664	126.46
828.833	16.61
829.002	-409.32
829.17	-136.24
829.339	-0.5
829.508	82.19
829.677	-538.2
829.846	41.41
830.015	84.23
830.184	-68.42
830.352	245.93
830.521	94.24
830.69	236.59
830.859	-770.59
831.027	2331.58
831.196	-231.6
831.365	37.65
831.533	88.53
831.702	-68.42
831.871	95.18
832.039	129.15
832.208	-21.74
832.377	-189.76
832.545	6.43
832.714	65.74
832.882	-39.9
833.051	-16.31
833.219	4614.29
833.388	53.9
833.556	-17.78
833.724	275.27
833.893	57.52
834.061	626.32
834.23	125.76
834.398	259.07
834.566	48.05
834.735	2557.14
834.903	-654.72
835.071	-4780
835.239	-105.9
835.408	-18.99
835.576	276.74
835.744	72.56
835.912	199.37
836.08	91.06
836.249	183.02
836.417	256.15
836.585	57.7
836.753	84.74
836.921	84.86
837.089	4785.71
837.257	-420.93
837.425	-148.51
837.593	69.08
837.761	112.18
837.929	-82.41
838.097	170.23
838.265	34.17
838.433	-113.77
838.601	-37.93
838.769	-31.65
838.936	634.83
839.104	127.25
839.272	71.3
839.44	136.08
839.608	-612.2
839.775	-20.84
839.943	70.84
840.111	-18.13
840.279	24.95
840.446	-807.46
840.614	-92.21
840.781	635.65
840.949	45.87
841.117	-91.86
841.284	-370.39
841.452	15.53
841.619	73.17
841.787	234.32
841.954	1420.93
842.122	90.75
842.289	8.06
842.457	51.27
842.624	144.65
842.792	-51.82
842.959	-28
843.126	30.14
843.294	3.95
843.461	75.83
843.629	-383.2
843.796	67.17
843.963	-69.65
844.13	-0.28
844.298	189.58
844.465	115.16
844.632	-431.68
844.799	240.7
844.966	265.11
845.134	96.17
845.301	-7.63
845.468	62.91
845.635	143.82
845.802	55.74
845.969	-0.26
846.136	93.59
846.303	1952.63
846.47	62.18
846.637	-626.15
846.804	2078.95
846.971	-133.44
847.138	129.34
847.305	43.36
847.472	-50.76
847.639	64.4
847.805	92.57
847.972	-123.38
848.139	-200.43
848.306	-194.74
848.473	320.9
848.639	88.57
848.806	-76
848.973	109.94
849.14	11.67
849.306	-21.97
849.473	-231.13
849.64	-90.77
849.806	0.48
849.973	123.78
850.139	269.54
850.306	18.17
850.472	260.89
850.639	-125.57
850.806	57.89
850.972	353.91
851.139	4271.43
851.305	86.51
851.471	-50.89
851.638	168.71
851.804	446.27
851.971	-2.88
852.137	16.31
852.303	254.89
852.47	87.32
852.636	-51.2
852.802	-151.97
852.968	117.02
853.135	-121.32
853.301	-311.56
853.467	106.56
853.633	14.85
853.8	11.83
853.966	-139.59
854.132	1185.71
854.298	202.19
854.464	-133.71
854.63	40.17
854.796	260
854.962	344.6
855.128	113.22
855.294	-86.39
855.46	-34.9
855.626	53.35
855.792	-42.08
855.958	301.94
856.124	28.83
856.29	325.17
856.456	64.97
856.622	-51.49
856.787	842.86
856.953	5.49
857.119	345.54
857.285	204.27
857.45	42.05
857.616	114.4
857.782	27.37
857.948	74.92
858.113	-155.29
858.279	37.06
858.445	93.7
858.61	-86.05
858.776	125.91
858.941	214.85
859.107	-18.09
859.273	34.12
859.438	-66.79
859.604	-1584.21
859.769	329.92
859.935	-509.9
860.1	36.91
860.265	96.99
860.431	-87.05
860.596	1700
860.762	188.63
860.927	-23.51
861.092	76.18
861.258	-111.9
861.423	27.41
861.588	181.39
861.753	-1042.86
861.919	-450.94
862.084	273.23
862.249	276.27
862.414	45.39
862.579	-66.5
862.745	86.8
862.91	207.75
863.075	124.76
863.24	-6.88
863.405	349.25
863.57	11.4
863.735	73.25
863.9	-115.93
864.065	48.62
864.23	148.55
864.395	-67.97
864.56	115.71
864.725	727.85
864.89	-79.78
865.055	160.97
865.22	-28.33
865.384	-619.1
865.549	-292.23
865.714	2.58
865.879	67.21
866.044	-62.62
866.208	103.97
866.373	51.65
866.538	98.13
866.702	-15.41
866.867	27.59
867.032	147.06
867.196	105.69
867.361	-133.6
867.526	-71.67
867.69	-157.53
867.855	869.23
868.019	1656.36
868.184	1.44
868.348	221.5
868.513	-429.03
868.677	23.74
868.842	33.57
869.006	37.68
869.17	-1401.89
869.335	-670.73
869.499	-94.17
869.663	174.17
869.828	130.77
869.992	723.26
870.156	118.59
870.321	-105.28
870.485	15.74
870.649	82.06
870.813	-119.93
870.978	81.28
871.142	-1198.46
871.306	-74.41
871.47	237.23
871.634	462.2
871.798	104.97
871.962	106.38
872.126	-1728.57
872.29	177.48
872.454	3585.71
872.618	-97.13
872.782	535.82
872.946	258.39
873.11	47.74
873.274	-6.36
873.438	-2605.88
873.602	-54.09
873.766	235.06
873.93	-144.38
874.094	311.24
874.257	232.63
874.421	139.31
874.585	-372.73
874.749	6.8
874.912	301.44
875.076	106.95
875.24	-98.03
875.403	98.63
875.567	568.57
875.731	702.25
875.894	215.92
876.058	-39.71
876.222	-646.07
876.385	-24.62
876.549	57.39
876.712	478.18
876.876	-29.55
877.039	120.08
877.203	174
877.366	70.43
877.529	-144.52
877.693	26.25
877.856	135.07
878.02	26.9
878.183	-34.17
878.346	-185.71
878.51	340.71
878.673	292.81
878.836	121.45
878.999	616.13
879.163	123.42
879.326	24.3
879.489	173.02
879.652	42.64
879.815	68.07
879.978	-63.27
880.142	-224.83
880.305	201.86
880.468	112.53
880.631	86.21
880.794	96.53
880.957	412.2
881.12	1488.24
881.283	-65.02
881.446	94.15
881.609	16.55
881.772	-43.32
881.935	-1970.59
882.097	159.34
882.26	454.72
882.423	65.83
882.586	172.32
882.749	73.18
882.912	374.85
883.074	52.57
883.237	26.25
883.4	38.46
883.562	29.62
883.725	-56.8
883.888	-29.13
884.05	-700
884.213	-59.8
884.376	5.25
884.538	65.69
884.701	65.69
884.863	65.69
