181.954	51.82
182.172	51.82
182.39	51.82
182.608	3680
182.826	272.53
183.043	-180.43
183.261	198.37
183.479	177.13
183.697	2070.59
183.914	110.12
184.132	273.8
184.35	165.02
184.567	140.85
184.785	-17.7
185.003	50.39
185.22	187.12
185.438	74.47
185.656	-134.67
185.873	-233.85
186.091	20.89
186.309	634.48
186.526	175.57
186.744	44.85
186.961	-30.98
187.179	151.66
187.396	29.06
187.614	578.46
187.831	2240
188.049	-142.33
188.266	105.09
188.484	-167.16
188.701	31.07
188.919	49.26
189.136	129.68
189.354	63.32
189.571	-149.76
189.789	-0.89
190.006	82.71
190.223	-43.24
190.441	86.4
190.658	-3828.57
190.876	80.33
191.093	-215.38
191.31	-10.63
191.528	-9.37
191.745	20.84
191.962	66.79
192.179	221.64
192.397	-74.49
192.614	239.69
192.831	-30.98
193.049	94.45
193.266	333.98
193.483	73.26
193.7	-196.92
193.917	49.73
194.135	100.72
194.352	-98.84
194.569	18.31
194.786	165.01
195.003	-23.42
195.221	27.35
195.438	-255.83
195.655	221.11
195.872	-172.2
196.089	85.46
196.306	47.16
196.523	164.26
196.74	202.45
196.957	80.55
197.174	44.67
197.391	177.69
197.608	87.16
197.825	-1483.87
198.042	54.52
198.259	-937.93
198.476	132.52
198.693	-1600
198.91	53.22
199.127	11.94
199.344	56.68
199.561	272.83
199.778	21.01
199.995	-561.19
200.212	303.45
200.429	43.6
200.646	-749.37
200.862	382.02
201.079	-17.42
201.296	291.39
201.513	-15.53
201.73	-187.45
201.947	70.47
202.163	-39.28
202.38	245.09
202.597	216.04
202.814	136.95
203.03	-400
203.247	209.05
203.464	-21.41
203.681	-181.82
203.897	81.27
204.114	732.08
204.331	140.5
204.547	158.14
204.764	117.73
204.981	-2870.59
205.197	-68.09
205.414	196.79
205.63	344.83
205.847	-98.49
206.064	-203.64
206.28	-105.72
206.497	64.52
206.713	80.96
206.93	-9.54
207.146	47.29
207.363	61.54
207.579	-281.32
207.796	-506.19
208.012	-64.66
208.229	-722.39
208.445	-102.45
208.662	31.6
208.878	87.26
209.095	-2447.06
209.311	3.67
209.528	457.14
209.744	174.52
209.96	-145.7
210.177	42.72
210.393	57.67
210.609	-880
210.826	-319.02
211.042	361.74
211.258	620.9
211.475	-2.14
211.691	9.58
211.907	-445.57
212.124	-17.26
212.34	-16
212.556	13.11
212.772	21.98
212.989	140.4
213.205	78.23
213.421	-80.4
213.637	-1026.87
213.853	267.7
214.069	-2042.11
214.286	-1.17
214.502	-794.03
214.718	-23.82
214.934	116.71
215.15	99.67
215.366	96.66
215.582	168.2
215.798	43.19
216.015	57.57
216.231	-179.46
216.447	79.1
216.663	73.45
216.879	-152.76
217.095	566.44
217.311	-784.91
217.527	185.3
217.743	-15.53
217.959	505.66
218.175	-5.35
218.391	100.72
218.606	11.43
218.822	-504.35
219.038	-117.65
219.254	120.42
219.47	-75.43
219.686	719.1
219.902	40.44
220.118	33.01
220.334	9.31
220.549	123.83
220.765	59.08
220.981	-92.39
221.197	-21.9
221.413	-294.51
221.628	359.49
221.844	-400
222.06	-248.54
222.276	17.84
222.491	104.38
222.707	32.79
222.923	-351.68
223.139	107.47
223.354	-87.34
223.57	-107.09
223.786	-16.97
224.001	3.09
224.217	47.81
224.432	-53.18
224.648	22.46
224.864	-41.45
225.079	298.51
225.295	-87.34
225.51	281.08
225.726	-10.98
225.942	25.08
226.157	40.48
226.373	-267.23
226.588	138.11
226.804	-1536.84
227.019	-158.79
227.235	36.74
227.45	88.58
227.665	9200
227.881	100.79
228.096	-379.13
228.312	-54.59
228.527	157.07
228.743	-228.57
228.958	54.81
229.173	-566.96
229.389	69.32
229.604	75.47
229.819	168.94
230.035	-226.15
230.25	-134.11
230.465	-6.81
230.681	-122.48
230.896	-142.06
231.111	58.47
231.327	53.96
231.542	-6160
231.757	-20.82
231.972	-132.86
232.187	34.04
232.403	-1852.63
232.618	18.98
232.833	53.14
233.048	-247.27
233.263	-37.48
233.478	-733.91
233.694	-651.16
233.909	-670.97
234.124	28.43
234.339	55.58
234.554	55.17
234.769	-158.64
234.984	116.59
235.199	111.79
235.414	-495.58
235.629	-612.66
235.844	16.46
236.059	97.16
236.274	-1.21
236.489	-76.49
236.704	21.36
236.919	124.78
237.134	19.66
237.349	110.26
237.564	24.37
237.779	59.1
237.994	-32.34
238.209	98.26
238.424	299.39
238.639	-8.09
238.853	14.05
239.068	78.55
239.283	-26.59
239.498	90.77
239.713	115.77
239.928	37.44
240.142	-141.63
240.357	67.57
240.572	-92.39
240.787	126.43
241.001	-37.45
241.216	12.92
241.431	116.73
241.646	62.37
241.86	-378.48
242.075	-1097.67
242.29	-35.06
242.504	18.74
242.719	-131.68
242.934	185.83
243.148	-36.45
243.363	-3.64
243.577	-197.75
243.792	-40.49
244.007	3.05
244.221	379.22
244.436	65.67
244.65	188.96
244.865	345.02
245.079	25.11
245.294	-330.94
245.508	110.47
245.723	-24.79
245.937	-281.32
246.152	-131.42
246.366	63.12
246.581	-65.12
246.795	63.8
247.01	24.27
247.224	12.06
247.438	-124.59
247.653	26.18
247.867	-4.51
248.081	117.45
248.296	829.27
248.51	93.74
248.724	58.87
248.939	-579.1
249.153	173.06
249.367	86.59
249.582	-73.02
249.796	254.55
250.01	100.66
250.224	51.7
250.439	-24.79
250.653	103.34
250.867	-80.96
251.081	106.16
251.295	-52.88
251.51	-6.81
251.724	-71.94
251.938	148.7
252.152	-154.74
252.366	82.32
252.58	80
252.794	30.31
253.008	505.96
253.223	-27.49
253.437	-65.2
253.651	-38.18
253.865	77.25
254.079	-55.83
254.293	-80.16
254.507	-880
254.721	25.81
254.935	-4.4
255.149	127.7
255.363	67.71
255.577	204.03
255.791	-21.69
256.005	211.04
256.218	33.58
256.432	17.39
256.646	28.13
256.86	73.24
257.074	130.59
257.288	4400
257.502	-30.77
257.716	77.98
257.929	176.44
258.143	-82.55
258.357	-120.14
258.571	135.79
258.785	34.74
258.998	-40.57
259.212	45.12
259.426	-238.57
259.64	33.6
259.853	-27.59
260.067	-12.18
260.281	71.03
260.494	-99.28
260.708	336.63
260.922	-27.93
261.135	64.3
261.349	35.63
261.563	68.43
261.776	2141.18
261.99	30.82
262.203	133.15
262.417	28.27
262.63	31.19
262.844	462.92
263.058	128.81
263.271	7.79
263.485	97.19
263.698	117.94
263.912	-37.45
264.125	-53.89
264.339	-494.49
264.552	-106.34
264.765	-118.26
264.979	-42.63
265.192	38.15
265.406	12.1
265.619	135.08
265.832	19.54
266.046	23.93
266.259	-25.76
266.473	-825.81
266.686	201.03
266.899	20.96
267.113	-1360
267.326	-1.41
267.539	58.65
267.752	13.02
267.966	22.19
268.179	-174.17
268.392	77.06
268.605	100.79
268.819	45.51
269.032	3.79
269.245	763.08
269.458	118.08
269.671	-96.2
269.885	31.04
270.098	1.08
270.311	55.7
270.524	50.69
270.737	-65.47
270.95	100.66
271.163	-220.47
271.376	-632.26
271.589	-293.67
271.802	114.04
272.016	-177.2
272.229	126.78
272.442	-45.34
272.655	-19.01
272.868	-94.17
273.081	-238.2
273.294	74.97
273.506	108.83
273.719	-56.26
273.932	9.23
274.145	10640
274.358	112.93
274.571	67.9
274.784	845.28
274.997	49.34
275.21	-56.11
275.423	-58.13
275.635	-2.01
275.848	43.36
276.061	299.34
276.274	2.05
276.487	17.39
276.699	-66.5
276.912	-4.09
277.125	182.13
277.338	30.82
277.55	51.55
277.763	-35.66
277.976	162.73
278.189	404.4
278.401	17.71
278.614	310.4
278.827	61.78
279.039	12.39
279.252	-15.71
279.464	35.81
279.677	-66.56
279.89	14.52
280.102	-140.7
280.315	-48.78
280.527	-3305.26
280.74	-482.76
280.952	4.82
281.165	-16.21
281.377	93.31
281.59	-50.16
281.802	-60.64
282.015	27.95
282.227	88.45
282.44	5.76
282.652	220.22
282.865	111.85
283.077	77.11
283.29	97.28
283.502	51.38
283.714	288.15
283.927	87
284.139	-173.39
284.351	-40.92
284.564	81.28
284.776	-5.67
284.988	45.23
285.201	979.1
285.413	-58.45
285.625	-17.3
285.838	-18.93
286.05	77.91
286.262	87.08
286.474	31.42
286.686	22.19
286.899	-152.47
287.111	45.71
287.323	-12.96
287.535	39.6
287.747	98.07
287.959	-22.5
288.172	-530.91
288.384	-30.08
288.596	-63.78
288.808	505.66
289.02	-467.92
289.232	37.72
289.444	-35.68
289.656	-138.11
289.868	-44.92
290.08	196.32
290.292	-160
290.504	7.39
290.716	-24.12
290.928	13.55
291.14	46.51
291.352	-43.09
291.564	1223.53
291.776	36.14
291.988	-90.8
292.2	-127.01
292.412	125.41
292.624	24.92
292.835	602.99
293.047	18.85
293.259	28.84
293.471	39.82
293.683	-956.1
293.895	26.62
294.106	20.22
294.318	80.4
294.53	-13.04
294.742	1627.59
294.953	-103.32
295.165	83.35
295.377	122.62
295.589	24.52
295.8	26.28
296.012	40.86
296.224	-17.15
296.435	133.87
296.647	95.94
296.858	256.12
297.07	467.69
297.282	-7.65
297.493	-3.29
297.705	155.43
297.916	1.14
298.128	-66.49
298.34	61.04
298.551	20.32
298.763	82.07
298.974	100.16
299.186	-2.74
299.397	5.83
299.609	-283.87
299.82	29.18
300.031	61.74
300.243	-400
300.454	-17.18
300.666	8.27
300.877	174.41
301.089	-11.91
301.3	61.68
301.511	37.61
301.723	-70.07
301.934	853.73
302.145	-37.46
302.357	160.91
302.568	569.6
302.779	51.63
302.99	3.59
303.202	73.61
303.413	-21.92
303.624	-119.32
303.835	-128.3
304.047	-191.09
304.258	8.25
304.469	17.04
304.68	85.66
304.891	110.86
305.103	225.48
305.314	68.11
305.525	5771.43
305.736	-277.17
305.947	65.67
306.158	4047.06
306.369	89.66
306.58	16.8
306.791	158.69
307.002	-29.44
307.213	-94.72
307.424	-149.82
307.636	28.34
307.846	58.93
308.057	89.32
308.268	-25.36
308.479	-72.28
308.69	57.22
308.901	31.86
309.112	800
309.323	-38.14
309.534	54.05
309.745	44.57
309.956	14.73
310.167	-107.56
310.377	115.17
310.588	130.02
310.799	-215.38
311.01	-123.92
311.221	-20.05
311.432	12.3
311.642	-76.63
311.853	93.93
312.064	593.1
312.275	135.32
312.485	25.06
312.696	19.72
312.907	-128.64
313.117	29.85
313.328	66.83
313.539	14.32
313.749	-15.88
313.96	-162.64
314.171	95.81
314.381	109.67
314.592	57.82
314.802	18.64
315.013	-86.1
315.224	11.91
315.434	-1536.84
315.645	12320
315.855	132.97
316.066	287.64
316.276	227.56
316.487	1443.9
316.697	37.25
316.908	-25.42
317.118	107.55
317.329	61.96
317.539	68.84
317.749	300.43
317.96	-1098.51
318.17	6.91
318.381	206.59
318.591	-254.95
318.801	54.99
319.012	-35.34
319.222	671.84
319.432	-33.75
319.643	51.31
319.853	-114.8
320.063	44.79
320.273	-11.82
320.484	-17.58
320.694	187.76
320.904	-58.31
321.114	71.91
321.325	-358.62
321.535	-104.27
321.745	-51.24
321.955	63.96
322.165	-109.97
322.375	29.22
322.585	4.91
322.796	-317.24
323.006	76.62
323.216	125.16
323.426	-6.95
323.636	156.94
323.846	1834.48
324.056	54.46
324.266	56.09
324.476	48.46
324.686	151.35
324.896	15.7
325.106	1796.23
325.316	56.42
325.526	-715.79
325.736	43.71
325.946	-4.58
326.156	-72.73
326.366	38.26
326.576	-24.33
326.785	-68.34
326.995	-5.67
327.205	28.14
327.415	222.37
327.625	344.53
327.835	36.19
328.044	-20.1
328.254	-139.13
328.464	-26.86
328.674	102.88
328.884	-37.41
329.093	299.47
329.303	65.96
329.513	54.66
329.722	-778.95
329.932	67.98
330.142	4.72
330.351	42.54
330.561	189.09
330.771	-32.47
330.98	-79.56
331.19	190.77
331.4	-217.67
331.609	44.4
331.819	565.85
332.028	-173.71
332.238	-82.71
332.447	73.75
332.657	142.18
332.866	-83.39
333.076	79.01
333.285	151.14
333.495	529.03
333.704	-270.85
333.914	51.13
334.123	-31.44
334.333	375.38
334.542	-108.99
334.752	153.85
334.961	369.81
335.17	-182.91
335.38	-73.02
335.589	64.12
335.798	58.32
336.008	-43.96
336.217	-52.77
336.426	42.17
336.636	34.04
336.845	100.28
337.054	768.83
337.263	48.76
337.473	-7.8
337.682	-87.3
337.891	18.21
338.1	221.58
338.309	-2.85
338.519	299.77
338.728	-13.81
338.937	-522.83
339.146	31.65
339.355	-15.09
339.564	-589.47
339.773	-62.31
339.983	120.11
340.192	-368.7
340.401	28.34
340.61	49.79
340.819	53.5
341.028	-49.84
341.237	2635.29
341.446	-16.45
341.655	94.29
341.864	-7.58
342.073	-17.75
342.282	-29.88
342.491	-51.19
342.699	-178.64
342.908	5.19
343.117	49.6
343.326	27.53
343.535	363.64
343.744	-76.81
343.953	73.14
344.162	44.15
344.37	20.94
344.579	-346.27
344.788	-139.13
344.997	-32.94
345.206	-110.75
345.414	162.99
345.623	109.23
345.832	-90.87
346.041	190.86
346.249	39.66
346.458	54.75
346.667	25.04
346.875	27.37
347.084	31.75
347.293	69.11
347.501	-75.83
347.71	-23.82
347.918	16.24
348.127	-268.13
348.336	-304.64
348.544	18.89
348.753	-668.66
348.961	10.02
349.17	49.42
349.378	133.68
349.587	16.87
349.795	-3.88
350.004	541.54
350.212	62.92
350.421	566.37
350.629	45.92
350.838	65.53
351.046	138.65
351.254	-21.41
351.463	25.04
351.671	-3115.79
351.879	-21.2
352.088	-28.09
352.296	215.93
352.504	102.54
352.713	-147.37
352.921	-296.06
353.129	26.28
353.338	131.78
353.546	-115.72
353.754	-46.63
353.962	-112.18
354.171	-40.22
354.379	-1410.53
354.587	42.84
354.795	80.78
355.003	-53.88
355.212	-77.34
355.42	800
355.628	155.18
355.836	27.12
356.044	-12.24
356.252	38.65
356.46	42.3
356.668	1593.85
356.876	46.66
357.084	17.71
357.292	25.99
357.5	-13.6
357.708	-58.32
357.916	-10.9
358.124	-183.09
358.332	-113.43
358.54	123.64
358.748	-259.74
358.956	-29.37
359.164	-15.4
359.372	13.32
359.58	-270.5
359.788	-4.59
359.996	100.26
360.203	-35.21
360.411	11.79
360.619	-225.13
360.827	73.16
361.035	-230.67
361.242	148.97
361.45	162.03
361.658	66.35
361.866	64.3
362.073	130.04
362.281	5.07
362.489	21.16
362.697	83.83
362.904	38.67
363.112	103.32
363.32	20.99
363.527	-233.04
363.735	-47.88
363.943	26.94
364.15	19.79
364.358	-17.64
364.565	-99.35
364.773	54.51
364.98	-65.02
365.188	27.65
365.395	7.94
365.603	67.8
365.81	-13.67
366.018	20.68
366.225	110.91
366.433	-114.14
366.64	74.97
366.848	65.71
367.055	21.32
367.263	41.68
367.47	87.88
367.677	222.78
367.885	-91.35
368.092	6.97
368.299	-146.48
368.507	77.76
368.714	428.32
368.921	525.98
369.129	81.68
369.336	35.5
369.543	-29.37
369.751	-61.25
369.958	-340.81
370.165	52.69
370.372	-6.21
370.579	-22.51
370.787	68.59
370.994	83.93
371.201	-17.44
371.408	44.76
371.615	12.44
371.822	78.36
372.029	-123.39
372.237	-153.14
372.444	365.41
372.651	-47.17
372.858	75.07
373.065	4.39
373.272	69.57
373.479	-979.31
373.686	-87.2
373.893	-260.19
374.1	105.26
374.307	-710.79
374.514	71.26
374.721	-4.93
374.928	-353.25
375.135	-105.66
375.341	7280
375.548	-16.25
375.755	-60.64
375.962	71.38
376.169	-99.3
376.376	-142.51
376.583	-27.49
376.789	69.6
376.996	46.18
377.203	-109.02
377.41	35.63
377.617	7.83
377.823	228.88
378.03	-941.94
378.237	13.96
378.443	121.14
378.65	528.3
378.857	-36.9
379.063	359.49
379.27	-45.22
379.477	18.53
379.683	-95.91
379.89	70.84
380.097	-24.27
380.303	19.11
380.51	41.53
380.716	1.62
380.923	-69.29
381.129	18.85
381.336	-211.02
381.542	47.04
381.749	35.14
381.955	64.8
382.162	133.87
382.368	-16.41
382.575	35.03
382.781	-1062.07
382.988	65.77
383.194	-41.22
383.4	-51.72
383.607	83.15
383.813	42.8
384.02	3.23
384.226	-114.11
384.432	45.34
384.639	47.63
384.845	-779.75
385.051	30.24
385.257	22.03
385.464	13.18
385.67	13.42
385.876	-50.11
386.082	-25.76
386.289	118.54
386.495	54.92
386.701	-192.83
386.907	-77.75
387.113	0.71
387.319	53.92
387.526	14.33
387.732	-3.15
387.938	656
388.144	-201.74
388.35	52.78
388.556	-30.63
388.762	-6.14
388.968	46.51
389.174	52.07
389.38	87.26
389.586	-50.85
389.792	12.21
389.998	-86.39
390.204	-57.14
390.41	16.94
390.616	17.2
390.822	-27.66
391.028	86.45
391.234	39.81
391.439	-679.61
391.645	-0.33
391.851	29.77
392.057	31.36
392.263	59.42
392.469	82.63
392.674	30.54
392.88	21.6
393.086	5.27
393.292	-88.48
393.498	-177.66
393.703	-3.31
393.909	44.89
394.115	-29.59
394.32	49.06
394.526	17.3
394.732	28.79
394.937	-8.47
395.143	-11.34
395.349	6.91
395.554	-158.79
395.76	30.44
395.965	-38.05
396.171	1.02
396.377	36.79
396.582	64.56
396.788	0.61
396.993	95.75
397.199	7.28
397.404	42.51
397.61	-14.02
397.815	25.41
398.021	-15.16
398.226	28.69
398.431	-17.15
398.637	40.3
398.842	20.46
399.048	26.6
399.253	29.39
399.458	31.14
399.664	-18.95
399.869	-11.34
400.074	8.11
400.28	1.06
400.485	-27.35
400.69	-0.24
400.896	-19.38
401.101	2.19
401.306	0.5
401.511	8.76
401.716	4.37
401.922	1.87
402.127	2.12
402.332	-0.95
402.537	16.71
402.742	12.72
402.947	28.8
403.153	-21.25
403.358	17.57
403.563	-4.68
403.768	14.54
403.973	-22.5
404.178	5.49
404.383	9.12
404.588	15.13
404.793	4.95
404.998	-4.17
405.203	0.26
405.408	13.58
405.613	7.57
405.818	14.06
406.023	-7.03
406.228	-14.81
406.433	-5.56
406.638	4.98
406.842	7.59
407.047	10.62
407.252	15.01
407.457	3.91
407.662	14.54
407.867	0.62
408.071	6.32
408.276	5.4
408.481	-2.49
408.686	1.57
408.891	8.57
409.095	5.72
409.3	0.47
409.505	12.57
409.709	6.32
409.914	9.25
410.119	0.68
410.323	0.25
410.528	-7.35
410.733	4.51
410.937	-0.62
411.142	3.64
411.346	3.13
411.551	-2.39
411.756	2.98
411.96	0.86
412.165	-2.69
412.369	-0.15
412.574	0.47
412.778	-0.99
412.983	6.53
413.187	1.16
413.392	2.5
413.596	-1.26
413.8	2.29
414.005	5.88
414.209	0.96
414.414	0.13
414.618	1.64
414.822	-0.8
415.027	0.46
415.231	4.97
415.435	3.76
415.64	2.81
415.844	1.86
416.048	3.12
416.252	3.55
416.457	3.05
416.661	3.74
416.865	0.2
417.069	-1.78
417.274	2.71
417.478	0.17
417.682	2.74
417.886	-0.52
418.09	2.14
418.294	2.69
418.498	1.12
418.702	3.19
418.907	1.13
419.111	1.48
419.315	2.14
419.519	2.8
419.723	-0.42
419.927	1.23
420.131	2.83
420.335	1.11
420.539	1.12
420.743	4.19
420.947	-0.01
421.151	1.33
421.355	0.63
421.558	2.55
421.762	0.72
421.966	1.14
422.17	1.9
422.374	2.18
422.578	1.72
422.782	1.28
422.985	1
423.189	1.04
423.393	1.26
423.597	0.95
423.801	2.23
424.004	0.74
424.208	0.93
424.412	0.94
424.615	1.74
424.819	1.25
425.023	1.84
425.226	1.68
425.43	2.62
425.634	1.45
425.837	1.25
426.041	1.11
426.245	1.37
426.448	1.61
426.652	1.59
426.855	0.65
427.059	0.79
427.262	1.27
427.466	0.87
427.669	0.55
427.873	1.57
428.076	1.65
428.28	1.45
428.483	1.37
428.687	1.17
428.89	1.52
429.094	0.84
429.297	1.53
429.5	1.35
429.704	1.49
429.907	1.84
430.11	1.28
430.314	1.34
430.517	1.6
430.72	1.75
430.924	1.61
431.127	2.03
431.33	1.48
431.533	1.25
431.737	1.2
431.94	1.35
432.143	1.91
432.346	1.2
432.549	1.06
432.752	1.14
432.956	1.04
433.159	1.02
433.362	1.12
433.565	1.35
433.768	1.23
433.971	1.1
434.174	1.24
434.377	1.48
434.58	1.01
434.783	1
434.986	1.53
435.189	1.59
435.392	1.04
435.595	1.65
435.798	1.27
436.001	1.55
436.204	1.37
436.407	1.58
436.61	1.25
436.813	1.69
437.016	1.55
437.219	1.42
437.421	1.31
437.624	1.46
437.827	1.45
438.03	1.16
438.233	0.82
438.435	1.45
438.638	1.7
438.841	1.39
439.044	1.8
439.246	0.92
439.449	1.29
439.652	1.69
439.854	1.62
440.057	1.28
440.26	1.58
440.462	1.55
440.665	1.28
440.868	1.4
441.07	1.43
441.273	1.62
441.475	1.33
441.678	1.49
441.88	1.34
442.083	1.07
442.286	1.59
442.488	0.96
442.69	1.51
442.893	1.39
443.095	1.47
443.298	1.22
443.5	1.51
443.703	1.43
443.905	1.5
444.108	1.42
444.31	1.35
444.512	1.37
444.715	1.61
444.917	1.6
445.119	1.47
445.322	1.48
445.524	1.76
445.726	1.4
445.928	1.54
446.131	1.67
446.333	1.48
446.535	1.39
446.737	1.78
446.94	1.79
447.142	1.62
447.344	1.77
447.546	1.64
447.748	1.42
447.95	1.48
448.152	1.61
448.354	1.84
448.557	1.83
448.759	2
448.961	1.41
449.163	1.46
449.365	1.43
449.567	1.8
449.769	1.68
449.971	1.98
450.173	1.83
450.375	2.08
450.577	1.8
450.779	1.71
450.981	1.95
451.182	1.78
451.384	1.72
451.586	2.17
451.788	1.63
451.99	2.08
452.192	1.46
452.394	1.88
452.595	2.38
452.797	2
452.999	2.13
453.201	1.87
453.402	1.95
453.604	1.91
453.806	2.2
454.008	1.62
454.209	2.01
454.411	2.27
454.613	2.17
454.814	2.08
455.016	2.04
455.218	2.3
455.419	1.83
455.621	2.19
455.822	1.88
456.024	2
456.225	2.59
456.427	2.27
456.629	1.6
456.83	1.72
457.032	2.41
457.233	1.89
457.435	1.76
457.636	2.2
457.837	2.39
458.039	1.94
458.24	2.38
458.442	2.63
458.643	1.58
458.844	2.63
459.046	1.66
459.247	2.75
459.448	2.17
459.65	2.18
459.851	2.53
460.052	2.2
460.254	2.15
460.455	2.95
460.656	2.29
460.857	2.13
461.059	1.83
461.26	1.71
461.461	2.54
461.662	2.49
461.863	2.65
462.065	2.4
462.266	1.44
462.467	2.3
462.668	0.44
462.869	3.17
463.07	2.15
463.271	2.56
463.472	1.34
463.673	2.28
463.874	2.15
464.075	2.56
464.276	2.42
464.477	2.39
464.678	2.24
464.879	2.63
465.08	2.24
465.281	2.94
465.482	1.58
465.683	1.74
465.884	2.86
466.085	2.16
466.285	2.33
466.486	4.07
466.687	2.26
466.888	2.98
467.089	2.38
467.29	1.66
467.49	2
467.691	2.51
467.892	2.22
468.093	1.99
468.293	2.18
468.494	1.44
468.695	3.29
468.895	2.56
469.096	1.08
469.297	1.94
469.497	2.64
469.698	3.57
469.898	2.47
470.099	2.31
470.3	3.02
470.5	2.53
470.701	3.41
470.901	2.55
471.102	2.41
471.302	1.22
471.503	2.83
471.703	4.45
471.904	3.3
472.104	2.27
472.305	1.5
472.505	3.58
472.705	1.67
472.906	2.76
473.106	2.06
473.306	1.79
473.507	3.63
473.707	2.98
473.907	2.34
474.108	2.43
474.308	2.54
474.508	2.77
474.709	3.16
474.909	2.33
475.109	-0.12
475.309	2.13
475.51	3.26
475.71	2.94
475.91	2.73
476.11	0.81
476.31	1.68
476.51	2.84
476.71	2.53
476.911	4.17
477.111	1.12
477.311	1.98
477.511	2.54
477.711	1.74
477.911	1.91
478.111	3.33
478.311	2.56
478.511	2.46
478.711	3.09
478.911	1.79
479.111	2.7
479.311	1.28
479.511	4.04
479.711	2.92
479.91	1.12
480.11	3.74
480.31	3.89
480.51	3.73
480.71	1
480.91	2.18
481.109	3.17
481.309	1.75
481.509	1.49
481.709	4.16
481.909	3.06
482.108	0.82
482.308	3.28
482.508	2.75
482.707	4.12
482.907	2.46
483.107	2.47
483.306	3.08
483.506	3.22
483.706	1.05
483.905	3.23
484.105	3.44
484.304	3.34
484.504	0.5
484.704	3.59
484.903	2.89
485.103	3.53
485.302	2.95
485.502	3.15
485.701	3.58
485.901	3.02
486.1	2.29
486.299	2.93
486.499	1.76
486.698	2.25
486.898	1.52
487.097	2.64
487.296	1.86
487.496	1.61
487.695	2.2
487.894	2.39
488.094	3.55
488.293	3.27
488.492	1.48
488.692	2.37
488.891	3.63
489.09	3.9
489.289	2.05
489.489	3.28
489.688	2.1
489.887	2.84
490.086	2.09
490.285	3.32
490.484	4.7
490.683	1.95
490.883	3.35
491.082	4.08
491.281	2.73
491.48	1.98
491.679	2.71
491.878	3.36
492.077	4.14
492.276	1.47
492.475	2.73
492.674	1.79
492.873	2.77
493.072	2.59
493.271	2.81
493.47	2.13
493.669	1.47
493.867	2.02
494.066	2.97
494.265	3.1
494.464	2.87
494.663	2.22
494.862	2.22
495.06	2.75
495.259	1.51
495.458	2.24
495.657	2.8
495.856	2.05
496.054	2.97
496.253	2.63
496.452	2.44
496.65	1.81
496.849	2.14
497.048	2.19
497.246	1.64
497.445	2.45
497.644	2.71
497.842	3.41
498.041	2.27
498.239	1.95
498.438	2.23
498.636	2.5
498.835	2.41
499.034	1.19
499.232	2.36
499.431	1.45
499.629	1.94
499.827	3.29
500.026	2.42
500.224	2.83
500.423	2.11
500.621	1.99
500.82	2.62
501.018	2.96
501.216	2.25
501.415	3
501.613	2.01
501.811	1.98
502.01	2.59
502.208	2.28
502.406	2.6
502.604	3.22
502.803	2.76
503.001	2.64
503.199	2.41
503.397	2.63
503.595	2.08
503.794	1.76
503.992	2.45
504.19	1.7
504.388	2.31
504.586	1.58
504.784	1.67
504.982	2.46
505.18	2.22
505.378	2.2
505.576	2.47
505.774	2.68
505.972	2.42
506.17	2.95
506.368	2.08
506.566	2.27
506.764	2.15
506.962	2.29
507.16	2.48
507.358	2.54
507.556	2.67
507.754	2.66
507.952	2.53
508.15	2.49
508.347	2.21
508.545	2.75
508.743	2.78
508.941	2.08
509.139	2.39
509.336	2.82
509.534	2.59
509.732	2.42
509.93	2.1
510.127	2.43
510.325	2.39
510.523	3.08
510.72	2.64
510.918	2.85
511.116	2.66
511.313	1.63
511.511	2.36
511.708	2.15
511.906	2.84
512.104	2.05
512.301	2.36
512.499	3.01
512.696	2.62
512.894	1.79
513.091	2.47
513.289	2.47
513.486	2.36
513.683	2.37
513.881	2.53
514.078	2.91
514.276	2.59
514.473	2.09
514.67	2.7
514.868	2.44
515.065	2.54
515.262	2.65
515.46	2.03
515.657	2.82
515.854	2.62
516.052	1.86
516.249	2.55
516.446	2.61
516.643	2.9
516.84	2.82
517.038	2.19
517.235	2.14
517.432	2.87
517.629	2.56
517.826	2.87
518.023	3.02
518.221	2.42
518.418	2.7
518.615	2.76
518.812	2.69
519.009	3.17
519.206	2.83
519.403	2.61
519.6	2.74
519.797	2.36
519.994	2.47
520.191	3.11
520.388	2.71
520.585	3
520.782	2.5
520.978	2.51
521.175	2.53
521.372	2.96
521.569	2.7
521.766	2.55
521.963	2.47
522.159	2.8
522.356	2.38
522.553	3.27
522.75	3.02
522.947	2.84
523.143	2.89
523.34	3.34
523.537	2.87
523.733	2.91
523.93	2.58
524.127	2.51
524.323	2.81
524.52	3.21
524.717	3.07
524.913	2.91
525.11	2.53
525.306	2.81
525.503	2.75
525.7	3.12
525.896	2.46
526.093	2.68
526.289	3.15
526.486	2.59
526.682	2.64
526.878	2.72
527.075	3.02
527.271	3.07
527.468	3.11
527.664	2.95
527.861	2.98
528.057	2.84
528.253	3.03
528.45	2.85
528.646	2.84
528.842	3.18
529.039	2.77
529.235	3.07
529.431	3.14
529.627	3.01
529.824	2.88
530.02	3.11
530.216	3
530.412	3.63
530.608	3.21
530.804	3.21
531.001	3.59
531.197	3.11
531.393	3.11
531.589	2.99
531.785	3.18
531.981	3
532.177	3.4
532.373	3.24
532.569	3.12
532.765	3.18
532.961	3.11
533.157	2.85
533.353	2.86
533.549	3
533.745	3.45
533.941	3.32
534.137	3.26
534.333	2.73
534.529	3.48
534.725	3.26
534.92	3.26
535.116	3.32
535.312	3.24
535.508	2.8
535.704	3.26
535.899	2.95
536.095	2.85
536.291	3.13
536.487	2.67
536.682	3.23
536.878	3.05
537.074	2.85
537.269	2.87
537.465	3.02
537.661	3.2
537.856	3.35
538.052	3.43
538.248	3.38
538.443	3.35
538.639	3.11
538.834	3.11
539.03	3.28
539.225	3.6
539.421	3.4
539.616	3.23
539.812	3.19
540.007	3.26
540.203	3.13
540.398	3.5
540.593	3.34
540.789	3.41
540.984	3.42
541.18	3.24
541.375	3.32
541.57	3.52
541.766	3.67
541.961	2.98
542.156	3.56
542.352	3.81
542.547	3.14
542.742	3.3
542.937	3.89
543.133	3.7
543.328	3.74
543.523	3.48
543.718	3.4
543.913	3.4
544.108	3.13
544.304	3.65
544.499	3.62
544.694	3.76
544.889	3.54
545.084	3.77
545.279	3.61
545.474	3.7
545.669	3.41
545.864	3.37
546.059	3.36
546.254	3.41
546.449	3.71
546.644	3.43
546.839	3.49
547.034	3.58
547.229	3.87
547.424	3.51
547.618	4.03
547.813	3.68
548.008	3.97
548.203	3.69
548.398	3.82
548.593	3.72
548.787	3.68
548.982	3.59
549.177	3.38
549.372	3.87
549.566	3.83
549.761	3.73
549.956	3.31
550.15	3.62
550.345	3.89
550.54	3.77
550.734	3.92
550.929	3.86
551.124	3.98
551.318	3.52
551.513	3.59
551.707	4.39
551.902	4.07
552.096	4.02
552.291	4.08
552.485	4.05
552.68	4.02
552.874	4.11
553.069	3.98
553.263	3.99
553.458	4.19
553.652	3.83
553.847	4.14
554.041	3.99
554.235	3.98
554.43	4.19
554.624	4.27
554.818	4.36
555.013	4.18
555.207	4.06
555.401	4.22
555.595	4.16
555.79	4.02
555.984	4.1
556.178	4.28
556.372	4.3
556.566	4.37
556.761	4.12
556.955	4.23
557.149	4.4
557.343	4.42
557.537	4.15
557.731	4.17
557.925	4.14
558.119	4.15
558.313	4.3
558.507	4.25
558.701	4.45
558.895	4.74
559.089	4.67
559.283	4.29
559.477	4.58
559.671	4.32
559.865	4.49
560.059	4.47
560.253	4.34
560.447	4.57
560.641	4.62
560.835	4.64
561.028	4.54
561.222	5.02
561.416	4.48
561.61	4.43
561.804	4.36
561.997	4.53
562.191	4.62
562.385	4.72
562.579	4.43
562.772	4.88
562.966	4.66
563.16	4.89
563.353	4.94
563.547	4.34
563.741	4.56
563.934	4.79
564.128	4.43
564.321	4.62
564.515	4.73
564.708	4.93
564.902	4.63
565.095	5.02
565.289	5.15
565.482	4.89
565.676	4.6
565.869	4.7
566.063	4.99
566.256	4.64
566.45	4.86
566.643	4.82
566.836	5.05
567.03	5.26
567.223	4.99
567.416	5.32
567.61	5.01
567.803	5.28
567.996	5
568.19	4.95
568.383	5.13
568.576	4.95
568.769	5.07
568.963	5.12
569.156	5.11
569.349	5.23
569.542	5.11
569.735	5.08
569.928	5.3
570.121	4.95
570.315	5.55
570.508	5.11
570.701	5.39
570.894	5.42
571.087	5.01
571.28	5.24
571.473	5.38
571.666	5.21
571.859	5.33
572.052	5.21
572.245	5.49
572.438	5.5
572.631	5.28
572.824	5.37
573.016	5.27
573.209	5.5
573.402	5.34
573.595	5.39
573.788	5.63
573.981	5.56
574.173	5.57
574.366	5.7
574.559	5.6
574.752	5.36
574.944	5.79
575.137	5.97
575.33	5.38
575.523	5.79
575.715	5.74
575.908	5.65
576.101	5.63
576.293	5.62
576.486	5.43
576.678	5.67
576.871	5.73
577.063	5.49
577.256	5.71
577.449	5.88
577.641	5.49
577.834	5.66
578.026	5.37
578.219	5.58
578.411	5.68
578.603	6.33
578.796	5.65
578.988	5.88
579.181	5.81
579.373	5.9
579.565	5.7
579.758	5.64
579.95	5.59
580.142	5.78
580.335	5.9
580.527	6.32
580.719	6.28
580.912	5.82
581.104	6.46
581.296	6.12
581.488	6.05
581.68	5.92
581.873	6.1
582.065	6
582.257	6.12
582.449	6.16
582.641	6.07
582.833	5.97
583.025	6.03
583.217	5.92
583.41	6.29
583.602	6.32
583.794	6.27
583.986	6.55
584.178	6.25
584.37	6.22
584.562	6.24
584.753	6.54
584.945	6.36
585.137	6.22
585.329	6.3
585.521	6.81
585.713	6.32
585.905	6.37
586.097	6.22
586.289	6.29
586.48	6.43
586.672	6.3
586.864	6.47
587.056	6.41
587.247	6.42
587.439	6.32
587.631	6.4
587.823	6.45
588.014	6.5
588.206	6.44
588.398	6.4
588.589	6.79
588.781	6.59
588.972	6.8
589.164	6.74
589.356	6.82
589.547	6.8
589.739	6.52
589.93	6.84
590.122	6.79
590.313	6.4
590.505	6.89
590.696	6.87
590.888	6.52
591.079	6.9
591.271	7.3
591.462	6.69
591.653	6.87
591.845	6.89
592.036	6.84
592.227	6.95
592.419	6.92
592.61	6.99
592.801	6.9
592.993	6.94
593.184	7.11
593.375	6.72
593.566	7.34
593.758	6.83
593.949	7.19
594.14	6.92
594.331	7.07
594.522	7.6
594.713	6.79
594.905	7.44
595.096	7.16
595.287	7.45
595.478	7.3
595.669	7.56
595.86	6.98
596.051	7.58
596.242	7.53
596.433	7.52
596.624	7.18
596.815	7.71
597.006	7.64
597.197	7.47
597.388	7.14
597.579	7.64
597.77	7.62
597.96	7.58
598.151	7.48
598.342	7.58
598.533	7.46
598.724	7.44
598.915	7.93
599.105	7.74
599.296	7.96
599.487	7.18
599.678	7.7
599.868	8.11
600.059	7.86
600.25	8.05
600.44	7.88
600.631	7.78
600.822	7.8
601.012	8.47
601.203	7.75
601.394	7.7
601.584	7.91
601.775	8.02
601.965	8.1
602.156	7.89
602.346	8.32
602.537	8.02
602.727	7.89
602.918	7.87
603.108	7.77
603.299	8.11
603.489	8.45
603.679	7.82
603.87	8.13
604.06	8.55
604.251	8.27
604.441	8.32
604.631	8.65
604.822	8.47
605.012	8.26
605.202	8.27
605.392	8.31
605.583	8.39
605.773	8.58
605.963	8.38
606.153	8.27
606.344	7.96
606.534	8.36
606.724	8.52
606.914	8.07
607.104	8.22
607.294	8.6
607.484	8.24
607.674	8.37
607.864	8.79
608.054	8.76
608.245	8.28
608.435	8.16
608.625	9.21
608.814	8.65
609.004	8.94
609.194	8.17
609.384	8.44
609.574	8.95
609.764	8.53
609.954	8.85
610.144	8.59
610.334	9.17
610.524	8.8
610.713	8.8
610.903	8.96
611.093	8.47
611.283	9.03
611.473	8.46
611.662	8.76
611.852	8.6
612.042	8.55
612.231	8.84
612.421	8.96
612.611	9.14
612.8	8.44
612.99	8.77
613.18	8.78
613.369	9.34
613.559	9.23
613.748	8.94
613.938	8.83
614.128	8.55
614.317	9.07
614.507	9.16
614.696	9.49
614.886	9.52
615.075	8.62
615.264	9.72
615.454	9.55
615.643	9.18
615.833	8.86
616.022	9.24
616.211	9.42
616.401	8.65
616.59	9.57
616.779	9.36
616.969	8.52
617.158	8.88
617.347	9.34
617.537	9.13
617.726	9.59
617.915	9.1
618.104	8.66
618.293	9.39
618.483	9.1
618.672	9.89
618.861	9.27
619.05	9.71
619.239	9.15
619.428	8.98
619.617	9.5
619.806	8.6
619.995	9.15
620.184	9.18
620.373	8.91
620.562	8.87
620.751	9.54
620.94	9.03
621.129	9.88
621.318	8.93
621.507	9.33
621.696	9.56
621.885	9.65
622.074	9.25
622.263	9.57
622.452	9.96
622.64	9.14
622.829	9.85
623.018	9.92
623.207	9.77
623.396	9.59
623.584	9.48
623.773	10.09
623.962	9.47
624.15	9.88
624.339	9.71
624.528	9.27
624.716	10.08
624.905	9.52
625.094	10.15
625.282	9.81
625.471	9.43
625.659	9.29
625.848	9.5
626.037	10.08
626.225	10.15
626.414	10.19
626.602	9.8
626.791	9.35
626.979	10.06
627.167	9.7
627.356	10.16
627.544	9.85
627.733	10.1
627.921	10.24
628.109	10.55
628.298	10.17
628.486	10.09
628.674	10.7
628.863	10.29
629.051	10.11
629.239	10.82
629.428	9.24
629.616	9.78
629.804	10.74
629.992	10.06
630.18	10.18
630.369	10.82
630.557	10.35
630.745	9.63
630.933	10.1
631.121	11.03
631.309	10.49
631.497	10.27
631.685	10.61
631.873	10.21
632.061	10.05
632.249	10.11
632.437	10
632.625	9.86
632.813	10.27
633.001	11.1
633.189	9.84
633.377	10.2
633.565	9.36
633.753	9.54
633.941	10.25
634.129	10.48
634.316	10.44
634.504	10.76
634.692	10.8
634.88	10.44
635.068	11.14
635.255	10.52
635.443	10.77
635.631	10.32
635.818	11
636.006	10.56
636.194	10.95
636.382	9.63
636.569	10.71
636.757	10.61
636.944	10.66
637.132	10.07
637.32	11.56
637.507	10.84
637.695	10.39
637.882	10.8
638.07	11.2
638.257	9.72
638.445	9.85
638.632	9.96
638.82	9.96
639.007	9.88
639.194	11.28
639.382	10.42
639.569	10.05
639.757	11.51
639.944	9.48
640.131	9.43
640.319	10.22
640.506	10.59
640.693	10.23
640.88	10.64
641.068	11.23
641.255	10.51
641.442	11
641.629	10.2
641.817	11.19
642.004	10.16
642.191	10.54
642.378	10.94
642.565	11
642.752	10.7
642.939	9.99
643.126	10.66
643.313	10.49
643.501	10.99
643.688	10.8
643.875	10.83
644.062	10.69
644.249	10.56
644.435	11.24
644.622	9.67
644.809	10.28
644.996	10.65
645.183	10.24
645.37	10.21
645.557	10.39
645.744	9.11
645.931	9.66
646.117	10.56
646.304	10.61
646.491	10.91
646.678	10.91
646.865	10.88
647.051	9.96
647.238	10.42
647.425	9.98
647.611	10.91
647.798	10.55
647.985	9.96
648.171	9.75
648.358	10.62
648.545	10.22
648.731	9.32
648.918	11.59
649.104	9.96
649.291	10.26
649.477	10.39
649.664	9.54
649.85	10.67
650.037	10.64
650.223	10.37
650.41	11.03
650.596	8.74
650.783	10.71
650.969	9.79
651.155	10.14
651.342	8.66
651.528	9.74
651.714	10.8
651.901	9.93
652.087	9.32
652.273	10.78
652.46	11.17
652.646	10.32
652.832	9.6
653.018	9.86
653.204	10.8
653.391	11.05
653.577	9.8
653.763	11.09
653.949	11.2
654.135	10.78
654.321	9.75
654.507	10.15
654.693	9.82
654.879	10.97
655.065	8.62
655.252	8.71
655.438	10.25
655.624	10.09
655.809	8.75
655.995	9.63
656.181	11.36
656.367	9.96
656.553	11.02
656.739	9.23
656.925	11.02
657.111	10.84
657.297	11.68
657.482	9.4
657.668	10.72
657.854	10.88
658.04	9.22
658.226	8.94
658.411	8.81
658.597	10.84
658.783	9.87
658.968	10.5
659.154	9.1
659.34	10.05
659.525	9.96
659.711	9.99
659.897	9.81
660.082	10.25
660.268	9.69
660.453	9.12
660.639	9.97
660.824	9.16
661.01	9.24
661.195	9.94
661.381	9.06
661.566	9.56
661.752	8.29
661.937	9.42
662.123	8.76
662.308	9.18
662.494	10.01
662.679	9.65
662.864	9.63
663.05	10.34
663.235	10.66
663.42	8.17
663.605	8.38
663.791	10.52
663.976	9.34
664.161	9.25
664.346	8.98
664.532	8.3
664.717	7.84
664.902	8.85
665.087	11.39
665.272	10.59
665.457	8.64
665.642	8.75
665.828	9.92
666.013	8.97
666.198	5.86
666.383	7.83
666.568	9.27
666.753	10.62
666.938	9.22
667.123	8.03
667.308	8.73
667.493	8.66
667.677	7.88
667.862	7.37
668.047	9.29
668.232	7.84
668.417	10.38
668.602	7.28
668.787	7.72
668.971	8.6
669.156	7.87
669.341	7.67
669.526	10.56
669.711	8.3
669.895	9.59
670.08	8.42
670.265	10.71
670.449	8.06
670.634	7.19
670.819	7.04
671.003	7.14
671.188	8.6
671.372	7.42
671.557	10.79
671.742	7.93
671.926	9.07
672.111	9.19
672.295	7.82
672.48	6.56
672.664	6.71
672.849	5.78
673.033	9.46
673.217	7.32
673.402	7.03
673.586	6.62
673.771	6.6
673.955	9.27
674.139	9.09
674.324	10.4
674.508	7.66
674.692	5.85
674.876	7.69
675.061	10.61
675.245	9.68
675.429	7.75
675.613	8.2
675.798	8.63
675.982	7.75
676.166	7.88
676.35	8.23
676.534	8.96
676.718	7.9
676.902	11.93
677.087	6.15
677.271	6.71
677.455	11.36
677.639	4.99
677.823	9.79
678.007	10.6
678.191	8.48
678.375	9.92
678.559	8.16
678.742	7.28
678.926	9.41
679.11	10.33
679.294	8.3
679.478	6.9
679.662	8.48
679.846	10.99
680.029	9.31
680.213	7.3
680.397	9.67
680.581	10.39
680.765	10.11
680.948	9.2
681.132	8.13
681.316	6.31
681.499	9.06
681.683	8.3
681.867	11.01
682.05	10.73
682.234	8.76
682.417	10.25
682.601	11.97
682.785	12.92
682.968	9.89
683.152	9.97
683.335	7.21
683.519	11.03
683.702	10.37
683.886	11.93
684.069	8.52
684.253	9.91
684.436	13.24
684.619	10.07
684.803	12.68
684.986	12.1
685.169	10.43
685.353	12.85
685.536	11.92
685.719	12.44
685.903	9.85
686.086	10.11
686.269	13.07
686.452	8.8
686.636	13.17
686.819	11.21
687.002	14.07
687.185	11.52
687.368	12.71
687.551	10.62
687.734	11.04
687.918	16.32
688.101	11.67
688.284	9.76
688.467	15.25
688.65	16.3
688.833	9.89
689.016	11.18
689.199	13.09
689.382	17.57
689.565	18.43
689.748	12.59
689.93	11.11
690.113	15.51
690.296	11.62
690.479	14.55
690.662	14.29
690.845	16.59
691.028	14.02
691.21	16.77
691.393	12.29
691.576	18.51
691.759	15.64
691.941	19.4
692.124	20.26
692.307	15.16
692.489	11.74
692.672	12.1
692.855	17.69
693.037	15.66
693.22	16.76
693.403	15.3
693.585	17.7
693.768	20.97
693.95	16.25
694.133	17.08
694.315	17.82
694.498	18.86
694.68	17.46
694.863	16.86
695.045	18.08
695.228	17.48
695.41	21.65
695.592	19.66
695.775	17.39
695.957	18
696.139	20.02
696.322	17.51
696.504	21.04
696.686	15.53
696.869	15.08
697.051	19.9
697.233	21.3
697.415	20.49
697.597	15.4
697.78	17.83
697.962	19.03
698.144	20.13
698.326	18.63
698.508	20.4
698.69	17.29
698.872	14
699.055	16.02
699.237	16.15
699.419	19.29
699.601	16.6
699.783	25.74
699.965	19.34
700.147	16.47
700.329	26.31
700.51	17.91
700.692	16.34
700.874	20.46
701.056	25.67
701.238	23.72
701.42	21.41
701.602	22.02
701.783	13.42
701.965	17.87
702.147	22.54
702.329	20.49
702.511	18.46
702.692	14.43
702.874	16.55
703.056	21.36
703.237	16.65
703.419	17.16
703.601	22.45
703.782	18.22
703.964	21.08
704.146	25.43
704.327	13.45
704.509	26.39
704.69	13.13
704.872	23.56
705.053	16.7
705.235	24.71
705.416	22.11
705.598	19.31
705.779	25.87
705.961	14.27
706.142	16.24
706.323	21.47
706.505	24.06
706.686	22.22
706.867	21.75
707.049	14.65
707.23	21.23
707.411	21.31
707.593	20.2
707.774	21.33
707.955	13.08
708.136	22.45
708.318	19.01
708.499	17.8
708.68	21.29
708.861	25.04
709.042	15.53
709.223	22.03
709.404	23.99
709.585	18.23
709.767	9.18
709.948	22.04
710.129	27.44
710.31	18.2
710.491	12.9
710.672	25
710.853	12.77
711.034	25.82
711.214	22.53
711.395	25.86
711.576	22.64
711.757	20.89
711.938	21.59
712.119	17.03
712.3	24.72
712.481	15.55
712.661	21.69
712.842	17.72
713.023	20.21
713.204	25.11
713.384	17.81
713.565	20.98
713.746	21.16
713.926	14.4
714.107	27.73
714.288	20.46
714.468	19.13
714.649	27.98
714.83	17.65
715.01	25.82
715.191	21.36
715.371	15.29
715.552	19.2
715.732	24.26
715.913	26.14
716.093	20.07
716.274	21.32
716.454	16.42
716.635	33.11
716.815	26.48
716.995	14.1
717.176	24.79
717.356	10.4
717.536	24.9
717.717	28.56
717.897	19.04
718.077	19.91
718.258	15.83
718.438	14.94
718.618	16.52
718.798	21.58
718.978	8.38
719.159	17.6
719.339	28.87
719.519	23.24
719.699	24.78
719.879	19.83
720.059	25.86
720.239	25.76
720.419	30.23
720.599	13.17
720.779	35.83
720.959	29.3
721.139	20.37
721.319	14.79
721.499	34.02
721.679	15.89
721.859	26.96
722.039	13.75
722.219	22.61
722.399	9.83
722.579	19.86
722.759	15.03
722.938	17.22
723.118	21.2
723.298	26.14
723.478	19.42
723.658	30.78
723.837	21.44
724.017	3.62
724.197	15.5
724.376	28.6
724.556	4.39
724.736	29.79
724.915	20.22
725.095	28.91
725.275	12.02
725.454	25.49
725.634	26.28
725.813	15.55
725.993	24.29
726.172	19.99
726.352	33.83
726.531	21.48
726.711	33.64
726.89	19.79
727.07	36.79
727.249	13.38
727.428	27.72
727.608	11.57
727.787	21.49
727.966	36.22
728.146	27.74
728.325	40.65
728.504	17.42
728.684	15.49
728.863	44.2
729.042	6.23
729.221	5.7
729.4	2.26
729.58	33.27
729.759	22.97
729.938	16.46
730.117	39.56
730.296	29.63
730.475	26.53
730.654	23.64
730.833	26.93
731.013	-0.17
731.192	6.14
731.371	31.3
731.55	30.85
731.729	32.74
731.907	30.69
732.086	17.83
732.265	-2.06
732.444	36.48
732.623	20.4
732.802	22.8
732.981	21.78
733.16	16.48
733.339	40.78
733.517	14.91
733.696	27.55
733.875	38.81
734.054	16.16
734.232	40.67
734.411	36.15
734.59	22.79
734.768	28.34
734.947	18.12
735.126	10.43
735.304	35.7
735.483	24.79
735.662	31.73
735.84	7.47
736.019	28.9
736.197	24.54
736.376	26.73
736.554	42.64
736.733	39.09
736.911	30.28
737.09	9.43
737.268	35.2
737.447	40.56
737.625	31.22
737.803	0.44
737.982	51.64
738.16	39.5
738.338	34.12
738.517	13.68
738.695	48.49
738.873	13.61
739.052	32.59
739.23	20.49
739.408	13.53
739.586	11.44
739.764	37.93
739.943	22.11
740.121	35.46
740.299	6.41
740.477	26.99
740.655	20.54
740.833	6.12
741.011	37.74
741.189	31.44
741.367	16.87
741.545	34.14
741.723	-0.14
741.901	-0.98
742.079	15.11
742.257	24.67
742.435	26.23
742.613	-2.41
742.791	27.09
742.969	24.62
743.147	51.55
743.325	29.13
743.503	63.6
743.68	30.67
743.858	42.02
744.036	38.89
744.214	25.36
744.391	24.63
744.569	-10.86
744.747	26.54
744.925	39.58
745.102	12.47
745.28	35.4
745.458	34.71
745.635	34.07
745.813	34.04
745.99	42.4
746.168	21.17
746.345	67.1
746.523	26.91
746.7	1.39
746.878	52.18
747.055	-3.15
747.233	56.79
747.41	48.48
747.588	32
747.765	38.31
747.943	30.67
748.12	16.18
748.297	19.48
748.475	20.42
748.652	57.07
748.829	37.71
749.007	25.58
749.184	19.83
749.361	25.28
749.538	27.96
749.716	38.85
749.893	-6.46
750.07	35.01
750.247	29.99
750.424	46.86
750.601	9.15
750.778	45.09
750.956	-14.26
751.133	-0.98
751.31	34.92
751.487	21.03
751.664	25.02
751.841	9.29
752.018	21.15
752.195	-13.32
752.372	25.81
752.549	-39.41
752.726	31.73
752.902	48.41
753.079	37.28
753.256	66.36
753.433	-4.35
753.61	36.36
753.787	32.36
753.964	36.82
754.14	15.83
754.317	43.03
754.494	18.38
754.671	43.2
754.847	47.95
755.024	47.79
755.201	60.26
755.377	-8.12
755.554	-35.16
755.73	4.18
755.907	-7.44
756.084	59.2
756.26	27.67
756.437	18.55
756.613	38.98
756.79	44.42
756.966	-10.17
757.143	9.51
757.319	9.2
757.496	34.25
757.672	54.37
757.849	34.91
758.025	5.58
758.201	48.11
758.378	22.21
758.554	22.3
758.73	37.99
758.907	11.55
759.083	50.63
759.259	34.2
759.435	14.43
759.612	14.46
759.788	68.43
759.964	41.36
760.14	5.83
760.316	3.29
760.493	41.67
760.669	51.49
760.845	4.13
761.021	-22.78
761.197	-34.47
761.373	-2.73
761.549	39.86
761.725	20.15
761.901	23.13
762.077	40.29
762.253	-9.03
762.429	60.48
762.605	-5.62
762.781	15.54
762.957	23.92
763.133	57.68
763.308	-8.61
763.484	14.88
763.66	106.74
763.836	40.51
764.012	-85.42
764.187	12.86
764.363	72.69
764.539	-11.38
764.715	27.13
764.89	32.16
765.066	-7.78
765.242	-11.64
765.417	-29.73
765.593	0.82
765.769	40.61
765.944	-11.05
766.12	40.41
766.295	42.55
766.471	-23.85
766.646	70.18
766.822	-43.65
766.997	-6.05
767.173	72.19
767.348	19.15
767.524	-17.15
767.699	8.03
767.875	19.25
768.05	-3.81
768.225	34.15
768.401	39.86
768.576	71.63
768.751	-32.53
768.927	-33.68
769.102	109.72
769.277	22.84
769.452	-44.73
769.628	27.02
769.803	97.74
769.978	-32.85
770.153	21.89
770.328	53.71
770.503	36.47
770.679	18.44
770.854	37.63
771.029	35.83
771.204	60.93
771.379	58.32
771.554	66.56
771.729	38.55
771.904	3.58
772.079	46.31
772.254	29.36
772.429	11.91
772.604	13.17
772.779	78.42
772.953	22.84
773.128	25.84
773.303	15.72
773.478	38.24
773.653	6.5
773.828	7.91
774.002	-40.33
774.177	-4.53
774.352	-97.39
774.527	44.21
774.701	27.94
774.876	100.1
775.051	-265.24
775.225	16.99
775.4	33.51
775.575	26.51
775.749	-54.58
775.924	11.66
776.098	-83.37
776.273	-37.48
776.447	65.89
776.622	-15.29
776.796	-6.72
776.971	109
777.145	36.13
777.32	-4.19
777.494	84.47
777.669	18.2
777.843	2.61
778.017	12.92
778.192	43.02
778.366	48.85
778.54	-5.79
778.715	58.89
778.889	-12.9
779.063	52.53
779.237	44.26
779.412	68.11
779.586	156.82
779.76	-14.76
779.934	-19.48
780.108	93.84
780.282	226.87
780.457	3.08
780.631	-74.64
780.805	-43.05
780.979	191.04
781.153	26.6
781.327	88.97
781.501	34.15
781.675	100.29
781.849	43.26
782.023	24.47
782.197	-52.77
782.371	-365.71
782.545	-68.71
782.718	-35.34
782.892	63.69
783.066	69.63
783.24	183
783.414	-18.44
783.588	97.74
783.761	22.84
783.935	-11.85
784.109	106.22
784.283	-337.39
784.456	9.48
784.63	43.27
784.804	0.96
784.977	55.45
785.151	-25.42
785.324	85.78
785.498	-41.5
785.672	-2.64
785.845	89.61
786.019	-189.57
786.192	-145.7
786.366	-18.11
786.539	-74.58
786.713	31.61
786.886	55.05
787.06	-19.34
787.233	23.69
787.406	-1.23
787.58	32.11
787.753	-15.42
787.926	90.71
788.1	314.11
788.273	483.02
788.446	-98.89
788.62	-167.74
788.793	-20.04
788.966	10.72
789.139	-21.41
789.313	-56.68
789.486	6628.57
789.659	-50.29
789.832	60.15
790.005	131.5
790.178	237.17
790.351	-0.73
790.524	116.61
790.697	-10.81
790.87	221.32
791.044	341.82
791.216	2.71
791.389	-278.07
791.562	46.66
791.735	-460.76
791.908	488.31
792.081	54.99
792.254	246.15
792.427	19.33
792.6	-92.13
792.773	53.04
792.945	191.04
793.118	-42.68
793.291	-162.64
793.464	-22.13
793.637	63.8
793.809	-0.78
793.982	-14.22
794.155	189.26
794.327	149.4
794.5	-566.15
794.673	-249.39
794.845	169.65
795.018	-4.06
795.19	-157.3
795.363	53.79
795.536	39.02
795.708	-1832.26
795.881	-6400
796.053	69.89
796.226	93.71
796.398	75.06
796.57	48.38
796.743	-36.15
796.915	-20.39
797.088	-30.77
797.26	-248.82
797.432	207.59
797.605	-59.89
797.777	-259.74
797.949	63.32
798.122	-38.05
798.294	342.6
798.466	121.14
798.638	-20.06
798.81	49.58
798.983	-308.86
799.155	4.55
799.327	-15.42
799.499	52.13
799.671	91.87
799.843	27.4
800.015	38.91
800.187	-19.57
800.359	137.47
800.531	110.75
800.703	42.84
800.875	23.8
801.047	-47.64
801.219	189.76
801.391	-212.99
801.563	-20.14
801.735	26.06
801.907	4.91
802.079	198.11
802.251	-993.41
802.422	384.25
802.594	-119.48
802.766	27.65
802.938	218.83
803.11	114.29
803.281	-26.49
803.453	83.35
803.625	36.57
803.796	29.68
803.968	16.8
804.14	82.53
804.311	-26.96
804.483	59.66
804.654	-32.35
804.826	160.5
804.998	363.64
805.169	-89.58
805.341	-54.4
805.512	106.83
805.684	-35.32
805.855	86.61
806.026	467.69
806.198	269.94
806.369	-29.91
806.541	85.03
806.712	138.82
806.883	103.54
807.055	113.64
807.226	154.91
807.397	206.59
807.569	162.83
807.74	43.81
807.911	119.18
808.082	-141.7
808.253	-459.41
808.425	79.59
808.596	166.29
808.767	161.15
808.938	20.98
809.109	217.82
809.28	157.35
809.451	73.97
809.622	100.53
809.793	-1019.35
809.964	-358.26
810.135	-54.24
810.306	245.09
810.477	91.28
810.648	44.11
810.819	74.95
810.99	-2800
811.161	-11.9
811.332	112.43
811.503	9.41
811.674	-307.69
811.844	-30.77
812.015	11.61
812.186	71.17
812.357	68.67
812.527	7.01
812.698	38.87
812.869	709.43
813.04	-50.11
813.21	-1144.83
813.381	118.29
813.551	184.79
813.722	17.13
813.893	55.37
814.063	22.83
814.234	-792.73
814.404	25.05
814.575	2.71
814.745	-187.61
814.916	41.33
815.086	-3.37
815.257	41.26
815.427	107.98
815.598	53.68
815.768	171.11
815.938	44.95
816.109	-1.62
816.279	45.12
816.449	20.54
816.62	1936.84
816.79	107
816.96	-626.42
817.13	16.58
817.301	50.76
817.471	8.6
817.641	-149.69
817.811	-294.89
817.981	-10342.86
818.152	-87.2
818.322	146.53
818.492	65.31
818.662	-98.94
818.832	34.04
819.002	70.13
819.172	121
819.342	224.28
819.512	49.14
819.682	86.85
819.852	-93.57
820.022	108.2
820.192	-8.99
820.362	-86.03
820.531	26.06
820.701	142.27
820.871	2.71
821.041	94.12
821.211	-93.67
821.381	-10.97
821.55	-17.02
821.72	-148.84
821.89	80
822.059	181.44
822.229	47.02
822.399	-104.04
822.568	186.83
822.738	-195.12
822.908	130.06
823.077	-169.74
823.247	44.02
823.416	1364.71
823.586	-91.98
823.756	-31.55
823.925	-521.52
824.095	716.28
824.264	14.35
824.433	-49.56
824.603	45.12
824.772	-63.22
824.942	-718.99
825.111	-50.25
825.28	-258.39
825.45	-264.35
825.619	248.45
825.788	-251.69
825.958	3.82
826.127	126.65
826.296	92.51
826.465	130.82
826.635	-30.21
826.804	-43.6
826.973	20.66
827.142	-22.13
827.311	75.17
827.48	11.79
827.649	73.98
827.818	81.89
827.988	-6.4
828.157	149.22
828.326	-14.85
828.495	4.53
828.664	239.69
828.833	147
829.002	-109.32
829.17	107.38
829.339	22.11
829.508	-55.06
829.677	462.92
829.846	53.79
830.015	-28.17
830.184	1.68
830.352	127.69
830.521	238.85
830.69	1063.41
830.859	1364.71
831.027	1052.63
831.196	121.93
831.365	51.84
831.533	8.82
831.702	-35.63
831.871	71.33
832.039	30.32
832.208	-681.74
832.377	-267.72
832.545	102.83
832.714	65.45
832.882	-43.24
833.051	10.22
833.219	7314.29
833.388	19.33
833.556	-18.66
833.724	83.39
833.893	-15.23
834.061	-273.68
834.23	84.07
834.398	294.98
834.566	-10.39
834.735	3371.43
834.903	-354.72
835.071	2720
835.239	-167.87
835.408	129.98
835.576	1134.88
835.744	97.1
835.912	117.89
836.08	69.27
836.249	120.75
836.417	196.79
836.585	20.54
836.753	-7.63
836.921	216.22
837.089	-3142.86
837.257	-511.63
837.425	-83.4
837.593	-7.98
837.761	38.41
837.929	-110.75
838.097	56.18
838.265	3.58
838.433	64.26
838.601	150.66
838.769	556.96
838.936	489.89
839.104	103.54
839.272	23.21
839.44	23.64
839.608	39.02
839.775	-19.12
839.943	67.43
840.111	55.33
840.279	12.01
840.446	244.78
840.614	-322.08
840.781	6.96
840.949	69.94
841.117	99.55
841.284	-39.48
841.452	84.47
841.619	24.96
841.787	109.23
841.954	409.3
842.122	50.87
842.289	46.66
842.457	69.12
842.624	138.5
842.792	143.07
842.959	196.57
843.126	-7.89
843.294	-144.68
843.461	100.3
843.629	32
843.796	-44.92
843.963	-63.81
844.13	107.04
844.298	95.75
844.465	-4.66
844.632	196.27
844.799	82.41
844.966	18.72
845.134	64.19
845.301	22.25
845.468	-34.44
845.635	180.92
845.802	-47.66
845.969	20.46
846.136	-87.37
846.303	-1852.63
846.47	9.05
846.637	-473.85
846.804	357.89
846.971	-89.18
847.138	26.25
847.305	-697.35
847.472	-20.67
847.639	187.35
847.805	115.65
847.972	-166.23
848.139	1.72
848.306	2821.05
848.473	280.6
848.639	11.43
848.806	-668.8
848.973	116.25
849.14	239.75
849.306	-351.57
849.473	-18.54
849.64	-252.31
849.806	139.71
849.973	436.76
850.139	283.44
850.306	71.16
850.472	237.64
850.639	9.18
850.806	-1347.37
850.972	111.3
851.139	-5200
851.305	-0.96
851.471	-19.93
851.638	-105.52
851.804	173.13
851.971	-102
852.137	28.41
852.303	-47.66
852.47	29.79
852.636	346.41
852.802	280.31
852.968	253.62
853.135	62.94
853.301	-122.54
853.467	158.69
853.633	-56.53
853.8	25.93
853.966	209.14
854.132	-3142.86
854.298	-181.02
854.464	98.88
854.63	116.3
854.796	59.66
854.962	31.65
855.128	18.51
855.294	-70.93
855.46	-72.73
855.626	-36.72
855.792	58.69
855.958	42.72
856.124	-142.33
856.29	164.24
856.456	24.52
856.622	-27.23
856.787	800
856.953	4.48
857.119	372.28
857.285	60.66
857.45	185.16
857.616	109
857.782	32.74
857.948	190.6
858.113	34.13
858.279	227.41
858.445	214.17
858.61	-511.63
858.776	37.25
858.941	-174.26
859.107	64.88
859.273	198.59
859.438	2.95
859.604	105.26
859.769	166.93
859.935	-198.02
860.1	50.23
860.265	58.56
860.431	282.01
860.596	-2114.29
860.762	9.33
860.927	31.73
861.092	38.6
861.258	-43.06
861.423	281.08
861.588	58.56
861.753	285.71
861.919	437.74
862.084	6.3
862.249	149.15
862.414	50.51
862.579	-28.43
862.745	77.53
862.91	64.94
863.075	-5.21
863.24	-58.15
863.405	160.8
863.57	-28.66
863.735	139.82
863.9	-145.13
864.065	16.15
864.23	11.61
864.395	219.22
864.56	154.68
864.725	192.41
864.89	449.44
865.055	59.48
865.22	169.28
865.384	-292.13
865.549	-271.84
865.714	49.65
865.879	95.74
866.044	-30.16
866.208	61.54
866.373	219.78
866.538	72.13
866.702	-136.39
866.867	82.95
867.032	99.76
867.196	72.83
867.361	-92.8
867.526	176.82
867.69	-133.7
867.855	-254.95
868.019	647.27
868.184	-20.97
868.348	99.66
868.513	-670.97
868.677	239.69
868.842	11.31
869.006	184.7
869.17	120.75
869.335	-400
869.499	-178.64
869.663	251.66
869.828	-108.5
869.992	269.77
870.156	62.37
870.321	4.69
870.485	33.7
870.649	11.61
870.813	-280.44
870.978	212.77
871.142	-658.46
871.306	-53.08
871.47	318.25
871.634	25.2
871.798	159.01
871.962	15.49
872.126	-10000
872.29	-42.62
872.454	-1428.57
872.618	-9.57
872.782	-23.88
872.946	147.65
873.11	263.32
873.274	127.17
873.438	-1600
873.602	36.94
873.766	-462.34
873.93	-31.78
874.094	-211.24
874.257	20.16
874.421	175.72
874.585	-181.82
874.749	49.78
874.912	-425.9
875.076	37.72
875.24	95.74
875.403	210.24
875.567	306.29
875.731	-130.34
875.894	94.69
876.058	191.39
876.222	17.98
876.385	221.11
876.549	90.3
876.712	843.64
876.876	-11.34
877.039	63.32
877.203	29.98
877.366	52.92
877.529	-196.47
877.693	-56.11
877.856	188.49
878.02	-79.67
878.183	77.74
878.346	161.04
878.51	-7.08
878.673	-54.68
878.836	107.26
878.999	258.06
879.163	69.32
879.326	-83.89
879.489	67.57
879.652	86.24
879.815	87.66
879.978	-120.82
880.142	139.6
880.305	-4.97
880.468	149.4
880.631	77.45
880.794	-1.74
880.957	302.44
881.12	658.82
881.283	-28.7
881.446	119.93
881.609	212.95
881.772	2.61
881.935	-400
882.097	164.71
882.26	143.4
882.423	-188.94
882.586	82.66
882.749	159.77
882.912	-46.63
883.074	77.38
883.237	86.77
883.4	39.26
883.562	85.9
883.725	108.8
883.888	-154.33
884.05	-8560
884.213	130.02
884.376	44.38
884.538	83.7
884.701	83.7
884.863	83.7
