181.954	17.81
182.172	17.81
182.39	17.81
182.608	-7120
182.826	-136.26
183.043	-37.45
183.261	28.34
183.479	127.86
183.697	3764.71
183.914	197.57
184.132	145.45
184.35	121.97
184.567	96.9
184.785	-102.65
185.003	16.45
185.22	-49.79
185.438	92.9
185.656	-176.88
185.873	-750.77
186.091	75.27
186.309	1255.17
186.526	88.69
186.744	-4.58
186.961	-58.31
187.179	43.6
187.396	102.49
187.614	-529.23
187.831	-9520
188.049	-120.25
188.266	47.32
188.484	-167.16
188.701	333.98
188.919	65.81
189.136	141.65
189.354	21.62
189.571	-104.27
189.789	54.99
190.006	34.25
190.223	-43.24
190.441	110.8
190.658	6800
190.876	83.58
191.093	153.85
191.31	29.65
191.528	-9.37
191.745	-5.61
191.962	-19.08
192.179	87.87
192.397	187.85
192.614	80.93
192.831	53.76
193.049	84.94
193.266	89.32
193.483	28.95
193.7	264.62
193.917	198.9
194.135	420.14
194.352	-15.44
194.569	61.54
194.786	144.28
195.003	145.2
195.221	50.58
195.438	2.83
195.655	209.05
195.872	-9.49
196.089	47.64
196.306	11.79
196.523	92.79
196.74	187.76
196.957	39.13
197.174	221.32
197.391	72.02
197.608	74.23
197.825	-206.45
198.042	37.4
198.259	-1682.76
198.476	-79.03
198.693	80
198.91	-111.59
199.127	567.16
199.344	207.29
199.561	154.91
199.778	29.05
199.995	-202.99
200.212	-400
200.429	191.47
200.646	-248.1
200.862	-197.75
201.079	-2.49
201.296	505.96
201.513	462.14
201.73	42.8
201.947	4.96
202.163	138.68
202.38	238.15
202.597	370.05
202.814	80
203.03	-3520
203.247	263.32
203.464	1.53
203.681	472.73
203.897	65.44
204.114	-173.58
204.331	134.45
204.547	297.67
204.764	137.48
204.981	-894.12
205.197	136.17
205.414	113.37
205.63	593.1
205.847	395.98
206.064	276.36
206.28	116.62
206.497	40.69
206.713	102.61
206.93	50.33
207.146	6.41
207.363	-344.62
207.579	-70.33
207.796	-123.89
208.012	17.53
208.229	-435.82
208.445	38.15
208.662	43.7
208.878	50.97
209.095	-2376.47
209.311	36.74
209.528	3028.57
209.744	30.89
209.96	132.45
210.177	-423.3
210.393	33.12
210.609	-5200
210.826	12.27
211.042	90.43
211.258	871.64
211.475	-213.9
211.691	48.38
211.907	-217.72
212.124	43.53
212.34	457.14
212.556	-68.38
212.772	-43.96
212.989	45.03
213.205	38.38
213.421	-291.46
213.637	943.28
213.853	127.63
214.069	-400
214.286	205.25
214.502	-256.72
214.718	55.17
214.934	222.1
215.15	87.87
215.366	25.71
215.582	180.92
215.798	115.84
216.015	21.68
216.231	105.95
216.447	89.61
216.663	135.98
216.879	-56.28
217.095	308.72
217.311	573.58
217.527	137.19
217.743	252.43
217.959	-535.85
218.175	77.25
218.391	394.24
218.606	32
218.822	299.13
219.038	-34.22
219.254	150.74
219.47	22.83
219.686	314.61
219.902	116.95
220.118	76.64
220.334	23.28
220.549	3.56
220.765	-153.03
220.981	19.15
221.197	11.62
221.413	8.79
221.628	-65.82
221.844	-603.77
222.06	415.53
222.276	30.19
222.491	148.51
222.707	24.92
222.923	-142.28
223.139	17.81
223.354	-54.59
223.57	148.03
223.786	70.84
224.001	230.12
224.217	215.74
224.432	-18.5
224.648	123.54
224.864	48.19
225.079	-202.99
225.295	37.72
225.51	235.68
225.726	28.13
225.942	250.78
226.157	9.57
226.373	-37.45
226.588	57.26
226.804	231.58
227.019	335.68
227.235	56.03
227.45	63.82
227.665	560
227.881	422.05
228.096	27.83
228.312	-69.48
228.527	54.05
228.743	59.43
228.958	-4.66
229.173	-316.52
229.389	119.91
229.604	73.41
229.819	47.96
230.035	57.95
230.25	89.8
230.465	90.21
230.681	-161.56
230.896	-5.23
231.111	6.37
231.327	-72.73
231.542	-400
231.757	99.63
231.972	96.11
232.187	28.94
232.403	2063.16
232.618	197.97
232.833	92.45
233.048	690.91
233.263	-46.65
233.478	-55.65
233.694	74.42
233.909	25.81
234.124	175.77
234.339	32.09
234.554	-979.31
234.769	14.73
234.984	89.69
235.199	115.67
235.414	-230.09
235.629	-50.63
235.844	-101.61
236.059	78.09
236.274	16.92
236.489	40.13
236.704	183.98
236.919	135.28
237.134	80
237.349	75.07
237.564	77.91
237.779	-20.05
237.994	151.49
238.209	149.6
238.424	-2.45
238.639	107.62
238.853	45.19
239.068	6.04
239.283	20.54
239.498	131.93
239.713	133.91
239.928	33.89
240.142	-302.39
240.357	67.57
240.572	127.32
240.787	110.08
241.001	207.66
241.216	22.6
241.431	31.32
241.646	55.17
241.86	-98.65
242.075	-986.05
242.29	-52.24
242.504	-4.93
242.719	2.48
242.934	53.54
243.148	7.29
243.363	34.62
243.577	-737.08
243.792	90.69
244.007	19.54
244.221	-244.16
244.436	334.33
244.65	159.51
244.865	-138.39
245.079	95.07
245.294	-123.74
245.508	65.03
245.723	2.25
245.937	338.46
246.152	-5.75
246.366	5.49
246.581	29.34
246.795	299.39
247.01	-13.72
247.224	-19.4
247.438	-29.04
247.653	60.83
247.867	-18.03
248.081	68.17
248.296	-165.85
248.51	72.11
248.724	136.45
248.939	-77.61
249.153	-140.41
249.367	26.49
249.582	28.34
249.796	-368.83
250.01	196.03
250.224	78.84
250.439	120.56
250.653	63.22
250.867	42.54
251.081	37.91
251.295	12.44
251.51	182.13
251.724	238.85
251.938	23.79
252.152	37.96
252.366	146.25
252.58	1040
252.794	79.03
253.008	251.66
253.223	92.24
253.437	28.84
253.651	42.84
253.865	139.2
254.079	3.82
254.293	85.77
254.507	-269.09
254.721	88.34
254.935	589.01
255.149	33.83
255.363	113.8
255.577	284.56
255.791	71.86
256.005	623.31
256.218	-25.79
256.432	78.77
256.646	-23.33
256.86	36.06
257.074	96.35
257.288	7280
257.502	232.97
257.716	25.55
257.929	230.82
258.143	50.28
258.357	74.91
258.571	153.51
258.785	55.58
258.998	-4.44
259.212	21.69
259.426	-157.85
259.64	189.54
259.853	28.84
260.067	184.54
260.281	91.21
260.494	74.22
260.708	348.51
260.922	28.75
261.135	72.83
261.349	57.82
261.563	108.92
261.776	305.88
261.99	49.74
262.203	101.79
262.417	28.27
262.63	51.53
262.844	17.98
263.058	80
263.271	79.07
263.485	134.02
263.698	140.53
263.912	120.85
264.125	32
264.339	-12.6
264.552	125.68
264.765	-24.35
264.979	51.41
265.192	80.65
265.406	-88.98
265.619	-22.3
265.832	54.35
266.046	14.95
266.259	-21.69
266.473	-322.58
266.686	69.3
266.899	116.63
267.113	1040
267.326	142.76
267.539	106.1
267.752	62.14
267.966	54.67
268.179	157.93
268.392	66.55
268.605	-50.39
268.819	105.87
269.032	322.27
269.245	6.15
269.458	104.8
269.671	-308.86
269.885	81.6
270.098	46.55
270.311	222.78
270.524	109.31
270.737	-37.85
270.95	156.29
271.163	289.76
271.376	1535.48
271.589	313.92
271.802	56.73
272.016	96.42
272.229	102.06
272.442	22.67
272.655	58.75
272.868	-65.66
273.081	-764.04
273.294	69.38
273.506	214.84
273.719	-37.74
273.932	7.25
274.145	-6400
274.358	207.92
274.571	132.44
274.784	188.68
274.997	29.25
275.21	-5.61
275.423	-0.76
275.635	94.47
275.848	76.34
276.061	-58.28
276.274	54.22
276.487	69.57
276.699	-0.99
276.912	207.67
277.125	64.68
277.338	64.45
277.55	31.23
277.763	71.33
277.976	138.68
278.189	61.54
278.401	69.01
278.614	224
278.827	64.98
279.039	96.9
279.252	147.43
279.464	-68.54
279.677	137
279.89	61.08
280.102	-104.52
280.315	390.24
280.527	1305.26
280.74	-979.31
280.952	227.47
281.165	54.99
281.377	100.19
281.59	40.13
281.802	37.32
282.015	-116.63
282.227	72.02
282.44	420.14
282.652	31.46
282.865	111.85
283.077	132.05
283.29	50.53
283.502	38.79
283.714	282.46
283.927	-53.05
284.139	-29.18
284.351	155.5
284.564	209.63
284.776	-60.06
284.988	121.55
285.201	226.87
285.413	109.28
285.625	-263.78
285.838	72.67
286.05	37.43
286.262	91.51
286.474	194.56
286.686	30.31
286.899	25.11
287.111	21.51
287.323	57.73
287.535	-43.56
287.747	70.75
287.959	-12.86
288.172	-1490.91
288.384	47.26
288.596	20.96
288.808	-581.13
289.02	7.55
289.232	49.63
289.444	-19.21
289.656	-99.02
289.868	63.93
290.08	93.25
290.292	289.36
290.504	7.39
290.716	18.35
290.928	71.87
291.14	632.56
291.352	-3.75
291.564	-1741.18
291.776	87.89
291.988	78.53
292.2	100.47
292.412	-205.41
292.624	-57.7
292.835	1194.03
293.047	17.08
293.259	-189.34
293.471	39.82
293.683	126.83
293.895	45.53
294.106	-9.37
294.318	30.97
294.53	79.16
294.742	55.17
294.953	-94.46
295.165	102.91
295.377	183.18
295.589	43.43
295.8	33.68
296.012	141.68
296.224	67.24
296.435	71.34
296.647	144.65
296.858	100.72
297.07	578.46
297.282	38.24
297.493	-5.75
297.705	-64
297.916	64.3
298.128	100.27
298.34	165.67
298.551	114.89
298.763	185.75
298.974	126.78
299.186	36.36
299.397	-15.16
299.609	-12.9
299.82	96.94
300.031	57.77
300.243	1178.95
300.454	-39.26
300.666	57.91
300.877	26.54
301.089	-57.87
301.3	61.68
301.511	66.58
301.723	57.65
301.934	1158.21
302.145	38.67
302.357	-9.07
302.568	3.2
302.779	9.06
302.99	240.36
303.202	164.08
303.413	60.27
303.624	116.61
303.835	233.96
304.047	51.82
304.258	27.69
304.469	29.66
304.68	-48.72
304.891	110.86
305.103	26.25
305.314	87.93
305.525	5942.86
305.736	25.2
305.947	71.18
306.158	1011.76
306.369	75.3
306.58	49.76
306.791	119.34
307.002	-50.99
307.213	-0.78
307.424	-9.89
307.636	74.11
307.846	70.22
308.057	543.69
308.268	8.87
308.479	70.64
308.69	42.37
308.901	125.75
309.112	46.51
309.323	60.31
309.534	188.42
309.745	30.68
309.956	-73.65
310.167	92.1
310.377	-29.82
310.588	-45.66
310.799	-11.34
311.01	-115.72
311.221	46.44
311.432	3.39
311.642	-94.32
311.853	-23.22
312.064	-1186.21
312.275	10.41
312.485	155.18
312.696	44.28
312.907	16.08
313.117	75.32
313.328	108.73
313.539	35.81
313.749	40.69
313.96	232.97
314.171	136.42
314.381	62.12
314.592	-45.04
314.802	31.42
315.013	113.35
315.224	48.74
315.434	-210.53
315.645	1760
315.855	270.3
316.066	408.99
316.276	151.24
316.487	-195.12
316.697	76.37
316.908	26.17
317.118	129.31
317.329	10.02
317.539	55.44
317.749	63.52
317.96	-597.01
318.17	-73.43
318.381	470.33
318.591	-360.44
318.801	8.1
319.012	7.07
319.222	613.59
319.432	-27.79
319.643	247.23
319.853	-50.22
320.063	88.16
320.273	-9.95
320.484	-268.13
320.694	50.61
320.904	145.08
321.114	-170.79
321.325	-68.97
321.535	106.16
321.745	-19.12
321.955	81.26
322.165	60.42
322.375	96.24
322.585	262.58
322.796	1296.55
323.006	164.51
323.216	155.6
323.426	70.47
323.636	168.42
323.846	1131.03
324.056	68.56
324.266	40.37
324.476	55.85
324.686	2.16
324.896	85.52
325.106	777.36
325.316	50.71
325.526	-2547.37
325.736	36.09
325.946	15.51
326.156	566.23
326.366	-45.22
326.576	44.36
326.785	-80.4
326.995	1.13
327.205	76.38
327.415	181.69
327.625	11.68
327.835	49.76
328.044	106.53
328.254	445.22
328.464	282.69
328.674	169.4
328.884	-37.41
329.093	222.46
329.303	81.56
329.513	47.2
329.722	-526.32
329.932	72.27
330.142	-55.99
330.351	79.59
330.561	101.82
330.771	-85.61
330.98	28.34
331.19	-49.23
331.4	24.03
331.609	90.26
331.819	1151.22
332.028	18.29
332.238	145.08
332.447	42.48
332.657	122.65
332.866	205.86
333.076	36.81
333.285	57.33
333.495	374.19
333.704	-405.38
333.914	70.46
334.123	-38.03
334.333	-658.46
334.542	106.81
334.752	356.92
334.961	-1033.96
335.17	-339.7
335.38	116.62
335.589	62.87
335.798	124.85
336.008	180.22
336.217	-6.81
336.426	22.07
336.636	59.57
336.845	107.04
337.054	441.56
337.263	15.16
337.473	-4.2
337.682	88.6
337.891	-25.92
338.1	135.25
338.309	27.05
338.519	78.36
338.728	5.43
338.937	-570.08
339.146	230.22
339.355	-422.64
339.564	294.74
339.773	227.14
339.983	62.32
340.192	-128.7
340.401	103.54
340.61	138.74
340.819	83.36
341.028	44.59
341.237	-1035.29
341.446	-9.72
341.655	118.11
341.864	-53.08
342.073	50.71
342.282	68.43
342.491	54.11
342.699	-38.83
342.908	348.05
343.117	-20.05
343.326	148.99
343.535	-901.82
343.744	-172.37
343.953	134.86
344.162	93.24
344.37	-10.47
344.579	29.85
344.788	29.67
344.997	-18.82
345.206	76.87
345.414	66.54
345.623	157.93
345.832	58.08
346.041	-58.88
346.249	55.8
346.458	40.04
346.667	125.75
346.875	83.36
347.084	6.9
347.293	120.95
347.501	83.41
347.71	49.09
347.918	-112.18
348.127	312.09
348.336	-304.64
348.544	97.74
348.753	65.67
348.961	50.81
349.17	105.02
349.378	90.49
349.587	40.69
349.795	473.79
350.004	-381.54
350.212	68.43
350.421	173.45
350.629	103.93
350.838	23.07
351.046	93.77
351.254	61.19
351.463	14.05
351.671	-842.11
351.879	166.75
352.088	85.5
352.296	152.21
352.504	142.47
352.713	163.56
352.921	25.2
353.129	43.53
353.338	44.31
353.546	89.29
353.754	-134.97
353.962	69.37
354.171	19.01
354.379	-589.47
354.587	20.49
354.795	80.78
355.003	-27.26
355.212	45.92
355.42	-490.57
355.628	155.18
355.836	189.83
356.044	54.3
356.252	9.31
356.46	18.04
356.668	338.46
356.876	87.55
357.084	72.67
357.292	22.19
357.5	3.58
357.708	73.41
357.916	-73.02
358.124	37.32
358.332	370.15
358.54	516.36
358.748	238.96
358.956	87.26
359.164	59.34
359.372	72.56
359.58	14.39
359.788	53.27
359.996	189.26
360.203	-45.12
360.411	138.11
360.619	-140.7
360.827	110.94
361.035	-193.87
361.242	110.26
361.45	602.53
361.658	151.66
361.866	-11.96
362.073	19.79
362.281	84.94
362.489	22.71
362.697	64.69
362.904	85.8
363.112	112.53
363.32	40.78
363.527	-149.57
363.735	30.89
363.943	68.11
364.15	130.04
364.358	47.29
364.565	165.01
364.773	109.82
364.98	-31.1
365.188	92.44
365.395	100.25
365.603	23.05
365.81	43.22
366.018	1.29
366.225	50.99
366.433	19.85
366.64	9.51
366.848	93.5
367.055	-87.77
367.263	67.9
367.47	108.27
367.677	465.82
367.885	89.58
368.092	58.32
368.299	-85.63
368.507	100.13
368.714	109.73
368.921	34.65
369.129	103.5
369.336	18.38
369.543	61.34
369.751	-50.07
369.958	25.11
370.165	8.14
370.372	-54.1
370.579	-1.02
370.787	67.08
370.994	-73.44
371.201	11.99
371.408	69.93
371.615	79.63
371.822	100.23
372.029	153.22
372.237	-36.57
372.444	112.43
372.651	10.99
372.858	110.26
373.065	59.42
373.272	60.36
373.479	-1558.62
373.686	214.22
373.893	-201.94
374.1	-130.14
374.307	-503.6
374.514	8.1
374.721	-16.77
374.928	254.55
375.135	-0.69
375.341	-3760
375.548	-31.98
375.755	2.33
375.962	45.51
376.169	-9.37
376.376	114.98
376.583	28.38
376.789	108.14
376.996	128.38
377.203	-65.73
377.41	-10.76
377.617	69.93
377.823	183.96
378.03	761.29
378.237	159.34
378.443	189.71
378.65	505.66
378.857	100.37
379.063	632.91
379.27	-306.09
379.477	159.13
379.683	100.27
379.89	42.84
380.097	90.8
380.303	36.82
380.51	19.54
380.716	19.17
380.923	72.44
381.129	98.38
381.336	233.07
381.542	49.29
381.749	-20.93
381.955	89.54
382.162	129.06
382.368	32.83
382.575	3.5
382.781	593.1
382.988	40.54
383.194	68.86
383.4	11
383.607	121.9
383.813	193.36
384.02	51.66
384.226	-121.63
384.432	-18.28
384.639	49.43
384.845	329.11
385.051	14.69
385.257	17.52
385.464	104.12
385.67	160.52
385.876	92.44
386.082	-37.97
386.289	33.53
386.495	33.05
386.701	10.42
386.907	106.39
387.113	68.03
387.319	77.03
387.526	45.6
387.732	148.03
387.938	-54.4
388.144	121.74
388.35	24.78
388.556	36.52
388.762	59.03
388.968	409.3
389.174	109.14
389.38	95.03
389.586	7.34
389.792	47.02
389.998	-99.35
390.204	-39.65
390.41	53.9
390.616	68.79
390.822	19.44
391.028	36.81
391.234	112.37
391.439	-539.81
391.645	9.71
391.851	36.47
392.057	49.71
392.263	29.51
392.469	126.51
392.674	13.98
392.88	13.38
393.086	5.27
393.292	-64.35
393.498	-99.18
393.703	96.11
393.909	52.62
394.115	25.04
394.32	-27.53
394.526	21.71
394.732	109.12
394.937	66.6
395.143	105.26
395.349	136.5
395.554	-424.12
395.76	49.91
395.965	26.53
396.171	-14.23
396.377	39.14
396.582	69.46
396.788	12.59
396.993	63.67
397.199	6.19
397.404	45.63
397.61	-26.03
397.815	46.76
398.021	18.94
398.226	-3.79
398.431	35.49
398.637	14.85
398.842	26.26
399.048	44.77
399.253	26.35
399.458	47.99
399.664	20.13
399.869	-9.64
400.074	41.92
400.28	-10.36
400.485	-17.75
400.69	29.43
400.896	2.12
401.101	11.24
401.306	19.21
401.511	2.54
401.716	16.82
401.922	-3.04
402.127	-5.99
402.332	22.53
402.537	20.1
402.742	14.55
402.947	62.85
403.153	10.31
403.358	19.14
403.563	18.87
403.768	19.72
403.973	16.44
404.178	1.25
404.383	13.53
404.588	29.34
404.793	29.57
404.998	18.64
405.203	11.7
405.408	12.33
405.613	25.59
405.818	20.82
406.023	5.56
406.228	7.72
406.433	2.78
406.638	0.75
406.842	25.7
407.047	15.11
407.252	6
407.457	8.65
407.662	20.59
407.867	24.65
408.071	11.64
408.276	4.75
408.481	1.14
408.686	10.55
408.891	10.53
409.095	14.59
409.3	10.48
409.505	22.76
409.709	6.32
409.914	11.65
410.119	12.15
410.323	8.11
410.528	4.97
410.733	17.26
410.937	8.05
411.142	7.04
411.346	14.05
411.551	4.53
411.756	10.76
411.96	13.97
412.165	4.77
412.369	7.08
412.574	4.92
412.778	8.54
412.983	8.02
413.187	12.97
413.392	6.02
413.596	13.48
413.8	8.98
414.005	10.89
414.209	4.47
414.414	6.95
414.618	8.01
414.822	5.43
415.027	9.96
415.231	8.36
415.435	10.49
415.64	6.66
415.844	4.53
416.048	7.06
416.252	8.64
416.457	8.7
416.661	7.07
416.865	7.59
417.069	6.65
417.274	7.33
417.478	7.07
417.682	8.49
417.886	6.32
418.09	7.22
418.294	8.11
418.498	5.31
418.702	7.6
418.907	6.92
419.111	6.53
419.315	5.54
419.519	8.73
419.723	5.04
419.927	5.81
420.131	8.44
420.335	6.58
420.539	5
420.743	8.48
420.947	5.36
421.151	6.42
421.355	6.43
421.558	6.28
421.762	5.89
421.966	6.76
422.17	7.18
422.374	7.05
422.578	5.21
422.782	5.78
422.985	5.28
423.189	5.77
423.393	6.1
423.597	5.48
423.801	6.57
424.004	5.44
424.208	5.21
424.412	7.36
424.615	6.31
424.819	7.66
425.023	6.84
425.226	6.58
425.43	6.21
425.634	7.31
425.837	6.58
426.041	6.81
426.245	6.75
426.448	5.68
426.652	6.52
426.855	5.45
427.059	5.92
427.262	6.61
427.466	5.46
427.669	5.46
427.873	5.89
428.076	5.77
428.28	5.57
428.483	5.99
428.687	5.46
428.89	6.28
429.094	4.9
429.297	5.68
429.5	6.52
429.704	5.91
429.907	6.81
430.11	5.72
430.314	6.36
430.517	5.84
430.72	6.39
430.924	6.08
431.127	5.88
431.33	5.73
431.533	5.46
431.737	5.42
431.94	5.62
432.143	5.8
432.346	5.7
432.549	5.22
432.752	5.35
432.956	5.77
433.159	5.73
433.362	5.34
433.565	5.52
433.768	5.72
433.971	5.59
434.174	5.22
434.377	5.65
434.58	5.75
434.783	5.16
434.986	5.54
435.189	5.98
435.392	5.65
435.595	5.63
435.798	5.7
436.001	6.38
436.204	5.93
436.407	5.19
436.61	5.36
436.813	6.18
437.016	5.79
437.219	5.51
437.421	5.43
437.624	5.75
437.827	5.48
438.03	6
438.233	5.42
438.435	5.43
438.638	6.01
438.841	5.83
439.044	5.59
439.246	5.6
439.449	5.69
439.652	5.83
439.854	5.81
440.057	5.57
440.26	5.19
440.462	5.64
440.665	5.13
440.868	5.84
441.07	5.9
441.273	5.49
441.475	5.39
441.678	5.49
441.88	5.53
442.083	5.29
442.286	5.48
442.488	5.06
442.69	5.74
442.893	5.73
443.095	5.22
443.298	4.99
443.5	5.17
443.703	5.48
443.905	5.5
444.108	5.39
444.31	5.48
444.512	5.2
444.715	5.51
444.917	5.37
445.119	5.51
445.322	5.33
445.524	5.81
445.726	5.01
445.928	5.02
446.131	5.49
446.333	5.33
446.535	5.58
446.737	5.44
446.94	5.85
447.142	5.48
447.344	5.55
447.546	5.56
447.748	5.3
447.95	5.3
448.152	5.63
448.354	5.65
448.557	5.7
448.759	5.31
448.961	5.61
449.163	5.52
449.365	5.63
449.567	5.44
449.769	5.85
449.971	5.42
450.173	6.13
450.375	5.39
450.577	5.56
450.779	5.58
450.981	5.51
451.182	5.37
451.384	5.3
451.586	5.88
451.788	5.65
451.99	5.72
452.192	5.12
452.394	5.63
452.595	6.16
452.797	5.79
452.999	5.75
453.201	5.94
453.402	5.51
453.604	5.47
453.806	5.35
454.008	5.72
454.209	6.12
454.411	6.15
454.613	5.93
454.814	6.02
455.016	6.02
455.218	5.66
455.419	5.39
455.621	5.95
455.822	6.02
456.024	5.63
456.225	6.56
456.427	6.17
456.629	5.25
456.83	6.23
457.032	6.1
457.233	5.69
457.435	5.39
457.636	6.52
457.837	5.89
458.039	5.7
458.24	6.74
458.442	6.17
458.643	5.27
458.844	6.47
459.046	5.98
459.247	6.76
459.448	6.05
459.65	5.94
459.851	6.28
460.052	6.83
460.254	6.78
460.455	6.97
460.656	6.59
460.857	6.56
461.059	5.64
461.26	5.66
461.461	6
461.662	5.97
461.863	6.99
462.065	6.51
462.266	6.56
462.467	5.89
462.668	6.05
462.869	6.51
463.07	6.81
463.271	6.96
463.472	4.99
463.673	6.35
463.874	6.32
464.075	6.27
464.276	6.4
464.477	6.75
464.678	7.3
464.879	6.45
465.08	6.52
465.281	6.24
465.482	6.1
465.683	6.13
465.884	6.89
466.085	6.3
466.285	6.47
466.486	7.07
466.687	7.18
466.888	6.44
467.089	7.06
467.29	6.77
467.49	6.53
467.691	7.27
467.892	7.11
468.093	5.18
468.293	6.45
468.494	6.46
468.695	6.42
468.895	7.12
469.096	6.23
469.297	5.74
469.497	6.98
469.698	7.77
469.898	6.02
470.099	6.86
470.3	7.31
470.5	5.36
470.701	7.17
470.901	7.32
471.102	5.89
471.302	6.03
471.503	7.51
471.703	8.25
471.904	7.98
472.104	6.51
472.305	6.97
472.505	6.97
472.705	7.56
472.906	7.12
473.106	8.16
473.306	5.66
473.507	6.57
473.707	6.8
473.907	6.34
474.108	5.18
474.308	6.43
474.508	5.91
474.709	7.7
474.909	6.54
475.109	4.56
475.309	6.33
475.51	6.42
475.71	5.77
475.91	7.2
476.11	5.84
476.31	4.79
476.51	6.67
476.71	5.34
476.911	8.16
477.111	5.78
477.311	5.78
477.511	6.7
477.711	6.32
477.911	6.93
478.111	8.18
478.311	7.97
478.511	5.38
478.711	7.26
478.911	6.06
479.111	6.05
479.311	5.86
479.511	7.69
479.711	3.1
479.91	4.09
480.11	7.11
480.31	6.46
480.51	6.93
480.71	5.27
480.91	5.5
481.109	7.24
481.309	6.07
481.509	5.45
481.709	6.2
481.909	6.23
482.108	6.15
482.308	6.8
482.508	7.75
482.707	7.74
482.907	6.32
483.107	5.01
483.306	7.5
483.506	5.35
483.706	6.16
483.905	7.92
484.105	6.01
484.304	4.82
484.504	4.73
484.704	5.95
484.903	5.42
485.103	7.83
485.302	6.65
485.502	6.86
485.701	7.05
485.901	5.8
486.1	5.8
486.299	7.63
486.499	6.63
486.698	5.71
486.898	6.3
487.097	6.54
487.296	5.72
487.496	5.88
487.695	6.15
487.894	5.92
488.094	6.48
488.293	5.49
488.492	4.85
488.692	6.11
488.891	6.12
489.09	5.8
489.289	4.81
489.489	5.52
489.688	6.67
489.887	7.64
490.086	6.51
490.285	6.7
490.484	6.79
490.683	6.71
490.883	7.18
491.082	6.7
491.281	5.95
491.48	5.69
491.679	6.64
491.878	6.3
492.077	6.62
492.276	6
492.475	5.34
492.674	5.64
492.873	6.75
493.072	6.57
493.271	5.83
493.47	4.92
493.669	5.84
493.867	4.63
494.066	6.88
494.265	5.99
494.464	6.4
494.663	6.27
494.862	5.28
495.06	5.48
495.259	5.04
495.458	6.65
495.657	5.86
495.856	6.82
496.054	5.58
496.253	6.53
496.452	5.87
496.65	5.76
496.849	6.03
497.048	5.92
497.246	5.33
497.445	6.49
497.644	6.42
497.842	6.3
498.041	6.67
498.239	5.49
498.438	5.47
498.636	6.58
498.835	5.48
499.034	6.09
499.232	5.6
499.431	5.47
499.629	5.69
499.827	6.05
500.026	6.17
500.224	6.01
500.423	4.71
500.621	5.07
500.82	6.11
501.018	6.86
501.216	6.04
501.415	5.98
501.613	5.78
501.811	5.54
502.01	6.26
502.208	5.23
502.406	5.88
502.604	5.91
502.803	5.43
503.001	5.85
503.199	5.61
503.397	5.35
503.595	5.51
503.794	5.47
503.992	5.77
504.19	5.65
504.388	5.92
504.586	5.75
504.784	5.24
504.982	5.92
505.18	6.08
505.378	5.34
505.576	5.62
505.774	6.53
505.972	5.54
506.17	6.2
506.368	5.91
506.566	5.12
506.764	5.84
506.962	5.93
507.16	6.57
507.358	6.46
507.556	5.38
507.754	6.26
507.952	5.59
508.15	6.41
508.347	5.2
508.545	5.54
508.743	6.22
508.941	6.15
509.139	6.09
509.336	5.84
509.534	6.06
509.732	6.24
509.93	5.65
510.127	5.97
510.325	5.91
510.523	5.63
510.72	6.08
510.918	6.33
511.116	6.31
511.313	5.9
511.511	6.33
511.708	5.78
511.906	6.56
512.104	5.69
512.301	6.72
512.499	6.33
512.696	5.7
512.894	5.74
513.091	5.97
513.289	5.57
513.486	6.1
513.683	6.06
513.881	5.75
514.078	5.89
514.276	6.13
514.473	5.47
514.67	6.48
514.868	6.58
515.065	6.22
515.262	6.41
515.46	5.96
515.657	6.35
515.854	5.92
516.052	5.67
516.249	6.61
516.446	6.2
516.643	5.88
516.84	5.88
517.038	5.87
517.235	5.77
517.432	6.06
517.629	6.49
517.826	6.11
518.023	6.61
518.221	6.52
518.418	6.45
518.615	6.64
518.812	6.05
519.009	6.32
519.206	6.22
519.403	5.48
519.6	6.26
519.797	6.22
519.994	6.31
520.191	6.23
520.388	6.47
520.585	6.44
520.782	6.38
520.978	5.88
521.175	6.16
521.372	6.56
521.569	5.68
521.766	6.09
521.963	5.66
522.159	6.78
522.356	6.15
522.553	6.59
522.75	6.08
522.947	6.38
523.143	6.5
523.34	6.29
523.537	6.85
523.733	6.42
523.93	5.84
524.127	6.31
524.323	6.24
524.52	6.28
524.717	6.42
524.913	6.15
525.11	5.98
525.306	6.42
525.503	6.26
525.7	6.49
525.896	6.31
526.093	6.38
526.289	6.35
526.486	6.14
526.682	6.21
526.878	6.68
527.075	6.33
527.271	6.31
527.468	6.58
527.664	6.15
527.861	6.52
528.057	6.05
528.253	6.55
528.45	6.06
528.646	6.26
528.842	6.53
529.039	6.04
529.235	6.87
529.431	6.28
529.627	6.36
529.824	6.3
530.02	6.72
530.216	6.17
530.412	6.5
530.608	6.25
530.804	6.71
531.001	6.62
531.197	6.58
531.393	6.67
531.589	6.53
531.785	6.31
531.981	6.41
532.177	6.81
532.373	7.01
532.569	6.65
532.765	6.39
532.961	6.24
533.157	6.2
533.353	6.83
533.549	6.66
533.745	6.93
533.941	6.53
534.137	6.47
534.333	6.45
534.529	6.53
534.725	6.57
534.92	7.26
535.116	6.67
535.312	6.65
535.508	6.81
535.704	6.75
535.899	6.37
536.095	6.7
536.291	6.15
536.487	6.94
536.682	6.93
536.878	6.81
537.074	6.66
537.269	6.53
537.465	6.53
537.661	6.81
537.856	7.17
538.052	6.66
538.248	6.75
538.443	7.2
538.639	6.8
538.834	6.7
539.03	7.21
539.225	7.01
539.421	7.02
539.616	6.98
539.812	6.63
540.007	7
540.203	6.52
540.398	6.74
540.593	7.18
540.789	7.04
540.984	7.15
541.18	7.06
541.375	6.66
541.57	7.29
541.766	7.31
541.961	7.52
542.156	7.36
542.352	7.25
542.547	6.78
542.742	7.08
542.937	7.24
543.133	7.33
543.328	7.3
543.523	7.27
543.718	7.43
543.913	7.41
544.108	7.24
544.304	7.13
544.499	7.54
544.694	7.25
544.889	7.18
545.084	7.76
545.279	7.46
545.474	7.38
545.669	7.03
545.864	7.23
546.059	7.14
546.254	7.03
546.449	7.71
546.644	7.17
546.839	7.44
547.034	7.51
547.229	7.38
547.424	7.61
547.618	7.79
547.813	7.57
548.008	7.72
548.203	7.54
548.398	7.48
548.593	7.9
548.787	8.04
548.982	7.68
549.177	7.36
549.372	7.85
549.566	7.85
549.761	7.54
549.956	7.59
550.15	7.45
550.345	7.86
550.54	8.04
550.734	7.94
550.929	7.85
551.124	8.14
551.318	8.14
551.513	7.97
551.707	8.36
551.902	8.02
552.096	8.16
552.291	8.15
552.485	8.44
552.68	7.96
552.874	8.07
553.069	8.25
553.263	8.42
553.458	8.49
553.652	8.2
553.847	7.81
554.041	8.26
554.235	7.97
554.43	8.58
554.624	7.89
554.818	8.51
555.013	8.11
555.207	8.34
555.401	8.47
555.595	8.26
555.79	7.76
555.984	8.66
556.178	8.7
556.372	8.64
556.566	8.21
556.761	8.61
556.955	8.62
557.149	8.43
557.343	8.59
557.537	8.31
557.731	8.49
557.925	8.7
558.119	8.76
558.313	8.54
558.507	8.45
558.701	8.75
558.895	8.89
559.089	8.74
559.283	8.87
559.477	9.1
559.671	9.26
559.865	8.71
560.059	8.91
560.253	9
560.447	8.52
560.641	8.69
560.835	9.08
561.028	9.05
561.222	9.11
561.416	9.18
561.61	8.96
561.804	9.14
561.997	9.3
562.191	9.13
562.385	9.11
562.579	9.18
562.772	9.39
562.966	9.08
563.16	9.12
563.353	9.42
563.547	9.85
563.741	9.46
563.934	9.58
564.128	9.23
564.321	9.1
564.515	9.68
564.708	9.73
564.902	9.31
565.095	9.63
565.289	9.6
565.482	9.85
565.676	9.77
565.869	9.34
566.063	9.7
566.256	9.63
566.45	9.44
566.643	9.47
566.836	9.79
567.03	9.82
567.223	9.59
567.416	10.1
567.61	10.1
567.803	9.79
567.996	10.26
568.19	9.95
568.383	9.97
568.576	9.77
568.769	9.92
568.963	10.1
569.156	10.08
569.349	10.28
569.542	10.53
569.735	10.25
569.928	10.01
570.121	9.96
570.315	10.35
570.508	10.06
570.701	10.67
570.894	10.54
571.087	9.98
571.28	10.23
571.473	10.3
571.666	10.43
571.859	10.13
572.052	10.24
572.245	10.72
572.438	10.45
572.631	10.2
572.824	10.8
573.016	10.27
573.209	10.7
573.402	10.67
573.595	10.76
573.788	10.78
573.981	10.68
574.173	10.39
574.366	11.01
574.559	10.96
574.752	10.62
574.944	10.42
575.137	10.9
575.33	10.52
575.523	10.89
575.715	10.5
575.908	11.17
576.101	10.91
576.293	10.97
576.486	10.99
576.678	11.19
576.871	10.88
577.063	11.1
577.256	11.31
577.449	10.93
577.641	11.18
577.834	10.64
578.026	11.11
578.219	10.91
578.411	11.23
578.603	11.6
578.796	11.15
578.988	11.45
579.181	11.1
579.373	11.25
579.565	11.64
579.758	11.93
579.95	11.07
580.142	11.1
580.335	11.79
580.527	11.75
580.719	11.57
580.912	11.88
581.104	12
581.296	11.96
581.488	11.83
581.68	11.71
581.873	11.7
582.065	11.51
582.257	11.48
582.449	11.83
582.641	11.68
582.833	11.68
583.025	11.93
583.217	11.74
583.41	12.11
583.602	11.76
583.794	12.32
583.986	12.17
584.178	12.18
584.37	12.45
584.562	12.05
584.753	11.85
584.945	12.3
585.137	11.67
585.329	12.22
585.521	13.12
585.713	12.53
585.905	12.6
586.097	12.17
586.289	12.52
586.48	12.58
586.672	12.28
586.864	12.43
587.056	12.6
587.247	12.16
587.439	12.21
587.631	12.2
587.823	12.44
588.014	12.49
588.206	12.73
588.398	12.58
588.589	12.77
588.781	13.08
588.972	12.8
589.164	13
589.356	12.99
589.547	12.99
589.739	12.62
589.93	12.82
590.122	12.71
590.313	13.28
590.505	13.2
590.696	13.05
590.888	12.81
591.079	13.36
591.271	13.62
591.462	13.51
591.653	13.38
591.845	13.32
592.036	13.16
592.227	12.97
592.419	13.35
592.61	13.1
592.801	13.1
592.993	13.45
593.184	13.54
593.375	13.63
593.566	13.81
593.758	13.43
593.949	13.87
594.14	13.83
594.331	13.63
594.522	13.95
594.713	14.02
594.905	13.93
595.096	13.82
595.287	13.76
595.478	13.93
595.669	14.16
595.86	13.42
596.051	14.21
596.242	14.52
596.433	13.78
596.624	14.3
596.815	14.08
597.006	14.3
597.197	14.09
597.388	14.51
597.579	14.37
597.77	14.48
597.96	14.47
598.151	14.78
598.342	14.22
598.533	14.71
598.724	15.11
598.915	14.37
599.105	13.97
599.296	14.81
599.487	14.27
599.678	14.97
599.868	14.95
600.059	15.19
600.25	15.16
600.44	14.98
600.631	15.73
600.822	15.16
601.012	15.24
601.203	15.26
601.394	15.21
601.584	15.46
601.775	15.06
601.965	15.14
602.156	14.67
602.346	15.63
602.537	15.29
602.727	15.17
602.918	15.73
603.108	15.18
603.299	15.08
603.489	16.01
603.679	15.3
603.87	15.54
604.06	16.03
604.251	15.67
604.441	15.93
604.631	16
604.822	15.68
605.012	15.75
605.202	16.06
605.392	15.39
605.583	16.28
605.773	15.92
605.963	16.21
606.153	15.75
606.344	16.43
606.534	16.48
606.724	16.88
606.914	16.08
607.104	16.14
607.294	16.67
607.484	16.96
607.674	16.28
607.864	16.38
608.054	16.67
608.245	16.6
608.435	16.73
608.625	16.96
608.814	16.68
609.004	16.59
609.194	16.66
609.384	17.04
609.574	17.13
609.764	17.11
609.954	16.38
610.144	17
610.334	17.57
610.524	17.23
610.713	17.54
610.903	16.99
611.093	16.91
611.283	17.92
611.473	17.07
611.662	16.94
611.852	17.27
612.042	17.75
612.231	17.05
612.421	17.6
612.611	17.39
612.8	17.62
612.99	18.66
613.18	17.71
613.369	17.78
613.559	18.21
613.748	17.85
613.938	17.62
614.128	17.92
614.317	17.62
614.507	18.04
614.696	17.54
614.886	17.56
615.075	18.13
615.264	17.98
615.454	18.62
615.643	18.18
615.833	18.28
616.022	17.83
616.211	19.33
616.401	18.18
616.59	18.22
616.779	18.52
616.969	18.44
617.158	18.16
617.347	18.93
617.537	18.64
617.726	19.08
617.915	18.87
618.104	17.84
618.293	18.83
618.483	18.15
618.672	19.05
618.861	19.35
619.05	18.61
619.239	18.98
619.428	19.08
619.617	19.58
619.806	18.42
619.995	18.82
620.184	18.54
620.373	18.76
620.562	18.71
620.751	19.43
620.94	19.25
621.129	19.14
621.318	19.62
621.507	19.74
621.696	18.81
621.885	19.43
622.074	19.82
622.263	18.77
622.452	19.21
622.64	19.37
622.829	19.36
623.018	19.76
623.207	19.4
623.396	20.02
623.584	19.6
623.773	20.14
623.962	19.64
624.15	20.1
624.339	19.92
624.528	19.43
624.716	20.4
624.905	20.32
625.094	19.78
625.282	20.15
625.471	19.98
625.659	19.88
625.848	19.92
626.037	21.04
626.225	21.76
626.414	20.39
626.602	20.1
626.791	20.17
626.979	20.68
627.167	21.46
627.356	21.12
627.544	20.81
627.733	21.28
627.921	21.08
628.109	20.39
628.298	20.15
628.486	21.44
628.674	20.35
628.863	22.02
629.051	21.14
629.239	20.77
629.428	21.05
629.616	21.89
629.804	21.41
629.992	21.15
630.18	20.8
630.369	22.02
630.557	20.67
630.745	21.18
630.933	21.59
631.121	20.98
631.309	20.85
631.497	21.12
631.685	20.55
631.873	20.81
632.061	21.33
632.249	21.27
632.437	21.8
632.625	22.01
632.813	21.44
633.001	20.9
633.189	21.79
633.377	22.46
633.565	20.99
633.753	20.95
633.941	21.84
634.129	21.68
634.316	21.25
634.504	22.07
634.692	21.74
634.88	21.81
635.068	21.82
635.255	22.18
635.443	22.76
635.631	21.79
635.818	22.99
636.006	22.41
636.194	22.63
636.382	21.08
636.569	23.2
636.757	22.81
636.944	22.73
637.132	22.44
637.32	23.28
637.507	22.09
637.695	22.74
637.882	24.17
638.07	23.48
638.257	22.71
638.445	23.22
638.632	23.14
638.82	22.98
639.007	22.57
639.194	23.96
639.382	23.29
639.569	22.43
639.757	23.48
639.944	22.45
640.131	22.6
640.319	22.67
640.506	23.98
640.693	22.98
640.88	23.38
641.068	24.26
641.255	23.1
641.442	23.26
641.629	22.98
641.817	23.95
642.004	23.1
642.191	23.45
642.378	24.28
642.565	24.13
642.752	23.3
642.939	23.31
643.126	23.77
643.313	24.49
643.501	24.36
643.688	24.36
643.875	23.44
644.062	23.92
644.249	23.54
644.435	23.9
644.622	23.23
644.809	24
644.996	24.45
645.183	24.16
645.37	25.77
645.557	25.38
645.744	23.97
645.931	24.55
646.117	23.75
646.304	23.74
646.491	23.79
646.678	23.15
646.865	24.9
647.051	24.84
647.238	23.91
647.425	24.89
647.611	24.06
647.798	24.77
647.985	24.37
648.171	25.35
648.358	25.21
648.545	25.16
648.731	22.94
648.918	25.4
649.104	25.03
649.291	24.58
649.477	25.08
649.664	24.97
649.85	25.09
650.037	24.49
650.223	24.86
650.41	24.61
650.596	23.77
650.783	25.61
650.969	25.16
651.155	25.74
651.342	24.61
651.528	25
651.714	26.12
651.901	26.62
652.087	24.67
652.273	25.36
652.46	27.36
652.646	25.53
652.832	25.76
653.018	27.06
653.204	28.08
653.391	25.26
653.577	25.82
653.763	26.1
653.949	27.55
654.135	24.71
654.321	26.72
654.507	25.84
654.693	24.67
654.879	25.66
655.065	26.55
655.252	25.14
655.438	27.22
655.624	27.29
655.809	24.76
655.995	25.11
656.181	26.94
656.367	28.06
656.553	26.93
656.739	25.72
656.925	29.29
657.111	27.87
657.297	28.71
657.482	26.03
657.668	26.76
657.854	26.98
658.04	26.46
658.226	24.47
658.411	25.3
658.597	26.46
658.783	26.77
658.968	28.09
659.154	29.56
659.34	28.46
659.525	26.94
659.711	26.43
659.897	29.5
660.082	26.61
660.268	27.1
660.453	26.95
660.639	27.79
660.824	27.6
661.01	27.71
661.195	26.37
661.381	26.96
661.566	28.06
661.752	26.76
661.937	27.69
662.123	26.13
662.308	26.88
662.494	28.18
662.679	26.75
662.864	27.02
663.05	27.58
663.235	28.65
663.42	26.78
663.605	27.43
663.791	27.74
663.976	27.93
664.161	26.43
664.346	27.94
664.532	27.28
664.717	26.77
664.902	28.22
665.087	31.21
665.272	26.69
665.457	26.15
665.642	27.05
665.828	28.48
666.013	28.32
666.198	25.11
666.383	28.79
666.568	27.89
666.753	27.72
666.938	26.55
667.123	29.19
667.308	29.59
667.493	26.94
667.677	28.61
667.862	28.68
668.047	29.12
668.232	28.47
668.417	29.99
668.602	26.97
668.787	27.49
668.971	28.53
669.156	30.54
669.341	28.91
669.526	27.73
669.711	29.86
669.895	30.02
670.08	27.6
670.265	27.44
670.449	28.48
670.634	28.8
670.819	27.02
671.003	27.53
671.188	30.51
671.372	27.87
671.557	31.64
671.742	31.1
671.926	30.27
672.111	28.16
672.295	26.7
672.48	29.2
672.664	28.95
672.849	25.4
673.033	32.4
673.217	30.48
673.402	28.44
673.586	26.83
673.771	28.06
673.955	27.85
674.139	29.1
674.324	30.02
674.508	28.68
674.692	32.13
674.876	28.8
675.061	30.81
675.245	31.16
675.429	29
675.613	27.41
675.798	31.84
675.982	30.15
676.166	29.16
676.35	28.59
676.534	31.53
676.718	32.62
676.902	30.46
677.087	29.08
677.271	27.41
677.455	30.48
677.639	28.56
677.823	31.43
678.007	34.41
678.191	30.44
678.375	30.31
678.559	30.97
678.742	31.82
678.926	32.29
679.11	33.86
679.294	31.91
679.478	29.36
679.662	31.25
679.846	30.96
680.029	33.09
680.213	30.66
680.397	34.26
680.581	34.01
680.765	33.36
680.948	31.37
681.132	32.48
681.316	29.78
681.499	30.16
681.683	34.85
681.867	34.89
682.05	37.9
682.234	35.03
682.417	33.34
682.601	33.32
682.785	31.4
682.968	31.29
683.152	35.24
683.335	34.13
683.519	34.9
683.702	35.58
683.886	34.39
684.069	35.1
684.253	35.55
684.436	36.89
684.619	33.6
684.803	33.85
684.986	34.99
685.169	33.9
685.353	33.88
685.536	34.17
685.719	33.37
685.903	31.93
686.086	35.49
686.269	38.32
686.452	32.82
686.636	36.2
686.819	33.96
687.002	37.05
687.185	36.11
687.368	33.8
687.551	33.55
687.734	34.51
687.918	37.15
688.101	30.87
688.284	37.69
688.467	34.32
688.65	39.82
688.833	37.82
689.016	33.37
689.199	34.67
689.382	37.41
689.565	39.57
689.748	32.14
689.93	34.8
690.113	39.19
690.296	35.08
690.479	39.2
690.662	32.29
690.845	35.13
691.028	35.95
691.21	36.16
691.393	36.78
691.576	34.06
691.759	40.33
691.941	37.35
692.124	39.85
692.307	34.18
692.489	35.26
692.672	37.47
692.855	35.5
693.037	39.73
693.22	43.58
693.403	33.77
693.585	44.24
693.768	38.67
693.95	39.12
694.133	41.15
694.315	37.77
694.498	35.62
694.68	36.18
694.863	43.1
695.045	38.34
695.228	37.88
695.41	35.25
695.592	42.12
695.775	31.85
695.957	37.52
696.139	38.03
696.322	37.97
696.504	42.59
696.686	36.65
696.869	35.12
697.051	38.94
697.233	42.44
697.415	40.09
697.597	37.64
697.78	37.53
697.962	36.19
698.144	47.12
698.326	38.18
698.508	39.82
698.69	38.19
698.872	34.68
699.055	39.58
699.237	37.69
699.419	34.29
699.601	33.56
699.783	41.98
699.965	41.2
700.147	33.75
700.329	37.47
700.51	41.84
700.692	36.04
700.874	36.07
701.056	39.87
701.238	36.24
701.42	45.07
701.602	37.09
701.783	43.84
701.965	40.78
702.147	39.84
702.329	40.43
702.511	39.94
702.692	43.23
702.874	39.77
703.056	39.03
703.237	42.5
703.419	41.26
703.601	44.33
703.782	43.86
703.964	41.96
704.146	40.37
704.327	39.89
704.509	44.38
704.69	36.8
704.872	44.02
705.053	40.25
705.235	42.82
705.416	36.79
705.598	42.54
705.779	42.7
705.961	44.9
706.142	40.53
706.323	41.21
706.505	39.19
706.686	36.62
706.867	40.38
707.049	33.3
707.23	44.94
707.411	38.61
707.593	37.56
707.774	38.85
707.955	33.19
708.136	40.01
708.318	46.52
708.499	50.82
708.68	35.99
708.861	40.32
709.042	38.14
709.223	38.47
709.404	36.48
709.585	42.24
709.767	43.18
709.948	38.37
710.129	49.27
710.31	32.99
710.491	30.95
710.672	37.61
710.853	34.98
711.034	40.47
711.214	36.29
711.395	40.46
711.576	49.43
711.757	49.32
711.938	47.07
712.119	49.88
712.3	41.4
712.481	37.58
712.661	43.1
712.842	31.1
713.023	43.16
713.204	37.39
713.384	34.74
713.565	38.84
713.746	37.9
713.926	44.98
714.107	49.98
714.288	39.61
714.468	39.56
714.649	38.68
714.83	41.97
715.01	51.34
715.191	39.58
715.371	39.62
715.552	40.64
715.732	47.47
715.913	43.47
716.093	40.43
716.274	38.21
716.454	38.56
716.635	46.49
716.815	47.36
716.995	41.38
717.176	40.05
717.356	40.05
717.536	44.59
717.717	48.84
717.897	27.64
718.077	35.29
718.258	41.79
718.438	39.05
718.618	33.86
718.798	42.56
718.978	42.23
719.159	38.37
719.339	57.82
719.519	44.62
719.699	46.47
719.879	43.42
720.059	41.1
720.239	46.12
720.419	51.38
720.599	52.7
720.779	49.08
720.959	43.49
721.139	41.92
721.319	51.86
721.499	50.8
721.679	23.34
721.859	44.41
722.039	39.14
722.219	49.09
722.399	43.1
722.579	37.6
722.759	35.63
722.938	35.51
723.118	42.5
723.298	45.26
723.478	27.8
723.658	45.13
723.837	36.7
724.017	33.83
724.197	30.27
724.376	49.1
724.556	39.37
724.736	38.79
724.915	36.18
725.095	42.94
725.275	24.19
725.454	51.09
725.634	57.74
725.813	56.83
725.993	38.24
726.172	53.46
726.352	42.31
726.531	44.27
726.711	52.61
726.89	37.48
727.07	43.92
727.249	30.42
727.428	51.58
727.608	43.28
727.787	43.09
727.966	39.7
728.146	39.02
728.325	49.96
728.504	44.95
728.684	46.34
728.863	66.18
729.042	30.87
729.221	34.59
729.4	39.77
729.58	44.4
729.759	49.45
729.938	56.3
730.117	60.68
730.296	47.15
730.475	21.96
730.654	45.86
730.833	34.6
731.013	43.29
731.192	25.01
731.371	48.9
731.55	56.62
731.729	53.63
731.907	51.61
732.086	55.74
732.265	39.26
732.444	38.58
732.623	45.97
732.802	39.02
732.981	45
733.16	46.23
733.339	31.83
733.517	55.32
733.696	27.9
733.875	44.84
734.054	29.68
734.232	54.28
734.411	57.05
734.59	7.64
734.768	35.54
734.947	57.33
735.126	14.14
735.304	35.24
735.483	37.26
735.662	55.79
735.84	49.31
736.019	40.27
736.197	26.91
736.376	41.97
736.554	54.72
736.733	62.33
736.911	60.71
737.09	32.92
737.268	47.48
737.447	68.01
737.625	42.11
737.803	20.23
737.982	47.08
738.16	34.29
738.338	45.39
738.517	63.26
738.695	48.86
738.873	24.22
739.052	50.18
739.23	40.54
739.408	46.16
739.586	44.12
739.764	54.63
739.943	47.16
740.121	37.83
740.299	48.42
740.477	37.43
740.655	57.79
740.833	46.52
741.011	67.54
741.189	34.66
741.367	56.65
741.545	65.73
741.723	18.19
741.901	1.97
742.079	43.85
742.257	53.55
742.435	37.47
742.613	67.59
742.791	54.37
742.969	54.07
743.147	47.24
743.325	30.57
743.503	26.62
743.68	51.38
743.858	32.07
744.036	38.89
744.214	30.2
744.391	-4.15
744.569	27.36
744.747	49.93
744.925	52.86
745.102	61.8
745.28	55.2
745.458	40.03
745.635	33.57
745.813	73.27
745.99	45.54
746.168	56.6
746.345	76.42
746.523	33.67
746.7	49.9
746.878	34.16
747.055	45.55
747.233	54.68
747.41	81.43
747.588	56.91
747.765	34.64
747.943	34.44
748.12	17.82
748.297	32.39
748.475	44.36
748.652	16.46
748.829	69.2
749.007	35.32
749.184	25.36
749.361	69.16
749.538	74.2
749.716	77.27
749.893	39.56
750.07	37.9
750.247	90.44
750.424	92.05
750.601	87.21
750.778	23.27
750.956	46.57
751.133	12.2
751.31	63.24
751.487	2.79
751.664	46.47
751.841	24.42
752.018	34.47
752.195	45.24
752.372	61.34
752.549	80
752.726	54.5
752.902	82.84
753.079	36.78
753.256	61.66
753.433	62.97
753.61	57.43
753.787	26.72
753.964	71.4
754.14	34.97
754.317	59.95
754.494	27.24
754.671	60.93
754.847	53.61
755.024	92.48
755.201	52.8
755.377	27.94
755.554	24.41
755.73	57.06
755.907	68.64
756.084	83.74
756.26	62.87
756.437	37.36
756.613	69.53
756.79	57.17
756.966	46.92
757.143	69.08
757.319	30.73
757.496	79.2
757.672	46.3
757.849	59.48
758.025	44.95
758.201	68.25
758.378	59.64
758.554	50.73
758.73	55.85
758.907	68.49
759.083	57.79
759.259	119.53
759.435	59.55
759.612	69.27
759.788	73.85
759.964	65.04
760.14	86.38
760.316	-4.78
760.493	41.67
760.669	121.69
760.845	62.97
761.021	61.96
761.197	42.03
761.373	55.7
761.549	28.99
761.725	19.13
761.901	1.14
762.077	55.56
762.253	7.81
762.429	102.84
762.605	59.48
762.781	20.28
762.957	38.56
763.133	71.81
763.308	90.6
763.484	45.31
763.66	134.8
763.836	33.5
764.012	38.29
764.187	53.76
764.363	34.82
764.539	80
764.715	53.83
764.89	-15.4
765.066	22.84
765.242	33.06
765.417	102.1
765.593	4.49
765.769	20.78
765.944	39.13
766.12	95.34
766.295	2.79
766.471	35.49
766.646	69.47
766.822	80.86
766.997	-63.33
767.173	82.23
767.348	42.66
767.524	19.94
767.699	9.45
767.875	37.01
768.05	9.9
768.225	53.26
768.401	40.7
768.576	86.85
768.751	58.96
768.927	-74.11
769.102	108.12
769.277	82.62
769.452	40.66
769.628	6.47
769.803	107.6
769.978	112.53
770.153	32
770.328	17.62
770.503	48.74
770.679	105.01
770.854	53.26
771.029	38.17
771.204	92.72
771.379	66.16
771.554	74.03
771.729	65.58
771.904	10.02
772.079	112.3
772.254	81.26
772.429	37.13
772.604	41.39
772.779	131.8
772.953	-7.78
773.128	85.9
773.303	70.32
773.478	78.2
773.653	108.85
773.828	74.52
774.002	18.53
774.177	0.91
774.352	591.3
774.527	50.6
774.701	50.37
774.876	111
775.051	94.12
775.225	188.42
775.4	93.58
775.575	32.48
775.749	23.93
775.924	65.18
776.098	-7.65
776.273	79.41
776.447	56.28
776.622	32.06
776.796	15.46
776.971	28.79
777.145	24.37
777.32	78.74
777.494	97.86
777.669	89.17
777.843	-110.75
778.017	42
778.192	24.41
778.366	8.55
778.54	93.2
778.715	117.06
778.889	153.85
779.063	33.16
779.237	77.77
779.412	65.06
779.586	-15.88
779.76	56.09
779.934	22.65
780.108	40.37
780.282	-400
780.457	85.08
780.631	93.29
780.805	6.26
780.979	-650.75
781.153	158.57
781.327	75.51
781.501	89.73
781.675	96.79
781.849	27.22
782.023	157.55
782.197	31.78
782.371	-36.57
782.545	255.21
782.718	-179.51
782.892	104.47
783.066	33.04
783.24	367.61
783.414	22.2
783.588	124.85
783.761	50.55
783.935	20.96
784.109	59.83
784.283	-66.09
784.456	248.34
784.63	17.94
784.804	95.81
784.977	42.27
785.151	21.68
785.324	36.63
785.498	1.43
785.672	102.14
785.845	86.61
786.019	106.16
786.192	386.75
786.366	-2.13
786.539	173.56
786.713	-4.36
786.886	8.85
787.06	140.18
787.233	20.96
787.406	63.09
787.58	50.53
787.753	134.94
787.926	-185.87
788.1	247.85
788.273	75.47
788.446	-200.74
788.62	606.45
788.793	25.65
788.966	77.53
789.139	198.31
789.313	136.24
789.486	2857.14
789.659	313.14
789.832	85.93
790.005	88.58
790.178	24.78
790.351	54.11
790.524	-21.69
790.697	74.54
790.87	69.04
791.044	1476.36
791.216	72.53
791.389	164.71
791.562	48.71
791.735	253.16
791.908	488.31
792.081	81.6
792.254	285.71
792.427	-38.66
792.6	51.31
792.773	49.8
792.945	101.49
793.118	46.65
793.291	61.54
793.464	39.15
793.637	292.02
793.809	111.94
793.982	18.21
794.155	81.84
794.327	195.66
794.5	-233.85
794.673	42.11
794.845	-175.88
795.018	-34.52
795.19	-211.24
795.363	71.37
795.536	54.99
795.708	-322.58
795.881	-4720
796.053	74.95
796.226	278.86
796.398	121.34
796.57	-37.15
796.743	82.8
796.915	10.19
797.088	-161.94
797.26	157.48
797.432	253.16
797.605	62.03
797.777	-555.84
797.949	54.05
798.122	22.03
798.294	78.92
798.466	128
798.638	32.6
798.81	120.56
798.983	359.49
799.155	71.12
799.327	-35.66
799.499	137.29
799.671	236.04
799.843	55.58
800.015	113.62
800.187	32.09
800.359	166.74
800.531	48.9
800.703	36.65
800.875	28.41
801.047	63.24
801.219	-72.35
801.391	67.53
801.563	-192.81
801.735	61.24
801.907	-134.97
802.079	69.4
802.251	-109.89
802.422	327.56
802.594	285.71
802.766	82.07
802.938	234.98
803.11	-62.04
803.281	251.66
803.453	79.16
803.625	65.45
803.796	20.36
803.968	32.31
804.14	49.68
804.311	67.13
804.483	214.24
804.654	103.89
804.826	168.03
804.998	260.96
805.169	3.09
805.341	128
805.512	-64.6
805.684	110.06
805.855	46.97
806.026	1058.46
806.198	409.82
806.369	14.95
806.541	121.96
806.712	158.14
806.883	97
807.055	104.67
807.226	-289.02
807.397	8.79
807.569	-134.51
807.74	89.9
807.911	99.59
808.082	-23.32
808.253	-7.92
808.425	91.94
808.596	-278.65
808.767	247.48
808.938	-77.38
809.109	348.51
809.28	231.28
809.451	58.89
809.622	158.29
809.793	-1135.48
809.964	100.87
810.135	132.88
810.306	9.25
810.477	155.7
810.648	57.57
810.819	152.96
810.99	-13120
811.161	46.1
811.332	-172.97
811.503	35.63
811.674	375.38
811.844	-732.31
812.015	128.76
812.186	350.92
812.357	53.22
812.527	-11.01
812.698	48.08
812.869	-513.21
813.04	-20.05
813.21	-565.52
813.381	-12.45
813.551	198.31
813.722	197.03
813.893	-43.55
814.063	97.27
814.234	429.09
814.404	118.36
814.575	263.05
814.745	-538.05
814.916	156.92
815.086	32
815.257	73.54
815.427	358.28
815.598	56.48
815.768	114.99
815.938	75.47
816.109	80.97
816.279	102.49
816.449	-12.08
816.62	1368.42
816.79	155.22
816.96	-558.49
817.13	-20.73
817.301	-40.61
817.471	-48.93
817.641	225.77
817.811	-93.43
817.981	-3314.29
818.152	145.97
818.322	324.75
818.492	75.8
818.662	227.56
818.832	36.73
819.002	67.98
819.172	-11.39
819.342	-164.16
819.512	-6.14
819.682	130.59
819.852	66.56
820.022	121.51
820.192	98.88
820.362	-11.53
820.531	65.15
820.701	142.27
820.871	-180.34
821.041	-36.2
821.211	-47.6
821.381	39.9
821.55	85.11
821.72	688.37
821.89	-658.46
822.059	52.78
822.229	83.66
822.399	78.92
822.568	333.54
822.738	-136.59
822.908	115.34
823.077	51.66
823.247	131.5
823.416	-3011.76
823.586	55.61
823.756	-61.97
823.925	-50.63
824.095	1134.88
824.264	-34.08
824.433	290.27
824.603	120.84
824.772	47.96
824.942	-1083.54
825.111	-2.01
825.28	9.94
825.45	173.91
825.619	181.37
825.788	-35.96
825.958	-0.76
826.127	104.08
826.296	88.6
826.465	159.06
826.635	172.81
826.804	149.32
826.973	113.65
827.142	-22.13
827.311	212.08
827.48	92.63
827.649	160.5
827.818	-258.27
827.988	-332.8
828.157	137.93
828.326	-205.84
828.495	14.73
828.664	127.63
828.833	168.2
829.002	-94.41
829.17	-198.66
829.339	76.38
829.508	119.84
829.677	-76.4
829.846	39.41
830.015	-11.27
830.184	52.21
830.352	-5.21
830.521	394.24
830.69	-897.56
830.859	1929.41
831.027	2821.05
831.196	-123.42
831.365	-4.9
831.533	92.17
831.702	110.12
831.871	-3.86
832.039	142.27
832.208	-45.22
832.377	-107.09
832.545	-79.18
832.714	52.74
832.882	6.36
833.051	-93.52
833.219	-1942.86
833.388	99.63
833.556	-81.63
833.724	36.75
833.893	52.1
834.061	1684.21
834.23	104.41
834.398	142.08
834.566	332.47
834.735	2342.86
834.903	-37.74
835.071	-7120
835.239	-22.3
835.408	105.26
835.576	102.33
835.744	36.94
835.912	74.95
836.08	137.65
836.249	-264.15
836.417	171.12
836.585	118.43
836.753	211.44
836.921	2.16
837.089	285.71
837.257	-679.07
837.425	-160
837.593	-13.97
837.761	74.94
837.929	37.79
838.097	101.98
838.265	35.78
838.433	76.07
838.601	39.26
838.769	450.63
838.936	233.71
839.104	106.81
839.272	41.53
839.44	128.15
839.608	-897.56
839.775	68.07
839.943	72.89
840.111	169.72
840.279	93.06
840.446	388.06
840.614	-25.97
840.781	393.04
840.949	82.87
841.117	-74.21
841.284	-152.79
841.452	-86.96
841.619	-59.28
841.787	299.63
841.954	967.44
842.122	-205.78
842.289	133.1
842.457	-19.26
842.624	72.89
842.792	-592.7
842.959	326.86
843.126	22.54
843.294	-53.5
843.461	-30.21
843.629	166.4
843.796	40.6
843.963	-147.86
844.13	154.37
844.298	151.35
844.465	54.81
844.632	-94.41
844.799	209.05
844.966	146.38
845.134	107.31
845.301	-10.35
845.468	180.13
845.635	286.93
845.802	146.38
845.969	60.36
846.136	100.2
846.303	1368.42
846.47	5.86
846.637	-344.62
846.804	-2231.58
846.971	-124.59
847.138	142.08
847.305	-771.68
847.472	-57.14
847.639	192.97
847.805	13.79
847.972	98.7
848.139	58.37
848.306	1115.79
848.473	405.97
848.639	71.93
848.806	-294.4
848.973	65.77
849.14	126.18
849.306	-55.61
849.473	-10.6
849.64	-547.69
849.806	-26.79
849.973	2.16
850.139	545.7
850.306	29.99
850.472	104.8
850.639	20.98
850.806	547.37
850.972	257.39
851.139	7657.14
851.305	146.51
851.471	-135.23
851.638	19.63
851.804	370.15
851.971	17.74
852.137	19.19
852.303	39.15
852.47	52.61
852.636	-153.11
852.802	129.13
852.968	161.7
853.135	-64.97
853.301	-53.18
853.467	-77.38
853.633	102.33
853.8	59
853.966	-375.63
854.132	8342.86
854.298	221.9
854.464	-292.13
854.63	124.37
854.796	92.2
854.962	-46.04
855.128	-50.91
855.294	-105.57
855.46	-51.61
855.626	88.34
855.792	-233.2
855.958	182.52
856.124	41.72
856.29	219.87
856.456	30.82
856.622	350.64
856.787	737.66
856.953	34.04
857.119	110.89
857.285	350.71
857.45	62.19
857.616	96.66
857.782	35.81
857.948	141.69
858.113	-166.55
858.279	-10.15
858.445	81.89
858.61	102.33
858.776	110.12
858.941	277.23
859.107	43.87
859.273	105.41
859.438	-54.61
859.604	231.58
859.769	6.3
859.935	-7.92
860.1	-17.76
860.265	90.85
860.431	117.99
860.596	6285.71
860.762	177.26
860.927	-53.26
861.092	119.92
861.258	-117.85
861.423	216.22
861.588	70.47
861.753	2857.14
861.919	211.32
862.084	204.72
862.249	291.53
862.414	91.47
862.579	-272.08
862.745	65.15
862.91	162.36
863.075	-118.57
863.24	5.5
863.405	353.77
863.57	84.69
863.735	-2.43
863.9	24.78
864.065	27.16
864.23	119.26
864.395	95.37
864.56	190.94
864.725	556.96
864.89	-8.99
865.055	-7.43
865.22	34.13
865.384	-35.96
865.549	287.38
865.714	52.46
865.879	-38.03
866.044	-61.64
866.208	165.76
866.373	114.29
866.538	162.06
866.702	-140.33
866.867	57.64
867.032	-75.29
867.196	124.04
867.361	41.6
867.526	-90.99
867.69	-48.22
867.855	-162.64
868.019	1192.73
868.184	-9.96
868.348	58.7
868.513	-787.1
868.677	225.68
868.842	134.28
869.006	58.92
869.17	-490.57
869.335	-868.29
869.499	-166.99
869.663	442.38
869.828	-11.34
869.992	660.47
870.156	55.17
870.321	-51.61
870.485	97.56
870.649	-20.05
870.813	33.95
870.978	182.13
871.142	-990.77
871.306	83.41
871.47	274.45
871.634	280.31
871.798	32.3
871.962	78.36
872.126	-4171.43
872.29	27.12
872.454	2171.43
872.618	105.26
872.782	513.43
872.946	42.95
873.11	263.32
873.274	-73.99
873.438	-1600
873.602	173.09
873.766	161.04
873.93	-58.08
874.094	85.39
874.257	1.06
874.421	-25.43
874.585	-400
874.749	112.3
874.912	-20.14
875.076	58.56
875.24	-34.1
875.403	353.58
875.567	-105.14
875.731	530.34
875.894	-8.16
876.058	-26.79
876.222	98.88
876.385	136.68
876.549	-43.24
876.712	581.82
876.876	-25.91
877.039	132.82
877.203	94.61
877.366	-73.15
877.529	-60.78
877.693	95.39
877.856	37.26
878.02	50.92
878.183	92.79
878.346	566.23
878.51	-134.51
878.673	316.55
878.836	-17.67
878.999	-1212.9
879.163	94.61
879.326	-22.51
879.489	146.05
879.652	70.07
879.815	47.61
879.978	-8.16
880.142	236.24
880.305	69.57
880.468	59.76
880.631	67.9
880.794	-82.43
880.957	-107.32
881.12	-1670.59
881.283	-39.46
881.446	91.41
881.609	376.98
881.772	201.95
881.935	-1529.41
882.097	149.36
882.26	166.04
882.423	22.11
882.586	126.94
882.749	96.79
882.912	-230.67
883.074	58.66
883.237	21.69
883.4	23.34
883.562	22.25
883.725	-371.2
883.888	516.54
884.05	-9040
884.213	61.54
884.376	100.15
884.538	131.05
884.701	131.05
884.863	131.05
