181.954	106.07
182.172	106.07
182.39	106.07
182.608	-1640
182.826	340.66
183.043	-92.77
183.261	15.8
183.479	-66.28
183.697	1847.06
183.914	-63.97
184.132	-1.07
184.35	241.26
184.567	148.17
184.785	-8.85
185.003	-48.84
185.22	83.26
185.438	127.06
185.656	-127.64
185.873	-310.77
186.091	54.19
186.309	379.31
186.526	136.65
186.744	33.41
186.961	-41.46
187.179	-6.64
187.396	36.33
187.614	261.54
187.831	-3560
188.049	-67.48
188.266	45.94
188.484	-307.46
188.701	545.63
188.919	96.75
189.136	0.5
189.354	-19.31
189.571	-80.57
189.789	90.02
190.006	117.93
190.223	-57.3
190.441	33.29
190.658	-1742.86
190.876	65.4
191.093	-674.73
191.31	58.46
191.528	13.58
191.745	26.05
191.962	68.62
192.179	91.15
192.397	18.62
192.614	-78.6
192.831	26.88
193.049	73.85
193.266	335.92
193.483	5.61
193.7	390.77
193.917	175.14
194.135	188.49
194.352	-61
194.569	26.68
194.786	165.44
195.003	38.88
195.221	41.55
195.438	-77.03
195.655	23.12
195.872	-65.76
196.089	12.26
196.306	55.16
196.523	100.94
196.74	280
196.957	37.51
197.174	159.39
197.391	86.5
197.608	29.66
197.825	-1632.26
198.042	39.62
198.259	-572.41
198.476	186.63
198.693	-5720
198.91	11.16
199.127	-558.21
199.344	-68.83
199.561	230.06
199.778	45.36
199.995	-558.21
200.212	875.86
200.429	198.1
200.646	58.23
200.862	339.33
201.079	-28.3
201.296	348.34
201.513	-211.65
201.73	-124.72
201.947	100.74
202.163	16.43
202.38	445.09
202.597	313.37
202.814	-29.15
203.03	4600
203.247	35.18
203.464	13.38
203.681	-44.16
203.897	217.94
204.114	116.98
204.331	64.2
204.547	-116.28
204.764	122.49
204.981	505.88
205.197	203.4
205.414	165.78
205.63	-696.55
205.847	378.89
206.064	192.73
206.28	45.23
206.497	53.1
206.713	151.1
206.93	-72.45
207.146	54.91
207.363	-181.54
207.579	195.6
207.796	384.07
208.012	-19.18
208.229	-253.73
208.445	48.5
208.662	40
208.878	30.67
209.095	1423.53
209.311	2.53
209.528	1000
209.744	73.36
209.96	22.52
210.177	266.02
210.393	58.98
210.609	7720
210.826	72.39
211.042	457.39
211.258	964.18
211.475	-84.49
211.691	64.43
211.907	-32.91
212.124	45.4
212.34	122.29
212.556	33.26
212.772	-15.38
212.989	94.04
213.205	-71.59
213.421	-187.94
213.637	-450.75
213.853	-17.9
214.069	1189.47
214.286	135.86
214.502	-164.18
214.718	-38.24
214.934	0.57
215.15	134.43
215.366	49.87
215.582	118.02
215.798	74.87
216.015	78.13
216.231	104.86
216.447	38.8
216.663	50.12
216.879	-13.07
217.095	291.28
217.311	298.11
217.527	64.59
217.743	-456.31
217.959	-381.13
218.175	15.68
218.391	395.68
218.606	19.43
218.822	613.91
219.038	-200
219.254	80.42
219.47	47.15
219.686	730.34
219.902	107.93
220.118	14.83
220.334	23.52
220.549	-55.68
220.765	76.03
220.981	-91.83
221.197	-31.06
221.413	-648.35
221.628	12.66
221.844	1203.77
222.06	266.02
222.276	-47.68
222.491	87.92
222.707	114.75
222.923	-272.48
223.139	91.89
223.354	-146.4
223.57	159.06
223.786	32.87
224.001	73.36
224.217	41.4
224.432	42.77
224.648	116.2
224.864	16.87
225.079	104.48
225.295	-113.65
225.51	260.54
225.726	-31.22
225.942	183.7
226.157	17.48
226.373	-77.45
226.588	37.47
226.804	-1715.79
227.019	149.75
227.235	21.81
227.45	-5.23
227.665	-920
227.881	-86.61
228.096	-33.04
228.312	23.33
228.527	36.57
228.743	-28.57
228.958	-35.57
229.173	-366.96
229.389	27.63
229.604	-2.4
229.819	28.88
230.035	16.25
230.25	58.89
230.465	-31.49
230.681	-8.47
230.896	-2.62
231.111	140.38
231.327	88.56
231.542	1960
231.757	67.66
231.972	-127.92
232.187	-240.85
232.403	-1526.32
232.618	170.17
232.833	40.22
233.048	-418.18
233.263	15.68
233.478	-22.61
233.694	-758.14
233.909	1425.81
234.124	90.79
234.339	-0.39
234.554	-1358.62
234.769	44.76
234.984	-6.28
235.199	-19.71
235.414	-136.28
235.629	-564.56
235.844	42.58
236.059	38.37
236.274	115.41
236.489	-192.48
236.704	186.86
236.919	97.38
237.134	-2.91
237.349	95.6
237.564	-4.13
237.779	50.13
237.994	-11.06
238.209	90.97
238.424	271.17
238.639	65.01
238.853	36.34
239.068	-36.86
239.283	17.52
239.498	217.94
239.713	41.04
239.928	11.63
240.142	-245.93
240.357	-49.59
240.572	-51.27
240.787	228.34
241.001	-51.91
241.216	4.64
241.431	-20.64
241.646	105.85
241.86	-162.33
242.075	-1902.33
242.29	72.63
242.504	1.23
242.719	165.22
242.934	-133.86
243.148	-5.92
243.363	-11.39
243.577	-200
243.792	-39.68
244.007	19.85
244.221	-246.75
244.436	-164.18
244.65	175.46
244.865	61.61
245.079	354.26
245.294	-243.17
245.508	155.46
245.723	12.96
245.937	-239.56
246.152	-34.91
246.366	86.11
246.581	-23.97
246.795	-177.91
247.01	-6.86
247.224	62.65
247.438	-87.59
247.653	26.37
247.867	94.08
248.081	144.97
248.296	-170.73
248.51	59.6
248.724	32.74
248.939	-146.27
249.153	108.57
249.367	-8.08
249.582	-0.54
249.796	2.6
250.01	133.77
250.224	26.82
250.439	29.86
250.653	-75.99
250.867	38.77
251.081	-74.88
251.295	29.55
251.51	4.26
251.724	214.39
251.938	63.2
252.152	-331.39
252.366	122.52
252.58	192.73
252.794	30.58
253.008	-17.22
253.223	111.31
253.437	112.23
253.651	-7.22
253.865	174
254.079	-103.63
254.293	88.58
254.507	-374.55
254.721	-60.05
254.935	195.6
255.149	46.09
255.363	90.18
255.577	81.88
255.791	174.24
256.005	366.87
256.218	48.28
256.432	-15.86
256.646	26.42
256.86	-68.17
257.074	3.49
257.288	7240
257.502	-345.05
257.716	-26.55
257.929	64.65
258.143	-13.13
258.357	-85.51
258.571	74.54
258.785	53.1
258.998	-17.43
259.212	-56.83
259.426	-87
259.64	73.85
259.853	44.51
260.067	95.08
260.281	134.21
260.494	16.87
260.708	714.85
260.922	58.73
261.135	83.36
261.349	15.8
261.563	167.23
261.776	-1964.71
261.99	50.09
262.203	97.11
262.417	7.77
262.63	-102.37
262.844	-146.07
263.058	145.76
263.271	37.2
263.485	27.11
263.698	81.56
263.912	-0.85
264.125	42.53
264.339	159.06
264.552	-69.49
264.765	-304.35
264.979	-23.2
265.192	81.2
265.406	-85.96
265.619	28.2
265.832	50.99
266.046	37.76
266.259	125.42
266.473	-1941.94
266.686	75.81
266.899	141.69
267.113	760
267.326	-0.71
267.539	1.65
267.752	-25.86
267.966	64.68
268.179	189.67
268.392	10.16
268.605	215.75
268.819	93.17
269.032	124.17
269.245	704.62
269.458	207.38
269.671	-154.43
269.885	23.5
270.098	27.33
270.311	27.85
270.524	-33.28
270.737	57.8
270.95	-263.58
271.163	480.31
271.376	1425.81
271.589	27.85
271.802	20.55
272.016	-0.65
272.229	-34.55
272.442	-131.98
272.655	111.02
272.868	-23.76
273.081	-388.76
273.294	38.88
273.506	-38.87
273.719	49.06
273.932	-20.1
274.145	-4520
274.358	-60.69
274.571	132.77
274.784	-426.42
274.997	51.63
275.21	-5.21
275.423	-112.81
275.635	119.6
275.848	138.93
276.061	86.09
276.274	134.53
276.487	353.04
276.699	-24.32
276.912	-15.86
277.125	121.7
277.338	-33.98
277.55	63.03
277.763	-78.55
277.976	105.41
278.189	-147.25
278.401	-14.96
278.614	568
278.827	14.11
279.039	-14.08
279.252	82.78
279.464	27.11
279.677	110.18
279.89	-46.81
280.102	-139.7
280.315	824.39
280.527	-1084.21
280.74	1786.21
280.952	2.41
281.165	18.81
281.377	13.38
281.59	-60.82
281.802	9.91
282.015	31.33
282.227	168.69
282.44	-35.97
282.652	582.02
282.865	-23.7
283.077	45.78
283.29	121.61
283.502	70.51
283.714	186.73
283.927	220.16
284.139	-86.7
284.351	48.59
284.564	223.53
284.776	10.76
284.988	67.14
285.201	-450.75
285.413	37.87
285.625	78.92
285.838	-35.11
286.05	59.85
286.262	87.82
286.474	-40.48
286.686	-10.01
286.899	15.25
287.111	-44.71
287.323	5.01
287.535	108.91
287.747	35.38
287.959	-25.03
288.172	345.45
288.384	56.5
288.596	-142.6
288.808	1430.19
289.02	637.74
289.232	145.41
289.444	9.95
289.656	-114.01
289.868	33.26
290.08	-82.21
290.292	-97.87
290.504	62.18
290.716	43.77
290.928	61.56
291.14	804.65
291.352	-3.28
291.564	2270.59
291.776	122.79
291.988	-15.95
292.2	72.99
292.412	-167.57
292.624	-54.43
292.835	856.72
293.047	42.12
293.259	-79.62
293.471	-9.95
293.683	560.98
293.895	54.29
294.106	7.15
294.318	39.21
294.53	40.28
294.742	2944.83
294.953	-58.3
295.165	54.25
295.377	156.64
295.589	-27.67
295.8	115.4
296.012	31.3
296.224	24.36
296.435	129.46
296.647	132.1
296.858	-105.04
297.07	1387.69
297.282	-39.39
297.493	19.3
297.705	-227.43
297.916	-13.94
298.128	87.74
298.34	91.01
298.551	66.9
298.763	15.12
298.974	-15.53
299.186	12.01
299.397	-25.07
299.609	-2329.03
299.82	184
300.031	55.35
300.243	52.63
300.454	153.37
300.666	8.48
300.877	158.29
301.089	-41.7
301.3	96.79
301.511	-20.08
301.723	-90.91
301.934	677.61
302.145	-141.99
302.357	207.93
302.568	-75.2
302.779	49.46
302.99	31.39
303.202	151.22
303.413	27.79
303.624	-134.92
303.835	569.81
304.047	67.21
304.258	33.28
304.469	30.44
304.68	33.4
304.891	20.84
305.103	87.26
305.314	133.93
305.525	6828.57
305.736	92.91
305.947	119.63
306.158	3117.65
306.369	108.16
306.58	-15.83
306.791	114.75
307.002	-34.11
307.213	-87.28
307.424	-26.15
307.636	51.77
307.846	59.56
308.057	219.42
308.268	-118.23
308.479	-91.58
308.69	90.51
308.901	110.67
309.112	-1120.93
309.323	7.54
309.534	91.89
309.745	13.6
309.956	3.97
310.167	29.92
310.377	136.25
310.588	82.88
310.799	33.2
311.01	-55.13
311.221	75.46
311.432	35.42
311.642	55.16
311.853	-19.53
312.064	2075.86
312.275	139.03
312.485	97.83
312.696	35.53
312.907	-212.06
313.117	52.12
313.328	-26.43
313.539	17.9
313.749	-18.36
313.96	-674.73
314.171	89.58
314.381	24.41
314.592	-22.52
314.802	18.91
315.013	-29.97
315.224	24.37
315.434	-2473.68
315.645	760
315.855	-82.29
316.066	271.91
316.276	122.26
316.487	326.83
316.697	40.28
316.908	57.94
317.118	126.28
317.329	67.88
317.539	45.58
317.749	222.32
317.96	-934.33
318.17	-10.8
318.381	327.47
318.591	-305.49
318.801	25.76
319.012	211.31
319.222	196.12
319.432	44.17
319.643	93.88
319.853	128.25
320.063	71.3
320.273	-9.64
320.484	129.67
320.694	196.73
320.904	-12.88
321.114	-38.2
321.325	1413.79
321.535	-23.7
321.745	79.92
321.955	39.06
322.165	-87.61
322.375	34.59
322.585	278.53
322.796	89.66
323.006	16.34
323.216	137.42
323.426	-54.09
323.636	-148.33
323.846	1455.17
324.056	53.77
324.266	9.17
324.476	68.58
324.686	130.81
324.896	33.83
325.106	298.11
325.316	100.48
325.526	-73.68
325.736	85.13
325.946	-24.49
326.156	1155.84
326.366	-158.26
326.576	-13.24
326.785	125.63
326.995	173.94
327.205	155.78
327.415	125.42
327.625	290.51
327.835	32.63
328.044	-55.28
328.254	144.35
328.464	-51.59
328.674	212.42
328.884	-320.86
329.093	114.44
329.303	40.78
329.513	105.59
329.722	2389.47
329.932	119.86
330.142	10.46
330.351	-45.63
330.561	192.73
330.771	-142.44
330.98	-39.78
331.19	76.92
331.4	-144.88
331.609	53.32
331.819	34.15
332.028	-35.43
332.238	-37.29
332.447	90.98
332.657	55.32
332.866	179.15
333.076	59.36
333.285	-47.56
333.495	845.16
333.704	-70.85
333.914	11.39
334.123	-39.85
334.333	316.92
334.542	55.04
334.752	520
334.961	-1015.09
335.17	-133.67
335.38	5.99
335.589	97.83
335.798	83.37
336.008	248.35
336.217	-72.34
336.426	56.55
336.636	-62.13
336.845	-17.46
337.054	968.83
337.263	21.42
337.473	-7.5
337.682	97.07
337.891	96.32
338.1	352.52
338.309	77.58
338.519	81.55
338.728	21.95
338.937	234.65
339.146	214.39
339.355	-743.4
339.564	-1084.21
339.773	-121.61
339.983	-43.63
340.192	-95.65
340.401	140.05
340.61	-13.71
340.819	51.94
341.028	-89.84
341.237	-129.41
341.446	40
341.655	44.17
341.864	-0.95
342.073	-30.74
342.282	-150.84
342.491	65.45
342.699	370.87
342.908	-246.75
343.117	-10.03
343.326	149.8
343.535	-614.55
343.744	-84.78
343.953	101.71
344.162	85.44
344.37	-10.26
344.579	-271.64
344.788	63.94
344.997	34.35
345.206	22.8
345.414	40
345.623	269.37
345.832	-70.73
346.041	141.12
346.249	74.29
346.458	54.95
346.667	18.49
346.875	48.21
347.084	42.28
347.293	79.91
347.501	-177.25
347.71	-43.99
347.918	-0.74
348.127	10.99
348.336	46.36
348.544	51.33
348.753	32.84
348.961	-2.5
349.17	235.52
349.378	139.33
349.587	139.45
349.795	-304.85
350.004	1258.46
350.212	41.1
350.421	129.2
350.629	-44.11
350.838	13.89
351.046	39.4
351.254	6.5
351.463	76.64
351.671	1063.16
351.879	-55.42
352.088	18.02
352.296	681.42
352.504	55.97
352.713	4.05
352.921	-48.82
353.129	-64.48
353.338	-105.54
353.546	32.35
353.754	109.2
353.962	78.97
354.171	10.6
354.379	-3547.37
354.587	50.06
354.795	-117.92
355.003	-70.68
355.212	-25.98
355.42	1815.09
355.628	115.18
355.836	80.68
356.044	-9.56
356.252	-18.39
356.46	-2.18
356.668	944.62
356.876	50.07
357.084	47.33
357.292	56.74
357.5	-51.88
357.708	14.07
357.916	58.31
358.124	-56.56
358.332	-826.87
358.54	-287.27
358.748	407.79
358.956	41.04
359.164	58.21
359.372	32.84
359.58	-87.77
359.788	21.81
359.996	20.97
360.203	29.44
360.411	-71.16
360.619	-79.4
360.827	21.29
361.035	-133.74
361.242	85.04
361.45	-549.37
361.658	67.3
361.866	66.92
362.073	12.01
362.281	98.57
362.489	-17.29
362.697	122.55
362.904	-218.13
363.112	116.11
363.32	-52.47
363.527	363.48
363.735	-14.67
363.943	37.87
364.15	54.42
364.358	-53.31
364.565	87.69
364.773	-12.42
364.98	-132.16
365.188	95.46
365.395	109.68
365.603	27.8
365.81	5.07
366.018	-10.02
366.225	49.15
366.433	14.39
366.64	33.29
366.848	43.44
367.055	-98.43
367.263	46.05
367.47	98.98
367.677	210.13
367.885	113.97
368.092	18.7
368.299	-216.9
368.507	42.88
368.714	224.78
368.921	-341.73
369.129	53.43
369.336	20.6
369.543	-15.98
369.751	-6.66
369.958	36.77
370.165	32.81
370.372	-58.98
370.579	8.7
370.787	22.28
370.994	55.74
371.201	12.53
371.408	21.54
371.615	-0.31
371.822	10.48
372.029	-77.97
372.237	-282.29
372.444	176.22
372.651	88.85
372.858	165.98
373.065	29.71
373.272	67.01
373.479	296.55
373.686	-182.94
373.893	-269.9
374.1	155.98
374.307	-441.73
374.514	-15.38
374.721	23.43
374.928	-75.32
375.135	-22.98
375.341	15160
375.548	39.06
375.755	-91.55
375.962	21.32
376.169	-149.41
376.376	178.95
376.583	2.22
376.789	85.88
376.996	126.42
377.203	-101.4
377.41	5.71
377.617	68.53
377.823	95.19
378.03	1580.65
378.237	73.51
378.443	163.43
378.65	1249.06
378.857	-18.45
379.063	-108.86
379.27	-189.57
379.477	15.8
379.683	-49.59
379.89	27.78
380.097	1.96
380.303	18.41
380.51	19.85
380.716	2.76
380.923	130.71
381.129	68.63
381.336	-171.65
381.542	56.26
381.749	89.35
381.955	24.45
382.162	100.6
382.368	-36.72
382.575	-2.45
382.781	751.72
382.988	-27.92
383.194	-9.74
383.4	-18.43
383.607	108.78
383.813	16.97
384.02	21.59
384.226	93.42
384.432	-68.37
384.639	51.39
384.845	-579.75
385.051	4.75
385.257	-19.77
385.464	112.36
385.67	63.23
385.876	-21.17
386.082	-4.75
386.289	45.1
386.495	-62.94
386.701	18.89
386.907	-150.9
387.113	40.43
387.319	77.3
387.526	-20.2
387.732	64.57
387.938	193.6
388.144	71.3
388.35	30.73
388.556	6.77
388.762	45.1
388.968	1111.63
389.174	44.81
389.38	61.77
389.586	-15.99
389.792	5.19
389.998	56.59
390.204	-49.56
390.41	41.39
390.616	-38.5
390.822	-9.35
391.028	19.65
391.234	29.95
391.439	-537.86
391.645	1.84
391.851	43.35
392.057	-25.62
392.263	54.84
392.469	61.06
392.674	23
392.88	-0.15
393.086	41.44
393.292	-22.3
393.498	-180.38
393.703	76.39
393.909	42.87
394.115	59.46
394.32	-9.26
394.526	-7.91
394.732	36.99
394.937	4.43
395.143	-49.39
395.349	43.63
395.554	-248.24
395.76	42.55
395.965	4.26
396.171	68.36
396.377	-35.62
396.582	-2.66
396.788	9.98
396.993	87.24
397.199	0.91
397.404	33.31
397.61	-24.28
397.815	-15.5
398.021	6.22
398.226	-37.62
398.431	-45.66
398.637	-26.94
398.842	29.72
399.048	55.96
399.253	20.39
399.458	-5.49
399.664	-3.7
399.869	0.71
400.074	4.65
400.28	6.24
400.485	-25.45
400.69	-6.47
400.896	29.33
401.101	-0.14
401.306	-0.87
401.511	-2.88
401.716	19.55
401.922	14.61
402.127	-19.22
402.332	1.3
402.537	25.64
402.742	-1
402.947	52.23
403.153	-8.77
403.358	-3.22
403.563	11.94
403.768	9
403.973	13.41
404.178	-12.31
404.383	-5.81
404.588	8.95
404.793	0.35
404.998	-2.31
405.203	3.88
405.408	-7.55
405.613	15.97
405.818	10.57
406.023	2.47
406.228	-16.64
406.433	12.46
406.638	-5.69
406.842	15.99
407.047	-1.04
407.252	3.66
407.457	7.45
407.662	-2.82
407.867	9.53
408.071	4.22
408.276	1.28
408.481	11.47
408.686	0.99
408.891	-4.15
409.095	12.89
409.3	2.08
409.505	12.29
409.709	4.51
409.914	8.31
410.119	4.33
410.323	1.49
410.528	4.69
410.733	11.17
410.937	7.22
411.142	-3.43
411.346	4.42
411.551	1.96
411.756	7.76
411.96	6.93
412.165	-0.02
412.369	3.32
412.574	1.3
412.778	3.26
412.983	4.86
413.187	3.83
413.392	-2.72
413.596	5.47
413.8	3.79
414.005	4.17
414.209	2.2
414.414	3.25
414.618	-0.59
414.822	4.38
415.027	5.63
415.231	4.05
415.435	4.47
415.64	4.42
415.844	0.48
416.048	2.41
416.252	3.72
416.457	2.4
416.661	1.66
416.865	2.16
417.069	3.72
417.274	2.82
417.478	3.26
417.682	2.12
417.886	2.5
418.09	3.36
418.294	3.79
418.498	3.18
418.702	4.44
418.907	3.22
419.111	2.26
419.315	0.82
419.519	4.51
419.723	-1.19
419.927	2.87
420.131	4.29
420.335	2.58
420.539	2.03
420.743	5.5
420.947	3.01
421.151	1.49
421.355	1.89
421.558	3.3
421.762	2.11
421.966	2.33
422.17	2.64
422.374	2.6
422.578	2.73
422.782	2.88
422.985	2.88
423.189	2.72
423.393	1.99
423.597	2.84
423.801	2.72
424.004	2.73
424.208	2.56
424.412	2.6
424.615	1.65
424.819	2.53
425.023	2.75
425.226	3.61
425.43	3.12
425.634	2.48
425.837	2.59
426.041	2.93
426.245	2.85
426.448	2.02
426.652	2.34
426.855	1.85
427.059	2.3
427.262	2.64
427.466	2.47
427.669	2.05
427.873	2.38
428.076	2.6
428.28	2.15
428.483	2.22
428.687	2.12
428.89	2.61
429.094	1.84
429.297	1.89
429.5	2.43
429.704	2.47
429.907	2.69
430.11	2.39
430.314	2.68
430.517	2.59
430.72	3.22
430.924	3
431.127	2.95
431.33	2.16
431.533	2.49
431.737	2.74
431.94	2.47
432.143	2.8
432.346	2.27
432.549	2.19
432.752	2.37
432.956	2.68
433.159	1.72
433.362	2.26
433.565	2.34
433.768	2.29
433.971	1.77
434.174	2.19
434.377	2.05
434.58	2.32
434.783	1.3
434.986	2.47
435.189	2.58
435.392	2.14
435.595	2.28
435.798	2.32
436.001	2.65
436.204	2.32
436.407	2.37
436.61	2.39
436.813	2.58
437.016	2.74
437.219	2.71
437.421	2.53
437.624	2.37
437.827	2.24
438.03	2.38
438.233	1.73
438.435	2.25
438.638	2.5
438.841	2.09
439.044	2.14
439.246	1.83
439.449	2.3
439.652	2.45
439.854	2.47
440.057	2.33
440.26	2.08
440.462	2.72
440.665	1.8
440.868	2.45
441.07	2.48
441.273	2.66
441.475	2.03
441.678	2.17
441.88	2.62
442.083	2.46
442.286	2.2
442.488	1.99
442.69	2.51
442.893	2.21
443.095	1.95
443.298	2.25
443.5	2.3
443.703	2.25
443.905	2.18
444.108	2.28
444.31	2.12
444.512	2.38
444.715	2.08
444.917	2.01
445.119	2.26
445.322	2.08
445.524	2.26
445.726	2.13
445.928	1.86
446.131	2.49
446.333	2.34
446.535	2.27
446.737	2.2
446.94	2.61
447.142	2.16
447.344	2.38
447.546	2.3
447.748	2.4
447.95	2.14
448.152	2.05
448.354	2.44
448.557	2.5
448.759	2.55
448.961	2.21
449.163	2.32
449.365	2.4
449.567	2.59
449.769	2.3
449.971	2.17
450.173	2.35
450.375	2.16
450.577	2.28
450.779	2.35
450.981	2.15
451.182	2.32
451.384	2
451.586	2.72
451.788	2.2
451.99	2.31
452.192	1.97
452.394	2.42
452.595	2.86
452.797	2.03
452.999	2.42
453.201	2.48
453.402	2.21
453.604	2.24
453.806	2.33
454.008	1.96
454.209	2.41
454.411	2.47
454.613	2.09
454.814	2.39
455.016	2.58
455.218	2.6
455.419	2.38
455.621	2.63
455.822	1.81
456.024	2.57
456.225	2.94
456.427	2.56
456.629	1.84
456.83	2.37
457.032	2.26
457.233	2.06
457.435	2.04
457.636	2.57
457.837	2.5
458.039	2.37
458.24	2.58
458.442	2.68
458.643	2.78
458.844	2.76
459.046	1.9
459.247	2.6
459.448	2.27
459.65	2.57
459.851	2.74
460.052	2.74
460.254	2.53
460.455	2.85
460.656	2.44
460.857	1.69
461.059	2.32
461.26	1.6
461.461	2.35
461.662	2.02
461.863	3.12
462.065	3.05
462.266	1.73
462.467	1.67
462.668	2.09
462.869	2.9
463.07	2.91
463.271	2.83
463.472	1.57
463.673	2.49
463.874	2.34
464.075	2.69
464.276	2.34
464.477	2.41
464.678	2.41
464.879	1.92
465.08	2.87
465.281	3.11
465.482	1.5
465.683	1.43
465.884	1.91
466.085	2.18
466.285	2.71
466.486	3.41
466.687	2.56
466.888	2.33
467.089	1.78
467.29	3.44
467.49	2.18
467.691	3.63
467.892	2.02
468.093	2.6
468.293	2.06
468.494	2.31
468.695	2.44
468.895	1.79
469.096	1.57
469.297	2.81
469.497	1.93
469.698	2.8
469.898	2.4
470.099	2.96
470.3	4.4
470.5	2.26
470.701	3.27
470.901	3.06
471.102	2.76
471.302	2.41
471.503	3.03
471.703	3.35
471.904	1.89
472.104	1.81
472.305	2.15
472.505	3.04
472.705	1.93
472.906	3.39
473.106	4.03
473.306	1.87
473.507	3.16
473.707	2.96
473.907	1.33
474.108	1.41
474.308	3.04
474.508	1.86
474.709	3.02
474.909	2.2
475.109	1.48
475.309	2.16
475.51	1.92
475.71	3.08
475.91	3.02
476.11	0.76
476.31	2.02
476.51	3.45
476.71	2.48
476.911	3.18
477.111	2.11
477.311	2.16
477.511	2.63
477.711	2.2
477.911	1.79
478.111	3.15
478.311	0.84
478.511	2.02
478.711	2.59
478.911	1.79
479.111	2.55
479.311	1.97
479.511	2.21
479.711	3.47
479.91	0.31
480.11	2.38
480.31	2.92
480.51	2.98
480.71	2.02
480.91	3.47
481.109	3.42
481.309	3.81
481.509	0.93
481.709	5.29
481.909	1.85
482.108	1.66
482.308	1.82
482.508	2.66
482.707	3.62
482.907	3.51
483.107	1.6
483.306	3.73
483.506	1.91
483.706	2.61
483.905	2.2
484.105	2.26
484.304	2.13
484.504	1.86
484.704	3.44
484.903	2.19
485.103	3.75
485.302	1.36
485.502	3.56
485.701	2.61
485.901	1.78
486.1	1.92
486.299	2.9
486.499	0.65
486.698	2.19
486.898	2.48
487.097	2.35
487.296	2.5
487.496	2.77
487.695	2.6
487.894	1.88
488.094	3.71
488.293	3.15
488.492	2.5
488.692	1.8
488.891	3.28
489.09	2.31
489.289	2.22
489.489	0.99
489.688	1.28
489.887	1.87
490.086	2.86
490.285	1.67
490.484	3.02
490.683	3.83
490.883	3.87
491.082	2.75
491.281	1.77
491.48	0.75
491.679	2.21
491.878	2.92
492.077	3.36
492.276	2.93
492.475	2.86
492.674	2.08
492.873	2.06
493.072	1.19
493.271	3.01
493.47	0.37
493.669	1.7
493.867	1.48
494.066	2.43
494.265	3.67
494.464	3.04
494.663	1.23
494.862	1.54
495.06	1.87
495.259	1.47
495.458	3.27
495.657	1.6
495.856	2.03
496.054	2.52
496.253	2.17
496.452	2.07
496.65	2.13
496.849	1.93
497.048	2.32
497.246	1.72
497.445	2.22
497.644	1.93
497.842	3.6
498.041	2.53
498.239	2.07
498.438	3.04
498.636	1.73
498.835	2.7
499.034	2.3
499.232	2.79
499.431	1.43
499.629	2.02
499.827	2.63
500.026	2.47
500.224	1.92
500.423	1.59
500.621	2.24
500.82	1.84
501.018	3
501.216	2.4
501.415	2.12
501.613	1.97
501.811	2.67
502.01	2.61
502.208	1.38
502.406	2.39
502.604	2.27
502.803	1.86
503.001	3.1
503.199	2.01
503.397	2.2
503.595	1.76
503.794	1.7
503.992	2.61
504.19	2.05
504.388	2.48
504.586	1.82
504.784	1.59
504.982	2.4
505.18	1.8
505.378	1.56
505.576	2.64
505.774	2.57
505.972	2.33
506.17	2.63
506.368	2.13
506.566	1.97
506.764	1.89
506.962	2.79
507.16	2.06
507.358	3.18
507.556	2.5
507.754	2.42
507.952	2.34
508.15	2.27
508.347	1.53
508.545	2.23
508.743	2.6
508.941	2.48
509.139	2.81
509.336	1.57
509.534	2.71
509.732	2.19
509.93	1.9
510.127	2.45
510.325	1.99
510.523	1.97
510.72	2.44
510.918	2.76
511.116	2.42
511.313	1.63
511.511	1.53
511.708	1.61
511.906	2.62
512.104	2.27
512.301	2.84
512.499	2.31
512.696	2.06
512.894	2.41
513.091	2.25
513.289	2.14
513.486	2.28
513.683	2.09
513.881	2
514.078	2.31
514.276	2.49
514.473	1.95
514.67	2.53
514.868	2.38
515.065	2.31
515.262	2.86
515.46	2.14
515.657	2.2
515.854	2.89
516.052	2
516.249	2.64
516.446	2.2
516.643	2.43
516.84	2.64
517.038	2.63
517.235	2.47
517.432	2.29
517.629	2.4
517.826	2.16
518.023	2.53
518.221	2.26
518.418	2.91
518.615	2.46
518.812	2.09
519.009	2.56
519.206	2.49
519.403	2.37
519.6	2.59
519.797	2.35
519.994	2.43
520.191	2.86
520.388	2.93
520.585	2.68
520.782	2.74
520.978	2.22
521.175	2.22
521.372	2.78
521.569	2.76
521.766	2.47
521.963	1.92
522.159	2.6
522.356	2.57
522.553	2.72
522.75	2.51
522.947	2.71
523.143	2.62
523.34	2.59
523.537	2.61
523.733	2.89
523.93	2.64
524.127	2.76
524.323	2.92
524.52	2.59
524.717	2.49
524.913	2.51
525.11	2.53
525.306	2.83
525.503	2.78
525.7	2.83
525.896	2.41
526.093	2.52
526.289	2.87
526.486	2.5
526.682	2.56
526.878	2.42
527.075	2.82
527.271	2.72
527.468	2.6
527.664	2.64
527.861	3.16
528.057	2.82
528.253	2.84
528.45	2.33
528.646	2.54
528.842	2.63
529.039	2.55
529.235	2.97
529.431	2.77
529.627	2.77
529.824	2.89
530.02	2.94
530.216	2.74
530.412	2.83
530.608	2.8
530.804	2.89
531.001	2.88
531.197	3.24
531.393	2.52
531.589	2.69
531.785	2.71
531.981	2.74
532.177	2.9
532.373	3.04
532.569	2.93
532.765	2.95
532.961	2.45
533.157	2.66
533.353	2.69
533.549	3.18
533.745	2.76
533.941	3.05
534.137	2.67
534.333	2.63
534.529	2.85
534.725	3.12
534.92	2.8
535.116	2.94
535.312	2.94
535.508	2.84
535.704	2.82
535.899	2.7
536.095	3.16
536.291	2.79
536.487	2.76
536.682	3.2
536.878	3.09
537.074	2.71
537.269	2.9
537.465	2.91
537.661	3.08
537.856	2.86
538.052	3.31
538.248	3.27
538.443	3.2
538.639	3.02
538.834	2.94
539.03	3.12
539.225	3.33
539.421	3.25
539.616	3.11
539.812	3.14
540.007	3.15
540.203	2.97
540.398	2.88
540.593	3.12
540.789	3.21
540.984	3.37
541.18	3.2
541.375	3.09
541.57	3.18
541.766	3.28
541.961	3.09
542.156	3.41
542.352	3.57
542.547	3.27
542.742	3.48
542.937	3.39
543.133	3.74
543.328	3.53
543.523	3.45
543.718	3.5
543.913	3.69
544.108	3.22
544.304	3.21
544.499	3.53
544.694	3.71
544.889	3.52
545.084	3.79
545.279	3.53
545.474	3.39
545.669	3.36
545.864	3.46
546.059	3.53
546.254	3.12
546.449	3.35
546.644	3.46
546.839	3.77
547.034	3.65
547.229	3.75
547.424	3.65
547.618	3.7
547.813	3.73
548.008	3.71
548.203	3.89
548.398	3.82
548.593	3.74
548.787	3.71
548.982	3.42
549.177	3.33
549.372	3.5
549.566	4.01
549.761	3.64
549.956	3.54
550.15	3.89
550.345	3.99
550.54	4.03
550.734	3.6
550.929	3.88
551.124	4.08
551.318	3.71
551.513	3.81
551.707	4.24
551.902	3.86
552.096	4.15
552.291	3.9
552.485	3.87
552.68	3.83
552.874	4.07
553.069	4.13
553.263	4.26
553.458	3.97
553.652	4.16
553.847	3.92
554.041	4.14
554.235	4
554.43	4.28
554.624	4.55
554.818	4.37
555.013	4.15
555.207	4.47
555.401	4.04
555.595	4.44
555.79	3.82
555.984	4.09
556.178	4.08
556.372	4.43
556.566	4.11
556.761	4.3
556.955	4.22
557.149	4.43
557.343	4.31
557.537	4.42
557.731	4.43
557.925	4.26
558.119	4.53
558.313	4.55
558.507	4.46
558.701	4.6
558.895	4.56
559.089	4.89
559.283	4.62
559.477	4.69
559.671	4.46
559.865	4.82
560.059	4.5
560.253	4.57
560.447	4.82
560.641	4.66
560.835	4.79
561.028	4.89
561.222	4.83
561.416	4.76
561.61	4.89
561.804	4.71
561.997	4.89
562.191	5.06
562.385	4.92
562.579	4.74
562.772	5.32
562.966	4.99
563.16	4.7
563.353	4.69
563.547	4.77
563.741	5.04
563.934	4.95
564.128	5.08
564.321	4.72
564.515	5.1
564.708	5.15
564.902	4.95
565.095	5.11
565.289	5.23
565.482	5.37
565.676	5.08
565.869	5.16
566.063	4.87
566.256	5.18
566.45	4.99
566.643	5.13
566.836	5.08
567.03	5.4
567.223	5.21
567.416	5.51
567.61	5.4
567.803	5.71
567.996	5.41
568.19	5.57
568.383	5.44
568.576	5.55
568.769	5.54
568.963	5.47
569.156	5.74
569.349	5.59
569.542	5.64
569.735	5.56
569.928	5.72
570.121	5.66
570.315	6.02
570.508	5.95
570.701	5.69
570.894	5.95
571.087	5.51
571.28	5.67
571.473	6.14
571.666	6.02
571.859	5.54
572.052	5.6
572.245	6.27
572.438	5.92
572.631	6.21
572.824	5.67
573.016	6.04
573.209	6.14
573.402	5.9
573.595	5.89
573.788	6.08
573.981	6.14
574.173	6.06
574.366	6.14
574.559	6.23
574.752	6.23
574.944	6.29
575.137	5.9
575.33	6.1
575.523	6.37
575.715	6.37
575.908	6.45
576.101	6.41
576.293	6.47
576.486	5.99
576.678	6.28
576.871	6.37
577.063	6.7
577.256	6.68
577.449	6.49
577.641	6.55
577.834	6.62
578.026	6.55
578.219	6.31
578.411	6.9
578.603	7.13
578.796	6.47
578.988	6.85
579.181	6.45
579.373	6.77
579.565	7.06
579.758	6.78
579.95	6.89
580.142	6.42
580.335	7.07
580.527	7.19
580.719	7.12
580.912	6.97
581.104	7.2
581.296	7.28
581.488	7.02
581.68	7.16
581.873	7.39
582.065	6.85
582.257	7.12
582.449	7.13
582.641	7.04
582.833	7.03
583.025	7.19
583.217	7.3
583.41	7.43
583.602	7.46
583.794	7.57
583.986	7.39
584.178	7.26
584.37	7.7
584.562	7.41
584.753	7.48
584.945	7.74
585.137	7.13
585.329	7.7
585.521	8.35
585.713	7.62
585.905	7.91
586.097	7.71
586.289	7.89
586.48	7.9
586.672	7.89
586.864	7.98
587.056	8.03
587.247	7.89
587.439	7.92
587.631	7.79
587.823	7.91
588.014	8
588.206	8.17
588.398	8.21
588.589	8.39
588.781	8.14
588.972	8.4
589.164	8.06
589.356	8.17
589.547	8.79
589.739	8.19
589.93	8.29
590.122	8.58
590.313	8.37
590.505	8.71
590.696	8.39
590.888	8.43
591.079	8.77
591.271	8.71
591.462	8.73
591.653	9.31
591.845	8.81
592.036	8.76
592.227	8.66
592.419	8.5
592.61	8.61
592.801	8.7
592.993	9.14
593.184	9.43
593.375	9.18
593.566	8.52
593.758	9.09
593.949	8.79
594.14	9.29
594.331	9.01
594.522	9.18
594.713	9.34
594.905	9.41
595.096	9.23
595.287	9.56
595.478	9.39
595.669	9.63
595.86	9.49
596.051	9.54
596.242	9.39
596.433	9.59
596.624	9.59
596.815	9.61
597.006	9.88
597.197	9.84
597.388	10.03
597.579	9.69
597.77	9.76
597.96	9.73
598.151	10.11
598.342	9.84
598.533	10.23
598.724	10.02
598.915	10.14
599.105	9.93
599.296	10.5
599.487	10.06
599.678	10.49
599.868	10.45
600.059	10.54
600.25	10.63
600.44	10.4
600.631	10.66
600.822	10.37
601.012	10.95
601.203	10.38
601.394	10.85
601.584	10.41
601.775	10.67
601.965	10.84
602.156	10.77
602.346	10.53
602.537	10.69
602.727	10.71
602.918	10.66
603.108	10.95
603.299	11.15
603.489	11.26
603.679	11.16
603.87	11.33
604.06	11.21
604.251	11.63
604.441	11.25
604.631	11.28
604.822	11.54
605.012	11.36
605.202	11.67
605.392	11.08
605.583	11.93
605.773	11.41
605.963	11.98
606.153	11.62
606.344	11.67
606.534	11.73
606.724	12.26
606.914	12.15
607.104	11.55
607.294	12.08
607.484	11.9
607.674	11.94
607.864	12.25
608.054	11.99
608.245	11.97
608.435	12.36
608.625	12.63
608.814	11.91
609.004	12.53
609.194	11.9
609.384	12.58
609.574	12.69
609.764	11.61
609.954	12.21
610.144	11.79
610.334	12.51
610.524	12.49
610.713	12.74
610.903	13.2
611.093	12.52
611.283	12.75
611.473	12.86
611.662	12.35
611.852	12.71
612.042	13.01
612.231	13.01
612.421	13.58
612.611	12.37
612.8	13.58
612.99	13.56
613.18	13.18
613.369	13.05
613.559	13.62
613.748	12.67
613.938	13.26
614.128	13.05
614.317	13.42
614.507	13.25
614.696	13.72
614.886	13.36
615.075	13.33
615.264	13.44
615.454	13.24
615.643	13.88
615.833	14.3
616.022	13.67
616.211	14.24
616.401	13.36
616.59	14.05
616.779	14.28
616.969	13.77
617.158	13.49
617.347	14.15
617.537	14.45
617.726	13.45
617.915	13.48
618.104	13.73
618.293	14.43
618.483	14.11
618.672	14.7
618.861	14.96
619.05	14.31
619.239	14.45
619.428	14.26
619.617	14.76
619.806	14.37
619.995	14.18
620.184	14.96
620.373	14.27
620.562	14.88
620.751	15.16
620.94	14.76
621.129	15.42
621.318	15.12
621.507	14.2
621.696	15.12
621.885	14.95
622.074	14.95
622.263	15.11
622.452	15.34
622.64	15.76
622.829	14.82
623.018	16.18
623.207	14.53
623.396	15.07
623.584	14.92
623.773	15.68
623.962	15.07
624.15	16.13
624.339	15.86
624.528	15.04
624.716	14.98
624.905	15.21
625.094	15.26
625.282	15.54
625.471	15.46
625.659	15.89
625.848	14.49
626.037	16.69
626.225	16.27
626.414	15.98
626.602	16.44
626.791	15.47
626.979	16.11
627.167	15.47
627.356	16.52
627.544	17.17
627.733	16.31
627.921	15.87
628.109	16.46
628.298	15.59
628.486	16.26
628.674	16.1
628.863	16.05
629.051	17.37
629.239	16.74
629.428	16.72
629.616	16.84
629.804	17.38
629.992	16.21
630.18	16.4
630.369	16.85
630.557	16.95
630.745	16.88
630.933	16.59
631.121	17.33
631.309	16.86
631.497	16.34
631.685	16.21
631.873	17.1
632.061	16.89
632.249	17.25
632.437	18.1
632.625	17.36
632.813	18.01
633.001	18.02
633.189	17.36
633.377	17.49
633.565	16.63
633.753	17.09
633.941	17.73
634.129	17.02
634.316	17.44
634.504	17.94
634.692	17.79
634.88	18.18
635.068	18.01
635.255	18.09
635.443	18.34
635.631	17.57
635.818	17.65
636.006	17.01
636.194	17.16
636.382	17.52
636.569	18.17
636.757	19.05
636.944	18.32
637.132	18.01
637.32	18.48
637.507	17.96
637.695	18.44
637.882	18.05
638.07	18.76
638.257	18.26
638.445	18.09
638.632	18.84
638.82	18.05
639.007	18.39
639.194	18.9
639.382	18.39
639.569	18.12
639.757	18.43
639.944	17.91
640.131	18.3
640.319	18.54
640.506	17.81
640.693	19.49
640.88	18.34
641.068	18.51
641.255	19.06
641.442	18.51
641.629	18.32
641.817	18.41
642.004	18.53
642.191	18.93
642.378	18.74
642.565	18.97
642.752	19.23
642.939	16.91
643.126	17.84
643.313	19.26
643.501	19.67
643.688	20.1
643.875	18.2
644.062	18.33
644.249	18.22
644.435	18.49
644.622	17.87
644.809	19.03
644.996	17.9
645.183	18.89
645.37	19.56
645.557	19.06
645.744	18.88
645.931	18.58
646.117	17.1
646.304	18.72
646.491	19.01
646.678	18.98
646.865	18.84
647.051	20.14
647.238	18.16
647.425	18.36
647.611	18.24
647.798	19.46
647.985	18.72
648.171	18.4
648.358	18.77
648.545	19.74
648.731	18.99
648.918	19.1
649.104	17.92
649.291	19.38
649.477	19.08
649.664	19.4
649.85	19.14
650.037	19.14
650.223	17.83
650.41	18.27
650.596	19.06
650.783	18.91
650.969	19.59
651.155	19.04
651.342	17.75
651.528	19.01
651.714	19.06
651.901	20.84
652.087	19.35
652.273	18.98
652.46	18.3
652.646	19.17
652.832	20.04
653.018	18.92
653.204	20.66
653.391	19.37
653.577	18.43
653.763	20.83
653.949	19.72
654.135	20.54
654.321	19.97
654.507	19.38
654.693	18.26
654.879	18.98
655.065	17.61
655.252	17.59
655.438	19.13
655.624	19.03
655.809	19.03
655.995	18.86
656.181	20.7
656.367	21.03
656.553	20.87
656.739	20.56
656.925	20.78
657.111	20.16
657.297	20.42
657.482	20.71
657.668	21.93
657.854	21.56
658.04	20.48
658.226	19.66
658.411	20.36
658.597	19.31
658.783	19.62
658.968	21.64
659.154	19.05
659.34	20.36
659.525	21.14
659.711	19.8
659.897	21.21
660.082	18.91
660.268	18.47
660.453	20.18
660.639	21.51
660.824	20.26
661.01	21.37
661.195	20.33
661.381	18.1
661.566	20.54
661.752	18.46
661.937	18.35
662.123	18.26
662.308	19.48
662.494	19.47
662.679	20.65
662.864	19.87
663.05	20.22
663.235	20.23
663.42	18.14
663.605	18.35
663.791	21.11
663.976	18.38
664.161	18.77
664.346	20.44
664.532	20.18
664.717	19.68
664.902	20.47
665.087	23.07
665.272	20.46
665.457	19.13
665.642	18.26
665.828	20.09
666.013	19.51
666.198	19.92
666.383	21.13
666.568	20.16
666.753	20.85
666.938	19.42
667.123	20.8
667.308	19.9
667.493	19.2
667.677	18.03
667.862	20.31
668.047	18.67
668.232	20.09
668.417	19.2
668.602	16.05
668.787	21.8
668.971	18.28
669.156	20.87
669.341	20.33
669.526	22.56
669.711	20.45
669.895	21.95
670.08	19.05
670.265	20.41
670.449	18.53
670.634	20.34
670.819	17.12
671.003	19.78
671.188	20.97
671.372	18.48
671.557	20.6
671.742	21.81
671.926	19.08
672.111	19.66
672.295	18.33
672.48	19.51
672.664	20.07
672.849	20.24
673.033	19.56
673.217	19.55
673.402	18.74
673.586	18.77
673.771	19.11
673.955	20.18
674.139	20.5
674.324	19.34
674.508	19.58
674.692	20.1
674.876	22.79
675.061	19.93
675.245	18.73
675.429	20.65
675.613	20.6
675.798	22.2
675.982	23.56
676.166	20.9
676.35	21.45
676.534	23.08
676.718	20.59
676.902	22.33
677.087	20.35
677.271	20.19
677.455	22.89
677.639	17.74
677.823	21.73
678.007	22.77
678.191	20.68
678.375	21.44
678.559	20.46
678.742	22.74
678.926	22.51
679.11	25.69
679.294	23.43
679.478	19.02
679.662	23.8
679.846	25.33
680.029	23.67
680.213	24.96
680.397	24.87
680.581	21.89
680.765	25.65
680.948	24.45
681.132	26.04
681.316	22.29
681.499	25.66
681.683	26.14
681.867	24.05
682.05	27.1
682.234	24.74
682.417	26.68
682.601	25.81
682.785	27.79
682.968	27.81
683.152	30.26
683.335	25.94
683.519	24.83
683.702	25.45
683.886	26.14
684.069	29.17
684.253	27.99
684.436	29.74
684.619	25.01
684.803	29.31
684.986	28.51
685.169	31.2
685.353	29.71
685.536	30.21
685.719	30.9
685.903	28.36
686.086	30.83
686.269	32.71
686.452	28.74
686.636	31.26
686.819	32.48
687.002	31.37
687.185	33.28
687.368	31.96
687.551	30.1
687.734	32.7
687.918	33.73
688.101	29.43
688.284	32.66
688.467	31.11
688.65	30.26
688.833	31.15
689.016	32.76
689.199	32.81
689.382	32.78
689.565	34.22
689.748	33.57
689.93	31.52
690.113	32.9
690.296	32.96
690.479	35.64
690.662	29.77
690.845	35.14
691.028	27.99
691.21	33.74
691.393	36.47
691.576	35.37
691.759	33.7
691.941	34.98
692.124	36.45
692.307	34.85
692.489	39.85
692.672	36.71
692.855	36.1
693.037	35.68
693.22	41.43
693.403	34.21
693.585	35.43
693.768	37.73
693.95	34.74
694.133	36.28
694.315	36.6
694.498	35.19
694.68	35.35
694.863	37.17
695.045	33.51
695.228	36.31
695.41	39.62
695.592	36.79
695.775	32.25
695.957	36.69
696.139	37.23
696.322	39.3
696.504	46.77
696.686	37.47
696.869	30.5
697.051	38.76
697.233	44.37
697.415	39.28
697.597	37.45
697.78	39.29
697.962	35.1
698.144	41.4
698.326	36.44
698.508	40.96
698.69	37.91
698.872	37.45
699.055	42.66
699.237	38.58
699.419	36.06
699.601	35.68
699.783	41.45
699.965	37.71
700.147	32.24
700.329	39.02
700.51	44.3
700.692	39.6
700.874	33.17
701.056	42.46
701.238	42.93
701.42	47.19
701.602	39.04
701.783	36.35
701.965	44.58
702.147	43.7
702.329	39.86
702.511	41.1
702.692	42.84
702.874	36.99
703.056	41.05
703.237	42.65
703.419	43.92
703.601	38.08
703.782	35.25
703.964	38.44
704.146	47.41
704.327	38.92
704.509	41.01
704.69	46.24
704.872	43.65
705.053	35.24
705.235	43.23
705.416	39.35
705.598	34.67
705.779	43.66
705.961	45.21
706.142	44.75
706.323	42.47
706.505	44.4
706.686	49.26
706.867	41.99
707.049	41.87
707.23	36.85
707.411	49.67
707.593	45.34
707.774	45.4
707.955	51.67
708.136	38.08
708.318	38.25
708.499	29.12
708.68	33.49
708.861	46.69
709.042	35.72
709.223	44.6
709.404	45.4
709.585	43.19
709.767	38.67
709.948	47.36
710.129	43.49
710.31	39.62
710.491	39.02
710.672	37.16
710.853	39.35
711.034	47.51
711.214	46.37
711.395	45.74
711.576	39.21
711.757	51.97
711.938	42.43
712.119	39.54
712.3	42.4
712.481	35.87
712.661	45.33
712.842	36.63
713.023	41.22
713.204	35.17
713.384	35.71
713.565	46.29
713.746	51.76
713.926	45.22
714.107	41.07
714.288	38.07
714.468	39.8
714.649	44.83
714.83	39.36
715.01	44.81
715.191	41.76
715.371	43.93
715.552	45.44
715.732	36.92
715.913	51.31
716.093	56.2
716.274	45.09
716.454	39.95
716.635	46.71
716.815	54.66
716.995	42.49
717.176	43.14
717.356	37.19
717.536	39.55
717.717	43.02
717.897	25.09
718.077	30.73
718.258	44.86
718.438	40
718.618	48.79
718.798	44.88
718.978	38.65
719.159	35.32
719.339	47.69
719.519	36.89
719.699	51.7
719.879	32.98
720.059	47.73
720.239	42.04
720.419	56.59
720.599	34.02
720.779	52.66
720.959	43.29
721.139	42.24
721.319	44.03
721.499	46.38
721.679	28.71
721.859	41.16
722.039	35.15
722.219	53.92
722.399	46.66
722.579	44.63
722.759	41.67
722.938	39.75
723.118	47.8
723.298	33.65
723.478	37.28
723.658	54.22
723.837	42.25
724.017	29.48
724.197	36.33
724.376	60.78
724.556	32.68
724.736	44.93
724.915	44.64
725.095	31.45
725.275	30.36
725.454	30.73
725.634	37.16
725.813	44.66
725.993	35.12
726.172	45.65
726.352	45.36
726.531	40.72
726.711	51.15
726.89	49.22
727.07	44.9
727.249	36.52
727.428	61.77
727.608	44.67
727.787	41.18
727.966	49.82
728.146	33.09
728.325	46.16
728.504	34.99
728.684	38
728.863	39.37
729.042	28.55
729.221	15.82
729.4	35.85
729.58	43.21
729.759	53.24
729.938	63.77
730.117	47.29
730.296	44.89
730.475	47.16
730.654	26.05
730.833	44.6
731.013	37.75
731.192	38.11
731.371	46.87
731.55	45.73
731.729	33.19
731.907	49.46
732.086	37.05
732.265	26.99
732.444	54.65
732.623	49.39
732.802	45.08
732.981	32.17
733.16	40.61
733.339	22.95
733.517	51.09
733.696	48.61
733.875	62.08
734.054	44.85
734.232	34.56
734.411	63.03
734.59	41.33
734.768	46.77
734.947	33.71
735.126	18.47
735.304	46.8
735.483	42.49
735.662	32.5
735.84	39.66
736.019	33.6
736.197	28.41
736.376	59.45
736.554	71.42
736.733	40.21
736.911	58.92
737.09	45.94
737.268	42.65
737.447	27.83
737.625	39.56
737.803	21.66
737.982	56.29
738.16	48.07
738.338	40.26
738.517	34.03
738.695	52.21
738.873	60.36
739.052	30.22
739.23	21.24
739.408	26.11
739.586	36.46
739.764	29.67
739.943	41.67
740.121	26.99
740.299	35.85
740.477	41.25
740.655	65.07
740.833	21.43
741.011	58.96
741.189	47.07
741.367	36.07
741.545	36.95
741.723	25.08
741.901	69.94
742.079	44.6
742.257	49.12
742.435	25.34
742.613	74.92
742.791	30.75
742.969	30.39
743.147	44.63
743.325	27.1
743.503	37.96
743.68	29.31
743.858	14.79
744.036	32.6
744.214	40.69
744.391	18.54
744.569	14.31
744.747	37.22
744.925	66.99
745.102	18.57
745.28	57.94
745.458	83.47
745.635	33.15
745.813	68.4
745.99	54.41
746.168	28.64
746.345	85.85
746.523	27.4
746.7	45.02
746.878	21.3
747.055	44.94
747.233	70.07
747.41	49.31
747.588	28.46
747.765	51.86
747.943	16.47
748.12	51.68
748.297	36.19
748.475	40
748.652	73.92
748.829	64.17
749.007	50.31
749.184	74.58
749.361	48.67
749.538	66.49
749.716	48.72
749.893	106.36
750.07	43.28
750.247	34.92
750.424	30.96
750.601	80.49
750.778	53.09
750.956	10.58
751.133	29.16
751.31	36.15
751.487	30.27
751.664	8.61
751.841	9.42
752.018	49.49
752.195	47.25
752.372	36.07
752.549	-6.11
752.726	53.66
752.902	81.47
753.079	73.81
753.256	100.98
753.433	54.84
753.61	57.04
753.787	23.52
753.964	38.65
754.14	9.83
754.317	85.12
754.494	28.38
754.671	70.2
754.847	52.01
755.024	69.85
755.201	54.6
755.377	22.26
755.554	96.59
755.73	24.05
755.907	20.12
756.084	82.77
756.26	64.97
756.437	14.76
756.613	24.29
756.79	35.25
756.966	33.31
757.143	69.29
757.319	45.65
757.496	69.7
757.672	61.69
757.849	56.46
758.025	29.37
758.201	117.2
758.378	64.25
758.554	25.78
758.73	46.63
758.907	33.94
759.083	29.97
759.259	34.38
759.435	88.26
759.612	43.2
759.788	54.11
759.964	47.2
760.14	40.91
760.316	-3.73
760.493	36.05
760.669	90.55
760.845	2.84
761.021	-14.12
761.197	2.6
761.373	25.51
761.549	40
761.725	26.47
761.901	17.74
762.077	54.34
762.253	-0.12
762.429	42.21
762.605	16.72
762.781	31.47
762.957	27.7
763.133	45.09
763.308	35.11
763.484	21.13
763.66	40.99
763.836	57.06
764.012	5.01
764.187	12.99
764.363	27.2
764.539	22.93
764.715	42.21
764.89	-32.84
765.066	24.54
765.242	-54.71
765.417	84.98
765.593	20.63
765.769	69.19
765.944	54.52
766.12	72.77
766.295	25.98
766.471	9.45
766.646	36.16
766.822	49.02
766.997	-15.6
767.173	94.7
767.348	28.51
767.524	18.94
767.699	22.43
767.875	20.28
768.05	-3.62
768.225	63.97
768.401	34.15
768.576	153.72
768.751	45.49
768.927	-2.95
769.102	52.46
769.277	30.38
769.452	25.67
769.628	46.62
769.803	172.07
769.978	2.05
770.153	52.63
770.328	60.37
770.503	65.67
770.679	83.77
770.854	25.76
771.029	3.31
771.204	-271.52
771.379	23.29
771.554	33.28
771.729	44.81
771.904	33.99
772.079	20.55
772.254	42.2
772.429	18.56
772.604	-11.48
772.779	132.13
772.953	30.38
773.128	41.31
773.303	33.3
773.478	-35.02
773.653	52.48
773.828	29.96
774.002	133.51
774.177	5.21
774.352	488.7
774.527	68.44
774.701	32.01
774.876	97.88
775.051	114.44
775.225	203.09
775.4	20.67
775.575	12.76
775.749	-25.05
775.924	26.42
776.098	54.68
776.273	50.06
776.447	30.81
776.622	36.74
776.796	33.95
776.971	71.47
777.145	-4.13
777.32	36.23
777.494	54.51
777.669	68.61
777.843	159.61
778.017	-2.26
778.192	38.26
778.366	19.85
778.54	34.44
778.715	45.6
778.889	124.57
779.063	56.2
779.237	54.4
779.412	27.19
779.586	124.57
779.76	-27.31
779.934	65.01
780.108	94.1
780.282	-343.28
780.457	78.34
780.631	-140.52
780.805	1.96
780.979	-56.72
781.153	51.66
781.327	109.53
781.501	116.06
781.675	128.86
781.849	27.46
782.023	148.76
782.197	-30.88
782.371	-97.14
782.545	-229.45
782.718	75.62
782.892	96.24
783.066	72.94
783.24	208.1
783.414	23.52
783.588	31.62
783.761	1.22
783.935	128.02
784.109	60.17
784.283	133.91
784.456	232.23
784.63	91.29
784.804	97.49
784.977	24.18
785.151	64.67
785.324	-72.77
785.498	-6.8
785.672	-2.31
785.845	4.26
786.019	220.85
786.192	-287.42
786.366	-17.84
786.539	178.31
786.713	123.71
786.886	69.1
787.06	50.15
787.233	111.62
787.406	48.09
787.58	-24.32
787.753	42.89
787.926	161.34
788.1	6.13
788.273	-64.15
788.446	-89.3
788.62	-316.13
788.793	-29.26
788.966	57.32
789.139	195.49
789.313	-13.62
789.486	3914.29
789.659	-49.14
789.832	19.12
790.005	55.85
790.178	182.3
790.351	39.12
790.524	-4.75
790.697	-3.7
790.87	-5.08
791.044	258.18
791.216	79.3
791.389	127.27
791.562	63.46
791.735	-17.72
791.908	-106.49
792.081	66.08
792.254	10.99
792.427	9.67
792.6	6.41
792.773	58.19
792.945	-307.46
793.118	2.48
793.291	142.86
793.464	-62.13
793.637	-45.4
793.809	32.49
793.982	-1.99
794.155	-12.79
794.327	80.48
794.5	224.62
794.673	-0.81
794.845	140.86
795.018	-267.01
795.19	-78.65
795.363	28.5
795.536	145.9
795.708	-1709.68
795.881	1240
796.053	88
796.226	396.57
796.398	123.91
796.57	144.71
796.743	-14.58
796.915	-18.29
797.088	96.36
797.26	130.71
797.432	-93.67
797.605	-39.57
797.777	-496.1
797.949	22.39
798.122	43.3
798.294	42.15
798.466	19.43
798.638	-72.1
798.81	198.87
798.983	-48.1
799.155	69.7
799.327	-162.41
799.499	41.55
799.671	24.73
799.843	30.14
800.015	70.82
800.187	-28.57
800.359	47.45
800.531	50.96
800.703	26.06
800.875	122.46
801.047	-22.59
801.219	176.79
801.391	-449.35
801.563	-61.87
801.735	-0.65
801.907	322.7
802.079	57.41
802.251	-120.88
802.422	-29.92
802.594	-122.08
802.766	-3.02
802.938	26.01
803.11	98.78
803.281	54.3
803.453	58.44
803.625	62.18
803.796	2.93
803.968	110.18
804.14	70.32
804.311	-5.23
804.483	-8.81
804.654	93
804.826	146.08
804.998	108.02
805.169	-172.2
805.341	88
805.512	90.68
805.684	53.8
805.855	112.66
806.026	409.23
806.198	57.67
806.369	17.57
806.541	34.97
806.712	87.66
806.883	22.34
807.055	73.64
807.226	139.88
807.397	-173.63
807.569	-178.76
807.74	6.54
807.911	123.27
808.082	-92.38
808.253	-615.84
808.425	63.46
808.596	177.53
808.767	171.22
808.938	-62.3
809.109	-9.9
809.28	-35.07
809.451	86.54
809.622	146.52
809.793	-819.35
809.964	50.43
810.135	153.9
810.306	126.01
810.477	242.95
810.648	-54.21
810.819	112.05
810.99	6280
811.161	31.97
811.332	280
811.503	58.15
811.674	575.38
811.844	-347.69
812.015	91.29
812.186	300.61
812.357	-107.3
812.527	43.3
812.698	116.11
812.869	298.11
813.04	51.48
813.21	-282.76
813.381	-31.91
813.551	67.04
813.722	82.7
813.893	44.48
814.063	-12.41
814.234	-440
814.404	193.95
814.575	64.41
814.745	-391.15
814.916	12.26
815.086	113.26
815.257	-140.81
815.427	-23.31
815.598	18.44
815.768	47.59
815.938	75.64
816.109	149.8
816.279	75.33
816.449	21.15
816.62	-578.95
816.79	64.52
816.96	-856.6
817.13	-1.04
817.301	-11.17
817.471	-43.31
817.641	396.32
817.811	-129.93
817.981	-5685.71
818.152	10.43
818.322	108.91
818.492	111.37
818.662	-0.71
818.832	32.47
819.002	-30.41
819.172	342.35
819.342	-47.4
819.512	-59.5
819.682	92.87
819.852	80.72
820.022	66.08
820.192	298.88
820.362	-61.64
820.531	73.62
820.701	51.9
820.871	76.61
821.041	-129.41
821.211	-94.05
821.381	96.26
821.55	29.79
821.72	-897.67
821.89	206.15
822.059	146.39
822.229	69.31
822.399	-81.61
822.568	240.13
822.738	-258.54
822.908	226.99
823.077	-27.31
823.247	1.38
823.416	152.94
823.586	-110.16
823.756	-7.32
823.925	-245.57
824.095	1251.16
824.264	36.77
824.433	-401.77
824.603	125.81
824.772	176.02
824.942	-200
825.111	-181.91
825.28	-36.02
825.45	-85.22
825.619	90.68
825.788	-78.65
825.958	-16.44
826.127	-72.1
826.296	108.79
826.465	237.65
826.635	24.77
826.804	15.8
826.973	216.24
827.142	9.36
827.311	-14.77
827.48	105.68
827.649	40.75
827.818	177.95
827.988	40
828.157	161.13
828.326	105.57
828.495	14.16
828.664	84.82
828.833	16.25
829.002	-118.01
829.17	1.34
829.339	-200
829.508	115.79
829.677	-186.52
829.846	47.67
830.015	77.18
830.184	-35.79
830.352	120.52
830.521	223.02
830.69	63.41
830.859	1423.53
831.027	242.11
831.196	-17.1
831.365	33.27
831.533	63.29
831.702	130.36
831.871	37.11
832.039	128.86
832.208	-262.61
832.377	187.4
832.545	86.89
832.714	91.05
832.882	-58.82
833.051	137.13
833.219	1171.43
833.388	-101.86
833.556	-42.57
833.724	143.46
833.893	-7.62
834.061	1884.21
834.23	145.76
834.398	-51.74
834.566	189.61
834.735	-200
834.903	-788.68
835.071	-5960
835.239	4.59
835.408	-37.99
835.576	441.86
835.744	56.46
835.912	82.95
836.08	90.95
836.249	320.75
836.417	390.37
836.585	64.65
836.753	120.44
836.921	357.84
837.089	2885.71
837.257	-1204.65
837.425	-11.06
837.593	-8.48
837.761	13.58
837.929	89.25
838.097	74.81
838.265	100.54
838.433	24.26
838.601	143.77
838.769	605.06
838.936	150.56
839.104	-39.78
839.272	58.32
839.44	48.21
839.608	-112.2
839.775	29.45
839.943	-14.12
840.111	109.53
840.279	-51.41
840.446	140.3
840.614	-200
840.781	144.35
840.949	-21.8
841.117	76.92
841.284	-323.61
841.452	-95.65
841.619	30.27
841.787	-40.59
841.954	1083.72
842.122	167.63
842.289	30.53
842.457	102.55
842.624	54.21
842.792	-191.24
842.959	46.86
843.126	26.48
843.294	-127.05
843.461	42.9
843.629	251.2
843.796	35.85
843.963	-200
844.13	-0.56
844.298	281.85
844.465	-84.55
844.632	-118.01
844.799	83.42
844.966	162.55
845.134	93.17
845.301	20.44
845.468	-120.53
845.635	317.31
845.802	-5.96
845.969	-9.72
846.136	42.89
846.303	178.95
846.47	44.47
846.637	630.77
846.804	-2094.74
846.971	-38.69
847.138	110.42
847.305	-200
847.472	95.44
847.639	207.49
847.805	137.4
847.972	251.95
848.139	-91.85
848.306	-2094.74
848.473	641.79
848.639	66.22
848.806	-75.2
848.973	155.64
849.14	152.05
849.306	-49.33
849.473	-279.47
849.64	-15.38
849.806	-79.43
849.973	305.95
850.139	62.25
850.306	50.06
850.472	198.52
850.639	201.31
850.806	-957.89
850.972	259.13
851.139	3571.43
851.305	129.64
851.471	278.29
851.638	-8.59
851.804	-128.36
851.971	-77.61
852.137	57.97
852.303	315.74
852.47	-0.32
852.636	98.56
852.802	-39.37
852.968	19.57
853.135	-35.53
853.301	-26.59
853.467	197.38
853.633	36.14
853.8	31.44
853.966	-11.17
854.132	-542.86
854.298	-191.24
854.464	-65.17
854.63	106.55
854.796	84.75
854.962	-165.47
855.128	65.79
855.294	-56.49
855.46	-31.09
855.626	-57.07
855.792	-181.47
855.958	347.57
856.124	101.84
856.29	38.41
856.456	115.24
856.622	4.26
856.787	532.47
856.953	58.01
857.119	-295.05
857.285	90.05
857.45	173.14
857.616	-95.12
857.782	-71.1
857.948	108.46
858.113	-113.99
858.279	43.65
858.445	74.02
858.61	358.14
858.776	91.5
858.941	156.44
859.107	66.04
859.273	3.29
859.438	-22.88
859.604	-1778.95
859.769	527.56
859.935	-247.52
860.1	66.46
860.265	69.97
860.431	257.55
860.596	3914.29
860.762	128.86
860.927	126.35
861.092	71.05
861.258	17.56
861.423	27.03
861.588	62.03
861.753	2028.57
861.919	252.83
862.084	130.71
862.249	218.98
862.414	119.45
862.579	25.38
862.745	47.42
862.91	251.66
863.075	18.89
863.24	-4.32
863.405	240.2
863.57	-51.47
863.735	-10.33
863.9	33.63
864.065	53.21
864.23	208.44
864.395	222.78
864.56	28.4
864.725	225.32
864.89	-38.2
865.055	125.65
865.22	-101.71
865.384	-240.45
865.549	161.17
865.714	-79.16
865.879	20.33
866.044	-105.57
866.208	139.45
866.373	340.66
866.538	97.89
866.702	-172.46
866.867	21.44
867.032	0.47
867.196	148.22
867.361	366.4
867.526	134.76
867.69	-32.33
867.855	-81.32
868.019	301.82
868.184	-27
868.348	115.36
868.513	-316.13
868.677	173.54
868.842	62.9
869.006	211.33
869.17	-607.55
869.335	-170.73
869.499	-188.35
869.663	316.56
869.828	-127.13
869.992	1223.26
870.156	123.84
870.321	120.23
870.485	-3.1
870.649	-70.18
870.813	96.68
870.978	157.45
871.142	-89.23
871.306	-91.94
871.47	-287.59
871.634	102.36
871.798	-13.66
871.962	133.49
872.126	-6371.43
872.29	-95.4
872.454	1342.86
872.618	41.15
872.782	373.13
872.946	114.09
873.11	125.63
873.274	-151.45
873.438	82.35
873.602	65.96
873.766	-184.42
873.93	-61.92
874.094	433.71
874.257	19.63
874.421	438.15
874.585	-680
874.749	103.91
874.912	7.19
875.076	56.08
875.24	161.97
875.403	275.09
875.567	115.43
875.731	204.49
875.894	-87.35
876.058	219.14
876.222	-38.2
876.385	5.03
876.549	89.98
876.712	-418.18
876.876	18.62
877.039	82.63
877.203	137.24
877.366	5.45
877.529	-13.43
877.693	47.7
877.856	36.71
878.02	36.55
878.183	-0.63
878.346	-137.66
878.51	118.58
878.673	-113.67
878.836	-52.37
878.999	651.61
879.163	64.17
879.326	57.8
879.489	51.77
879.652	55.25
879.815	57.76
879.978	-77.55
880.142	-63.09
880.305	127.95
880.468	109.4
880.631	0.53
880.794	91.54
880.957	-639.02
881.12	1564.71
881.283	-54.71
881.446	14.99
881.609	58.99
881.772	128.34
881.935	-1188.24
882.097	20.97
882.26	-86.79
882.423	167.84
882.586	3.69
882.749	114.87
882.912	-104.29
883.074	142.59
883.237	193.06
883.4	-15.38
883.562	73.22
883.725	-84.8
883.888	348.03
884.05	-9320
884.213	8.44
884.376	98.65
884.538	79.93
884.701	79.93
884.863	79.93
