181.954	-114.98
182.172	-114.98
182.39	-114.98
182.608	5440
182.826	96.7
183.043	37.45
183.261	92.64
183.479	178.3
183.697	3647.06
183.914	-3.24
184.132	34.22
184.35	405.38
184.567	251.27
184.785	176.99
185.003	82.26
185.22	80.69
185.438	66.03
185.656	-112.56
185.873	12.31
186.091	73.69
186.309	565.52
186.526	-50.68
186.744	207.78
186.961	-7.29
187.179	36.02
187.396	0.76
187.614	178.46
187.831	-12560
188.049	31.9
188.266	48.42
188.484	-137.31
188.701	260.19
188.919	74.88
189.136	112.72
189.354	131.27
189.571	-356.4
189.789	3.55
190.006	103.39
190.223	-177.3
190.441	114.87
190.658	-2342.86
190.876	123.2
191.093	268.13
191.31	55.94
191.528	-91.8
191.745	15.23
191.962	34.5
192.179	-60.33
192.397	-144.13
192.614	96.5
192.831	30.98
193.049	80.51
193.266	178.64
193.483	-16.54
193.7	49.23
193.917	51.19
194.135	270.5
194.352	-160.62
194.569	65.82
194.786	203.02
195.003	172.37
195.221	45.42
195.438	-151.24
195.655	194.97
195.872	25.76
196.089	38.53
196.306	56.42
196.523	87.77
196.74	96.33
196.957	11.97
197.174	125.89
197.391	118.2
197.608	51.04
197.825	-180.65
198.042	21.55
198.259	-386.21
198.476	246.81
198.693	3040
198.91	13.73
199.127	-513.43
199.344	11.34
199.561	330.64
199.778	74.19
199.995	-495.52
200.212	-551.72
200.429	149.76
200.646	-389.87
200.862	440.45
201.079	-38.57
201.296	225.17
201.513	225.24
201.73	-157.93
201.947	117.12
202.163	3.21
202.38	60.12
202.597	-4.28
202.814	33.9
203.03	-7040
203.247	2.01
203.464	-65.77
203.681	10.39
203.897	260.69
204.114	-188.68
204.331	49.08
204.547	316.28
204.764	134.55
204.981	-3835.29
205.197	226.38
205.414	188.24
205.63	441.38
205.847	291.46
206.064	-58.18
206.28	-54.5
206.497	30.77
206.713	101.8
206.93	-65.94
207.146	101.8
207.363	381.54
207.579	-285.71
207.796	-396.46
208.012	-119.45
208.229	77.61
208.445	-21.8
208.662	22.86
208.878	11.23
209.095	400
209.311	14.24
209.528	1085.71
209.744	15.44
209.96	2.65
210.177	-54.37
210.393	51.72
210.609	11680
210.826	83.44
211.042	306.09
211.258	811.94
211.475	-203.21
211.691	-21.08
211.907	354.43
212.124	-0.75
212.34	345.14
212.556	6.56
212.772	-391.21
212.989	10.6
213.205	50.18
213.421	-178.89
213.637	-585.07
213.853	7.78
214.069	2547.37
214.286	130.61
214.502	-423.88
214.718	-70.22
214.934	128.05
215.15	-64.26
215.366	184.06
215.582	-53.71
215.798	75.48
216.015	11.96
216.231	-209.73
216.447	71.09
216.663	51.61
216.879	-40.2
217.095	271.14
217.311	-52.83
217.527	146.1
217.743	-555.34
217.959	-415.09
218.175	99.43
218.391	115.11
218.606	-230.86
218.822	76.52
219.038	-68.45
219.254	185.26
219.47	6.95
219.686	696.63
219.902	69.67
220.118	37.48
220.334	42.37
220.549	17.82
220.765	62.95
220.981	-25.92
221.197	8.49
221.413	-272.53
221.628	308.86
221.844	128.3
222.06	97.09
222.276	89.19
222.491	23.82
222.707	34.1
222.923	-139.6
223.139	41.34
223.354	-7.94
223.57	182.68
223.786	60.23
224.001	-35.52
224.217	57.14
224.432	150.29
224.648	60.48
224.864	107.95
225.079	-549.25
225.295	81.39
225.51	185.95
225.726	-5.49
225.942	46.39
226.157	51.15
226.373	-13.62
226.588	-11.79
226.804	-989.47
227.019	-106.53
227.235	66.59
227.45	-32.46
227.665	9280
227.881	-110.24
228.096	-153.04
228.312	-115.14
228.527	102.38
228.743	-25.14
228.958	-61.81
229.173	-810.43
229.389	130.21
229.604	-7.55
229.819	-11.99
230.035	-257.24
230.25	-9.33
230.465	-64.68
230.681	-147.23
230.896	94.95
231.111	103.04
231.327	55.13
231.542	1120
231.757	96.65
231.972	35.34
232.187	17.02
232.403	-4147.37
232.618	135.59
232.833	4.73
233.048	-538.18
233.263	-10.71
233.478	-246.96
233.694	-46.51
233.909	-1032.26
234.124	64.62
234.339	-25.05
234.554	441.38
234.769	-21.53
234.984	-62.78
235.199	-14.86
235.414	-67.26
235.629	-450.63
235.844	-52.95
236.059	93.53
236.274	1.21
236.489	-13.79
236.704	62.42
236.919	-30.32
237.134	79.55
237.349	139.59
237.564	31.77
237.779	-55.94
237.994	68.09
238.209	112.84
238.424	17.18
238.639	-19.91
238.853	99.54
239.068	30.21
239.283	99.09
239.498	64.38
239.713	99.35
239.928	2.76
240.142	199.04
240.357	102.45
240.572	-59.72
240.787	79.56
241.001	-136.17
241.216	22.2
241.431	28.47
241.646	47.38
241.86	-191.93
242.075	-1106.98
242.29	-63.69
242.504	-26.14
242.719	191.3
242.934	78.74
243.148	20.05
243.363	-34.62
243.577	346.07
243.792	161.94
244.007	39.08
244.221	-488.31
244.436	-191.04
244.65	179.14
244.865	343.13
245.079	-170.4
245.294	-471.94
245.508	73.94
245.723	153.24
245.937	-272.53
246.152	-63.24
246.366	124.19
246.581	7.16
246.795	-100.61
247.01	4.22
247.224	55.57
247.438	-58.08
247.653	50.05
247.867	170.14
248.081	143.74
248.296	663.41
248.51	6.79
248.724	41.82
248.939	-280.6
249.153	62.04
249.367	54.93
249.582	33.79
249.796	-784.42
250.01	-156.29
250.224	29.73
250.439	-39.44
250.653	184.8
250.867	56.26
251.081	320.38
251.295	-1.24
251.51	68.09
251.724	210.07
251.938	74.35
252.152	-72.99
252.366	170.46
252.58	356.36
252.794	65.49
253.008	201.32
253.223	86.03
253.437	38.87
253.651	-13.5
253.865	85.66
254.079	-35.95
254.293	-16.03
254.507	400
254.721	-37.72
254.935	189.01
255.149	32.14
255.363	82.5
255.577	424.16
255.791	5.42
256.005	9.82
256.218	23.99
256.432	71.61
256.646	-1.37
256.86	-93.52
257.074	57.69
257.288	2800
257.502	-87.91
257.716	-41.68
257.929	48.34
258.143	15.01
258.357	145.58
258.571	63.47
258.785	-55.58
258.998	53.88
259.212	113.67
259.426	66.37
259.64	91.92
259.853	76.49
260.067	248.24
260.281	144.3
260.494	-7.71
260.708	67.33
260.922	32.85
261.135	138.83
261.349	51.09
261.563	261.2
261.776	964.71
261.99	72.15
262.203	59.97
262.417	154.06
262.63	-63.73
262.844	494.38
263.058	1.36
263.271	58.81
263.485	108.44
263.698	85.32
263.912	-166.81
264.125	26.11
264.339	-119.69
264.552	-53.17
264.765	-132.17
264.979	95.3
265.192	46.87
265.406	55.29
265.619	45.9
265.832	28.09
266.046	-21.68
266.259	188.47
266.473	-1148.39
266.686	-36.36
266.899	118.45
267.113	160
267.326	-79.15
267.539	52.06
267.752	37.21
267.966	89.85
268.179	32.47
268.392	97.37
268.605	192.13
268.819	60.84
269.032	-49.29
269.245	640
269.458	187.45
269.671	20.25
269.885	16.85
270.098	54.13
270.311	-298.73
270.524	73.89
270.737	-11.25
270.95	-180.13
271.163	116.54
271.376	129.03
271.589	187.34
271.802	63.1
272.016	-29.97
272.229	46.28
272.442	6.48
272.655	3.46
272.868	-92.44
273.081	-408.99
273.294	25.61
273.506	69.26
273.719	91.25
273.932	20.43
274.145	-9440
274.358	80.21
274.571	41.01
274.784	1169.81
274.997	59.56
275.21	32.06
275.423	32.89
275.635	110.55
275.848	86.72
276.061	66.23
276.274	19.44
276.487	-257.39
276.699	-106.2
276.912	-20.46
277.125	93.62
277.338	17.51
277.55	39.89
277.763	0.96
277.976	44.09
278.189	202.2
278.401	2.44
278.614	217.6
278.827	115.58
279.039	48.45
279.252	-16.92
279.464	-23.53
279.677	82.07
279.89	51.56
280.102	68.34
280.315	253.66
280.527	-421.05
280.74	-1213.79
280.952	44.34
281.165	-8.1
281.377	108.6
281.59	-51.41
281.802	-19.83
282.015	-53.98
282.227	97.06
282.44	529.5
282.652	359.55
282.865	246.45
283.077	99.28
283.29	76.98
283.502	50.85
283.714	1.9
283.927	-80.64
284.139	-48.07
284.351	59.34
284.564	2.14
284.776	46.46
284.988	-49.47
285.201	-280.6
285.413	44.73
285.625	-73.51
285.838	39.08
286.05	59.19
286.262	45.76
286.474	138.97
286.686	54.13
286.899	34.08
287.111	32.94
287.323	27.1
287.535	31.68
287.747	34.33
287.959	50.06
288.172	7.27
288.384	22.34
288.596	0.91
288.808	173.58
289.02	535.85
289.232	137.97
289.444	21.27
289.656	-76.87
289.868	65.66
290.08	76.07
290.292	-49.36
290.504	-43.7
290.716	24.12
290.928	113.7
291.14	344.19
291.352	-91.8
291.564	-941.18
291.776	111.7
291.988	-107.98
292.2	104.27
292.412	-73.51
292.624	53.77
292.835	364.18
293.047	-24.15
293.259	102.82
293.471	-28.96
293.683	751.22
293.895	107.88
294.106	-27.62
294.318	97.53
294.53	120.61
294.742	689.66
294.953	-162.36
295.165	98.25
295.377	108.41
295.589	-26.62
295.8	3.29
296.012	85.67
296.224	25.39
296.435	101.8
296.647	-64.94
296.858	192.81
297.07	418.46
297.282	-17.59
297.493	96.92
297.705	-203.43
297.916	-2.84
298.128	-90.46
298.34	50.14
298.551	-18.21
298.763	91.58
298.974	4.44
299.186	-15.78
299.397	102.62
299.609	-1187.1
299.82	165.65
300.031	11.03
300.243	210.53
300.454	238.04
300.666	59.98
300.877	263.51
301.089	22.13
301.3	39.08
301.511	102.67
301.723	-31.04
301.934	507.46
302.145	-100.3
302.357	-14.73
302.568	25.6
302.779	-49.26
302.99	12.56
303.202	117.96
303.413	43.05
303.624	-104.41
303.835	37.74
304.047	45.34
304.258	57.14
304.469	32.1
304.68	126.52
304.891	99.33
305.103	-54.05
305.314	90.47
305.525	1771.43
305.736	277.17
305.947	50.06
306.158	2800
306.369	108.81
306.58	93.7
306.791	179.67
307.002	35.91
307.213	-79.06
307.424	14.13
307.636	174.39
307.846	-51.41
308.057	271.84
308.268	48.18
308.479	42.71
308.69	23.66
308.901	63.73
309.112	-186.05
309.323	-36.36
309.534	47.88
309.745	75.25
309.956	32.86
310.167	-23.53
310.377	97.69
310.588	203.47
310.799	35.63
311.01	-149.43
311.221	86.54
311.432	80.59
311.642	-62.32
311.853	-52.77
312.064	813.79
312.275	208.18
312.485	102.17
312.696	52.84
312.907	20.1
313.117	22.5
313.328	4.99
313.539	-26.6
313.749	45.66
313.96	-246.15
314.171	60.2
314.381	55.78
314.592	-13.45
314.802	46.87
315.013	27.25
315.224	52.84
315.434	400
315.645	4720
315.855	14.17
316.066	224.72
316.276	107.42
316.487	-448.78
316.697	59.14
316.908	20.93
317.118	55.59
317.329	39.18
317.539	59.53
317.749	224.89
317.96	-782.09
318.17	-74.3
318.381	4.4
318.591	-232.97
318.801	-2.89
319.012	-28.27
319.222	225.24
319.432	90.32
319.643	92.13
319.853	93.27
320.063	54.71
320.273	-4.98
320.484	-232.97
320.694	204.08
320.904	164.07
321.114	561.8
321.325	1062.07
321.535	-117.54
321.745	7.65
321.955	80.73
322.165	12.08
322.375	44.25
322.585	-225.77
322.796	1268.97
323.006	11.27
323.216	199.58
323.426	78.41
323.636	101.44
323.846	2055.17
324.056	40.91
324.266	6.82
324.476	42.71
324.686	211.89
324.896	81.73
325.106	626.42
325.316	2.54
325.526	-4273.68
325.736	41.68
325.946	1.41
326.156	898.7
326.366	107.83
326.576	-12.16
326.785	261.31
326.995	141.64
327.205	32.16
327.415	86.78
327.625	224.82
327.835	14.22
328.044	182.91
328.254	-100.87
328.464	-49.47
328.674	176.5
328.884	-143.88
329.093	2.14
329.303	28.59
329.513	124.22
329.722	-1873.68
329.932	97.32
330.142	21.59
330.351	33.62
330.561	1381.82
330.771	-153.51
330.98	-83.92
331.19	-43.08
331.4	94.7
331.609	-11.65
331.819	692.68
332.028	-73.14
332.238	29.83
332.447	118.64
332.657	30.54
332.866	20.85
333.076	30.2
333.285	-65.15
333.495	1251.61
333.704	-347.98
333.914	26.21
334.123	51.19
334.333	307.69
334.542	115.53
334.752	492.31
334.961	-392.45
335.17	-160.8
335.38	10.9
335.589	41.37
335.798	69.82
336.008	215.38
336.217	154.89
336.426	79.61
336.636	-80
336.845	-63.1
337.054	25.97
337.263	4.61
337.473	2.4
337.682	134.2
337.891	9.11
338.1	382.73
338.309	-52.67
338.519	164.92
338.728	47.84
338.937	-233.07
339.146	227.34
339.355	-483.02
339.564	2105.26
339.773	128.64
339.983	9.07
340.192	-507.83
340.401	151.5
340.61	54.27
340.819	8.09
341.028	148.2
341.237	47.06
341.446	14.21
341.655	0.99
341.864	-163.03
342.073	6.34
342.282	-1.93
342.491	55.58
342.699	-415.53
342.908	-207.79
343.117	99.21
343.326	-90.69
343.535	-647.27
343.744	-46.84
343.953	2.29
344.162	33.49
344.37	-47.33
344.579	202.99
344.788	-45.01
344.997	16
345.206	173.29
345.414	90.47
345.623	-11.81
345.832	-21.55
346.041	-93.4
346.249	26.89
346.458	28.6
346.667	72.26
346.875	37.95
347.084	80.07
347.293	31.97
347.501	-128.91
347.71	31.11
347.918	-16.24
348.127	4.4
348.336	-259.6
348.544	40.25
348.753	579.1
348.961	52.24
349.17	261
349.378	76.09
349.587	-19.85
349.795	3.88
350.004	-375.38
350.212	47.3
350.421	70.8
350.629	51.96
350.838	30.41
351.046	100.75
351.254	19.12
351.463	-61.68
351.671	-2189.47
351.879	-13.49
352.088	48.24
352.296	389.38
352.504	181.6
352.713	-27.53
352.921	-365.35
353.129	-75.56
353.338	-86.3
353.546	82.92
353.754	-137.42
353.962	-131.37
354.171	88.48
354.379	-2189.47
354.587	103.84
354.795	-6.51
355.003	15.85
355.212	-67.67
355.42	173.58
355.628	133.98
355.836	29.83
356.044	-35.95
356.252	50.76
356.46	-3.11
356.668	1710.77
356.876	27.26
357.084	68.4
357.292	74.8
357.5	-74.42
357.708	6.86
357.916	59.95
358.124	92.13
358.332	-155.22
358.54	50.91
358.748	166.23
358.956	39.74
359.164	20.84
359.372	48.68
359.58	-238.85
359.788	0.46
359.996	77.75
360.203	2.2
360.411	-37.05
360.619	-136.68
360.827	-44.38
361.035	-56.44
361.242	181.82
361.45	-298.73
361.658	252.13
361.866	43.36
362.073	132.86
362.281	-73.53
362.489	3.61
362.697	121.18
362.904	99.09
363.112	16.37
363.32	0.6
363.527	-382.61
363.735	-118.92
363.943	63.02
364.15	120.14
364.358	-56.91
364.565	24.19
364.773	24.85
364.98	1.41
365.188	8.64
365.395	170.72
365.603	1.36
365.81	-41.9
366.018	82.07
366.225	86.2
366.433	12.9
366.64	91.19
366.848	45.42
367.055	-96.55
367.263	45.04
367.47	77.92
367.677	-450.63
367.885	-129.49
368.092	97.62
368.299	-32.68
368.507	51.66
368.714	463.72
368.921	-25.2
369.129	59.3
369.336	-20.29
369.543	13.82
369.751	-68.18
369.958	-95.07
370.165	62.28
370.372	-100.22
370.579	117.65
370.787	30.54
370.994	-20.98
371.201	10.9
371.408	10.63
371.615	58.48
371.822	-56.49
372.029	1.36
372.237	-402.29
372.444	477.84
372.651	64.62
372.858	107.92
373.065	53.04
373.272	-23.53
373.479	-841.38
373.686	24.64
373.893	306.8
374.1	118.66
374.307	-195.68
374.514	137.65
374.721	-3.95
374.928	181.82
375.135	-83.7
375.341	-80
375.548	16.25
375.755	-75.8
375.962	-26.83
376.169	-86.18
376.376	-158.7
376.583	104.66
376.789	105.15
376.996	99.41
377.203	24.85
377.41	47.06
377.617	29.09
377.823	14.97
378.03	-606.45
378.237	27.93
378.443	-155.43
378.65	309.43
378.857	-78.23
379.063	-10.13
379.27	-486.96
379.477	7.63
379.683	-195.1
379.89	15.69
380.097	73.58
380.303	28.95
380.51	55.57
380.716	-3.57
380.923	59.84
381.129	58.91
381.336	-346.46
381.542	-1.88
381.749	18.69
381.955	23.56
382.162	68.14
382.368	-17.28
382.575	93.17
382.781	110.34
382.988	-35.95
383.194	-14.5
383.4	-88.58
383.607	79.11
383.813	231.73
384.02	42.79
384.226	-126.65
384.432	-65.08
384.639	76.26
384.845	-708.86
385.051	8.64
385.257	27.53
385.464	109.39
385.67	16
385.876	-9.5
386.082	-75.93
386.289	85.48
386.495	-50.55
386.701	-104.23
386.907	-109.46
387.113	58.06
387.319	135.9
387.526	32.57
387.732	-204.72
387.938	35.2
388.144	-205.22
388.35	33.15
388.556	25.33
388.762	42.98
388.968	539.53
389.174	66.58
389.38	94.17
389.586	-30.93
389.792	-45.19
389.998	-27.65
390.204	1.17
390.41	50.05
390.616	38.88
390.822	-50.84
391.028	2.9
391.234	66.23
391.439	-566.99
391.645	-11.72
391.851	71.81
392.057	-74.95
392.263	70.99
392.469	64.35
392.674	21.34
392.88	17.64
393.086	-9.58
393.292	29.25
393.498	-116.62
393.703	11.27
393.909	39.01
394.115	85.92
394.32	15.52
394.526	2.58
394.732	75.65
394.937	82.39
395.143	55.06
395.349	6.05
395.554	-70.35
395.76	42.92
395.965	-70.09
396.171	23.38
396.377	-22.7
396.582	53.12
396.788	44.51
396.993	44.23
397.199	-13.83
397.404	30.59
397.61	41.05
397.815	-46.76
398.021	-57.92
398.226	-36.81
398.431	15.95
398.637	-18.66
398.842	30.13
399.048	16.06
399.253	38.25
399.458	-7.4
399.664	-24.57
399.869	-4.82
400.074	0.2
400.28	36.38
400.485	-45.09
400.69	1.65
400.896	13.01
401.101	24.13
401.306	-13.23
401.511	14.76
401.716	12.67
401.922	5.84
402.127	-7.92
402.332	-16.12
402.537	21.91
402.742	11.64
402.947	34.89
403.153	-5.98
403.358	21.05
403.563	34.24
403.768	3.6
403.973	1.73
404.178	-2.2
404.383	-8.24
404.588	4.62
404.793	18.82
404.998	4.17
405.203	-12.88
405.408	10.11
405.613	6.12
405.818	-6.65
406.023	5.14
406.228	0.42
406.433	-1.5
406.638	0.66
406.842	7.74
407.047	8.3
407.252	5.91
407.457	15.31
407.662	5.38
407.867	8.48
408.071	11.57
408.276	9.05
408.481	1.28
408.686	0.89
408.891	5.56
409.095	5.66
409.3	-2.75
409.505	1.72
409.709	0.22
409.914	8.87
410.119	5.28
410.323	4.13
410.528	-3.75
410.733	10.45
410.937	-2.94
411.142	3.73
411.346	5.5
411.551	2.64
411.756	3.64
411.96	3.06
412.165	-1.52
412.369	1.04
412.574	-3.4
412.778	3.79
412.983	7.29
413.187	3.6
413.392	2.38
413.596	-0.79
413.8	1.27
414.005	6.1
414.209	1.78
414.414	3.06
414.618	3.35
414.822	2.36
415.027	3.26
415.231	-0.58
415.435	7.13
415.64	4.84
415.844	3.66
416.048	5.4
416.252	5.81
416.457	4.13
416.661	4.8
416.865	3.33
417.069	1.05
417.274	2.15
417.478	2.39
417.682	2.92
417.886	2.11
418.09	4.69
418.294	4.86
418.498	4.24
418.702	4.75
418.907	3.64
419.111	2.17
419.315	5.49
419.519	4.31
419.723	2.61
419.927	3.88
420.131	4.55
420.335	2.73
420.539	3.52
420.743	5.83
420.947	3.18
421.151	4.23
421.355	2.48
421.558	2.36
421.762	4.33
421.966	2.29
422.17	3.9
422.374	3.48
422.578	3.11
422.782	3.15
422.985	3.46
423.189	2.74
423.393	1.91
423.597	2.22
423.801	4.26
424.004	2.87
424.208	2.64
424.412	2.63
424.615	3.07
424.819	4.43
425.023	4
425.226	4.24
425.43	3.87
425.634	2.63
425.837	2.43
426.041	3.19
426.245	2.48
426.448	2.7
426.652	2.96
426.855	2.08
427.059	2.61
427.262	2.75
427.466	3.18
427.669	2.32
427.873	2.88
428.076	3.65
428.28	3.07
428.483	3.1
428.687	3.18
428.89	3.09
429.094	2.4
429.297	3.25
429.5	3.31
429.704	3.42
429.907	3.48
430.11	2.94
430.314	3.33
430.517	2.95
430.72	3.08
430.924	3.08
431.127	2.77
431.33	3.04
431.533	3.06
431.737	2.13
431.94	2.68
432.143	3.04
432.346	2.96
432.549	2.65
432.752	2.65
432.956	3.37
433.159	2.21
433.362	2.17
433.565	2.94
433.768	2.89
433.971	2.11
434.174	2.55
434.377	3.31
434.58	2.69
434.783	2.13
434.986	2.88
435.189	2.93
435.392	3.15
435.595	3.03
435.798	3.17
436.001	3.15
436.204	2.66
436.407	2.65
436.61	2.48
436.813	3.11
437.016	3.2
437.219	2.84
437.421	2.73
437.624	2.98
437.827	2.56
438.03	2.98
438.233	2.78
438.435	2.29
438.638	2.75
438.841	2.86
439.044	2.96
439.246	2.93
439.449	3
439.652	2.54
439.854	3.21
440.057	2.38
440.26	2.4
440.462	2.74
440.665	2.72
440.868	2.68
441.07	3.11
441.273	2.67
441.475	2.44
441.678	2.74
441.88	2.62
442.083	2.48
442.286	2.57
442.488	2.17
442.69	2.52
442.893	2.71
443.095	2.43
443.298	2.44
443.5	2.57
443.703	2.78
443.905	2.67
444.108	2.65
444.31	2.78
444.512	2.53
444.715	2.45
444.917	2.28
445.119	2.61
445.322	2.62
445.524	2.61
445.726	2.4
445.928	2.53
446.131	2.82
446.333	2.81
446.535	2.6
446.737	2.34
446.94	3.06
447.142	2.85
447.344	2.38
447.546	2.48
447.748	2.77
447.95	2.48
448.152	3.04
448.354	2.43
448.557	3.01
448.759	2.95
448.961	2.38
449.163	2.79
449.365	2.82
449.567	2.43
449.769	2.41
449.971	2.76
450.173	2.65
450.375	2.52
450.577	2.67
450.779	2.63
450.981	2.59
451.182	2.75
451.384	2.56
451.586	3.15
451.788	2.29
451.99	2.69
452.192	2.46
452.394	2.91
452.595	3.36
452.797	2.57
452.999	2.93
453.201	2.8
453.402	2.78
453.604	2.59
453.806	2.8
454.008	2.36
454.209	2.91
454.411	3.05
454.613	2.6
454.814	2.68
455.016	3.09
455.218	2.62
455.419	3.24
455.621	2.92
455.822	2.52
456.024	2.71
456.225	3.02
456.427	2.79
456.629	2.36
456.83	2.93
457.032	2.75
457.233	2.08
457.435	2.59
457.636	2.57
457.837	2.82
458.039	2.91
458.24	2.58
458.442	3.5
458.643	2.08
458.844	3.01
459.046	2.77
459.247	3.11
459.448	3.15
459.65	2.59
459.851	2.84
460.052	2.86
460.254	3.68
460.455	2.79
460.656	2.41
460.857	2.77
461.059	2.21
461.26	2.44
461.461	2.52
461.662	3.1
461.863	2.67
462.065	2.56
462.266	2.52
462.467	2.42
462.668	2.31
462.869	3.1
463.07	3.08
463.271	2.95
463.472	2.26
463.673	2.28
463.874	3.53
464.075	2.93
464.276	2.77
464.477	3.09
464.678	3.12
464.879	2.27
465.08	3.7
465.281	2.85
465.482	2.71
465.683	1.33
465.884	2.87
466.085	3.16
466.285	2.41
466.486	3.31
466.687	2.16
466.888	3.29
467.089	3.27
467.29	2.47
467.49	2.23
467.691	3.4
467.892	3.05
468.093	2.98
468.293	2.64
468.494	3.05
468.695	2.94
468.895	2.2
469.096	2.14
469.297	2.84
469.497	2.22
469.698	4.19
469.898	1.94
470.099	3.37
470.3	3.67
470.5	1.98
470.701	3.49
470.901	3.66
471.102	3.56
471.302	2.61
471.503	3.23
471.703	3.6
471.904	2.08
472.104	2.36
472.305	2.09
472.505	3.18
472.705	2.51
472.906	3.13
473.106	3.58
473.306	2.27
473.507	4.08
473.707	2.23
473.907	2.03
474.108	2.82
474.308	2.34
474.508	3.14
474.709	3.12
474.909	3.61
475.109	2.23
475.309	2.72
475.51	1.9
475.71	4.18
475.91	1.98
476.11	2.25
476.31	1.39
476.51	3.58
476.71	2.76
476.911	3.99
477.111	1.71
477.311	2.17
477.511	2.19
477.711	2.24
477.911	2.02
478.111	3.89
478.311	2.82
478.511	2.69
478.711	2.73
478.911	3.33
479.111	3.03
479.311	1.87
479.511	4.47
479.711	3.52
479.91	0.79
480.11	4.5
480.31	2.08
480.51	3.45
480.71	1.91
480.91	2.45
481.109	2.97
481.309	3.04
481.509	2.07
481.709	4.84
481.909	1.32
482.108	1.97
482.308	2.31
482.508	3.02
482.707	4.96
482.907	3.05
483.107	2.2
483.306	2.88
483.506	2.96
483.706	1.44
483.905	3.25
484.105	3.31
484.304	1.93
484.504	0.8
484.704	2.96
484.903	1.71
485.103	2.85
485.302	2.08
485.502	2.82
485.701	3.27
485.901	3.43
486.1	1.33
486.299	3.72
486.499	1.44
486.698	2.9
486.898	2.68
487.097	2.39
487.296	1.91
487.496	0.86
487.695	1.53
487.894	2.73
488.094	1.49
488.293	2.26
488.492	2.48
488.692	3
488.891	1.68
489.09	1.73
489.289	0.57
489.489	2.01
489.688	1.52
489.887	1.03
490.086	2.5
490.285	1.49
490.484	3.31
490.683	2.19
490.883	3.56
491.082	2.87
491.281	1.94
491.48	1.62
491.679	2.65
491.878	2.53
492.077	4.05
492.276	2.58
492.475	2.29
492.674	1.18
492.873	2.35
493.072	2.43
493.271	2.62
493.47	0.51
493.669	2.52
493.867	2.64
494.066	2.68
494.265	2.99
494.464	3.56
494.663	2.07
494.862	1.69
495.06	2.21
495.259	2.58
495.458	1.37
495.657	2.27
495.856	2.61
496.054	2.23
496.253	3.62
496.452	2.89
496.65	2.58
496.849	1.82
497.048	1.65
497.246	2.49
497.445	2.73
497.644	1.88
497.842	2.54
498.041	2.48
498.239	2.54
498.438	2.3
498.636	2.32
498.835	3.05
499.034	2.22
499.232	2.63
499.431	1.87
499.629	1.33
499.827	2.79
500.026	2.61
500.224	2.16
500.423	1.95
500.621	2.39
500.82	1.96
501.018	3.14
501.216	2.36
501.415	2.95
501.613	2.41
501.811	2.36
502.01	2.82
502.208	2.07
502.406	2.88
502.604	3.06
502.803	2.09
503.001	3.17
503.199	2.44
503.397	2
503.595	2.89
503.794	1.37
503.992	2.43
504.19	3.12
504.388	3.03
504.586	2.46
504.784	2.01
504.982	3.15
505.18	2.19
505.378	2.23
505.576	2.92
505.774	2.2
505.972	2.38
506.17	3.47
506.368	2.6
506.566	2.38
506.764	2.41
506.962	3.38
507.16	2.39
507.358	2.3
507.556	2.64
507.754	2.82
507.952	2.8
508.15	3.2
508.347	3.09
508.545	2.94
508.743	3.12
508.941	2.65
509.139	3.42
509.336	2.5
509.534	3.41
509.732	2.91
509.93	2.39
510.127	3.12
510.325	2.69
510.523	3.22
510.72	3.64
510.918	3.74
511.116	3.05
511.313	2.45
511.511	3.04
511.708	3.02
511.906	2.91
512.104	3.49
512.301	2.93
512.499	3.08
512.696	3.02
512.894	2.21
513.091	3
513.289	3.18
513.486	3.08
513.683	2.67
513.881	2.9
514.078	3.17
514.276	3.41
514.473	2.67
514.67	3.3
514.868	3.28
515.065	3.02
515.262	3.76
515.46	3.23
515.657	3.13
515.854	2.92
516.052	2.9
516.249	3.35
516.446	3.38
516.643	3.49
516.84	3.29
517.038	3.1
517.235	3.13
517.432	3.53
517.629	3.72
517.826	3.09
518.023	3.55
518.221	3.71
518.418	3.44
518.615	3.49
518.812	3.4
519.009	3.49
519.206	3.5
519.403	3.33
519.6	3.79
519.797	3.6
519.994	3.04
520.191	3.49
520.388	3.69
520.585	3.56
520.782	3.69
520.978	3.08
521.175	3.65
521.372	4.14
521.569	3.44
521.766	3.68
521.963	3.47
522.159	3.85
522.356	3.6
522.553	3.64
522.75	3.57
522.947	3.86
523.143	4.02
523.34	3.84
523.537	3.79
523.733	3.94
523.93	3.87
524.127	3.76
524.323	3.91
524.52	3.68
524.717	3.79
524.913	3.52
525.11	3.8
525.306	4.12
525.503	4.01
525.7	3.92
525.896	3.76
526.093	3.89
526.289	4.07
526.486	3.74
526.682	3.63
526.878	3.9
527.075	4.08
527.271	4.13
527.468	4.43
527.664	3.93
527.861	3.86
528.057	4.22
528.253	4.12
528.45	3.63
528.646	3.95
528.842	4.31
529.039	3.78
529.235	4.66
529.431	4.23
529.627	4
529.824	4.34
530.02	4.07
530.216	4.4
530.412	4.46
530.608	4.32
530.804	4.55
531.001	4.36
531.197	4.46
531.393	4.36
531.589	4.18
531.785	4.48
531.981	4.2
532.177	4.72
532.373	4.49
532.569	4.55
532.765	4.41
532.961	4.47
533.157	4.35
533.353	4.68
533.549	4.48
533.745	4.62
533.941	4.84
534.137	4.46
534.333	4.26
534.529	4.8
534.725	4.47
534.92	4.72
535.116	4.86
535.312	4.5
535.508	4.9
535.704	4.82
535.899	4.69
536.095	4.87
536.291	5.08
536.487	4.65
536.682	5.02
536.878	5.09
537.074	4.67
537.269	4.8
537.465	4.34
537.661	4.91
537.856	5.36
538.052	5.09
538.248	5.15
538.443	5.03
538.639	5.05
538.834	4.93
539.03	5.11
539.225	4.97
539.421	5.34
539.616	5.14
539.812	4.85
540.007	5.43
540.203	5.33
540.398	5.19
540.593	5.49
540.789	5.58
540.984	5.25
541.18	5.3
541.375	5.23
541.57	5.53
541.766	5.26
541.961	5.71
542.156	5.46
542.352	5.78
542.547	5.26
542.742	5.72
542.937	5.58
543.133	5.97
543.328	5.82
543.523	5.32
543.718	5.6
543.913	5.77
544.108	5.48
544.304	5.65
544.499	6.46
544.694	5.69
544.889	5.99
545.084	6.27
545.279	6.13
545.474	5.98
545.669	5.59
545.864	6.12
546.059	5.96
546.254	5.71
546.449	6
546.644	5.87
546.839	6.12
547.034	6.17
547.229	6.23
547.424	6.28
547.618	6.3
547.813	6.3
548.008	6.16
548.203	6.15
548.398	6.21
548.593	6.56
548.787	6.43
548.982	6.22
549.177	6.4
549.372	6.25
549.566	6.52
549.761	6.39
549.956	6.44
550.15	6.52
550.345	6.51
550.54	6.6
550.734	6.57
550.929	6.96
551.124	6.31
551.318	6.55
551.513	6.68
551.707	7.31
551.902	6.66
552.096	6.69
552.291	7.05
552.485	6.71
552.68	7.05
552.874	7.03
553.069	7.05
553.263	7.06
553.458	6.97
553.652	7.19
553.847	7.1
554.041	7.2
554.235	7.09
554.43	7.28
554.624	7.39
554.818	7.16
555.013	7.55
555.207	7.52
555.401	7.62
555.595	7.52
555.79	7.36
555.984	7.32
556.178	7.57
556.372	7.68
556.566	7.58
556.761	7.42
556.955	7.73
557.149	7.71
557.343	7.58
557.537	8.16
557.731	8.05
557.925	7.92
558.119	7.78
558.313	7.92
558.507	7.87
558.701	8.29
558.895	8.49
559.089	8.52
559.283	8.04
559.477	8.12
559.671	7.83
559.865	8.48
560.059	7.81
560.253	8.26
560.447	8.22
560.641	8.32
560.835	8.55
561.028	8.87
561.222	8.57
561.416	8.22
561.61	8.47
561.804	8.38
561.997	8.58
562.191	8.39
562.385	8.72
562.579	8.21
562.772	9
562.966	8.84
563.16	8.7
563.353	8.66
563.547	8.77
563.741	8.99
563.934	8.99
564.128	9.12
564.321	8.81
564.515	8.84
564.708	9.36
564.902	8.76
565.095	9.12
565.289	8.98
565.482	8.98
565.676	9.01
565.869	9
566.063	9.31
566.256	9.2
566.45	9.11
566.643	8.96
566.836	9.42
567.03	9.58
567.223	9.36
567.416	9.87
567.61	9.52
567.803	9.63
567.996	9.81
568.19	9.78
568.383	9.61
568.576	9.8
568.769	9.7
568.963	9.72
569.156	10.06
569.349	10.02
569.542	9.94
569.735	10.14
569.928	9.95
570.121	10.16
570.315	10.44
570.508	10.01
570.701	10.42
570.894	10.59
571.087	10.27
571.28	10.53
571.473	10.23
571.666	10.35
571.859	10.11
572.052	10.47
572.245	10.56
572.438	10.79
572.631	10.7
572.824	10.49
573.016	10.58
573.209	10.86
573.402	10.71
573.595	10.81
573.788	10.76
573.981	11
574.173	10.74
574.366	11.07
574.559	11.01
574.752	10.84
574.944	11.07
575.137	11.4
575.33	11.17
575.523	11.38
575.715	11.23
575.908	11.04
576.101	11.2
576.293	10.68
576.486	11.24
576.678	11.69
576.871	11.24
577.063	11.58
577.256	11.51
577.449	11.22
577.641	11.73
577.834	11.17
578.026	11.26
578.219	11.37
578.411	11.71
578.603	12.04
578.796	11.96
578.988	11.66
579.181	11.77
579.373	11.89
579.565	11.99
579.758	11.77
579.95	11.44
580.142	11.73
580.335	11.82
580.527	12.21
580.719	12.13
580.912	12.42
581.104	12.33
581.296	12.49
581.488	12.29
581.68	12.35
581.873	12.63
582.065	12.07
582.257	12.12
582.449	12.56
582.641	12.42
582.833	12.49
583.025	12.38
583.217	12.29
583.41	12.45
583.602	13.06
583.794	12.71
583.986	12.62
584.178	13.01
584.37	12.99
584.562	12.58
584.753	13.18
584.945	13.09
585.137	12.81
585.329	12.77
585.521	13.3
585.713	13.28
585.905	13.42
586.097	12.96
586.289	12.71
586.48	13.49
586.672	12.78
586.864	13.48
587.056	13.92
587.247	12.86
587.439	13.55
587.631	13.65
587.823	13.87
588.014	13.91
588.206	13.74
588.398	13.63
588.589	14.13
588.781	13.38
588.972	13.99
589.164	13.95
589.356	13.83
589.547	13.63
589.739	13.73
589.93	13.94
590.122	14.17
590.313	14.09
590.505	14.5
590.696	14.26
590.888	14.41
591.079	14.6
591.271	14.44
591.462	14.02
591.653	14.68
591.845	14.28
592.036	14.35
592.227	14.53
592.419	14.18
592.61	14.75
592.801	14.89
592.993	14.76
593.184	15.38
593.375	15.3
593.566	14.76
593.758	14.61
593.949	14.46
594.14	14.78
594.331	15.13
594.522	15.1
594.713	15.39
594.905	14.95
595.096	15.48
595.287	15.33
595.478	15.27
595.669	14.89
595.86	15.08
596.051	15.02
596.242	15.6
596.433	15.43
596.624	15.77
596.815	15.82
597.006	15.55
597.197	15.58
597.388	15.91
597.579	15.51
597.77	16.16
597.96	16.02
598.151	15.77
598.342	15.83
598.533	15.78
598.724	16.7
598.915	16.38
599.105	16.08
599.296	16.28
599.487	15.72
599.678	16.58
599.868	16.63
600.059	16.42
600.25	16.52
600.44	16.79
600.631	16.42
600.822	16.72
601.012	17.16
601.203	16.78
601.394	16.89
601.584	17.01
601.775	16.36
601.965	16.9
602.156	16.74
602.346	17.43
602.537	16.73
602.727	17.6
602.918	16.81
603.108	17.21
603.299	17.59
603.489	17.04
603.679	17.43
603.87	17.3
604.06	17.49
604.251	17.52
604.441	17.4
604.631	17.14
604.822	17.77
605.012	16.98
605.202	17.66
605.392	17.57
605.583	17.27
605.773	17.73
605.963	17.73
606.153	17.4
606.344	17.88
606.534	17.61
606.724	18.13
606.914	17.8
607.104	17.76
607.294	18.35
607.484	18.19
607.674	18.51
607.864	18.12
608.054	18.6
608.245	18.37
608.435	18.91
608.625	18.79
608.814	18.1
609.004	18.72
609.194	17.91
609.384	18.94
609.574	18.66
609.764	18.13
609.954	18.38
610.144	18.23
610.334	18.82
610.524	18.5
610.713	18.62
610.903	18.12
611.093	18.77
611.283	18.85
611.473	18.28
611.662	18.57
611.852	19.21
612.042	19.04
612.231	18.41
612.421	18.69
612.611	18.44
612.8	18.53
612.99	19.17
613.18	18.98
613.369	19
613.559	18.83
613.748	19.38
613.938	19.49
614.128	18.83
614.317	18.95
614.507	19.38
614.696	19.42
614.886	19.56
615.075	18.81
615.264	20.11
615.454	19.6
615.643	19.37
615.833	19.5
616.022	19.21
616.211	19.57
616.401	19.14
616.59	19.55
616.779	20.02
616.969	19.63
617.158	19.59
617.347	20.27
617.537	19.97
617.726	19.41
617.915	19.45
618.104	18.97
618.293	19.65
618.483	19.7
618.672	20.34
618.861	20.26
619.05	20.88
619.239	19.6
619.428	20.68
619.617	20.22
619.806	19.9
619.995	19.74
620.184	19.73
620.373	20.02
620.562	19.89
620.751	19.61
620.94	20.32
621.129	20.54
621.318	20
621.507	20.81
621.696	19.71
621.885	20.19
622.074	20.23
622.263	20.16
622.452	21.18
622.64	20.3
622.829	20.44
623.018	20.76
623.207	20.4
623.396	20.97
623.584	20.42
623.773	20.54
623.962	20.57
624.15	20.58
624.339	21.13
624.528	20.75
624.716	21.3
624.905	21.27
625.094	21.49
625.282	20.66
625.471	21.33
625.659	21.02
625.848	20.1
626.037	21.39
626.225	21.33
626.414	21.42
626.602	21.89
626.791	21.27
626.979	21.72
627.167	21.56
627.356	21.93
627.544	21.7
627.733	21.36
627.921	21.14
628.109	21.68
628.298	21.85
628.486	21.2
628.674	21.09
628.863	21.78
629.051	21.81
629.239	21.96
629.428	20.97
629.616	21.39
629.804	22.19
629.992	22.01
630.18	22.22
630.369	21.44
630.557	21.93
630.745	21.88
630.933	21.81
631.121	21.92
631.309	22.19
631.497	22.41
631.685	22
631.873	20.82
632.061	21.23
632.249	22.66
632.437	23.82
632.625	22.2
632.813	22.64
633.001	21.95
633.189	22.07
633.377	22.58
633.565	21.39
633.753	21.92
633.941	21.86
634.129	22
634.316	22.6
634.504	21.4
634.692	21.55
634.88	22.45
635.068	22.14
635.255	22.45
635.443	23.07
635.631	22.67
635.818	23.34
636.006	22.77
636.194	22.01
636.382	22.23
636.569	22.15
636.757	22.99
636.944	22.88
637.132	23.92
637.32	22.55
637.507	23.4
637.695	22.06
637.882	23.14
638.07	22.82
638.257	23.73
638.445	22.56
638.632	22.56
638.82	23.44
639.007	22.31
639.194	23.52
639.382	22.34
639.569	22.7
639.757	23.43
639.944	22.43
640.131	21.97
640.319	22.7
640.506	22.22
640.693	22.94
640.88	22.51
641.068	23.51
641.255	23.68
641.442	23.13
641.629	23.31
641.817	23.52
642.004	22.77
642.191	22.16
642.378	23.79
642.565	23.8
642.752	24.44
642.939	23.74
643.126	22.24
643.313	22.96
643.501	23.56
643.688	24.84
643.875	22.44
644.062	24.13
644.249	23.46
644.435	22.73
644.622	22.19
644.809	23.64
644.996	22.42
645.183	22.62
645.37	23.29
645.557	23.25
645.744	22.36
645.931	23.21
646.117	22.2
646.304	23.34
646.491	21.96
646.678	23.64
646.865	22.95
647.051	22.89
647.238	24
647.425	21.69
647.611	22.57
647.798	22.16
647.985	22.81
648.171	23.66
648.358	22.54
648.545	23.7
648.731	21.76
648.918	24.37
649.104	23.34
649.291	23.04
649.477	22.76
649.664	22.17
649.85	22.14
650.037	22.8
650.223	21.53
650.41	22.36
650.596	22.83
650.783	22.83
650.969	22.02
651.155	22.7
651.342	22.8
651.528	22.55
651.714	22.2
651.901	24.71
652.087	22.78
652.273	22.16
652.46	23.19
652.646	23.68
652.832	22.99
653.018	22.82
653.204	23.71
653.391	22.39
653.577	22.25
653.763	22.99
653.949	23.95
654.135	24.6
654.321	22.38
654.507	22.62
654.693	22.57
654.879	23.11
655.065	22.27
655.252	21.98
655.438	22.53
655.624	23.13
655.809	22.81
655.995	21.73
656.181	23.23
656.367	22.43
656.553	22.87
656.739	23.07
656.925	24.52
657.111	21.48
657.297	23.57
657.482	21.62
657.668	23.5
657.854	22.72
658.04	21.05
658.226	22.12
658.411	21.8
658.597	22.61
658.783	22.75
658.968	22.5
659.154	23.24
659.34	22.3
659.525	21.81
659.711	22.38
659.897	21.53
660.082	21.85
660.268	20.31
660.453	21.98
660.639	22.01
660.824	22.04
661.01	22.74
661.195	20.96
661.381	20.17
661.566	21.7
661.752	22.88
661.937	19.61
662.123	19.35
662.308	20.68
662.494	21.36
662.679	20.58
662.864	20.72
663.05	20.65
663.235	20.95
663.42	21.67
663.605	20.71
663.791	20.84
663.976	20.62
664.161	22.47
664.346	21.06
664.532	21.06
664.717	21.88
664.902	20.36
665.087	20.43
665.272	21.42
665.457	19.48
665.642	19.98
665.828	20.43
666.013	20.22
666.198	20.39
666.383	20.81
666.568	20.74
666.753	21.94
666.938	17.72
667.123	20.64
667.308	20.56
667.493	20.96
667.677	17.87
667.862	18.42
668.047	20.13
668.232	20.03
668.417	21.12
668.602	19.26
668.787	20.59
668.971	19.94
669.156	22.26
669.341	20
669.526	20.94
669.711	18.57
669.895	20.18
670.08	18.63
670.265	20.78
670.449	18.59
670.634	22.06
670.819	19.28
671.003	17.92
671.188	19.58
671.372	20.5
671.557	20.49
671.742	20.36
671.926	19.27
672.111	19.55
672.295	16.73
672.48	19.12
672.664	17.96
672.849	17.59
673.033	20.13
673.217	18.66
673.402	18.24
673.586	18.39
673.771	18.7
673.955	21.28
674.139	20.11
674.324	17.28
674.508	19.61
674.692	19.6
674.876	22.58
675.061	20.69
675.245	23.01
675.429	20.26
675.613	18.63
675.798	20.36
675.982	21.01
676.166	16.9
676.35	18.85
676.534	18.36
676.718	19.33
676.902	25.67
677.087	16.14
677.271	18.51
677.455	19.98
677.639	17.66
677.823	19.78
678.007	21.04
678.191	19.9
678.375	20.71
678.559	23.43
678.742	20.72
678.926	21.28
679.11	23.08
679.294	20.2
679.478	19.6
679.662	18.6
679.846	23.16
680.029	20.74
680.213	22.18
680.397	22.72
680.581	21.29
680.765	22.68
680.948	20.18
681.132	21.78
681.316	20.97
681.499	24.59
681.683	24.53
681.867	18.95
682.05	21.7
682.234	20.14
682.417	22.76
682.601	25.47
682.785	23.45
682.968	23.07
683.152	25.76
683.335	24.08
683.519	23.16
683.702	25.79
683.886	23.97
684.069	21.7
684.253	27.57
684.436	24.12
684.619	29.25
684.803	27
684.986	25.93
685.169	24.14
685.353	25.16
685.536	24.57
685.719	26.8
685.903	28.86
686.086	22.18
686.269	28.32
686.452	20.82
686.636	28.28
686.819	23.97
687.002	28.49
687.185	31.83
687.368	24.47
687.551	27.22
687.734	29.09
687.918	29.14
688.101	27.59
688.284	29.82
688.467	31.15
688.65	31.27
688.833	28.04
689.016	29.09
689.199	26.48
689.382	29.45
689.565	32.5
689.748	31.72
689.93	26.85
690.113	33.4
690.296	31.82
690.479	28.01
690.662	29.27
690.845	25.59
691.028	26.93
691.21	28.91
691.393	31.56
691.576	30.97
691.759	33.15
691.941	30.85
692.124	33.08
692.307	32.07
692.489	30.75
692.672	28.59
692.855	32.45
693.037	35.21
693.22	34.25
693.403	27.19
693.585	33.66
693.768	30.92
693.95	32.67
694.133	36.61
694.315	31.06
694.498	37.1
694.68	28.87
694.863	32.21
695.045	32.48
695.228	37.57
695.41	37.22
695.592	41.4
695.775	33.54
695.957	33.84
696.139	33.31
696.322	30.58
696.504	38.31
696.686	32.67
696.869	32.13
697.051	32.53
697.233	40.69
697.415	35.13
697.597	29.94
697.78	33.52
697.962	32.85
698.144	43.03
698.326	34.08
698.508	30.13
698.69	33.38
698.872	30.11
699.055	32.47
699.237	40.82
699.419	37.29
699.601	31.1
699.783	41.94
699.965	35.5
700.147	33.28
700.329	39.95
700.51	37.37
700.692	38.44
700.874	36.38
701.056	44.08
701.238	35.85
701.42	41.38
701.602	37.77
701.783	36.67
701.965	32.7
702.147	38.59
702.329	35.79
702.511	35.44
702.692	38.5
702.874	30.67
703.056	40.36
703.237	36.77
703.419	37.2
703.601	42.69
703.782	34.56
703.964	34.25
704.146	39.03
704.327	37
704.509	36.16
704.69	35.01
704.872	35.45
705.053	38.16
705.235	37.3
705.416	33.21
705.598	36.68
705.779	39.32
705.961	36.26
706.142	33
706.323	40.48
706.505	40.83
706.686	41.17
706.867	36.14
707.049	32.78
707.23	35.31
707.411	37.2
707.593	36.33
707.774	37.76
707.955	39.12
708.136	37.85
708.318	40.48
708.499	40.49
708.68	39.73
708.861	43.16
709.042	33.35
709.223	32.78
709.404	35.02
709.585	37.07
709.767	40.33
709.948	44.4
710.129	37.44
710.31	34.67
710.491	32.37
710.672	36.14
710.853	35.47
711.034	46.03
711.214	28.97
711.395	41.72
711.576	45.75
711.757	42.34
711.938	41.18
712.119	31.38
712.3	39.24
712.481	36.48
712.661	43.55
712.842	19.67
713.023	43.28
713.204	37.11
713.384	34.3
713.565	31.88
713.746	36.87
713.926	36.76
714.107	35.02
714.288	41.13
714.468	36.63
714.649	41.51
714.83	32.67
715.01	49.1
715.191	32.86
715.371	44.25
715.552	34.62
715.732	45.37
715.913	44.27
716.093	44.13
716.274	43.91
716.454	41.65
716.635	35.5
716.815	32.76
716.995	37.01
717.176	45.87
717.356	33.07
717.536	34.58
717.717	42.23
717.897	29.5
718.077	37.42
718.258	36.09
718.438	31.92
718.618	40.37
718.798	39.29
718.978	34.17
719.159	36.31
719.339	46.25
719.519	44.3
719.699	42.55
719.879	24.72
720.059	40.8
720.239	39.7
720.419	44.96
720.599	32.07
720.779	44.86
720.959	39.18
721.139	33.1
721.319	38.92
721.499	47.35
721.679	26.18
721.859	44.07
722.039	42.22
722.219	46.98
722.399	35.71
722.579	33.38
722.759	30.07
722.938	37.65
723.118	43.24
723.298	50.01
723.478	39.9
723.658	60.93
723.837	37.12
724.017	36.1
724.197	30.45
724.376	44.55
724.556	33.16
724.736	44.5
724.915	39.85
725.095	52.82
725.275	33.87
725.454	32.19
725.634	29.88
725.813	46.77
725.993	45.74
726.172	36.48
726.352	46.32
726.531	34.27
726.711	42.62
726.89	35.17
727.07	38.54
727.249	42.73
727.428	43.15
727.608	28.15
727.787	45.6
727.966	43.83
728.146	40.67
728.325	41.51
728.504	26.39
728.684	24.57
728.863	37.1
729.042	24.38
729.221	35.58
729.4	30.86
729.58	39.66
729.759	37.11
729.938	43.14
730.117	37.22
730.296	37.79
730.475	40.88
730.654	26.63
730.833	49.34
731.013	36.47
731.192	43.73
731.371	29.9
731.55	31.17
731.729	48.86
731.907	57.72
732.086	41.64
732.265	40.52
732.444	35.5
732.623	59.24
732.802	24.1
732.981	42.28
733.16	26.39
733.339	30.83
733.517	40.56
733.696	48.44
733.875	57.67
734.054	18.81
734.232	39.71
734.411	58.49
734.59	35.23
734.768	47.67
734.947	55.65
735.126	31.99
735.304	30.03
735.483	40.13
735.662	44.71
735.84	24.23
736.019	47.28
736.197	29.6
736.376	51.65
736.554	62.61
736.733	60.09
736.911	37.14
737.09	5.91
737.268	33.07
737.447	41.78
737.625	34.56
737.803	18.03
737.982	42.34
738.16	37.33
738.338	56.09
738.517	14.57
738.695	45.08
738.873	34.11
739.052	29.49
739.23	1.51
739.408	23.27
739.586	50.58
739.764	33.06
739.943	36.34
740.121	28.18
740.299	28.51
740.477	34.78
740.655	35.34
740.833	54.74
741.011	50.56
741.189	25.9
741.367	32.72
741.545	16.52
741.723	25.29
741.901	43.02
742.079	67.27
742.257	34.9
742.435	44.15
742.613	32.71
742.791	50.02
742.969	41.5
743.147	33.59
743.325	41.79
743.503	35.55
743.68	43.52
743.858	56.67
744.036	33.67
744.214	50.03
744.391	20.48
744.569	63.5
744.747	34.15
744.925	30.49
745.102	32.6
745.28	9.46
745.458	53.45
745.635	54.55
745.813	37.57
745.99	51.59
746.168	59.72
746.345	94.09
746.523	31.84
746.7	50.45
746.878	22.15
747.055	55.48
747.233	48.18
747.41	59.7
747.588	45.77
747.765	25.27
747.943	3.27
748.12	10.97
748.297	25.42
748.475	25.24
748.652	35.3
748.829	50.35
749.007	29.98
749.184	29.28
749.361	55.44
749.538	63.75
749.716	45.14
749.893	18.57
750.07	34.85
750.247	30.45
750.424	36.49
750.601	62.04
750.778	30.84
750.956	33.65
751.133	-4.15
751.31	38.13
751.487	33.69
751.664	24.7
751.841	27.34
752.018	43.36
752.195	14.25
752.372	61.13
752.549	-11.43
752.726	38.41
752.902	54.15
753.079	43.19
753.256	57.48
753.433	70.29
753.61	58.21
753.787	-6.4
753.964	25.58
754.14	14.04
754.317	47.83
754.494	50.53
754.671	43
754.847	46.06
755.024	48.35
755.201	62.47
755.377	14.95
755.554	77.35
755.73	20.01
755.907	79.46
756.084	71.67
756.26	38.07
756.437	44.15
756.613	14.25
756.79	42.49
756.966	55.46
757.143	35.16
757.319	34.55
757.496	21.14
757.672	37.94
757.849	14.25
758.025	22.97
758.201	96.22
758.378	34.68
758.554	24.53
758.73	36
758.907	50.34
759.083	34.63
759.259	27.36
759.435	48.2
759.612	14.08
759.788	61.79
759.964	66.61
760.14	54.97
760.316	-4.18
760.493	16.72
760.669	72.73
760.845	-7.23
761.021	-40.09
761.197	-3.78
761.373	24.93
761.549	66.34
761.725	30.06
761.901	22.21
762.077	63.97
762.253	-10.01
762.429	34.38
762.605	55.39
762.781	41.34
762.957	17.82
763.133	12.95
763.308	24.92
763.484	39.9
763.66	66.57
763.836	69.33
764.012	37.7
764.187	32.67
764.363	20.02
764.539	38.49
764.715	30.82
764.89	11.33
765.066	1.94
765.242	7.45
765.417	72.37
765.593	43.31
765.769	48.64
765.944	23.6
766.12	57.14
766.295	23.37
766.471	-16.29
766.646	56.43
766.822	65.12
766.997	15.83
767.173	66.23
767.348	37
767.524	68.59
767.699	57.14
767.875	29.61
768.05	-3.04
768.225	12.74
768.401	15.33
768.576	99.52
768.751	76.75
768.927	5.89
769.102	-4.26
769.277	26.73
769.452	56.93
769.628	46.05
769.803	69.82
769.978	109.24
770.153	-72.42
770.328	-2.15
770.503	42.79
770.679	3.21
770.854	30.1
771.029	36.61
771.204	-52.98
771.379	59.19
771.554	41.68
771.729	48.56
771.904	-27.19
772.079	76.99
772.254	98.03
772.429	30.12
772.604	2.63
772.779	38.22
772.953	-5.35
773.128	49.5
773.303	22.75
773.478	62.3
773.653	34.44
773.828	69.66
774.002	14.17
774.177	20.84
774.352	160
774.527	85.22
774.701	19.82
774.876	46.42
775.051	-29.95
775.225	71.04
775.4	34.39
775.575	69.93
775.749	-14.95
775.924	6.86
776.098	-33.65
776.273	9.37
776.447	29.21
776.622	38.96
776.796	14.79
776.971	54.5
777.145	23.94
777.32	61.99
777.494	108.65
777.669	-7.28
777.843	20.85
778.017	68.5
778.192	62.46
778.366	37.25
778.54	108.25
778.715	25.13
778.889	51.61
779.063	79.53
779.237	95.97
779.412	12.71
779.586	254.09
779.76	125.46
779.934	-15.86
780.108	41.42
780.282	-298.51
780.457	41.96
780.631	-54.81
780.805	-93.15
780.979	-513.43
781.153	28.64
781.327	180.19
781.501	-20.26
781.675	-16.33
781.849	71.93
782.023	-17.59
782.197	7.8
782.371	16
782.545	-166.87
782.718	128.62
782.892	144.54
783.066	6.61
783.24	205.67
783.414	4.89
783.588	109.24
783.761	60.27
783.935	-86.56
784.109	81.34
784.283	34.78
784.456	75.83
784.63	64.38
784.804	46.47
784.977	34.83
785.151	2.99
785.324	-22.17
785.498	37.21
785.672	91.6
785.845	14.02
786.019	-111.85
786.192	98.01
786.366	-9.05
786.539	-51.53
786.713	-5.45
786.886	25.79
787.06	-45.92
787.233	-10.02
787.406	49
787.58	59.98
787.753	61.69
787.926	-41.64
788.1	98.16
788.273	-324.53
788.446	-29.52
788.62	477.42
788.793	-18.44
788.966	58.56
789.139	92.39
789.313	40.33
789.486	1771.43
789.659	57.14
789.832	44.25
790.005	144.15
790.178	145.13
790.351	22.67
790.524	200.68
790.697	9.1
790.87	4.06
791.044	814.55
791.216	114.21
791.389	-164.71
791.562	41.85
791.735	-253.16
791.908	150.65
792.081	27.49
792.254	149.45
792.427	16.36
792.6	4.66
792.773	65.49
792.945	364.18
793.118	45.66
793.291	-61.54
793.464	-39.15
793.637	186.5
793.809	-64.97
793.982	73.97
794.155	-45.01
794.327	26.99
794.5	621.54
794.673	-289.88
794.845	-15.56
795.018	-38.58
795.19	-382.02
795.363	99.6
795.536	187.14
795.708	-1806.45
795.881	7840
796.053	8.42
796.226	146.29
796.398	159.38
796.57	63.07
796.743	-79.3
796.915	45.58
797.088	11.34
797.26	88.19
797.432	-40.51
797.605	91.98
797.777	-722.08
797.949	-40.15
798.122	72.59
798.294	152.47
798.466	-80
798.638	110.34
798.81	99.15
798.983	202.53
799.155	31.29
799.327	-77.11
799.499	112
799.671	306.71
799.843	43.05
800.015	-52.92
800.187	80.63
800.359	11.53
800.531	34.17
800.703	16
800.875	56.81
801.047	-11.5
801.219	199.32
801.391	103.9
801.563	192.81
801.735	83.39
801.907	451.53
802.079	10.09
802.251	-443.96
802.422	3.15
802.594	-67.53
802.766	-9.5
802.938	55.61
803.11	22.86
803.281	-188.08
803.453	77.3
803.625	16.55
803.796	10.7
803.968	14.22
804.14	13.47
804.311	-1.1
804.483	119.32
804.654	86.47
804.826	102.82
804.998	579.68
805.169	-234.75
805.341	-176
805.512	139.13
805.684	116.63
805.855	122.57
806.026	1212.31
806.198	311.66
806.369	-12.71
806.541	49.23
806.712	118.78
806.883	1.09
807.055	137.57
807.226	-307.51
807.397	-74.73
807.569	240.71
807.74	73.97
807.911	-119.18
808.082	-52.02
808.253	-253.47
808.425	-24.01
808.596	170.79
808.767	158.27
808.938	14.43
809.109	233.66
809.28	-77.73
809.451	-2.87
809.622	59.89
809.793	-529.03
809.964	-497.39
810.135	103.05
810.306	80.92
810.477	319.46
810.648	-14.95
810.819	81.07
810.99	-10160
811.161	2.97
811.332	211.89
811.503	32.94
811.674	-615.38
811.844	-449.23
812.015	42.22
812.186	201.23
812.357	60.09
812.527	90.61
812.698	-38.87
812.869	128.3
813.04	-1.82
813.21	1475.86
813.381	175.88
813.551	-56.34
813.722	143
813.893	13.69
814.063	57.57
814.234	-1149.09
814.404	39.74
814.575	107.12
814.745	-56.64
814.916	36.43
815.086	69.05
815.257	-46.64
815.427	274.85
815.598	69.54
815.768	63.27
815.938	72.19
816.109	200.81
816.279	42.07
816.449	113.6
816.62	463.16
816.79	116.19
816.96	-732.08
817.13	8.29
817.301	4.06
817.471	5.29
817.641	223.31
817.811	216.06
817.981	-628.57
818.152	109.95
818.322	138.61
818.492	60.64
818.662	56.54
818.832	18.37
819.002	62.97
819.172	241.99
819.342	-71.68
819.512	-19.19
819.682	112.84
819.852	-58.65
820.022	62.08
820.192	197.75
820.362	56.76
820.531	-10.42
820.701	141.11
820.871	-10.85
821.041	-1.81
821.211	-46.83
821.381	-30.92
821.55	119.15
821.72	790.7
821.89	252.31
822.059	-5.77
822.229	11.6
822.399	-14.35
822.568	238.24
822.738	19.51
822.908	127.61
823.077	-2.95
823.247	92.98
823.416	329.41
823.586	34.22
823.756	41.69
823.925	-40.51
824.095	567.44
824.264	-57.4
824.433	272.57
824.603	99.43
824.772	7.63
824.942	-1012.66
825.111	-166.83
825.28	429.81
825.45	55.65
825.619	258.39
825.788	49.44
825.958	44.36
826.127	-21.32
826.296	188.93
826.465	66.82
826.635	84.59
826.804	128.61
826.973	-7.38
827.142	-74.89
827.311	-300.67
827.48	154.95
827.649	-25.08
827.818	116.54
827.988	16
828.157	68.97
828.326	24.4
828.495	-41.93
828.664	-10.89
828.833	272.79
829.002	-308.07
829.17	-187.92
829.339	194.97
829.508	25.91
829.677	197.75
829.846	118.77
830.015	-2.25
830.184	-14.32
830.352	-6.51
830.521	89.21
830.69	897.56
830.859	1035.29
831.027	1347.37
831.196	-63.94
831.365	23.82
831.533	5.73
831.702	-163.56
831.871	47.23
832.039	74.64
832.208	-132.17
832.377	220.47
832.545	63.75
832.714	129.74
832.882	-27.34
833.051	91.16
833.219	6057.14
833.388	-130.86
833.556	-79.3
833.724	158.3
833.893	20.04
834.061	84.21
834.23	90.85
834.398	75.68
834.566	-192.21
834.735	5542.86
834.903	264.15
835.071	4480
835.239	-24.92
835.408	23.8
835.576	455.81
835.744	-24.27
835.912	112
836.08	86.26
836.249	1147.17
836.417	91.98
836.585	22.96
836.753	135.15
836.921	140.54
837.089	-2000
837.257	-241.86
837.425	6.81
837.593	16.96
837.761	43.09
837.929	-61.24
838.097	94.05
838.265	60.82
838.433	41.97
838.601	78.51
838.769	156.96
838.936	764.04
839.104	66.49
839.272	55.57
839.44	80.87
839.608	-126.83
839.775	35.18
839.943	-10.02
840.111	79.25
840.279	-3
840.446	131.34
840.614	197.4
840.781	55.65
840.949	42.16
841.117	-164.71
841.284	-48.07
841.452	34.78
841.619	51.79
841.787	-25.09
841.954	176.74
842.122	-127.17
842.289	89.19
842.457	124.65
842.624	123.92
842.792	102.19
842.959	-45.71
843.126	78.87
843.294	-4.86
843.461	-6.04
843.629	54.4
843.796	-4.32
843.963	-99.61
844.13	41.69
844.298	71.04
844.465	-30.32
844.632	-218.63
844.799	110.55
844.966	98.72
845.134	65.15
845.301	4.14
845.468	34.44
845.635	179.51
845.802	17.02
845.969	93.09
846.136	106.61
846.303	-2631.58
846.47	51.66
846.637	49.23
846.804	-4210.53
846.971	-32.79
847.138	140.54
847.305	-237.17
847.472	79.03
847.639	12.18
847.805	180.37
847.972	-316.88
848.139	-27.47
848.306	-610.53
848.473	5.97
848.639	30.92
848.806	160
848.973	65.01
849.14	59.31
849.306	-127.35
849.473	-148.34
849.64	-24.62
849.806	-19.14
849.973	101.62
850.139	105.96
850.306	101.14
850.472	346.86
850.639	309.51
850.806	-1747.37
850.972	191.3
851.139	2971.43
851.305	-36.63
851.471	-138.08
851.638	68.71
851.804	-173.13
851.971	64.75
852.137	-21.5
852.303	88.51
852.47	-10.78
852.636	15.31
852.802	267.72
852.968	-18.72
853.135	-75.13
853.301	-182.66
853.467	179.67
853.633	78
853.8	63.53
853.966	-123.86
854.132	1600
854.298	-169.34
854.464	386.52
854.63	43.03
854.796	273.9
854.962	-14.39
855.128	-2.64
855.294	21.44
855.46	-113.78
855.626	27.79
855.792	-95.75
855.958	190.29
856.124	24.54
856.29	312.58
856.456	122.59
856.622	251.91
856.787	867.53
856.953	14.33
857.119	102.97
857.285	212.32
857.45	230.39
857.616	14.4
857.782	7.16
857.948	102.82
858.113	55.97
858.279	52.79
858.445	-6.3
858.61	567.44
858.776	210.53
858.941	198.02
859.107	28.94
859.273	80.94
859.438	-197.79
859.604	1600
859.769	50.39
859.935	-87.13
860.1	151.91
860.265	55.11
860.431	-238.85
860.596	2114.29
860.762	88.63
860.927	53.26
861.092	128.95
861.258	-52.12
861.423	66.41
861.588	132.01
861.753	7600
861.919	-369.81
862.084	447.24
862.249	208.81
862.414	-111.95
862.579	-69.04
862.745	73.4
862.91	103.32
863.075	-49.51
863.24	6.29
863.405	225.13
863.57	13.03
863.735	-70.52
863.9	7.08
864.065	38.9
864.23	58.05
864.395	122.42
864.56	48.34
864.725	172.15
864.89	683.15
865.055	-23.79
865.22	76.45
865.384	373.03
865.549	-357.28
865.714	17.8
865.879	22.3
866.044	-1.31
866.208	33.75
866.373	-734.07
866.538	-1.87
866.702	49.84
866.867	117.4
867.032	86.59
867.196	94.45
867.361	179.2
867.526	-68.67
867.69	-126.03
867.855	109.89
868.019	858.18
868.184	3.67
868.348	88.74
868.513	51.61
868.677	96.5
868.842	-96.11
869.006	39.66
869.17	-890.57
869.335	517.07
869.499	-380.58
869.663	527.15
869.828	-202.43
869.992	539.53
870.156	22.19
870.321	-11.73
870.485	109.98
870.649	80.21
870.813	-2.95
870.978	-39.15
871.142	-652.31
871.306	-100.47
871.47	382.48
871.634	579.53
871.798	-39.75
871.962	118.45
872.126	-12114.29
872.29	-12.59
872.454	5200
872.618	44.02
872.782	561.19
872.946	335.57
873.11	-10.05
873.274	122.54
873.438	1882.35
873.602	-14.78
873.766	41.56
873.93	-1.1
874.094	35.96
874.257	100.8
874.421	531.79
874.585	7.27
874.749	78.73
874.912	2.88
875.076	75.43
875.24	152.13
875.403	416.38
875.567	317.71
875.731	8.99
875.894	135.51
876.058	44.02
876.222	-31.46
876.385	-34.17
876.549	-10.17
876.712	-232.73
876.876	-114.98
877.039	47.88
877.203	-27.17
877.366	35.8
877.529	-66.43
877.693	32.06
877.856	229.04
878.02	-58.32
878.183	84.01
878.346	275.32
878.51	-88.5
878.673	-66.19
878.836	78.23
878.999	51.61
879.163	175.18
879.326	53.2
879.489	135.15
879.652	133.21
879.815	69.09
879.978	-182.86
880.142	29.53
880.305	-91.93
880.468	119.52
880.631	5.31
880.794	103.25
880.957	897.56
881.12	-3341.18
881.283	44.84
881.446	7.31
881.609	494.96
881.772	235.83
881.935	329.41
882.097	47.06
882.26	-256.6
882.423	-106.53
882.586	45.76
882.749	151.6
882.912	-166.87
883.074	53.67
883.237	40.78
883.4	37.14
883.562	75.55
883.725	169.6
883.888	239.37
884.05	-3680
884.213	45.66
884.376	70.76
884.538	72.73
884.701	72.73
884.863	72.73
