181.954	-10.93
182.172	-10.93
182.39	-10.93
182.608	780
182.826	418.68
183.043	-88.09
183.261	139.78
183.479	187.39
183.697	5382.35
183.914	115.38
184.132	229.41
184.35	294.62
184.567	66.76
184.785	-167.26
185.003	13.11
185.22	21.89
185.438	85.8
185.656	-230.65
185.873	373.85
186.091	58.82
186.309	93.1
186.526	441.18
186.744	162.7
186.961	-186.56
187.179	4.27
187.396	75.14
187.614	41.54
187.831	1260
188.049	-104.91
188.266	14.44
188.484	-416.42
188.701	-224.27
188.919	81.28
189.136	201.25
189.354	110.04
189.571	-46.92
189.789	-19.29
190.006	22.78
190.223	124.86
190.441	27.06
190.658	-42.86
190.876	138.81
191.093	102.2
191.31	-25.59
191.528	69.56
191.745	-5.41
191.962	101.83
192.179	158.36
192.397	-185.83
192.614	281.32
192.831	-69.02
193.049	39.46
193.266	-26.21
193.483	87.3
193.7	373.85
193.917	153.02
194.135	161.87
194.352	-181.85
194.569	4.38
194.786	144.49
195.003	-42.86
195.221	19.74
195.438	83.75
195.655	34.67
195.872	-106.78
196.089	81.44
196.306	-91.58
196.523	51.72
196.74	123.67
196.957	37.63
197.174	1.52
197.391	107.44
197.608	26.59
197.825	725.81
198.042	41.36
198.259	10.34
198.476	113.98
198.693	60
198.91	176.39
199.127	-488.06
199.344	-108.1
199.561	355.49
199.778	-35.2
199.995	-702.99
200.212	506.9
200.429	-52.61
200.646	-322.78
200.862	313.48
201.079	-56.45
201.296	347.68
201.513	-305.83
201.73	100.74
201.947	-66.25
202.163	16.23
202.38	195.95
202.597	197.33
202.814	31.53
203.03	-2580
203.247	-37.69
203.464	-5.16
203.681	-151.95
203.897	68.87
204.114	503.77
204.331	41.85
204.547	-90.7
204.764	-7.13
204.981	1076.47
205.197	136.6
205.414	-296.79
205.63	-527.59
205.847	-7.54
206.064	-158.18
206.28	-36.78
206.497	127.3
206.713	119.64
206.93	65.73
207.146	98
207.363	-198.46
207.579	-227.47
207.796	-7.96
208.012	-173.42
208.229	-111.94
208.445	-82.56
208.662	-32.77
208.878	9.72
209.095	-2029.41
209.311	1.03
209.528	1157.14
209.744	45.17
209.96	-256.29
210.177	-61.17
210.393	46.6
210.609	5820
210.826	-97.55
211.042	268.7
211.258	-4.48
211.475	-33.69
211.691	-6.11
211.907	148.1
212.124	34.33
212.34	66.86
212.556	-23.19
212.772	-583.52
212.989	-121.19
213.205	-45.39
213.421	-104.02
213.637	246.27
213.853	1.17
214.069	-584.21
214.286	51.6
214.502	-201.49
214.718	10.34
214.934	28.05
215.15	142.62
215.366	235.22
215.582	15.9
215.798	62.66
216.015	-0.56
216.231	235.14
216.447	80.73
216.663	-66.25
216.879	215.58
217.095	372.48
217.311	322.64
217.527	142.32
217.743	-457.28
217.959	-39.62
218.175	10.9
218.391	-183.45
218.606	94.29
218.822	-273.91
219.038	-174.87
219.254	97.89
219.47	11.17
219.686	879.78
219.902	76.05
220.118	1.26
220.334	16.41
220.549	182.41
220.765	47.22
220.981	147.89
221.197	-45.92
221.413	-873.63
221.628	-125.32
221.844	549.06
222.06	-142.72
222.276	-6.69
222.491	81.44
222.707	221.31
222.923	-336.24
223.139	69.16
223.354	-48.39
223.57	44.88
223.786	17.5
224.001	-154.05
224.217	-7.87
224.432	293.06
224.648	196.33
224.864	-9.4
225.079	-380.6
225.295	-104.96
225.51	137.84
225.726	-99.31
225.942	66.77
226.157	24.01
226.373	-144.26
226.588	4.42
226.804	-1910.53
227.019	233.67
227.235	9.3
227.45	12.79
227.665	17580
227.881	158.27
228.096	-211.3
228.312	20.1
228.527	164.55
228.743	142.29
228.958	2.62
229.173	-753.91
229.389	80.8
229.604	-6.69
229.819	94.01
230.035	-157.95
230.25	55.1
230.465	-26.81
230.681	-161.24
230.896	6.17
231.111	41.24
231.327	226.1
231.542	-3780
231.757	50.19
231.972	-115.55
232.187	49.79
232.403	-3678.95
232.618	-49.83
232.833	17.2
233.048	-529.09
233.263	-34.99
233.478	-346.96
233.694	-230.23
233.909	-87.1
234.124	100.32
234.339	-85.13
234.554	1955.17
234.769	143.63
234.984	36.32
235.199	119.71
235.414	406.19
235.629	-292.41
235.844	-49.91
236.059	50.74
236.274	2.72
236.489	-155.17
236.704	110.27
236.919	-105.83
237.134	60
237.349	32.55
237.564	101.52
237.779	-95.78
237.994	95.74
238.209	39.46
238.424	-414.11
238.639	23.79
238.853	12.37
239.068	-102.42
239.283	17.22
239.498	18.21
239.713	79.7
239.928	41.08
240.142	162.2
240.357	-13.9
240.572	-288.17
240.787	35.15
241.001	121.28
241.216	23.92
241.431	231.67
241.646	44.53
241.86	-378.03
242.075	-118.6
242.29	-34.88
242.504	-4.81
242.719	91.3
242.934	120.47
243.148	-71.75
243.363	-60.82
243.577	-50.56
243.792	-40.08
244.007	3.21
244.221	362.34
244.436	-488.06
244.65	-178.53
244.865	123.7
245.079	25.56
245.294	-295.68
245.508	104.9
245.723	-14.37
245.937	273.63
246.152	70.84
246.366	34.48
246.581	-30.59
246.795	160.12
247.01	40.37
247.224	-8.26
247.438	-101.87
247.653	42.44
247.867	90.42
248.081	63.45
248.296	856.1
248.51	7.32
248.724	-40.03
248.939	49.25
249.153	290.2
249.367	3.39
249.582	133.24
249.796	876.62
250.01	-17.88
250.224	94.51
250.439	22.82
250.653	55.62
250.867	-45.8
251.081	-98.1
251.295	-65.79
251.51	-57.45
251.724	-278.42
251.938	184.01
252.152	19.71
252.366	58.84
252.58	-616.36
252.794	-10.15
253.008	-97.35
253.223	-8.65
253.437	-8.46
253.651	-17.11
253.865	79.73
254.079	-41.87
254.293	-5.41
254.507	-856.36
254.721	-60.3
254.935	49.45
255.149	155.39
255.363	45.66
255.577	122.82
255.791	39.66
256.005	263.19
256.218	58.92
256.432	20.72
256.646	40.65
256.86	76.9
257.074	-8.08
257.288	2220
257.502	-319.78
257.716	88.24
257.929	104.23
258.143	90.62
258.357	32.86
258.571	-89.67
258.785	-72.21
258.998	-49.92
259.212	151.63
259.426	-227.35
259.64	102.22
259.853	-31.03
260.067	18.97
260.281	64.49
260.494	42.65
260.708	-80.2
260.922	-5.54
261.135	4.69
261.349	-40.84
261.563	22.41
261.776	652.94
261.99	-15.24
262.203	-25.17
262.417	-102.83
262.63	-180
262.844	488.76
263.058	64.07
263.271	35.93
263.485	-0.77
263.698	45.55
263.912	-277.02
264.125	-36
264.339	148.82
264.552	-124.17
264.765	-388.7
264.979	-49.84
265.192	-115.26
265.406	-0.65
265.619	201.64
265.832	61.83
266.046	-141.87
266.259	104.75
266.473	-1170.97
266.686	30.36
266.899	29.38
267.113	6540
267.326	-157.95
267.539	-2.47
267.752	35.44
267.966	59.68
268.179	-36.53
268.392	87.74
268.605	-49.61
268.819	65.75
269.032	-217.54
269.245	-143.08
269.458	29.89
269.671	-262.03
269.885	65.85
270.098	4.47
270.311	-246.84
270.524	74.66
270.737	-59.08
270.95	149.01
271.163	-418.11
271.376	1306.45
271.589	-110.13
271.802	15.2
272.016	-16.61
272.229	22.35
272.442	-161.54
272.655	61.56
272.868	-80.99
273.081	192.13
273.294	8.03
273.506	-94.35
273.719	-25.21
273.932	5.44
274.145	1260
274.358	-168.6
274.571	74.12
274.784	684.91
274.997	9.25
275.21	-58.32
275.423	-69.41
275.635	76.88
275.848	67.33
276.061	117.22
276.274	-37.6
276.487	-159.13
276.699	40.94
276.912	2.3
277.125	-154.47
277.338	49.91
277.55	14.39
277.763	48.43
277.976	52.3
278.189	-121.98
278.401	25.19
278.614	568.8
278.827	122.64
279.039	-4.23
279.252	-58.91
279.464	20.72
279.677	127.46
279.89	1.13
280.102	-97.99
280.315	885.37
280.527	-2731.58
280.74	962.07
280.952	-3.61
281.165	-28.22
281.377	-62.52
281.59	10.34
281.802	-74.34
282.015	-6.51
282.227	32.29
282.44	403.6
282.652	515.73
282.865	-58.29
283.077	42.65
283.29	125.74
283.502	27.92
283.714	-63.98
283.927	144.03
284.139	-101.72
284.351	75.96
284.564	-33.69
284.776	106.23
284.988	-34.98
285.201	-935.82
285.413	71.28
285.625	-17.84
285.838	38.02
286.05	62.35
286.262	-142.8
286.474	-62.54
286.686	-76.73
286.899	-265.02
287.111	72.1
287.323	-35.79
287.535	50.5
287.747	66.73
287.959	-1.72
288.172	-5.45
288.384	22.88
288.596	-60.82
288.808	1047.17
289.02	-266.04
289.232	64.76
289.444	22.13
289.656	-114.33
289.868	7.13
290.08	-119.63
290.292	-118.72
290.504	25.71
290.716	-33.42
290.928	-9.28
291.14	495.35
291.352	-9.13
291.564	-1605.88
291.776	174.33
291.988	49.69
292.2	-223.22
292.412	53.51
292.624	75.74
292.835	497.01
293.047	-46.39
293.259	-102.51
293.471	120.81
293.683	768.29
293.895	41.51
294.106	-43.28
294.318	5.44
294.53	26.19
294.742	1127.59
294.953	-1.11
295.165	89.06
295.377	100.37
295.589	-8.93
295.8	-111.5
296.012	-4.45
296.224	-33.45
296.435	40.28
296.647	-54.24
296.858	-209.35
297.07	244.62
297.282	-28.11
297.493	-81.93
297.705	-207.43
297.916	43.95
298.128	-7.36
298.34	51.5
298.551	-19.44
298.763	48.6
298.974	47.07
299.186	26.24
299.397	-49.85
299.609	-1674.19
299.82	99.53
300.031	-26.79
300.243	-521.05
300.454	-230.06
300.666	18.3
300.877	-1.42
301.089	131.49
301.3	-11.45
301.511	48.41
301.723	-48.56
301.934	282.09
302.145	-26.28
302.357	187.82
302.568	290.4
302.779	-41.67
302.99	-98.21
303.202	124.39
303.413	-101.57
303.624	-62.03
303.835	-492.45
304.047	-54.66
304.258	10.16
304.469	5.15
304.68	52.46
304.891	2
305.103	128.57
305.314	52.99
305.525	-6214.29
305.736	-11.81
305.947	3.79
306.158	864.71
306.369	-5.55
306.58	3.39
306.791	288.2
307.002	114.72
307.213	-127.4
307.424	-145.23
307.636	22.07
307.846	17.87
308.057	90.29
308.268	43.26
308.479	-27.72
308.69	45.8
308.901	76.39
309.112	-1290.7
309.323	39.25
309.534	59.07
309.745	82.92
309.956	119.83
310.167	-58.99
310.377	151.93
310.588	-90.07
310.799	-59.51
311.01	-25.28
311.221	21.37
311.432	64.58
311.642	-84
311.853	-0.79
312.064	879.31
312.275	108.18
312.485	65.78
312.696	19.81
312.907	-37.69
313.117	38.23
313.328	36.66
313.539	-49.87
313.749	43.92
313.96	-543.96
314.171	65.98
314.381	-11.89
314.592	-65.04
314.802	2.8
315.013	-17.17
315.224	14.23
315.434	-3742.11
315.645	3900
315.855	87.47
316.066	97.75
316.276	227.92
316.487	680.49
316.697	-42.26
316.908	-2.8
317.118	-113.29
317.329	105.92
317.539	15.35
317.749	274.25
317.96	-1473.13
318.17	-47.3
318.381	-69.23
318.591	-702.2
318.801	9.99
319.012	20.14
319.222	195.15
319.432	-96.03
319.643	212.54
319.853	-135.87
320.063	49.96
320.273	-69.52
320.484	-29.67
320.694	275.51
320.904	-74.24
321.114	461.8
321.325	2948.28
321.535	288.63
321.745	26.96
321.955	48.36
322.165	-91.54
322.375	-15.79
322.585	255.83
322.796	-817.24
323.006	12.68
323.216	206.13
323.426	46.9
323.636	-10.05
323.846	837.93
324.056	37.94
324.266	15.33
324.476	33.88
324.686	410.27
324.896	9.34
325.106	1250.94
325.316	111.73
325.526	-2605.26
325.736	-6.48
325.946	9.25
326.156	455.84
326.366	-357.39
326.576	42.4
326.785	-49.75
326.995	164.02
327.205	167.34
327.415	263.39
327.625	492.7
327.835	-31.5
328.044	-49.75
328.254	-399.13
328.464	20.14
328.674	79.16
328.884	-71.22
329.093	-142.78
329.303	47.52
329.513	1.86
329.722	-2352.63
329.932	-0.54
330.142	6.58
330.351	75.64
330.561	692.73
330.771	-249.08
330.98	-33.51
331.19	540
331.4	-293.64
331.609	63.06
331.819	709.76
332.028	169.71
332.238	-66.1
332.447	76.35
332.657	28.16
332.866	6.84
333.076	15.82
333.285	38.11
333.495	222.58
333.704	-168.16
333.914	26.75
334.123	-18.1
334.333	613.85
334.542	61.31
334.752	909.23
334.961	232.08
335.17	-315.08
335.38	-49.86
335.589	48.09
335.798	60.99
336.008	-121.98
336.217	-185.11
336.426	48.18
336.636	111.06
336.845	100.56
337.054	315.58
337.263	-32.13
337.473	53.52
337.682	-12.7
337.891	1.58
338.1	-105.76
338.309	-7.47
338.519	62.19
338.728	-27
338.937	-455.91
339.146	-19.42
339.355	-333.96
339.564	47.37
339.773	-104.02
339.983	96.03
340.192	-701.74
340.401	-36.78
340.61	63.36
340.819	8.86
341.028	63.93
341.237	3052.94
341.446	-31.96
341.655	-3.72
341.864	78.2
342.073	29.95
342.282	-153.98
342.491	6.03
342.699	-305.83
342.908	175.32
343.117	-32.45
343.326	-30.36
343.535	-747.27
343.744	58.31
343.953	-8.57
344.162	30.54
344.37	-14.14
344.579	-989.55
344.788	17.65
344.997	17.65
345.206	-24.43
345.414	84.67
345.623	56.46
345.832	-3.51
346.041	324.37
346.249	78.15
346.458	20.53
346.667	2.99
346.875	29.39
347.084	11.13
347.293	-16.2
347.501	-81.04
347.71	-39.73
347.918	-231.37
348.127	-174.73
348.336	-391.39
348.544	65.91
348.753	300
348.961	-60.64
349.17	-10.42
349.378	77.89
349.587	20.1
349.795	-177.67
350.004	447.69
350.212	-18.25
350.421	140.71
350.629	-135.05
350.838	-75.88
351.046	228.18
351.254	-71.7
351.463	34.35
351.671	-2921.05
351.879	57.11
352.088	3.21
352.296	427.43
352.504	126.22
352.713	-151.82
352.921	-229.13
353.129	-121.36
353.338	-7.87
353.546	-112.76
353.754	-259.51
353.962	-89.67
354.171	-46.62
354.379	-2857.89
354.587	54.13
354.795	-94.79
355.003	-34.71
355.212	9.97
355.42	526.42
355.628	164.1
355.836	80.34
356.044	-7.46
356.252	-14.32
356.46	-62.05
356.668	1758.46
356.876	-28.7
357.084	-4.12
357.292	43.26
357.5	-103.58
357.708	13.89
357.916	8.99
358.124	2.62
358.332	-756.72
358.54	-136.36
358.748	128.57
358.956	-26.57
359.164	33.64
359.372	114.01
359.58	-304.32
359.788	2.41
359.996	26.85
360.203	-61.49
360.411	-8.21
360.619	-61.81
360.827	37.33
361.035	-288.96
361.242	219.06
361.45	-429.11
361.658	-41.23
361.866	12.9
362.073	-77.39
362.281	24.25
362.489	-37.55
362.697	78.59
362.904	-26.28
363.112	94.37
363.32	8.55
363.527	-44.35
363.735	77.61
363.943	-44.6
364.15	79.51
364.358	-27.05
364.565	-11.02
364.773	28.26
364.98	-81.63
365.188	-60.26
365.395	23.08
365.603	-131.19
365.81	-32.08
366.018	-14.05
366.225	79.24
366.433	-84.12
366.64	-17.2
366.848	63.18
367.055	-158.93
367.263	66.05
367.47	54.02
367.677	-79.75
367.885	-0.67
368.092	-6.18
368.299	-183.38
368.507	69.91
368.714	692.92
368.921	111.02
369.129	34.83
369.336	24.25
369.543	-47.3
369.751	-72.3
369.958	-152.02
370.165	24.07
370.372	-19.29
370.579	32.99
370.787	44.68
370.994	48.2
371.201	-154.5
371.408	49.93
371.615	-41.52
371.822	89.52
372.029	15.25
372.237	-406.29
372.444	124.86
372.651	-14.05
372.858	138.12
373.065	37.99
373.272	-0.77
373.479	-72.41
373.686	38.39
373.893	90.29
374.1	35.89
374.307	-641.01
374.514	-93.52
374.721	-40.32
374.928	253.25
375.135	-51.97
375.341	7500
375.548	-71.17
375.755	62.1
375.962	5.39
376.169	-141.22
376.376	-98.38
376.583	4.66
376.789	43.69
376.996	79.26
377.203	1.8
377.41	-24.71
377.617	18.04
377.823	-85.03
378.03	-203.23
378.237	-8.01
378.443	-413.14
378.65	1183.02
378.857	-226.94
379.063	467.09
379.27	-75.65
379.477	84.2
379.683	-72.75
379.89	4.77
380.097	1.76
380.303	51.23
380.51	8.7
380.716	20.23
380.923	92.13
381.129	66.72
381.336	25.98
381.542	47.13
381.749	10.65
381.955	50.81
382.162	93.19
382.368	71.92
382.575	14.19
382.781	1251.72
382.988	-30.4
383.194	11.89
383.4	-63.14
383.607	56.61
383.813	12.18
384.02	54.19
384.226	-42.32
384.432	-15.9
384.639	0.68
384.845	-687.34
385.051	-70.63
385.257	-9.39
385.464	5.44
385.67	87.87
385.876	-26.57
386.082	-66.1
386.289	-38.61
386.495	14.22
386.701	-270.68
386.907	8.44
387.113	25.38
387.319	-44.98
387.526	-43.97
387.732	-2.36
387.938	386.4
388.144	39.13
388.35	30.65
388.556	15.46
388.762	47.82
388.968	551.16
389.174	5.63
389.38	30.45
389.586	-104.19
389.792	23.36
389.998	-228.73
390.204	-77.84
390.41	50.53
390.616	-16.26
390.822	-0.56
391.028	4.65
391.234	9.77
391.439	-538.83
391.645	5.77
391.851	48.84
392.057	4.02
392.263	37.99
392.469	58.68
392.674	-16.84
392.88	10.72
393.086	-30.54
393.292	-75.14
393.498	-183.92
393.703	-7.21
393.909	63.75
394.115	2.99
394.32	-28.91
394.526	-26.77
394.732	60
394.937	67.85
395.143	3.64
395.349	25.27
395.554	-339.2
395.76	41.73
395.965	-15.39
396.171	-3.43
396.377	-40.51
396.582	4.6
396.788	-20.49
396.993	1.09
397.199	-1.36
397.404	40.25
397.61	-72.47
397.815	-14.1
398.021	-45.87
398.226	6.09
398.431	-29.01
398.637	37.86
398.842	-6.84
399.048	-11.26
399.253	10.45
399.458	27.38
399.664	6
399.869	4.89
400.074	28.92
400.28	23.32
400.485	-35.13
400.69	-7.24
400.896	14.93
401.101	-28.17
401.306	-0.19
401.511	35.79
401.716	4.42
401.922	18.06
402.127	-4.2
402.332	-22.94
402.537	35.06
402.742	18.27
402.947	55.96
403.153	-1.39
403.358	4.05
403.563	12.9
403.768	8.53
403.973	-0.13
404.178	-3.41
404.383	-10.7
404.588	17.59
404.793	21.97
404.998	-1.01
405.203	12.13
405.408	-8.42
405.613	35.3
405.818	7
406.023	5.27
406.228	-12.28
406.433	18.53
406.638	4.16
406.842	2.5
407.047	8.4
407.252	-7.75
407.457	8.18
407.662	9.52
407.867	8.34
408.071	3.57
408.276	-3.12
408.481	-2.47
408.686	4.24
408.891	8.59
409.095	10.17
409.3	5.4
409.505	3.92
409.709	2.98
409.914	8.3
410.119	4.61
410.323	0.11
410.528	-3.23
410.733	10.51
410.937	6.22
411.142	4.33
411.346	7.84
411.551	3.43
411.756	7.86
411.96	7.14
412.165	0.93
412.369	5.64
412.574	2.6
412.778	4.98
412.983	7.93
413.187	6.38
413.392	1.24
413.596	3.66
413.8	7.74
414.005	10.98
414.209	3.1
414.414	6.88
414.618	5.34
414.822	5.43
415.027	5.97
415.231	5.77
415.435	8.38
415.64	4.93
415.844	3.32
416.048	4.1
416.252	6.05
416.457	6.02
416.661	4.07
416.865	5.15
417.069	7.12
417.274	7.13
417.478	6.28
417.682	5.98
417.886	5.36
418.09	7.05
418.294	6.11
418.498	6.69
418.702	5.56
418.907	4.44
419.111	2.5
419.315	6.49
419.519	7.62
419.723	3.74
419.927	5.18
420.131	5.81
420.335	4.54
420.539	5.1
420.743	6.68
420.947	4.31
421.151	4.99
421.355	5.15
421.558	6.65
421.762	5.98
421.966	5.73
422.17	4.29
422.374	5.1
422.578	4.85
422.782	6.07
422.985	6.13
423.189	6.63
423.393	5.91
423.597	4.82
423.801	7.06
424.004	4.31
424.208	6.08
424.412	5.86
424.615	5.66
424.819	5.2
425.023	5.84
425.226	5.48
425.43	5.62
425.634	5.14
425.837	4.57
426.041	5.12
426.245	5.71
426.448	4.75
426.652	4.82
426.855	4.76
427.059	4.26
427.262	5.26
427.466	4.8
427.669	4.93
427.873	4.31
428.076	5.55
428.28	5.54
428.483	5.46
428.687	4.91
428.89	5.48
429.094	5.05
429.297	5.37
429.5	5.54
429.704	5.09
429.907	5.67
430.11	4.81
430.314	5.21
430.517	5.05
430.72	5.77
430.924	5.58
431.127	5.34
431.33	4.82
431.533	5.33
431.737	5.11
431.94	4.87
432.143	5.36
432.346	4.88
432.549	4.74
432.752	4.48
432.956	5.39
433.159	4.46
433.362	4.6
433.565	4.94
433.768	5.25
433.971	4.57
434.174	5.48
434.377	4.96
434.58	5.27
434.783	4.69
434.986	4.77
435.189	5.26
435.392	4.7
435.595	5.04
435.798	5.11
436.001	5.5
436.204	5.17
436.407	4.77
436.61	5.48
436.813	5.28
437.016	4.81
437.219	4.76
437.421	4.81
437.624	4.54
437.827	5.29
438.03	4.99
438.233	4.9
438.435	5.18
438.638	5.05
438.841	4.79
439.044	4.88
439.246	5.02
439.449	5.09
439.652	4.94
439.854	5.12
440.057	4.77
440.26	5.02
440.462	4.86
440.665	4.4
440.868	5.1
441.07	5.3
441.273	5.3
441.475	4.7
441.678	5.02
441.88	5.17
442.083	4.72
442.286	5.03
442.488	4.69
442.69	4.92
442.893	4.84
443.095	4.59
443.298	4.83
443.5	5.05
443.703	4.67
443.905	5.21
444.108	5
444.31	4.91
444.512	5.03
444.715	4.87
444.917	4.65
445.119	4.88
445.322	4.3
445.524	4.88
445.726	4.42
445.928	4.98
446.131	5.06
446.333	4.83
446.535	4.92
446.737	4.93
446.94	5.34
447.142	4.91
447.344	4.64
447.546	5.04
447.748	5.11
447.95	4.85
448.152	5.3
448.354	4.86
448.557	5.25
448.759	5.27
448.961	4.8
449.163	5.36
449.365	4.72
449.567	4.63
449.769	4.95
449.971	4.85
450.173	4.95
450.375	5.18
450.577	4.66
450.779	4.81
450.981	4.68
451.182	4.52
451.384	4.74
451.586	5.23
451.788	5.05
451.99	5.03
452.192	5.06
452.394	5.14
452.595	5.19
452.797	4.72
452.999	5.03
453.201	5.26
453.402	4.93
453.604	4.57
453.806	4.76
454.008	4.6
454.209	5.26
454.411	5
454.613	5.44
454.814	5.4
455.016	5.15
455.218	4.91
455.419	5.43
455.621	4.67
455.822	4.91
456.024	4.81
456.225	5.38
456.427	5.37
456.629	4.72
456.83	5.36
457.032	5.13
457.233	4.94
457.435	5.18
457.636	5.12
457.837	5.09
458.039	4.76
458.24	5.09
458.442	5.25
458.643	4.55
458.844	5.84
459.046	4.77
459.247	5.86
459.448	5.1
459.65	4.78
459.851	4.83
460.052	5.51
460.254	5.44
460.455	5.37
460.656	5.89
460.857	4.8
461.059	4.77
461.26	4.68
461.461	5.2
461.662	5.16
461.863	5.6
462.065	5.32
462.266	4.59
462.467	5.19
462.668	5.11
462.869	5.56
463.07	5.16
463.271	4.28
463.472	3.94
463.673	5
463.874	5.67
464.075	5.29
464.276	5.6
464.477	5.23
464.678	5.3
464.879	5.34
465.08	4.92
465.281	5.78
465.482	5.32
465.683	4.7
465.884	5.45
466.085	5.74
466.285	5.62
466.486	5.36
466.687	5.21
466.888	5.33
467.089	5.61
467.29	5.68
467.49	4.36
467.691	5.45
467.892	5.55
468.093	5.18
468.293	5.7
468.494	5.05
468.695	5.78
468.895	5.24
469.096	3.57
469.297	4.92
469.497	5.41
469.698	6.11
469.898	3.75
470.099	5.83
470.3	5.96
470.5	4.84
470.701	5.49
470.901	6.18
471.102	5.52
471.302	5.34
471.503	6.13
471.703	6.63
471.904	5.1
472.104	5.53
472.305	4.48
472.505	6.26
472.705	5.24
472.906	4.98
473.106	5.64
473.306	4.71
473.507	6.14
473.707	5.95
473.907	6.42
474.108	4.7
474.308	5.14
474.508	5.07
474.709	5.28
474.909	4.96
475.109	3.73
475.309	5.36
475.51	3.84
475.71	4.55
475.91	5.44
476.11	3.55
476.31	5.36
476.51	6.18
476.71	5.54
476.911	7.11
477.111	6.08
477.311	3.88
477.511	4.91
477.711	5.29
477.911	3.79
478.111	6.3
478.311	6.25
478.511	5.21
478.711	5.51
478.911	4.73
479.111	4.01
479.311	5.72
479.511	6.16
479.711	6.34
479.91	2.78
480.11	6.49
480.31	3.48
480.51	4.65
480.71	4.5
480.91	5.12
481.109	5.21
481.309	5.38
481.509	4.08
481.709	6.17
481.909	4.86
482.108	3.52
482.308	4.85
482.508	5.14
482.707	5.63
482.907	3.35
483.107	4.85
483.306	4.32
483.506	4.6
483.706	4.05
483.905	4.93
484.105	7.02
484.304	5.01
484.504	3.66
484.704	6.23
484.903	3.63
485.103	5.05
485.302	3.78
485.502	5.68
485.701	6.14
485.901	6.47
486.1	5.44
486.299	6.33
486.499	4.68
486.698	5.18
486.898	5.32
487.097	5.39
487.296	4.88
487.496	3.99
487.695	4.45
487.894	5.71
488.094	5.82
488.293	6.28
488.492	5.26
488.692	3.49
488.891	5.07
489.09	4.11
489.289	5.74
489.489	5.14
489.688	4.16
489.887	4.77
490.086	6.09
490.285	5.76
490.484	5.28
490.683	5.84
490.883	5.62
491.082	4.89
491.281	3.83
491.48	3.54
491.679	5.57
491.878	5.81
492.077	5.5
492.276	4.18
492.475	3.64
492.674	4.47
492.873	4.74
493.072	4.07
493.271	5.37
493.47	4.08
493.669	4.61
493.867	4.09
494.066	4.98
494.265	5.92
494.464	5.47
494.663	4.26
494.862	4.17
495.06	5.18
495.259	3.55
495.458	4.7
495.657	5.75
495.856	6.25
496.054	5.61
496.253	5.8
496.452	5.28
496.65	5.18
496.849	5.5
497.048	4.47
497.246	5.8
497.445	6.24
497.644	5.86
497.842	4.98
498.041	5.33
498.239	5.07
498.438	5.22
498.636	5.01
498.835	6.28
499.034	5.45
499.232	5.07
499.431	5.19
499.629	4.7
499.827	4.95
500.026	5.23
500.224	4.7
500.423	4.18
500.621	4.77
500.82	5.29
501.018	5.57
501.216	5.49
501.415	4.94
501.613	4.57
501.811	5.18
502.01	5.89
502.208	5.18
502.406	4.9
502.604	6.35
502.803	4.47
503.001	6.22
503.199	5.29
503.397	5.41
503.595	5.24
503.794	4.83
503.992	5.06
504.19	5.45
504.388	5.54
504.586	4.96
504.784	4.49
504.982	5.91
505.18	5.3
505.378	4.6
505.576	5.61
505.774	5.64
505.972	5.35
506.17	5.78
506.368	5.37
506.566	4.8
506.764	5.39
506.962	5.88
507.16	5.57
507.358	5.23
507.556	5.2
507.754	5.4
507.952	5.31
508.15	5.68
508.347	5.44
508.545	5.29
508.743	5.61
508.941	5.38
509.139	5.46
509.336	5.63
509.534	5.59
509.732	5.34
509.93	4.81
510.127	5.37
510.325	5.42
510.523	5.85
510.72	5.79
510.918	5.68
511.116	5.62
511.313	5.61
511.511	5.66
511.708	5.41
511.906	5.98
512.104	5.57
512.301	5.57
512.499	5.62
512.696	5.95
512.894	4.94
513.091	5.31
513.289	5.56
513.486	5.58
513.683	5.5
513.881	5.69
514.078	6.02
514.276	6.17
514.473	5.19
514.67	6.38
514.868	5.56
515.065	4.95
515.262	6.02
515.46	5.79
515.657	6.3
515.854	6.11
516.052	5.3
516.249	6.13
516.446	6.1
516.643	5.98
516.84	5.9
517.038	6.11
517.235	5.78
517.432	6.2
517.629	6.13
517.826	5.84
518.023	5.98
518.221	6.04
518.418	6.65
518.615	6.12
518.812	6.53
519.009	6.2
519.206	6.48
519.403	6.16
519.6	6.1
519.797	5.47
519.994	6.2
520.191	5.97
520.388	6.54
520.585	6.16
520.782	6.03
520.978	6.23
521.175	6.12
521.372	6.2
521.569	5.99
521.766	6.05
521.963	6.02
522.159	6.29
522.356	6.16
522.553	6.81
522.75	6.44
522.947	6.28
523.143	6.37
523.34	6.64
523.537	6.67
523.733	6.15
523.93	6.23
524.127	6.32
524.323	6.11
524.52	6.1
524.717	6.13
524.913	6.32
525.11	6.23
525.306	6.31
525.503	6.06
525.7	6.4
525.896	5.86
526.093	6.54
526.289	6.66
526.486	6.58
526.682	6.18
526.878	6.36
527.075	6.9
527.271	6.65
527.468	6.62
527.664	6.64
527.861	6.42
528.057	6.56
528.253	6.88
528.45	6.37
528.646	6.65
528.842	7.04
529.039	6.18
529.235	6.98
529.431	6.22
529.627	6.41
529.824	6.51
530.02	6.69
530.216	6.5
530.412	6.54
530.608	6.52
530.804	6.94
531.001	6.93
531.197	7.08
531.393	6.54
531.589	6.92
531.785	6.69
531.981	6.52
532.177	6.9
532.373	6.84
532.569	6.59
532.765	6.57
532.961	6.33
533.157	6.5
533.353	6.95
533.549	6.75
533.745	7.22
533.941	6.81
534.137	6.53
534.333	6.37
534.529	6.62
534.725	6.97
534.92	6.97
535.116	6.97
535.312	6.62
535.508	6.71
535.704	7.35
535.899	6.77
536.095	6.6
536.291	7.14
536.487	6.48
536.682	7.03
536.878	6.76
537.074	7.26
537.269	6.83
537.465	6.83
537.661	6.93
537.856	7.12
538.052	6.77
538.248	7.29
538.443	7.19
538.639	6.8
538.834	7.23
539.03	6.83
539.225	7.2
539.421	7.2
539.616	7.15
539.812	6.91
540.007	7.13
540.203	6.96
540.398	7.39
540.593	7.05
540.789	7.17
540.984	7.23
541.18	7.35
541.375	7.33
541.57	7.31
541.766	7.48
541.961	7.2
542.156	7.68
542.352	7.44
542.547	7.38
542.742	7.34
542.937	7.49
543.133	7.53
543.328	7.22
543.523	7.3
543.718	7.54
543.913	7.48
544.108	7.4
544.304	7.72
544.499	7.97
544.694	7.58
544.889	7.6
545.084	7.68
545.279	7.44
545.474	7.61
545.669	7.63
545.864	7.47
546.059	7.89
546.254	7.2
546.449	7.54
546.644	7.08
546.839	7.6
547.034	7.53
547.229	7.88
547.424	7.68
547.618	7.45
547.813	7.55
548.008	7.45
548.203	7.84
548.398	7.87
548.593	7.76
548.787	7.75
548.982	7.87
549.177	7.73
549.372	7.86
549.566	8.08
549.761	7.78
549.956	7.82
550.15	7.82
550.345	8.03
550.54	8.13
550.734	8.02
550.929	8.19
551.124	7.89
551.318	7.6
551.513	7.72
551.707	7.85
551.902	8
552.096	8.27
552.291	8.03
552.485	8.16
552.68	8.26
552.874	8.16
553.069	8.74
553.263	8.43
553.458	8.14
553.652	8.41
553.847	8.18
554.041	7.92
554.235	8.23
554.43	8.56
554.624	8.4
554.818	8.28
555.013	8.01
555.207	8.7
555.401	8.52
555.595	8.7
555.79	8.23
555.984	8.48
556.178	8.33
556.372	8.87
556.566	8.59
556.761	8.6
556.955	8.67
557.149	8.69
557.343	8.82
557.537	8.68
557.731	8.65
557.925	8.73
558.119	8.62
558.313	8.49
558.507	8.52
558.701	8.66
558.895	9.12
559.089	9.1
559.283	8.93
559.477	8.84
559.671	8.88
559.865	8.68
560.059	8.91
560.253	8.64
560.447	8.96
560.641	8.77
560.835	8.91
561.028	9.03
561.222	9.36
561.416	9.05
561.61	8.64
561.804	8.94
561.997	9.16
562.191	9.4
562.385	9.14
562.579	9.1
562.772	9.52
562.966	9.16
563.16	9.36
563.353	9.33
563.547	9.46
563.741	9.33
563.934	9.78
564.128	9.52
564.321	9.17
564.515	9.59
564.708	9.64
564.902	9.48
565.095	9.63
565.289	9.63
565.482	9.71
565.676	9.56
565.869	9.33
566.063	9.36
566.256	9.4
566.45	9.33
566.643	9.51
566.836	9.67
567.03	10.14
567.223	9.8
567.416	9.96
567.61	10
567.803	9.76
567.996	9.73
568.19	9.61
568.383	9.87
568.576	9.9
568.769	9.65
568.963	10.11
569.156	9.84
569.349	10.28
569.542	10.13
569.735	9.99
569.928	9.84
570.121	10.37
570.315	10.48
570.508	10.15
570.701	10.21
570.894	10.2
571.087	9.91
571.28	10.45
571.473	10.81
571.666	10.11
571.859	10.39
572.052	10.22
572.245	10.44
572.438	10.01
572.631	10.67
572.824	10.49
573.016	10.48
573.209	10.44
573.402	10.52
573.595	10.45
573.788	10.4
573.981	10.7
574.173	10.67
574.366	10.62
574.559	10.65
574.752	10.36
574.944	10.81
575.137	10.58
575.33	10.54
575.523	11.32
575.715	10.85
575.908	10.66
576.101	10.64
576.293	10.91
576.486	11.19
576.678	10.69
576.871	10.47
577.063	11.22
577.256	10.75
577.449	10.78
577.641	10.59
577.834	10.82
578.026	10.77
578.219	10.96
578.411	11.15
578.603	11.55
578.796	10.93
578.988	10.99
579.181	10.83
579.373	11.2
579.565	10.92
579.758	11.12
579.95	10.7
580.142	11.08
580.335	11.38
580.527	11.19
580.719	11.16
580.912	11.47
581.104	11.48
581.296	11.62
581.488	11.98
581.68	11.1
581.873	11.2
582.065	11.37
582.257	11.64
582.449	11.54
582.641	11.69
582.833	11.16
583.025	11.15
583.217	11.4
583.41	11.78
583.602	11.8
583.794	11.52
583.986	12.22
584.178	12.2
584.37	11.98
584.562	11.47
584.753	11.95
584.945	11.56
585.137	11.71
585.329	12.03
585.521	12.49
585.713	12.23
585.905	12.15
586.097	12.09
586.289	11.42
586.48	12.28
586.672	12.23
586.864	12.27
587.056	12.69
587.247	12.05
587.439	11.89
587.631	12.22
587.823	12.24
588.014	12.34
588.206	12.38
588.398	12.14
588.589	12.9
588.781	12.17
588.972	12.69
589.164	12.49
589.356	12.48
589.547	12.91
589.739	12.05
589.93	12.53
590.122	12.54
590.313	12.56
590.505	13.12
590.696	12.9
590.888	12.61
591.079	13.05
591.271	13.1
591.462	13.09
591.653	13.06
591.845	12.86
592.036	13.01
592.227	13.01
592.419	13.1
592.61	12.94
592.801	13.27
592.993	13.66
593.184	12.94
593.375	13.5
593.566	12.88
593.758	13.09
593.949	13.07
594.14	13.45
594.331	13.18
594.522	13.15
594.713	13.59
594.905	13.38
595.096	14.14
595.287	13.72
595.478	13.35
595.669	13.96
595.86	14.05
596.051	13.99
596.242	13.83
596.433	13.63
596.624	13.74
596.815	14.12
597.006	13.83
597.197	13.57
597.388	13.7
597.579	13.96
597.77	14.26
597.96	14.6
598.151	14.57
598.342	13.78
598.533	14.32
598.724	14.62
598.915	14.27
599.105	14.52
599.296	14.92
599.487	14.13
599.678	14.84
599.868	14.79
600.059	14.75
600.25	14.79
600.44	14.8
600.631	14.6
600.822	14.79
601.012	14.81
601.203	14.6
601.394	14.74
601.584	14.83
601.775	14.9
601.965	14.96
602.156	15.14
602.346	15.44
602.537	15.19
602.727	14.99
602.918	15.42
603.108	15.48
603.299	15.18
603.489	15.37
603.679	14.92
603.87	15.23
604.06	15.38
604.251	15.63
604.441	15.54
604.631	15.82
604.822	15.36
605.012	15.2
605.202	15.85
605.392	15.4
605.583	15.56
605.773	16.08
605.963	15.97
606.153	16.32
606.344	15.36
606.534	15.77
606.724	16.37
606.914	15.87
607.104	15.72
607.294	15.98
607.484	15.87
607.674	15.39
607.864	16.13
608.054	16.07
608.245	16.5
608.435	16.65
608.625	16.58
608.814	16.03
609.004	16.18
609.194	15.98
609.384	16.63
609.574	16.67
609.764	16
609.954	16.39
610.144	16.41
610.334	16.73
610.524	16.64
610.713	16.4
610.903	16.56
611.093	16.68
611.283	16.46
611.473	16.45
611.662	16.84
611.852	16.87
612.042	16.51
612.231	16.88
612.421	17.33
612.611	16.34
612.8	16.39
612.99	17.25
613.18	15.75
613.369	16.63
613.559	17.16
613.748	16.27
613.938	17.54
614.128	16.68
614.317	17.13
614.507	16.96
614.696	17.12
614.886	17.21
615.075	17.02
615.264	16.73
615.454	17.21
615.643	17.12
615.833	16.46
616.022	17.02
616.211	18.44
616.401	17.17
616.59	17.74
616.779	17.72
616.969	17.18
617.158	17.43
617.347	17.6
617.537	18.06
617.726	17.97
617.915	16.98
618.104	17.44
618.293	16.93
618.483	16.99
618.672	17.98
618.861	17.75
619.05	17.25
619.239	18.32
619.428	18.03
619.617	17.83
619.806	18.28
619.995	17.45
620.184	17.07
620.373	17.46
620.562	18.08
620.751	17.38
620.94	18
621.129	18.37
621.318	17.72
621.507	18
621.696	17.73
621.885	17.78
622.074	17.83
622.263	17.95
622.452	18.3
622.64	18.21
622.829	18.08
623.018	19.19
623.207	18.15
623.396	18.8
623.584	18.18
623.773	19.17
623.962	18.87
624.15	19.08
624.339	18.25
624.528	18.27
624.716	18.65
624.905	18.75
625.094	19.11
625.282	18.9
625.471	17.91
625.659	18.68
625.848	18.31
626.037	19.45
626.225	19.69
626.414	19.08
626.602	19.43
626.791	18.54
626.979	18.47
627.167	19.4
627.356	19.43
627.544	18.44
627.733	19.95
627.921	18.47
628.109	18.26
628.298	19.16
628.486	19.23
628.674	19.36
628.863	19.1
629.051	19.46
629.239	20.17
629.428	19.74
629.616	19.64
629.804	19.59
629.992	19.5
630.18	19.98
630.369	19.61
630.557	19.2
630.745	19.05
630.933	20.2
631.121	20.25
631.309	20
631.497	20.23
631.685	19.77
631.873	19.56
632.061	19.52
632.249	20.3
632.437	20.66
632.625	19.83
632.813	20.39
633.001	20.71
633.189	20.33
633.377	20.8
633.565	19.45
633.753	19.51
633.941	20.41
634.129	20.37
634.316	20.33
634.504	20.48
634.692	20.54
634.88	20.39
635.068	20.56
635.255	20.51
635.443	20.8
635.631	20.04
635.818	20.95
636.006	19.51
636.194	20.63
636.382	19.79
636.569	20.38
636.757	21.58
636.944	21
637.132	20.99
637.32	21.26
637.507	20.68
637.695	20.8
637.882	21.77
638.07	22.17
638.257	20.33
638.445	20.73
638.632	20.32
638.82	20.27
639.007	20.4
639.194	20.61
639.382	20.99
639.569	21.27
639.757	20.59
639.944	20.55
640.131	21.45
640.319	20.98
640.506	20.72
640.693	20.74
640.88	20.48
641.068	21.32
641.255	20.9
641.442	21.27
641.629	21.35
641.817	21.65
642.004	20.96
642.191	21.46
642.378	21.15
642.565	21.39
642.752	21.15
642.939	21.05
643.126	21.41
643.313	21.37
643.501	22.73
643.688	21.34
643.875	20.6
644.062	20.7
644.249	21.28
644.435	21.16
644.622	20.58
644.809	20.85
644.996	22.01
645.183	21.78
645.37	21.56
645.557	21.44
645.744	20.01
645.931	20.87
646.117	20.83
646.304	21.04
646.491	21.45
646.678	20.83
646.865	20.62
647.051	20.67
647.238	23.16
647.425	21.1
647.611	20.44
647.798	21.73
647.985	21.08
648.171	21.59
648.358	21.06
648.545	21.89
648.731	19.48
648.918	21.78
649.104	21.94
649.291	21.54
649.477	22.01
649.664	22.46
649.85	20.59
650.037	22.4
650.223	20.83
650.41	21.11
650.596	20.32
650.783	21.68
650.969	22.66
651.155	21.23
651.342	20.49
651.528	21.22
651.714	20.73
651.901	22.24
652.087	20.22
652.273	21.34
652.46	22.33
652.646	22.36
652.832	21.65
653.018	21.04
653.204	22.39
653.391	22.33
653.577	21.01
653.763	21.53
653.949	21.91
654.135	21.23
654.321	21.76
654.507	21.24
654.693	21.52
654.879	21.05
655.065	19.5
655.252	21.43
655.438	21.39
655.624	20.97
655.809	20.43
655.995	20.65
656.181	21.92
656.367	20.87
656.553	21.49
656.739	21.46
656.925	22.72
657.111	20.36
657.297	20.59
657.482	21.84
657.668	21.15
657.854	20.78
658.04	21.22
658.226	21.36
658.411	21.22
658.597	20.3
658.783	20.73
658.968	20.94
659.154	20.9
659.34	21.83
659.525	19.62
659.711	20.64
659.897	21.04
660.082	21.07
660.268	21.08
660.453	21.06
660.639	20.42
660.824	21.16
661.01	21.02
661.195	19.46
661.381	20.24
661.566	20.48
661.752	20.69
661.937	20.56
662.123	18.23
662.308	21.32
662.494	20.09
662.679	20.19
662.864	20.73
663.05	21.32
663.235	21.09
663.42	20.25
663.605	18.48
663.791	19.43
663.976	17.77
664.161	20.29
664.346	20.03
664.532	19.27
664.717	19.28
664.902	19.8
665.087	20.84
665.272	20.22
665.457	17.93
665.642	18.97
665.828	19.11
666.013	19.11
666.198	17.46
666.383	18.82
666.568	18.75
666.753	19.76
666.938	19.21
667.123	20.87
667.308	18.54
667.493	19.48
667.677	16.65
667.862	19.61
668.047	19.89
668.232	19.93
668.417	19.56
668.602	18.21
668.787	21.05
668.971	16.15
669.156	20.83
669.341	17.82
669.526	19.54
669.711	19.3
669.895	18.9
670.08	19.01
670.265	19.93
670.449	17.94
670.634	18.71
670.819	17.43
671.003	19.81
671.188	17.55
671.372	18.97
671.557	18.53
671.742	18.41
671.926	17.51
672.111	19.29
672.295	16.95
672.48	17.1
672.664	19.72
672.849	17.47
673.033	19.19
673.217	18.29
673.402	17.22
673.586	16.75
673.771	18.37
673.955	19.96
674.139	19.72
674.324	17.85
674.508	17.56
674.692	18.82
674.876	19.92
675.061	19.7
675.245	21.14
675.429	17.31
675.613	15.54
675.798	21.29
675.982	19.36
676.166	21.51
676.35	19.2
676.534	19.42
676.718	19.11
676.902	20.71
677.087	17.72
677.271	18.98
677.455	20.55
677.639	15.57
677.823	18.83
678.007	19.52
678.191	19.97
678.375	19.11
678.559	19.65
678.742	18.9
678.926	21.25
679.11	21.45
679.294	23.81
679.478	19.4
679.662	18.94
679.846	18.08
680.029	21.71
680.213	19.51
680.397	21.6
680.581	23.2
680.765	20.18
680.948	19.01
681.132	21.69
681.316	21.49
681.499	23.17
681.683	21.21
681.867	22.28
682.05	23.53
682.234	22.96
682.417	20.18
682.601	24.33
682.785	23.48
682.968	23.42
683.152	22.67
683.335	22.23
683.519	25.31
683.702	18.97
683.886	23.1
684.069	24.51
684.253	25.75
684.436	28.02
684.619	24.17
684.803	23.36
684.986	22.95
685.169	25.26
685.353	25.93
685.536	26.36
685.719	25.52
685.903	24.64
686.086	25.11
686.269	26.96
686.452	27.37
686.636	27.5
686.819	26.97
687.002	25.26
687.185	29.74
687.368	26.48
687.551	25.62
687.734	30.31
687.918	29.62
688.101	28.42
688.284	28.19
688.467	29.28
688.65	28.4
688.833	30.25
689.016	27.73
689.199	27.41
689.382	33.45
689.565	34.3
689.748	35.22
689.93	29.28
690.113	32.66
690.296	30.6
690.479	34.46
690.662	32.07
690.845	28.26
691.028	28.62
691.21	31.05
691.393	33.78
691.576	33.45
691.759	35.48
691.941	31.89
692.124	37.75
692.307	35.26
692.489	29.43
692.672	30.86
692.855	37.52
693.037	36.26
693.22	40.88
693.403	30.63
693.585	35.51
693.768	38.93
693.95	37.11
694.133	39.56
694.315	37.32
694.498	35.72
694.68	34.39
694.863	38.2
695.045	32.52
695.228	38.54
695.41	35.62
695.592	38.37
695.775	39.99
695.957	37.62
696.139	35.9
696.322	36.56
696.504	36.9
696.686	37.87
696.869	34.74
697.051	41.99
697.233	37.42
697.415	35.99
697.597	34.14
697.78	36.93
697.962	38.71
698.144	44.66
698.326	37.2
698.508	39.73
698.69	39.49
698.872	35.75
699.055	37.16
699.237	41.74
699.419	38.87
699.601	33.36
699.783	43.85
699.965	41.67
700.147	38.35
700.329	43.93
700.51	35.09
700.692	39.59
700.874	36.31
701.056	43.57
701.238	38.47
701.42	41.21
701.602	39.87
701.783	37.5
701.965	36.89
702.147	37.8
702.329	41.85
702.511	41.43
702.692	43.93
702.874	36.72
703.056	43.15
703.237	49.31
703.419	34.99
703.601	44.83
703.782	36.24
703.964	49.05
704.146	44.93
704.327	46.3
704.509	46.16
704.69	44.75
704.872	39.04
705.053	39.85
705.235	38.4
705.416	40.47
705.598	42.1
705.779	40.44
705.961	39.76
706.142	38.83
706.323	43.42
706.505	45.65
706.686	45.09
706.867	37.94
707.049	40.11
707.23	41.87
707.411	42.53
707.593	37.57
707.774	39.9
707.955	37.36
708.136	37.02
708.318	42.39
708.499	43.93
708.68	40.9
708.861	44.37
709.042	47.32
709.223	42.24
709.404	39.14
709.585	38.38
709.767	35.52
709.948	39.83
710.129	41.28
710.31	36.46
710.491	33.42
710.672	38.41
710.853	41.5
711.034	46.72
711.214	42.96
711.395	41.63
711.576	39.04
711.757	42.79
711.938	41.25
712.119	43.94
712.3	51.29
712.481	41.23
712.661	48.21
712.842	28.55
713.023	47.84
713.204	41.91
713.384	37.76
713.565	42.74
713.746	39.28
713.926	36.64
714.107	46.22
714.288	43.38
714.468	37.33
714.649	45.32
714.83	37.27
715.01	48.81
715.191	44.1
715.371	34.95
715.552	46.02
715.732	41.73
715.913	51.51
716.093	43.38
716.274	38.01
716.454	42.87
716.635	41.61
716.815	45.11
716.995	44.41
717.176	56.86
717.356	44.31
717.536	45.22
717.717	35.79
717.897	31.52
718.077	40.1
718.258	41.57
718.438	35.66
718.618	32.17
718.798	31.41
718.978	39.83
719.159	41.26
719.339	59.6
719.519	44.64
719.699	51.69
719.879	37.15
720.059	37.48
720.239	47.51
720.419	46
720.599	31.14
720.779	52.64
720.959	29.07
721.139	39.21
721.319	40.21
721.499	44.67
721.679	33.48
721.859	29.26
722.039	34.55
722.219	45.07
722.399	39.63
722.579	56.64
722.759	34.35
722.938	39.49
723.118	35.61
723.298	29.73
723.478	37.95
723.658	50.45
723.837	36.98
724.017	47.78
724.197	30.57
724.376	53.92
724.556	26.56
724.736	44.04
724.915	36.2
725.095	38.6
725.275	40.62
725.454	50.8
725.634	43.9
725.813	32.78
725.993	36.68
726.172	42.13
726.352	30.57
726.531	40.99
726.711	38.22
726.89	51.72
727.07	47.04
727.249	31.16
727.428	30.64
727.608	35.63
727.787	32.64
727.966	47.08
728.146	37.29
728.325	48.06
728.504	28.71
728.684	20.73
728.863	54.7
729.042	36.87
729.221	42.9
729.4	28.63
729.58	36.39
729.759	45.74
729.938	58.8
730.117	58.46
730.296	25.7
730.475	48.27
730.654	30.3
730.833	28.77
731.013	36.17
731.192	47.96
731.371	48.1
731.55	40.44
731.729	41.67
731.907	53.1
732.086	40.21
732.265	29.32
732.444	24.31
732.623	39.29
732.802	37.64
732.981	47.62
733.16	36.2
733.339	34.42
733.517	48.48
733.696	46.83
733.875	55.08
734.054	50.38
734.232	51.43
734.411	51.17
734.59	46.84
734.768	33.77
734.947	48.04
735.126	24.79
735.304	49.06
735.483	26.55
735.662	36.36
735.84	34.55
736.019	44.51
736.197	44.52
736.376	43.09
736.554	48.72
736.733	53.08
736.911	43.43
737.09	30.08
737.268	0.86
737.447	35.57
737.625	36.91
737.803	43.38
737.982	81.87
738.16	30.44
738.338	56.7
738.517	27.59
738.695	59.49
738.873	30.62
739.052	25.3
739.23	36.71
739.408	21.91
739.586	65.21
739.764	31.71
739.943	42.56
740.121	43.09
740.299	32.77
740.477	27.03
740.655	70.75
740.833	46.04
741.011	38.87
741.189	60.43
741.367	57.21
741.545	26.01
741.723	8.42
741.901	21.94
742.079	38.16
742.257	54.49
742.435	38.98
742.613	20.02
742.791	49.09
742.969	10.2
743.147	50.52
743.325	37.07
743.503	37.38
743.68	38.42
743.858	37.94
744.036	50.33
744.214	38.56
744.391	23.91
744.569	17.39
744.747	26.03
744.925	40.38
745.102	30.4
745.28	40.08
745.458	51.49
745.635	46.71
745.813	49.04
745.99	44.96
746.168	62.01
746.345	47.1
746.523	43.85
746.7	60
746.878	49.41
747.055	39.07
747.233	44.7
747.41	72.9
747.588	47.24
747.765	49.97
747.943	23.19
748.12	42.56
748.297	23.83
748.475	26.03
748.652	49.97
748.829	53.83
749.007	29.64
749.184	46.86
749.361	55.67
749.538	83.67
749.716	24.58
749.893	48.13
750.07	23
750.247	63.71
750.424	55.98
750.601	77.84
750.778	46.91
750.956	6.52
751.133	25.44
751.31	16.85
751.487	45.41
751.664	14.38
751.841	24.49
752.018	37.18
752.195	37.88
752.372	46.8
752.549	22.17
752.726	46.79
752.902	63.44
753.079	55.04
753.256	42.91
753.433	58.21
753.61	34.53
753.787	21.17
753.964	25.93
754.14	11.3
754.317	60
754.494	49.96
754.671	66.48
754.847	41.76
755.024	50.39
755.201	52.87
755.377	56.3
755.554	81.59
755.73	29.35
755.907	54.52
756.084	55.79
756.26	57.61
756.437	13.13
756.613	32.95
756.79	53.74
756.966	66.69
757.143	46.85
757.319	25.41
757.496	55.18
757.672	39.21
757.849	46.75
758.025	14.52
758.201	68.39
758.378	20.77
758.554	16.52
758.73	45.71
758.907	36.36
759.083	56.42
759.259	64.54
759.435	31.08
759.612	-5.99
759.788	32.33
759.964	20.6
760.14	57.57
760.316	-1.12
760.493	21.18
760.669	60.22
760.845	41.42
761.021	-22.55
761.197	-21.61
761.373	31.26
761.549	48.29
761.725	38.68
761.901	9.44
762.077	43
762.253	32.03
762.429	78.05
762.605	3.64
762.781	17.97
762.957	50.34
763.133	29.49
763.308	139.64
763.484	32.21
763.66	105.23
763.836	27.75
764.012	-19.88
764.187	19.1
764.363	67.57
764.539	27.87
764.715	40.21
764.89	-24.8
765.066	33.17
765.242	38.77
765.417	96.45
765.593	37.69
765.769	57.73
765.944	18.6
766.12	69.85
766.295	48.91
766.471	8.51
766.646	48.9
766.822	63.86
766.997	-24.1
767.173	28.74
767.348	16.65
767.524	-17.05
767.699	57.73
767.875	4.22
768.05	9.99
768.225	55.14
768.401	34.08
768.576	62.28
768.751	81.96
768.927	-53.68
769.102	143.41
769.277	11.3
769.452	81.96
769.628	37.39
769.803	125.05
769.978	46.2
770.153	85.26
770.328	37.06
770.503	76.74
770.679	54.71
770.854	-71.64
771.029	14.9
771.204	-121.19
771.379	6.2
771.554	-28.46
771.729	5.63
771.904	14.49
772.079	-5.64
772.254	68.81
772.429	96.15
772.604	-2.54
772.779	27.18
772.953	-10.57
773.128	19.38
773.303	8.38
773.478	-4.19
773.653	22.18
773.828	53.61
774.002	48.23
774.177	32.28
774.352	80.87
774.527	-24.37
774.701	56.3
774.876	115.94
775.051	24.06
775.225	35.91
775.4	-13.38
775.575	36.54
775.749	-81.31
775.924	69.47
776.098	-18.93
776.273	-37.36
776.447	39.27
776.622	55.86
776.796	-103.36
776.971	-11.57
777.145	0.98
777.32	62.51
777.494	74.51
777.669	17.2
777.843	-79.15
778.017	71.24
778.192	5.89
778.366	-22.44
778.54	30.82
778.715	26.39
778.889	91.56
779.063	57.89
779.237	56.77
779.412	28.59
779.586	-0.74
779.76	87.45
779.934	39.07
780.108	32.63
780.282	-416.42
780.457	43.6
780.631	20.12
780.805	11.15
780.979	-738.81
781.153	-22.25
781.327	-29.72
781.501	36.03
781.675	48.1
781.849	14.22
782.023	-44.17
782.197	-29.24
782.371	-214.29
782.545	-156.44
782.718	-98.59
782.892	85.33
783.066	27.06
783.24	241.7
783.414	-20.6
783.588	-25.26
783.761	34.63
783.935	12.98
784.109	41.85
784.283	-346.96
784.456	-29.86
784.63	43.54
784.804	58.56
784.977	63.65
785.151	-27.48
785.324	-18.07
785.498	-11.27
785.672	-14.33
785.845	-33.42
786.019	78.2
786.192	-105.3
786.366	18.77
786.539	3.05
786.713	-62.94
786.886	-22.23
787.06	-40.79
787.233	-60.82
787.406	66.62
787.58	42.15
787.753	2.17
787.926	139.41
788.1	182.21
788.273	-130.19
788.446	-32.1
788.62	67.74
788.793	-96.79
788.966	74.85
789.139	-98.87
789.313	-0.82
789.486	-7071.43
789.659	-56.57
789.832	42.21
790.005	52.41
790.178	576.11
790.351	58.68
790.524	186.1
790.697	38.83
790.87	232.99
791.044	278.18
791.216	36.94
791.389	-239.04
791.562	26.24
791.735	-18.99
791.908	1203.9
792.081	39.25
792.254	-3.3
792.427	112.64
792.6	104.08
792.773	4.47
792.945	-58.21
793.118	70.72
793.291	-42.86
793.464	-200.43
793.637	241.1
793.809	48.73
793.982	2.99
794.155	-37.6
794.327	-6.51
794.5	650.77
794.673	71.66
794.845	211.28
795.018	74.62
795.19	-37.08
795.363	82.69
795.536	196.23
795.708	-2100
795.881	5820
796.053	-43.58
796.226	190.29
796.398	244.47
796.57	58.96
796.743	-70.85
796.915	-18.44
797.088	-69.23
797.26	92.13
797.432	-353.16
797.605	-142.78
797.777	-759.74
797.949	-79.92
798.122	13.14
798.294	-60.54
798.466	-296.57
798.638	10.34
798.81	70.14
798.983	573.42
799.155	66.15
799.327	62.89
799.499	97.16
799.671	151.59
799.843	-78.08
800.015	141.25
800.187	25.24
800.359	68.51
800.531	20.77
800.703	10.45
800.875	99.62
801.047	112.73
801.219	218.09
801.391	-58.44
801.563	75.54
801.735	155.37
801.907	182.21
802.079	61.51
802.251	-346.15
802.422	92.13
802.594	409.09
802.766	33.05
802.938	203.14
803.11	133.47
803.281	-9.93
803.453	34.58
803.625	-29.16
803.796	11.13
803.968	-14.05
804.14	-13.26
804.311	2.89
804.483	88.47
804.654	23.79
804.826	66.77
804.998	113.9
805.169	-79.92
805.341	-64.8
805.512	262.73
805.684	-32.65
805.855	139.27
806.026	632.31
806.198	-303.68
806.369	-22.99
806.541	-8.81
806.712	136.85
806.883	-36.78
807.055	125.05
807.226	189.02
807.397	-293.41
807.569	597.35
807.74	-14.08
807.911	197.14
808.082	-232.74
808.253	-246.53
808.425	20.07
808.596	-320.22
808.767	101.44
808.938	-6.89
809.109	252.48
809.28	-291.47
809.451	39.32
809.622	-40.11
809.793	-1519.35
809.964	393.91
810.135	35.59
810.306	64.16
810.477	477.18
810.648	-61.12
810.819	121.03
810.99	300
811.161	273.23
811.332	157.3
811.503	33.78
811.674	189.23
811.844	-13.85
812.015	-48.28
812.186	42.33
812.357	191.85
812.527	19.15
812.698	48.34
812.869	1069.81
813.04	-74.49
813.21	-817.24
813.381	-115.56
813.551	-27.89
813.722	78.58
813.893	20.06
814.063	-119.85
814.234	-420
814.404	51.19
814.575	39.66
814.745	193.81
814.916	-0.53
815.086	-3.16
815.257	-22.87
815.427	64.42
815.598	57.76
815.768	78.82
815.938	43.07
816.109	-137.25
816.279	72.85
816.449	-167.67
816.62	-521.05
816.79	76.81
816.96	-537.74
817.13	42.59
817.301	263.45
817.471	40.17
817.641	395.71
817.811	37.23
817.981	-3300
818.152	15.64
818.322	-210.89
818.492	51.6
818.662	-204.59
818.832	117.25
819.002	3.76
819.172	5.34
819.342	251.45
819.512	19
819.682	77.5
819.852	-101.32
820.022	105.76
820.192	677.53
820.362	9.98
820.531	-110.42
820.701	118.08
820.871	23.39
821.041	104.52
821.211	37.43
821.381	48.63
821.55	14.04
821.72	-704.65
821.89	60
822.059	124.33
822.229	-55.42
822.399	-103.59
822.568	138.24
822.738	1090.24
822.908	211.66
823.077	-32.1
823.247	75.52
823.416	-264.71
823.586	-97.86
823.756	-81.97
823.925	-322.78
824.095	802.33
824.264	-65.92
824.433	342.48
824.603	40.73
824.772	-180.65
824.942	-155.7
825.111	-158.29
825.28	121.12
825.45	-138.26
825.619	456.52
825.788	475.28
825.958	56.79
826.127	-8.46
826.296	-4.89
826.465	65.65
826.635	-29.91
826.804	44.96
826.973	162.73
827.142	-149.36
827.311	-142.95
827.48	-96.63
827.649	-102.51
827.818	300
827.988	271.2
828.157	-57.37
828.326	-72.41
828.495	-16.15
828.664	85.21
828.833	83.75
829.002	9.32
829.17	106.71
829.339	-7.54
829.508	-25.51
829.677	300
829.846	-33.95
830.015	-21.13
830.184	90.32
830.352	-71.34
830.521	-148.92
830.69	358.54
830.859	1782.35
831.027	236.84
831.196	50.19
831.365	-38.35
831.533	18.19
831.702	-88.66
831.871	-35.42
832.039	135.57
832.208	-597.39
832.377	-49.61
832.545	59.38
832.714	59.77
832.882	6.2
833.051	120.83
833.219	-1071.43
833.388	157.25
833.556	69.1
833.724	-183.39
833.893	-53.51
834.061	-1089.47
834.23	116.95
834.398	-38.22
834.566	206.49
834.735	471.43
834.903	-288.68
835.071	-7860
835.239	-6.89
835.408	223.11
835.576	160.47
835.744	-41.95
835.912	12
836.08	73.41
836.249	458.49
836.417	81.82
836.585	252.87
836.753	84.2
836.921	-37.3
837.089	642.86
837.257	-202.33
837.425	-118.72
837.593	87.53
837.761	86.42
837.929	-126.06
838.097	10.53
838.265	42.4
838.433	56.07
838.601	86.74
838.769	603.8
838.936	664.04
839.104	-7.36
839.272	49.01
839.44	57.39
839.608	124.39
839.775	65.97
839.943	34.85
840.111	30.84
840.279	52.35
840.446	-111.94
840.614	580.52
840.781	-315.65
840.949	6.83
841.117	137.1
841.284	-220.17
841.452	-13.04
841.619	80.97
841.787	-49.82
841.954	300
842.122	98.84
842.289	13.89
842.457	41.64
842.624	23.92
842.792	151.09
842.959	32.57
843.126	107.32
843.294	81.16
843.461	20.85
843.629	444
843.796	56.37
843.963	-17.51
844.13	185.07
844.298	235.14
844.465	-88.34
844.632	158.39
844.799	-206.53
844.966	-37.02
845.134	61.44
845.301	34.54
845.468	-17.88
845.635	-13.78
845.802	75.32
845.969	-92.84
846.136	78.76
846.303	-331.58
846.47	12.38
846.637	-50.77
846.804	-5005.26
846.971	52.13
847.138	-42.86
847.305	-273.45
847.472	117.63
847.639	151.05
847.805	124.93
847.972	237.66
848.139	-55.36
848.306	-1910.53
848.473	335.82
848.639	3.53
848.806	-151.2
848.973	137.09
849.14	171.29
849.306	-367.26
849.473	-502.65
849.64	373.85
849.806	35.89
849.973	338.92
850.139	77.48
850.306	14.87
850.472	149.45
850.639	36.39
850.806	868.42
850.972	-54.78
851.139	-7414.29
851.305	-55.66
851.471	56.58
851.638	-215.34
851.804	-273.13
851.971	2
852.137	55.85
852.303	-77.87
852.47	26.15
852.636	87.56
852.802	7.09
852.968	121.28
853.135	105.08
853.301	313.87
853.467	87.54
853.633	70.3
853.8	128.85
853.966	-120.3
854.132	4414.29
854.298	28.47
854.464	434.83
854.63	49.92
854.796	112.88
854.962	-28.06
855.128	103.64
855.294	55.05
855.46	-62.46
855.626	-36.48
855.792	-293.05
855.958	43.69
856.124	-200.61
856.29	-168.87
856.456	-59.37
856.622	-52.34
856.787	689.61
856.953	72.9
857.119	26.73
857.285	-69.67
857.45	87.99
857.616	155.01
857.782	-89.77
857.948	-4.7
858.113	99.32
858.279	105.08
858.445	-238.58
858.61	1081.4
858.776	-74.09
858.941	264.36
859.107	71.76
859.273	170.12
859.438	-164.94
859.604	-2668.42
859.769	25.98
859.935	-139.6
860.1	51.91
860.265	32.62
860.431	41.01
860.596	-1071.43
860.762	125.07
860.927	96.03
861.092	16.63
861.258	-26.35
861.423	22.01
861.588	82.63
861.753	-5185.71
861.919	367.92
862.084	-323.62
862.249	369.15
862.414	173.04
862.579	324.37
862.745	45.15
862.91	-94.1
863.075	104.56
863.24	54.81
863.405	149.25
863.57	65.47
863.735	110.33
863.9	66.37
864.065	-23.67
864.23	18.21
864.395	82.21
864.56	-26.28
864.725	-353.16
864.89	542.7
865.055	85.87
865.22	46.08
865.384	30.34
865.549	-224.27
865.714	38.64
865.879	20.66
866.044	-22.62
866.208	8.19
866.373	168.13
866.538	58.31
866.702	24.59
866.867	95.43
867.032	-21.88
867.196	30.3
867.361	530.4
867.526	99.14
867.69	7.4
867.855	-267.03
868.019	-594.55
868.184	-25.56
868.348	-27.65
868.513	-203.23
868.677	141.25
868.842	-77.39
869.006	170.82
869.17	96.23
869.335	-431.71
869.499	-760.19
869.663	117.22
869.828	3.64
869.992	-6.98
870.156	-2.25
870.321	-94.13
870.485	-43.24
870.649	-105.28
870.813	-54.24
870.978	141.7
871.142	170.77
871.306	44.08
871.47	431.39
871.634	16.54
871.798	-42.86
871.962	111.39
872.126	-2442.86
872.29	-5.08
872.454	-2957.14
872.618	64.59
872.782	461.19
872.946	267.79
873.11	4.52
873.274	36.42
873.438	582.35
873.602	-98.94
873.766	128.57
873.93	-38.63
874.094	-266.29
874.257	249.07
874.421	272.25
874.585	169.09
874.749	48.19
874.912	-105.76
875.076	26.05
875.24	225.25
875.403	287.71
875.567	190.29
875.731	-266.29
875.894	157.96
876.058	104.78
876.222	-360.67
876.385	-97.99
876.549	80.6
876.712	-790.91
876.876	-161.54
877.039	77.61
877.203	72.37
877.366	211.28
877.529	-85.87
877.693	11.42
877.856	20.55
878.02	26.49
878.183	-91.22
878.346	35.06
878.51	353.1
878.673	110.07
878.836	95.58
878.999	841.94
879.163	131.38
879.326	-34.53
879.489	5.72
879.652	38.98
879.815	138.03
879.978	-37.96
880.142	291.95
880.305	9.32
880.468	-32.53
880.631	99.47
880.794	-14.97
880.957	182.93
881.12	-1182.35
881.283	-125.11
881.446	-125.59
881.609	-183.45
881.772	-12.7
881.935	300
882.097	171.1
882.26	1250.94
882.423	-104.02
882.586	215.87
882.749	69.1
882.912	-355.21
883.074	37.91
883.237	149.02
883.4	45.36
883.562	115.27
883.725	213.6
883.888	148.82
884.05	2700
884.213	67.74
884.376	-9.45
884.538	75.64
884.701	75.64
884.863	75.64
