181.954	177.33
182.172	177.33
182.39	177.33
182.608	7560
182.826	718.68
183.043	-130.21
183.261	37.6
183.479	156.6
183.697	1164.71
183.914	-143.32
184.132	510.16
184.35	201.79
184.567	52.39
184.785	-100.88
185.003	10.8
185.22	167.38
185.438	3.45
185.656	-27.14
185.873	64.62
186.091	30.15
186.309	186.21
186.526	171.04
186.744	78.26
186.961	-50.57
187.179	25.59
187.396	95.22
187.614	-341.54
187.831	3000
188.049	-40.49
188.266	43.74
188.484	-134.33
188.701	238.83
188.919	70.34
189.136	55.36
189.354	-118.15
189.571	-127.96
189.789	-51.88
190.006	99.84
190.223	113.51
190.441	104.45
190.658	-3342.86
190.876	80.6
191.093	309.89
191.31	29.37
191.528	-74.47
191.745	-6.01
191.962	18.72
192.179	-21.64
192.397	70.45
192.614	119.07
192.831	56.04
193.049	67.51
193.266	29.13
193.483	139.14
193.7	138.46
193.917	119.56
194.135	202.88
194.352	-11.58
194.569	40.31
194.786	110.15
195.003	158.78
195.221	64.26
195.438	-14.84
195.655	-27.14
195.872	-120
196.089	59.89
196.306	66.95
196.523	-9.4
196.74	90.61
196.957	17.26
197.174	94.42
197.391	81.02
197.608	34.3
197.825	-58.06
198.042	132.17
198.259	-1758.62
198.476	100.3
198.693	600
198.91	74.68
199.127	8.96
199.344	46.15
199.561	246.24
199.778	91.84
199.995	-743.28
200.212	1262.07
200.429	139.34
200.646	-508.86
200.862	626.97
201.079	19.6
201.296	115.23
201.513	-87.38
201.73	-68.63
201.947	120.6
202.163	-80.56
202.38	218.5
202.597	471.66
202.814	-103.73
203.03	-5640
203.247	9.05
203.464	-19.5
203.681	-163.64
203.897	93.4
204.114	-169.81
204.331	146.22
204.547	-125.58
204.764	102.01
204.981	1235.29
205.197	191.49
205.414	48.13
205.63	-310.34
205.847	238.19
206.064	338.18
206.28	-89.92
206.497	34.24
206.713	167.13
206.93	11.71
207.146	-44.49
207.363	27.69
207.579	-428.57
207.796	-260.18
208.012	67.4
208.229	-385.07
208.445	125.89
208.662	-1.01
208.878	143.84
209.095	-388.24
209.311	7.58
209.528	7971.43
209.744	108.88
209.96	107.28
210.177	29.13
210.393	58.6
210.609	4440
210.826	-150.92
211.042	610.43
211.258	779.1
211.475	-67.38
211.691	-48.14
211.907	-37.97
212.124	-82.18
212.34	133.71
212.556	1.41
212.772	-758.24
212.989	-43.71
213.205	-28.78
213.421	-171.86
213.637	-528.36
213.853	109.73
214.069	-1168.42
214.286	78.72
214.502	241.79
214.718	-77.12
214.934	192.07
215.15	163.28
215.366	87.92
215.582	61.48
215.798	84.16
216.015	102.06
216.231	94.05
216.447	107.38
216.663	99.75
216.879	-33.17
217.095	124.83
217.311	33.96
217.527	81.51
217.743	-227.18
217.959	-237.74
218.175	65.39
218.391	64.75
218.606	-10.29
218.822	266.09
219.038	-105.88
219.254	122.53
219.47	-126.55
219.686	559.55
219.902	56.92
220.118	-14.27
220.334	48.2
220.549	94.88
220.765	-4.36
220.981	1.69
221.197	-8.72
221.413	-270.33
221.628	-174.68
221.844	350.94
222.06	-273.79
222.276	-81.3
222.491	45.18
222.707	-76.72
222.923	-245.64
223.139	75.36
223.354	-7.44
223.57	231.5
223.786	34.99
224.001	-2.32
224.217	40.23
224.432	38.15
224.648	164.58
224.864	-18.8
225.079	-152.24
225.295	-1.49
225.51	120
225.726	-46.31
225.942	235.11
226.157	41.4
226.373	232.34
226.588	16.42
226.804	-726.32
227.019	-27.14
227.235	50.29
227.45	47.04
227.665	2040
227.881	-33.07
228.096	-234.78
228.312	-156.33
228.527	60.1
228.743	10.29
228.958	-61.22
229.173	-266.09
229.389	21.08
229.604	3.09
229.819	21.25
230.035	-137.81
230.25	40.23
230.465	-114.89
230.681	-170.03
230.896	-72.9
231.111	33.86
231.327	-12.32
231.542	1800
231.757	260.97
231.972	-2.12
232.187	-84.26
232.403	-789.47
232.618	136.27
232.833	79.16
233.048	687.27
233.263	-60.8
233.478	-172.17
233.694	237.21
233.909	135.48
234.124	80.45
234.339	-27.01
234.554	1013.79
234.769	-66.29
234.984	-207.17
235.199	31.99
235.414	-260.18
235.629	-250.63
235.844	-48.3
236.059	15.66
236.274	-63.44
236.489	5.64
236.704	77.62
236.919	127.7
237.134	82.46
237.349	177.71
237.564	105.11
237.779	87.07
237.994	-43.4
238.209	111.25
238.424	-25.77
238.639	10.26
238.853	-4.58
239.068	77.95
239.283	99.7
239.498	118.73
239.713	125.7
239.928	10.05
240.142	-209.57
240.357	31.06
240.572	-25.35
240.787	-40.87
241.001	53.62
241.216	67.2
241.431	228.47
241.646	27.89
241.86	-2.69
242.075	-404.65
242.29	-35.42
242.504	-9.62
242.719	137.89
242.934	184.25
243.148	-47.84
243.363	4.1
243.577	-33.71
243.792	235.63
244.007	-26.56
244.221	506.49
244.436	8.96
244.65	18.4
244.865	173.46
245.079	-126.46
245.294	-505.04
245.508	52.12
245.723	-5.07
245.937	-494.51
246.152	-33.26
246.366	66.9
246.581	-26.83
246.795	-69.94
247.01	-14.25
247.224	96.72
247.438	-23.89
247.653	41
247.867	170.7
248.081	166.32
248.296	687.8
248.51	68.08
248.724	5.78
248.939	-205.97
249.153	139.59
249.367	51.37
249.582	-37.6
249.796	132.47
250.01	-75.5
250.224	33.93
250.439	-42.25
250.653	78.42
250.867	89.54
251.081	-82.46
251.295	-43.86
251.51	-196.6
251.724	-12.95
251.938	189.59
252.152	-109.49
252.366	129.3
252.58	-120
252.794	12.18
253.008	83.44
253.223	86.47
253.437	-107.21
253.651	-11.87
253.865	177.82
254.079	-63.1
254.293	85.37
254.507	-360
254.721	-1.49
254.935	85.71
255.149	72.3
255.363	64.01
255.577	277.85
255.791	152.54
256.005	69.94
256.218	53.07
256.432	-10.74
256.646	38.08
256.86	1.69
257.074	88.43
257.288	9480
257.502	243.96
257.716	21.18
257.929	-16.31
258.143	-34.9
258.357	146.29
258.571	81.92
258.785	-147.39
258.998	-46.59
259.212	162.69
259.426	-147.98
259.64	103.65
259.853	118.5
260.067	127.87
260.281	140.19
260.494	120
260.708	338.61
260.922	18.48
261.135	96.44
261.349	-55.46
261.563	30.36
261.776	1588.24
261.99	116.64
262.203	-17.33
262.417	-95.41
262.63	-103.73
262.844	505.62
263.058	128.14
263.271	9.93
263.485	44.5
263.698	86.57
263.912	-17.87
264.125	-11.37
264.339	-14.17
264.552	-81.57
264.765	-78.26
264.979	-84.64
265.192	4.9
265.406	-16.85
265.619	-1.97
265.832	11.91
266.046	-66.17
266.259	2.03
266.473	-1141.94
266.686	120.41
266.899	110.71
267.113	-2760
267.326	188.69
267.539	40.53
267.752	41.86
267.966	31.66
268.179	59.78
268.392	64.1
268.605	392.13
268.819	104.19
269.032	-59.72
269.245	360
269.458	117.34
269.671	-569.62
269.885	51.88
270.098	10.55
270.311	493.67
270.524	41.22
270.737	-35.29
270.95	-3.97
271.163	373.23
271.376	1064.52
271.589	265.82
271.802	56.44
272.016	-56.68
272.229	75.12
272.442	7.29
272.655	-34.99
272.868	-29.81
273.081	-33.71
273.294	-9.08
273.506	103.89
273.719	62.78
273.932	24.71
274.145	-2280
274.358	223.22
274.571	81.68
274.784	-486.79
274.997	18.5
275.21	-42.08
275.423	-42.45
275.635	99.5
275.848	26.56
276.061	417.22
276.274	-19.95
276.487	5.22
276.699	16.38
276.912	4.6
277.125	33.19
277.338	-66.2
277.55	36.69
277.763	-67.95
277.976	87.78
278.189	151.65
278.401	-44.89
278.614	52.8
278.827	23.17
279.039	52.39
279.252	-38.07
279.464	-50.64
279.677	70.76
279.89	-21.78
280.102	-27.14
280.315	512.2
280.527	-31.58
280.74	-600
280.952	-21.69
281.165	2.6
281.377	51.63
281.59	-47.02
281.802	-36.73
282.015	99.76
282.227	-27.01
282.44	461.87
282.652	-47.19
282.865	93.84
283.077	140.24
283.29	36.13
283.502	41.68
283.714	292.89
283.927	55.7
284.139	-64.38
284.351	-84.4
284.564	381.82
284.776	110.48
284.988	-69.96
285.201	600
285.413	67.85
285.625	-22.7
285.838	46.72
286.05	25.46
286.262	37.64
286.474	157.7
286.686	2.44
286.899	-83.41
287.111	15.13
287.323	11.49
287.535	600
287.747	114.54
287.959	-31
288.172	-141.82
288.384	-35.45
288.596	1.37
288.808	11.32
289.02	350.94
289.232	168.24
289.444	-48.37
289.656	-5.86
289.868	107.56
290.08	180.37
290.292	-247.66
290.504	7.06
290.716	76.28
290.928	82.18
291.14	711.63
291.352	49.18
291.564	1023.53
291.776	156.47
291.988	253.99
292.2	-110.9
292.412	-42.16
292.624	92.46
292.835	635.82
293.047	66.27
293.259	-95.92
293.471	100.45
293.683	-102.44
293.895	3.15
294.106	-31.81
294.318	-0.99
294.53	73.34
294.742	3331.03
294.953	11.07
295.165	35.62
295.377	106.54
295.589	-28.37
295.8	-6.16
296.012	72.16
296.224	38.08
296.435	61.32
296.647	-148.34
296.858	4.32
297.07	840
297.282	72.28
297.493	35.73
297.705	-243.43
297.916	-21.34
298.128	44.14
298.34	83.38
298.551	5.25
298.763	37.58
298.974	44.69
299.186	33.96
299.397	36.73
299.609	-754.84
299.82	88.94
300.031	15.21
300.243	726.32
300.454	-3.68
300.666	80.04
300.877	145.02
301.089	17.87
301.3	6.41
301.511	23.63
301.723	-168.96
301.934	510.45
302.145	5.44
302.357	239.66
302.568	120
302.779	24.24
302.99	-51.12
303.202	75.83
303.413	29.35
303.624	71.19
303.835	56.6
304.047	-70.45
304.258	-23.86
304.469	36.86
304.68	-24.75
304.891	1.33
305.103	-81.08
305.314	80.05
305.525	3000
305.736	411.02
305.947	69.58
306.158	4129.41
306.369	120.78
306.58	43.62
306.791	120
307.002	11.85
307.213	-55.19
307.424	10.6
307.636	80.11
307.846	107.21
308.057	-285.44
308.268	73.22
308.479	-3.7
308.69	-25.58
308.901	4.27
309.112	153.49
309.323	123.73
309.534	-2.32
309.745	18.23
309.956	-32.29
310.167	-47.39
310.377	72.49
310.588	141.44
310.799	75.3
311.01	-102.51
311.221	23.75
311.432	45.17
311.642	-66.95
311.853	125.07
312.064	558.62
312.275	207.43
312.485	114.22
312.696	-6.14
312.907	21.11
313.117	-3.44
313.328	142.14
313.539	151.92
313.749	-69.98
313.96	-586.81
314.171	56.1
314.381	99.84
314.592	17.14
314.802	-8.79
315.013	103
315.224	6.14
315.434	-2621.05
315.645	600
315.855	89.92
316.066	-155.06
316.276	205.65
316.487	717.07
316.697	78.93
316.908	-28.04
317.118	-1.81
317.329	80.64
317.539	15.07
317.749	321.89
317.96	-797.01
318.17	-68.68
318.381	138.46
318.591	85.71
318.801	14.76
319.012	65.72
319.222	401.94
319.432	-49.13
319.643	134.69
319.853	-40.36
320.063	50.6
320.273	-56.92
320.484	19.78
320.694	242.45
320.904	-22.37
321.114	384.27
321.325	1965.52
321.535	25.59
321.745	-37.86
321.955	38.53
322.165	-139.58
322.375	32.87
322.585	600
322.796	351.72
323.006	-11.83
323.216	181.4
323.426	67
323.636	169.38
323.846	600
324.056	71.73
324.266	-14.94
324.476	62.83
324.686	29.19
324.896	10.55
325.106	215.09
325.316	35.18
325.526	-1105.26
325.736	87.67
325.946	-21.67
326.156	225.97
326.366	-88.7
326.576	11.81
326.785	51.26
326.995	103.68
327.205	-153.77
327.415	120
327.625	-109.49
327.835	51.37
328.044	75.38
328.254	-151.3
328.464	2.12
328.674	89.14
328.884	-194.24
329.093	-208.56
329.303	27.78
329.513	-11.18
329.722	-1484.21
329.932	9.66
330.142	98.15
330.351	25.73
330.561	-76.36
330.771	-174.91
330.98	-99.73
331.19	563.08
331.4	-226.86
331.609	27.84
331.819	1214.63
332.028	-37.71
332.238	99.66
332.447	46.89
332.657	105.88
332.866	150.49
333.076	58.95
333.285	17.59
333.495	135.48
333.704	-137.22
333.914	57.36
334.123	7.68
334.333	27.69
334.542	-47.41
334.752	563.08
334.961	-79.25
335.17	-3.02
335.38	-11.44
335.589	-16.75
335.798	114.58
336.008	441.76
336.217	120
336.426	10.05
336.636	58.72
336.845	15.21
337.054	23.38
337.263	-36.57
337.473	-72.86
337.682	-33.22
337.891	91.42
338.1	-30.22
338.309	-190.04
338.519	168.11
338.728	34.77
338.937	-23.62
339.146	107.91
339.355	56.6
339.564	-2873.68
339.773	-232.16
339.983	-96.88
340.192	-391.3
340.401	112.81
340.61	24.34
340.819	30.79
341.028	9.84
341.237	1023.53
341.446	86.36
341.655	-19.35
341.864	-127.96
342.073	27.58
342.282	-137.35
342.491	-40.59
342.699	355.34
342.908	148.05
343.117	131.4
343.326	51.01
343.535	-425.45
343.744	-111.01
343.953	65.14
344.162	66.79
344.37	60.94
344.579	-850.75
344.788	-32.23
344.997	-7.06
345.206	13.68
345.414	34.77
345.623	197.05
345.832	-54.8
346.041	173.6
346.249	39.33
346.458	28.8
346.667	40.11
346.875	27.06
347.084	16.05
347.293	34.99
347.501	54.03
347.71	10.94
347.918	86.35
348.127	-665.93
348.336	-361.59
348.544	40.66
348.753	-116.42
348.961	-44.01
349.17	178.38
349.378	78.66
349.587	93.8
349.795	-250.49
350.004	784.62
350.212	32.38
350.421	-323.89
350.629	-30.82
350.838	69.99
351.046	64.34
351.254	127.34
351.463	19.24
351.671	-284.21
351.879	108.43
352.088	52.21
352.296	302.65
352.504	106.85
352.713	17
352.921	-127.56
353.129	-48.05
353.338	96.21
353.546	127.11
353.754	-92.02
353.962	73.06
354.171	77.88
354.379	347.37
354.587	23.05
354.795	107.49
355.003	59.9
355.212	19.94
355.42	396.23
355.628	67.95
355.836	-148.47
356.044	-28.68
356.252	14.67
356.46	-12.13
356.668	1153.85
356.876	11.8
357.084	123.66
357.292	61.81
357.5	-41.86
357.708	25.73
357.916	89.92
358.124	26.24
358.332	-743.28
358.54	-338.18
358.748	179.22
358.956	138.66
359.164	4.76
359.372	120.55
359.58	-56.12
359.788	3.44
359.996	105.88
360.203	18.98
360.411	-46.74
360.619	-117.59
360.827	47.68
361.035	-47.85
361.242	65.1
361.45	-174.68
361.658	145.02
361.866	113.27
362.073	180.21
362.281	122.66
362.489	19.35
362.697	1.37
362.904	-168.58
363.112	99.74
363.32	-27.89
363.527	46.96
363.735	-71.81
363.943	22.11
364.15	99.65
364.358	34.87
364.565	84.23
364.773	70.94
364.98	27.56
365.188	164.58
365.395	126.55
365.603	-83.39
365.81	-9.92
366.018	61.07
366.225	70.17
366.433	-28.29
366.64	79.72
366.848	66.81
367.055	-69.59
367.263	47.39
367.47	128.43
367.677	-281.01
367.885	9.31
368.092	73.22
368.299	65.92
368.507	82.29
368.714	15.93
368.921	-325.98
369.129	76.36
369.336	56.1
369.543	34.99
369.751	-8.79
369.958	-72.65
370.165	43.83
370.372	38.58
370.579	75.19
370.787	11.26
370.994	190.82
371.201	63.76
371.408	121.68
371.615	15.86
371.822	-1.37
372.029	-2.03
372.237	-3.43
372.444	262.7
372.651	-47.5
372.858	107.33
373.065	42.47
373.272	53.71
373.479	103.45
373.686	54.03
373.893	52.43
374.1	25.84
374.307	-444.6
374.514	138.46
374.721	-14.06
374.928	225.97
375.135	-13.38
375.341	10440
375.548	57.4
375.755	-40.23
375.962	-19.4
376.169	40.75
376.376	-99.6
376.583	-62.53
376.789	66.77
376.996	8.22
377.203	85.37
377.41	3.03
377.617	26.01
377.823	-144.39
378.03	-19.35
378.237	102.26
378.443	-216
378.65	418.87
378.857	-33.21
379.063	812.66
379.27	46.96
379.477	119.35
379.683	-44.14
379.89	17.18
380.097	85.71
380.303	29.09
380.51	28.4
380.716	13.16
380.923	42.52
381.129	-22.09
381.336	-193.7
381.542	53.62
381.749	19.07
381.955	85.71
382.162	114.23
382.368	-58.32
382.575	-38.88
382.781	434.48
382.988	-8.03
383.194	23.78
383.4	-22.28
383.607	29.67
383.813	161.62
384.02	42.99
384.226	84.64
384.432	-64.72
384.639	79.13
384.845	-493.67
385.051	-16.85
385.257	33.79
385.464	58.32
385.67	61.16
385.876	14.25
386.082	-38.64
386.289	26.21
386.495	0.73
386.701	-80.13
386.907	26.09
387.113	39
387.319	48.69
387.526	33.22
387.732	-533.86
387.938	-4.8
388.144	245.22
388.35	41.03
388.556	68.04
388.762	47.46
388.968	-125.58
389.174	23.28
389.38	99.78
389.586	29.1
389.792	19.24
389.998	-16.85
390.204	-162.68
390.41	42.16
390.616	28.04
390.822	14.58
391.028	22.96
391.234	38.51
391.439	-215.53
391.645	49.71
391.851	55.26
392.057	-138.81
392.263	36.49
392.469	97.62
392.674	-48.02
392.88	18.71
393.086	-72.57
393.292	-23.03
393.498	-63.76
393.703	18.39
393.909	35.88
394.115	69.13
394.32	15.77
394.526	4.97
394.732	42.68
394.937	57.17
395.143	-46.15
395.349	-66.09
395.554	-195.98
395.76	46.04
395.965	36.8
396.171	46.51
396.377	-3.52
396.582	45.97
396.788	-19.8
396.993	-40.1
397.199	26.75
397.404	35.39
397.61	15.77
397.815	-20.58
398.021	-52.77
398.226	85.25
398.431	26.92
398.637	-26.09
398.842	26.12
399.048	34.36
399.253	31.54
399.458	12.64
399.664	11.99
399.869	8.08
400.074	0.89
400.28	0.32
400.485	-3.93
400.69	20.13
400.896	6.77
401.101	18.51
401.306	8.61
401.511	-14.18
401.716	35.72
401.922	0.35
402.127	-9.56
402.332	3.91
402.537	30.83
402.742	5.29
402.947	48.87
403.153	-25.06
403.358	0.26
403.563	29.31
403.768	7.56
403.973	2.34
404.178	2.59
404.383	3.31
404.588	12.65
404.793	7.85
404.998	-4.7
405.203	-15.58
405.408	-2.7
405.613	4.17
405.818	2.74
406.023	-0.47
406.228	1.1
406.433	16.85
406.638	0.99
406.842	8.48
407.047	5.6
407.252	3.05
407.457	6.86
407.662	9.46
407.867	-3.15
408.071	6.5
408.276	6.46
408.481	3.93
408.686	1.74
408.891	7.36
409.095	11.86
409.3	2.9
409.505	8.14
409.709	4.95
409.914	6.82
410.119	3.27
410.323	3.25
410.528	0.38
410.733	12.04
410.937	-2.06
411.142	-2.93
411.346	7.68
411.551	4.64
411.756	-0.06
411.96	2.97
412.165	1.98
412.369	1.61
412.574	2.88
412.778	2.26
412.983	5.82
413.187	5.45
413.392	-3.3
413.596	6.02
413.8	5.58
414.005	3.9
414.209	4.53
414.414	1.18
414.618	3.66
414.822	5.91
415.027	5.2
415.231	4.63
415.435	2.79
415.64	4.21
415.844	2.03
416.048	4.08
416.252	4.46
416.457	3.26
416.661	2.5
416.865	2.74
417.069	0.7
417.274	3.4
417.478	1.84
417.682	1.28
417.886	1.62
418.09	3.17
418.294	3.65
418.498	2.99
418.702	4.39
418.907	3.6
419.111	3.23
419.315	2.4
419.519	3.98
419.723	0.91
419.927	3.82
420.131	3.1
420.335	1.61
420.539	1.99
420.743	4.68
420.947	0.67
421.151	2.76
421.355	1.63
421.558	3.72
421.762	2.98
421.966	2.99
422.17	3.39
422.374	4.17
422.578	1.92
422.782	2.28
422.985	2.15
423.189	3.37
423.393	2.42
423.597	2.2
423.801	3.36
424.004	3.4
424.208	2.35
424.412	1.75
424.615	2.89
424.819	1.45
425.023	3.2
425.226	3.34
425.43	3.15
425.634	2.27
425.837	2.22
426.041	3.16
426.245	2.5
426.448	2.9
426.652	2.44
426.855	2.05
427.059	2.26
427.262	2.81
427.466	2.21
427.669	3.02
427.873	2.62
428.076	2.28
428.28	2.16
428.483	1.61
428.687	2.83
428.89	2.77
429.094	1.31
429.297	2.45
429.5	2.2
429.704	2.5
429.907	2.78
430.11	2.19
430.314	2.94
430.517	2.41
430.72	2.19
430.924	2.43
431.127	2.07
431.33	2.44
431.533	2.46
431.737	2.42
431.94	1.74
432.143	2.81
432.346	1.81
432.549	2.24
432.752	2.17
432.956	2.42
433.159	1.59
433.362	1.75
433.565	1.96
433.768	2.32
433.971	2.14
434.174	2.42
434.377	2.48
434.58	2.2
434.783	1.92
434.986	2.09
435.189	2.7
435.392	2.2
435.595	2.51
435.798	2.48
436.001	2.83
436.204	2.44
436.407	2.15
436.61	2.25
436.813	2.98
437.016	1.84
437.219	1.94
437.421	2.07
437.624	2.34
437.827	2.51
438.03	2.25
438.233	2.13
438.435	2.1
438.638	2.17
438.841	2.19
439.044	2.55
439.246	2.05
439.449	2.01
439.652	2.08
439.854	2.47
440.057	2.3
440.26	2.43
440.462	2.43
440.665	2.04
440.868	2.35
441.07	2.36
441.273	2.72
441.475	2.25
441.678	2.06
441.88	2.24
442.083	1.9
442.286	2.06
442.488	1.86
442.69	2.44
442.893	2.21
443.095	2.28
443.298	2.32
443.5	2.45
443.703	2.04
443.905	2.07
444.108	2.22
444.31	2.06
444.512	2.08
444.715	2.12
444.917	2.29
445.119	2.4
445.322	1.86
445.524	2.38
445.726	1.87
445.928	1.99
446.131	2.58
446.333	1.94
446.535	2.09
446.737	2.19
446.94	2.69
447.142	2.09
447.344	2.11
447.546	2.41
447.748	2.23
447.95	2.16
448.152	2.13
448.354	2.1
448.557	2.53
448.759	2.14
448.961	1.87
449.163	2.28
449.365	2.17
449.567	2.28
449.769	2.02
449.971	1.99
450.173	2.13
450.375	2.07
450.577	2.41
450.779	2.3
450.981	2.46
451.182	2.12
451.384	2.33
451.586	2.33
451.788	2.12
451.99	2
452.192	1.67
452.394	2.23
452.595	2.66
452.797	2.33
452.999	2.51
453.201	2.28
453.402	2.02
453.604	2.44
453.806	2.35
454.008	2.36
454.209	2.04
454.411	2.01
454.613	2.31
454.814	2.77
455.016	2.46
455.218	2.09
455.419	2.5
455.621	2.72
455.822	2.02
456.024	2.26
456.225	2.43
456.427	2.63
456.629	1.74
456.83	1.83
457.032	2.56
457.233	2.2
457.435	1.86
457.636	2.96
457.837	2.43
458.039	2.11
458.24	2.2
458.442	2.36
458.643	1.77
458.844	2.56
459.046	1.79
459.247	2.48
459.448	2.56
459.65	1.87
459.851	2.71
460.052	2.85
460.254	2.83
460.455	2.15
460.656	2.8
460.857	1.95
461.059	1.84
461.26	1.97
461.461	2.38
461.662	2.16
461.863	2.43
462.065	2.92
462.266	2.21
462.467	2.1
462.668	2.64
462.869	3.14
463.07	2.48
463.271	3.09
463.472	1.99
463.673	1.57
463.874	2.34
464.075	2.32
464.276	2.1
464.477	2.65
464.678	3.06
464.879	1.86
465.08	3.12
465.281	3.17
465.482	2.73
465.683	1.73
465.884	1.69
466.085	2.17
466.285	3.23
466.486	3.92
466.687	3.19
466.888	3.26
467.089	2.89
467.29	2.73
467.49	3.01
467.691	3.15
467.892	1.79
468.093	2.44
468.293	2.69
468.494	2.41
468.695	2.56
468.895	2.75
469.096	1.76
469.297	1.68
469.497	2.14
469.698	3.39
469.898	1.34
470.099	2.77
470.3	3.6
470.5	1.62
470.701	3.8
470.901	3.57
471.102	3.24
471.302	2.4
471.503	2.95
471.703	3.08
471.904	2.92
472.104	2.29
472.305	2.5
472.505	3.97
472.705	2.79
472.906	2.96
473.106	3.74
473.306	2.27
473.507	3.63
473.707	1.78
473.907	3.05
474.108	0.82
474.308	2.51
474.508	3.39
474.709	2.57
474.909	3.21
475.109	0.72
475.309	1.56
475.51	1.51
475.71	1.96
475.91	3.69
476.11	0.49
476.31	2.37
476.51	4.3
476.71	1.32
476.911	3.94
477.111	1.66
477.311	0.45
477.511	2.02
477.711	2.69
477.911	1.03
478.111	3.81
478.311	3.01
478.511	1.71
478.711	2.82
478.911	2.25
479.111	1.54
479.311	1.9
479.511	4.5
479.711	1.8
479.91	1.14
480.11	4.01
480.31	1.62
480.51	3.15
480.71	2.44
480.91	2.61
481.109	2.67
481.309	3.07
481.509	0.79
481.709	3.56
481.909	2.22
482.108	0.46
482.308	1.87
482.508	3.55
482.707	3.54
482.907	1.66
483.107	2.33
483.306	3.78
483.506	2.15
483.706	2.57
483.905	1.81
484.105	3.38
484.304	2.8
484.504	1.41
484.704	1.97
484.903	0.76
485.103	3.68
485.302	2.02
485.502	2.45
485.701	2.36
485.901	1.71
486.1	3.69
486.299	3.08
486.499	2.13
486.698	2.43
486.898	2.53
487.097	2.52
487.296	1.49
487.496	2.06
487.695	2.5
487.894	2.32
488.094	2.34
488.293	2.18
488.492	2.37
488.692	1.92
488.891	3.42
489.09	1.44
489.289	2.58
489.489	2.54
489.688	1.93
489.887	3.68
490.086	2.71
490.285	1.94
490.484	4.01
490.683	2.73
490.883	3.57
491.082	4.27
491.281	2.59
491.48	2.43
491.679	3.06
491.878	3.38
492.077	3.41
492.276	2.48
492.475	1.36
492.674	0.85
492.873	2.81
493.072	0.87
493.271	2.63
493.47	2.25
493.669	1.69
493.867	2.04
494.066	2.97
494.265	3.28
494.464	2.3
494.663	1.93
494.862	2.17
495.06	1.79
495.259	0.62
495.458	1.49
495.657	1.61
495.856	3.62
496.054	3.08
496.253	2.12
496.452	3.29
496.65	2.34
496.849	2.39
497.048	1.8
497.246	2.21
497.445	2.55
497.644	2.3
497.842	3.65
498.041	2.87
498.239	2.57
498.438	2.42
498.636	2.74
498.835	2.56
499.034	2.33
499.232	2.12
499.431	2.74
499.629	1.44
499.827	2.81
500.026	2.24
500.224	2.2
500.423	1.63
500.621	1.88
500.82	3.14
501.018	3.08
501.216	2.21
501.415	2.53
501.613	1.62
501.811	2.42
502.01	3.41
502.208	2.42
502.406	2.2
502.604	2.97
502.803	2.31
503.001	3.17
503.199	2.46
503.397	2.48
503.595	2.11
503.794	1.42
503.992	2.02
504.19	2.26
504.388	2.41
504.586	2.29
504.784	1.89
504.982	3.02
505.18	1.9
505.378	2.05
505.576	1.95
505.774	2.56
505.972	2.29
506.17	2.72
506.368	2.67
506.566	2.52
506.764	2.46
506.962	2.41
507.16	3.03
507.358	2.4
507.556	2.17
507.754	3.04
507.952	2.24
508.15	2.79
508.347	2.44
508.545	2.85
508.743	1.92
508.941	2.47
509.139	2.81
509.336	2.83
509.534	2.59
509.732	2.47
509.93	2.09
510.127	2.7
510.325	2.88
510.523	3.05
510.72	2.47
510.918	3.19
511.116	2.71
511.313	2.11
511.511	2.5
511.708	2.69
511.906	2.78
512.104	2.51
512.301	2.49
512.499	3.07
512.696	2.42
512.894	2.07
513.091	2.51
513.289	2.76
513.486	2.5
513.683	2.36
513.881	2.18
514.078	3.17
514.276	3
514.473	2.26
514.67	2.99
514.868	2.41
515.065	2.98
515.262	2.79
515.46	2.54
515.657	2.68
515.854	2.24
516.052	2.22
516.249	2.5
516.446	3.08
516.643	2.71
516.84	2.72
517.038	2.77
517.235	2.63
517.432	3.05
517.629	2.91
517.826	3
518.023	2.81
518.221	2.81
518.418	2.85
518.615	3
518.812	3.01
519.009	2.83
519.206	3.3
519.403	2.97
519.6	2.63
519.797	2.68
519.994	2.43
520.191	3.18
520.388	3.2
520.585	2.54
520.782	2.99
520.978	2.28
521.175	2.91
521.372	2.82
521.569	2.71
521.766	2.81
521.963	2.48
522.159	2.84
522.356	2.59
522.553	2.87
522.75	2.88
522.947	2.61
523.143	3.01
523.34	3.19
523.537	3.14
523.733	2.99
523.93	2.71
524.127	3.39
524.323	2.77
524.52	2.83
524.717	2.9
524.913	3.1
525.11	2.72
525.306	3.03
525.503	2.84
525.7	3.1
525.896	2.41
526.093	3.29
526.289	3.11
526.486	2.86
526.682	2.68
526.878	2.79
527.075	3.29
527.271	3.12
527.468	3.05
527.664	2.89
527.861	3.03
528.057	2.93
528.253	3.27
528.45	3.06
528.646	3.1
528.842	2.93
529.039	2.87
529.235	3
529.431	2.77
529.627	3.05
529.824	3.06
530.02	2.94
530.216	3.03
530.412	3.39
530.608	2.89
530.804	3.11
531.001	3.35
531.197	3.17
531.393	3.18
531.589	3.05
531.785	3.1
531.981	2.89
532.177	3.14
532.373	3.17
532.569	3.19
532.765	3.14
532.961	2.63
533.157	2.81
533.353	3.22
533.549	2.73
533.745	3.5
533.941	2.73
534.137	2.96
534.333	2.78
534.529	3.15
534.725	3.03
534.92	3.2
535.116	3.31
535.312	3.01
535.508	3.36
535.704	3.39
535.899	3.07
536.095	3.32
536.291	3.1
536.487	3.12
536.682	3.26
536.878	3.19
537.074	3.11
537.269	3.17
537.465	2.9
537.661	3
537.856	3.44
538.052	3.33
538.248	3.13
538.443	3.29
538.639	3.18
538.834	3.38
539.03	3.24
539.225	3.32
539.421	3.41
539.616	3.27
539.812	3.3
540.007	3.27
540.203	3.16
540.398	3.38
540.593	3.5
540.789	3.52
540.984	3.39
541.18	3.14
541.375	3.12
541.57	3.46
541.766	3.65
541.961	3.02
542.156	3.53
542.352	3.54
542.547	3.3
542.742	3.32
542.937	3.59
543.133	3.95
543.328	3.34
543.523	3.42
543.718	3.22
543.913	3.76
544.108	3.08
544.304	3.36
544.499	3.83
544.694	3.39
544.889	3.51
545.084	3.62
545.279	3.6
545.474	3.73
545.669	3.9
545.864	3.62
546.059	3.62
546.254	3.1
546.449	3.35
546.644	3.49
546.839	3.74
547.034	3.57
547.229	3.56
547.424	3.64
547.618	3.83
547.813	3.55
548.008	3.52
548.203	3.33
548.398	3.48
548.593	4.18
548.787	3.72
548.982	3.72
549.177	3.67
549.372	3.65
549.566	3.79
549.761	3.8
549.956	3.38
550.15	3.57
550.345	3.83
550.54	3.89
550.734	3.93
550.929	3.76
551.124	3.78
551.318	3.74
551.513	3.56
551.707	4.15
551.902	3.76
552.096	4.11
552.291	3.92
552.485	3.89
552.68	3.95
552.874	4.04
553.069	4.28
553.263	3.98
553.458	4.11
553.652	3.97
553.847	3.84
554.041	3.99
554.235	3.96
554.43	4
554.624	4.17
554.818	4.19
555.013	3.94
555.207	4.02
555.401	4.33
555.595	4.08
555.79	3.59
555.984	4.41
556.178	4.34
556.372	4.06
556.566	4.17
556.761	4.11
556.955	4.19
557.149	4.14
557.343	4.11
557.537	4.37
557.731	4.1
557.925	3.97
558.119	3.77
558.313	4.18
558.507	4.14
558.701	4.27
558.895	4.5
559.089	4.52
559.283	4.39
559.477	4.45
559.671	4.2
559.865	4.3
560.059	4.06
560.253	4.31
560.447	4.35
560.641	4.5
560.835	4.39
561.028	4.44
561.222	4.77
561.416	4.5
561.61	4.34
561.804	4.72
561.997	4.23
562.191	4.56
562.385	4.61
562.579	4.56
562.772	4.76
562.966	4.52
563.16	4.85
563.353	4.71
563.547	4.75
563.741	4.74
563.934	4.52
564.128	4.41
564.321	4.63
564.515	4.68
564.708	4.61
564.902	4.61
565.095	4.4
565.289	4.67
565.482	4.54
565.676	4.79
565.869	4.69
566.063	4.74
566.256	5.03
566.45	4.68
566.643	4.68
566.836	4.78
567.03	4.8
567.223	4.64
567.416	5.13
567.61	5.12
567.803	4.86
567.996	5
568.19	4.66
568.383	4.78
568.576	4.74
568.769	5.07
568.963	5.28
569.156	5.1
569.349	5.34
569.542	5.08
569.735	5.09
569.928	4.87
570.121	5.05
570.315	5.31
570.508	4.97
570.701	5.27
570.894	5.19
571.087	5.09
571.28	5.5
571.473	5.21
571.666	5.34
571.859	5.12
572.052	5.44
572.245	5.01
572.438	5.18
572.631	5.06
572.824	5.23
573.016	5.22
573.209	5.17
573.402	5.04
573.595	5.15
573.788	5.13
573.981	5.23
574.173	5.48
574.366	5.67
574.559	5.5
574.752	4.87
574.944	5.29
575.137	5.27
575.33	5.15
575.523	5.49
575.715	5.39
575.908	5.47
576.101	5.35
576.293	5.5
576.486	5.24
576.678	5.38
576.871	5.17
577.063	5.64
577.256	5.64
577.449	5.67
577.641	5.51
577.834	5.31
578.026	5.59
578.219	5.34
578.411	5.63
578.603	6.01
578.796	5.37
578.988	5.69
579.181	5.7
579.373	5.64
579.565	5.75
579.758	5.64
579.95	5.55
580.142	5.65
580.335	5.36
580.527	5.79
580.719	5.55
580.912	5.71
581.104	5.89
581.296	5.66
581.488	5.7
581.68	6.04
581.873	5.57
582.065	5.73
582.257	5.6
582.449	5.59
582.641	5.84
582.833	5.7
583.025	5.55
583.217	5.66
583.41	5.65
583.602	6.36
583.794	5.94
583.986	6.26
584.178	5.99
584.37	6.11
584.562	5.91
584.753	6.06
584.945	5.97
585.137	5.99
585.329	6.01
585.521	6.3
585.713	6.22
585.905	6.29
586.097	6.05
586.289	5.98
586.48	5.69
586.672	6.12
586.864	6.45
587.056	6.43
587.247	5.99
587.439	6
587.631	6.41
587.823	6.48
588.014	6.73
588.206	6.5
588.398	6.26
588.589	6.84
588.781	6.19
588.972	6.58
589.164	6.18
589.356	6.32
589.547	6.44
589.739	6.49
589.93	6.44
590.122	6.56
590.313	6.43
590.505	6.29
590.696	6.66
590.888	6.31
591.079	6.63
591.271	6.95
591.462	6.54
591.653	6.66
591.845	6.87
592.036	6.77
592.227	7.03
592.419	6.21
592.61	6.65
592.801	7.07
592.993	6.99
593.184	6.98
593.375	6.88
593.566	6.95
593.758	6.72
593.949	6.68
594.14	6.86
594.331	6.6
594.522	6.94
594.713	6.74
594.905	6.73
595.096	7.08
595.287	7.28
595.478	6.99
595.669	7.1
595.86	6.67
596.051	7.33
596.242	7.19
596.433	7.06
596.624	6.97
596.815	7.32
597.006	7.52
597.197	7.24
597.388	7.29
597.579	7.74
597.77	7.07
597.96	7.37
598.151	7.63
598.342	7.28
598.533	7.4
598.724	7.74
598.915	7.58
599.105	7.72
599.296	7.33
599.487	7.21
599.678	7.67
599.868	7.84
600.059	7.48
600.25	7.55
600.44	7.52
600.631	7.71
600.822	7.6
601.012	7.44
601.203	7.64
601.394	7.72
601.584	7.73
601.775	7.86
601.965	7.99
602.156	7.82
602.346	8.11
602.537	7.68
602.727	7.58
602.918	7.99
603.108	7.77
603.299	7.89
603.489	8.27
603.679	8.17
603.87	8.15
604.06	8.31
604.251	8.03
604.441	8.32
604.631	7.85
604.822	7.82
605.012	7.93
605.202	7.75
605.392	7.99
605.583	8.35
605.773	8.54
605.963	8.22
606.153	8.35
606.344	8.77
606.534	8.4
606.724	8.62
606.914	8.18
607.104	8.32
607.294	8.69
607.484	8.69
607.674	8.75
607.864	8.61
608.054	8.48
608.245	8.67
608.435	8.81
608.625	8.58
608.814	8.62
609.004	8.54
609.194	8.66
609.384	8.85
609.574	8.71
609.764	8.81
609.954	8.44
610.144	8.78
610.334	8.61
610.524	8.86
610.713	8.49
610.903	9.32
611.093	8.62
611.283	8.83
611.473	8.75
611.662	8.92
611.852	8.72
612.042	8.8
612.231	8.92
612.421	9.09
612.611	9.08
612.8	8.94
612.99	8.78
613.18	8.99
613.369	9.16
613.559	9.35
613.748	9.24
613.938	9.49
614.128	8.84
614.317	9.45
614.507	9.58
614.696	9.23
614.886	8.9
615.075	9.19
615.264	9.46
615.454	9.28
615.643	9.26
615.833	9.61
616.022	9.53
616.211	9.55
616.401	8.88
616.59	9.83
616.779	9.65
616.969	9.68
617.158	9.25
617.347	9.51
617.537	9.83
617.726	9.23
617.915	9.38
618.104	8.79
618.293	10.27
618.483	9.88
618.672	9.7
618.861	9.93
619.05	9.9
619.239	9.55
619.428	9.81
619.617	10.08
619.806	9.65
619.995	9.98
620.184	9.65
620.373	9.64
620.562	9.3
620.751	10.13
620.94	9.79
621.129	10.2
621.318	9.85
621.507	9.6
621.696	9.71
621.885	9.76
622.074	9.7
622.263	9.7
622.452	9.82
622.64	10.04
622.829	9.62
623.018	10.62
623.207	9.81
623.396	10.35
623.584	10.36
623.773	10.87
623.962	9.8
624.15	9.85
624.339	10.15
624.528	10.19
624.716	10.12
624.905	10.01
625.094	10.57
625.282	9.89
625.471	9.45
625.659	9.85
625.848	9.85
626.037	10.38
626.225	10.89
626.414	10.31
626.602	10.39
626.791	10.63
626.979	11
627.167	10.19
627.356	10.7
627.544	10.86
627.733	10.5
627.921	10.83
628.109	10.44
628.298	10.73
628.486	10.38
628.674	10.78
628.863	10.36
629.051	11.5
629.239	11.41
629.428	10.84
629.616	10.51
629.804	11.72
629.992	11.04
630.18	10.47
630.369	11.03
630.557	10.96
630.745	10.39
630.933	11.34
631.121	11.23
631.309	10.63
631.497	10.6
631.685	10.57
631.873	11.11
632.061	11.19
632.249	11.75
632.437	11.36
632.625	10.91
632.813	10.82
633.001	10.86
633.189	10.52
633.377	11.42
633.565	10.46
633.753	10.81
633.941	11
634.129	11.2
634.316	11.08
634.504	12.11
634.692	11.43
634.88	11.16
635.068	11.39
635.255	11.7
635.443	10.89
635.631	11.11
635.818	11.75
636.006	11.05
636.194	12.17
636.382	10.5
636.569	11.74
636.757	11.55
636.944	11.17
637.132	12.46
637.32	13.03
637.507	11.56
637.695	11.61
637.882	11.59
638.07	11.19
638.257	11.76
638.445	11.47
638.632	10.62
638.82	11.28
639.007	10.92
639.194	11.64
639.382	11.76
639.569	11.58
639.757	12.09
639.944	10.54
640.131	12.32
640.319	11.74
640.506	12.2
640.693	12
640.88	11.85
641.068	12.1
641.255	12.29
641.442	11.51
641.629	11.13
641.817	12.5
642.004	12.08
642.191	12.66
642.378	12.83
642.565	12.67
642.752	12.05
642.939	11.42
643.126	10.5
643.313	11.59
643.501	12.66
643.688	12.86
643.875	11.54
644.062	12.69
644.249	11.46
644.435	10.48
644.622	11.08
644.809	12.13
644.996	12.64
645.183	12.18
645.37	13.82
645.557	13.07
645.744	11.59
645.931	12.35
646.117	12.19
646.304	12.52
646.491	11.32
646.678	12.53
646.865	13.27
647.051	13.08
647.238	12.52
647.425	12.07
647.611	13.01
647.798	12.63
647.985	12.44
648.171	12.14
648.358	11.18
648.545	13.68
648.731	11.08
648.918	12.67
649.104	11.8
649.291	12.5
649.477	11.79
649.664	13.11
649.85	13.45
650.037	12.59
650.223	12.78
650.41	12.61
650.596	11.62
650.783	11.96
650.969	12.08
651.155	12.78
651.342	12.33
651.528	13.13
651.714	13.43
651.901	13.59
652.087	12.21
652.273	12.71
652.46	12.95
652.646	12.55
652.832	13.29
653.018	13
653.204	13.18
653.391	13.02
653.577	13.15
653.763	13.53
653.949	12.07
654.135	12.42
654.321	12.33
654.507	13.14
654.693	12.3
654.879	13.13
655.065	11.66
655.252	12.56
655.438	12.59
655.624	13.3
655.809	12.74
655.995	12.17
656.181	12.76
656.367	13.1
656.553	14.47
656.739	12.84
656.925	13.86
657.111	13.48
657.297	14
657.482	11.93
657.668	13.92
657.854	13.35
658.04	13.04
658.226	12.19
658.411	12.06
658.597	13.63
658.783	13.71
658.968	14.08
659.154	14.14
659.34	13.38
659.525	13.06
659.711	12.83
659.897	13.49
660.082	14.6
660.268	12.82
660.453	13.49
660.639	12.78
660.824	12.88
661.01	12.92
661.195	13.5
661.381	12.06
661.566	14.06
661.752	14.71
661.937	12.86
662.123	12.14
662.308	12.93
662.494	13.71
662.679	12.16
662.864	14.2
663.05	13.8
663.235	12.81
663.42	13.05
663.605	13.31
663.791	13.25
663.976	11.91
664.161	12.38
664.346	14.1
664.532	14.03
664.717	12.87
664.902	14.92
665.087	14.18
665.272	13.98
665.457	12.58
665.642	13.24
665.828	12.92
666.013	13.16
666.198	10.42
666.383	14.1
666.568	11.95
666.753	14.33
666.938	13.64
667.123	14.3
667.308	10.79
667.493	13.01
667.677	12.35
667.862	13.03
668.047	14.06
668.232	12.03
668.417	14.1
668.602	11.64
668.787	13.05
668.971	12.69
669.156	14.54
669.341	13.27
669.526	14.91
669.711	15.35
669.895	15.11
670.08	13.47
670.265	13.27
670.449	13.38
670.634	13.08
670.819	11.56
671.003	13.3
671.188	14.64
671.372	13.84
671.557	14.75
671.742	15.13
671.926	14.15
672.111	11.74
672.295	13.65
672.48	11.26
672.664	14.16
672.849	11.71
673.033	14.4
673.217	13.68
673.402	13.03
673.586	10.37
673.771	13.99
673.955	13.08
674.139	11.51
674.324	13.95
674.508	12.35
674.692	13.12
674.876	13.89
675.061	13.85
675.245	14.97
675.429	12.82
675.613	12.46
675.798	14.4
675.982	13.79
676.166	13.23
676.35	13.23
676.534	14.14
676.718	15.26
676.902	14.95
677.087	12.02
677.271	13.09
677.455	17.9
677.639	13.44
677.823	12.98
678.007	13.17
678.191	13.23
678.375	15.42
678.559	14.15
678.742	15.42
678.926	16
679.11	18.23
679.294	15.04
679.478	14.19
679.662	16.15
679.846	14.31
680.029	15.32
680.213	16.47
680.397	14.65
680.581	15.98
680.765	14.65
680.948	14.81
681.132	18.16
681.316	12.38
681.499	15.7
681.683	15.65
681.867	14.3
682.05	15.22
682.234	13.68
682.417	18.65
682.601	18.51
682.785	16.06
682.968	15.72
683.152	17.37
683.335	19.35
683.519	14.73
683.702	18.02
683.886	17.8
684.069	16.56
684.253	19.63
684.436	19.31
684.619	17.1
684.803	18.04
684.986	18.51
685.169	17.64
685.353	18.57
685.536	16.76
685.719	14.9
685.903	17.67
686.086	14.9
686.269	19.93
686.452	14.66
686.636	19.12
686.819	12.89
687.002	20.97
687.185	18.74
687.368	16.74
687.551	16.99
687.734	19.44
687.918	19.45
688.101	16.49
688.284	20.19
688.467	21.52
688.65	21.26
688.833	19.41
689.016	19.29
689.199	16.97
689.382	22.27
689.565	18.65
689.748	20.06
689.93	16.55
690.113	22.26
690.296	18.3
690.479	16.28
690.662	23.74
690.845	15.86
691.028	21.02
691.21	22.27
691.393	19.9
691.576	23.94
691.759	20.65
691.941	23.08
692.124	21.47
692.307	21.79
692.489	18.75
692.672	21.63
692.855	18.77
693.037	23.95
693.22	23.43
693.403	20.31
693.585	23.3
693.768	24.77
693.95	19.75
694.133	23.83
694.315	20.09
694.498	18.67
694.68	16.12
694.863	27.89
695.045	19.05
695.228	20.63
695.41	25.08
695.592	20.93
695.775	19.1
695.957	22.18
696.139	16.54
696.322	19.56
696.504	21.41
696.686	20.36
696.869	19.41
697.051	21.26
697.233	26.12
697.415	24.27
697.597	15.17
697.78	23.84
697.962	18.01
698.144	26.44
698.326	15.98
698.508	27.4
698.69	17.57
698.872	20.63
699.055	25.09
699.237	19.3
699.419	22.32
699.601	20.9
699.783	24.74
699.965	21.58
700.147	17.99
700.329	19.19
700.51	21.66
700.692	25.07
700.874	16.36
701.056	23.08
701.238	18.9
701.42	29.13
701.602	16.33
701.783	15.21
701.965	20.78
702.147	21.68
702.329	22.59
702.511	28.04
702.692	22.95
702.874	19.59
703.056	24.33
703.237	23.19
703.419	28.94
703.601	26.12
703.782	24.83
703.964	25.66
704.146	25.66
704.327	22.95
704.509	29.01
704.69	16.88
704.872	25.77
705.053	21.58
705.235	27.16
705.416	19.26
705.598	17.94
705.779	17.57
705.961	22.12
706.142	22.39
706.323	23.78
706.505	17.17
706.686	23.38
706.867	18.7
707.049	16.68
707.23	27.7
707.411	21.8
707.593	20.05
707.774	15.22
707.955	26.35
708.136	22.58
708.318	15.45
708.499	17.94
708.68	19.52
708.861	28.04
709.042	23.14
709.223	31.08
709.404	25.52
709.585	22.23
709.767	23.8
709.948	28.1
710.129	19.09
710.31	17.23
710.491	20.59
710.672	18.99
710.853	23.03
711.034	27.82
711.214	24.2
711.395	28.3
711.576	24.66
711.757	18.99
711.938	23.89
712.119	24.88
712.3	24.85
712.481	21.07
712.661	28.29
712.842	23.37
713.023	31.3
713.204	20.16
713.384	15.52
713.565	21.84
713.746	27.55
713.926	16.21
714.107	16.98
714.288	15.1
714.468	20.73
714.649	34.4
714.83	21.39
715.01	28.89
715.191	30.33
715.371	20.59
715.552	25.32
715.732	26.83
715.913	23.94
716.093	25.7
716.274	26.41
716.454	26.55
716.635	27.99
716.815	27.58
716.995	23.73
717.176	31.29
717.356	34
717.536	23.65
717.717	24.46
717.897	9.56
718.077	25.87
718.258	28.65
718.438	19.45
718.618	27.96
718.798	16.53
718.978	22.37
719.159	29.72
719.339	40.77
719.519	18.59
719.699	28.13
719.879	29.22
720.059	22.86
720.239	35.89
720.419	33.95
720.599	23.79
720.779	31.07
720.959	21.04
721.139	28.51
721.319	17.66
721.499	35.1
721.679	8.65
721.859	30.21
722.039	7.65
722.219	25.09
722.399	11.82
722.579	22.97
722.759	29.07
722.938	14.95
723.118	24.2
723.298	23.17
723.478	17.27
723.658	30.41
723.837	33.66
724.017	25.63
724.197	14.63
724.376	17.26
724.556	11.07
724.736	32.65
724.915	14.37
725.095	39.46
725.275	27.39
725.454	16.37
725.634	39.08
725.813	26.19
725.993	34.38
726.172	34.49
726.352	31.87
726.531	28.03
726.711	28.64
726.89	28.27
727.07	29.91
727.249	29.65
727.428	27.66
727.608	23.2
727.787	8.67
727.966	39.25
728.146	15.34
728.325	30.65
728.504	17.05
728.684	18.63
728.863	42.74
729.042	14.11
729.221	-1.47
729.4	29.73
729.58	21.79
729.759	14.09
729.938	31.56
730.117	27.67
730.296	13.05
730.475	20.76
730.654	16.56
730.833	12.86
731.013	13.55
731.192	23.14
731.371	33.74
731.55	24.1
731.729	31.13
731.907	32.47
732.086	26.14
732.265	16.38
732.444	29.67
732.623	17.81
732.802	37.56
732.981	16.55
733.16	17.72
733.339	15.13
733.517	37.19
733.696	36.24
733.875	35.49
734.054	4.57
734.232	36.89
734.411	41.21
734.59	20.51
734.768	29
734.947	18.44
735.126	12.99
735.304	8.96
735.483	27.3
735.662	29.19
735.84	-0.21
736.019	15.36
736.197	5.46
736.376	35.38
736.554	44.57
736.733	33.84
736.911	32.54
737.09	-3.12
737.268	22.84
737.447	27.22
737.625	36.81
737.803	24.08
737.982	46.99
738.16	11.39
738.338	38.81
738.517	10.4
738.695	46.24
738.873	40.57
739.052	11.98
739.23	-2.26
739.408	19.54
739.586	26.3
739.764	8.09
739.943	20.64
740.121	32.53
740.299	25.05
740.477	21.5
740.655	24
740.833	31.22
741.011	46.86
741.189	27.07
741.367	56.56
741.545	18.79
741.723	22.81
741.901	-4.06
742.079	24.59
742.257	20.08
742.435	28.59
742.613	32.11
742.791	21.65
742.969	16.79
743.147	28.83
743.325	-2.51
743.503	16.35
743.68	17.58
743.858	3.73
744.036	41.61
744.214	6.57
744.391	0.39
744.569	4.07
744.747	18.65
744.925	31.35
745.102	27.64
745.28	8.91
745.458	23.94
745.635	38.52
745.813	48.88
745.99	32.27
746.168	23.06
746.345	62.69
746.523	4.86
746.7	-5.44
746.878	38.01
747.055	25.08
747.233	32.44
747.41	59.82
747.588	18.53
747.765	19.26
747.943	8.67
748.12	18.51
748.297	19.37
748.475	27.56
748.652	28.27
748.829	26.67
749.007	52.41
749.184	54.99
749.361	40.36
749.538	81.12
749.716	39.39
749.893	42.99
750.07	31.55
750.247	12.71
750.424	55.73
750.601	53.61
750.778	6.55
750.956	35.1
751.133	8.42
751.31	35.96
751.487	30.02
751.664	-14.13
751.841	-19.51
752.018	33.85
752.195	-7.9
752.372	31.41
752.549	-32.51
752.726	37.12
752.902	61.01
753.079	42.26
753.256	53.69
753.433	35.37
753.61	42.37
753.787	7.34
753.964	18.13
754.14	-1.91
754.317	44.8
754.494	24.12
754.671	46.77
754.847	28.6
755.024	49.33
755.201	22.81
755.377	8.29
755.554	76.32
755.73	17.48
755.907	-0.51
756.084	39.14
756.26	38.18
756.437	31.74
756.613	43.2
756.79	48.38
756.966	0.49
757.143	52.74
757.319	11.78
757.496	46.96
757.672	73.04
757.849	22.97
758.025	8.37
758.201	7.55
758.378	28.82
758.554	25.51
758.73	34.44
758.907	15.78
759.083	39.04
759.259	94.51
759.435	35.46
759.612	-0.57
759.788	72.8
759.964	-0.47
760.14	49.78
760.316	14.79
760.493	9.46
760.669	105.31
760.845	-19.35
761.021	45.1
761.197	24.79
761.373	43.82
761.549	27.18
761.725	36.38
761.901	14.77
762.077	38.85
762.253	-18.67
762.429	78.74
762.605	28.72
762.781	54.11
762.957	6.96
763.133	46.97
763.308	-10.19
763.484	43.11
763.66	37.14
763.836	7.59
764.012	-53.9
764.187	33.57
764.363	35.91
764.539	-16.57
764.715	39.39
764.89	8.83
765.066	-0.73
765.242	52.39
765.417	30.05
765.593	36.16
765.769	61.63
765.944	6.72
766.12	66.77
766.295	45.51
766.471	16.15
766.646	50.86
766.822	-1.07
766.997	-91.5
767.173	32.93
767.348	-7.18
767.524	66.4
767.699	-3.54
767.875	41.3
768.05	48.53
768.225	21.71
768.401	14.63
768.576	0.95
768.751	-23.63
768.927	8.84
769.102	151
769.277	56.14
769.452	14.49
769.628	61.08
769.803	48.05
769.978	70.23
770.153	-21.47
770.328	77.98
770.503	72
770.679	-68.54
770.854	-14.76
771.029	20.45
771.204	-27.81
771.379	-1.96
771.554	43.86
771.729	11.26
771.904	-20.39
772.079	73.81
772.254	98.3
772.429	74.61
772.604	1.69
772.779	42.5
772.953	8.02
773.128	34.39
773.303	-22.96
773.478	83.14
773.653	12.19
773.828	84.41
774.002	31.06
774.177	14.27
774.352	99.13
774.527	18.38
774.701	58.98
774.876	109.59
775.051	-266.31
775.225	233.98
775.4	17.63
775.575	-3.48
775.749	-59.44
775.924	25.73
776.098	5.74
776.273	83.6
776.447	28.32
776.622	-52.53
776.796	3.03
776.971	20.05
777.145	4.57
777.32	118.74
777.494	65.3
777.669	20.2
777.843	-68.4
778.017	49.43
778.192	65.15
778.366	39.39
778.54	-28.65
778.715	89.41
778.889	168.24
779.063	27.73
779.237	52.74
779.412	11.44
779.586	43.18
779.76	2.21
779.934	50.96
780.108	44.82
780.282	313.43
780.457	47.93
780.631	-208.16
780.805	10.57
780.979	152.24
781.153	81.33
781.327	45.98
781.501	101.59
781.675	96.21
781.849	29.89
782.023	-37.86
782.197	-9.9
782.371	-264
782.545	128.83
782.718	222.61
782.892	84.79
783.066	115.12
783.24	225.91
783.414	5.08
783.588	-20.94
783.761	95.5
783.935	36.9
784.109	-19.16
784.283	-213.91
784.456	224.64
784.63	7.92
784.804	89.82
784.977	46.15
785.151	-14.58
785.324	-30.36
785.498	65.47
785.672	78.09
785.845	66.83
786.019	-8.53
786.192	99.34
786.366	-10.39
786.539	-67.12
786.713	-8.17
786.886	24.83
787.06	63.44
787.233	88.84
787.406	-28.48
787.58	31.88
787.753	41.93
787.926	51.3
788.1	-77.3
788.273	237.74
788.446	95.2
788.62	96.77
788.793	90.18
788.966	122.47
789.139	-25.35
789.313	106.27
789.486	-3171.43
789.659	-202.29
789.832	4.51
790.005	47.04
790.178	37.17
790.351	44.97
790.524	-14.24
790.697	108.39
790.87	380.71
791.044	-338.18
791.216	73.88
791.389	-99.47
791.562	118.35
791.735	-83.54
791.908	709.09
792.081	65.19
792.254	375.82
792.427	-64.68
792.6	-29.74
792.773	-8.93
792.945	26.87
793.118	43.18
793.291	296.7
793.464	-165.96
793.637	121.47
793.809	-55.19
793.982	74.25
794.155	13.81
794.327	154.7
794.5	396.92
794.673	157.89
794.845	-72.37
795.018	88.32
795.19	-222.47
795.363	80.69
795.536	176.94
795.708	-1412.9
795.881	10920
796.053	3.79
796.226	243.43
796.398	146.53
796.57	-11.66
796.743	113.7
796.915	47.68
797.088	114.17
797.26	-552.76
797.432	-341.77
797.605	73.8
797.777	-740.26
797.949	-11.58
798.122	18.77
798.294	239.46
798.466	-72
798.638	-69.59
798.81	136.9
798.983	630.38
799.155	38.41
799.327	-79.52
799.499	47.23
799.671	-44.52
799.843	48.14
800.015	58.37
800.187	78.67
800.359	57.21
800.531	36.23
800.703	30.19
800.875	1.15
801.047	70.23
801.219	145.39
801.391	257.14
801.563	151.08
801.735	60.59
801.907	18.4
802.079	104.1
802.251	-270.33
802.422	-33.07
802.594	38.96
802.766	133.48
802.938	78.03
803.11	198.37
803.281	-11.92
803.453	37.02
803.625	-14.44
803.796	-28.47
803.968	-31.99
804.14	31.58
804.311	83.36
804.483	103.73
804.654	40.12
804.826	276.49
804.998	247.06
805.169	16.22
805.341	148.8
805.512	190.06
805.684	99.79
805.855	60.55
806.026	895.38
806.198	246.63
806.369	19.07
806.541	66.29
806.712	213.6
806.883	96.46
807.055	140.19
807.226	-107.51
807.397	362.64
807.569	-100.88
807.74	34.99
807.911	193.47
808.082	-45.74
808.253	-398.02
808.425	46.31
808.596	-33.71
808.767	401.44
808.938	57.05
809.109	41.58
809.28	-321.33
809.451	33.39
809.622	381.82
809.793	-1064.52
809.964	151.3
810.135	128.14
810.306	-135.26
810.477	438.93
810.648	-25.79
810.819	51.63
810.99	-1800
811.161	171.75
811.332	204.32
811.503	57.48
811.674	286.15
811.844	-470.77
812.015	45.91
812.186	69.94
812.357	162.23
812.527	48.81
812.698	-59.85
812.869	645.28
813.04	83.37
813.21	62.07
813.381	35.02
813.551	15.21
813.722	105.77
813.893	-15.86
814.063	102.73
814.234	-120
814.404	198.27
814.575	-14.24
814.745	153.98
814.916	76.71
815.086	3.79
815.257	99.55
815.427	180.37
815.598	32.91
815.768	88.31
815.938	65.46
816.109	138.46
816.279	86.04
816.449	-34.44
816.62	-2115.79
816.79	101.26
816.96	283.02
817.13	-13.06
817.301	185.79
817.471	22.81
817.641	33.13
817.811	-30.66
817.981	-2657.14
818.152	2.84
818.322	623.76
818.492	295.63
818.662	57.24
818.832	66.52
819.002	69.77
819.172	207.12
819.342	-17.34
819.512	-10.36
819.682	21.87
819.852	-36.57
820.022	137.03
820.192	114.61
820.362	-38.58
820.531	13.68
820.701	225.66
820.871	95.59
821.041	24.43
821.211	12.67
821.381	13.47
821.55	211.91
821.72	-739.53
821.89	230.77
822.059	139.79
822.229	13.74
822.399	2.69
822.568	212.54
822.738	-160.98
822.908	217.18
823.077	-19.93
823.247	98.21
823.416	2011.76
823.586	67.38
823.756	136.9
823.925	417.72
824.095	-125.58
824.264	-196.41
824.433	122.12
824.603	76.86
824.772	-67.03
824.942	-615.19
825.111	-99.5
825.28	227.33
825.45	-140.87
825.619	3.73
825.788	-20.22
825.958	-79.16
826.127	182.45
826.296	64.5
826.465	199.06
826.635	-27.19
826.804	27.79
826.973	77.49
827.142	89.36
827.311	140.94
827.48	102.32
827.649	133.54
827.818	344.88
827.988	110.4
828.157	-5.64
828.326	-42.97
828.495	42.49
828.664	137.74
828.833	-95.41
829.002	-11.18
829.17	157.05
829.339	-3.02
829.508	133.6
829.677	128.09
829.846	35.95
830.015	96.34
830.184	-51.79
830.352	68.4
830.521	341.01
830.69	482.93
830.859	388.24
831.027	-1421.05
831.196	-55.76
831.365	-22.07
831.533	73.43
831.702	17
831.871	7.23
832.039	267.64
832.208	46.96
832.377	-307.09
832.545	38.56
832.714	61.79
832.882	-71.54
833.051	90.77
833.219	3685.71
833.388	29
833.556	22.74
833.724	69.96
833.893	-32.46
834.061	-94.74
834.23	-46.78
834.398	164.48
834.566	148.05
834.735	-1114.29
834.903	79.25
835.071	-3000
835.239	-84.59
835.408	53.55
835.576	13.95
835.744	-17.41
835.912	142.74
836.08	105.25
836.249	-283.02
836.417	131.55
836.585	266.47
836.753	174.93
836.921	340.54
837.089	-7628.57
837.257	-711.63
837.425	-140.43
837.593	46.38
837.761	-18.27
837.929	-17.59
838.097	114.5
838.265	-1.07
838.433	5.9
838.601	74.8
838.769	235.44
838.936	869.66
839.104	89.92
839.272	94.35
839.44	71.85
839.608	-512.2
839.775	30.98
839.943	64.24
840.111	57.2
840.279	-127.2
840.446	80.6
840.614	428.57
840.781	-109.57
840.949	72.57
841.117	62.44
841.284	-270.39
841.452	-108.07
841.619	6.55
841.787	-11.07
841.954	-404.65
842.122	-183.82
842.289	110.12
842.457	96.88
842.624	56.04
842.792	170.8
842.959	51.43
843.126	15.21
843.294	-93.01
843.461	-9.06
843.629	110.4
843.796	133.48
843.963	-217.12
844.13	62.54
844.298	206.18
844.465	-117.2
844.632	-40.99
844.799	81.41
844.966	-28.09
845.134	56.77
845.301	81.5
845.468	-139.07
845.635	-6.36
845.802	-2.55
845.969	47.57
846.136	61.32
846.303	1484.21
846.47	10.39
846.637	156.92
846.804	-410.53
846.971	-17.7
847.138	-48.65
847.305	90.27
847.472	111.25
847.639	80.09
847.805	90.72
847.972	-319.48
848.139	-121.03
848.306	789.47
848.473	-277.61
848.639	79.66
848.806	-14.4
848.973	58.51
849.14	47.32
849.306	-223.32
849.473	-290.07
849.64	-267.69
849.806	66.03
849.973	184.86
850.139	-170.86
850.306	87.67
850.472	183.76
850.639	49.18
850.806	-1168.42
850.972	140.87
851.139	6257.14
851.305	13.01
851.471	19.22
851.638	268.71
851.804	367.16
851.971	-35.92
852.137	42.61
852.303	58.72
852.47	50.4
852.636	-48.8
852.802	146.46
852.968	-160.85
853.135	63.96
853.301	-100.58
853.467	-37.38
853.633	-9.66
853.8	-22.37
853.966	57.87
854.132	942.86
854.298	-354.74
854.464	761.8
854.63	15.13
854.796	156.61
854.962	246.04
855.128	76.36
855.294	-18.56
855.46	-202.35
855.626	-46.15
855.792	-53.28
855.958	285.44
856.124	99.39
856.29	99.34
856.456	-9.46
856.622	109.79
856.787	833.77
856.953	55.77
857.119	-362.38
857.285	8.53
857.45	-74.2
857.616	84.83
857.782	-142.71
857.948	182.45
858.113	-133.11
858.279	-57.87
858.445	316.54
858.61	739.53
858.776	201.62
858.941	-647.52
859.107	16.1
859.273	-18.35
859.438	2.21
859.604	284.21
859.769	42.52
859.935	-160.4
860.1	87.29
860.265	57.48
860.431	-142.45
860.596	8657.14
860.762	71.72
860.927	113.88
861.092	87.47
861.258	-5.1
861.423	220.08
861.588	69.98
861.753	5057.14
861.919	-350.94
862.084	-51.97
862.249	453.56
862.414	247.78
862.579	289.34
862.745	-23.51
862.91	259.04
863.075	146.58
863.24	76.62
863.405	286.43
863.57	-76.22
863.735	198.78
863.9	-238.94
864.065	23.12
864.23	-7.92
864.395	-61.92
864.56	190.33
864.725	-22.78
864.89	-33.71
865.055	220.82
865.22	18.43
865.384	492.13
865.549	87.38
865.714	68.85
865.879	-163.28
866.044	175.08
866.208	111.66
866.373	230.77
866.538	63.23
866.702	-57.05
866.867	64.32
867.032	-12.71
867.196	72.55
867.361	100.8
867.526	-167.38
867.69	18.08
867.855	204.4
868.019	1080
868.184	47.97
868.348	129.01
868.513	522.58
868.677	-165.76
868.842	-116.61
869.006	134.28
869.17	-600
869.335	-73.17
869.499	-215.53
869.663	345.7
869.828	-104.45
869.992	-348.84
870.156	40.48
870.321	124.93
870.485	83.81
870.649	61.74
870.813	24.35
870.978	79.15
871.142	193.85
871.306	65.4
871.47	21.9
871.634	193.7
871.798	406.21
871.962	105.24
872.126	-4885.71
872.29	10.17
872.454	2314.29
872.618	157.89
872.782	80.6
872.946	503.36
873.11	99.5
873.274	315.61
873.438	-1235.29
873.602	-71.24
873.766	-38.96
873.93	-129.86
874.094	-424.72
874.257	23.87
874.421	-3.47
874.585	-272.73
874.749	30.39
874.912	-90.65
875.076	135.48
875.24	-1.97
875.403	141.3
875.567	113.14
875.731	155.06
875.894	252.24
876.058	192.34
876.222	262.92
876.385	153.77
876.549	54.37
876.712	-360
876.876	-99.6
877.039	-2.32
877.203	7.03
877.366	95.72
877.529	57.24
877.693	22.85
877.856	133.15
878.02	16.02
878.183	-92.16
878.346	85.71
878.51	122.12
878.673	-159.71
878.836	20.82
878.999	1219.35
879.163	158.78
879.326	-56.78
879.489	93.19
879.652	64.1
879.815	84.47
879.978	-61.22
880.142	253.69
880.305	532.92
880.468	39.04
880.631	128.91
880.794	45.55
880.957	-219.51
881.12	-2929.41
881.283	88.79
881.446	42.78
881.609	246.04
881.772	21.5
881.935	-1447.06
882.097	115.09
882.26	56.6
882.423	-87.44
882.586	37.64
882.749	-110.2
882.912	18.4
883.074	36.51
883.237	160.09
883.4	173.47
883.562	31.82
883.725	-177.6
883.888	685.04
884.05	-3480
884.213	-34.24
884.376	24.29
884.538	60.72
884.701	60.72
884.863	60.72
