181.954	286.23
182.172	286.23
182.39	286.23
182.608	-6700
182.826	737.36
183.043	-194.47
183.261	-16.62
183.479	183.28
183.697	1911.76
183.914	43.32
184.132	25.13
184.35	505.38
184.567	97.75
184.785	-94.69
185.003	40.36
185.22	87.98
185.438	-18.23
185.656	-121.11
185.873	-312.31
186.091	44.83
186.309	-782.76
186.526	-81
186.744	57.89
186.961	68.11
187.179	33.65
187.396	27.34
187.614	-423.08
187.831	-12220
188.049	139.26
188.266	128.61
188.484	88.06
188.701	511.65
188.919	139.41
189.136	170.82
189.354	166.41
189.571	50.71
189.789	34.37
190.006	77.38
190.223	-447.03
190.441	74.59
190.658	6500
190.876	71.78
191.093	-515.38
191.31	97.2
191.528	25.06
191.745	86.37
191.962	20
192.179	-145.25
192.397	57.89
192.614	79.77
192.831	89.98
193.049	9.35
193.266	418.45
193.483	12.56
193.7	112.31
193.917	30.53
194.135	396.4
194.352	-5.02
194.569	70.01
194.786	212.31
195.003	50.35
195.221	37.03
195.438	-51.24
195.655	162.31
195.872	121.69
196.089	121.72
196.306	108.42
196.523	-49.22
196.74	250.2
196.957	5.64
197.174	-11.68
197.391	131.31
197.608	45.65
197.825	-196.77
198.042	93.03
198.259	-1072.41
198.476	200.91
198.693	15380
198.91	-241.63
199.127	-305.97
199.344	135.63
199.561	42.2
199.778	73.63
199.995	-395.52
200.212	-658.62
200.429	312.32
200.646	727.85
200.862	108.99
201.079	67.03
201.296	436.42
201.513	709.71
201.73	119.19
201.947	68.24
202.163	2.2
202.38	167.05
202.597	275.4
202.814	182.71
203.03	-5260
203.247	23.62
203.464	93.88
203.681	-731.17
203.897	132.72
204.114	-1220.75
204.331	151.09
204.547	-504.65
204.764	113.89
204.981	-1405.88
205.197	285.53
205.414	102.14
205.63	251.72
205.847	210.55
206.064	63.64
206.28	-49.32
206.497	-74.69
206.713	110.42
206.93	-31.02
207.146	112.83
207.363	149.23
207.579	-185.71
207.796	-381.42
208.012	-147.67
208.229	392.54
208.445	-95.1
208.662	96.64
208.878	64.58
209.095	-700
209.311	41.22
209.528	671.43
209.744	208.11
209.96	-96.03
210.177	22.33
210.393	80.28
210.609	4100
210.826	153.99
211.042	447.83
211.258	750.75
211.475	70.05
211.691	47.31
211.907	-396.2
212.124	-44.84
212.34	218.86
212.556	-104.22
212.772	-146.15
212.989	142.38
213.205	190.04
213.421	-18.59
213.637	517.91
213.853	79.77
214.069	-257.89
214.286	136.15
214.502	159.7
214.718	-0.31
214.934	204.25
215.15	-35.08
215.366	77.38
215.582	37.81
215.798	100.4
216.015	105.23
216.231	-232.97
216.447	83.98
216.663	112.9
216.879	234.67
217.095	-168.46
217.311	-790.57
217.527	136.53
217.743	-233.98
217.959	47.17
218.175	87
218.391	353.24
218.606	-0.57
218.822	406.09
219.038	102.14
219.254	121.05
219.47	41.44
219.686	688.76
219.902	89.42
220.118	88.81
220.334	26.43
220.549	64.37
220.765	-81.11
220.981	104.51
221.197	-14.86
221.413	-67.03
221.628	803.8
221.844	-428.3
222.06	173.79
222.276	12.18
222.491	52.36
222.707	98.69
222.923	-361.74
223.139	-32.27
223.354	11.66
223.57	405.51
223.786	49.52
224.001	157.14
224.217	108.16
224.432	-158.96
224.648	212.31
224.864	106.75
225.079	141.79
225.295	-18.11
225.51	-109.73
225.726	-4.29
225.942	101.25
226.157	131.28
226.373	132.34
226.588	60.42
226.804	-3163.16
227.019	234.67
227.235	35.71
227.45	141.82
227.665	9860
227.881	169.29
228.096	447.83
228.312	53.35
228.527	87.92
228.743	356
228.958	34.69
229.173	-355.65
229.389	-73.3
229.604	115.09
229.819	81.47
230.035	25.09
230.25	-28.28
230.465	101.7
230.681	-90.23
230.896	-31.59
231.111	45.01
231.327	-17.3
231.542	-5500
231.757	-164.68
231.972	84.45
232.187	214.04
232.403	-3036.84
232.618	-24.75
232.833	46.86
233.048	281.82
233.263	13.58
233.478	301.74
233.694	-393.02
233.909	-235.48
234.124	46.37
234.339	-37.77
234.554	-700
234.769	61.47
234.984	182.51
235.199	52.18
235.414	-307.08
235.629	-1.27
235.844	128.62
236.059	27.36
236.274	46.83
236.489	41.07
236.704	100.82
236.919	94.17
237.134	22.68
237.349	-126.39
237.564	45.59
237.779	116.89
237.994	9.79
238.209	182.41
238.424	50.92
238.639	78.23
238.853	34.66
239.068	28.7
239.283	-47.43
239.498	177.04
239.713	103.46
239.928	42.46
240.142	63.64
240.357	130.52
240.572	-3.66
240.787	251.5
241.001	137.45
241.216	22.91
241.431	-21
241.646	147.38
241.86	-43.5
242.075	1086.05
242.29	-64.58
242.504	5.8
242.719	119.88
242.934	-29.13
243.148	21.64
243.363	103.64
243.577	-497.75
243.792	72.47
244.007	34.66
244.221	-388.31
244.436	392.54
244.65	65.64
244.865	357.82
245.079	-97.31
245.294	284.17
245.508	0.22
245.723	226.2
245.937	-185.71
246.152	4.72
246.366	166.55
246.581	-49.55
246.795	131.9
247.01	183.38
247.224	59.63
247.438	70.02
247.653	84.22
247.867	114.65
248.081	118.07
248.296	-641.46
248.51	11.35
248.724	90.65
248.939	535.82
249.153	-53.47
249.367	61.87
249.582	104.36
249.796	-590.91
250.01	-111.92
250.224	90.95
250.439	131.55
250.653	25.84
250.867	32.76
251.081	22.27
251.295	24.11
251.51	-71.91
251.724	25.18
251.938	183.27
252.152	-340.88
252.366	189.1
252.58	-307.27
252.794	89.17
253.008	293.38
253.223	7.76
253.437	184.01
253.651	80.91
253.865	64.05
254.079	11.28
254.293	67.13
254.507	412.73
254.721	118.86
254.935	381.32
255.149	53.49
255.363	131.29
255.577	169.8
255.791	150.17
256.005	249.69
256.218	35.83
256.432	-9.46
256.646	119.21
256.86	57.18
257.074	148.18
257.288	2180
257.502	420.88
257.716	100.67
257.929	141.09
258.143	-35.83
258.357	139.58
258.571	74.91
258.785	-53.85
258.998	-7.77
259.212	80.91
259.426	123.32
259.64	150.08
259.853	-0.31
260.067	120.61
260.281	165.79
260.494	69.16
260.708	321.78
260.922	2.26
261.135	54.48
261.349	11.93
261.563	274.46
261.776	-1476.47
261.99	102.8
262.203	74.14
262.417	8.13
262.63	97.29
262.844	-241.57
263.058	142.03
263.271	55.99
263.485	183.89
263.698	37.77
263.912	-0.43
264.125	47.79
264.339	122.05
264.552	17.82
264.765	61.74
264.979	214.11
265.192	32.43
265.406	-0.22
265.619	-58.69
265.832	54.81
266.046	15.51
266.259	178.64
266.473	654.84
266.686	88.34
266.899	59.91
267.113	-3580
267.326	88.69
267.539	53.21
267.752	41.21
267.966	87.55
268.179	194.46
268.392	83.89
268.605	131.5
268.819	150.78
269.032	329.38
269.245	-90.77
269.458	83.76
269.671	181.01
269.885	50.33
270.098	64.82
270.311	-31.65
270.524	120.76
270.737	-58.57
270.95	198.01
271.163	178.74
271.376	1312.9
271.589	-305.06
271.802	62.37
272.016	265.47
272.229	85.42
272.442	-58.7
272.655	-65.01
272.868	38.66
273.081	-551.69
273.294	36.2
273.506	173.5
273.719	57.46
273.932	84.84
274.145	-5740
274.358	-50.92
274.571	88.57
274.784	341.51
274.997	50.66
275.21	-2.61
275.423	-39.2
275.635	17.59
275.848	129.92
276.061	515.89
276.274	-70.84
276.487	-73.91
276.699	83.13
276.912	27.37
277.125	-10.64
277.338	43.96
277.55	67.64
277.763	31.57
277.976	199.4
278.189	-53.85
278.401	56.64
278.614	-143.2
278.827	68.58
279.039	-47.61
279.252	264.35
279.464	45.78
279.677	143.3
279.89	25.41
280.102	-302.01
280.315	-378.05
280.527	1889.47
280.74	-327.59
280.952	161.69
281.165	111
281.377	107.65
281.59	7.21
281.802	101.17
282.015	77.83
282.227	72.6
282.44	370.5
282.652	-646.07
282.865	192.89
283.077	121.2
283.29	110.39
283.502	45.48
283.714	335.07
283.927	127.59
284.139	-102.58
284.351	202.3
284.564	204.81
284.776	-111.9
284.988	3.89
285.201	589.55
285.413	97.46
285.625	-44.86
285.838	80.46
286.05	53.43
286.262	52.77
286.474	112.08
286.686	-6.63
286.899	-91.93
287.111	32.1
287.323	51.1
287.535	-319.8
287.747	165.85
287.959	38.46
288.172	-67.27
288.384	24.38
288.596	43.51
288.808	69.81
289.02	-247.17
289.232	41.44
289.444	75.99
289.656	-105.86
289.868	85.31
290.08	183.44
290.292	60.85
290.504	13.95
290.716	45.48
290.928	79.38
291.14	918.6
291.352	-8.67
291.564	-2605.88
291.776	110.68
291.988	36.2
292.2	124.64
292.412	-369.19
292.624	35.74
292.835	535.82
293.047	-31.96
293.259	-37.93
293.471	0.45
293.683	529.27
293.895	100.7
294.106	26.51
294.318	3.79
294.53	65.54
294.742	2734.48
294.953	-4.8
295.165	86.5
295.377	111.96
295.589	115.41
295.8	49.08
296.012	74.96
296.224	28.64
296.435	158.52
296.647	159.04
296.858	215.11
297.07	850.77
297.282	31.93
297.493	152.57
297.705	198.29
297.916	73.26
298.128	38.96
298.34	19.35
298.551	67.08
298.763	41.25
298.974	125.36
299.186	55.4
299.397	104.66
299.609	35.48
299.82	166.82
300.031	60.75
300.243	1131.58
300.454	-59.51
300.666	86.76
300.877	153.08
301.089	122.13
301.3	95.11
301.511	68.49
301.723	68.96
301.934	-216.42
302.145	-90.94
302.357	200.85
302.568	68
302.779	85.02
302.99	69.51
303.202	124.83
303.413	42.07
303.624	-122.37
303.835	-66.04
304.047	-97.57
304.258	89.99
304.469	37.13
304.68	-32.81
304.891	2.44
305.103	59.85
305.314	33.42
305.525	8042.86
305.736	471.65
305.947	49.48
306.158	1417.65
306.369	109.58
306.58	89.01
306.791	55.41
307.002	-19.21
307.213	72.6
307.424	-106.36
307.636	189.37
307.846	180.25
308.057	1257.28
308.268	-55.31
308.479	132.85
308.69	52.68
308.901	131.29
309.112	248.84
309.323	42.35
309.534	231.27
309.745	60.64
309.956	-20.11
310.167	-12.27
310.377	40.36
310.588	23.57
310.799	159.92
311.01	10.71
311.221	50.4
311.432	15.16
311.642	17.47
311.853	129.55
312.064	127.59
312.275	120.82
312.485	164.58
312.696	50.14
312.907	186.43
313.117	66.02
313.328	54.11
313.539	5.88
313.749	-56.82
313.96	-27.47
314.171	67.23
314.381	60.7
314.592	48.24
314.802	79.76
315.013	65.12
315.224	49.02
315.434	-1836.84
315.645	6980
315.855	97.82
316.066	-335.96
316.276	165.02
316.487	148.78
316.697	57.16
316.908	62.62
317.118	159.21
317.329	185.65
317.539	24.47
317.749	26.18
317.96	-413.43
318.17	-59.83
318.381	724.18
318.591	-238.46
318.801	43.27
319.012	198.94
319.222	325.24
319.432	8.68
319.643	76.68
319.853	10.31
320.063	77.32
320.273	-9.49
320.484	-581.32
320.694	98.37
320.904	81.02
321.114	257.3
321.325	-327.59
321.535	141.71
321.745	-39.2
321.955	32.9
322.165	130.21
322.375	29.54
322.585	271.78
322.796	1203.45
323.006	101.13
323.216	144.82
323.426	-53.85
323.636	34.93
323.846	1493.1
324.056	71.25
324.266	51.77
324.476	39.22
324.686	130.27
324.896	-11.5
325.106	635.85
325.316	16.96
325.526	-1836.84
325.736	41.04
325.946	-14.89
326.156	235.06
326.366	-334.78
326.576	70.66
326.785	-66.83
326.995	54.67
327.205	-60.8
327.415	304.75
327.625	-200.73
327.835	23.1
328.044	210.55
328.254	395.65
328.464	198.94
328.674	132.82
328.884	7.91
329.093	89.3
329.303	46.71
329.513	-267.7
329.722	1131.58
329.932	96.42
330.142	-72.68
330.351	34.82
330.561	150.91
330.771	-35.79
330.98	146.87
331.19	-275.38
331.4	-161.48
331.609	50.14
331.819	-378.05
332.028	54.29
332.238	158.31
332.447	76.75
332.657	17.9
332.866	152.12
333.076	35.88
333.285	81.76
333.495	964.52
333.704	26.46
333.914	97.85
334.123	45.89
334.333	-330.77
334.542	88.01
334.752	112.31
334.961	-654.72
335.17	-96.98
335.38	19.35
335.589	101.65
335.798	127.93
336.008	209.89
336.217	35.32
336.426	77.93
336.636	-20.85
336.845	151.83
337.054	-107.79
337.263	130.31
337.473	35.83
337.682	167.75
337.891	94.4
338.1	517.27
338.309	0.36
338.519	199.32
338.728	17.63
338.937	27.56
339.146	94.24
339.355	-428.3
339.564	3973.68
339.773	246.73
339.983	129.46
340.192	93.04
340.401	84.74
340.61	60.28
340.819	42.77
341.028	0.33
341.237	-2394.12
341.446	98.5
341.655	62.28
341.864	-159.72
342.073	77.81
342.282	-144.82
342.491	67.82
342.699	-210.68
342.908	79.22
343.117	107.39
343.326	9.31
343.535	587.27
343.744	-5.85
343.953	266.86
344.162	75.26
344.37	47.64
344.579	231.34
344.788	18.16
344.997	-42.12
345.206	187.3
345.414	67.1
345.623	159.04
345.832	-22.72
346.041	-29.95
346.249	86.55
346.458	34.22
346.667	52.77
346.875	98.76
347.084	61
347.293	7.56
347.501	-210.9
347.71	-1.58
347.918	8.49
348.127	-80.22
348.336	-111.92
348.544	130.39
348.753	-91.04
348.961	-64.58
349.17	370.27
349.378	55.78
349.587	-9.18
349.795	430.1
350.004	-109.23
350.212	-1.49
350.421	107.08
350.629	54.08
350.838	61.21
351.046	173.82
351.254	50.29
351.463	21.83
351.671	-573.68
351.879	69.16
352.088	65.8
352.296	-126.55
352.504	166.54
352.713	14.17
352.921	-66.93
353.129	90.97
353.338	-115.74
353.546	114.58
353.754	227.61
353.962	-137.64
354.171	37.11
354.379	-3605.26
354.587	64.14
354.795	218.57
355.003	58.8
355.212	68.58
355.42	500
355.628	190.6
355.836	117.63
356.044	66.35
356.252	1.28
356.46	37.17
356.668	481.54
356.876	61.21
357.084	71.3
357.292	115.85
357.5	-49.55
357.708	24.53
357.916	-6.81
358.124	-115.74
358.332	-216.42
358.54	390.91
358.748	-45.45
358.956	36.07
359.164	42.02
359.372	64.64
359.58	102.88
359.788	67.39
359.996	97.95
360.203	18.02
360.411	4.84
360.619	-283.92
360.827	30.43
361.035	-7.98
361.242	95.31
361.45	59.49
361.658	27.96
361.866	2.06
362.073	211.66
362.281	62.6
362.489	-41.94
362.697	141.91
362.904	64.95
363.112	251.41
363.32	17.84
363.527	-334.78
363.735	-51.35
363.943	5.97
364.15	67.49
364.358	91.18
364.565	74.95
364.773	7.01
364.98	-123.32
365.188	90.5
365.395	124.81
365.603	52.54
365.81	-2.76
366.018	59.94
366.225	34.82
366.433	-71.71
366.64	87.13
366.848	87.21
367.055	7.21
367.263	24.03
367.47	55.61
367.677	226.58
367.885	84.92
368.092	68.3
368.299	-3.66
368.507	121.3
368.714	574.34
368.921	292.13
369.129	75.38
369.336	89.22
369.543	54.21
369.751	-32.09
369.958	-81.17
370.165	40.12
370.372	39.69
370.579	76.47
370.787	76.47
370.994	16.07
371.201	74.93
371.408	90.49
371.615	22.24
371.822	38.04
372.029	166.44
372.237	47.43
372.444	143.24
372.651	13.41
372.858	-56.01
373.065	40.58
373.272	122.51
373.479	-575.86
373.686	-63.03
373.893	243.69
374.1	-102.87
374.307	-354.68
374.514	213.36
374.721	-1.6
374.928	546.75
375.135	86.28
375.341	-7900
375.548	80.08
375.755	125.66
375.962	41.56
376.169	129.04
376.376	91.9
376.583	29.05
376.789	74.31
376.996	32.68
377.203	47.9
377.41	13.95
377.617	63.64
377.823	70.05
378.03	306.45
378.237	26.9
378.443	61.14
378.65	-1039.62
378.857	8.49
379.063	165.82
379.27	-449.57
379.477	-32.97
379.683	-39.51
379.89	40.62
380.097	-14.29
380.303	33.66
380.51	-0.15
380.716	22.34
380.923	122.05
381.129	67.01
381.336	27.56
381.542	109.41
381.749	37.94
381.955	-17.82
382.162	129.66
382.368	-59.83
382.575	-61.12
382.781	872.41
382.988	-41.49
383.194	-32.73
383.4	-11.69
383.607	74.97
383.813	243.17
384.02	79.82
384.226	108.78
384.432	76.6
384.639	88.55
384.845	-274.68
385.051	77.54
385.257	19.4
385.464	37.4
385.67	74.19
385.876	119.01
386.082	-32.88
386.289	77.8
386.495	45.08
386.701	-176.22
386.907	18.16
387.113	58.68
387.319	80.74
387.526	199.02
387.732	159.84
387.938	327.2
388.144	61.74
388.35	97.43
388.556	114.73
388.762	83.47
388.968	890.7
389.174	26.91
389.38	106.05
389.586	-4.85
389.792	60.31
389.998	-33.91
390.204	-112.24
390.41	93.46
390.616	105.23
390.822	73.83
391.028	33.4
391.234	56.84
391.439	-338.83
391.645	36.07
391.851	60.19
392.057	-30.02
392.263	47.76
392.469	76.6
392.674	-23.28
392.88	41.9
393.086	38.68
393.292	-2.38
393.498	42.23
393.703	52.61
393.909	46.27
394.115	90.33
394.32	13.39
394.526	15.36
394.732	65.19
394.937	57.65
395.143	-97.57
395.349	85.31
395.554	-109.05
395.76	64.32
395.965	11.89
396.171	16.65
396.377	11.55
396.582	90.6
396.788	-1.92
396.993	71.32
397.199	-6.64
397.404	46.6
397.61	26.91
397.815	-70.27
398.021	33.96
398.226	-9.88
398.431	10.67
398.637	27.89
398.842	31.44
399.048	23.63
399.253	68.33
399.458	22.14
399.664	-14.29
399.869	-3.47
400.074	17.75
400.28	25.33
400.485	13.02
400.69	6.3
400.896	-5.64
401.101	36.12
401.306	27.64
401.511	2.71
401.716	-3.99
401.922	11.16
402.127	-6.42
402.332	9.9
402.537	45.34
402.742	22.94
402.947	48.5
403.153	12.94
403.358	5.18
403.563	30.52
403.768	23.28
403.973	0.48
404.178	28.19
404.383	10.56
404.588	27.35
404.793	19.49
404.998	4.88
405.203	-0.43
405.408	22
405.613	17.66
405.818	10.92
406.023	-7.27
406.228	-2.53
406.433	-2.27
406.638	7.03
406.842	12.52
407.047	20.65
407.252	1.83
407.457	5.22
407.662	8.05
407.867	5.11
408.071	6.37
408.276	-2.43
408.481	7.05
408.686	3.86
408.891	7.83
409.095	9.63
409.3	4.9
409.505	4.09
409.709	2
409.914	1.75
410.119	2.02
410.323	1.65
410.528	-1.53
410.733	6.1
410.937	-1.01
411.142	4.35
411.346	4.56
411.551	-0.01
411.756	2.78
411.96	4.58
412.165	-4.7
412.369	1.66
412.574	3.73
412.778	5.29
412.983	1.88
413.187	3.93
413.392	-1
413.596	4
413.8	2.88
414.005	6.15
414.209	4.26
414.414	3.86
414.618	-0.51
414.822	1.34
415.027	4.06
415.231	1.66
415.435	1.79
415.64	2.31
415.844	1.76
416.048	3.32
416.252	3.57
416.457	1.7
416.661	1.45
416.865	-0.38
417.069	0.51
417.274	3.67
417.478	2.33
417.682	1.74
417.886	1
418.09	4.04
418.294	3.14
418.498	3.26
418.702	3.45
418.907	1.57
419.111	1.09
419.315	2.3
419.519	2.81
419.723	0.52
419.927	0.46
420.131	4.67
420.335	0.27
420.539	1.63
420.743	5.35
420.947	0.49
421.151	0.68
421.355	1.31
421.558	2.5
421.762	2.29
421.966	1.04
422.17	1.52
422.374	2.37
422.578	0.57
422.782	2.52
422.985	1.29
423.189	1.42
423.393	1.12
423.597	1
423.801	2.08
424.004	0.74
424.208	0.89
424.412	1.19
424.615	1.07
424.819	1.23
425.023	1.69
425.226	1.87
425.43	2.09
425.634	1.85
425.837	1.22
426.041	1.45
426.245	1.53
426.448	1.29
426.652	1.27
426.855	0.8
427.059	0.66
427.262	1.56
427.466	0.89
427.669	0.57
427.873	1.15
428.076	1.53
428.28	0.89
428.483	1.07
428.687	0.62
428.89	0.77
429.094	0.55
429.297	1.22
429.5	1.99
429.704	1.38
429.907	1.48
430.11	1.29
430.314	1.53
430.517	1.18
430.72	1.36
430.924	1.85
431.127	1.02
431.33	0.88
431.533	0.64
431.737	1.13
431.94	0.42
432.143	1.13
432.346	0.9
432.549	0.84
432.752	1.26
432.956	1.25
433.159	0.55
433.362	0.87
433.565	1.28
433.768	0.96
433.971	0.6
434.174	1.09
434.377	1.07
434.58	1.12
434.783	0.44
434.986	1.09
435.189	1.58
435.392	0.87
435.595	1.13
435.798	0.8
436.001	0.97
436.204	0.83
436.407	0.9
436.61	1.19
436.813	1.47
437.016	1.17
437.219	1.04
437.421	1.11
437.624	0.64
437.827	1.28
438.03	0.99
438.233	0.79
438.435	1.1
438.638	1.04
438.841	1.12
439.044	0.91
439.246	0.81
439.449	1.09
439.652	0.85
439.854	0.79
440.057	1.24
440.26	1.35
440.462	1.23
440.665	0.91
440.868	0.9
441.07	0.92
441.273	1.03
441.475	0.72
441.678	1.14
441.88	0.91
442.083	0.67
442.286	1.08
442.488	0.62
442.69	1.14
442.893	1.13
443.095	0.61
443.298	0.91
443.5	0.99
443.703	0.65
443.905	0.85
444.108	0.72
444.31	1.05
444.512	0.67
444.715	0.87
444.917	0.87
445.119	1.14
445.322	0.83
445.524	1.43
445.726	0.73
445.928	0.93
446.131	1.08
446.333	0.69
446.535	0.91
446.737	0.91
446.94	1.21
447.142	0.93
447.344	1.17
447.546	1.11
447.748	0.84
447.95	1.26
448.152	0.98
448.354	1.03
448.557	1.21
448.759	1.03
448.961	0.93
449.163	1.01
449.365	1.24
449.567	1.05
449.769	0.88
449.971	1.01
450.173	0.88
450.375	0.79
450.577	1.09
450.779	1.13
450.981	1.29
451.182	0.82
451.384	0.92
451.586	1.2
451.788	1.01
451.99	0.72
452.192	0.77
452.394	1.43
452.595	1.69
452.797	0.61
452.999	1.42
453.201	1.29
453.402	1.15
453.604	1.05
453.806	1.35
454.008	1
454.209	1.08
454.411	1.29
454.613	0.9
454.814	1.15
455.016	1.43
455.218	0.68
455.419	1.47
455.621	1.47
455.822	0.84
456.024	1.04
456.225	1.35
456.427	1.01
456.629	0.93
456.83	1.35
457.032	1.33
457.233	1.05
457.435	0.51
457.636	1.22
457.837	0.96
458.039	0.84
458.24	0.97
458.442	1.23
458.643	0.72
458.844	1.64
459.046	0.56
459.247	1.44
459.448	1.22
459.65	1.18
459.851	1.78
460.052	1.3
460.254	1.61
460.455	0.92
460.656	1.72
460.857	0.8
461.059	0.77
461.26	0.88
461.461	1.42
461.662	1.07
461.863	1.05
462.065	1.79
462.266	1.48
462.467	0.87
462.668	1.27
462.869	1.23
463.07	1.2
463.271	1.08
463.472	0.65
463.673	1.28
463.874	1.07
464.075	1.54
464.276	1.59
464.477	1.28
464.678	2.08
464.879	0.86
465.08	1.43
465.281	1.07
465.482	0.8
465.683	0.87
465.884	0.73
466.085	1.04
466.285	0.81
466.486	1.4
466.687	1.21
466.888	1.34
467.089	1.09
467.29	1.06
467.49	1.51
467.691	2.16
467.892	0.72
468.093	1.22
468.293	0.86
468.494	1.37
468.695	0.87
468.895	0.86
469.096	0.63
469.297	1.39
469.497	0.96
469.698	2.05
469.898	-0.05
470.099	2.36
470.3	1.99
470.5	0.68
470.701	1.87
470.901	2.18
471.102	2.19
471.302	0.25
471.503	1.72
471.703	1.99
471.904	2.41
472.104	-0.15
472.305	1.33
472.505	2.28
472.705	3.26
472.906	2.47
473.106	2.4
473.306	1.92
473.507	2.99
473.707	3.18
473.907	1.65
474.108	1.34
474.308	0.6
474.508	0.75
474.709	1.84
474.909	1.56
475.109	-0.16
475.309	2.17
475.51	1.46
475.71	2
475.91	2.39
476.11	0.88
476.31	0.53
476.51	1.03
476.71	1.24
476.911	3.78
477.111	1.43
477.311	0.58
477.511	1.18
477.711	1.1
477.911	0.57
478.111	3.3
478.311	2.51
478.511	0.98
478.711	3.18
478.911	0.62
479.111	1.25
479.311	0.9
479.511	3.61
479.711	0.45
479.91	0.34
480.11	2.23
480.31	1.82
480.51	2.95
480.71	1.62
480.91	3.19
481.109	2.37
481.309	2.14
481.509	-0.81
481.709	2.79
481.909	2.62
482.108	0.22
482.308	0.16
482.508	3.16
482.707	2.01
482.907	0.82
483.107	2.38
483.306	2.75
483.506	2.57
483.706	0.09
483.905	0.19
484.105	2.81
484.304	2.14
484.504	1.33
484.704	2.88
484.903	1.79
485.103	1.48
485.302	1.08
485.502	0.37
485.701	2.77
485.901	1.34
486.1	1.22
486.299	2.72
486.499	0.46
486.698	1.27
486.898	2.14
487.097	1.6
487.296	0.33
487.496	1.04
487.695	1.16
487.894	0.54
488.094	1.66
488.293	1.84
488.492	2.33
488.692	2.05
488.891	2.4
489.09	1.75
489.289	0.76
489.489	2.61
489.688	1.57
489.887	2.05
490.086	1.41
490.285	1.84
490.484	2.37
490.683	2.88
490.883	2.48
491.082	2.3
491.281	2.15
491.48	1.4
491.679	1.25
491.878	1.42
492.077	2.03
492.276	2.1
492.475	1.44
492.674	0.73
492.873	1.11
493.072	0.86
493.271	1.24
493.47	1.12
493.669	0.63
493.867	0.17
494.066	1.05
494.265	1.84
494.464	2.26
494.663	0.68
494.862	1.14
495.06	0.67
495.259	0.02
495.458	1.13
495.657	2.35
495.856	0.63
496.054	1.53
496.253	0.97
496.452	1.26
496.65	1.03
496.849	0.57
497.048	0.81
497.246	0.68
497.445	2.14
497.644	1.55
497.842	1.84
498.041	1.62
498.239	1.29
498.438	1.1
498.636	1.39
498.835	1.71
499.034	1.29
499.232	1.02
499.431	0.59
499.629	0.73
499.827	1.24
500.026	0.99
500.224	1.22
500.423	0.19
500.621	1.43
500.82	1.39
501.018	2.1
501.216	0.68
501.415	1.7
501.613	0.69
501.811	1.4
502.01	1.72
502.208	1.81
502.406	1.46
502.604	2.41
502.803	1.07
503.001	1.9
503.199	1.12
503.397	0.8
503.595	1.1
503.794	1.05
503.992	1.29
504.19	0.58
504.388	1.56
504.586	1.54
504.784	0.46
504.982	0.8
505.18	0.88
505.378	0.48
505.576	1.37
505.774	1.21
505.972	0.79
506.17	1.6
506.368	0.99
506.566	0.9
506.764	1.04
506.962	1.15
507.16	1.45
507.358	1.41
507.556	1.46
507.754	1.21
507.952	1.71
508.15	1.27
508.347	0.99
508.545	1.11
508.743	1.19
508.941	1.4
509.139	1.79
509.336	1.05
509.534	1.55
509.732	1.26
509.93	0.78
510.127	1.54
510.325	1.24
510.523	1.57
510.72	1.42
510.918	1.16
511.116	1
511.313	0.38
511.511	1.09
511.708	1.01
511.906	1.25
512.104	1.22
512.301	1.05
512.499	1.13
512.696	1.29
512.894	0.82
513.091	1.27
513.289	0.52
513.486	0.9
513.683	1.08
513.881	1.22
514.078	1.09
514.276	1.13
514.473	0.72
514.67	1.18
514.868	1.44
515.065	1.2
515.262	0.93
515.46	1.08
515.657	1.15
515.854	0.64
516.052	1
516.249	1.52
516.446	1.16
516.643	1.44
516.84	1.37
517.038	1.04
517.235	0.89
517.432	0.93
517.629	1.23
517.826	1.29
518.023	1.11
518.221	1.25
518.418	1.18
518.615	1.18
518.812	1.02
519.009	1.22
519.206	0.62
519.403	0.84
519.6	1.08
519.797	1.04
519.994	1.07
520.191	1.54
520.388	1.48
520.585	1.36
520.782	1.18
520.978	0.69
521.175	1.25
521.372	1.49
521.569	1.09
521.766	1.27
521.963	0.96
522.159	1.39
522.356	1.25
522.553	1.63
522.75	1.07
522.947	1.18
523.143	1.24
523.34	1.54
523.537	1.51
523.733	1.08
523.93	1.05
524.127	0.93
524.323	1.3
524.52	1.16
524.717	1.07
524.913	1.13
525.11	1.13
525.306	1.34
525.503	1.17
525.7	1.68
525.896	0.78
526.093	1.29
526.289	1.6
526.486	1.11
526.682	1.03
526.878	1.05
527.075	1.31
527.271	0.91
527.468	1.43
527.664	1.04
527.861	1.32
528.057	1.26
528.253	1.13
528.45	1.3
528.646	1.59
528.842	1.66
529.039	1.17
529.235	1.85
529.431	1.34
529.627	1.47
529.824	1.34
530.02	1.13
530.216	1.48
530.412	1.46
530.608	1.19
530.804	1.19
531.001	1.66
531.197	1.46
531.393	1.36
531.589	1.15
531.785	1.15
531.981	1.26
532.177	1.58
532.373	1.46
532.569	1.27
532.765	1.38
532.961	1.26
533.157	1.09
533.353	1.28
533.549	1.46
533.745	1.61
533.941	1.8
534.137	1.51
534.333	1.16
534.529	1.5
534.725	1.64
534.92	1.4
535.116	1.1
535.312	1.62
535.508	1.26
535.704	1.59
535.899	1.4
536.095	1.42
536.291	1.4
536.487	0.72
536.682	1.54
536.878	1.56
537.074	1.25
537.269	1.16
537.465	0.96
537.661	1.47
537.856	1.57
538.052	1.63
538.248	1.48
538.443	1.78
538.639	1.5
538.834	1.31
539.03	1.37
539.225	1.3
539.421	1.37
539.616	1.39
539.812	1.28
540.007	1.67
540.203	1.42
540.398	1.22
540.593	1.59
540.789	1.45
540.984	1.6
541.18	1.6
541.375	1.53
541.57	1.75
541.766	1.52
541.961	1.46
542.156	1.76
542.352	1.61
542.547	1.42
542.742	1.39
542.937	1.8
543.133	1.96
543.328	1.78
543.523	1.29
543.718	1.42
543.913	1.74
544.108	1.34
544.304	1.47
544.499	1.54
544.694	1.42
544.889	1.47
545.084	1.77
545.279	1.61
545.474	1.64
545.669	1.63
545.864	1.43
546.059	1.45
546.254	1.08
546.449	1.83
546.644	1.51
546.839	1.56
547.034	1.44
547.229	1.78
547.424	1.72
547.618	2
547.813	1.53
548.008	1.72
548.203	1.63
548.398	1.64
548.593	2.12
548.787	1.78
548.982	1.76
549.177	1.68
549.372	1.65
549.566	1.72
549.761	1.52
549.956	1.5
550.15	1.55
550.345	1.75
550.54	2.07
550.734	1.66
550.929	1.77
551.124	1.6
551.318	1.76
551.513	1.64
551.707	1.92
551.902	1.99
552.096	1.94
552.291	2.03
552.485	1.68
552.68	1.73
552.874	1.91
553.069	2.13
553.263	1.87
553.458	1.81
553.652	2.03
553.847	1.84
554.041	1.79
554.235	1.55
554.43	1.75
554.624	2.02
554.818	1.99
555.013	1.79
555.207	1.75
555.401	2.07
555.595	1.82
555.79	1.76
555.984	1.77
556.178	2.03
556.372	1.92
556.566	1.82
556.761	1.9
556.955	1.86
557.149	2.09
557.343	2
557.537	1.89
557.731	2.13
557.925	1.85
558.119	1.73
558.313	1.97
558.507	1.6
558.701	2.14
558.895	2.23
559.089	2.07
559.283	1.83
559.477	2.01
559.671	1.94
559.865	2.04
560.059	1.91
560.253	2.03
560.447	2.06
560.641	1.85
560.835	2.09
561.028	2.16
561.222	2.07
561.416	2.24
561.61	1.88
561.804	2.07
561.997	2.09
562.191	2.07
562.385	2.19
562.579	1.94
562.772	2.52
562.966	1.87
563.16	1.87
563.353	2.21
563.547	2.08
563.741	2.12
563.934	2.23
564.128	2.04
564.321	2.31
564.515	2.23
564.708	2.23
564.902	1.97
565.095	2.27
565.289	2.58
565.482	2.43
565.676	2.06
565.869	2.23
566.063	2.11
566.256	2.31
566.45	2.08
566.643	2.28
566.836	2.29
567.03	2.42
567.223	2.08
567.416	2.7
567.61	2.29
567.803	2.31
567.996	2.51
568.19	2.19
568.383	2.28
568.576	1.99
568.769	2.46
568.963	2.43
569.156	2.44
569.349	2.39
569.542	2.61
569.735	2.33
569.928	2.2
570.121	2.45
570.315	2.35
570.508	2.18
570.701	2.5
570.894	2.38
571.087	2.45
571.28	2.73
571.473	2.54
571.666	2.6
571.859	2.62
572.052	2.44
572.245	2.69
572.438	2.54
572.631	2.52
572.824	2.25
573.016	2.42
573.209	2.79
573.402	2.57
573.595	2.75
573.788	2.94
573.981	2.52
574.173	2.65
574.366	2.45
574.559	2.74
574.752	2.68
574.944	2.49
575.137	2.76
575.33	2.51
575.523	2.94
575.715	2.71
575.908	2.76
576.101	2.64
576.293	2.83
576.486	2.6
576.678	2.81
576.871	2.94
577.063	2.78
577.256	2.71
577.449	2.71
577.641	2.63
577.834	2.61
578.026	2.79
578.219	2.39
578.411	2.81
578.603	3.04
578.796	2.89
578.988	2.66
579.181	2.94
579.373	2.9
579.565	3.12
579.758	2.75
579.95	2.85
580.142	2.65
580.335	2.81
580.527	3.14
580.719	3.15
580.912	2.81
581.104	3.26
581.296	3.1
581.488	3.07
581.68	3.15
581.873	2.87
582.065	2.81
582.257	3.23
582.449	2.87
582.641	3
582.833	2.8
583.025	2.68
583.217	3.03
583.41	3.12
583.602	2.98
583.794	3.02
583.986	3.42
584.178	3.17
584.37	3.62
584.562	2.85
584.753	2.94
584.945	3.14
585.137	3.07
585.329	3.14
585.521	3.55
585.713	3.09
585.905	3.12
586.097	3.28
586.289	3.3
586.48	3.59
586.672	3.12
586.864	3.48
587.056	3.53
587.247	2.95
587.439	3.27
587.631	3.35
587.823	3.51
588.014	3.04
588.206	3.19
588.398	3.01
588.589	3.45
588.781	3.25
588.972	3.48
589.164	3.52
589.356	3.51
589.547	3.46
589.739	3.14
589.93	3.49
590.122	3.59
590.313	3.14
590.505	3.45
590.696	3.54
590.888	3.57
591.079	3.69
591.271	3.55
591.462	3.71
591.653	3.83
591.845	3.63
592.036	3.76
592.227	3.66
592.419	3.25
592.61	3.49
592.801	3.44
592.993	3.78
593.184	4.09
593.375	3.36
593.566	3.76
593.758	3.4
593.949	3.83
594.14	3.52
594.331	3.42
594.522	3.76
594.713	3.58
594.905	3.99
595.096	4.08
595.287	3.88
595.478	3.75
595.669	3.8
595.86	4.13
596.051	4.05
596.242	3.82
596.433	3.91
596.624	3.99
596.815	4.09
597.006	4.16
597.197	4.1
597.388	3.69
597.579	4.19
597.77	3.7
597.96	4.09
598.151	3.97
598.342	3.84
598.533	4.36
598.724	4.29
598.915	4.43
599.105	4.43
599.296	4.46
599.487	3.51
599.678	4.06
599.868	4.79
600.059	3.93
600.25	4.37
600.44	4.36
600.631	4.85
600.822	4.21
601.012	4.26
601.203	4.17
601.394	4.22
601.584	4.49
601.775	4.39
601.965	4.37
602.156	4.23
602.346	4.34
602.537	4.5
602.727	4.42
602.918	4.51
603.108	4.63
603.299	4.21
603.489	4.75
603.679	4.72
603.87	4.52
604.06	4.55
604.251	4.62
604.441	4.17
604.631	4.46
604.822	4.65
605.012	4.72
605.202	4.81
605.392	4.44
605.583	4.46
605.773	5.13
605.963	4.84
606.153	4.41
606.344	4.55
606.534	4.61
606.724	4.99
606.914	4.56
607.104	4.78
607.294	4.65
607.484	4.65
607.674	4.94
607.864	4.84
608.054	4.79
608.245	5.22
608.435	4.98
608.625	5.25
608.814	4.61
609.004	5.3
609.194	4.64
609.384	5.18
609.574	4.84
609.764	5.2
609.954	5.02
610.144	4.78
610.334	4.78
610.524	5.09
610.713	5.34
610.903	5.34
611.093	5.22
611.283	5.39
611.473	5.51
611.662	5.08
611.852	5.28
612.042	4.82
612.231	5.17
612.421	5.5
612.611	5.18
612.8	5.09
612.99	5.36
613.18	5.14
613.369	5.69
613.559	5.6
613.748	5.07
613.938	5.51
614.128	5.1
614.317	5.7
614.507	5.36
614.696	5.36
614.886	5.24
615.075	5.26
615.264	5.2
615.454	6.11
615.643	5.34
615.833	5.19
616.022	5.32
616.211	5.74
616.401	5.53
616.59	5.77
616.779	5.8
616.969	5.24
617.158	5.09
617.347	5.84
617.537	5.54
617.726	5.71
617.915	5.29
618.104	5.29
618.293	5.14
618.483	6.01
618.672	5.97
618.861	6.13
619.05	5.92
619.239	5.46
619.428	5.82
619.617	6.25
619.806	6.27
619.995	5.45
620.184	5.55
620.373	5.56
620.562	5.26
620.751	5.94
620.94	5.9
621.129	5.8
621.318	6
621.507	5.79
621.696	5.78
621.885	5.25
622.074	5.75
622.263	6.09
622.452	6.35
622.64	6.2
622.829	6.12
623.018	6.72
623.207	6.08
623.396	6.16
623.584	5.89
623.773	6.6
623.962	5.87
624.15	6.4
624.339	6.37
624.528	6.66
624.716	5.95
624.905	6.35
625.094	6.26
625.282	6.36
625.471	6.07
625.659	6.04
625.848	6.16
626.037	5.78
626.225	6.01
626.414	6.17
626.602	6.28
626.791	6.36
626.979	6.33
627.167	6.75
627.356	6.27
627.544	6.46
627.733	7.07
627.921	6.66
628.109	6.81
628.298	5.82
628.486	6.21
628.674	7.1
628.863	6.57
629.051	6.92
629.239	7.06
629.428	6.44
629.616	6.66
629.804	6.89
629.992	6.61
630.18	6.62
630.369	7.27
630.557	7.35
630.745	6.38
630.933	7.13
631.121	7.15
631.309	6.97
631.497	6.39
631.685	7.1
631.873	6.37
632.061	6.44
632.249	7.18
632.437	7.24
632.625	7.02
632.813	6.82
633.001	7.38
633.189	7.55
633.377	7.32
633.565	6.14
633.753	6.65
633.941	7.2
634.129	6.37
634.316	6.76
634.504	6.92
634.692	7.65
634.88	7.71
635.068	6.88
635.255	7.28
635.443	6.95
635.631	7.59
635.818	7.78
636.006	7.9
636.194	7.75
636.382	6.55
636.569	8.02
636.757	7.69
636.944	7.53
637.132	6.76
637.32	7.6
637.507	7.21
637.695	7.18
637.882	7.23
638.07	8.46
638.257	6.93
638.445	6.72
638.632	7.44
638.82	7.35
639.007	6.43
639.194	7.22
639.382	7.28
639.569	7.11
639.757	8.16
639.944	6.63
640.131	7.05
640.319	7.47
640.506	7.43
640.693	8.11
640.88	7.16
641.068	7.48
641.255	7.99
641.442	7.32
641.629	7.35
641.817	7.75
642.004	6.88
642.191	7.92
642.378	8.32
642.565	7.82
642.752	7.14
642.939	7.37
643.126	7.15
643.313	8.45
643.501	7.81
643.688	7.3
643.875	7.5
644.062	7.64
644.249	8.1
644.435	7.2
644.622	7.83
644.809	7.66
644.996	7.43
645.183	8.2
645.37	8.1
645.557	7.78
645.744	7.52
645.931	6.99
646.117	7.5
646.304	7.86
646.491	8.08
646.678	8.26
646.865	7.83
647.051	8.5
647.238	8.41
647.425	7.42
647.611	8.3
647.798	6.63
647.985	6.5
648.171	7.88
648.358	7.21
648.545	8.48
648.731	7.86
648.918	8.41
649.104	6.3
649.291	8
649.477	7.6
649.664	8.96
649.85	7.75
650.037	7.79
650.223	7.44
650.41	7.92
650.596	6.95
650.783	8.54
650.969	7.18
651.155	7.73
651.342	8.02
651.528	8.45
651.714	7.38
651.901	7.62
652.087	7.79
652.273	7.64
652.46	7.84
652.646	8.84
652.832	7.67
653.018	8.54
653.204	8.87
653.391	8.25
653.577	7.96
653.763	8.88
653.949	7.78
654.135	8.99
654.321	7.35
654.507	7.97
654.693	9.09
654.879	8.95
655.065	6.43
655.252	6.61
655.438	7.59
655.624	10.22
655.809	7.95
655.995	7.07
656.181	8.41
656.367	7.21
656.553	9.12
656.739	8.18
656.925	9.81
657.111	9.23
657.297	10.26
657.482	7.16
657.668	9.1
657.854	8.68
658.04	7.41
658.226	6.45
658.411	7.13
658.597	9.75
658.783	8.39
658.968	8.27
659.154	7.56
659.34	7.65
659.525	6.99
659.711	8.91
659.897	7.48
660.082	7.14
660.268	8.82
660.453	7.41
660.639	8.58
660.824	9.83
661.01	9.1
661.195	7.37
661.381	6.78
661.566	8.51
661.752	9.01
661.937	8.9
662.123	5.54
662.308	8.18
662.494	9.55
662.679	8.24
662.864	8.54
663.05	8.15
663.235	8.06
663.42	8.65
663.605	8.04
663.791	8.4
663.976	8.81
664.161	6.92
664.346	9.43
664.532	7.27
664.717	7.29
664.902	7.99
665.087	10.84
665.272	8.74
665.457	7.49
665.642	6.57
665.828	8.25
666.013	6.34
666.198	5.55
666.383	9.7
666.568	7.66
666.753	9.07
666.938	8.54
667.123	7.97
667.308	8.74
667.493	8.85
667.677	7.53
667.862	7.82
668.047	8.9
668.232	8
668.417	8.08
668.602	7.84
668.787	9.66
668.971	7.1
669.156	8
669.341	7.33
669.526	8.71
669.711	8.94
669.895	8.53
670.08	5.88
670.265	8.82
670.449	8.46
670.634	8.74
670.819	6.46
671.003	10.01
671.188	9.78
671.372	10.12
671.557	8.46
671.742	9.62
671.926	6.98
672.111	6.16
672.295	6.54
672.48	8.57
672.664	7.02
672.849	6.47
673.033	6.6
673.217	6.68
673.402	6.7
673.586	6.89
673.771	9.12
673.955	9.11
674.139	7.69
674.324	7.49
674.508	6.71
674.692	7.71
674.876	7.8
675.061	8.47
675.245	10.03
675.429	9.23
675.613	8.91
675.798	8.88
675.982	8.94
676.166	8.08
676.35	10.01
676.534	8.41
676.718	8.65
676.902	10.14
677.087	6.17
677.271	8.67
677.455	7.99
677.639	6.34
677.823	11.12
678.007	10.97
678.191	8.09
678.375	7.62
678.559	6.85
678.742	8.56
678.926	9.74
679.11	11.84
679.294	9.19
679.478	7.85
679.662	11.82
679.846	10.3
680.029	10.86
680.213	10.83
680.397	8.82
680.581	6.46
680.765	8.84
680.948	7.56
681.132	10.2
681.316	7.61
681.499	11.96
681.683	9.17
681.867	10.08
682.05	12.38
682.234	10.66
682.417	9.63
682.601	13.33
682.785	12.53
682.968	13.65
683.152	13.04
683.335	12.51
683.519	12.26
683.702	11.7
683.886	14.91
684.069	11.26
684.253	13.99
684.436	11.67
684.619	7.43
684.803	12.51
684.986	12.85
685.169	12.83
685.353	15.7
685.536	9.91
685.719	12.52
685.903	12.39
686.086	10.19
686.269	12.89
686.452	12.26
686.636	16.6
686.819	13.13
687.002	13.48
687.185	12.6
687.368	14.85
687.551	10.64
687.734	16.81
687.918	14.4
688.101	13.13
688.284	14.53
688.467	16
688.65	16.84
688.833	15.91
689.016	11.28
689.199	16.03
689.382	20.73
689.565	16.61
689.748	13.95
689.93	14.19
690.113	15.53
690.296	16.76
690.479	16.32
690.662	16.08
690.845	16.85
691.028	12.77
691.21	16.87
691.393	18.88
691.576	19.45
691.759	17.02
691.941	18.34
692.124	20.54
692.307	18.92
692.489	20.98
692.672	14.53
692.855	16.79
693.037	18.39
693.22	15.79
693.403	14.38
693.585	17.54
693.768	19.51
693.95	16.45
694.133	14.38
694.315	18.66
694.498	22.52
694.68	20.13
694.863	20.94
695.045	18.64
695.228	20.39
695.41	18.31
695.592	19.98
695.775	18.95
695.957	22.88
696.139	16.38
696.322	17.91
696.504	23.96
696.686	17.57
696.869	17.97
697.051	23.85
697.233	21.13
697.415	16.51
697.597	19.57
697.78	24.7
697.962	13.84
698.144	21.54
698.326	20.75
698.508	21.65
698.69	20.9
698.872	16.45
699.055	24.5
699.237	20.11
699.419	12.88
699.601	19.37
699.783	22.26
699.965	24.35
700.147	12.56
700.329	25.58
700.51	25.14
700.692	26.88
700.874	19.79
701.056	24.25
701.238	15.67
701.42	23.32
701.602	20.36
701.783	13.71
701.965	19.37
702.147	21.61
702.329	24.41
702.511	16.78
702.692	26.17
702.874	18.24
703.056	20.77
703.237	19.78
703.419	23.09
703.601	25.8
703.782	19.12
703.964	21.58
704.146	19.87
704.327	20.88
704.509	28.68
704.69	18.01
704.872	23.33
705.053	25.31
705.235	28.52
705.416	18.76
705.598	21.13
705.779	18.96
705.961	23.18
706.142	15.35
706.323	21.78
706.505	22.97
706.686	14.24
706.867	23.67
707.049	21.49
707.23	20.78
707.411	21.19
707.593	24.05
707.774	18.25
707.955	28.74
708.136	18.14
708.318	22.12
708.499	20.03
708.68	21.64
708.861	24.35
709.042	23.82
709.223	21.75
709.404	22.93
709.585	24.46
709.767	24.22
709.948	21.28
710.129	22.76
710.31	19.34
710.491	14.42
710.672	20
710.853	17.87
711.034	30.22
711.214	21.95
711.395	20.49
711.576	22.52
711.757	21.5
711.938	26.63
712.119	16.89
712.3	30.59
712.481	10.74
712.661	22.07
712.842	24
713.023	33.88
713.204	12.26
713.384	26.7
713.565	24.74
713.746	22.18
713.926	9.36
714.107	21.23
714.288	28.41
714.468	25.51
714.649	28.53
714.83	23.35
715.01	34.98
715.191	27.63
715.371	23.46
715.552	22.03
715.732	29.88
715.913	24.46
716.093	27.05
716.274	20.09
716.454	23.48
716.635	21.85
716.815	28.58
716.995	11.8
717.176	26.15
717.356	23.39
717.536	31.86
717.717	31.54
717.897	21.03
718.077	14.97
718.258	19.63
718.438	17.95
718.618	31.48
718.798	22.33
718.978	28.27
719.159	24.51
719.339	35.33
719.519	24.03
719.699	37.04
719.879	33.26
720.059	22.73
720.239	18.4
720.419	37.34
720.599	30.92
720.779	33.55
720.959	26.13
721.139	13.62
721.319	28.87
721.499	33.54
721.679	13.29
721.859	26.52
722.039	16.71
722.219	37.8
722.399	10.19
722.579	31.03
722.759	28.13
722.938	14.81
723.118	16.57
723.298	19.42
723.478	24.4
723.658	34.6
723.837	36.27
724.017	26.11
724.197	11.74
724.376	20.48
724.556	16.98
724.736	33.35
724.915	17.97
725.095	43.33
725.275	10.73
725.454	30.76
725.634	12.83
725.813	25.2
725.993	25.32
726.172	21.51
726.352	34.44
726.531	34.15
726.711	21.21
726.89	17.98
727.07	29.73
727.249	16.31
727.428	41.91
727.608	19
727.787	33.68
727.966	18.14
728.146	19.01
728.325	46.51
728.504	27.51
728.684	11.19
728.863	40.45
729.042	31.77
729.221	8.21
729.4	22.71
729.58	24.39
729.759	16.61
729.938	30.65
730.117	44.12
730.296	38.97
730.475	25.86
730.654	24.91
730.833	12.15
731.013	36.77
731.192	25.12
731.371	7.09
731.55	27.16
731.729	34.39
731.907	31.89
732.086	21.12
732.265	10.41
732.444	16.38
732.623	31.82
732.802	29.24
732.981	19.74
733.16	20.96
733.339	6.36
733.517	24.47
733.696	53.55
733.875	38.93
734.054	28.98
734.232	53.14
734.411	43.74
734.59	16.23
734.768	37.08
734.947	16.27
735.126	13.74
735.304	33.05
735.483	27.91
735.662	41.37
735.84	37.16
736.019	35.32
736.197	10.88
736.376	48.59
736.554	38.73
736.733	33.53
736.911	47.25
737.09	14.34
737.268	12.73
737.447	36.1
737.625	30.02
737.803	19.08
737.982	34.12
738.16	14.27
738.338	45.5
738.517	29.28
738.695	43.83
738.873	33.36
739.052	25.38
739.23	8.36
739.408	23.11
739.586	31.52
739.764	17.7
739.943	33.82
740.121	22.75
740.299	28.3
740.477	17.08
740.655	34.33
740.833	50.85
741.011	50.34
741.189	39.08
741.367	34.05
741.545	-8.22
741.723	12.33
741.901	31.65
742.079	5.69
742.257	50.51
742.435	13.16
742.613	57.67
742.791	40.29
742.969	43.87
743.147	33.9
743.325	12.84
743.503	44.44
743.68	31.27
743.858	13.2
744.036	2.07
744.214	27.61
744.391	12.38
744.569	-11.33
744.747	48.4
744.925	50.09
745.102	46.7
745.28	28.31
745.458	22.74
745.635	40.24
745.813	47.9
745.99	51.33
746.168	64.79
746.345	61.55
746.523	26.59
746.7	41.74
746.878	21.35
747.055	15.2
747.233	27.38
747.41	84.48
747.588	16.96
747.765	34.18
747.943	34.63
748.12	25.43
748.297	38.08
748.475	43.94
748.652	29.4
748.829	39.8
749.007	8.54
749.184	33.14
749.361	51.96
749.538	64.99
749.716	15.57
749.893	45.91
750.07	46.69
750.247	-2.12
750.424	67.2
750.601	60.83
750.778	1.67
750.956	38.72
751.133	-11.78
751.31	28.27
751.487	-16.02
751.664	40.86
751.841	36.56
752.018	43.14
752.195	18.51
752.372	47.54
752.549	21.18
752.726	39.13
752.902	31.38
753.079	51.08
753.256	37.56
753.433	8.19
753.61	49.59
753.787	-13.64
753.964	26.91
754.14	11.42
754.317	49.45
754.494	19.61
754.671	65.36
754.847	48.09
755.024	10.89
755.201	18.18
755.377	59.38
755.554	34.64
755.73	-30.55
755.907	40.49
756.084	84.03
756.26	56.39
756.437	68.13
756.613	20.87
756.79	48.04
756.966	30.43
757.143	89.25
757.319	29.56
757.496	56.92
757.672	55.49
757.849	19.15
758.025	32.4
758.201	45.17
758.378	43.36
758.554	13.31
758.73	66.27
758.907	26.56
759.083	43.64
759.259	56.08
759.435	45.05
759.612	56.99
759.788	60.51
759.964	58.64
760.14	38.7
760.316	-6.35
760.493	31.19
760.669	66.88
760.845	-34.19
761.021	-16.63
761.197	-1.53
761.373	6.91
761.549	33.38
761.725	20.41
761.901	41.16
762.077	52.41
762.253	21.9
762.429	19.26
762.605	37.46
762.781	11.78
762.957	53.39
763.133	59.27
763.308	40.66
763.484	21.22
763.66	97.25
763.836	38.46
764.012	12.22
764.187	43.15
764.363	44.29
764.539	12.97
764.715	37.06
764.89	35.22
765.066	13
765.242	47.38
765.417	46.37
765.593	64.86
765.769	73.55
765.944	52.8
766.12	75.69
766.295	32.35
766.471	15.64
766.646	40.49
766.822	8.41
766.997	-29.45
767.173	103.72
767.348	-15.78
767.524	1.1
767.699	94.81
767.875	44.34
768.05	10.18
768.225	88.42
768.401	61.81
768.576	35.97
768.751	45.62
768.927	40.21
769.102	58.99
769.277	75.7
769.452	103.56
769.628	-4.66
769.803	31.83
769.978	21.97
770.153	22.53
770.328	47.58
770.503	81.4
770.679	35.87
770.854	1.59
771.029	58.33
771.204	-270.86
771.379	-39.28
771.554	3.58
771.729	95.99
771.904	-21.65
772.079	86.69
772.254	78.51
772.429	62.87
772.604	1.03
772.779	23.56
772.953	52.37
773.128	21.75
773.303	22.23
773.478	50.16
773.653	69.13
773.828	51.94
774.002	48.77
774.177	54.25
774.352	541.74
774.527	41.41
774.701	36.96
774.876	107.67
775.051	-32.62
775.225	198.84
775.4	-18.39
775.575	83.43
775.749	-40.56
775.924	53.34
776.098	18.16
776.273	32.43
776.447	30.9
776.622	64.98
776.796	56.3
776.971	-89.2
777.145	41.68
777.32	81.57
777.494	97.02
777.669	49.04
777.843	124.76
778.017	67.69
778.192	11.07
778.366	60.31
778.54	55.43
778.715	75.58
778.889	169.48
779.063	44.83
779.237	63.19
779.412	7.5
779.586	50.37
779.76	132.47
779.934	18.91
780.108	9.31
780.282	-664.18
780.457	25.31
780.631	-70.26
780.805	-65.95
780.979	-323.88
781.153	150.13
781.327	89.53
781.501	123.15
781.675	45.19
781.849	43.62
782.023	73.23
782.197	16.04
782.371	-62.29
782.545	161.35
782.718	135.34
782.892	109.3
783.066	103.56
783.24	291.09
783.414	29.26
783.588	184.6
783.761	65.49
783.935	79.04
784.109	118.82
784.283	103.48
784.456	295.26
784.63	59.89
784.804	37.25
784.977	23.25
785.151	13.27
785.324	54.7
785.498	-21.65
785.672	63.1
785.845	136.55
786.019	33.65
786.192	245.7
786.366	76.56
786.539	85.08
786.713	38.96
786.886	55.34
787.06	21.45
787.233	100.91
787.406	-45.79
787.58	6.97
787.753	43.13
787.926	89.59
788.1	183.44
788.273	-700
788.446	-71.22
788.62	1777.42
788.793	108.02
788.966	76.91
789.139	185.63
789.313	88.01
789.486	-700
789.659	-110.29
789.832	105.59
790.005	80.74
790.178	-115.93
790.351	10.79
790.524	207.12
790.697	-10.38
790.87	-127.41
791.044	1067.27
791.216	82.68
791.389	57.22
791.562	40.99
791.735	-654.43
791.908	-123.38
792.081	84.92
792.254	183.52
792.427	-21.93
792.6	83.67
792.773	53.45
792.945	983.58
793.118	-12.16
793.291	381.32
793.464	76.17
793.637	257.06
793.809	-7.24
793.982	66.43
794.155	113.3
794.327	121.2
794.5	-755.38
794.673	9.31
794.845	19.07
795.018	-29.95
795.19	-322.47
795.363	55.79
795.536	207.32
795.708	-1512.9
795.881	-460
796.053	103.37
796.226	225.71
796.398	31.11
796.57	33.48
796.743	20.7
796.915	46.63
797.088	48.18
797.26	-0.79
797.432	1046.84
797.605	-51.87
797.777	-777.92
797.949	-9.65
798.122	106.51
798.294	257.85
798.466	198.29
798.638	-60.5
798.81	216.06
798.983	363.29
799.155	69.84
799.327	-84.1
799.499	94.32
799.671	156.54
799.843	-30.72
800.015	-130.35
800.187	32.68
800.359	31.71
800.531	104.12
800.703	114.45
800.875	-20.54
801.047	137.78
801.219	127.3
801.391	-185.71
801.563	482.73
801.735	27.04
801.907	492.64
802.079	136.59
802.251	-383.52
802.422	-85.83
802.594	-29.87
802.766	95.68
802.938	26.46
803.11	181.63
803.281	70.86
803.453	78.11
803.625	29.93
803.796	25.8
803.968	94.83
804.14	108.42
804.311	84.04
804.483	24.07
804.654	39.04
804.826	259.25
804.998	275.4
805.169	-125.48
805.341	135.2
805.512	15.53
805.684	174.74
805.855	31.01
806.026	444.62
806.198	367.48
806.369	35.7
806.541	87.13
806.712	150.09
806.883	199.18
807.055	125.42
807.226	49.13
807.397	302.2
807.569	-20.35
807.74	83.5
807.911	-229.8
808.082	-11.21
808.253	-319.8
808.425	82.16
808.596	-349.44
808.767	353.24
808.938	-54.75
809.109	-224.75
809.28	-40.28
809.451	13.11
809.622	345.99
809.793	-2016.13
809.964	72.17
810.135	113.56
810.306	-41.04
810.477	-47.65
810.648	91.78
810.819	4.4
810.99	-13180
811.161	-186.99
811.332	130.27
811.503	36.13
811.674	260
811.844	-995.38
812.015	88.39
812.186	330.67
812.357	-71.67
812.527	71.96
812.698	97.95
812.869	884.91
813.04	5.24
813.21	582.76
813.381	-237.74
813.551	118.03
813.722	112.52
813.893	22.24
814.063	142.68
814.234	-154.55
814.404	142.33
814.575	268.14
814.745	-52.21
814.916	73.38
815.086	-10.32
815.257	15.7
815.427	367.48
815.598	39.32
815.768	105.5
815.938	59.97
816.109	339.68
816.279	123.71
816.449	25.08
816.62	1321.05
816.79	132.15
816.96	-1356.6
817.13	2.59
817.301	201.52
817.471	-85.12
817.641	95.09
817.811	-165.69
817.981	3757.14
818.152	141.71
818.322	-521.78
818.492	118.66
818.662	237.1
818.832	-10.64
819.002	38.46
819.172	-3.91
819.342	-179.77
819.512	-11.32
819.682	119.65
819.852	47.28
820.022	-21.51
820.192	-322.47
820.362	-24.17
820.531	-15.96
820.701	192.13
820.871	239.66
821.041	-70.14
821.211	-135.7
821.381	3.24
821.55	305.96
821.72	-141.86
821.89	-552.31
822.059	32.37
822.229	-3.82
822.399	-145.74
822.568	112.54
822.738	295.12
822.908	566.26
823.077	52.77
823.247	130.26
823.416	-2111.76
823.586	204.81
823.756	9.86
823.925	743.04
824.095	1755.81
824.264	-161.88
824.433	-137.17
824.603	132.89
824.772	-42.78
824.942	-122.78
825.111	144.22
825.28	-66.46
825.45	207.83
825.619	37.89
825.788	-416.85
825.958	98.47
826.127	123.82
826.296	175.57
826.465	152.71
826.635	79.46
826.804	52.04
826.973	39.48
827.142	260
827.311	-79.87
827.48	151.37
827.649	10.97
827.818	329.92
827.988	10.4
828.157	172.73
828.326	-123.87
828.495	-50.71
828.664	-116.34
828.833	-0.35
829.002	-133.54
829.17	-15.44
829.339	355.28
829.508	57.89
829.677	230.34
829.846	38.22
830.015	-0.28
830.184	12.42
830.352	159.93
830.521	146.04
830.69	-85.37
830.859	-1052.94
831.027	2773.68
831.196	13.75
831.365	62.87
831.533	64.72
831.702	-121.86
831.871	124.1
832.039	55.69
832.208	-460
832.377	424.41
832.545	-33.68
832.714	56.5
832.882	21.14
833.051	-44.6
833.219	2728.57
833.388	-137.92
833.556	3.21
833.724	160.78
833.893	115.23
834.061	1700
834.23	158.31
834.398	184.94
834.566	406.49
834.735	6671.43
834.903	1.89
835.071	-5500
835.239	-153.11
835.408	66.13
835.576	1755.81
835.744	205.54
835.912	128.63
836.08	107.15
836.249	-156.6
836.417	365.24
836.585	224.47
836.753	182.83
836.921	71.89
837.089	6842.86
837.257	-169.77
837.425	20
837.593	104.99
837.761	84.07
837.929	199.02
838.097	172.06
838.265	-58.14
838.433	-54.75
838.601	19.36
838.769	743.04
838.936	540.45
839.104	123.98
839.272	172.06
839.44	63.3
839.608	-963.41
839.775	29.64
839.943	-16.63
840.111	201.68
840.279	-8.82
840.446	267.16
840.614	-466.23
840.781	-84.35
840.949	97.6
841.117	60.18
841.284	-179.83
841.452	-14.29
841.619	2.03
841.787	163.47
841.954	193.02
842.122	-269.94
842.289	86.28
842.457	27.48
842.624	152.85
842.792	-51.82
842.959	308
843.126	134.93
843.294	-32.52
843.461	119.34
843.629	-172
843.796	69.76
843.963	-237.74
844.13	192.39
844.298	138.61
844.465	-49.27
844.632	172.05
844.799	150.25
844.966	188.51
845.134	80.36
845.301	0.13
845.468	-223.18
845.635	148.06
845.802	203.83
845.969	15.09
846.136	55.11
846.303	184.21
846.47	79.76
846.637	-238.46
846.804	2394.74
846.971	-98.03
847.138	296.14
847.305	-508.85
847.472	109.73
847.639	145.9
847.805	162.6
847.972	-325.97
848.139	-97.42
848.306	1510.53
848.473	768.66
848.639	66.39
848.806	202.4
848.973	52.58
849.14	-117.03
849.306	220.18
849.473	78.81
849.64	20
849.806	-183.25
849.973	58.92
850.139	102.65
850.306	97.46
850.472	128.04
850.639	75.08
850.806	310.53
850.972	666.96
851.139	5300
851.305	63.37
851.471	-183.27
851.638	21.47
851.804	-126.87
851.971	-40.13
852.137	-105.76
852.303	20
852.47	96.83
852.636	-160.29
852.802	74.8
852.968	173.19
853.135	-127.41
853.301	-179.77
853.467	200.98
853.633	36.31
853.8	39.06
853.966	-84.77
854.132	2728.57
854.298	-174.45
854.464	-147.19
854.63	155.13
854.796	186.78
854.962	301.44
855.128	10.08
855.294	-34.43
855.46	-10.26
855.626	29.53
855.792	-32.82
855.958	453.4
856.124	-280.37
856.29	444.37
856.456	104.9
856.622	65.96
856.787	671.43
856.953	-5.26
857.119	-177.23
857.285	204.27
857.45	-0.35
857.616	-33.68
857.782	70.33
857.948	157.68
858.113	61.77
858.279	-139.59
858.445	-0.79
858.61	1113.95
858.776	87.04
858.941	-117.82
859.107	11.32
859.273	144.24
859.438	4.06
859.604	1763.16
859.769	131.5
859.935	-129.7
860.1	90.2
860.265	-3.77
860.431	232.37
860.596	2728.57
860.762	188.63
860.927	37.68
861.092	152.57
861.258	-88.1
861.423	32.05
861.588	23.57
861.753	5814.29
861.919	228.3
862.084	112.6
862.249	264.07
862.414	-216.72
862.579	292.89
862.745	-113.61
862.91	314.02
863.075	136.48
863.24	-61.1
863.405	294.97
863.57	124.76
863.735	106.08
863.9	266.37
864.065	-4.22
864.23	268.87
864.395	-123.49
864.56	64.95
864.725	484.81
864.89	243.82
865.055	-17.47
865.22	-48.81
865.384	-133.71
865.549	173.79
865.714	16.63
865.879	20
866.044	-50.82
866.208	17.62
866.373	-93.41
866.538	179.63
866.702	-27.21
866.867	-63.09
867.032	28.47
867.196	110.81
867.361	164
867.526	-123.18
867.69	-12.88
867.855	658.24
868.019	565.45
868.184	84.8
868.348	-93.86
868.513	-661.29
868.677	-149.03
868.842	109.89
869.006	61.47
869.17	-1832.08
869.335	-231.71
869.499	-175.73
869.663	539.74
869.828	125.91
869.992	276.74
870.156	62.82
870.321	17.89
870.485	130.16
870.649	25.07
870.813	61.62
870.978	260
871.142	223.08
871.306	-6.16
871.47	-428.47
871.634	528.35
871.798	30.43
871.962	79.04
872.126	842.86
872.29	-104.36
872.454	11128.57
872.618	6.22
872.782	-55.22
872.946	226.17
873.11	198.49
873.274	-103.47
873.438	-1970.59
873.602	161.21
873.766	-388.31
873.93	-180.55
874.094	-93.26
874.257	41.64
874.421	409.83
874.585	609.09
874.749	51.95
874.912	284.17
875.076	148.64
875.24	-133.44
875.403	151.88
875.567	301.14
875.731	-443.82
875.894	29.8
876.058	11.96
876.222	-457.3
876.385	210.55
876.549	32.59
876.712	347.27
876.876	48.18
877.039	323.94
877.203	140.28
877.366	-93
877.529	80.21
877.693	43.09
877.856	177.81
878.02	93.43
878.183	33.54
878.346	-170.13
878.51	-211.5
878.673	-138.85
878.836	174.45
878.999	1235.48
879.163	157.14
879.326	150.13
879.489	120.71
879.652	96.92
879.815	15.82
879.978	34.69
880.142	-23.49
880.305	-237.89
880.468	106.75
880.631	60.74
880.794	-62.26
880.957	-465.85
881.12	-2605.88
881.283	96.41
881.446	122.67
881.609	664.03
881.772	159.93
881.935	-3735.29
882.097	208.44
882.26	-745.28
882.423	282.91
882.586	185.61
882.749	104.66
882.912	124.54
883.074	61.93
883.237	-4.99
883.4	-184.35
883.562	77.75
883.725	-527.2
883.888	178.74
884.05	-6220
884.213	53.35
884.376	104.2
884.538	125.39
884.701	125.39
884.863	125.39
