181.954	85.43
182.172	85.43
182.39	85.43
182.608	-1340
182.826	126.37
183.043	-160.43
183.261	5.18
183.479	78.89
183.697	876.47
183.914	-2.02
184.132	279.68
184.35	299.1
184.567	32.39
184.785	184.96
185.003	-20.31
185.22	27.9
185.438	63.15
185.656	-231.66
185.873	-66.15
186.091	18.42
186.309	1217.24
186.526	333.48
186.744	89.02
186.961	-167.88
187.179	26.07
187.396	63.29
187.614	-712.31
187.831	-4460
188.049	217.79
188.266	48.83
188.484	-419.4
188.701	274.76
188.919	75.17
189.136	174.81
189.354	90.73
189.571	82.94
189.789	92.02
190.006	82.55
190.223	80.54
190.441	71.03
190.658	1128.57
190.876	38.13
191.093	-493.41
191.31	24.48
191.528	60.66
191.745	-5.81
191.962	115.41
192.179	-53.44
192.397	-70.04
192.614	48.64
192.831	-44.87
193.049	16.32
193.266	228.16
193.483	29.1
193.7	155.38
193.917	1.28
194.135	-20.86
194.352	141.7
194.569	115.19
194.786	120.73
195.003	91.57
195.221	36.52
195.438	-69.61
195.655	184.42
195.872	-123.73
196.089	112.61
196.306	6.53
196.523	39.81
196.74	251.84
196.957	42
197.174	-34.01
197.391	55.38
197.608	43.33
197.825	-596.77
198.042	-0.79
198.259	265.52
198.476	92.71
198.693	2260
198.91	187.55
199.127	-61.19
199.344	202.02
199.561	79.19
199.778	45.03
199.995	-670.15
200.212	1382.76
200.429	88.63
200.646	-249.37
200.862	-317.98
201.079	-23.17
201.296	370.2
201.513	379.61
201.73	-15.13
201.947	150.62
202.163	-8.22
202.38	2.89
202.597	183.42
202.814	22.71
203.03	-3740
203.247	142.21
203.464	-30.78
203.681	-118.18
203.897	182.32
204.114	530.19
204.331	97.98
204.547	-820.93
204.764	124.13
204.981	876.47
205.197	161.28
205.414	16.58
205.63	555.17
205.847	347.24
206.064	-292.73
206.28	-50.41
206.497	85.11
206.713	80.76
206.93	-71.8
207.146	39.88
207.363	487.69
207.579	-361.54
207.796	110.62
208.012	-140
208.229	46.27
208.445	-47.14
208.662	-41.18
208.878	71.49
209.095	-323.53
209.311	17.34
209.528	2328.57
209.744	289.96
209.96	52.32
210.177	-144.66
210.393	72.09
210.609	-3740
210.826	-47.24
211.042	475.65
211.258	547.76
211.475	67.91
211.691	0.84
211.907	206.33
212.124	-75.61
212.34	305.71
212.556	40.98
212.772	113.19
212.989	250.99
213.205	42.44
213.421	-153.27
213.637	-347.76
213.853	-68.09
214.069	-215.79
214.286	26.53
214.502	-759.7
214.718	-121.94
214.934	164.59
215.15	48.85
215.366	133.93
215.582	-18.73
215.798	85.47
216.015	55.14
216.231	35.14
216.447	93.99
216.663	67.25
216.879	-20.6
217.095	406.04
217.311	-420.75
217.527	174.83
217.743	76.7
217.959	-511.32
218.175	90.82
218.391	125.9
218.606	-9.71
218.822	16.52
219.038	16.58
219.254	122.74
219.47	67.25
219.686	302.25
219.902	73.87
220.118	24.48
220.334	-14.55
220.549	158.8
220.765	-91.77
220.981	-146.76
221.197	50.39
221.413	-743.96
221.628	24.05
221.844	394.34
222.06	-167.96
222.276	-79.07
222.491	148.34
222.707	103.93
222.923	-326.85
223.139	46.58
223.354	-13.15
223.57	374.02
223.786	78.37
224.001	-159.46
224.217	169.97
224.432	-184.39
224.648	94.82
224.864	-151.57
225.079	-114.93
225.295	-22.08
225.51	346.49
225.726	42.37
225.942	152.66
226.157	1.75
226.373	-88.94
226.588	67.16
226.804	-3057.89
227.019	-62.81
227.235	71.07
227.45	-3.99
227.665	11860
227.881	-51.18
228.096	-46.09
228.312	-117.37
228.527	115.26
228.743	271.43
228.958	-67.93
229.173	-223.48
229.389	-26.46
229.604	83.53
229.819	47.68
230.035	40.64
230.25	-4.96
230.465	-99.15
230.681	-64.17
230.896	-43.55
231.111	79.16
231.327	1.47
231.542	100
231.757	-11.52
231.972	10.95
232.187	18.3
232.403	-2868.42
232.618	-5.76
232.833	38.85
233.048	165.45
233.263	-131.74
233.478	141.74
233.694	-1351.16
233.909	-519.35
234.124	70.92
234.339	3.72
234.554	-893.1
234.769	-35.98
234.984	-34.53
235.199	138.77
235.414	-377.88
235.629	-553.16
235.844	5.55
236.059	90.47
236.274	16.62
236.489	-42.95
236.704	31.01
236.919	131.49
237.134	98.66
237.349	22.58
237.564	85.64
237.779	52.51
237.994	48.94
238.209	120.92
238.424	-165.03
238.639	40.28
238.853	41.37
239.068	-1.51
239.283	-48.64
239.498	201.32
239.713	97.41
239.928	42.07
240.142	122.97
240.357	142.51
240.572	-92.68
240.787	142.51
241.001	-27.66
241.216	45.51
241.431	-28.11
241.646	-9.75
241.86	-104.48
242.075	-541.86
242.29	-30.95
242.504	60.05
242.719	167.08
242.934	-155.12
243.148	-102.28
243.363	48.06
243.577	531.46
243.792	-60.32
244.007	-9.92
244.221	-196.1
244.436	780.6
244.65	387.12
244.865	-19.43
245.079	299.1
245.294	-426.62
245.508	83.96
245.723	35.77
245.937	139.56
246.152	31.01
246.366	122.64
246.581	-28.8
246.795	-47.24
247.01	96.83
247.224	37.09
247.438	57.85
247.653	45.72
247.867	208.17
248.081	53.18
248.296	919.51
248.51	66.91
248.724	-8.94
248.939	243.28
249.153	305.71
249.367	37.96
249.582	44.41
249.796	349.35
250.01	60.26
250.224	72.86
250.439	69.58
250.653	74.47
250.867	7.38
251.081	60.19
251.295	44.01
251.51	-252.34
251.724	160.43
251.938	202.6
252.152	117.52
252.366	166.83
252.58	-881.82
252.794	72.4
253.008	163.58
253.223	177.16
253.437	24.76
253.651	6.4
253.865	74.76
254.079	-90.44
254.293	61.52
254.507	-1100
254.721	-7.2
254.935	812.09
255.149	89.85
255.363	84.64
255.577	35.57
255.791	120.34
256.005	100
256.218	-2.55
256.432	-19.69
256.646	-19.38
256.86	39.15
257.074	79.08
257.288	8500
257.502	-190.11
257.716	3.19
257.929	89.12
258.143	63.98
258.357	-35.69
258.571	201.85
258.785	-1.24
258.998	23.93
259.212	92.19
259.426	-39.91
259.64	117.12
259.853	-12.85
260.067	116.86
260.281	106.73
260.494	-4.1
260.708	171.29
260.922	16.22
261.135	111.95
261.349	37.48
261.563	100
261.776	1300
261.99	20.14
262.203	-7.29
262.417	-145.94
262.63	-115.59
262.844	-317.98
263.058	30.85
263.271	59.1
263.485	66.24
263.698	53.32
263.912	-48.09
264.125	6.53
264.339	-107.87
264.552	-16.01
264.765	-473.91
264.979	28.53
265.192	44.41
265.406	-27
265.619	-151.8
265.832	59.69
266.046	-106.36
266.259	120.34
266.473	-2106.45
266.686	100
266.899	67.2
267.113	7300
267.326	66.08
267.539	105.93
267.752	111.16
267.966	147.09
268.179	263.84
268.392	64.27
268.605	222.83
268.819	112.93
269.032	20.38
269.245	247.69
269.458	33.58
269.671	-51.9
269.885	62.75
270.098	10.69
270.311	282.28
270.524	-17.25
270.737	63.17
270.95	-106.62
271.163	-13.39
271.376	990.32
271.589	-112.66
271.802	-11.14
272.016	-21.17
272.229	35.34
272.442	-2.02
272.655	1.51
272.868	-11.45
273.081	-88.76
273.294	53.9
273.506	27.92
273.719	5.32
273.932	52.55
274.145	4180
274.358	128.5
274.571	73.78
274.784	213.21
274.997	50.31
275.21	-46.69
275.423	-0.96
275.635	-267.84
275.848	46.87
276.061	100
276.274	66.24
276.487	319.13
276.699	-111.41
276.912	-19.69
277.125	161.28
277.338	3.33
277.55	45.81
277.763	-9.88
277.976	128.86
278.189	-256.04
278.401	2.9
278.614	-34.4
278.827	28.1
279.039	66.2
279.252	5.74
279.464	84.65
279.677	105.82
279.89	26.41
280.102	-68.84
280.315	890.24
280.527	-1984.21
280.74	224.14
280.952	45.06
281.165	32.27
281.377	136.71
281.59	-129.47
281.802	44.02
282.015	-67.71
282.227	137.57
282.44	229.5
282.652	32.58
282.865	77.25
283.077	128.92
283.29	129.75
283.502	114.15
283.714	111.37
283.927	64.99
284.139	-59.66
284.351	38.62
284.564	266.84
284.776	93.2
284.988	36.4
285.201	-204.48
285.413	63.41
285.625	-152.97
285.838	72.52
286.05	5.98
286.262	-19.56
286.474	56.5
286.686	-8.8
286.899	-352.02
287.111	23.36
287.323	71.72
287.535	16.83
287.747	142.03
287.959	15.96
288.172	449.09
288.384	29.11
288.596	69.93
288.808	-103.77
289.02	1028.3
289.232	-96.53
289.444	-7.03
289.656	-79.8
289.868	-45.14
290.08	19.02
290.292	43.83
290.504	29.41
290.716	66.97
290.928	52.28
291.14	155.81
291.352	-29.27
291.564	241.18
291.776	63.04
291.988	-91.41
292.2	31.75
292.412	93.51
292.624	37.05
292.835	1246.27
293.047	-13.11
293.259	-91.85
293.471	67.42
293.683	656.1
293.895	91.59
294.106	-39.09
294.318	52.55
294.53	98.6
294.742	1837.93
294.953	-32.84
295.165	10.59
295.377	93.27
295.589	47.46
295.8	104.93
296.012	9.06
296.224	-2.92
296.435	109.62
296.647	51.29
296.858	212.23
297.07	118.46
297.282	47.23
297.493	43.33
297.705	-105.71
297.916	41.96
298.128	129.43
298.34	119.62
298.551	78.98
298.763	71.49
298.974	50.55
299.186	21.78
299.397	54.52
299.609	-945.16
299.82	49.18
300.031	47.08
300.243	984.21
300.454	77.91
300.666	40.43
300.877	-2.37
301.089	176.6
301.3	-20.92
301.511	87.8
301.723	-38.36
301.934	297.01
302.145	-48.64
302.357	215.58
302.568	-15.2
302.779	79.9
302.99	202.24
303.202	92.02
303.413	-127.79
303.624	71.53
303.835	620.75
304.047	46.56
304.258	50.52
304.469	40.9
304.68	15.13
304.891	25.5
305.103	-122.39
305.314	77.13
305.525	-1785.71
305.736	298.43
305.947	15.96
306.158	876.47
306.369	60.83
306.58	37.96
306.791	92.13
307.002	-27.11
307.213	-54.99
307.424	44.88
307.636	14.99
307.846	24.76
308.057	134.95
308.268	18.23
308.479	58.11
308.69	-30.4
308.901	127.31
309.112	16.28
309.323	-17.07
309.534	2.7
309.745	44.43
309.956	-22.38
310.167	11.26
310.377	75.32
310.588	43.42
310.799	95.14
311.01	-113.21
311.221	119
311.432	33.83
311.642	39.37
311.853	-36.15
312.064	17.24
312.275	189.22
312.485	126.02
312.696	45.3
312.907	-105.03
313.117	11.83
313.328	1.25
313.539	87.72
313.749	-99.5
313.96	126.37
314.171	82.9
314.381	61.97
314.592	33.45
314.802	48.87
315.013	-14.44
315.224	57.58
315.434	-1036.84
315.645	-4460
315.855	34.6
316.066	-358.43
316.276	87.28
316.487	451.22
316.697	45.52
316.908	-27.85
317.118	-19.64
317.329	7.06
317.539	69.86
317.749	316.31
317.96	-813.43
318.17	-84.02
318.381	310.99
318.591	-321.98
318.801	-23.3
319.012	150.88
319.222	216.5
319.432	49.38
319.643	211.95
319.853	-82.96
320.063	27.71
320.273	49.61
320.484	-71.43
320.694	-22.45
320.904	-58.64
321.114	221.35
321.325	265.52
321.535	60.19
321.745	17.4
321.955	131.45
322.165	-26.89
322.375	51.02
322.585	41.1
322.796	2127.59
323.006	15.49
323.216	176.11
323.426	13.65
323.636	105.74
323.846	1217.24
324.056	44.44
324.266	85.85
324.476	67.97
324.686	-152.97
324.896	51.29
325.106	915.09
325.316	-4.6
325.526	-3752.63
325.736	6.99
325.946	11.19
326.156	489.61
326.366	-400.87
326.576	-9.48
326.785	45.73
326.995	49.01
327.205	-26.63
327.415	266.78
327.625	415.33
327.835	67.04
328.044	142.21
328.254	590.43
328.464	15.19
328.674	113.3
328.884	-219.42
329.093	209.09
329.303	61.98
329.513	25.47
329.722	-910.53
329.932	84.97
330.142	75.72
330.351	46.48
330.561	-641.82
330.771	-81.55
330.98	-24.25
331.19	1060
331.4	27.92
331.609	80.35
331.819	1124.39
332.028	-57.71
332.238	189.49
332.447	78.36
332.657	125.53
332.866	76.55
333.076	13.13
333.285	72.64
333.495	835.48
333.704	-362.78
333.914	57.47
334.123	25.41
334.333	506.15
334.542	57.49
334.752	-29.23
334.961	-239.62
335.17	-32.66
335.38	-122.34
335.589	39.19
335.798	77.82
336.008	245.05
336.217	-7.23
336.426	47.98
336.636	2.98
336.845	56.06
337.054	84.42
337.263	3.13
337.473	98.2
337.682	37.46
337.891	-28.2
338.1	100
338.309	78.65
338.519	146.47
338.728	23.06
338.937	-155.12
339.146	56.83
339.355	-1167.92
339.564	-1921.05
339.773	27.64
339.983	-15.58
340.192	-620
340.401	139.24
340.61	29.51
340.819	60.81
341.028	44.92
341.237	1441.18
341.446	-36.82
341.655	70.22
341.864	-281.04
342.073	-16.01
342.282	1.69
342.491	-42.6
342.699	-412.62
342.908	-274.03
343.117	14.51
343.326	-11.74
343.535	-532.73
343.744	-155.74
343.953	65.71
344.162	72.6
344.37	-23.14
344.579	-347.76
344.788	-16.62
344.997	57.65
345.206	174.27
345.414	25.98
345.623	-99.26
345.832	55.04
346.041	203.55
346.249	21.34
346.458	15.42
346.667	70.98
346.875	94.4
347.084	9.92
347.293	-34.77
347.501	71.56
347.71	25.64
347.918	-201.11
348.127	-374.73
348.336	-289.4
348.544	102.46
348.753	-329.85
348.961	-3.04
349.17	21.24
349.378	207.97
349.587	-120.35
349.795	-377.67
350.004	-121.54
350.212	21.47
350.421	57.52
350.629	212.39
350.838	38.66
351.046	-55.61
351.254	-12.43
351.463	68.85
351.671	-2868.42
351.879	88.43
352.088	50.53
352.296	68.14
352.504	83.56
352.713	12.55
352.921	-79.53
353.129	-136.55
353.338	-99.42
353.546	28.93
353.754	-69.33
353.962	-85.98
354.171	67.09
354.379	-468.42
354.587	30.15
354.795	84.36
355.003	35.34
355.212	-110.27
355.42	-375.47
355.628	85.54
355.836	177.29
356.044	-90.44
356.252	27.36
356.46	17.88
356.668	1263.08
356.876	107.86
357.084	85.34
357.292	39.14
357.5	24.87
357.708	67.07
357.916	-37.33
358.124	79.01
358.332	-365.67
358.54	580
358.748	-461.04
358.956	9.29
359.164	36.13
359.372	42.14
359.58	-331.65
359.788	79.33
359.996	38.62
360.203	24.07
360.411	49.47
360.619	-50.75
360.827	64.02
361.035	-120.86
361.242	89.44
361.45	-659.49
361.658	128.44
361.866	-12.15
362.073	10.95
362.281	37.24
362.489	-9.94
362.697	100
362.904	125.38
363.112	78.52
363.32	-2.55
363.527	-108.7
363.735	109.27
363.943	40.53
364.15	-1.77
364.358	87.98
364.565	-37.37
364.773	20.64
364.98	-239.22
365.188	1.51
365.395	222.08
365.603	6.44
365.81	35.17
366.018	-53.15
366.225	65.31
366.433	82.13
366.64	110.07
366.848	69.57
367.055	-110.66
367.263	100
367.47	66.02
367.677	327.85
367.885	-86.25
368.092	119.02
368.299	-136.62
368.507	107.99
368.714	514.16
368.921	5.51
369.129	101.68
369.336	-52.14
369.543	48.16
369.751	4.13
369.958	-195.96
370.165	-6.35
370.372	36.14
370.579	35.55
370.787	-8.14
370.994	225.9
371.201	60.76
371.408	103.36
371.615	27.22
371.822	-6.61
372.029	152.88
372.237	-188
372.444	-152.97
372.651	61.23
372.858	-12.61
373.065	68.89
373.272	106.14
373.479	-1431.03
373.686	3.32
373.893	-599.03
374.1	-238.76
374.307	-556.12
374.514	109.72
374.721	24.54
374.928	738.96
375.135	19.73
375.341	2740
375.548	-11.66
375.755	-151.9
375.962	35.33
376.169	-40.52
376.376	51.42
376.583	25.5
376.789	17.55
376.996	111.74
377.203	-58.72
377.41	-6.89
377.617	-40.98
377.823	106.42
378.03	-1138.71
378.237	104.93
378.443	-30.29
378.65	711.32
378.857	64.58
379.063	753.16
379.27	-140
379.477	-43.87
379.683	-56.95
379.89	17.29
380.097	27.2
380.303	54.46
380.51	-8.09
380.716	35.66
380.923	109.45
381.129	68.19
381.336	-155.12
381.542	43.56
381.749	34.95
381.955	103.53
382.162	128.86
382.368	79.27
382.575	62.17
382.781	803.45
382.988	-3.25
383.194	-6
383.4	-7.29
383.607	28.56
383.813	113.28
384.02	1.92
384.226	47.34
384.432	-38.21
384.639	24.04
384.845	175.95
385.051	30.02
385.257	12.89
385.464	-2.8
385.67	72.13
385.876	48.16
386.082	-30.17
386.289	-19.01
386.495	47.51
386.701	-13.36
386.907	-114.83
387.113	34.82
387.319	24.07
387.526	6.19
387.732	525.2
387.938	109.6
388.144	68.7
388.35	42.08
388.556	62.89
388.762	68.83
388.968	-318.6
389.174	33.92
389.38	172.57
389.586	-65.14
389.792	-63.05
389.998	-81.43
390.204	-18.95
390.41	29.55
390.616	57.38
390.822	-14.39
391.028	68.98
391.234	-13.86
391.439	65.05
391.645	39.75
391.851	41.95
392.057	-21.61
392.263	0.7
392.469	-71.12
392.674	24.93
392.88	-5.86
393.086	12.34
393.292	-97.44
393.498	-155.04
393.703	-1.41
393.909	23.83
394.115	67.57
394.32	6.88
394.526	-29.16
394.732	77.91
394.937	57.27
395.143	-104.05
395.349	-45.14
395.554	-26.63
395.76	29.63
395.965	-33.67
396.171	32.91
396.377	-76.13
396.582	47.29
396.788	18.96
396.993	46.05
397.199	23.57
397.404	40.89
397.61	3.88
397.815	-23.51
398.021	-5.55
398.226	-42.9
398.431	4.29
398.637	18.56
398.842	9.61
399.048	17.05
399.253	60.48
399.458	31.08
399.664	-20.8
399.869	-18.21
400.074	35.34
400.28	13.06
400.485	-18.69
400.69	-11.6
400.896	-8.29
401.101	-20.9
401.306	-10.04
401.511	17.69
401.716	1.69
401.922	-5.9
402.127	3.81
402.332	17.49
402.537	20.05
402.742	14.98
402.947	35.68
403.153	-15.11
403.358	-2.31
403.563	3.8
403.768	22.71
403.973	-0.74
404.178	17.21
404.383	10.85
404.588	16.84
404.793	6.61
404.998	4.29
405.203	-7.26
405.408	-8.07
405.613	10.54
405.818	5.34
406.023	14.35
406.228	0.5
406.433	-3.02
406.638	4.68
406.842	4.55
407.047	6.87
407.252	10.48
407.457	16.87
407.662	13.01
407.867	20.67
408.071	9.49
408.276	17.21
408.481	8.59
408.686	5.84
408.891	3.06
409.095	11.88
409.3	11.34
409.505	2.52
409.709	3.79
409.914	12.92
410.119	4.59
410.323	7.65
410.528	0.39
410.733	8.79
410.937	9.89
411.142	7.99
411.346	11.12
411.551	3.78
411.756	2.16
411.96	9.14
412.165	6.44
412.369	1.62
412.574	1.27
412.778	1.6
412.983	7.91
413.187	9.85
413.392	1.68
413.596	3.65
413.8	3.43
414.005	10.88
414.209	2.79
414.414	7.55
414.618	5.25
414.822	4.36
415.027	6.03
415.231	7.56
415.435	6.7
415.64	6.4
415.844	5.92
416.048	7.78
416.252	5.6
416.457	8.53
416.661	6.26
416.865	4.65
417.069	5.1
417.274	5.68
417.478	5.62
417.682	5.05
417.886	5.17
418.09	5.69
418.294	4.35
418.498	6.27
418.702	5.31
418.907	4.4
419.111	5.07
419.315	6.52
419.519	6.72
419.723	2.4
419.927	6.7
420.131	6.01
420.335	5.08
420.539	4.53
420.743	7.64
420.947	5.95
421.151	7.17
421.355	6.34
421.558	5.82
421.762	5.07
421.966	4.18
422.17	5.32
422.374	4.54
422.578	5.1
422.782	5.88
422.985	6.02
423.189	4.97
423.393	5.49
423.597	5.05
423.801	6.11
424.004	4.89
424.208	5.81
424.412	5.59
424.615	4.82
424.819	5.32
425.023	6.28
425.226	6.22
425.43	5.63
425.634	4.27
425.837	4.42
426.041	5.91
426.245	5.49
426.448	5.93
426.652	4.87
426.855	4.32
427.059	4.38
427.262	5
427.466	4.16
427.669	5.09
427.873	5.3
428.076	5.36
428.28	4.34
428.483	4.91
428.687	5.15
428.89	5.21
429.094	4.38
429.297	4.63
429.5	5.65
429.704	5.07
429.907	5.26
430.11	5.27
430.314	5.63
430.517	4.93
430.72	5.33
430.924	5.08
431.127	5.2
431.33	5.32
431.533	4.9
431.737	5.2
431.94	4.61
432.143	5.07
432.346	5.09
432.549	4.93
432.752	4.83
432.956	5.17
433.159	4.35
433.362	4.73
433.565	5.23
433.768	5.59
433.971	4.43
434.174	5.3
434.377	4.8
434.58	5.39
434.783	4.14
434.986	4.88
435.189	5.18
435.392	4.95
435.595	5.42
435.798	5.07
436.001	5.27
436.204	4.7
436.407	5.15
436.61	4.89
436.813	4.95
437.016	5.38
437.219	4.71
437.421	5.53
437.624	4.73
437.827	4.85
438.03	5.05
438.233	4.92
438.435	4.91
438.638	5.47
438.841	4.9
439.044	4.65
439.246	4.92
439.449	4.65
439.652	4.81
439.854	5.54
440.057	4.88
440.26	5.14
440.462	5.13
440.665	4.87
440.868	4.82
441.07	5.08
441.273	5.02
441.475	4.41
441.678	4.72
441.88	4.89
442.083	4.37
442.286	4.95
442.488	4.69
442.69	5.25
442.893	4.59
443.095	4.79
443.298	4.87
443.5	4.92
443.703	4.71
443.905	4.78
444.108	5.13
444.31	5.04
444.512	4.56
444.715	4.47
444.917	4.83
445.119	4.63
445.322	4.56
445.524	5.03
445.726	4.66
445.928	4.85
446.131	4.84
446.333	4.56
446.535	5.08
446.737	5.31
446.94	5.14
447.142	4.98
447.344	4.77
447.546	4.76
447.748	4.52
447.95	4.82
448.152	4.71
448.354	5.1
448.557	5.07
448.759	5.08
448.961	4.79
449.163	5.14
449.365	5.01
449.567	4.54
449.769	4.64
449.971	5.25
450.173	4.94
450.375	5.09
450.577	4.71
450.779	5.14
450.981	5
451.182	4.96
451.384	5.03
451.586	5.15
451.788	4.79
451.99	5.14
452.192	5.1
452.394	5.1
452.595	5.46
452.797	5.25
452.999	5.05
453.201	5.11
453.402	4.97
453.604	5.05
453.806	5.06
454.008	4.64
454.209	5.19
454.411	5.16
454.613	5.03
454.814	4.85
455.016	5.3
455.218	5.47
455.419	5.13
455.621	5.37
455.822	5.21
456.024	4.92
456.225	5.44
456.427	5.18
456.629	4.47
456.83	4.73
457.032	5.26
457.233	5.09
457.435	4.61
457.636	5.38
457.837	5.24
458.039	4.93
458.24	4.95
458.442	5.87
458.643	4.51
458.844	5.71
459.046	5.46
459.247	6.02
459.448	5.05
459.65	5.57
459.851	5.5
460.052	5.15
460.254	5.91
460.455	5.51
460.656	5.6
460.857	5.81
461.059	4.76
461.26	5.62
461.461	6.1
461.662	5.21
461.863	5.96
462.065	5.83
462.266	6.09
462.467	4.99
462.668	5.39
462.869	5.82
463.07	6.02
463.271	5.54
463.472	4.4
463.673	5.25
463.874	6.15
464.075	5.96
464.276	5.18
464.477	5.69
464.678	5.64
464.879	5.58
465.08	4.95
465.281	6.36
465.482	6.1
465.683	4.7
465.884	5.17
466.085	5.99
466.285	5.49
466.486	5.88
466.687	6.83
466.888	6.14
467.089	6.16
467.29	6.04
467.49	6.04
467.691	5.77
467.892	4.62
468.093	5.27
468.293	5.51
468.494	5.89
468.695	6.1
468.895	5.07
469.096	4.85
469.297	5.23
469.497	5.23
469.698	6.8
469.898	4.9
470.099	6.71
470.3	7.11
470.5	5.4
470.701	5.74
470.901	5.29
471.102	6.05
471.302	3.66
471.503	5.98
471.703	5.6
471.904	6.33
472.104	4.89
472.305	5.94
472.505	5.86
472.705	5.98
472.906	4.92
473.106	5.94
473.306	5.61
473.507	5.96
473.707	6.27
473.907	5.19
474.108	4.19
474.308	4.7
474.508	5.34
474.709	5.74
474.909	5.76
475.109	5.05
475.309	5.11
475.51	4.81
475.71	4.18
475.91	4.69
476.11	4.81
476.31	5.8
476.51	6.12
476.71	5.45
476.911	7.56
477.111	6.7
477.311	4.61
477.511	5.45
477.711	5.46
477.911	5.5
478.111	5.75
478.311	4.58
478.511	4.73
478.711	6.15
478.911	3.67
479.111	5.65
479.311	5.23
479.511	5.94
479.711	4.76
479.91	3.59
480.11	6.06
480.31	5.02
480.51	6.98
480.71	4.4
480.91	5.43
481.109	5.94
481.309	4.56
481.509	4.29
481.709	6.29
481.909	5.49
482.108	3.35
482.308	3.69
482.508	7.31
482.707	6.85
482.907	4.89
483.107	5.56
483.306	5.89
483.506	6.35
483.706	3.67
483.905	6.4
484.105	6.53
484.304	3.77
484.504	4.89
484.704	5.08
484.903	5.26
485.103	4.89
485.302	5.08
485.502	6.64
485.701	5.98
485.901	5.16
486.1	4.76
486.299	6.58
486.499	3.87
486.698	5.74
486.898	5.19
487.097	4
487.296	4.78
487.496	5.02
487.695	4.5
487.894	5.26
488.094	5.7
488.293	4.75
488.492	4.38
488.692	4.39
488.891	5.82
489.09	5.2
489.289	5.26
489.489	4.66
489.688	4.84
489.887	5
490.086	5.46
490.285	5.7
490.484	8.17
490.683	4.97
490.883	5.15
491.082	6.54
491.281	4.74
491.48	4.99
491.679	5.27
491.878	6.01
492.077	6.19
492.276	6
492.475	4.95
492.674	5.62
492.873	5.41
493.072	4.69
493.271	5.88
493.47	4.35
493.669	5.99
493.867	5.26
494.066	5.62
494.265	5.75
494.464	5.56
494.663	5.58
494.862	4.33
495.06	4.83
495.259	5.63
495.458	4.86
495.657	4.58
495.856	5.18
496.054	5.58
496.253	4.91
496.452	4.18
496.65	5.28
496.849	4.95
497.048	4.98
497.246	4.47
497.445	4.55
497.644	5.1
497.842	5.57
498.041	5.39
498.239	5.11
498.438	5.45
498.636	5.49
498.835	5.4
499.034	4.15
499.232	5.32
499.431	5.28
499.629	3.98
499.827	6.05
500.026	5.62
500.224	5.16
500.423	5.27
500.621	5.74
500.82	5.47
501.018	5.73
501.216	5.22
501.415	5.81
501.613	4.4
501.811	4.83
502.01	6.53
502.208	4.65
502.406	5.38
502.604	6.07
502.803	5.94
503.001	6.36
503.199	4.78
503.397	5.52
503.595	5.64
503.794	5.13
503.992	4.65
504.19	4.49
504.388	6.01
504.586	4.95
504.784	4.44
504.982	4.81
505.18	5.31
505.378	4.78
505.576	5.86
505.774	5.09
505.972	5.42
506.17	5.88
506.368	6.42
506.566	5.47
506.764	5.2
506.962	5.48
507.16	5.61
507.358	5.37
507.556	6
507.754	6.15
507.952	5.22
508.15	5.92
508.347	5.4
508.545	6.23
508.743	5.63
508.941	5.8
509.139	6.11
509.336	6.05
509.534	6.56
509.732	5.69
509.93	5.6
510.127	5.29
510.325	5.27
510.523	5.81
510.72	5.53
510.918	5.98
511.116	5.61
511.313	4.99
511.511	5.54
511.708	5.76
511.906	6.22
512.104	6.21
512.301	5.68
512.499	6.1
512.696	5.5
512.894	5.28
513.091	6.17
513.289	5.69
513.486	5.79
513.683	6.25
513.881	5.54
514.078	5.66
514.276	5.77
514.473	5.28
514.67	6.2
514.868	5.96
515.065	5.86
515.262	6.79
515.46	5.63
515.657	5.94
515.854	6.1
516.052	5.77
516.249	5.56
516.446	6.28
516.643	5.96
516.84	6.01
517.038	6.07
517.235	5.65
517.432	5.91
517.629	5.75
517.826	5.7
518.023	6.07
518.221	6.42
518.418	6.29
518.615	5.92
518.812	6.16
519.009	5.99
519.206	6.09
519.403	6.2
519.6	6.12
519.797	5.97
519.994	5.78
520.191	6.52
520.388	6.44
520.585	5.91
520.782	6.65
520.978	5.91
521.175	5.92
521.372	5.96
521.569	6.35
521.766	5.91
521.963	6.05
522.159	6.25
522.356	6.22
522.553	6.78
522.75	6.22
522.947	6.27
523.143	6.53
523.34	6.46
523.537	6.43
523.733	6.35
523.93	6.57
524.127	6.12
524.323	6.3
524.52	5.98
524.717	6.22
524.913	6.63
525.11	6.18
525.306	6.32
525.503	6.31
525.7	6.4
525.896	5.91
526.093	6.27
526.289	6.7
526.486	6.21
526.682	5.87
526.878	6.61
527.075	6.55
527.271	6.68
527.468	6.51
527.664	6.2
527.861	6.19
528.057	6.12
528.253	6.33
528.45	6.63
528.646	6.09
528.842	6.66
529.039	5.92
529.235	6.47
529.431	6.39
529.627	6.5
529.824	7.03
530.02	6.75
530.216	6.18
530.412	6.54
530.608	6.24
530.804	6.51
531.001	6.67
531.197	6.39
531.393	6.98
531.589	6.75
531.785	6.59
531.981	6.41
532.177	7.05
532.373	6.93
532.569	6.95
532.765	6.49
532.961	6.62
533.157	6.24
533.353	6.94
533.549	6.49
533.745	6.62
533.941	6.76
534.137	6.48
534.333	6.66
534.529	6.35
534.725	6.62
534.92	6.68
535.116	6.77
535.312	6.93
535.508	6.92
535.704	6.53
535.899	6.6
536.095	6.9
536.291	6.73
536.487	6.65
536.682	6.81
536.878	6.8
537.074	6.69
537.269	6.5
537.465	6.82
537.661	6.86
537.856	6.85
538.052	6.73
538.248	7.02
538.443	7.23
538.639	6.89
538.834	6.81
539.03	6.74
539.225	7.31
539.421	6.67
539.616	7.03
539.812	7.01
540.007	7.25
540.203	6.89
540.398	7.2
540.593	7.3
540.789	7.25
540.984	7.12
541.18	7.11
541.375	6.8
541.57	7.35
541.766	7.15
541.961	7.15
542.156	7.28
542.352	7.27
542.547	7.36
542.742	7.04
542.937	7.24
543.133	7.82
543.328	7.42
543.523	6.94
543.718	7.33
543.913	7.55
544.108	7.5
544.304	7.3
544.499	7.43
544.694	7.1
544.889	7.27
545.084	7.95
545.279	7.68
545.474	7.49
545.669	7.08
545.864	7.38
546.059	7.84
546.254	7.5
546.449	7.91
546.644	7.48
546.839	7.49
547.034	7.14
547.229	7.7
547.424	7.78
547.618	7.88
547.813	8.15
548.008	7.66
548.203	7.9
548.398	7.67
548.593	7.93
548.787	7.56
548.982	7.65
549.177	7.35
549.372	7.55
549.566	7.9
549.761	7.28
549.956	7.78
550.15	7.94
550.345	7.86
550.54	8.19
550.734	7.89
550.929	7.78
551.124	7.93
551.318	7.9
551.513	8.18
551.707	7.77
551.902	7.9
552.096	8.53
552.291	8.37
552.485	7.92
552.68	8.1
552.874	8.01
553.069	8.24
553.263	8.11
553.458	8.34
553.652	8.11
553.847	8.03
554.041	8.69
554.235	8.01
554.43	8.25
554.624	8.02
554.818	8.05
555.013	8.49
555.207	8.3
555.401	8.28
555.595	8.27
555.79	8.08
555.984	8.4
556.178	8.14
556.372	8.57
556.566	8.4
556.761	8.37
556.955	8.68
557.149	8.55
557.343	8.83
557.537	8.38
557.731	8.87
557.925	8.79
558.119	8.74
558.313	8.91
558.507	8.57
558.701	9.04
558.895	8.74
559.089	9.11
559.283	8.77
559.477	8.81
559.671	9.07
559.865	8.74
560.059	8.89
560.253	8.88
560.447	8.82
560.641	8.92
560.835	9.21
561.028	9.27
561.222	8.85
561.416	9
561.61	8.85
561.804	9.25
561.997	9.1
562.191	8.97
562.385	9.11
562.579	8.71
562.772	9.19
562.966	9.03
563.16	9.12
563.353	9.47
563.547	9.3
563.741	9.19
563.934	9.41
564.128	9.36
564.321	9.22
564.515	9.33
564.708	9.53
564.902	9.26
565.095	9.48
565.289	9.57
565.482	9.5
565.676	9.42
565.869	9.22
566.063	9.53
566.256	9.62
566.45	9.69
566.643	9.74
566.836	9.31
567.03	10.02
567.223	9.77
567.416	9.88
567.61	9.68
567.803	9.55
567.996	9.46
568.19	9.59
568.383	9.93
568.576	9.32
568.769	10.03
568.963	9.86
569.156	9.79
569.349	9.88
569.542	9.9
569.735	9.84
569.928	9.95
570.121	10.23
570.315	10.21
570.508	10.18
570.701	10.22
570.894	10.4
571.087	9.96
571.28	10.26
571.473	10.45
571.666	9.91
571.859	9.8
572.052	9.74
572.245	10.2
572.438	10.07
572.631	10.2
572.824	10.07
573.016	10.32
573.209	10.77
573.402	10.42
573.595	10.46
573.788	10.88
573.981	10.51
574.173	10.93
574.366	10.53
574.559	10.89
574.752	10.22
574.944	10.3
575.137	10.24
575.33	10.54
575.523	10.94
575.715	10.68
575.908	10.64
576.101	10.62
576.293	10.52
576.486	10.55
576.678	10.73
576.871	10.74
577.063	11.4
577.256	10.67
577.449	10.74
577.641	10.53
577.834	11.03
578.026	10.49
578.219	10.78
578.411	10.69
578.603	11.44
578.796	11.19
578.988	10.8
579.181	11.04
579.373	10.89
579.565	11.08
579.758	11.24
579.95	11.15
580.142	10.55
580.335	11.21
580.527	11.16
580.719	11.29
580.912	11.24
581.104	11.4
581.296	11.07
581.488	11.44
581.68	11.35
581.873	11.31
582.065	11.21
582.257	11.35
582.449	11.52
582.641	11.4
582.833	11.21
583.025	11.5
583.217	11.54
583.41	11.82
583.602	11.53
583.794	11.29
583.986	11.79
584.178	11.6
584.37	11.93
584.562	11.48
584.753	11.59
584.945	12.07
585.137	11.32
585.329	11.51
585.521	12.01
585.713	11.43
585.905	11.72
586.097	11.39
586.289	11.44
586.48	11.88
586.672	11.5
586.864	11.91
587.056	11.95
587.247	11.53
587.439	11.45
587.631	12.02
587.823	12.06
588.014	12.14
588.206	11.93
588.398	11.95
588.589	12.31
588.781	11.93
588.972	12.24
589.164	12.42
589.356	12.36
589.547	12.25
589.739	12.13
589.93	12.71
590.122	11.82
590.313	12.21
590.505	12.29
590.696	12.37
590.888	12.64
591.079	12.71
591.271	12.93
591.462	12.89
591.653	12.59
591.845	12.2
592.036	12.61
592.227	12.43
592.419	12.65
592.61	12.27
592.801	12.77
592.993	12.89
593.184	12.47
593.375	13.02
593.566	12.96
593.758	12.69
593.949	11.85
594.14	12.83
594.331	13.04
594.522	12.81
594.713	12.94
594.905	12.74
595.096	12.94
595.287	12.81
595.478	13.27
595.669	13.06
595.86	12.7
596.051	13.28
596.242	12.64
596.433	12.84
596.624	13.23
596.815	13.73
597.006	13.27
597.197	13.15
597.388	13.06
597.579	13.28
597.77	13.18
597.96	13.29
598.151	14.15
598.342	13.49
598.533	13.4
598.724	13.75
598.915	13.8
599.105	13.62
599.296	13.62
599.487	12.68
599.678	13.8
599.868	14.04
600.059	14.42
600.25	13.97
600.44	13.48
600.631	14.03
600.822	14.65
601.012	14.24
601.203	13.68
601.394	13.71
601.584	14.03
601.775	13.93
601.965	14.09
602.156	13.71
602.346	14.09
602.537	14.06
602.727	14.17
602.918	14.34
603.108	14.52
603.299	14.25
603.489	14.43
603.679	14.13
603.87	14.31
604.06	14.33
604.251	14.69
604.441	14.78
604.631	14.1
604.822	14.26
605.012	14.78
605.202	14.59
605.392	14.07
605.583	14.25
605.773	14.66
605.963	14.78
606.153	14.92
606.344	14.6
606.534	14.99
606.724	14.85
606.914	14.84
607.104	14.79
607.294	14.8
607.484	14.69
607.674	14.89
607.864	15.33
608.054	15.19
608.245	15.08
608.435	15.41
608.625	15.38
608.814	14.9
609.004	15.61
609.194	15.18
609.384	15.34
609.574	15.69
609.764	14.91
609.954	15.14
610.144	14.92
610.334	15.81
610.524	15.47
610.713	15.48
610.903	15.59
611.093	15.14
611.283	15.52
611.473	15.18
611.662	15.45
611.852	15.41
612.042	15.3
612.231	15.2
612.421	15.97
612.611	15.46
612.8	16.17
612.99	15.73
613.18	15.7
613.369	15.77
613.559	16.05
613.748	15.3
613.938	16.05
614.128	15.61
614.317	15.78
614.507	15.99
614.696	16.72
614.886	16.08
615.075	15.39
615.264	16.59
615.454	16.11
615.643	16.23
615.833	16.14
616.022	15.8
616.211	16.88
616.401	16.53
616.59	16
616.779	16.34
616.969	16.34
617.158	16.02
617.347	16.42
617.537	16.43
617.726	16.45
617.915	16.6
618.104	16.3
618.293	16.5
618.483	16.47
618.672	16.65
618.861	16.87
619.05	17.33
619.239	16.01
619.428	16.33
619.617	17.05
619.806	16.36
619.995	16.99
620.184	16.33
620.373	17.2
620.562	17.12
620.751	16.64
620.94	16.5
621.129	17.54
621.318	16.99
621.507	16.41
621.696	17.44
621.885	16.49
622.074	17.32
622.263	16.23
622.452	17.08
622.64	16.82
622.829	16.71
623.018	17.32
623.207	16.55
623.396	17.52
623.584	17.31
623.773	17.84
623.962	17.39
624.15	17.66
624.339	17.03
624.528	17.79
624.716	17.38
624.905	17.62
625.094	17.14
625.282	17.39
625.471	17.07
625.659	18.06
625.848	17.22
626.037	17.79
626.225	18.78
626.414	17.62
626.602	17.05
626.791	18.42
626.979	18.09
627.167	17.47
627.356	18.84
627.544	18.2
627.733	17.83
627.921	18.53
628.109	17.76
628.298	17.49
628.486	17.63
628.674	18.2
628.863	17.22
629.051	18.52
629.239	18.74
629.428	18.23
629.616	18.23
629.804	18.74
629.992	18.09
630.18	18.22
630.369	18.69
630.557	18.19
630.745	17.69
630.933	18.58
631.121	18.3
631.309	17.66
631.497	18.26
631.685	17.64
631.873	17.7
632.061	18.38
632.249	19.1
632.437	19.03
632.625	19.01
632.813	18.87
633.001	19.03
633.189	18.78
633.377	18.54
633.565	17.43
633.753	17.37
633.941	18.16
634.129	18.78
634.316	18.27
634.504	19.28
634.692	19.1
634.88	18.43
635.068	18.9
635.255	19.73
635.443	19.36
635.631	19.64
635.818	18.7
636.006	19.37
636.194	19.05
636.382	18.5
636.569	19.2
636.757	19.86
636.944	19.92
637.132	19.14
637.32	20.1
637.507	19.17
637.695	19.06
637.882	19.3
638.07	19.87
638.257	20.1
638.445	19.12
638.632	18.76
638.82	19.16
639.007	18.52
639.194	20.15
639.382	20.08
639.569	19.11
639.757	19.92
639.944	18.62
640.131	18.93
640.319	19.73
640.506	19.78
640.693	19.58
640.88	19.96
641.068	19.92
641.255	20.33
641.442	20.21
641.629	19.93
641.817	19.85
642.004	19.4
642.191	20.95
642.378	20.19
642.565	20.21
642.752	20.6
642.939	18.62
643.126	19.75
643.313	20.15
643.501	20.7
643.688	20.89
643.875	19.89
644.062	20.02
644.249	20.17
644.435	19.69
644.622	20.2
644.809	20.67
644.996	19.43
645.183	20.69
645.37	20.89
645.557	20.11
645.744	20.12
645.931	20.16
646.117	19.81
646.304	19.38
646.491	21.43
646.678	20.53
646.865	20.36
647.051	20.73
647.238	20.37
647.425	20.15
647.611	20.19
647.798	19.91
647.985	20.41
648.171	20.39
648.358	19.74
648.545	19.95
648.731	19.39
648.918	20.65
649.104	18.72
649.291	20.83
649.477	19.99
649.664	20.72
649.85	21.74
650.037	21.15
650.223	19.73
650.41	21.12
650.596	18.95
650.783	21.56
650.969	21.75
651.155	20.88
651.342	19.51
651.528	19.79
651.714	20.6
651.901	21.01
652.087	21.16
652.273	20.89
652.46	21.35
652.646	21.73
652.832	21.09
653.018	19.49
653.204	21.61
653.391	21.17
653.577	21.12
653.763	21.32
653.949	21.29
654.135	20.96
654.321	21.59
654.507	20.95
654.693	20.2
654.879	21.47
655.065	21.09
655.252	19.34
655.438	21.6
655.624	21.04
655.809	19.44
655.995	21.14
656.181	22.4
656.367	21.37
656.553	22.1
656.739	22.08
656.925	24.14
657.111	22.92
657.297	21.74
657.482	21.68
657.668	22.01
657.854	22.06
658.04	22.3
658.226	20.97
658.411	20.62
658.597	19.98
658.783	23.14
658.968	21.71
659.154	21.45
659.34	22
659.525	21.63
659.711	22.83
659.897	21.2
660.082	21.27
660.268	20.86
660.453	20.88
660.639	22.34
660.824	21.5
661.01	22.14
661.195	21.22
661.381	21.3
661.566	20.62
661.752	21.91
661.937	21.71
662.123	20.23
662.308	23.37
662.494	22.21
662.679	23.43
662.864	22.42
663.05	20.4
663.235	22.25
663.42	22.21
663.605	22.2
663.791	21.2
663.976	21.69
664.161	22.87
664.346	21.89
664.532	20.4
664.717	20.65
664.902	22.82
665.087	24.66
665.272	22.31
665.457	22.1
665.642	22.51
665.828	25.47
666.013	20.66
666.198	22.23
666.383	23.16
666.568	20.11
666.753	22.82
666.938	21.27
667.123	22.52
667.308	21.27
667.493	20.54
667.677	21.84
667.862	22.36
668.047	21.01
668.232	22.52
668.417	23.58
668.602	21.8
668.787	24.45
668.971	22.04
669.156	24.06
669.341	21.19
669.526	24.37
669.711	25.32
669.895	24.45
670.08	22.7
670.265	23.48
670.449	23.42
670.634	21.63
670.819	21.31
671.003	22.18
671.188	27.36
671.372	19.9
671.557	26.13
671.742	23.81
671.926	21.55
672.111	22.08
672.295	20.82
672.48	22.38
672.664	22.35
672.849	20.82
673.033	24.71
673.217	22.58
673.402	21.56
673.586	20.28
673.771	24.42
673.955	25.24
674.139	26.16
674.324	22.52
674.508	21.78
674.692	25.03
674.876	24.33
675.061	25.14
675.245	24.35
675.429	22.92
675.613	22.95
675.798	24.63
675.982	23.55
676.166	21.46
676.35	25.91
676.534	25.35
676.718	25.1
676.902	26.61
677.087	21.89
677.271	22.47
677.455	26.5
677.639	18.14
677.823	23.45
678.007	27.34
678.191	27.35
678.375	25.82
678.559	24.92
678.742	24.67
678.926	26.11
679.11	25.89
679.294	28.21
679.478	21.55
679.662	25.58
679.846	25.37
680.029	24.97
680.213	25.93
680.397	26.92
680.581	24.34
680.765	28.69
680.948	27.24
681.132	27.25
681.316	23.32
681.499	26.69
681.683	27.88
681.867	22.8
682.05	28.31
682.234	28.2
682.417	28.75
682.601	27.63
682.785	25.45
682.968	24.42
683.152	29.71
683.335	24.46
683.519	27.24
683.702	29.29
683.886	27.91
684.069	28.92
684.253	28.48
684.436	28.58
684.619	25.97
684.803	27.9
684.986	31.57
685.169	29.06
685.353	29.23
685.536	28.84
685.719	31.36
685.903	28.01
686.086	26.21
686.269	31.57
686.452	28.72
686.636	30.3
686.819	29.92
687.002	28.1
687.185	26.61
687.368	29
687.551	29.81
687.734	30.86
687.918	32.29
688.101	28.33
688.284	30.41
688.467	28.69
688.65	29.5
688.833	27.91
689.016	30.66
689.199	24.77
689.382	32.46
689.565	30.15
689.748	28.9
689.93	30.09
690.113	28.95
690.296	29.25
690.479	32.45
690.662	27.05
690.845	27.45
691.028	27.11
691.21	28.12
691.393	33.2
691.576	30.84
691.759	26.78
691.941	29.18
692.124	29.43
692.307	31.51
692.489	30.6
692.672	30.33
692.855	31.8
693.037	34.89
693.22	33.1
693.403	30.61
693.585	32.56
693.768	31.2
693.95	32.25
694.133	33.15
694.315	30.81
694.498	33.93
694.68	28.61
694.863	34.5
695.045	29.36
695.228	30.23
695.41	31.52
695.592	32.51
695.775	29.64
695.957	30.88
696.139	33.14
696.322	29.47
696.504	35.05
696.686	24.61
696.869	34.43
697.051	31.77
697.233	36.79
697.415	33.3
697.597	27.31
697.78	28.85
697.962	32.57
698.144	34.76
698.326	30.37
698.508	33.51
698.69	29.42
698.872	29.4
699.055	34.08
699.237	31.01
699.419	28.54
699.601	29.97
699.783	34.29
699.965	32.92
700.147	26.09
700.329	32.43
700.51	32.08
700.692	28.29
700.874	32.56
701.056	38.3
701.238	35.06
701.42	41.3
701.602	28.52
701.783	32.18
701.965	33.34
702.147	27.94
702.329	32.28
702.511	32.96
702.692	36.6
702.874	32.11
703.056	25.71
703.237	33.34
703.419	31.71
703.601	38.3
703.782	34.34
703.964	33.58
704.146	27.49
704.327	34.34
704.509	34.05
704.69	33.43
704.872	29.97
705.053	36.83
705.235	39.29
705.416	24.78
705.598	32.1
705.779	34.54
705.961	28.28
706.142	31.72
706.323	36.54
706.505	34.84
706.686	31.26
706.867	34.59
707.049	30.6
707.23	35.35
707.411	22.83
707.593	32.68
707.774	27.7
707.955	31.85
708.136	32.04
708.318	29.29
708.499	39.01
708.68	26.97
708.861	34.69
709.042	23.46
709.223	35.8
709.404	24.44
709.585	26.11
709.767	29.04
709.948	31.31
710.129	31.98
710.31	22.59
710.491	25.03
710.672	28.14
710.853	25.76
711.034	31.58
711.214	24.22
711.395	30.61
711.576	38.23
711.757	30.04
711.938	31.73
712.119	27
712.3	29.4
712.481	23.17
712.661	35.1
712.842	26.68
713.023	30.06
713.204	32.66
713.384	31.53
713.565	29.81
713.746	27.18
713.926	32.73
714.107	29.11
714.288	28.15
714.468	29.53
714.649	38.84
714.83	31.4
715.01	38.2
715.191	33.77
715.371	34.91
715.552	34.07
715.732	38.91
715.913	37.61
716.093	36.42
716.274	36.91
716.454	37.19
716.635	30.83
716.815	28.5
716.995	26.54
717.176	43.74
717.356	31.12
717.536	40.31
717.717	20.2
717.897	21.6
718.077	31.08
718.258	43.17
718.438	29.02
718.618	27.73
718.798	35.02
718.978	28.67
719.159	30.62
719.339	42.11
719.519	33.91
719.699	34.7
719.879	28.19
720.059	35.39
720.239	36.47
720.419	40.55
720.599	39.41
720.779	44.34
720.959	27.04
721.139	26.89
721.319	23.23
721.499	44.35
721.679	20.39
721.859	30.99
722.039	30.18
722.219	40.49
722.399	39.87
722.579	23.95
722.759	34.56
722.938	23.38
723.118	32.24
723.298	15.1
723.478	19.74
723.658	42.6
723.837	38.69
724.017	38.56
724.197	21.5
724.376	45.31
724.556	37.74
724.736	38.77
724.915	34.7
725.095	36.99
725.275	33.05
725.454	23.85
725.634	26.92
725.813	40.75
725.993	32.19
726.172	31.31
726.352	42.01
726.531	39.75
726.711	38.54
726.89	28.3
727.07	36.14
727.249	23.29
727.428	35.28
727.608	25.9
727.787	31.28
727.966	20.34
728.146	25.24
728.325	30.68
728.504	36.79
728.684	14.66
728.863	40.68
729.042	32.03
729.221	16.86
729.4	23.78
729.58	40.97
729.759	38.56
729.938	49.93
730.117	51.69
730.296	14.73
730.475	43.64
730.654	37.25
730.833	47.65
731.013	26.37
731.192	40.25
731.371	29.17
731.55	47.99
731.729	41.6
731.907	40.57
732.086	23.78
732.265	33.04
732.444	22.97
732.623	31.26
732.802	22.07
732.981	25.19
733.16	22.57
733.339	28.38
733.517	37.66
733.696	45.02
733.875	44.34
734.054	21.7
734.232	31.57
734.411	59.38
734.59	26.46
734.768	24.71
734.947	35.17
735.126	42.2
735.304	22.79
735.483	34.65
735.662	59.3
735.84	33.22
736.019	34.76
736.197	26.39
736.376	32.51
736.554	70.79
736.733	27.16
736.911	29.77
737.09	6.99
737.268	14.53
737.447	50.59
737.625	40.33
737.803	26.77
737.982	65.26
738.16	3.64
738.338	52.29
738.517	32.3
738.695	53.21
738.873	23.11
739.052	8.59
739.23	26.25
739.408	25.64
739.586	27.46
739.764	22.23
739.943	28.57
740.121	27.34
740.299	31.67
740.477	38.23
740.655	34.81
740.833	27.07
741.011	42.03
741.189	38.9
741.367	63.32
741.545	31.37
741.723	1.95
741.901	17.39
742.079	25.92
742.257	44.94
742.435	22.28
742.613	41.55
742.791	47.8
742.969	12.7
743.147	41.27
743.325	26.93
743.503	35.15
743.68	34.48
743.858	19.56
744.036	46.65
744.214	28.76
744.391	5.9
744.569	27.94
744.747	57.12
744.925	35.1
745.102	6.45
745.28	38.65
745.458	49.84
745.635	46.12
745.813	66.37
745.99	36.71
746.168	37.83
746.345	91.4
746.523	30.68
746.7	10.52
746.878	28.48
747.055	-5.39
747.233	41.45
747.41	50.57
747.588	40.46
747.765	38.87
747.943	37.4
748.12	32.56
748.297	15.74
748.475	43.76
748.652	40.28
748.829	29.3
749.007	20.95
749.184	52.28
749.361	69.12
749.538	38.86
749.716	50.52
749.893	12.82
750.07	25.33
750.247	52.6
750.424	45.77
750.601	66.55
750.778	24.95
750.956	34.48
751.133	-9.09
751.31	32.61
751.487	45.28
751.664	35.66
751.841	53.02
752.018	42.96
752.195	33.08
752.372	27.02
752.549	5.42
752.726	42.62
752.902	62.57
753.079	47.87
753.256	31.03
753.433	30.62
753.61	63.48
753.787	34.52
753.964	7.24
754.14	-2.62
754.317	68.04
754.494	16.32
754.671	55.99
754.847	56.39
755.024	63.74
755.201	10.44
755.377	48.33
755.554	87.59
755.73	5.9
755.907	43.2
756.084	54.43
756.26	46.21
756.437	52.97
756.613	20.58
756.79	28.15
756.966	13.37
757.143	78.9
757.319	20.58
757.496	85.55
757.672	52.5
757.849	55.12
758.025	32.08
758.201	53.01
758.378	58.08
758.554	20.56
758.73	63.43
758.907	53.58
759.083	49.13
759.259	98.92
759.435	37.38
759.612	63.46
759.788	29.46
759.964	35.6
760.14	38.44
760.316	-33.53
760.493	33.38
760.669	100
760.845	-0.65
761.021	-50.34
761.197	-11.92
761.373	56.77
761.549	25.57
761.725	39.54
761.901	16.2
762.077	40.23
762.253	2.62
762.429	56.72
762.605	40.27
762.781	17.84
762.957	28.98
763.133	47.03
763.308	23.9
763.484	31.02
763.66	113.2
763.836	33.4
764.012	-34.32
764.187	8.94
764.363	-4.46
764.539	23.68
764.715	16.01
764.89	19.82
765.066	62.09
765.242	59.49
765.417	-6.62
765.593	98.77
765.769	37.66
765.944	15.76
766.12	59.27
766.295	37.23
766.471	3.13
766.646	41.67
766.822	59.21
766.997	35.74
767.173	67.63
767.348	71.27
767.524	18.64
767.699	77.33
767.875	40.49
768.05	34.92
768.225	51.37
768.401	32.26
768.576	96.2
768.751	81.7
768.927	-8.63
769.102	28.1
769.277	46.05
769.452	32.91
769.628	10.94
769.803	164.07
769.978	33.47
770.153	-38.95
770.328	66.49
770.503	64.28
770.679	80.76
770.854	54.85
771.029	69.62
771.204	-392.72
771.379	9.9
771.554	55.21
771.729	48.94
771.904	-67.44
772.079	60.06
772.254	120.45
772.429	66.37
772.604	42.43
772.779	117.79
772.953	24.18
773.128	51.96
773.303	8.17
773.478	-44.36
773.653	-3.33
773.828	48.9
774.002	211.17
774.177	22.54
774.352	475.65
774.527	100
774.701	36.64
774.876	101.21
775.051	-124.6
775.225	137.07
775.4	20.35
775.575	19.47
775.749	-16.64
775.924	91.77
776.098	40.34
776.273	48.21
776.447	30.54
776.622	57.09
776.796	-31.09
776.971	-60.41
777.145	-25.35
777.32	78.64
777.494	63.16
777.669	46.5
777.843	10.1
778.017	34.09
778.192	21.82
778.366	32.21
778.54	42.69
778.715	78.46
778.889	165.51
779.063	61.26
779.237	56.57
779.412	28.34
779.586	126.8
779.76	-103.69
779.934	-6
780.108	128.31
780.282	-759.7
780.457	76.9
780.631	19.53
780.805	-31.51
780.979	-222.39
781.153	23.27
781.327	86.54
781.501	34.01
781.675	47.52
781.849	-10.81
782.023	10.52
782.197	29.84
782.371	-160.57
782.545	-3.07
782.718	83.04
782.892	65.65
783.066	17.66
783.24	255.47
783.414	59.36
783.588	114.78
783.761	35.84
783.935	-25.74
784.109	89.92
784.283	-77.39
784.456	77.25
784.63	33.51
784.804	64.07
784.977	48.27
785.151	79.81
785.324	-6.99
785.498	-26.65
785.672	-16.64
785.845	106.01
786.019	-360.66
786.192	-35.1
786.366	16.91
786.539	132.54
786.713	83.65
786.886	52.65
787.06	-41.39
787.233	-17.54
787.406	-15.77
787.58	41.91
787.753	39.28
787.926	64.31
788.1	114.72
788.273	122.64
788.446	-223.25
788.62	-558.06
788.793	-77.96
788.966	23.3
789.139	29.01
789.313	18.26
789.486	-1100
789.659	-64.57
789.832	29.11
790.005	75.24
790.178	238.05
790.351	95.61
790.524	-34.24
790.697	11.24
790.87	2.54
791.044	209.09
791.216	72.4
791.389	-304.28
791.562	93.83
791.735	-507.59
791.908	-616.88
792.081	-30.38
792.254	126.37
792.427	73.23
792.6	-39.94
792.773	85.39
792.945	225.37
793.118	-60.79
793.291	113.19
793.464	-12.34
793.637	19.02
793.809	60.08
793.982	45.38
794.155	69.31
794.327	56.63
794.5	-564.62
794.673	-128.34
794.845	132.68
795.018	-21.83
795.19	-169.66
795.363	40.88
795.536	163.86
795.708	-906.45
795.881	11380
796.053	16.63
796.226	175.43
796.398	75.32
796.57	1.51
796.743	-39.94
796.915	33.43
797.088	143.72
797.26	62.2
797.432	434.18
797.605	-175.94
797.777	-757.14
797.949	-1.93
798.122	65.46
798.294	309.87
798.466	127.43
798.638	66.14
798.81	56.06
798.983	981.01
799.155	101.71
799.327	10.36
799.499	70.58
799.671	138.16
799.843	-8.02
800.015	-133.46
800.187	20.16
800.359	110.64
800.531	1.03
800.703	16.39
800.875	81.57
801.047	136.96
801.219	149.15
801.391	-258.44
801.563	48.2
801.735	-28.99
801.907	180.98
802.079	28.08
802.251	-282.42
802.422	185.04
802.594	-9.09
802.766	-21.81
802.938	105.38
803.11	95.1
803.281	227.15
803.453	53.9
803.625	37.63
803.796	50.3
803.968	37.96
804.14	-3.58
804.311	42.23
804.483	120.34
804.654	-32.5
804.826	145.14
804.998	491.44
805.169	-48.26
805.341	349.6
805.512	-168.32
805.684	127.1
805.855	126.42
806.026	44.62
806.198	136.81
806.369	-0.93
806.541	81.54
806.712	140.79
806.883	37.87
807.055	41.68
807.226	120.81
807.397	-453.85
807.569	365.49
807.74	79.52
807.911	217.55
808.082	-61.43
808.253	52.48
808.425	69.13
808.596	-304.49
808.767	-184.89
808.938	-41.64
809.109	-220.79
809.28	-184.36
809.451	69.84
809.622	221.93
809.793	-287.1
809.964	26.96
810.135	59.32
810.306	-17.92
810.477	446.31
810.648	84.3
810.819	31.17
810.99	1780
811.161	-51.67
811.332	138.92
811.503	11.26
811.674	81.54
811.844	-10.77
812.015	-10.82
812.186	468.1
812.357	146.35
812.527	66.96
812.698	106.14
812.869	1005.66
813.04	34.4
813.21	720.69
813.381	11.28
813.551	8.73
813.722	123.72
813.893	47.74
814.063	147.64
814.234	-96.36
814.404	131.1
814.575	230.17
814.745	-271.68
814.916	66.37
815.086	52
815.257	-39.91
815.427	-106.13
815.598	17.39
815.768	86.8
815.938	29.12
816.109	168.02
816.279	3.63
816.449	31.12
816.62	-1415.79
816.79	73.82
816.96	-896.23
817.13	5.49
817.301	-119.29
817.471	-15.04
817.641	482.82
817.811	310.22
817.981	-2642.86
818.152	-8.06
818.322	539.6
818.492	152.48
818.662	-6.01
818.832	24.75
819.002	61.36
819.172	377.58
819.342	231.79
819.512	-26.68
819.682	25.83
819.852	-6.75
820.022	22.84
820.192	153.93
820.362	12.2
820.531	-56.35
820.701	44.02
820.871	14.58
821.041	-149.77
821.211	88.48
821.381	37.16
821.55	156.17
821.72	-95.35
821.89	-47.69
822.059	-8.87
822.229	63.36
822.399	256.05
822.568	100
822.738	-895.12
822.908	269.33
823.077	-41.7
823.247	40.58
823.416	-3076.47
823.586	-118.18
823.756	-106.2
823.925	282.28
824.095	-234.88
824.264	-61.43
824.433	174.34
824.603	51.82
824.772	-14.44
824.942	-659.49
825.111	-86.93
825.28	-4.35
825.45	6.09
825.619	219.25
825.788	-223.6
825.958	3.63
826.127	-65.52
826.296	174.27
826.465	57.65
826.635	74.62
826.804	-1.36
826.973	60.15
827.142	-37.87
827.311	-4.7
827.48	19.16
827.649	9.72
827.818	71.65
827.988	196
828.157	84.95
828.326	-59.15
828.495	-76.77
828.664	240.08
828.833	138.16
829.002	-227.95
829.17	-173.83
829.339	196.48
829.508	65.99
829.677	342.7
829.846	72.84
830.015	-62.25
830.184	-71.79
830.352	-71.99
830.521	281.29
830.69	480.49
830.859	452.94
831.027	-1478.95
831.196	144.61
831.365	57.97
831.533	56.34
831.702	104.86
831.871	178.07
832.039	30.03
832.208	-390.43
832.377	-192.91
832.545	149.36
832.714	64.2
832.882	-8.74
833.051	133.01
833.219	3185.71
833.388	-11.52
833.556	-67.93
833.724	-27.21
833.893	68.74
834.061	-152.63
834.23	83.73
834.398	25.87
834.566	474.03
834.735	2328.57
834.903	54.72
835.071	-860
835.239	-179.34
835.408	187.87
835.576	-458.14
835.744	125.33
835.912	16.63
836.08	79.89
836.249	394.34
836.417	247.59
836.585	38.37
836.753	188.28
836.921	87.03
837.089	-10357.14
837.257	462.79
837.425	-48.09
837.593	49.13
837.761	85.95
837.929	174.27
838.097	74.35
838.265	46.33
838.433	29.18
838.601	122.28
838.769	175.95
838.936	410.11
839.104	129.43
839.272	134.81
839.44	66.41
839.608	-1421.95
839.775	77.06
839.943	67.2
840.111	8.04
840.279	43.71
840.446	82.09
840.614	-336.36
840.781	6.09
840.949	61.2
841.117	-214.93
841.284	-131.76
841.452	3.11
841.619	-17.94
841.787	241.7
841.954	630.23
842.122	155.49
842.289	91.77
842.457	-12.18
842.624	182
842.792	3.65
842.959	-140
843.126	106.76
843.294	-96.96
843.461	49.24
843.629	263.2
843.796	-8.86
843.963	-40.08
844.13	133.8
844.298	127.8
844.465	-8.45
844.632	-116.15
844.799	93.97
844.966	105.11
845.134	64.07
845.301	-5.56
845.468	20.53
845.635	104.24
845.802	191.91
845.969	-74.94
846.136	15.83
846.303	1678.95
846.47	74.43
846.637	-546.15
846.804	-1226.32
846.971	29.18
847.138	53.67
847.305	15.04
847.472	67.17
847.639	80.33
847.805	74.54
847.972	240.26
848.139	-188.41
848.306	-1163.16
848.473	-258.21
848.639	25.38
848.806	-140
848.973	12.81
849.14	-13.56
849.306	62.33
849.473	250.99
849.64	432.31
849.806	-9.09
849.973	359.46
850.139	227.15
850.306	34.43
850.472	228.41
850.639	198.36
850.806	-1036.84
850.972	141.74
851.139	442.86
851.305	140.48
851.471	61.57
851.638	-157.67
851.804	100
851.971	-3.77
852.137	7.87
852.303	191.91
852.47	23.93
852.636	-146.89
852.802	364.57
852.968	-150.21
853.135	-46.19
853.301	-128.9
853.467	-29.84
853.633	-41.68
853.8	74.72
853.966	45.18
854.132	5928.57
854.298	-127.74
854.464	450.56
854.63	168.57
854.796	116.27
854.962	143.17
855.128	84.13
855.294	-152.37
855.46	-114.66
855.626	25.56
855.792	-159.46
855.958	298.06
856.124	100
856.29	-138.41
856.456	64.27
856.622	202.13
856.787	442.86
856.953	46.25
857.119	230.69
857.285	-99.05
857.45	-107.77
857.616	78.41
857.782	-7.42
857.948	205.33
858.113	-211.26
858.279	-64.47
858.445	-41.73
858.61	1160.47
858.776	56.28
858.941	515.84
859.107	34.19
859.273	88.71
859.438	148.71
859.604	-468.42
859.769	100
859.935	135.64
860.1	32.01
860.265	47.04
860.431	160.43
860.596	1814.29
860.762	246.94
860.927	4.82
861.092	35.93
861.258	-161.76
861.423	188.03
861.588	-36.97
861.753	-5385.71
861.919	-375.47
862.084	232.28
862.249	209.83
862.414	54.95
862.579	32.99
862.745	129.69
862.91	215.13
863.075	150.81
863.24	-10.81
863.405	106.03
863.57	182.08
863.735	125.53
863.9	-69.91
864.065	80.18
864.23	43.01
864.395	125.62
864.56	201.51
864.725	570.89
864.89	-7.87
865.055	-15.99
865.22	5.8
865.384	-142.7
865.549	-400.97
865.714	-9.6
865.879	202.3
866.044	-61.31
866.208	94.04
866.373	-453.85
866.538	55.04
866.702	17.38
866.867	36.73
867.032	49.18
867.196	118.78
867.361	128.8
867.526	-147.21
867.69	-80.82
867.855	-137.36
868.019	514.55
868.184	21.36
868.348	124.57
868.513	61.29
868.677	-7.39
868.842	-6.01
869.006	96.6
869.17	-1077.36
869.335	-163.41
869.499	65.05
869.663	346.36
869.828	-123.48
869.992	518.6
870.156	24.44
870.321	-75.95
870.485	22.84
870.649	141.16
870.813	-90.41
870.978	202.13
871.142	-989.23
871.306	94.31
871.47	310.22
871.634	685.83
871.798	338.51
871.962	59
872.126	-8985.71
872.29	-16.22
872.454	-6414.29
872.618	48.33
872.782	565.67
872.946	124.16
873.11	-2.51
873.274	-94.22
873.438	-2017.65
873.602	27.18
873.766	255.84
873.93	-67.67
874.094	-156.18
874.257	61.8
874.421	197.11
874.585	710.91
874.749	18.38
874.912	177.7
875.076	120.84
875.24	-120.33
875.403	304.78
875.567	17.71
875.731	1043.82
875.894	-12.65
876.058	19.62
876.222	194.38
876.385	-195.48
876.549	27.5
876.712	732.73
876.876	-60.32
877.039	239
877.203	102.81
877.366	151.36
877.529	-179.86
877.693	73.55
877.856	123.01
878.02	-13.35
878.183	-50.47
878.346	-585.71
878.51	57.52
878.673	-176.26
878.836	69.72
878.999	-364.52
879.163	88.76
879.326	-1.28
879.489	93.46
879.652	38.79
879.815	61.68
879.978	-91.02
880.142	43.62
880.305	107.45
880.468	-41.69
880.631	39.52
880.794	-74.4
880.957	70.73
881.12	2288.24
881.283	223.77
881.446	27.61
881.609	125.9
881.772	209.45
881.935	-3429.41
882.097	90.79
882.26	-330.19
882.423	-111.06
882.586	-37.27
882.749	131.49
882.912	55.83
883.074	105.62
883.237	157.27
883.4	112.73
883.562	13.07
883.725	-197.6
883.888	-202.36
884.05	3220
884.213	1.74
884.376	55.02
884.538	93.83
884.701	93.83
884.863	93.83
