181.954	52.23
182.172	52.23
182.39	52.23
182.608	-4740
182.826	497.8
183.043	-113.62
183.261	74.39
183.479	233.14
183.697	1217.65
183.914	27.94
184.132	421.93
184.35	149.33
184.567	53.24
184.785	-273.45
185.003	-79.43
185.22	279.4
185.438	67.37
185.656	52.76
185.873	-253.85
186.091	20.99
186.309	1748.28
186.526	229.41
186.744	66.59
186.961	32.12
187.179	-103.79
187.396	82.03
187.614	-364.62
187.831	300
188.049	49.69
188.266	35.9
188.484	-1168.66
188.701	101.94
188.919	68.28
189.136	39.65
189.354	165.64
189.571	-126.54
189.789	-0.67
190.006	69.31
190.223	98.92
190.441	52.99
190.658	-1071.43
190.876	37.86
191.093	-385.71
191.31	56.64
191.528	77.99
191.745	-58.32
191.962	93.03
192.179	56.07
192.397	-185.83
192.614	248.64
192.831	78.59
193.049	29.95
193.266	766.02
193.483	0.44
193.7	-106.15
193.917	78.43
194.135	110.07
194.352	-195.75
194.569	75.66
194.786	128.94
195.003	114.52
195.221	25.94
195.438	-51.94
195.655	10.55
195.872	-25.42
196.089	138.18
196.306	1.89
196.523	-57.37
196.74	-8.57
196.957	61.1
197.174	98.98
197.391	25.24
197.608	36.54
197.825	454.84
198.042	5.23
198.259	-1603.45
198.476	44.68
198.693	60
198.91	68.24
199.127	-255.22
199.344	-35.22
199.561	313.87
199.778	84.13
199.995	-649.25
200.212	1003.45
200.429	186.26
200.646	-474.68
200.862	219.1
201.079	-28.46
201.296	228.48
201.513	-212.62
201.73	-32.1
201.947	32.01
202.163	-7.82
202.38	-116.18
202.597	113.9
202.814	7.12
203.03	-10500
203.247	155.28
203.464	125.62
203.681	-120.78
203.897	176.52
204.114	-107.55
204.331	104.37
204.547	-872.09
204.764	10.42
204.981	1358.82
205.197	151.91
205.414	210.16
205.63	424.14
205.847	-73.87
206.064	-136.36
206.28	103.81
206.497	58.81
206.713	105.21
206.93	86.55
207.146	-0.6
207.363	-272.31
207.579	-359.34
207.796	353.1
208.012	-32.05
208.229	-308.96
208.445	-98.91
208.662	7.56
208.878	134.13
209.095	158.82
209.311	-4.48
209.528	5785.71
209.744	59.07
209.96	-168.87
210.177	-212.62
210.393	61.12
210.609	3900
210.826	-259.51
211.042	-378.26
211.258	676.12
211.475	-181.28
211.691	-21.92
211.907	-155.7
212.124	-19.7
212.34	12
212.556	131.38
212.772	-174.73
212.989	125.17
213.205	-49.82
213.421	-290.95
213.637	-273.13
213.853	10.51
214.069	1310.53
214.286	-28.86
214.502	85.07
214.718	59.25
214.934	157.22
215.15	48.2
215.366	-2.31
215.582	37.1
215.798	42.08
216.015	26.36
216.231	241.62
216.447	73.22
216.663	29.03
216.879	40.7
217.095	138.93
217.311	-605.66
217.527	43.43
217.743	-142.72
217.959	-900
218.175	6.31
218.391	92.81
218.606	-310.29
218.822	91.3
219.038	274.33
219.254	87.79
219.47	-3.72
219.686	650.56
219.902	72.32
220.118	58.32
220.334	40.16
220.549	94.21
220.765	15.25
220.981	80.28
221.197	15.75
221.413	-267.03
221.628	56.96
221.844	-175.47
222.06	358.25
222.276	42.71
222.491	64.62
222.707	44.26
222.923	-102.68
223.139	71.07
223.354	-140.69
223.57	-437.01
223.786	78.58
224.001	54.44
224.217	48.1
224.432	105.78
224.648	144.49
224.864	-12.29
225.079	335.82
225.295	-42.43
225.51	377.84
225.726	-2.57
225.942	-4.7
226.157	62.65
226.373	-154.47
226.588	-25.89
226.804	-2731.58
227.019	4.52
227.235	78.19
227.45	65.61
227.665	14460
227.881	356.69
228.096	-378.26
228.312	-15.63
228.527	101.59
228.743	197.14
228.958	-63.85
229.173	-326.09
229.389	117.33
229.604	7.72
229.819	77.66
230.035	-136.75
230.25	-28.86
230.465	90.64
230.681	-90.88
230.896	37.57
231.111	8.25
231.327	243.7
231.542	-4740
231.757	184.01
231.972	20.14
232.187	136.6
232.403	-205.26
232.618	19.32
232.833	58.69
233.048	583.64
233.263	6.31
233.478	-326.09
233.694	-146.51
233.909	-861.29
234.124	-14.05
234.339	27.59
234.554	-279.31
234.769	41.64
234.984	-76.68
235.199	84.81
235.414	-284.07
235.629	-839.24
235.844	53.13
236.059	46.65
236.274	-26.28
236.489	-0.94
236.704	53.59
236.919	93.59
237.134	26.48
237.349	-76.54
237.564	42.76
237.779	81.53
237.994	-62.55
238.209	134.55
238.424	-90.18
238.639	38.72
238.853	-7.79
239.068	104.23
239.283	-26.28
239.498	262.01
239.713	20.09
239.928	33.99
240.142	18.66
240.357	61.31
240.572	-58.31
240.787	-23.71
241.001	111.06
241.216	37.24
241.431	163.35
241.646	24.74
241.86	-291.93
242.075	-1067.44
242.29	-17.71
242.504	-18.13
242.719	121.12
242.934	394.49
243.148	10.25
243.363	51.25
243.577	448.31
243.792	3.64
244.007	80.15
244.221	19.48
244.436	85.07
244.65	204.29
244.865	-103.79
245.079	-49.78
245.294	-502.88
245.508	22.05
245.723	185.07
245.937	-240.66
246.152	-77
246.366	20.07
246.581	-28.44
246.795	-311.04
247.01	11.87
247.224	-6.68
247.438	-11.94
247.653	55.15
247.867	-88.73
248.081	41.27
248.296	914.63
248.51	125.66
248.724	63.96
248.939	-398.51
249.153	108.98
249.367	-58.64
249.582	67.85
249.796	-494.81
250.01	-415.23
250.224	46.04
250.439	-14.37
250.653	-20.97
250.867	125.04
251.081	4.27
251.295	-2.33
251.51	-47.23
251.724	101.44
251.938	255.39
252.152	-172.99
252.366	157.63
252.58	-965.45
252.794	46.68
253.008	37.75
253.223	-29.93
253.437	21.63
253.651	12.22
253.865	98.09
254.079	-57.93
254.293	11.42
254.507	-703.64
254.721	-60.3
254.935	-16.48
255.149	66.6
255.363	61.02
255.577	106.71
255.791	198.31
256.005	-82.82
256.218	28.34
256.432	69.82
256.646	73.58
256.86	70.14
257.074	37.56
257.288	1740
257.502	36.26
257.716	57.98
257.929	82.48
258.143	38.84
258.357	-204.59
258.571	114.02
258.785	-93.05
258.998	3.33
259.212	29.28
259.426	-103.59
259.64	136.45
259.853	14.11
260.067	196.02
260.281	98.13
260.494	88.92
260.708	228.71
260.922	21.56
261.135	84.92
261.349	-22.69
261.563	158.31
261.776	511.76
261.99	68.83
262.203	45.8
262.417	-73.14
262.63	7.12
262.844	-104.49
263.058	-13.22
263.271	28.92
263.485	-74.42
263.698	96.74
263.912	-128.94
264.125	39.79
264.339	-266.93
264.552	-69.79
264.765	-472.17
264.979	36.68
265.192	22.07
265.406	90.06
265.619	-2.95
265.832	30.69
266.046	39.81
266.259	-17.29
266.473	106.45
266.686	102.4
266.899	2.05
267.113	540
267.326	96.47
267.539	-59.8
267.752	55.53
267.966	30.45
268.179	-9.96
268.392	35.2
268.605	-437.01
268.819	82.99
269.032	-81.04
269.245	669.23
269.458	-76.38
269.671	117.72
269.885	-64.52
270.098	-55.62
270.311	527.85
270.524	58.17
270.737	20.72
270.95	21.85
271.163	35.43
271.376	377.42
271.589	-201.27
271.802	22.14
272.016	-51.79
272.229	66.09
272.442	-127.53
272.655	92.66
272.868	-68.03
273.081	-306.74
273.294	62.51
273.506	-60.42
273.719	5.66
273.932	7.41
274.145	780
274.358	-38.79
274.571	100.34
274.784	933.96
274.997	40.97
275.21	13.83
275.423	-76.29
275.635	191.46
275.848	32.52
276.061	21.85
276.274	-13.04
276.487	-221.74
276.699	43.92
276.912	-74.42
277.125	85.53
277.338	-11.03
277.55	39.23
277.763	169.88
277.976	203.81
278.189	550.55
278.401	105.8
278.614	261.6
278.827	58.72
279.039	-24.51
279.252	13.6
279.464	-154.22
279.677	148.79
279.89	50.69
280.102	-1.51
280.315	270.73
280.527	-900
280.74	93.1
280.952	120.72
281.165	39.51
281.377	13.19
281.59	6.58
281.802	-112.83
282.015	10.84
282.227	128.57
282.44	308.63
282.652	-50.56
282.865	15.64
283.077	169.88
283.29	47.82
283.502	101.83
283.714	72.51
283.927	86.74
284.139	-323.18
284.351	164.96
284.564	-104.28
284.776	204.82
284.988	58.3
285.201	-398.51
285.413	17.92
285.625	34.05
285.838	85.65
286.05	33.62
286.262	-45.39
286.474	31.72
286.686	32.07
286.899	-6.73
287.111	11.6
287.323	45.51
287.535	573.27
287.747	-6.83
287.959	-33.41
288.172	-92.73
288.384	-5.48
288.596	-19.82
288.808	503.77
289.02	1432.08
289.232	97.52
289.444	-97.26
289.656	-24.43
289.868	71.92
290.08	42.33
290.292	24.26
290.504	-10.59
290.716	-12.98
290.928	33.14
291.14	1220.93
291.352	55.5
291.564	1217.65
291.776	159.55
291.988	-60.74
292.2	-52.61
292.412	228.65
292.624	95.41
292.835	891.04
293.047	-16.35
293.259	-19.75
293.471	-85.52
293.683	504.88
293.895	58.32
294.106	-49.2
294.318	-26.19
294.53	1.05
294.742	2203.45
294.953	-76.38
295.165	3.84
295.377	107.1
295.589	28.9
295.8	-17.86
296.012	50.91
296.224	28.3
296.435	160.52
296.647	43.17
296.858	-2.16
297.07	1001.54
297.282	-124.47
297.493	11.7
297.705	-29.14
297.916	59.32
298.128	-0.82
298.34	44.96
298.551	-11.03
298.763	27.86
298.974	90.81
299.186	-23.16
299.397	-63.85
299.609	-1016.13
299.82	96.71
300.031	22.16
300.243	-1973.68
300.454	12.88
300.666	24.51
300.877	123.7
301.089	-1.28
301.3	-18.78
301.511	66.71
301.723	-13.97
301.934	819.4
302.145	2.72
302.357	123.23
302.568	184.8
302.779	-6.21
302.99	20.18
303.202	100.44
303.413	1.76
303.624	-17.29
303.835	-175.47
304.047	-83.81
304.258	-42.86
304.469	73.55
304.68	35.95
304.891	87.14
305.103	63.71
305.314	144.47
305.525	3214.29
305.736	224.41
305.947	32.72
306.158	-264.71
306.369	74.1
306.58	49.92
306.791	233.11
307.002	-10.23
307.213	-73.39
307.424	-60.42
307.636	31.88
307.846	93.1
308.057	276.7
308.268	48.97
308.479	107.8
308.69	6.19
308.901	125.89
309.112	-202.33
309.323	25.94
309.534	59.07
309.745	32.56
309.956	-12.75
310.167	-93.28
310.377	74.81
310.588	115.38
310.799	3.64
311.01	-8.88
311.221	75.2
311.432	64.58
311.642	4.42
311.853	160.69
312.064	548.28
312.275	-21.19
312.485	132.29
312.696	-13.67
312.907	131.16
313.117	42.37
313.328	114.46
313.539	-43.73
313.749	-87.1
313.96	-56.04
314.171	82.01
314.381	67.99
314.592	23.7
314.802	10.79
315.013	35.15
315.224	58.88
315.434	173.68
315.645	-2100
315.855	28.61
316.066	-482.02
316.276	71.02
316.487	212.2
316.697	38.77
316.908	19.63
317.118	-19.03
317.329	29.38
317.539	78.98
317.749	150.64
317.96	-219.4
318.17	-57.67
318.381	-82.42
318.591	-1110.99
318.801	4.78
319.012	3.18
319.222	346.6
319.432	-101.99
319.643	212.54
319.853	-60.54
320.063	28.7
320.273	-19.13
320.484	128.57
320.694	290.2
320.904	-33.56
321.114	623.6
321.325	2079.31
321.535	-115.17
321.745	-37.28
321.955	60.94
322.165	-66.16
322.375	35.77
322.585	-97.55
322.796	217.24
323.006	90.42
323.216	117.34
323.426	55.83
323.636	156.46
323.846	1003.45
324.056	70.28
324.266	37.35
324.476	70.84
324.686	66.49
324.896	36.94
325.106	1613.21
325.316	31.85
325.526	-1026.32
325.736	27.06
325.946	-1.32
326.156	346.75
326.366	-2.61
326.576	53.13
326.785	119.1
326.995	62.04
327.205	58.79
327.415	19.32
327.625	256.2
327.835	20.84
328.044	46.73
328.254	-2.61
328.464	151.59
328.674	228.16
328.884	-269.78
329.093	4.81
329.303	37.77
329.513	-229.19
329.722	-647.37
329.932	66.01
330.142	22.77
330.351	-6.69
330.561	38.18
330.771	-213.65
330.98	-66.21
331.19	521.54
331.4	-18.02
331.609	65.24
331.819	680.49
332.028	128.57
332.238	68.14
332.447	25.85
332.657	49.19
332.866	-28.34
333.076	-1.55
333.285	14.66
333.495	-48.39
333.704	-340.36
333.914	11.28
334.123	-26.87
334.333	133.85
334.542	-13.9
334.752	263.08
334.961	435.85
335.17	-19.6
335.38	-30.25
335.589	102.69
335.798	48.67
336.008	286.81
336.217	29.36
336.426	26.9
336.636	-57.45
336.845	2.54
337.054	533.77
337.263	-20.26
337.473	-0.45
337.682	-47.88
337.891	14.19
338.1	-105.76
338.309	43.77
338.519	171.53
338.728	7.03
338.937	-304.72
339.146	-28.06
339.355	277.36
339.564	236.84
339.773	-116.08
339.983	-16.15
340.192	-211.3
340.401	41.69
340.61	18.04
340.819	1.4
341.028	4.92
341.237	1358.82
341.446	24.11
341.655	26.05
341.864	106.64
342.073	-21.39
342.282	-104.82
342.491	89.4
342.699	20.39
342.908	-120.78
343.117	94.2
343.326	168.83
343.535	-92.73
343.744	-129.98
343.953	87.43
344.162	56.8
344.37	-15.39
344.579	-201.49
344.788	-19.18
344.997	51.53
345.206	-71.34
345.414	-20.75
345.623	96.31
345.832	-101.87
346.041	86.8
346.249	80.17
346.458	21.76
346.667	13.23
346.875	57.39
347.084	14.24
347.293	69.33
347.501	-149.29
347.71	-51.4
347.918	-85.24
348.127	-557.14
348.336	77.48
348.544	83.16
348.753	-649.25
348.961	128.26
349.17	360.23
349.378	130.33
349.587	46.9
349.795	-154.37
350.004	207.69
350.212	57.52
350.421	2.65
350.629	-11.78
350.838	12.19
351.046	60.6
351.254	82.03
351.463	-5.95
351.671	-1405.26
351.879	-9.4
352.088	5.04
352.296	268.14
352.504	107.44
352.713	125.1
352.921	-351.97
353.129	-32.65
353.338	55.1
353.546	-0.68
353.754	101.23
353.962	69.74
354.171	21.39
354.379	-584.21
354.587	42.96
354.795	14.66
355.003	-48.02
355.212	20.85
355.42	458.49
355.628	86.02
355.836	-94.58
356.044	56.79
356.252	-17.11
356.46	-21
356.668	78.46
356.876	48.36
357.084	70.99
357.292	50.87
357.5	-82.11
357.708	42.71
357.916	116.89
358.124	-102.33
358.332	-129.85
358.54	-747.27
358.748	66.23
358.956	64.15
359.164	20.05
359.372	32.72
359.58	-312.95
359.788	-7.23
359.996	54.48
360.203	-8.67
360.411	52.42
360.619	-272.86
360.827	78.71
361.035	-60.74
361.242	300
361.45	-140.51
361.658	157.82
361.866	-25.23
362.073	11.66
362.281	60.38
362.489	7.35
362.697	-25.28
362.904	35.35
363.112	121.99
363.32	44.53
363.527	-315.65
363.735	-52.12
363.943	33.16
364.15	37.1
364.358	-39.08
364.565	71.92
364.773	-22.24
364.98	-85.87
365.188	27.86
365.395	79.65
365.603	-13.22
365.81	-8.27
366.018	-25.69
366.225	22.47
366.433	-18.61
366.64	39.86
366.848	44.65
367.055	-68.65
367.263	7.56
367.47	86.64
367.677	315.19
367.885	-11.31
368.092	3.33
368.299	16.06
368.507	29.96
368.714	459.29
368.921	-30.71
369.129	46.57
369.336	-8.08
369.543	25.27
369.751	-53.13
369.958	-141.26
370.165	26.95
370.372	28.6
370.579	54.48
370.787	16.15
370.994	119.02
371.201	-17.17
371.408	43.22
371.615	-11.66
371.822	26.65
372.029	-17.29
372.237	-324
372.444	170.27
372.651	-0.48
372.858	-55.43
373.065	87.04
373.272	2.3
373.479	-900
373.686	-41.23
373.893	-154.37
374.1	-107.66
374.307	-269.78
374.514	-117.81
374.721	-10.73
374.928	128.57
375.135	-21.1
375.341	1020
375.548	20.05
375.755	-46.36
375.962	29.82
376.169	49.88
376.376	-122.67
376.583	116.41
376.789	88.5
376.996	41.68
377.203	-159.32
377.41	9.58
377.617	-22.24
377.823	68.98
378.03	454.84
378.237	4.31
378.443	-29.14
378.65	-152.83
378.857	-71.96
379.063	11.39
379.27	-336.52
379.477	120.16
379.683	-53.13
379.89	-4.14
380.097	1.76
380.303	36.05
380.51	1.37
380.716	28.03
380.923	54.33
381.129	-26.95
381.336	-49.61
381.542	59.55
381.749	-45.42
381.955	98.53
382.162	-7.82
382.368	-3.24
382.575	26.8
382.781	879.31
382.988	-53.35
383.194	-28.88
383.4	-33.43
383.607	42.08
383.813	109.59
384.02	20.28
384.226	-34.8
384.432	-64.17
384.639	26.9
384.845	11.39
385.051	-42.12
385.257	41.68
385.464	76.61
385.67	101.81
385.876	71.92
386.082	-13.22
386.289	46.4
386.495	53.58
386.701	22.48
386.907	-28.39
387.113	32.86
387.319	88.72
387.526	14.66
387.732	205.51
387.938	50.4
388.144	-44.35
388.35	13.27
388.556	36.67
388.762	98.82
388.968	718.6
389.174	-16.9
389.38	97.84
389.586	4.33
389.792	36.18
389.998	-125.05
390.204	-70.85
390.41	43.6
390.616	30.84
390.822	-34.21
391.028	-11.48
391.234	58.88
391.439	-468.93
391.645	-26.36
391.851	42.14
392.057	-53.35
392.263	20.04
392.469	-121.21
392.674	-2.48
392.88	5.25
393.086	39.88
393.292	-53.2
393.498	-125.07
393.703	11.68
393.909	6.35
394.115	131.01
394.32	-16.9
394.526	-9.11
394.732	38.91
394.937	41.29
395.143	18.22
395.349	-49.89
395.554	-333.17
395.76	29.01
395.965	-25.91
396.171	13.34
396.377	-49.9
396.582	76.92
396.788	-19.57
396.993	-19.32
397.199	-3.55
397.404	22.36
397.61	10.14
397.815	-18.68
398.021	-16.64
398.226	41.81
398.431	9.27
398.637	21.31
398.842	30.48
399.048	15.6
399.253	27.17
399.458	48.05
399.664	-9.1
399.869	-8.72
400.074	15.87
400.28	11.9
400.485	-12.44
400.69	18.19
400.896	14.13
401.101	37.63
401.306	8.8
401.511	2.59
401.716	15.57
401.922	-4.38
402.127	6.81
402.332	-12.27
402.537	-4.91
402.742	9.54
402.947	38.94
403.153	-14.39
403.358	-19.44
403.563	12.9
403.768	18.46
403.973	-9.48
404.178	-0.12
404.383	10.48
404.588	4.76
404.793	11.35
404.998	2.57
405.203	-3.65
405.408	-7.17
405.613	20.61
405.818	10.22
406.023	11.26
406.228	1.17
406.433	6.34
406.638	-8.53
406.842	7.61
407.047	11.64
407.252	9.73
407.457	16.16
407.662	10.53
407.867	-1.92
408.071	9.74
408.276	-5.31
408.481	0.96
408.686	2.4
408.891	8.39
409.095	5.74
409.3	7.15
409.505	6.04
409.709	14.57
409.914	6.7
410.119	3.74
410.323	1.32
410.528	2.24
410.733	9.86
410.937	7.64
411.142	-0.58
411.346	5.43
411.551	2.81
411.756	4.27
411.96	3.56
412.165	1.77
412.369	6.09
412.574	4.93
412.778	4.21
412.983	5.84
413.187	4.74
413.392	1.51
413.596	5.46
413.8	4.03
414.005	3.51
414.209	7.06
414.414	3.39
414.618	2.88
414.822	5.93
415.027	5.15
415.231	2.91
415.435	3.25
415.64	5.32
415.844	0.65
416.048	6.82
416.252	6.1
416.457	6.51
416.661	5.79
416.865	1.72
417.069	1.69
417.274	2.42
417.478	5.86
417.682	5.06
417.886	3.4
418.09	5.74
418.294	5.45
418.498	5.94
418.702	5.06
418.907	3.14
419.111	2.07
419.315	4.64
419.519	4.8
419.723	1.55
419.927	4.29
420.131	6.5
420.335	2.34
420.539	2.6
420.743	5.22
420.947	2.79
421.151	4.02
421.355	2.89
421.558	4.64
421.762	2.39
421.966	3.81
422.17	2.44
422.374	4.63
422.578	4.33
422.782	4.32
422.985	3.84
423.189	4.1
423.393	4.2
423.597	3.52
423.801	4.36
424.004	3.15
424.208	3.67
424.412	3.79
424.615	4.44
424.819	5.03
425.023	2.87
425.226	3.33
425.43	3.9
425.634	4.26
425.837	3.54
426.041	3.84
426.245	3.94
426.448	3.84
426.652	3.99
426.855	2.61
427.059	2.6
427.262	3.8
427.466	3.6
427.669	3.48
427.873	3.81
428.076	3.65
428.28	3.08
428.483	3.34
428.687	3.41
428.89	3.53
429.094	2.84
429.297	3.58
429.5	3.05
429.704	3.85
429.907	4.3
430.11	4.33
430.314	3.86
430.517	3.27
430.72	3.57
430.924	3.61
431.127	3.61
431.33	3.88
431.533	4.21
431.737	3.48
431.94	3.51
432.143	4.59
432.346	3.34
432.549	3.67
432.752	3.44
432.956	3.58
433.159	3.13
433.362	2.99
433.565	3.54
433.768	3.33
433.971	3.25
434.174	3.27
434.377	3.51
434.58	3.72
434.783	3.52
434.986	2.86
435.189	3.84
435.392	3.59
435.595	3.53
435.798	3.21
436.001	3.84
436.204	3.53
436.407	3
436.61	3.72
436.813	3.82
437.016	3.26
437.219	3.25
437.421	3.91
437.624	3.77
437.827	3.38
438.03	3.32
438.233	3.08
438.435	3.53
438.638	4.07
438.841	3.22
439.044	3.51
439.246	3.49
439.449	3.15
439.652	4.04
439.854	3.77
440.057	3.64
440.26	3.35
440.462	3.42
440.665	3.14
440.868	3.47
441.07	3.73
441.273	3.85
441.475	3.22
441.678	3.44
441.88	3.68
442.083	3.44
442.286	3.59
442.488	3.09
442.69	3.5
442.893	3.82
443.095	3.24
443.298	3.47
443.5	3.48
443.703	3.53
443.905	3.56
444.108	3.57
444.31	3.37
444.512	3.63
444.715	3.48
444.917	3.19
445.119	3.67
445.322	3.31
445.524	3.73
445.726	3.7
445.928	3.44
446.131	3.84
446.333	3.65
446.535	3.53
446.737	3.46
446.94	3.96
447.142	3.54
447.344	3.71
447.546	3.55
447.748	3.62
447.95	3.41
448.152	3.71
448.354	3.49
448.557	3.85
448.759	3.45
448.961	3.51
449.163	4.04
449.365	3.77
449.567	3.47
449.769	4.11
449.971	3.31
450.173	3.59
450.375	3.6
450.577	3.71
450.779	3.5
450.981	3.75
451.182	3.42
451.384	3.39
451.586	3.83
451.788	3.76
451.99	3.77
452.192	3.16
452.394	3.87
452.595	4.15
452.797	3.4
452.999	3.59
453.201	3.84
453.402	3.66
453.604	3.36
453.806	3.61
454.008	3.74
454.209	3.73
454.411	3.47
454.613	3.87
454.814	3.52
455.016	4
455.218	4
455.419	3.98
455.621	3.62
455.822	3.79
456.024	3.63
456.225	4.28
456.427	3.63
456.629	3.72
456.83	3.75
457.032	3.64
457.233	3.28
457.435	3.49
457.636	3.95
457.837	3.75
458.039	3.44
458.24	3.84
458.442	3.92
458.643	3.23
458.844	4.7
459.046	3.4
459.247	4.12
459.448	4.25
459.65	4.05
459.851	4.16
460.052	4.06
460.254	4.28
460.455	4.58
460.656	4.18
460.857	3.88
461.059	3.94
461.26	3.38
461.461	3.99
461.662	4.18
461.863	3.75
462.065	4.54
462.266	4.21
462.467	3.55
462.668	3.08
462.869	4.25
463.07	4.14
463.271	4.62
463.472	2.72
463.673	3.85
463.874	4.3
464.075	3.59
464.276	4.29
464.477	3.75
464.678	4.21
464.879	3.66
465.08	3.87
465.281	3.82
465.482	3.47
465.683	3.3
465.884	3.71
466.085	4.03
466.285	4.12
466.486	4.71
466.687	3.9
466.888	4.08
467.089	4.32
467.29	3.7
467.49	3.9
467.691	3.91
467.892	3.04
468.093	3.32
468.293	4.66
468.494	4.06
468.695	4.65
468.895	4.36
469.096	4.29
469.297	3.73
469.497	3.43
469.698	4.61
469.898	3.71
470.099	4.61
470.3	5.12
470.5	4.59
470.701	5.35
470.901	4.88
471.102	4.14
471.302	4.45
471.503	3.6
471.703	6.12
471.904	3
472.104	2.76
472.305	3.25
472.505	4.14
472.705	3.71
472.906	5.03
473.106	4.39
473.306	3.56
473.507	4.44
473.707	3.84
473.907	4.18
474.108	4.84
474.308	4.59
474.508	4.61
474.709	4.92
474.909	5.47
475.109	2.62
475.309	4.52
475.51	3.06
475.71	4.49
475.91	3.84
476.11	2.96
476.31	2.24
476.51	5.63
476.71	4.5
476.911	5.83
477.111	3.72
477.311	3.65
477.511	4.51
477.711	2.7
477.911	2.24
478.111	5.88
478.311	3.92
478.511	4.7
478.711	4.49
478.911	3.71
479.111	4.13
479.311	3.05
479.511	5.04
479.711	2.96
479.91	3.78
480.11	5.1
480.31	3.26
480.51	6.2
480.71	3.67
480.91	3.4
481.109	4.41
481.309	4.69
481.509	2.83
481.709	4.98
481.909	4.09
482.108	3.52
482.308	3.38
482.508	5.79
482.707	5.19
482.907	3.76
483.107	4.43
483.306	4.81
483.506	4.88
483.706	2.55
483.905	3.14
484.105	4.88
484.304	3.43
484.504	3.38
484.704	5.58
484.903	3.05
485.103	6.07
485.302	4.48
485.502	3.52
485.701	3.55
485.901	3.18
486.1	3.05
486.299	4.6
486.499	3.75
486.698	5.37
486.898	4.25
487.097	3.58
487.296	3.28
487.496	4.48
487.695	2.41
487.894	2.9
488.094	4.04
488.293	5.08
488.492	3.54
488.692	3.7
488.891	4.42
489.09	2.66
489.289	3.38
489.489	3.4
489.688	3.44
489.887	4.55
490.086	3.96
490.285	3.21
490.484	4.65
490.683	4.98
490.883	5.21
491.082	3.87
491.281	4.13
491.48	3
491.679	3.3
491.878	4.83
492.077	5.56
492.276	4.26
492.475	3.11
492.674	3.98
492.873	3.05
493.072	4.02
493.271	4.53
493.47	3.93
493.669	3.58
493.867	3.63
494.066	4.36
494.265	4.91
494.464	4.71
494.663	3.36
494.862	3.29
495.06	3.79
495.259	2.94
495.458	4.59
495.657	2.87
495.856	4.3
496.054	3.64
496.253	3.1
496.452	3.45
496.65	3.06
496.849	3.29
497.048	3.55
497.246	3.14
497.445	4.86
497.644	4.09
497.842	4.48
498.041	4.46
498.239	4.26
498.438	4.57
498.636	4.39
498.835	4.32
499.034	4.44
499.232	3.97
499.431	3.31
499.629	3.27
499.827	4.37
500.026	3.39
500.224	3.6
500.423	2.91
500.621	4.02
500.82	4.89
501.018	5.45
501.216	3.82
501.415	3.46
501.613	4.28
501.811	4.04
502.01	4.2
502.208	4.18
502.406	4.25
502.604	4.64
502.803	3.74
503.001	5.03
503.199	4.03
503.397	4.73
503.595	3.59
503.794	3.85
503.992	3.81
504.19	3.71
504.388	4.8
504.586	4.08
504.784	3.68
504.982	3.89
505.18	3.83
505.378	3.84
505.576	4.18
505.774	4.25
505.972	4.2
506.17	4.17
506.368	3.8
506.566	4.18
506.764	4
506.962	4.77
507.16	4.32
507.358	5.01
507.556	4.27
507.754	4.47
507.952	4.45
508.15	4.52
508.347	4.29
508.545	4.19
508.743	4.4
508.941	3.91
509.139	5.04
509.336	4.85
509.534	4.96
509.732	4.74
509.93	3.99
510.127	4.71
510.325	4.86
510.523	4.73
510.72	5.08
510.918	4.67
511.116	5
511.313	4.32
511.511	4.51
511.708	4.6
511.906	5.26
512.104	4.82
512.301	4.75
512.499	4.82
512.696	4.36
512.894	4.22
513.091	4.71
513.289	4.49
513.486	4.9
513.683	4.29
513.881	4.47
514.078	4.9
514.276	4.63
514.473	4.24
514.67	5.06
514.868	5.1
515.065	4.85
515.262	4.96
515.46	4.66
515.657	4.76
515.854	5.12
516.052	4.34
516.249	4.68
516.446	5.26
516.643	5.02
516.84	5.19
517.038	4.53
517.235	4.62
517.432	5.01
517.629	5.24
517.826	5
518.023	5.33
518.221	4.71
518.418	5.22
518.615	4.99
518.812	4.29
519.009	5.23
519.206	4.82
519.403	4.78
519.6	4.87
519.797	4.72
519.994	4.8
520.191	5.34
520.388	5.48
520.585	5.41
520.782	4.8
520.978	4.72
521.175	5.22
521.372	5.1
521.569	4.65
521.766	5.04
521.963	4.59
522.159	5.21
522.356	5.36
522.553	5.71
522.75	5.73
522.947	4.97
523.143	5.15
523.34	5.33
523.537	5.09
523.733	5.48
523.93	5.31
524.127	5.04
524.323	5.17
524.52	5.27
524.717	5.25
524.913	5.54
525.11	4.99
525.306	5.59
525.503	5.4
525.7	5.54
525.896	4.88
526.093	5.56
526.289	5.63
526.486	5.3
526.682	5.07
526.878	5.74
527.075	5.59
527.271	5.12
527.468	5.28
527.664	5.31
527.861	5.94
528.057	5.1
528.253	5.61
528.45	5.51
528.646	5.43
528.842	5.63
529.039	5.17
529.235	6.01
529.431	5.54
529.627	5.83
529.824	5.86
530.02	5.72
530.216	5.81
530.412	5.89
530.608	5.85
530.804	5.49
531.001	5.97
531.197	5.59
531.393	5.82
531.589	5.8
531.785	5.78
531.981	5.88
532.177	6.08
532.373	6.01
532.569	5.75
532.765	6.26
532.961	5.61
533.157	5.22
533.353	5.77
533.549	5.82
533.745	5.9
533.941	5.93
534.137	6.02
534.333	5.66
534.529	5.96
534.725	6.24
534.92	5.95
535.116	6.1
535.312	5.92
535.508	6.1
535.704	6.12
535.899	6.05
536.095	5.91
536.291	5.99
536.487	5.76
536.682	6.12
536.878	6.11
537.074	6.16
537.269	5.74
537.465	5.99
537.661	6.36
537.856	6.07
538.052	6.04
538.248	6.31
538.443	6.5
538.639	6.2
538.834	6.49
539.03	6.2
539.225	6.4
539.421	6.32
539.616	6.26
539.812	6.73
540.007	6.57
540.203	6.17
540.398	6.41
540.593	6.17
540.789	6.79
540.984	6.68
541.18	6.46
541.375	6.43
541.57	6.89
541.766	6.49
541.961	6.72
542.156	6.35
542.352	6.71
542.547	6.68
542.742	6.47
542.937	6.62
543.133	6.84
543.328	6.54
543.523	6.59
543.718	6.84
543.913	6.95
544.108	6.48
544.304	7.01
544.499	6.79
544.694	6.76
544.889	6.85
545.084	7.19
545.279	6.85
545.474	7.01
545.669	6.86
545.864	6.49
546.059	6.92
546.254	6.75
546.449	6.83
546.644	6.71
546.839	7
547.034	7.05
547.229	7.01
547.424	7.12
547.618	7.46
547.813	6.97
548.008	7.15
548.203	7.01
548.398	7.06
548.593	7.38
548.787	7.05
548.982	7.2
549.177	7.14
549.372	7.21
549.566	7.49
549.761	6.83
549.956	7.32
550.15	7.24
550.345	7.64
550.54	7.48
550.734	7.47
550.929	7.08
551.124	6.97
551.318	7.29
551.513	7.27
551.707	7.55
551.902	7.53
552.096	7.78
552.291	7.56
552.485	7.53
552.68	7.46
552.874	7.61
553.069	7.73
553.263	7.49
553.458	7.67
553.652	7.77
553.847	7.5
554.041	8.04
554.235	7.85
554.43	8.15
554.624	7.36
554.818	7.72
555.013	7.93
555.207	8.09
555.401	7.93
555.595	7.95
555.79	7.87
555.984	7.98
556.178	8
556.372	8.48
556.566	7.91
556.761	8.36
556.955	8.24
557.149	8.24
557.343	8.05
557.537	8.25
557.731	8.15
557.925	8.16
558.119	8.32
558.313	8.24
558.507	7.86
558.701	8.26
558.895	8.45
559.089	8.82
559.283	8.37
559.477	8.31
559.671	8.32
559.865	8.43
560.059	8.49
560.253	8.54
560.447	8.47
560.641	8.3
560.835	8.86
561.028	8.77
561.222	8.51
561.416	8.48
561.61	8.43
561.804	8.49
561.997	8.73
562.191	8.37
562.385	8.82
562.579	8.28
562.772	8.95
562.966	8.4
563.16	8.31
563.353	8.75
563.547	8.93
563.741	8.83
563.934	8.81
564.128	8.9
564.321	9
564.515	8.54
564.708	8.76
564.902	8.86
565.095	8.57
565.289	8.94
565.482	9.02
565.676	8.86
565.869	8.68
566.063	9.46
566.256	8.86
566.45	8.79
566.643	9.13
566.836	8.81
567.03	9.35
567.223	8.83
567.416	9.56
567.61	9.23
567.803	9.48
567.996	8.93
568.19	9.37
568.383	9.23
568.576	9.22
568.769	9.24
568.963	9.31
569.156	9
569.349	9.61
569.542	9.41
569.735	9.14
569.928	9.31
570.121	9.44
570.315	9.57
570.508	9.62
570.701	9.74
570.894	9.44
571.087	9.29
571.28	9.86
571.473	9.6
571.666	9.69
571.859	9.69
572.052	9.56
572.245	9.57
572.438	9.74
572.631	9.84
572.824	9.34
573.016	10.03
573.209	9.86
573.402	9.8
573.595	9.87
573.788	10.08
573.981	9.63
574.173	10.12
574.366	9.92
574.559	10.03
574.752	9.83
574.944	9.41
575.137	10.02
575.33	9.88
575.523	9.54
575.715	9.97
575.908	9.91
576.101	9.81
576.293	10.02
576.486	9.82
576.678	9.79
576.871	9.89
577.063	10.23
577.256	9.98
577.449	10.27
577.641	10.36
577.834	9.97
578.026	10.28
578.219	10.28
578.411	10.45
578.603	10.52
578.796	10.2
578.988	10.41
579.181	10.32
579.373	10.15
579.565	10.25
579.758	10.3
579.95	10.09
580.142	9.95
580.335	10.14
580.527	10.24
580.719	10.47
580.912	10.4
581.104	10.58
581.296	10.78
581.488	10.53
581.68	10.35
581.873	10.42
582.065	10.7
582.257	10.45
582.449	10.44
582.641	10.12
582.833	10.26
583.025	10.26
583.217	10.27
583.41	10.36
583.602	10.54
583.794	10.34
583.986	10.84
584.178	10.91
584.37	10.63
584.562	10.44
584.753	10.81
584.945	10.81
585.137	10.46
585.329	10.38
585.521	11.32
585.713	10.57
585.905	10.82
586.097	10.59
586.289	10.87
586.48	11.03
586.672	10.39
586.864	10.9
587.056	11.08
587.247	10.52
587.439	10.78
587.631	10.46
587.823	10.89
588.014	10.73
588.206	10.73
588.398	10.91
588.589	11.64
588.781	11.28
588.972	10.94
589.164	11.11
589.356	10.88
589.547	11.56
589.739	10.65
589.93	11.42
590.122	11.24
590.313	10.94
590.505	11.29
590.696	11.46
590.888	10.88
591.079	11.62
591.271	11.36
591.462	11.71
591.653	11.49
591.845	11.55
592.036	11.77
592.227	11.12
592.419	11.12
592.61	11.24
592.801	11.69
592.993	11.57
593.184	11.88
593.375	11.09
593.566	11.99
593.758	11.86
593.949	11.59
594.14	11.83
594.331	11.38
594.522	11.46
594.713	11.95
594.905	11.9
595.096	11.87
595.287	12.21
595.478	11.82
595.669	11.81
595.86	11.64
596.051	11.98
596.242	12.13
596.433	11.84
596.624	11.55
596.815	12.2
597.006	11.84
597.197	11.48
597.388	12.2
597.579	12.38
597.77	12.45
597.96	11.92
598.151	12.14
598.342	12.31
598.533	12.35
598.724	11.97
598.915	12.03
599.105	11.62
599.296	12.3
599.487	11.79
599.678	12.09
599.868	12.42
600.059	12.14
600.25	12.27
600.44	12.28
600.631	12.64
600.822	13.07
601.012	12.78
601.203	12.65
601.394	12.25
601.584	13.07
601.775	13.24
601.965	12.38
602.156	12.65
602.346	12.76
602.537	12.51
602.727	12.46
602.918	12.47
603.108	12.99
603.299	12.67
603.489	13.17
603.679	12.98
603.87	12.84
604.06	12.59
604.251	13.61
604.441	12.33
604.631	12.89
604.822	12.68
605.012	12.94
605.202	12.97
605.392	13.12
605.583	12.97
605.773	13.22
605.963	13.54
606.153	13
606.344	12.93
606.534	13.61
606.724	14.03
606.914	12.44
607.104	13.5
607.294	13.47
607.484	13.14
607.674	13.09
607.864	13.07
608.054	13.34
608.245	13.77
608.435	13.51
608.625	13.79
608.814	13.21
609.004	12.98
609.194	12.86
609.384	13.74
609.574	13.15
609.764	13.34
609.954	12.92
610.144	13.3
610.334	13.73
610.524	14.38
610.713	13.7
610.903	13.32
611.093	13.31
611.283	13.51
611.473	13.66
611.662	13.49
611.852	13.75
612.042	14.06
612.231	13.81
612.421	13.71
612.611	13.85
612.8	14.18
612.99	13.55
613.18	13.67
613.369	14.1
613.559	14.56
613.748	13.9
613.938	13.99
614.128	13.2
614.317	13.96
614.507	13.96
614.696	14.22
614.886	13.91
615.075	13.53
615.264	13.8
615.454	14.35
615.643	14.04
615.833	14.67
616.022	13.85
616.211	14.17
616.401	14.38
616.59	14.8
616.779	14.97
616.969	14.51
617.158	14.24
617.347	13.99
617.537	13.99
617.726	13.6
617.915	13.67
618.104	13.63
618.293	14.28
618.483	14.11
618.672	14.56
618.861	14.32
619.05	14.72
619.239	14.73
619.428	14.42
619.617	15.34
619.806	13.69
619.995	13.71
620.184	14.38
620.373	14.18
620.562	14.45
620.751	13.59
620.94	14.28
621.129	14.76
621.318	14.38
621.507	14.21
621.696	14.52
621.885	14.13
622.074	14.5
622.263	14.43
622.452	14.72
622.64	14.23
622.829	14.67
623.018	15.7
623.207	14.1
623.396	15.29
623.584	14.61
623.773	15.39
623.962	14.54
624.15	15.1
624.339	15.86
624.528	14.49
624.716	14.73
624.905	14.94
625.094	15.36
625.282	14.47
625.471	15.14
625.659	15.02
625.848	14.65
626.037	14.64
626.225	15.93
626.414	14.76
626.602	14.79
626.791	15.27
626.979	15.24
627.167	15.12
627.356	15.92
627.544	14.75
627.733	14.61
627.921	14.84
628.109	15.04
628.298	15.81
628.486	16.11
628.674	15.32
628.863	15.66
629.051	15.91
629.239	15.91
629.428	15.29
629.616	16.12
629.804	15.65
629.992	15.23
630.18	15.61
630.369	16.13
630.557	16.12
630.745	15.35
630.933	16.13
631.121	16.91
631.309	15.89
631.497	15.83
631.685	14.79
631.873	15.85
632.061	15.77
632.249	15.42
632.437	16.67
632.625	15.86
632.813	15.99
633.001	15.92
633.189	15.8
633.377	15.88
633.565	15.18
633.753	15.19
633.941	16.08
634.129	15.6
634.316	15.66
634.504	16.21
634.692	15.97
634.88	16.42
635.068	15.19
635.255	16.78
635.443	16.09
635.631	16.18
635.818	16.07
636.006	15.73
636.194	15.8
636.382	15.42
636.569	16.48
636.757	16.01
636.944	16.45
637.132	16.57
637.32	16.19
637.507	15.39
637.695	15.48
637.882	16.69
638.07	16.57
638.257	16.13
638.445	16.93
638.632	15.38
638.82	16.17
639.007	15.91
639.194	16.79
639.382	15.59
639.569	15.64
639.757	16.25
639.944	15.61
640.131	15.15
640.319	15.9
640.506	15.58
640.693	16.69
640.88	16.03
641.068	15.48
641.255	16.41
641.442	15.69
641.629	15.77
641.817	16.89
642.004	16.42
642.191	16.26
642.378	15.92
642.565	15.67
642.752	16.59
642.939	15.85
643.126	15.83
643.313	15.77
643.501	16.51
643.688	16.53
643.875	15.6
644.062	16.02
644.249	15.09
644.435	15.5
644.622	16.06
644.809	15.45
644.996	14.6
645.183	15.64
645.37	17.42
645.557	15.31
645.744	15.32
645.931	15.76
646.117	15.69
646.304	14.33
646.491	15.3
646.678	16.42
646.865	15.43
647.051	15.57
647.238	15.79
647.425	14.81
647.611	15.75
647.798	15.39
647.985	14.77
648.171	15.94
648.358	14.77
648.545	15.05
648.731	15.12
648.918	15.08
649.104	13.4
649.291	14.85
649.477	14.3
649.664	16.42
649.85	15.81
650.037	14.85
650.223	15.22
650.41	15.21
650.596	14.36
650.783	14.35
650.969	15.56
651.155	15.9
651.342	14.51
651.528	15.14
651.714	14.2
651.901	16.21
652.087	15.68
652.273	14.4
652.46	16.41
652.646	15.99
652.832	15.37
653.018	15.11
653.204	14.96
653.391	14.96
653.577	14.51
653.763	14.37
653.949	14.86
654.135	16.07
654.321	15.31
654.507	15.54
654.693	15.3
654.879	16.15
655.065	15.22
655.252	13.4
655.438	15.48
655.624	15.81
655.809	15.21
655.995	14.54
656.181	15.85
656.367	15.51
656.553	15.18
656.739	15.17
656.925	16.95
657.111	14
657.297	15.77
657.482	15.85
657.668	16.13
657.854	15.11
658.04	14.5
658.226	15.58
658.411	14.81
658.597	15.44
658.783	14.8
658.968	15.31
659.154	14.36
659.34	14.86
659.525	13.45
659.711	16.49
659.897	14.12
660.082	15.31
660.268	15.47
660.453	16.13
660.639	16.37
660.824	14.8
661.01	16.29
661.195	14.6
661.381	14.38
661.566	15.3
661.752	14.42
661.937	15.08
662.123	12.33
662.308	14.36
662.494	13.9
662.679	15.82
662.864	15.39
663.05	14.12
663.235	15.18
663.42	15.12
663.605	13.76
663.791	14.38
663.976	14.75
664.161	14.75
664.346	14.36
664.532	12.77
664.717	13.2
664.902	13.49
665.087	17.12
665.272	14.49
665.457	14.25
665.642	14.07
665.828	13.28
666.013	16.44
666.198	12.19
666.383	15.33
666.568	13.89
666.753	16.5
666.938	12.48
667.123	14.94
667.308	13.32
667.493	14.88
667.677	12.28
667.862	13.77
668.047	14.36
668.232	13.53
668.417	16.34
668.602	13.41
668.787	15.32
668.971	13.4
669.156	14.85
669.341	12.14
669.526	14.51
669.711	14.18
669.895	16.84
670.08	12.8
670.265	13.28
670.449	13.24
670.634	14.44
670.819	11.64
671.003	15.44
671.188	15.41
671.372	13.97
671.557	15.57
671.742	16.37
671.926	13.04
672.111	13.61
672.295	16.03
672.48	12.06
672.664	13.56
672.849	14.35
673.033	13.99
673.217	14.82
673.402	11.91
673.586	12.13
673.771	14.7
673.955	16.05
674.139	15.64
674.324	13.04
674.508	14.98
674.692	15.91
674.876	16.91
675.061	15.71
675.245	19.48
675.429	17.17
675.613	13.87
675.798	16.75
675.982	15.79
676.166	15.15
676.35	16.44
676.534	16.71
676.718	13.41
676.902	18.42
677.087	13.25
677.271	18.19
677.455	18.21
677.639	14.28
677.823	15.23
678.007	16.99
678.191	15.87
678.375	16.34
678.559	16.14
678.742	13.59
678.926	17.79
679.11	20.16
679.294	17.34
679.478	16.25
679.662	16.71
679.846	19.37
680.029	17.7
680.213	18.46
680.397	18.67
680.581	16.46
680.765	20.24
680.948	18.37
681.132	17.41
681.316	19.89
681.499	21.9
681.683	21.38
681.867	19.98
682.05	19.79
682.234	18.45
682.417	23.31
682.601	19.68
682.785	21.73
682.968	20.43
683.152	21.73
683.335	20.89
683.519	17.23
683.702	20.09
683.886	20.55
684.069	22.27
684.253	20.66
684.436	24.02
684.619	20.8
684.803	21.22
684.986	22.14
685.169	24.04
685.353	22.63
685.536	25.07
685.719	22.91
685.903	20.33
686.086	21.16
686.269	25.04
686.452	22.57
686.636	24.69
686.819	24.28
687.002	25.87
687.185	26.19
687.368	21.41
687.551	22.5
687.734	25.27
687.918	21.78
688.101	24.09
688.284	20.71
688.467	28.11
688.65	26.1
688.833	24.54
689.016	23.48
689.199	25.23
689.382	27.09
689.565	26.41
689.748	24.26
689.93	22.35
690.113	29.2
690.296	25.17
690.479	29.63
690.662	26.84
690.845	26.27
691.028	24.83
691.21	27.32
691.393	27.14
691.576	23.57
691.759	27.65
691.941	31.35
692.124	30.41
692.307	29.12
692.489	25.96
692.672	30.6
692.855	26.27
693.037	36.01
693.22	29.14
693.403	30.03
693.585	33.96
693.768	32.69
693.95	30.68
694.133	28.84
694.315	29.45
694.498	32.17
694.68	27.87
694.863	30.46
695.045	28.21
695.228	30.34
695.41	30.27
695.592	29.56
695.775	29.27
695.957	33.42
696.139	28.27
696.322	28.26
696.504	29.55
696.686	34.13
696.869	32.17
697.051	32.37
697.233	36.11
697.415	34.45
697.597	33.39
697.78	32.03
697.962	34.89
698.144	38.92
698.326	32.37
698.508	33.73
698.69	31.63
698.872	31.74
699.055	36.1
699.237	29.6
699.419	31.95
699.601	32.62
699.783	35.3
699.965	31.92
700.147	28.95
700.329	31.46
700.51	30.33
700.692	40.04
700.874	33.98
701.056	35.52
701.238	37.53
701.42	38.89
701.602	31.55
701.783	39.96
701.965	35.31
702.147	38.64
702.329	35.96
702.511	32.64
702.692	41.59
702.874	32.13
703.056	36.8
703.237	34.47
703.419	30.85
703.601	35.61
703.782	36.86
703.964	37.61
704.146	31.28
704.327	40.9
704.509	34.45
704.69	37.22
704.872	33.28
705.053	36.72
705.235	43.35
705.416	24.52
705.598	30.64
705.779	41.38
705.961	30.88
706.142	37
706.323	38.89
706.505	37.8
706.686	43.02
706.867	31.01
707.049	33.47
707.23	35.86
707.411	44.06
707.593	40.46
707.774	30.55
707.955	35.7
708.136	37.92
708.318	39.46
708.499	35.17
708.68	33.79
708.861	35.72
709.042	36.93
709.223	34.1
709.404	35.87
709.585	36.83
709.767	41.28
709.948	42.23
710.129	39.86
710.31	25.76
710.491	33.42
710.672	33.68
710.853	35.9
711.034	41.73
711.214	41.56
711.395	40.15
711.576	39.99
711.757	39.8
711.938	38.75
712.119	43.56
712.3	40.93
712.481	32.91
712.661	40.9
712.842	30.2
713.023	41.03
713.204	28.19
713.384	40.59
713.565	37.09
713.746	32.86
713.926	42.35
714.107	34.5
714.288	28.57
714.468	40.39
714.649	40.39
714.83	38.97
715.01	42.61
715.191	41.31
715.371	33.67
715.552	46.81
715.732	38.94
715.913	45.44
716.093	41.28
716.274	36.73
716.454	34.97
716.635	43.68
716.815	43.52
716.995	28.94
717.176	48.14
717.356	34.94
717.536	53.34
717.717	42.55
717.897	34.74
718.077	31.51
718.258	40.17
718.438	39.07
718.618	44.37
718.798	32.78
718.978	48.78
719.159	39.94
719.339	47.01
719.519	44.64
719.699	41.74
719.879	34
720.059	42.94
720.239	34.04
720.419	49.52
720.599	38.16
720.779	44.1
720.959	40.78
721.139	41.12
721.319	45.76
721.499	49.71
721.679	31.35
721.859	42.66
722.039	28.49
722.219	57.68
722.399	32.62
722.579	37.31
722.759	29.65
722.938	34.54
723.118	40.59
723.298	39.78
723.478	36.2
723.658	52.95
723.837	45.74
724.017	41.67
724.197	33.03
724.376	42.64
724.556	21.1
724.736	56.81
724.915	42.59
725.095	46.09
725.275	34.06
725.454	47.88
725.634	41.53
725.813	35.07
725.993	41.43
726.172	42.13
726.352	41.78
726.531	30.2
726.711	38.98
726.89	35.93
727.07	47.35
727.249	25.84
727.428	58.48
727.608	39.64
727.787	39.19
727.966	42.83
728.146	46.81
728.325	43.57
728.504	45.29
728.684	25.94
728.863	44.58
729.042	15.8
729.221	28.75
729.4	34.62
729.58	32.99
729.759	30.13
729.938	58.8
730.117	38.95
730.296	34.62
730.475	46.37
730.654	67.72
730.833	40.96
731.013	28.5
731.192	29.54
731.371	47.68
731.55	50.46
731.729	45.15
731.907	47.23
732.086	43
732.265	25.52
732.444	31.88
732.623	46.84
732.802	37.29
732.981	35.58
733.16	45.39
733.339	48.06
733.517	38.16
733.696	60.84
733.875	43.49
734.054	41.64
734.232	46.89
734.411	47.62
734.59	25.78
734.768	43.14
734.947	49.6
735.126	34.87
735.304	36.19
735.483	41.17
735.662	39.19
735.84	15.53
736.019	33.57
736.197	52.59
736.376	45.99
736.554	57.28
736.733	67.03
736.911	45.3
737.09	20.02
737.268	43.59
737.447	41.97
737.625	45.19
737.803	47.99
737.982	65.92
738.16	35
738.338	38.49
738.517	38.78
738.695	51.08
738.873	43.88
739.052	36.05
739.23	36.71
739.408	29.5
739.586	52.47
739.764	49.98
739.943	52.76
740.121	57.82
740.299	42.39
740.477	44.97
740.655	57.85
740.833	51.29
741.011	68.13
741.189	50.78
741.367	51.01
741.545	17.29
741.723	29.73
741.901	57.34
742.079	50.93
742.257	41.41
742.435	53.16
742.613	34.46
742.791	75.78
742.969	39.65
743.147	46.74
743.325	56.42
743.503	52.93
743.68	55.28
743.858	18.04
744.036	13.34
744.214	42.71
744.391	21.58
744.569	23.03
744.747	39.95
744.925	52.92
745.102	62.72
745.28	29.52
745.458	60.61
745.635	37.64
745.813	52.78
745.99	38.69
746.168	45.29
746.345	76.48
746.523	24.41
746.7	31.57
746.878	44.91
747.055	20.9
747.233	46.81
747.41	87.22
747.588	49.67
747.765	34.69
747.943	37.52
748.12	18.71
748.297	44.13
748.475	52.2
748.652	44.39
748.829	67.97
749.007	22.2
749.184	30.95
749.361	48.62
749.538	78.97
749.716	29.79
749.893	48.13
750.07	53.35
750.247	65.77
750.424	74.06
750.601	85.56
750.778	19.85
750.956	25.91
751.133	25.44
751.31	38.37
751.487	49.21
751.664	34.85
751.841	68.28
752.018	52.64
752.195	39.74
752.372	36.65
752.549	78.92
752.726	45.43
752.902	66.44
753.079	71.24
753.256	70.35
753.433	36.92
753.61	56.54
753.787	53.9
753.964	60.51
754.14	21.25
754.317	57.49
754.494	12.55
754.671	46.92
754.847	38.93
755.024	74.84
755.201	50.38
755.377	91.39
755.554	33.2
755.73	32.04
755.907	60.61
756.084	68.65
756.26	62.26
756.437	37.43
756.613	28.58
756.79	57.22
756.966	56.85
757.143	49.33
757.319	44.92
757.496	41.54
757.672	64.3
757.849	63.85
758.025	42.08
758.201	137.2
758.378	-6.92
758.554	-4.39
758.73	10.84
758.907	13.46
759.083	61.43
759.259	89.38
759.435	23.71
759.612	64.8
759.788	64.88
759.964	54.7
760.14	42.37
760.316	5.15
760.493	44.21
760.669	80.74
760.845	36.77
761.021	23.92
761.197	47.82
761.373	37.1
761.549	34.91
761.725	64.3
761.901	29.36
762.077	82.18
762.253	-3.84
762.429	45.82
762.605	31.21
762.781	21.13
762.957	28.37
763.133	33.73
763.308	24.12
763.484	77.85
763.66	57.36
763.836	48.78
764.012	-62.3
764.187	36.85
764.363	33.62
764.539	59
764.715	28.49
764.89	36.35
765.066	68.17
765.242	2.44
765.417	59.61
765.593	42.59
765.769	69.07
765.944	42.79
766.12	79.32
766.295	-1.31
766.471	40.8
766.646	48.19
766.822	40.25
766.997	-12.92
767.173	36.56
767.348	23.18
767.524	24.83
767.699	59.15
767.875	38.86
768.05	0.86
768.225	37.77
768.401	48.29
768.576	87
768.751	43.84
768.927	120.63
769.102	50.73
769.277	107.53
769.452	-18.68
769.628	46.53
769.803	134.91
769.978	26.49
770.153	-30.95
770.328	75.73
770.503	73.4
770.679	76.35
770.854	58.61
771.029	19.57
771.204	-152.98
771.379	12.73
771.554	46.19
771.729	29.66
771.904	29.52
772.079	23.88
772.254	87.68
772.429	14.19
772.604	41.49
772.779	54.86
772.953	-6.2
773.128	44.49
773.303	-37.54
773.478	47.37
773.653	22.18
773.828	42.66
774.002	48.23
774.177	-11.21
774.352	70.43
774.527	156.19
774.701	29.98
774.876	102.62
775.051	-72.19
775.225	100.77
775.4	-0.33
775.575	10.69
775.749	3.93
775.924	67.41
776.098	40.73
776.273	75.09
776.447	64.92
776.622	-9.25
776.796	66.05
776.971	-30.08
777.145	67.57
777.32	93.93
777.494	75.63
777.669	46.68
777.843	53.75
778.017	51.86
778.192	69.18
778.366	38.02
778.54	136.76
778.715	82.41
778.889	151.12
779.063	60.53
779.237	50.57
779.412	94.16
779.586	5.21
779.76	38.75
779.934	9.17
780.108	7.47
780.282	-1329.85
780.457	48.22
780.631	-112.83
780.805	39.33
780.979	-720.9
781.153	85.17
781.327	62.24
781.501	98.55
781.675	-11.37
781.849	-16.4
782.023	61.38
782.197	-38.23
782.371	-221.14
782.545	-31.29
782.718	92.23
782.892	119.68
783.066	65.18
783.24	334.01
783.414	18.91
783.588	19.1
783.761	59.42
783.935	-63.55
784.109	98.32
784.283	-96.52
784.456	38.39
784.63	-98.94
784.804	68.62
784.977	5.83
785.151	42.06
785.324	-3.61
785.498	-45.62
785.672	76.61
785.845	32.67
786.019	-137.91
786.192	164.9
786.366	26.76
786.539	84.41
786.713	-46.59
786.886	-12.99
787.06	154.98
787.233	-25.28
787.406	46.4
787.58	-8.85
787.753	68.67
787.926	50.19
788.1	-163.8
788.273	-356.6
788.446	-36.53
788.62	338.71
788.793	64.33
788.966	60
789.139	178.31
789.313	139.78
789.486	-6214.29
789.659	-159.43
789.832	62.84
790.005	95.32
790.178	225.66
790.351	6.03
790.524	108.81
790.697	-0.43
790.87	-156.85
791.044	365.45
791.216	93.78
791.389	-213.37
791.562	13.89
791.735	-3.8
791.908	533.77
792.081	57.87
792.254	-359.34
792.427	59.11
792.6	-11.37
792.773	80.78
792.945	-40.3
793.118	100.5
793.291	-29.67
793.464	-205.53
793.637	204.29
793.809	55.77
793.982	64.44
794.155	91.3
794.327	25.3
794.5	96.92
794.673	-74.09
794.845	1.17
795.018	-315.23
795.19	205.62
795.363	50.73
795.536	180.27
795.708	-1519.35
795.881	1740
796.053	47.37
796.226	252
796.398	176.61
796.57	7.13
796.743	107.58
796.915	-5.85
797.088	222.27
797.26	224.41
797.432	239.24
797.605	24.06
797.777	-120.78
797.949	-56.76
798.122	58.2
798.294	219.28
798.466	-8.57
798.638	-34.8
798.81	178.31
798.983	117.72
799.155	37.13
799.327	-6.51
799.499	89.42
799.671	-22.26
799.843	25.24
800.015	131.91
800.187	-19.37
800.359	169.62
800.531	80.85
800.703	64.65
800.875	39.73
801.047	56.06
801.219	103.41
801.391	-370.13
801.563	84.17
801.735	38.11
801.907	226.38
802.079	19.87
802.251	-174.73
802.422	54.33
802.594	66.23
802.766	17.49
802.938	79.37
803.11	221.63
803.281	252.32
803.453	42.96
803.625	28.59
803.796	24.59
803.968	24.72
804.14	97.89
804.311	19.39
804.483	96.61
804.654	109.64
804.826	153.29
804.998	312.83
805.169	-98.46
805.341	108
805.512	-95.03
805.684	36.34
805.855	112.84
806.026	1241.54
806.198	491.41
806.369	15.14
806.541	63.36
806.712	23.08
806.883	179.02
807.055	104.86
807.226	98.84
807.397	207.69
807.569	-188.5
807.74	33.71
807.911	275.51
808.082	267.71
808.253	133.66
808.425	28.3
808.596	-252.81
808.767	420.86
808.938	119.02
809.109	216.83
809.28	-194.79
809.451	78.1
809.622	-168.45
809.793	-1790.32
809.964	-86.09
810.135	-33.56
810.306	-171.68
810.477	453.02
810.648	30.84
810.819	15.49
810.99	-6420
811.161	103.72
811.332	-95.68
811.503	47.9
811.674	41.54
811.844	-696.92
812.015	59.37
812.186	469.33
812.357	-45.06
812.527	104.76
812.698	-56.01
812.869	933.96
813.04	-30.75
813.21	-1148.28
813.381	122.57
813.551	-75.21
813.722	35.09
813.893	36.86
814.063	73.7
814.234	-1009.09
814.404	-52.48
814.575	243.05
814.745	13.27
814.916	60.42
815.086	24.63
815.257	4.04
815.427	34.97
815.598	21.35
815.768	54.06
815.938	74.57
816.109	91.09
816.279	61.38
816.449	-29.91
816.62	1121.05
816.79	89.21
816.96	-1081.13
817.13	31.4
817.301	-28.93
817.471	-62.98
817.641	115.95
817.811	168.61
817.981	-1071.43
818.152	9.95
818.322	109.9
818.492	149.56
818.662	62.54
818.832	16.46
819.002	46.69
819.172	180.43
819.342	105.78
819.512	0.58
819.682	12.84
819.852	19.28
820.022	95.12
820.192	-185.39
820.362	-29.93
820.531	-16.61
820.701	76.09
820.871	84.41
821.041	33.94
821.211	-86.95
821.381	81.55
821.55	264.26
821.72	-453.49
821.89	521.54
822.059	20.41
822.229	78.32
822.399	-71.3
822.568	379
822.738	-490.24
822.908	314.72
823.077	12.18
823.247	65.61
823.416	-194.12
823.586	68.98
823.756	-48.17
823.925	467.09
824.095	634.88
824.264	-119.73
824.433	-61.06
824.603	77.44
824.772	-197
824.942	-641.77
825.111	167.34
825.28	-27.95
825.45	-169.57
825.619	39.13
825.788	-185.39
825.958	-21.22
826.127	32.92
826.296	-51.79
826.465	187.06
826.635	49.85
826.804	-72.75
826.973	12.18
827.142	-154.47
827.311	227.52
827.48	70.11
827.649	81.82
827.818	-96.85
827.988	-208.8
828.157	213.48
828.326	29.44
828.495	-26.35
828.664	-8.17
828.833	-1.06
829.002	195.65
829.17	-255.7
829.339	426.63
829.508	57.09
829.677	-522.47
829.846	37.95
830.015	29.58
830.184	-8.21
830.352	143.65
830.521	41.01
830.69	-373.17
830.859	723.53
831.027	-2542.11
831.196	5.58
831.365	-38.35
831.533	15.55
831.702	18.22
831.871	-32.53
832.039	135.57
832.208	-86.09
832.377	158.27
832.545	102.57
832.714	73.63
832.882	-7.15
833.051	153.83
833.219	2700
833.388	175.09
833.556	-109.33
833.724	96.47
833.893	9.02
834.061	1689.47
834.23	39.66
834.398	286.1
834.566	-11.69
834.735	-2957.14
834.903	-537.74
835.071	-1380
835.239	-6.89
835.408	85.81
835.576	-202.33
835.744	-3.96
835.912	75.16
836.08	109.61
836.249	-266.04
836.417	190.91
836.585	111.48
836.753	195.37
836.921	300
837.089	1842.86
837.257	-397.67
837.425	-374.04
837.593	-92.02
837.761	72.37
837.929	26.38
838.097	36.18
838.265	85.33
838.433	272.46
838.601	128.12
838.769	11.39
838.936	97.75
839.104	113.62
839.272	30.69
839.44	76.05
839.608	-782.93
839.775	56.79
839.943	84.05
840.111	57.76
840.279	38.84
840.446	-111.94
840.614	-463.64
840.781	644.35
840.949	28.38
841.117	115.38
841.284	93.99
841.452	-370.81
841.619	45.4
841.787	-67.53
841.954	-341.86
842.122	15.61
842.289	94.17
842.457	31.44
842.624	103.19
842.792	-146.72
842.959	-221.14
843.126	100.56
843.294	103.04
843.461	93.35
843.629	232.8
843.796	33.05
843.963	-222.96
844.13	9.3
844.298	137.84
844.465	-46.36
844.632	-236.65
844.799	113.07
844.966	49.79
845.134	68.62
845.301	20.57
845.468	5.96
845.635	134.63
845.802	-1.28
845.969	-22.25
846.136	93.19
846.303	-900
846.47	77.9
846.637	244.62
846.804	-900
846.971	-50.16
847.138	54.44
847.305	172.57
847.472	-2.74
847.639	66.74
847.805	48.54
847.972	81.82
848.139	37.34
848.306	1563.16
848.473	873.13
848.639	13.61
848.806	328.8
848.973	164.63
849.14	72.87
849.306	-119.73
849.473	-9.93
849.64	410.77
849.806	122.01
849.973	364.86
850.139	-303.97
850.306	39.26
850.472	60.89
850.639	79.67
850.806	-1089.47
850.972	706.96
851.139	-1071.43
851.305	86.02
851.471	193.24
851.638	86.5
851.804	-22.39
851.971	-80.49
852.137	-4.03
852.303	141.7
852.47	77.5
852.636	-211
852.802	186.61
852.968	8.94
853.135	129.44
853.301	-143.93
853.467	12.79
853.633	-32.74
853.8	27.71
853.966	-114.21
854.132	4071.43
854.298	72.26
854.464	340.45
854.63	72.1
854.796	194.24
854.962	317.27
855.128	50.08
855.294	-58.76
855.46	11.44
855.626	-170.47
855.792	-112.36
855.958	195.15
856.124	-259.51
856.29	117.22
856.456	104.55
856.622	177.45
856.787	783.12
856.953	17.81
857.119	442.57
857.285	123.7
857.45	-98.59
857.616	-79.43
857.782	-102.05
857.948	44.2
858.113	-138.23
858.279	208.63
858.445	318.9
858.61	-62.79
858.776	188.26
858.941	454.46
859.107	50.76
859.273	170.12
859.438	-98.52
859.604	489.47
859.769	148.82
859.935	204.95
860.1	13.32
860.265	54.57
860.431	-200.72
860.596	5271.43
860.762	237.03
860.927	157.22
861.092	78.23
861.258	-124.93
861.423	-52.12
861.588	37.97
861.753	2357.14
861.919	1160.38
862.084	-153.54
862.249	283.73
862.414	127.99
862.579	232.99
862.745	89.69
862.91	100.74
863.075	116.29
863.24	71.32
863.405	155.28
863.57	34.2
863.735	11.85
863.9	87.61
864.065	79.82
864.23	138.52
864.395	69.4
864.56	46.22
864.725	436.71
864.89	259.55
865.055	14.5
865.22	-93.17
865.384	-91.01
865.549	-26.21
865.714	-20.37
865.879	40.33
866.044	-148.52
866.208	34.99
866.373	-319.78
866.538	55.5
866.702	8.85
866.867	84.89
867.032	110.82
867.196	171.98
867.361	223.2
867.526	-81.12
867.69	-22.19
867.855	405.49
868.019	823.64
868.184	-20.84
868.348	87.03
868.513	-1287.1
868.677	113.23
868.842	193.99
869.006	0.85
869.17	-1103.77
869.335	-870.73
869.499	-387.38
869.663	331.79
869.828	-219.84
869.992	551.16
870.156	28.34
870.321	-69.5
870.485	89.8
870.649	8.71
870.813	100.74
870.978	177.45
871.142	-789.23
871.306	-115.17
871.47	387.59
871.634	337.8
871.798	300
871.962	86.79
872.126	-3985.71
872.29	-7.99
872.454	4928.57
872.618	248.33
872.782	729.85
872.946	211.41
873.11	76.88
873.274	50.29
873.438	-900
873.602	-105.28
873.766	-183.12
873.93	-48.49
874.094	-212.36
874.257	150.4
874.421	341.62
874.585	452.73
874.749	37.77
874.912	420.86
875.076	168.98
875.24	146.56
875.403	140.27
875.567	231.43
875.731	-117.98
875.894	84.49
876.058	-4.31
876.222	57.3
876.385	324.12
876.549	21.46
876.712	-223.64
876.876	-59.51
877.039	-144.79
877.203	72.37
877.366	43.19
877.529	-68.9
877.693	-17.43
877.856	148.77
878.02	58.52
878.183	40.44
878.346	-261.04
878.51	363.72
878.673	343.17
878.836	80.44
878.999	-512.9
879.163	63.93
879.326	103.58
879.489	80.93
879.652	35.51
879.815	103.19
879.978	55.1
880.142	163.09
880.305	359.63
880.468	45.54
880.631	19.89
880.794	78.74
880.957	153.66
881.12	-758.82
881.283	-135.87
881.446	60.88
881.609	360.43
881.772	139.74
881.935	-3370.59
882.097	171.1
882.26	-152.83
882.423	107.04
882.586	3.32
882.749	9.62
882.912	93.87
883.074	-7.02
883.237	73.54
883.4	105.84
883.562	22.12
883.725	50.4
883.888	309.45
884.05	-9300
884.213	82.63
884.376	35.53
884.538	18.01
884.701	18.01
884.863	18.01
