181.954	3.24
182.172	3.24
182.39	3.24
182.608	-3040
182.826	206.59
183.043	-27.23
183.261	159.13
183.479	141.94
183.697	870.59
183.914	22.67
184.132	94.12
184.35	116.59
184.567	59.72
184.785	-7.08
185.003	149.1
185.22	78.97
185.438	-31.48
185.656	-164.82
185.873	80
186.091	57.54
186.309	2331.03
186.526	-128.51
186.744	94.28
186.961	-145.79
187.179	-58.77
187.396	102.49
187.614	892.31
187.831	5600
188.049	-68.71
188.266	80.33
188.484	-292.54
188.701	-15.53
188.919	53.99
189.136	225.44
189.354	26.25
189.571	-291.94
189.789	97.56
190.006	69.14
190.223	-10.81
190.441	26.94
190.658	-6571.43
190.876	114.52
191.093	-610.99
191.31	61.54
191.528	49.65
191.745	-53.71
191.962	104.22
192.179	190.16
192.397	-127.94
192.614	-63.81
192.831	-96.58
193.049	60.22
193.266	648.54
193.483	87.44
193.7	264.62
193.917	100.18
194.135	-89.21
194.352	-205.41
194.569	49.85
194.786	152.05
195.003	-12.18
195.221	-19.1
195.438	-209.19
195.655	-56.28
195.872	75.93
196.089	95.97
196.306	32
196.523	-27.59
196.74	241.63
196.957	-3.68
197.174	-113.71
197.391	46.18
197.608	53.36
197.825	335.48
198.042	-86.21
198.259	303.45
198.476	245.59
198.693	7040
198.91	-29.18
199.127	191.04
199.344	27.53
199.561	279.77
199.778	65.25
199.995	-722.39
200.212	2041.38
200.429	202.84
200.646	-916.46
200.862	274.16
201.079	-13.69
201.296	164.24
201.513	42.72
201.73	2.95
201.947	25.81
202.163	-53.71
202.38	224.28
202.597	-47.06
202.814	-74.58
203.03	2000
203.247	136.68
203.464	-85.66
203.681	-306.49
203.897	65.44
204.114	369.81
204.331	102.18
204.547	-539.53
204.764	19.01
204.981	870.59
205.197	80
205.414	-111.23
205.63	-813.79
205.847	-50.25
206.064	603.64
206.28	-69.75
206.497	-75.43
206.713	102.61
206.93	76.36
207.146	32.87
207.363	541.54
207.579	-650.55
207.796	-219.47
208.012	116.16
208.229	-400
208.445	-23.98
208.662	-14.79
208.878	61.34
209.095	1294.12
209.311	9.18
209.528	6457.14
209.744	-84.94
209.96	-82.12
210.177	100.97
210.393	54.33
210.609	6080
210.826	-149.69
211.042	-253.91
211.258	173.13
211.475	-156.15
211.691	-13.41
211.907	-5.06
212.124	48.03
212.34	237.71
212.556	-141.45
212.772	114.29
212.989	-82.12
213.205	-183.03
213.421	-321.61
213.637	-202.99
213.853	141.63
214.069	-3242.11
214.286	86.3
214.502	-1205.97
214.718	43.89
214.934	109.92
215.15	87.87
215.366	93.57
215.582	-94.7
215.798	77.09
216.015	138.32
216.231	86.49
216.447	-9.51
216.663	61.54
216.879	-86.43
217.095	-85.91
217.311	-467.92
217.527	201.34
217.743	-330.1
217.959	-400
218.175	38.24
218.391	135.25
218.606	148.57
218.822	132.17
219.038	-8.56
219.254	105.26
219.47	16.87
219.686	355.06
219.902	10.58
220.118	64.9
220.334	17.69
220.549	-1.78
220.765	-13.56
220.981	-48.45
221.197	-20.56
221.413	-426.37
221.628	-96.2
221.844	1230.19
222.06	-62.14
222.276	40.48
222.491	32.92
222.707	205.9
222.923	171.81
223.139	75.04
223.354	-9.93
223.57	-390.55
223.786	25.03
224.001	-108.11
224.217	103.79
224.432	-11.56
224.648	146.87
224.864	-12.53
225.079	495.52
225.295	70.47
225.51	21.62
225.726	7.55
225.942	-5.02
226.157	70.29
226.373	-139.57
226.588	-31.16
226.804	-3557.89
227.019	28.14
227.235	97.36
227.45	91.88
227.665	5840
227.881	299.21
228.096	-45.22
228.312	-111.17
228.527	122.73
228.743	-118.86
228.958	-155.1
229.173	-660.87
229.389	97.42
229.604	26.07
229.819	-37.06
230.035	-204.95
230.25	-92.13
230.465	136.17
230.681	-95.11
230.896	-50.09
231.111	41.1
231.327	113.78
231.542	-2080
231.757	59.48
231.972	-94.7
232.187	-27.23
232.403	-1663.16
232.618	55.59
232.833	13.83
233.048	36.36
233.263	10.71
233.478	-379.13
233.694	1162.79
233.909	219.35
234.124	67.21
234.339	79.06
234.554	882.76
234.769	164.31
234.984	-66.37
235.199	1.29
235.414	-134.51
235.629	-81.01
235.844	59.39
236.059	64.47
236.274	6.04
236.489	-159.25
236.704	65.71
236.919	2.33
237.134	37.09
237.349	131.38
237.564	11.32
237.779	-175.2
237.994	8.51
238.209	136.29
238.424	-171.78
238.639	40.44
238.853	21.37
239.068	-70.09
239.283	-95.47
239.498	138.26
239.713	-34.56
239.928	-41.77
240.142	162.68
240.357	-118.8
240.572	-61.97
240.787	8.72
241.001	-73.19
241.216	-30.68
241.431	287.54
241.646	31.78
241.86	-104.04
242.075	-372.09
242.29	-11.45
242.504	29.1
242.719	285.71
242.934	-570.08
243.148	-3.64
243.363	-3.64
243.577	206.74
243.792	-64.78
244.007	8.55
244.221	-197.4
244.436	-704.48
244.65	-61.35
244.865	26.54
245.079	73.54
245.294	-210.07
245.508	43.65
245.723	117.18
245.937	-162.64
246.152	-77.21
246.366	100.17
246.581	-84.44
246.795	-24.54
247.01	30.61
247.224	-16.25
247.438	-79.63
247.653	22.71
247.867	12.39
248.081	73.1
248.296	-926.83
248.51	54.29
248.724	47.32
248.939	-167.16
249.153	16.33
249.367	-54.93
249.582	-30.52
249.796	-306.49
250.01	116.56
250.224	45.88
250.439	-95.77
250.653	55.93
250.867	-37.74
251.081	-337.44
251.295	14.31
251.51	-149.79
251.724	152.52
251.938	260.22
252.152	353.28
252.366	79.42
252.58	-247.27
252.794	30.31
253.008	68.87
253.223	-32.82
253.437	51.41
253.651	16.3
253.865	194.26
254.079	-55.83
254.293	-51.3
254.507	-574.55
254.721	34.74
254.935	153.85
255.149	79.49
255.363	35.28
255.577	300.67
255.791	104.41
256.005	115.34
256.218	-58.17
256.432	-25.58
256.646	13.72
256.86	19.15
257.074	45.01
257.288	-1840
257.502	-452.75
257.716	45.71
257.929	78.55
258.143	54.78
258.357	83.39
258.571	184.5
258.785	-105.21
258.998	-15.85
259.212	84.16
259.426	68.16
259.64	52.61
259.853	66.46
260.067	-0.94
260.281	12.71
260.494	-29.88
260.708	526.73
260.922	23.82
261.135	59.17
261.349	-36.97
261.563	30.84
261.776	376.47
261.99	53.94
262.203	11
262.417	-111.66
262.63	-168.14
262.844	-35.96
263.058	88.14
263.271	45.18
263.485	5.12
263.698	29.11
263.912	-190.64
264.125	6.74
264.339	-50.39
264.552	24.17
264.765	-128.7
264.979	25.08
265.192	54.5
265.406	-44.92
265.619	52.46
265.832	36.03
266.046	-70.28
266.259	-66.44
266.473	-3148.39
266.686	38.42
266.899	72.89
267.113	-2320
267.326	-103.18
267.539	-26.36
267.752	-12.65
267.966	121.24
268.179	33.95
268.392	95.97
268.605	-125.98
268.819	148.98
269.032	-132.7
269.245	615.38
269.458	166.79
269.671	-445.57
269.885	-51.44
270.098	5.95
270.311	-324.05
270.524	28.7
270.737	-83.89
270.95	-98.01
271.163	204.72
271.376	2503.23
271.589	-217.72
271.802	-28.36
272.016	-188.93
272.229	58.32
272.442	-69.64
272.655	45.79
272.868	76.89
273.081	-22.47
273.294	20.49
273.506	-39.58
273.719	3.43
273.932	29
274.145	800
274.358	-73.88
274.571	41.68
274.784	664.15
274.997	53.57
275.21	-5.61
275.423	-14.53
275.635	-62.31
275.848	30.53
276.061	-10.6
276.274	-53.2
276.487	-34.78
276.699	112.16
276.912	-68.54
277.125	-57.87
277.338	-53.24
277.55	69.61
277.763	-15.42
277.976	71.34
278.189	-189.01
278.401	-9.77
278.614	627.2
278.827	20.24
279.039	-68.73
279.252	2.42
279.464	-47.06
279.677	32.31
279.89	17.52
280.102	-50.25
280.315	653.66
280.527	231.58
280.74	-565.52
280.952	-24.1
281.165	-16.21
281.377	-5.35
281.59	73.98
281.802	-74.64
282.015	103.13
282.227	10.96
282.44	247.48
282.652	489.89
282.865	-144.08
283.077	53.98
283.29	112.87
283.502	-13.11
283.714	-92.89
283.927	87
284.139	-240.34
284.351	-7.16
284.564	280.21
284.776	137.11
284.988	-255.83
285.201	-525.37
285.413	-2.03
285.625	60.54
285.838	-22.6
286.05	60.94
286.262	-129.89
286.474	-77.34
286.686	-15.16
286.899	-23.32
287.111	-30.92
287.323	29.46
287.535	514.85
287.747	43.43
287.959	-29.39
288.172	80
288.384	45.97
288.596	-115.72
288.808	777.36
289.02	890.57
289.232	64.52
289.444	19.9
289.656	-145.93
289.868	19.87
290.08	-76.07
290.292	-11.91
290.504	39.66
290.716	29.36
290.928	32.99
291.14	-232.56
291.352	41.22
291.564	588.24
291.776	149.49
291.988	34.36
292.2	180.09
292.412	164.32
292.624	76.07
292.835	423.88
293.047	-11.19
293.259	-84.01
293.471	159.28
293.683	68.29
293.895	161.12
294.106	-37.48
294.318	-30.31
294.53	-10.24
294.742	2041.38
294.953	-107.75
295.165	23.28
295.377	80
295.589	24.52
295.8	55.85
296.012	5.27
296.224	77.53
296.435	109.82
296.647	38.38
296.858	74.82
297.07	947.69
297.282	-48.95
297.493	-8.21
297.705	-400
297.916	-24.47
298.128	31.61
298.34	74.11
298.551	-72.15
298.763	38.01
298.974	-19.65
299.186	-27.44
299.397	23.32
299.609	141.94
299.82	82.82
300.031	31.31
300.243	673.68
300.454	4.91
300.666	59.15
300.877	128.91
301.089	-93.62
301.3	15.88
301.511	8.64
301.723	-11.53
301.934	155.22
302.145	-149.85
302.357	150.71
302.568	41.6
302.779	-50.05
302.99	-163.23
303.202	-78.05
303.413	-75.93
303.624	23.05
303.835	460.38
304.047	-103.64
304.258	-44.77
304.469	33.65
304.68	47.94
304.891	9.76
305.103	114.29
305.314	71.16
305.525	6628.57
305.736	-513.39
305.947	27.1
306.158	1152.94
306.369	58.32
306.58	152.5
306.791	182.3
307.002	-48.83
307.213	-52.45
307.424	-43.82
307.636	106.81
307.846	-61.44
308.057	194.17
308.268	-44.37
308.479	-40.25
308.69	-23.66
308.901	67.71
309.112	-232.56
309.323	36.36
309.534	-103.47
309.745	1.16
309.956	1.13
310.167	-20.84
310.377	186.12
310.588	-60.55
310.799	202.43
311.01	-77.45
311.221	55.94
311.432	54.29
311.642	-18.53
311.853	-77.04
312.064	717.24
312.275	211.15
312.485	13.49
312.696	8.56
312.907	-32.16
313.117	53.27
313.328	36.91
313.539	-74.68
313.749	-39.7
313.96	-993.41
314.171	75.51
314.381	3.17
314.592	-59.16
314.802	-21.3
315.013	31.61
315.224	32
315.434	-3621.05
315.645	4160
315.855	34.88
316.066	166.29
316.276	-60.78
316.487	273.17
316.697	42.84
316.908	59.81
317.118	-95.47
317.329	31.89
317.539	9.67
317.749	223.18
317.96	-704.48
318.17	-88.98
318.381	35.16
318.591	-742.86
318.801	2.89
319.012	57.95
319.222	54.37
319.432	-75.43
319.643	170.26
319.853	-211.66
320.063	19.28
320.273	-19.28
320.484	-96.7
320.694	177.96
320.904	-58.31
321.114	125.84
321.325	1420.69
321.535	-286.26
321.745	17.59
321.955	27.79
322.165	-41.09
322.375	-21.05
322.585	26.99
322.796	427.59
323.006	42.82
323.216	173.36
323.426	-75.43
323.636	105.26
323.846	1586.21
324.056	19.63
324.266	15.2
324.476	6.57
324.686	34.59
324.896	-68.74
325.106	935.85
325.316	29.79
325.526	-5642.11
325.736	13.21
325.946	11.28
326.156	519.48
326.366	-253.91
326.576	-7.16
326.785	130.65
326.995	215.3
327.205	293.47
327.415	169.49
327.625	20.44
327.835	51.7
328.044	-255.28
328.254	246.96
328.464	-5.65
328.674	105.54
328.884	-235.97
329.093	139.04
329.303	28.92
329.513	293.17
329.722	-842.11
329.932	-73.7
330.142	61.38
330.351	-23.33
330.561	909.09
330.771	-200.74
330.98	83.92
331.19	504.62
331.4	-179.51
331.609	8.37
331.819	-78.05
332.028	-91.43
332.238	-9.49
332.447	30.46
332.657	49.06
332.866	72.96
333.076	38.06
333.285	-91.21
333.495	-787.1
333.704	-87.89
333.914	49.84
334.123	-20.48
334.333	560
334.542	-63.22
334.752	560
334.961	528.3
335.17	-128.64
335.38	-99.18
335.589	64.12
335.798	-0.82
336.008	-83.52
336.217	34.04
336.426	33.89
336.636	110.64
336.845	36.06
337.054	924.68
337.263	96.21
337.473	-43.78
337.682	-13.03
337.891	14.01
338.1	-123.74
338.309	129.54
338.519	12.76
338.728	-6.41
338.937	-201.57
339.146	385.61
339.355	-218.87
339.564	-1536.84
339.773	-44.22
339.983	-2.27
340.192	-358.26
340.401	129.7
340.61	-29.09
340.819	55.37
341.028	142.95
341.237	1223.53
341.446	5.98
341.655	55.58
341.864	-58.77
342.073	41.2
342.282	-142.65
342.491	19.01
342.699	-714.56
342.908	98.7
343.117	154.09
343.326	32.39
343.535	-7.27
343.744	-59.95
343.953	4.57
344.162	33.87
344.37	-26.81
344.579	-185.07
344.788	45.01
344.997	125.18
345.206	112.05
345.414	19.44
345.623	73.8
345.832	-59.95
346.041	355.33
346.249	96.13
346.458	26.56
346.667	91.61
346.875	4.98
347.084	28.65
347.293	50.97
347.501	-195.26
347.71	38.88
347.918	-76.75
348.127	-624.18
348.336	-630.46
348.544	31.21
348.753	-417.91
348.961	40.07
349.17	-38.61
349.378	136.76
349.587	16.87
349.795	66.02
350.004	356.92
350.212	76.69
350.421	290.27
350.629	-8.46
350.838	-31.98
351.046	90.77
351.254	-81.07
351.463	-0.61
351.671	-1726.32
351.879	7.71
352.088	-40.92
352.296	215.93
352.504	83.76
352.713	-1.62
352.921	-333.86
353.129	-77.21
353.338	51.31
353.546	89.29
353.754	-120.25
353.962	-205.17
354.171	-13.89
354.379	-4126.32
354.587	13.5
354.795	-122.48
355.003	-12.04
355.212	85.8
355.42	935.85
355.628	108.92
355.836	-25.76
356.044	-16.83
356.252	-28.41
356.46	-51.01
356.668	873.85
356.876	34.08
357.084	-62.9
357.292	-29.16
357.5	-52.24
357.708	15.78
357.916	11.99
358.124	-74.64
358.332	-364.18
358.54	-574.55
358.748	-400
358.956	-78.62
359.164	52.55
359.372	93.23
359.58	-210.07
359.788	53.27
359.996	-22.51
360.203	-15.41
360.411	-43.79
360.619	-357.79
360.827	83.96
361.035	-267.48
361.242	117.3
361.45	131.65
361.658	66.35
361.866	23.93
362.073	96.11
362.281	77.34
362.489	21.16
362.697	97.49
362.904	53.17
363.112	57.29
363.32	24.59
363.527	-619.13
363.735	7.72
363.943	22.36
364.15	96.11
364.358	-89.78
364.565	-37.15
364.773	-10.42
364.98	-158.3
365.188	-107.13
365.395	31.76
365.603	6.78
365.81	-30.87
366.018	9.05
366.225	125.1
366.433	-27.79
366.64	95.1
366.848	49.83
367.055	-129.15
367.263	27.56
367.47	33.52
367.677	-248.1
367.885	1.77
368.092	8.87
368.299	-149.86
368.507	114.51
368.714	502.65
368.921	-267.72
369.129	86.71
369.336	41.2
369.543	-76.03
369.751	-38.88
369.958	-206.28
370.165	82.87
370.372	-40.8
370.579	-59.34
370.787	50.56
370.994	170.49
371.201	74.11
371.408	-10.63
371.615	-60.34
371.822	15.49
372.029	-1.36
372.237	-201.14
372.444	183.78
372.651	20.68
372.858	96.19
373.065	1.99
373.272	-28.64
373.479	220.69
373.686	-41.71
373.893	-306.8
374.1	151.2
374.307	-287.77
374.514	168.42
374.721	11.34
374.928	254.55
375.135	-83.02
375.341	4640
375.548	-2.1
375.755	-39.65
375.962	38.32
376.169	-68.38
376.376	-69.64
376.583	-24.83
376.789	83.94
376.996	-50.1
377.203	-29.66
377.41	-38.99
377.617	68.25
377.823	119.79
378.03	-283.87
378.237	-15.61
378.443	-2.29
378.65	1139.62
378.857	-121.03
379.063	-278.48
379.27	90.43
379.477	38.15
379.683	-131.88
379.89	19.94
380.097	-66.54
380.303	45.26
380.51	-6.11
380.716	11.37
380.923	-494.49
381.129	68.34
381.336	-31.5
381.542	71.87
381.749	-32.15
381.955	55.96
382.162	30.46
382.368	-88.98
382.575	-53.24
382.781	1503.45
382.988	-32.89
383.194	-19.48
383.4	2.75
383.607	66.2
383.813	33.95
384.02	-10.09
384.226	-95.3
384.432	-66.54
384.639	56.67
384.845	131.65
385.051	-73.43
385.257	-35.04
385.464	88.3
385.67	124.9
385.876	25.05
386.082	-78.64
386.289	27.86
386.495	8.26
386.701	-126.38
386.907	-163.68
387.113	40.25
387.319	12.65
387.526	10.42
387.732	-78.74
387.938	243.2
388.144	-128.7
388.35	10.3
388.556	40.06
388.762	26.45
388.968	520.93
389.174	29.54
389.38	95.03
389.586	10.48
389.792	-57.4
389.998	-13.82
390.204	5.83
390.41	29.64
390.616	-74.77
390.822	-41.12
391.028	52.95
391.234	35.35
391.439	-469.9
391.645	-23.43
391.851	36.47
392.057	-30.59
392.263	19.94
392.469	-48.99
392.674	-13.62
392.88	5.17
393.086	-24.91
393.292	43.14
393.498	-122.07
393.703	21.54
393.909	18.4
394.115	38.69
394.32	-48.56
394.526	-12.51
394.732	11.72
394.937	43.5
395.143	-25.91
395.349	-29.37
395.554	-182.91
395.76	43.17
395.965	-107.13
396.171	-47.78
396.377	-28.96
396.582	-5.31
396.788	-8.6
396.993	8.26
397.199	30.21
397.404	21.52
397.61	2.5
397.815	-44.73
398.021	-23.27
398.226	-68.74
398.431	-76.97
398.637	-47.51
398.842	23.77
399.048	-1.05
399.253	36.23
399.458	14.29
399.664	4.15
399.869	-27.5
400.074	17
400.28	-0.21
400.485	-57.02
400.69	-32.73
400.896	-24.95
401.101	-1.92
401.306	-23.46
401.511	1.84
401.716	-3.5
401.922	-10.05
402.127	-4.25
402.332	-25.84
402.537	49.24
402.742	9.5
402.947	50.24
403.153	-13.82
403.358	-18.96
403.563	-2.17
403.768	18.86
403.973	8.65
404.178	-16.62
404.383	7.36
404.588	11.32
404.793	0.71
404.998	-6.41
405.203	-4.07
405.408	-5.96
405.613	5.23
405.818	-1.4
406.023	3.99
406.228	-6.99
406.433	8.88
406.638	-5.45
406.842	20.36
407.047	7.89
407.252	-5.65
407.457	9.15
407.662	4.96
407.867	9.26
408.071	4.83
408.276	-4.23
408.481	3.16
408.686	0.34
408.891	11.71
409.095	10.54
409.3	1.35
409.505	9.38
409.709	-2.07
409.914	8.13
410.119	1.55
410.323	1.01
410.528	-3.4
410.733	3.99
410.937	-1.04
411.142	4.73
411.346	3.64
411.551	-1.65
411.756	2.4
411.96	4.44
412.165	-3.77
412.369	1.3
412.574	1.68
412.778	5.17
412.983	7.82
413.187	2.72
413.392	-0.93
413.596	1.77
413.8	8.32
414.005	3.99
414.209	3.48
414.414	2.7
414.618	4.03
414.822	4.93
415.027	5.35
415.231	0.98
415.435	5.68
415.64	1.52
415.844	2.95
416.048	1.25
416.252	3.93
416.457	3.6
416.661	2.83
416.865	1.39
417.069	2.67
417.274	5.04
417.478	4.27
417.682	0.47
417.886	2.58
418.09	3.67
418.294	2.78
418.498	2
418.702	3.02
418.907	2.43
419.111	2.1
419.315	2.06
419.519	3.8
419.723	1.03
419.927	4.25
420.131	3.14
420.335	2.74
420.539	2.09
420.743	4.59
420.947	1.05
421.151	2.33
421.355	3.1
421.558	3.52
421.762	2.31
421.966	2.94
422.17	2.41
422.374	3.2
422.578	3.58
422.782	3.05
422.985	2.05
423.189	2.95
423.393	1.18
423.597	1.97
423.801	2.69
424.004	2.62
424.208	1.89
424.412	2.55
424.615	3.33
424.819	2.71
425.023	3.25
425.226	3.01
425.43	2.78
425.634	3.26
425.837	2.68
426.041	2.73
426.245	3.28
426.448	3.06
426.652	2.51
426.855	2.08
427.059	2.04
427.262	2.59
427.466	1.99
427.669	2.73
427.873	2.06
428.076	2.36
428.28	2.52
428.483	2.68
428.687	2.86
428.89	3.08
429.094	2.64
429.297	3.32
429.5	2.86
429.704	2.41
429.907	3.12
430.11	2.87
430.314	3.15
430.517	3.14
430.72	2.73
430.924	2.94
431.127	2.54
431.33	3.2
431.533	3.39
431.737	2.45
431.94	2.36
432.143	2.9
432.346	2.42
432.549	2.6
432.752	2.88
432.956	3.05
433.159	2.19
433.362	2.21
433.565	2.59
433.768	2.61
433.971	2.39
434.174	2.54
434.377	2.93
434.58	2.77
434.783	2.4
434.986	2.52
435.189	3.44
435.392	2.5
435.595	3.63
435.798	2.73
436.001	2.95
436.204	2.85
436.407	2.79
436.61	3.26
436.813	3.41
437.016	2.87
437.219	2.93
437.421	3.12
437.624	3
437.827	2.95
438.03	3.02
438.233	3.1
438.435	2.89
438.638	3.04
438.841	3.14
439.044	2.67
439.246	2.94
439.449	3.13
439.652	2.65
439.854	3.14
440.057	2.96
440.26	2.87
440.462	2.95
440.665	2.77
440.868	3.12
441.07	3.07
441.273	3.07
441.475	2.7
441.678	3.1
441.88	3.03
442.083	2.39
442.286	2.78
442.488	2.48
442.69	2.91
442.893	2.98
443.095	2.73
443.298	2.75
443.5	3.03
443.703	2.8
443.905	2.69
444.108	3.1
444.31	2.89
444.512	3.04
444.715	3.2
444.917	3.07
445.119	2.68
445.322	2.73
445.524	3.28
445.726	2.89
445.928	2.85
446.131	3
446.333	2.81
446.535	2.83
446.737	2.8
446.94	3.15
447.142	2.98
447.344	3.21
447.546	2.83
447.748	2.93
447.95	3.11
448.152	2.89
448.354	2.8
448.557	3.5
448.759	3.29
448.961	2.75
449.163	3.38
449.365	3.05
449.567	3.11
449.769	3.18
449.971	2.95
450.173	2.92
450.375	2.9
450.577	3.25
450.779	3.11
450.981	3.16
451.182	2.72
451.384	2.83
451.586	3.13
451.788	2.91
451.99	3.49
452.192	3
452.394	3.51
452.595	3.57
452.797	3.12
452.999	3.36
453.201	3.17
453.402	2.73
453.604	3.46
453.806	3.12
454.008	3.23
454.209	3.18
454.411	3.02
454.613	3.65
454.814	3.22
455.016	3.1
455.218	3.04
455.419	3.68
455.621	3.02
455.822	3.01
456.024	3.17
456.225	3.36
456.427	3.39
456.629	2.77
456.83	3.18
457.032	3.46
457.233	2.97
457.435	2.91
457.636	3.21
457.837	3.36
458.039	3.41
458.24	3.03
458.442	3.77
458.643	3.07
458.844	3.82
459.046	3.3
459.247	3.61
459.448	3.55
459.65	3.88
459.851	3.27
460.052	4.03
460.254	3.14
460.455	3.73
460.656	3.78
460.857	3.6
461.059	3.02
461.26	3.49
461.461	3.26
461.662	3.76
461.863	3.83
462.065	3.86
462.266	3.68
462.467	2.99
462.668	2.49
462.869	4.6
463.07	3.7
463.271	2.46
463.472	2.78
463.673	3.67
463.874	3.25
464.075	3.85
464.276	3.04
464.477	3.82
464.678	3.3
464.879	3.2
465.08	3.6
465.281	2.89
465.482	2.58
465.683	2.3
465.884	3.24
466.085	3.33
466.285	2.56
466.486	4.35
466.687	4.1
466.888	3.88
467.089	2.89
467.29	3.5
467.49	4.07
467.691	3.59
467.892	4.34
468.093	3.39
468.293	3.57
468.494	4.32
468.695	3.59
468.895	3.37
469.096	3.28
469.297	2.34
469.497	3.88
469.698	4.56
469.898	2.74
470.099	3.15
470.3	4.44
470.5	2.71
470.701	4.98
470.901	2.94
471.102	4.58
471.302	2.31
471.503	2.9
471.703	6.02
471.904	3.91
472.104	3.01
472.305	3.3
472.505	3.31
472.705	3.61
472.906	3.84
473.106	3.49
473.306	3.63
473.507	3.68
473.707	4.18
473.907	2.92
474.108	2.93
474.308	3.93
474.508	4.02
474.709	3.74
474.909	2.92
475.109	2.59
475.309	4.46
475.51	2.46
475.71	2.96
475.91	3.47
476.11	3.43
476.31	3.02
476.51	4.19
476.71	3.32
476.911	4.63
477.111	3.03
477.311	3.24
477.511	4.03
477.711	1.45
477.911	3.01
478.111	4.93
478.311	2.8
478.511	3.8
478.711	4.72
478.911	3.09
479.111	3.92
479.311	3.29
479.511	4.16
479.711	3.26
479.91	2.62
480.11	6.31
480.31	2.94
480.51	4.67
480.71	3.92
480.91	5.09
481.109	4.47
481.309	3.58
481.509	2.7
481.709	3.84
481.909	4.37
482.108	3.26
482.308	3.6
482.508	4.12
482.707	4.87
482.907	2.77
483.107	3.47
483.306	5.55
483.506	4.57
483.706	2.45
483.905	1.59
484.105	3.23
484.304	5.23
484.504	3.31
484.704	4.55
484.903	3.91
485.103	3.83
485.302	2.47
485.502	3.55
485.701	4.22
485.901	3.4
486.1	3.57
486.299	3.27
486.499	3.4
486.698	3.46
486.898	3.63
487.097	3.07
487.296	3.73
487.496	2.68
487.695	3.34
487.894	2.71
488.094	2.89
488.293	3.44
488.492	2.87
488.692	2.92
488.891	4.59
489.09	2.95
489.289	3.18
489.489	4.25
489.688	2.5
489.887	3.06
490.086	3.59
490.285	3.74
490.484	4.12
490.683	4.13
490.883	3.76
491.082	4.78
491.281	3.05
491.48	1.15
491.679	4.9
491.878	3.46
492.077	3.87
492.276	3.58
492.475	3.26
492.674	2.99
492.873	3.6
493.072	3.89
493.271	4.71
493.47	1.69
493.669	2.78
493.867	3.29
494.066	3.83
494.265	4.29
494.464	3.73
494.663	3.66
494.862	2.58
495.06	2.17
495.259	1.75
495.458	2.95
495.657	2.99
495.856	3.01
496.054	3.01
496.253	3.65
496.452	3.42
496.65	3.12
496.849	3.48
497.048	3.76
497.246	3.11
497.445	3.58
497.644	3.37
497.842	4.22
498.041	4.94
498.239	3.86
498.438	3.46
498.636	3.78
498.835	3.9
499.034	3.09
499.232	3.01
499.431	2.91
499.629	2.7
499.827	3.58
500.026	2.68
500.224	3.12
500.423	3.01
500.621	3.55
500.82	3.91
501.018	3.79
501.216	3.84
501.415	3.99
501.613	3.26
501.811	4.04
502.01	4.12
502.208	3.37
502.406	3.55
502.604	3.97
502.803	3.21
503.001	3.65
503.199	3.75
503.397	3.54
503.595	2.84
503.794	3.31
503.992	3.61
504.19	2.93
504.388	4.1
504.586	3.64
504.784	3
504.982	3.81
505.18	3.11
505.378	3.44
505.576	3.67
505.774	3.59
505.972	3.96
506.17	4.35
506.368	3.98
506.566	3.34
506.764	3.87
506.962	4.15
507.16	3.78
507.358	3.94
507.556	4.18
507.754	3.7
507.952	3.4
508.15	4.04
508.347	4.18
508.545	4.25
508.743	3.77
508.941	4.18
509.139	4.83
509.336	3.88
509.534	4.55
509.732	4.14
509.93	3.31
510.127	3.89
510.325	3.92
510.523	4.46
510.72	3.75
510.918	3.9
511.116	4.12
511.313	3.62
511.511	3.99
511.708	3.9
511.906	4.41
512.104	3.77
512.301	4.35
512.499	4.07
512.696	4.07
512.894	3.64
513.091	3.89
513.289	4.24
513.486	3.9
513.683	4.12
513.881	4.17
514.078	4.13
514.276	4.22
514.473	3.94
514.67	4.42
514.868	4.32
515.065	4.16
515.262	4.85
515.46	3.97
515.657	4.13
515.854	4.08
516.052	4.04
516.249	4.96
516.446	4.41
516.643	4.65
516.84	4.58
517.038	4.62
517.235	3.88
517.432	4.55
517.629	4.64
517.826	4.41
518.023	4.72
518.221	4.16
518.418	4.8
518.615	4.8
518.812	4.57
519.009	4.79
519.206	3.95
519.403	4.62
519.6	4.33
519.797	4.2
519.994	4.31
520.191	4.61
520.388	4.93
520.585	5.01
520.782	4.44
520.978	4.17
521.175	4.4
521.372	4.77
521.569	4.36
521.766	4.39
521.963	4.32
522.159	4.93
522.356	4.57
522.553	4.76
522.75	4.53
522.947	4.48
523.143	4.76
523.34	4.84
523.537	4.9
523.733	4.98
523.93	4.34
524.127	4.44
524.323	4.64
524.52	4.81
524.717	4.52
524.913	4.95
525.11	4.47
525.306	4.89
525.503	4.95
525.7	4.65
525.896	4.69
526.093	4.73
526.289	5.17
526.486	4.8
526.682	4.8
526.878	4.94
527.075	5
527.271	5.12
527.468	5.15
527.664	5.26
527.861	5.13
528.057	4.79
528.253	5.29
528.45	4.94
528.646	4.99
528.842	4.97
529.039	4.38
529.235	5.34
529.431	5.13
529.627	4.74
529.824	4.98
530.02	4.97
530.216	4.84
530.412	5.44
530.608	5.02
530.804	5.01
531.001	5.45
531.197	4.99
531.393	5.18
531.589	4.56
531.785	4.77
531.981	5.35
532.177	5.41
532.373	5.34
532.569	5.34
532.765	4.94
532.961	4.53
533.157	4.51
533.353	5.39
533.549	5.32
533.745	5.29
533.941	5.27
534.137	4.97
534.333	4.83
534.529	5.25
534.725	5.3
534.92	5.9
535.116	4.97
535.312	5.37
535.508	5.24
535.704	4.94
535.899	5.43
536.095	4.97
536.291	5.45
536.487	5.35
536.682	5.23
536.878	4.95
537.074	5.2
537.269	5.68
537.465	5.41
537.661	5.42
537.856	5.3
538.052	5.22
538.248	5.54
538.443	5.4
538.639	5.57
538.834	5.59
539.03	5.25
539.225	5.58
539.421	5.71
539.616	5.75
539.812	5.23
540.007	5.58
540.203	5.51
540.398	5.5
540.593	5.71
540.789	5.87
540.984	5.66
541.18	5.55
541.375	5.4
541.57	5.91
541.766	5.82
541.961	5.74
542.156	6.05
542.352	6.02
542.547	5.63
542.742	5.4
542.937	6.14
543.133	5.87
543.328	5.88
543.523	5.66
543.718	5.68
543.913	6.01
544.108	5.66
544.304	6.09
544.499	6.07
544.694	5.68
544.889	6.13
545.084	6.03
545.279	6.15
545.474	5.8
545.669	5.84
545.864	5.9
546.059	5.72
546.254	5.51
546.449	6.16
546.644	5.6
546.839	6.16
547.034	5.77
547.229	6.25
547.424	6.06
547.618	6.67
547.813	6.23
548.008	6.19
548.203	6.12
548.398	6.1
548.593	6.14
548.787	6.44
548.982	6.24
549.177	5.88
549.372	6.01
549.566	6.19
549.761	6.29
549.956	5.79
550.15	5.95
550.345	6.23
550.54	6.09
550.734	6.17
550.929	6.01
551.124	6.38
551.318	6.2
551.513	6.23
551.707	6.68
551.902	6.31
552.096	6.48
552.291	6.59
552.485	6.42
552.68	6.61
552.874	6.5
553.069	6.47
553.263	6.44
553.458	6.42
553.652	6.62
553.847	6.5
554.041	6.47
554.235	6.42
554.43	6.9
554.624	6.93
554.818	6.52
555.013	6.37
555.207	6.79
555.401	6.81
555.595	6.6
555.79	6.26
555.984	6.51
556.178	6.6
556.372	6.72
556.566	6.53
556.761	6.79
556.955	6.66
557.149	7.07
557.343	7.05
557.537	7.11
557.731	6.93
557.925	7.04
558.119	6.81
558.313	6.65
558.507	6.85
558.701	6.77
558.895	7.23
559.089	6.72
559.283	6.96
559.477	7.25
559.671	7.04
559.865	7.02
560.059	6.75
560.253	7.29
560.447	7.16
560.641	7.26
560.835	7.5
561.028	7.44
561.222	7.09
561.416	7.18
561.61	7.09
561.804	7.29
561.997	7.12
562.191	7.05
562.385	7.69
562.579	6.99
562.772	7.4
562.966	7.22
563.16	7.35
563.353	7.62
563.547	7.45
563.741	7.26
563.934	7.35
564.128	7.25
564.321	7.25
564.515	7.52
564.708	7.63
564.902	7.58
565.095	7.47
565.289	7.84
565.482	7.67
565.676	7.52
565.869	7.33
566.063	7.22
566.256	7.54
566.45	7.31
566.643	7.37
566.836	7.6
567.03	7.56
567.223	7.86
567.416	7.9
567.61	7.84
567.803	7.76
567.996	7.78
568.19	7.94
568.383	7.89
568.576	7.62
568.769	8.03
568.963	7.73
569.156	8.2
569.349	8.04
569.542	8.26
569.735	7.94
569.928	7.95
570.121	8.44
570.315	8.11
570.508	7.89
570.701	8.02
570.894	8.37
571.087	8.06
571.28	8.27
571.473	7.94
571.666	8.41
571.859	7.87
572.052	7.99
572.245	8.4
572.438	8.46
572.631	8.19
572.824	8.12
573.016	8.12
573.209	8.55
573.402	8.23
573.595	8.57
573.788	8.43
573.981	8.26
574.173	8.18
574.366	8.61
574.559	8.49
574.752	8.1
574.944	8.33
575.137	8.5
575.33	8.57
575.523	8.81
575.715	8.31
575.908	8.6
576.101	8.54
576.293	8.78
576.486	8
576.678	8.64
576.871	8.49
577.063	8.64
577.256	8.81
577.449	8.52
577.641	8.6
577.834	8.34
578.026	8.49
578.219	8.37
578.411	8.75
578.603	8.87
578.796	8.68
578.988	8.99
579.181	9
579.373	9.09
579.565	9.1
579.758	9.06
579.95	8.68
580.142	8.54
580.335	9.12
580.527	9.05
580.719	9.12
580.912	8.85
581.104	8.98
581.296	9.16
581.488	9.35
581.68	9.25
581.873	9.18
582.065	8.87
582.257	9.39
582.449	8.88
582.641	9.11
582.833	9
583.025	8.73
583.217	9.28
583.41	9.43
583.602	9.36
583.794	9.42
583.986	9.85
584.178	9.19
584.37	9.51
584.562	9.17
584.753	9.53
584.945	9.53
585.137	9.39
585.329	9.35
585.521	10.09
585.713	9.3
585.905	9.47
586.097	9.06
586.289	9.96
586.48	9.52
586.672	9.58
586.864	9.75
587.056	9.98
587.247	9.54
587.439	9.31
587.631	9.72
587.823	9.8
588.014	9.7
588.206	9.76
588.398	9.44
588.589	9.83
588.781	9.59
588.972	10.04
589.164	9.89
589.356	10.19
589.547	10.06
589.739	9.67
589.93	9.89
590.122	9.9
590.313	9.96
590.505	10.3
590.696	9.68
590.888	10.04
591.079	10.07
591.271	10.37
591.462	10.02
591.653	10.56
591.845	10.41
592.036	10.52
592.227	10.28
592.419	10.29
592.61	9.83
592.801	10.31
592.993	10.56
593.184	10.37
593.375	10.12
593.566	10.53
593.758	9.92
593.949	10.59
594.14	10.89
594.331	10.06
594.522	10.73
594.713	10.76
594.905	10.8
595.096	10.96
595.287	10.27
595.478	10.72
595.669	10.51
595.86	10.26
596.051	11.13
596.242	10.76
596.433	10.6
596.624	11.01
596.815	11.06
597.006	10.89
597.197	10.76
597.388	11.18
597.579	10.9
597.77	11.16
597.96	10.67
598.151	11.09
598.342	10.99
598.533	11.61
598.724	11.22
598.915	10.92
599.105	10.97
599.296	11.25
599.487	10.99
599.678	11.47
599.868	11.26
600.059	10.98
600.25	11.45
600.44	11.2
600.631	11.57
600.822	11.4
601.012	11.73
601.203	11.18
601.394	11.3
601.584	11.34
601.775	11.52
601.965	11.72
602.156	11.28
602.346	11.81
602.537	11.19
602.727	12.06
602.918	11.46
603.108	12.05
603.299	11.57
603.489	11.6
603.679	11.61
603.87	11.77
604.06	12.56
604.251	12.63
604.441	12.15
604.631	11.66
604.822	12.2
605.012	12.55
605.202	12.28
605.392	11.27
605.583	12.23
605.773	12.23
605.963	12.03
606.153	11.85
606.344	12.03
606.534	12.12
606.724	12.86
606.914	12.37
607.104	12.15
607.294	12.59
607.484	12.37
607.674	12.6
607.864	12.88
608.054	13
608.245	12.44
608.435	12.78
608.625	13.17
608.814	12.51
609.004	12.53
609.194	12.74
609.384	12.47
609.574	12.64
609.764	12.49
609.954	12.32
610.144	12.87
610.334	12.9
610.524	12.21
610.713	12.96
610.903	12.74
611.093	12.56
611.283	12.96
611.473	12.42
611.662	12.59
611.852	12.93
612.042	12.59
612.231	12.69
612.421	12.34
612.611	12.5
612.8	12.84
612.99	13
613.18	12.5
613.369	13.06
613.559	13.36
613.748	12.49
613.938	13.31
614.128	12.97
614.317	12.83
614.507	13.69
614.696	13.03
614.886	13.37
615.075	12.97
615.264	13.78
615.454	13.82
615.643	13.44
615.833	13.83
616.022	13.68
616.211	13.85
616.401	13.05
616.59	13.02
616.779	13.79
616.969	13.49
617.158	13.14
617.347	13.33
617.537	14.08
617.726	13.55
617.915	13.24
618.104	12.92
618.293	13.85
618.483	13.64
618.672	14.03
618.861	14.67
619.05	13.67
619.239	13.22
619.428	13.78
619.617	13.8
619.806	13.09
619.995	13.86
620.184	14.19
620.373	12.97
620.562	14.22
620.751	13.42
620.94	13.53
621.129	14.3
621.318	13.98
621.507	14.4
621.696	14.34
621.885	13.2
622.074	14.46
622.263	13.89
622.452	14.72
622.64	14.52
622.829	13.68
623.018	14.89
623.207	14.44
623.396	14.62
623.584	13.22
623.773	15.09
623.962	14.82
624.15	14.84
624.339	14.82
624.528	13.96
624.716	15.1
624.905	13.69
625.094	13.78
625.282	14.36
625.471	14.28
625.659	14.04
625.848	13.38
626.037	15.65
626.225	14.68
626.414	14.75
626.602	14.78
626.791	14.5
626.979	14.18
627.167	14.36
627.356	14.21
627.544	14.29
627.733	15.16
627.921	14.93
628.109	15.37
628.298	15.08
628.486	14.41
628.674	15.31
628.863	15.48
629.051	16.65
629.239	15.11
629.428	14.77
629.616	15.29
629.804	15.59
629.992	15.06
630.18	14.43
630.369	14.85
630.557	14.43
630.745	15.05
630.933	15.2
631.121	15.39
631.309	14.97
631.497	15.4
631.685	15.2
631.873	15.42
632.061	14.02
632.249	15.32
632.437	15.36
632.625	14.49
632.813	14.78
633.001	15.67
633.189	15.21
633.377	15.86
633.565	15.8
633.753	15.12
633.941	15.42
634.129	15.32
634.316	15.51
634.504	15.29
634.692	15.68
634.88	16.45
635.068	15.59
635.255	16.5
635.443	16.35
635.631	16.13
635.818	16.2
636.006	15.53
636.194	16.15
636.382	14.5
636.569	15.8
636.757	16.48
636.944	16.69
637.132	16.65
637.32	16.25
637.507	15.33
637.695	15.44
637.882	16.33
638.07	16.54
638.257	16.16
638.445	17.26
638.632	16.21
638.82	15.85
639.007	15.97
639.194	15.6
639.382	15.71
639.569	16.25
639.757	16.47
639.944	15.24
640.131	15.56
640.319	16.73
640.506	16.7
640.693	17.38
640.88	16.7
641.068	17.8
641.255	16.24
641.442	16.45
641.629	16.18
641.817	17.08
642.004	16.26
642.191	17.38
642.378	16.05
642.565	17.13
642.752	17.09
642.939	14.93
643.126	16.05
643.313	16.06
643.501	16.94
643.688	17.21
643.875	16.26
644.062	16.59
644.249	15.97
644.435	16.65
644.622	16.03
644.809	16.83
644.996	16.65
645.183	15.71
645.37	17.49
645.557	18.19
645.744	15.84
645.931	16.71
646.117	15.61
646.304	16.78
646.491	16.15
646.678	16.96
646.865	15.43
647.051	16.95
647.238	15.75
647.425	15.71
647.611	16.74
647.798	16.04
647.985	15.37
648.171	16.98
648.358	16.76
648.545	17.58
648.731	16.49
648.918	16.28
649.104	16.11
649.291	15.64
649.477	15.88
649.664	16.56
649.85	16.86
650.037	17.52
650.223	16.47
650.41	17.09
650.596	16.86
650.783	17.23
650.969	17.26
651.155	16.41
651.342	15.29
651.528	15.68
651.714	17.07
651.901	16.46
652.087	16.39
652.273	16.39
652.46	16.83
652.646	16.6
652.832	16.17
653.018	15.62
653.204	18.27
653.391	16.32
653.577	15.55
653.763	17.8
653.949	17.17
654.135	16.62
654.321	17.87
654.507	16.49
654.693	15.58
654.879	16.55
655.065	16.28
655.252	15.65
655.438	16.9
655.624	17.8
655.809	16.17
655.995	18.13
656.181	17.63
656.367	17.48
656.553	18.48
656.739	17.06
656.925	17.88
657.111	17.51
657.297	16.66
657.482	16.85
657.668	17.5
657.854	15.94
658.04	15.21
658.226	15.04
658.411	16.75
658.597	17.27
658.783	16.05
658.968	17.82
659.154	16.69
659.34	17.13
659.525	17.17
659.711	16.48
659.897	16.17
660.082	16.72
660.268	17.37
660.453	17.87
660.639	17.29
660.824	17.19
661.01	15.74
661.195	14.98
661.381	15.93
661.566	15.77
661.752	14.47
661.937	17.11
662.123	15.71
662.308	16.65
662.494	16.64
662.679	17.55
662.864	14.23
663.05	15.59
663.235	16.75
663.42	15.02
663.605	16.67
663.791	14.54
663.976	14.68
664.161	15.91
664.346	15.97
664.532	13.77
664.717	15
664.902	18.45
665.087	17.05
665.272	16.59
665.457	15.64
665.642	13.86
665.828	14.95
666.013	16.56
666.198	13.94
666.383	15.12
666.568	14.45
666.753	14.34
666.938	14.3
667.123	16.42
667.308	15.38
667.493	16.34
667.677	15.12
667.862	15.49
668.047	15.95
668.232	16.76
668.417	15.57
668.602	14.62
668.787	15.39
668.971	15.96
669.156	17.78
669.341	14.8
669.526	16.63
669.711	16.26
669.895	17.63
670.08	15.94
670.265	17.12
670.449	15.62
670.634	13.68
670.819	15.33
671.003	14.46
671.188	15.05
671.372	14.25
671.557	18.2
671.742	15.01
671.926	14.69
672.111	15.55
672.295	13.28
672.48	14.93
672.664	15.29
672.849	11.17
673.033	14.99
673.217	14.34
673.402	15.26
673.586	13.34
673.771	14.39
673.955	14.7
674.139	15.96
674.324	13.27
674.508	11.53
674.692	14.8
674.876	16.39
675.061	14.74
675.245	15.46
675.429	11.64
675.613	15.63
675.798	17.56
675.982	15.61
676.166	17.54
676.35	16.15
676.534	16.9
676.718	13.65
676.902	18.08
677.087	13.25
677.271	12.4
677.455	19.8
677.639	12.98
677.823	16.9
678.007	17.81
678.191	12.83
678.375	16.79
678.559	17.25
678.742	15.53
678.926	18.26
679.11	21.29
679.294	18.47
679.478	14.2
679.662	15.67
679.846	18.88
680.029	16.43
680.213	17.63
680.397	16.15
680.581	17.08
680.765	16.91
680.948	18.71
681.132	15.12
681.316	17.43
681.499	15.88
681.683	19.34
681.867	20.68
682.05	19.61
682.234	14.55
682.417	20.58
682.601	21.94
682.785	18.34
682.968	17.95
683.152	21.67
683.335	19.49
683.519	16.2
683.702	17.22
683.886	18.82
684.069	21.05
684.253	18.69
684.436	20.21
684.619	19.76
684.803	21.84
684.986	19.53
685.169	21.13
685.353	20.27
685.536	20.15
685.719	21.52
685.903	19.6
686.086	19.05
686.269	22.72
686.452	21.42
686.636	22.07
686.819	21.66
687.002	22.41
687.185	23.28
687.368	18.67
687.551	19.44
687.734	25.68
687.918	20.5
688.101	22.35
688.284	22.86
688.467	21.68
688.65	20.53
688.833	26.18
689.016	21.77
689.199	24.33
689.382	24.08
689.565	24.48
689.748	22.99
689.93	23.41
690.113	24.73
690.296	23.58
690.479	25.63
690.662	22.06
690.845	23.3
691.028	21.04
691.21	24.31
691.393	23.08
691.576	25.94
691.759	22.19
691.941	25.33
692.124	29.7
692.307	26.7
692.489	22.4
692.672	25.78
692.855	26.35
693.037	26.76
693.22	30.94
693.403	23.64
693.585	24.79
693.768	28.26
693.95	24.52
694.133	26.01
694.315	28.98
694.498	28.08
694.68	26.25
694.863	29.89
695.045	27.58
695.228	26.42
695.41	28.45
695.592	30.35
695.775	20.07
695.957	26.4
696.139	28.26
696.322	23.35
696.504	30.03
696.686	22.3
696.869	19.82
697.051	26.87
697.233	32.98
697.415	27.98
697.597	22.31
697.78	29.16
697.962	26.46
698.144	30.51
698.326	29.18
698.508	30.16
698.69	21.47
698.872	28.56
699.055	31.24
699.237	28.06
699.419	22.69
699.601	21.24
699.783	25.96
699.965	29.65
700.147	23.58
700.329	32
700.51	28.66
700.692	29.84
700.874	28.38
701.056	30.59
701.238	28.51
701.42	31.69
701.602	29.49
701.783	26.49
701.965	20.43
702.147	35.75
702.329	23.2
702.511	31.71
702.692	28.62
702.874	22.67
703.056	23.1
703.237	31.87
703.419	28.33
703.601	26.14
703.782	29.35
703.964	32.64
704.146	32.31
704.327	28.24
704.509	35.95
704.69	23.22
704.872	35.89
705.053	30.72
705.235	37.09
705.416	27.61
705.598	27.65
705.779	28.54
705.961	29.73
706.142	25.95
706.323	31.07
706.505	27.84
706.686	22.07
706.867	27.96
707.049	29.19
707.23	27.07
707.411	35.05
707.593	29.41
707.774	26.38
707.955	28.2
708.136	26.8
708.318	27.46
708.499	28.58
708.68	22.55
708.861	34.27
709.042	23.02
709.223	27.98
709.404	22.58
709.585	34.18
709.767	32.02
709.948	32.77
710.129	35.61
710.31	23.86
710.491	24.55
710.672	21.38
710.853	27.4
711.034	35.02
711.214	27.32
711.395	33.74
711.576	31.46
711.757	35.11
711.938	25.59
712.119	25.29
712.3	35.89
712.481	25.78
712.661	20.16
712.842	19.37
713.023	22.54
713.204	21.01
713.384	30.79
713.565	26.29
713.746	24.08
713.926	20.93
714.107	17.61
714.288	16.71
714.468	22.4
714.649	35.96
714.83	27.27
715.01	32.75
715.191	28.22
715.371	29.59
715.552	24.95
715.732	34.84
715.913	30.04
716.093	26.16
716.274	27.09
716.454	26.59
716.635	28.58
716.815	31.93
716.995	27.85
717.176	22.39
717.356	19.77
717.536	32.01
717.717	29.68
717.897	19.26
718.077	16.51
718.258	21.44
718.438	25.4
718.618	20.43
718.798	17.02
718.978	17.09
719.159	25.78
719.339	34.62
719.519	23.49
719.699	27.26
719.879	25.86
720.059	23.13
720.239	20.26
720.419	28.59
720.599	26.96
720.779	33.18
720.959	31.04
721.139	23.91
721.319	29.97
721.499	30.95
721.679	19.08
721.859	14.07
722.039	0.48
722.219	27.4
722.399	13.62
722.579	22.71
722.759	22.85
722.938	16.23
723.118	34.2
723.298	27.44
723.478	8.61
723.658	17.05
723.837	32.2
724.017	31.12
724.197	15.77
724.376	14.92
724.556	7.27
724.736	27.76
724.915	22.54
725.095	18.92
725.275	2.18
725.454	33.92
725.634	21.2
725.813	23.57
725.993	4.33
726.172	34.83
726.352	38.75
726.531	21.78
726.711	10.5
726.89	15.06
727.07	32.45
727.249	14.8
727.428	29.53
727.608	15.91
727.787	23.13
727.966	13.79
728.146	37.26
728.325	34.55
728.504	23.05
728.684	-0.53
728.863	39.31
729.042	8.21
729.221	4.52
729.4	16.63
729.58	28.64
729.759	22.29
729.938	27.39
730.117	37
730.296	32.61
730.475	22.72
730.654	15.85
730.833	16.55
731.013	-6.82
731.192	29.95
731.371	15.37
731.55	18.93
731.729	26.17
731.907	35.46
732.086	27.4
732.265	2.69
732.444	17.12
732.623	40.1
732.802	27.39
732.981	1.58
733.16	16.48
733.339	16.91
733.517	11.47
733.696	24.04
733.875	23.5
734.054	23.72
734.232	18.83
734.411	37.33
734.59	14.66
734.768	23.3
734.947	36.36
735.126	4.6
735.304	23.29
735.483	21.35
735.662	37.39
735.84	31.56
736.019	15.85
736.197	1.27
736.376	32.9
736.554	37.1
736.733	56.13
736.911	36.36
737.09	19.5
737.268	37.66
737.447	28.21
737.625	29.47
737.803	5.06
737.982	39.68
738.16	31.04
738.338	42.79
738.517	20.61
738.695	30.58
738.873	31.64
739.052	12.55
739.23	-9.92
739.408	32.88
739.586	26.4
739.764	34.8
739.943	31.85
740.121	7.44
740.299	13.5
740.477	44.52
740.655	37.73
740.833	13.47
741.011	43.16
741.189	29.3
741.367	27.21
741.545	13.98
741.723	9.24
741.901	9.34
742.079	41.3
742.257	31.44
742.435	30.14
742.613	10.58
742.791	24.72
742.969	23.59
743.147	22.45
743.325	39.88
743.503	52.88
743.68	27.3
743.858	20.46
744.036	40.31
744.214	12.91
744.391	6.74
744.569	16.08
744.747	32.11
744.925	35.16
745.102	24.38
745.28	1.1
745.458	15.71
745.635	19.97
745.813	63.93
745.99	38.64
746.168	56.6
746.345	49.91
746.523	23.95
746.7	23.97
746.878	36.41
747.055	-22.05
747.233	24.62
747.41	42.75
747.588	24.1
747.765	26.69
747.943	-5.53
748.12	10.42
748.297	11.48
748.475	27.66
748.652	-8.23
748.829	28.07
749.007	33.03
749.184	41.96
749.361	26.91
749.538	15.41
749.716	40.15
749.893	-34.31
750.07	32.6
750.247	25.87
750.424	-10.38
750.601	36.6
750.778	36.36
750.956	14.48
751.133	18.06
751.31	33.79
751.487	0.51
751.664	36.72
751.841	-56.01
752.018	20.08
752.195	-67.23
752.372	2.33
752.549	4.33
752.726	38.1
752.902	46.91
753.079	45.38
753.256	83.61
753.433	21.06
753.61	41.98
753.787	3.01
753.964	62.97
754.14	2.04
754.317	44.28
754.494	54.8
754.671	29.75
754.847	6.04
755.024	64.65
755.201	18.8
755.377	54.26
755.554	49.22
755.73	13.14
755.907	36.18
756.084	77.9
756.26	13.72
756.437	-10.45
756.613	37.24
756.79	20.67
756.966	22.31
757.143	56.67
757.319	15.26
757.496	51.91
757.672	9.56
757.849	24.22
758.025	25.27
758.201	4.48
758.378	5.74
758.554	-26.2
758.73	-18.14
758.907	35.69
759.083	34.87
759.259	25.56
759.435	67.84
759.612	-6.09
759.788	25.92
759.964	1.58
760.14	27.87
760.316	-2.09
760.493	25.22
760.669	32.04
760.845	35.1
761.021	-39.18
761.197	-25.97
761.373	14.8
761.549	24.81
761.725	-1.37
761.901	14.88
762.077	60.21
762.253	12.93
762.429	34.69
762.605	11.23
762.781	10.01
762.957	40.02
763.133	18.13
763.308	38.96
763.484	-3.38
763.66	85.28
763.836	-17.92
764.012	-76.58
764.187	4.37
764.363	25.68
764.539	-14.39
764.715	16.71
764.89	-71.12
765.066	-98.18
765.242	56.81
765.417	-56.87
765.593	21.65
765.769	44.86
765.944	37.34
766.12	35.67
766.295	-22.32
766.471	33.75
766.646	13.99
766.822	42.22
766.997	-45.17
767.173	52.09
767.348	-25.24
767.524	-23.13
767.699	-35.89
767.875	34.34
768.05	32.73
768.225	-14.47
768.401	11.43
768.576	62.12
768.751	-5.08
768.927	-36.21
769.102	31.42
769.277	22.84
769.452	45.24
769.628	20.17
769.803	102.67
769.978	-37.78
770.153	-41.26
770.328	56.28
770.503	0.74
770.679	47.29
770.854	16.79
771.029	6.62
771.204	-2.65
771.379	2.18
771.554	-54.74
771.729	43.05
771.904	5.72
772.079	41.1
772.254	49.8
772.429	64.45
772.604	40.26
772.779	21.09
772.953	-12.15
773.128	-39.67
773.303	-6.62
773.478	29.22
773.653	-1.3
773.828	63.57
774.002	-63.22
774.177	-34.43
774.352	69.57
774.527	52.2
774.701	51.34
774.876	52.88
775.051	-72.73
775.225	169.88
775.4	46.57
775.575	45.4
775.749	-23.18
775.924	102.23
776.098	13
776.273	15.78
776.447	-7.84
776.622	70.53
776.796	-36.97
776.971	-8.23
777.145	-43.53
777.32	27.23
777.494	50.98
777.669	10.56
777.843	-91.21
778.017	-18.09
778.192	69.08
778.366	-68.4
778.54	35.89
778.715	-20.83
778.889	127.05
779.063	76.3
779.237	20.68
779.412	-27.95
779.586	-18.86
779.76	-280.44
779.934	25.37
780.108	-6.82
780.282	-400
780.457	97.79
780.631	12.83
780.805	1.57
780.979	280.6
781.153	32.74
781.327	-23.18
781.501	16.79
781.675	19.83
781.849	31.59
782.023	24.47
782.197	-6
782.371	-77.71
782.545	34.36
782.718	28.27
782.892	87.3
783.066	45.24
783.24	416.19
783.414	4.14
783.588	46
783.761	14.09
783.935	1.82
784.109	55.8
784.283	90.43
784.456	151.66
784.63	131.93
784.804	65.63
784.977	56.47
785.151	12.71
785.324	-21.2
785.498	63.69
785.672	-18.45
785.845	23.53
786.019	-115.64
786.192	-177.48
786.366	58.59
786.539	181.69
786.713	-82.83
786.886	4.23
787.06	-1.21
787.233	-39.18
787.406	59.42
787.58	66.12
787.753	120.48
787.926	135.32
788.1	-90.8
788.273	709.43
788.446	-41.33
788.62	606.45
788.793	-58.52
788.966	112.16
789.139	39.44
789.313	-10.9
789.486	-10685.71
789.659	-125.71
789.832	36.95
790.005	128.2
790.178	46.02
790.351	-0.73
790.524	14.92
790.697	33.57
790.87	50.76
791.044	429.09
791.216	33.56
791.389	-233.16
791.562	30.19
791.735	-536.71
791.908	441.56
792.081	-11.53
792.254	153.85
792.427	14.87
792.6	33.82
792.773	17.32
792.945	-310.45
793.118	112.16
793.291	-83.52
793.464	-6.81
793.637	-215.95
793.809	-21.92
793.982	31.86
794.155	17.39
794.327	123.37
794.5	430.77
794.673	51.82
794.845	6.23
795.018	-46.7
795.19	260.67
795.363	56.99
795.536	92.24
795.708	-903.23
795.881	3920
796.053	-66.53
796.226	25.14
796.398	189.2
796.57	107.99
796.743	-25.66
796.915	-74.36
797.088	37.25
797.26	-163.78
797.432	329.11
797.605	-66.31
797.777	332.47
797.949	81.85
798.122	-32.04
798.294	3.59
798.466	38.86
798.638	145.45
798.81	52.96
798.983	496.2
799.155	-0.57
799.327	-64.58
799.499	47.48
799.671	2.83
799.843	-19.57
800.015	225.68
800.187	88.45
800.359	86.92
800.531	20.62
800.703	22.71
800.875	104.41
801.047	-8.21
801.219	42.32
801.391	-290.91
801.563	-253.24
801.735	143.32
801.907	56.44
802.079	179.18
802.251	-175.82
802.422	-12.6
802.594	-212.99
802.766	-47.52
802.938	267.26
803.11	173.06
803.281	-58.28
803.453	27.47
803.625	23.87
803.796	-21.05
803.968	18.74
804.14	-51.37
804.311	-15.41
804.483	-1.36
804.654	31.1
804.826	81.5
804.998	23.53
805.169	-135.91
805.341	416
805.512	106.83
805.684	92.81
805.855	130.64
806.026	504.62
806.198	144.79
806.369	53.08
806.541	-3.92
806.712	149.55
806.883	38.15
807.055	30.65
807.226	189.6
807.397	246.15
807.569	428.32
807.74	62.59
807.911	226.94
808.082	-87.89
808.253	134.65
808.425	36.36
808.596	-22.47
808.767	92.09
808.938	13.11
809.109	-257.43
809.28	-382.94
809.451	48.11
809.622	-85.56
809.793	-554.84
809.964	-598.26
810.135	-1.36
810.306	-94.8
810.477	461.74
810.648	-2.99
810.819	47.42
810.99	80
811.161	19.33
811.332	60.54
811.503	21.51
811.674	781.54
811.844	-86.15
812.015	-4.22
812.186	373.01
812.357	387.98
812.527	85.11
812.698	-136.06
812.869	528.3
813.04	-74.72
813.21	344.83
813.381	-45.14
813.551	39.44
813.722	62.6
813.893	6.84
814.063	-9.93
814.234	-727.27
814.404	154.64
814.575	185.76
814.745	-272.57
814.916	-9.11
815.086	-28.63
815.257	19.73
815.427	-98.16
815.598	21.47
815.768	63.82
815.938	72.52
816.109	110.12
816.279	29.06
816.449	13.29
816.62	-1094.74
816.79	102.87
816.96	-558.49
817.13	12.85
817.301	233.5
817.471	-25.12
817.641	446.63
817.811	388.32
817.981	-4171.43
818.152	-166.82
818.322	835.64
818.492	19.83
818.662	-14.13
818.832	75.7
819.002	22.9
819.172	180.78
819.342	203.47
819.512	102.11
819.682	45.01
819.852	-14.5
820.022	-104.66
820.192	638.2
820.362	-14.19
820.531	-28.66
820.701	-1.17
820.871	-180.34
821.041	121.27
821.211	49.14
821.381	108.73
821.55	95.32
821.72	-679.07
821.89	135.38
822.059	57.73
822.229	30.53
822.399	89.69
822.568	130.41
822.738	243.9
822.908	100.61
823.077	-19.19
823.247	-10.45
823.416	-752.94
823.586	-47.06
823.756	-61.97
823.925	25.32
824.095	130.23
824.264	-93.27
824.433	-145.13
824.603	100.19
824.772	-40.33
824.942	-551.9
825.111	28.14
825.28	62.11
825.45	80
825.619	77.02
825.788	-278.65
825.958	22.18
826.127	145.45
826.296	49.51
826.465	96.94
826.635	-51.96
826.804	18.53
826.973	171.22
827.142	-124.26
827.311	163.76
827.48	32
827.649	-1.25
827.818	-125.98
827.988	291.2
828.157	175.55
828.326	90.19
828.495	123.51
828.664	277.04
828.833	-18.37
829.002	-273.29
829.17	-85.91
829.339	-303.52
829.508	-21.05
829.677	206.74
829.846	-32.49
830.015	-166.76
830.184	87.58
830.352	92.51
830.521	-123.74
830.69	595.12
830.859	-329.41
831.027	42.11
831.196	32.71
831.365	47.64
831.533	10.14
831.702	-89.07
831.871	33.73
832.039	-85.13
832.208	-514.78
832.377	-258.27
832.545	115.17
832.714	50.43
832.882	-16.53
833.051	154.03
833.219	3371.43
833.388	175.46
833.556	-25.66
833.724	32.51
833.893	-65.73
834.061	1557.89
834.23	23.05
834.398	-57.14
834.566	98.7
834.735	3371.43
834.903	1411.32
835.071	-1120
835.239	-69.51
835.408	110.76
835.576	-9.3
835.744	-16.89
835.912	80
836.08	82.68
836.249	822.64
836.417	87.7
836.585	169.18
836.753	100.27
836.921	449.73
837.089	-4342.86
837.257	-1432.56
837.425	-98.72
837.593	99.75
837.761	-71.19
837.929	-13.03
838.097	17.71
838.265	37.92
838.433	76.07
838.601	-27.59
838.769	-369.62
838.936	1258.43
839.104	119.89
839.272	105.65
839.44	32.97
839.608	-1190.24
839.775	10.71
839.943	20.96
840.111	95.7
840.279	50.28
840.446	-185.07
840.614	285.71
840.781	-347.83
840.949	46.95
841.117	235.29
841.284	-75.54
841.452	-4.97
841.619	107.33
841.787	60.52
841.954	-567.44
842.122	-46.24
842.289	73.41
842.457	18.13
842.624	56.49
842.792	-58.39
842.959	45.71
843.126	39.44
843.294	48.63
843.461	-1.21
843.629	-198.4
843.796	105.4
843.963	-166.54
844.13	184.79
844.298	-94.21
844.465	-36.15
844.632	211.18
844.799	-134.67
844.966	-68.09
845.134	49.82
845.301	-38.29
845.468	-18.54
845.635	108.83
845.802	-27.23
845.969	-34.78
846.136	-5.61
846.303	-715.79
846.47	-0.53
846.637	689.23
846.804	-1031.58
846.971	-10.49
847.138	155.98
847.305	237.17
847.472	12.16
847.639	7.49
847.805	125.2
847.972	223.38
848.139	140.77
848.306	357.89
848.473	-346.27
848.639	59.83
848.806	579.2
848.973	-9.94
849.14	-6.31
849.306	-77.13
849.473	-407.95
849.64	-215.38
849.806	19.14
849.973	281.08
850.139	-209.27
850.306	87.93
850.472	211.07
850.639	103.61
850.806	-2673.68
850.972	278.26
851.139	-571.43
851.305	-18.31
851.471	112.46
851.638	-223.31
851.804	226.87
851.971	-91.35
852.137	83.69
852.303	-1.7
852.47	43.11
852.636	-101.44
852.802	-12.6
852.968	-6.81
853.135	50.76
853.301	106.36
853.467	103.61
853.633	-71.56
853.8	22.04
853.966	-83.25
854.132	-3828.57
854.298	-5.84
854.464	422.47
854.63	75.97
854.796	128.81
854.962	-149.64
855.128	87.93
855.294	-48.66
855.46	29.33
855.626	13.9
855.792	-80.31
855.958	66.02
856.124	-31.9
856.29	-249.01
856.456	58.14
856.622	177.02
856.787	1267.53
856.953	15.23
857.119	621.78
857.285	-58.77
857.45	62.19
857.616	195.37
857.782	-123.79
857.948	-20.06
858.113	107.85
858.279	142.13
858.445	148.03
858.61	465.12
858.776	71.26
858.941	467.33
859.107	56.48
859.273	12.24
859.438	-45.76
859.604	-842.11
859.769	-78.74
859.935	229.7
860.1	79.63
860.265	67.6
860.431	-132.37
860.596	3714.29
860.762	124.78
860.927	96.32
861.092	70.64
861.258	-66.86
861.423	77.22
861.588	-27.79
861.753	7828.57
861.919	732.08
862.084	431.5
862.249	169.49
862.414	95.56
862.579	391.88
862.745	80
862.91	219.93
863.075	-71.66
863.24	-22.79
863.405	-92.46
863.57	162.87
863.735	158.05
863.9	247.79
864.065	46.97
864.23	62.27
864.395	244.84
864.56	-59.21
864.725	237.97
864.89	1339.33
865.055	295.91
865.22	95.56
865.384	-89.89
865.549	-166.99
865.714	-45.9
865.879	146.89
866.044	-69.51
866.208	-57.57
866.373	-545.05
866.538	-23.42
866.702	52.46
866.867	184.18
867.032	176
867.196	79.66
867.361	137.6
867.526	-54.94
867.69	-71.23
867.855	206.59
868.019	-509.09
868.184	56.09
868.348	251.19
868.513	-438.71
868.677	267.7
868.842	219.08
869.006	92.92
869.17	-513.21
869.335	9.76
869.499	-155.34
869.663	180.13
869.828	-30.77
869.992	186.05
870.156	1.2
870.321	11.73
870.485	23.06
870.649	84.43
870.813	-59.04
870.978	-1.7
871.142	-695.38
871.306	-240.76
871.47	659.85
871.634	6.3
871.798	69.57
871.962	108.43
872.126	-2285.71
872.29	53.27
872.454	-4171.43
872.618	283.25
872.782	-453.73
872.946	204.03
873.11	221.11
873.274	92.49
873.438	2635.29
873.602	-80.21
873.766	488.31
873.93	-18.63
874.094	368.54
874.257	137.93
874.421	494.8
874.585	254.55
874.749	75.83
874.912	-141.01
875.076	-18.86
875.24	119.34
875.403	329.01
875.567	203.43
875.731	530.34
875.894	99.59
876.058	145.45
876.222	503.37
876.385	215.08
876.549	38.79
876.712	712.73
876.876	-181.38
877.039	30.89
877.203	58.08
877.366	-21.79
877.529	-18.37
877.693	-36.87
877.856	149.04
878.02	-20.53
878.183	-174.29
878.346	-181.82
878.51	-60.18
878.673	-287.77
878.836	-17.67
878.999	-670.97
879.163	52.46
879.326	-19.44
879.489	47.96
879.652	61.98
879.815	61.54
879.978	45.71
880.142	453.69
880.305	561.49
880.468	97.35
880.631	134.75
880.794	118
880.957	331.71
881.12	164.71
881.283	57.4
881.446	133.09
881.609	247.48
881.772	-16.94
881.935	-964.71
882.097	112.53
882.26	641.51
882.423	-86.43
882.586	25.09
882.749	37.32
882.912	56.44
883.074	114.82
883.237	68.55
883.4	-24.4
883.562	51.75
883.725	185.6
883.888	138.58
884.05	-5200
884.213	-75.43
884.376	22.79
884.538	11.66
884.701	11.66
884.863	11.66
