181.954	178.54
182.172	178.54
182.39	178.54
182.608	1260
182.826	115.38
183.043	-144.26
183.261	28.61
183.479	141.64
183.697	2205.88
183.914	76.52
184.132	126.74
184.35	364.57
184.567	161.41
184.785	469.91
185.003	3.86
185.22	-65.67
185.438	62.76
185.656	-1.51
185.873	-235.38
186.091	60
186.309	258.62
186.526	1.36
186.744	-10.3
186.961	-142.82
187.179	140.76
187.396	118.74
187.614	115.38
187.831	-10500
188.049	-171.17
188.266	92.02
188.484	-291.04
188.701	183.5
188.919	19.8
189.136	108.48
189.354	114.67
189.571	83.89
189.789	89.8
190.006	96.45
190.223	-387.57
190.441	130.75
190.658	1157.14
190.876	89.96
191.093	-174.73
191.31	13.01
191.528	27.4
191.745	11.42
191.962	119.45
192.179	-42.3
192.397	42.51
192.614	122.57
192.831	-6.15
193.049	-21.39
193.266	404.85
193.483	11.08
193.7	300
193.917	133.27
194.135	205.04
194.352	-15.06
194.569	28.92
194.786	211.88
195.003	66.74
195.221	75.48
195.438	15.9
195.655	10.55
195.872	31.53
196.089	-13.13
196.306	39.79
196.523	-12.23
196.74	6.12
196.957	19.68
197.174	-16.75
197.391	58.12
197.608	77.3
197.825	261.29
198.042	64.18
198.259	-775.86
198.476	81.16
198.693	12300
198.91	109.44
199.127	-219.4
199.344	91.09
199.561	355.49
199.778	58.66
199.995	-308.96
200.212	134.48
200.429	95.26
200.646	-125.32
200.862	124.72
201.079	64.85
201.296	379.47
201.513	323.3
201.73	56.46
201.947	49.88
202.163	30.66
202.38	22.54
202.597	351.34
202.814	104.75
203.03	-420
203.247	107.04
203.464	104.97
203.681	-479.22
203.897	84.7
204.114	-379.25
204.331	74.12
204.547	-481.4
204.764	163.99
204.981	-476.47
205.197	335.74
205.414	62.57
205.63	1127.59
205.847	4.52
206.064	-114.55
206.28	44.96
206.497	37.97
206.713	85.97
206.93	-119.09
207.146	-31.86
207.363	281.54
207.579	-425.27
207.796	-485.84
208.012	-5.75
208.229	-165.67
208.445	-0.82
208.662	128.57
208.878	61.56
209.095	-2029.41
209.311	20.32
209.528	10414.29
209.744	-15.06
209.96	-145.03
210.177	346.6
210.393	54.42
210.609	6300
210.826	101.23
211.042	310.43
211.258	694.03
211.475	-1.6
211.691	-4.67
211.907	801.27
212.124	18.57
212.34	567.43
212.556	55.5
212.772	23.08
212.989	29.8
213.205	21.03
213.421	-55.78
213.637	568.66
213.853	29.18
214.069	-2415.79
214.286	34.11
214.502	-22.39
214.718	-31.03
214.934	123.23
215.15	4.92
215.366	84.06
215.582	-5.3
215.798	36.02
216.015	75.7
216.231	47.03
216.447	134.79
216.663	37.97
216.879	52.76
217.095	26.17
217.311	-1126.42
217.527	94.21
217.743	160.19
217.959	-130.19
218.175	45.32
218.391	300
218.606	217.71
218.822	289.57
219.038	56.15
219.254	130.74
219.47	26.05
219.686	852.81
219.902	102.18
220.118	13.01
220.334	44.35
220.549	16.7
220.765	87.89
220.981	-24.51
221.197	46.59
221.413	-214.29
221.628	102.53
221.844	549.06
222.06	-96.12
222.276	-2.57
222.491	150.79
222.707	-105.25
222.923	-400.67
223.139	-56.76
223.354	-15.63
223.57	82.68
223.786	46.77
224.001	22.01
224.217	132.07
224.432	-102.31
224.648	211.88
224.864	86.02
225.079	532.84
225.295	-0.74
225.51	150.81
225.726	11.84
225.942	202.19
226.157	86.94
226.373	44.68
226.588	19.58
226.804	-2100
227.019	113.07
227.235	72.68
227.45	92.02
227.665	-2820
227.881	120.47
228.096	70.43
228.312	100.5
228.527	92.05
228.743	87.43
228.958	34.11
229.173	-367.83
229.389	72.37
229.604	-2.57
229.819	-20.44
230.035	-13.78
230.25	-168.8
230.465	238.72
230.681	-83.06
230.896	-25.23
231.111	121.13
231.327	-30.79
231.542	-1620
231.757	50.19
231.972	100.71
232.187	-1.28
232.403	-2036.84
232.618	27.46
232.833	63.06
233.048	-332.73
233.263	-14.34
233.478	91.3
233.694	-760.47
233.909	1461.29
234.124	77.06
234.339	32.29
234.554	1003.45
234.769	150.42
234.984	-22.87
235.199	119.71
235.414	161.95
235.629	-186.08
235.844	20.93
236.059	48.01
236.274	-26.28
236.489	-8.46
236.704	201.44
236.919	6.12
237.134	53.3
237.349	190.91
237.564	97.61
237.779	-45.12
237.994	-1.28
238.209	79.4
238.424	20.25
238.639	57.39
238.853	28.85
239.068	20.85
239.283	140.48
239.498	262.01
239.713	173
239.928	38.72
240.142	-44.5
240.357	107.08
240.572	-92.11
240.787	22.07
241.001	49.79
241.216	10.6
241.431	282.92
241.646	78.71
241.86	90.13
242.075	-872.09
242.29	76.74
242.504	-7.77
242.719	83.85
242.934	111.02
243.148	-55.35
243.363	-33.49
243.577	16.85
243.792	-1.21
244.007	78.32
244.221	-370.13
244.436	-76.12
244.65	123.31
244.865	157.82
245.079	-17.49
245.294	-79.86
245.508	75.5
245.723	127.61
245.937	-438.46
246.152	-25.26
246.366	79.76
246.581	40.25
246.795	-75.46
247.01	-35.62
247.224	76.67
247.438	63.93
247.653	37.82
247.867	87.04
248.081	132.44
248.296	65.85
248.51	69.67
248.724	29.3
248.939	-111.94
249.153	45.31
249.367	32.47
249.582	-17.17
249.796	35.06
250.01	-89.4
250.224	121.65
250.439	39.72
250.653	252.58
250.867	22.13
251.081	-46.92
251.295	12.6
251.51	-16.6
251.724	-131.65
251.938	85.87
252.152	-32.85
252.366	38.5
252.58	649.09
252.794	77.54
253.008	331.79
253.223	89.8
253.437	2.82
253.651	20.61
253.865	43.02
254.079	36.14
254.293	13.83
254.507	823.64
254.721	-15.63
254.935	247.25
255.149	135.1
255.363	110.53
255.577	300
255.791	116.95
256.005	-9.2
256.218	-56.22
256.432	54.48
256.646	83.88
256.86	80.28
257.074	69.89
257.288	-900
257.502	-95.6
257.716	-20.67
257.929	-40.79
258.143	198.69
258.357	109.19
258.571	25.46
258.785	46.9
258.998	10.94
259.212	47.51
259.426	41.7
259.64	117.43
259.853	-15.99
260.067	170.73
260.281	60
260.494	48.43
260.708	466.34
260.922	11.7
261.135	125.89
261.349	1.51
261.563	120.72
261.776	-3652.94
261.99	83.54
262.203	52.41
262.417	-102.83
262.63	31.53
262.844	111.24
263.058	92.54
263.271	44.11
263.485	94.37
263.698	10.92
263.912	-16.6
264.125	32.21
264.339	101.57
264.552	-33.53
264.765	-336.52
264.979	149.53
265.192	110.35
265.406	38.23
265.619	170.16
265.832	109.47
266.046	-20.75
266.259	153.56
266.473	-1287.1
266.686	65.35
266.899	193.39
267.113	1740
267.326	28.62
267.539	48.93
267.752	17.58
267.966	134.37
268.179	-36.53
268.392	26.8
268.605	-210.24
268.819	116.05
269.032	186.26
269.245	-235.38
269.458	140.59
269.671	117.72
269.885	105.76
270.098	58.05
270.311	755.7
270.524	23.36
270.737	45.27
270.95	125.17
271.163	92.13
271.376	-1093.55
271.589	-3.8
271.802	1.3
272.016	30.29
272.229	85.1
272.442	-1.21
272.655	110.8
272.868	-31.75
273.081	219.1
273.294	-5.94
273.506	338.16
273.719	55.06
273.932	15.32
274.145	60
274.358	100.53
274.571	19.66
274.784	254.72
274.997	85.37
275.21	-63.13
275.423	26.96
275.635	-79.9
275.848	58.17
276.061	-1.99
276.274	39.13
276.487	289.57
276.699	139.21
276.912	-43.73
277.125	131.49
277.338	37.3
277.55	56.16
277.763	19.52
277.976	71.54
278.189	-174.73
278.401	36.18
278.614	530.4
278.827	74.7
279.039	120.85
279.252	67.98
279.464	-98.98
279.677	26.66
279.89	-19.9
280.102	-122.11
280.315	95.12
280.527	1563.16
280.74	-1106.9
280.952	48.43
281.165	11.72
281.377	192.16
281.59	-23.51
281.802	128.57
282.015	-6.51
282.227	199.02
282.44	118.71
282.652	448.31
282.865	9.95
283.077	149.64
283.29	110.15
283.502	67.23
283.714	311.37
283.927	86.74
284.139	-204.72
284.351	-22.25
284.564	197.33
284.776	-22.95
284.988	-94.35
285.201	443.28
285.413	42.31
285.625	85.95
285.838	118.63
286.05	25.79
286.262	211.44
286.474	89.73
286.686	23.95
286.899	-12.11
287.111	39.83
287.323	94.99
287.535	121.78
287.747	68.83
287.959	-3.1
288.172	-223.64
288.384	35.77
288.596	-110.02
288.808	-266.04
289.02	254.72
289.232	109.43
289.444	-66.38
289.656	-63.52
289.868	43.41
290.08	145.4
290.292	80.43
290.504	-26.72
290.716	89.25
290.928	31.37
291.14	634.88
291.352	83.61
291.564	-758.82
291.776	43.74
291.988	-31.29
292.2	-75.36
292.412	-192.97
292.624	-34.43
292.835	1016.42
293.047	-46.39
293.259	-102.51
293.471	-123.53
293.683	300
293.895	33.1
294.106	-13.69
294.318	-4.45
294.53	93.25
294.742	-113.79
294.953	-209.23
295.165	79.28
295.377	89.16
295.589	47.81
295.8	-3.08
296.012	50.91
296.224	24.19
296.435	138.88
296.647	12.18
296.858	58.27
297.07	-272.31
297.282	118.74
297.493	70.84
297.705	-200.57
297.916	59.32
298.128	107.08
298.34	-161.04
298.551	-13.13
298.763	-3.24
298.974	54.68
299.186	24.19
299.397	79.59
299.609	1151.61
299.82	9.18
300.031	57.88
300.243	2573.68
300.454	123.31
300.666	65.46
300.877	169.19
301.089	192.77
301.3	6.87
301.511	124.65
301.723	25.94
301.934	-111.94
302.145	205.74
302.357	235.41
302.568	60
302.779	17.44
302.99	100.9
303.202	95.12
303.413	-17.03
303.624	3.05
303.835	-288.68
304.047	32.79
304.258	-39.32
304.469	60.93
304.68	-37.13
304.891	-11.31
305.103	290.73
305.314	88.06
305.525	3385.71
305.736	205.51
305.947	79.56
306.158	-1323.53
306.369	71.49
306.58	82.88
306.791	315.74
307.002	22.08
307.213	-12.33
307.424	71.02
307.636	179.02
307.846	168.34
308.057	381.55
308.268	47.07
308.479	171.87
308.69	1.24
308.901	125.89
309.112	-1067.44
309.323	47.23
309.534	49.81
309.745	27.35
309.956	65.44
310.167	-30.76
310.377	19.28
310.588	2.23
310.799	76.52
311.01	37.59
311.221	49.87
311.432	76.03
311.642	75.16
311.853	198.68
312.064	175.86
312.275	188.48
312.485	117.83
312.696	34.33
312.907	-91.96
313.117	38.23
313.328	-32.17
313.539	42.2
313.749	103.47
313.96	-425.27
314.171	76.67
314.381	85.1
314.592	31.76
314.802	33.16
315.013	61.31
315.224	29.86
315.434	-1784.21
315.645	-1620
315.855	64.58
316.066	286.52
316.276	-30.74
316.487	65.85
316.697	90.45
316.908	-83.55
317.118	-84.29
317.329	48.52
317.539	33.21
317.749	114.59
317.96	-810.45
318.17	-16.2
318.381	207.69
318.591	-161.54
318.801	1.3
319.012	172.79
319.222	358.25
319.432	17.12
319.643	86.59
319.853	-55.16
320.063	32.1
320.273	-47.12
320.484	286.81
320.694	314.69
320.904	116.95
321.114	-64.04
321.325	1789.66
321.535	4.27
321.745	22.37
321.955	40.5
322.165	-8.16
322.375	79.59
322.585	-60.74
322.796	-31.03
323.006	164.79
323.216	76.74
323.426	11.17
323.636	81.82
323.846	672.41
324.056	69.45
324.266	48.36
324.476	122.59
324.686	-30.81
324.896	53.18
325.106	933.96
325.316	54.68
325.526	47.37
325.736	60.61
325.946	25.11
326.156	-292.21
326.366	-378.26
326.576	63.86
326.785	82.91
326.995	201.42
327.205	269.85
327.415	300
327.625	177.37
327.835	9.21
328.044	336.18
328.254	414.78
328.464	96.47
328.674	182.93
328.884	-278.42
329.093	248.66
329.303	46.55
329.513	232.92
329.722	-2163.16
329.932	-2.68
330.142	10.62
330.351	81.82
330.561	-310.91
330.771	-191.51
330.98	-4.09
331.19	-87.69
331.4	7.42
331.609	30.3
331.819	-109.76
332.028	18.86
332.238	80.34
332.447	-12.63
332.657	94.24
332.866	-122.15
333.076	100.21
333.285	-0.98
333.495	493.55
333.704	-6.73
333.914	46.08
334.123	-0.55
334.333	-143.08
334.542	-7.36
334.752	503.08
334.961	-650.94
335.17	-218.59
335.38	172.48
335.589	74.15
335.798	176.8
336.008	-319.78
336.217	19.15
336.426	49.36
336.636	233.62
336.845	29.58
337.054	315.58
337.263	29.16
337.473	28.34
337.682	174.92
337.891	-4.73
338.1	196.4
338.309	13.88
338.519	111.39
338.728	11.47
338.937	-191.34
339.146	351.8
339.355	-447.17
339.564	-647.37
339.773	113.07
339.983	-36.54
340.192	143.48
340.401	120.16
340.61	96.92
340.819	120.84
341.028	154.43
341.237	-900
341.446	8.41
341.655	14.14
341.864	-319.91
342.073	22.35
342.282	-0.72
342.491	34.55
342.699	-142.72
342.908	-354.55
343.117	43.54
343.326	-59.51
343.535	-441.82
343.744	-14.75
343.953	101.14
344.162	60.23
344.37	-19.16
344.579	102.99
344.788	-46.8
344.997	-2.12
345.206	139.74
345.414	-40.93
345.623	-5.54
345.832	89.23
346.041	293.91
346.249	29.75
346.458	36.47
346.667	25.18
346.875	107.78
347.084	17.34
347.293	84.88
347.501	21.33
347.71	65.25
347.918	100.74
348.127	-425.27
348.336	-97.35
348.544	196.51
348.753	-470.15
348.961	44.54
349.17	174.9
349.378	28.53
349.587	-15.63
349.795	-200.97
350.004	336.92
350.212	28.59
350.421	289.38
350.629	60.73
350.838	67.23
351.046	111.47
351.254	-0.57
351.463	76.49
351.671	-1152.63
351.879	2.17
352.088	96.64
352.296	183.19
352.504	227.2
352.713	-44.94
352.921	281.1
353.129	9.24
353.338	30.61
353.546	48.52
353.754	49.69
353.962	87.45
354.171	36.75
354.379	-2542.11
354.587	-17.11
354.795	112.38
355.003	16.64
355.212	100.6
355.42	345.28
355.628	233.49
355.836	104.75
356.044	91.2
356.252	77.88
356.46	51.79
356.668	816.92
356.876	106.55
357.084	56.34
357.292	77.5
357.5	16.64
357.708	73.58
357.916	41.69
358.124	107.58
358.332	246.27
358.54	38.18
358.748	284.42
358.956	97.84
359.164	47.23
359.372	91.96
359.58	-157.55
359.788	-26.52
359.996	69.82
360.203	-21.87
360.411	118.11
360.619	-85.93
360.827	67.92
361.035	-185.89
361.242	81.82
361.45	-262.03
361.658	135.07
361.866	129.53
362.073	71.02
362.281	189.7
362.489	4.26
362.697	152.39
362.904	31.72
363.112	109.72
363.32	10.34
363.527	-180
363.735	63.71
363.943	60.61
364.15	71.02
364.358	-17.43
364.565	-3.24
364.773	61.92
364.98	3.18
365.188	56.37
365.395	136.23
365.603	-5.08
365.81	55.24
366.018	88.69
366.225	54.01
366.433	-18.61
366.64	28.11
366.848	83.02
367.055	-38.56
367.263	96.3
367.47	78.48
367.677	603.8
367.885	65.85
368.092	92.71
368.299	29.58
368.507	74.7
368.714	289.38
368.921	54.33
369.129	56.64
369.336	64.18
369.543	-13.61
369.751	-6.79
369.958	57.85
370.165	87.31
370.372	119.07
370.579	155.75
370.787	80.73
370.994	12.79
371.201	-59.67
371.408	36.5
371.615	-43.39
371.822	-66.29
372.029	88.47
372.237	-173.14
372.444	92.43
372.651	22.78
372.858	-6.16
373.065	67.9
373.272	69.82
373.479	672.41
373.686	226.07
373.893	346.6
374.1	70.33
374.307	-442.45
374.514	105.67
374.721	18.87
374.928	66.23
375.135	79.76
375.341	60
375.548	67.23
375.755	62.1
375.962	44.19
376.169	75.18
376.376	61.94
376.583	55.21
376.789	86.71
376.996	44.03
377.203	-84.77
377.41	-24.71
377.617	23.08
377.823	88.24
378.03	261.29
378.237	97.95
378.443	162.86
378.65	616.98
378.857	-116.24
379.063	193.67
379.27	247.83
379.477	149.59
379.683	-59.67
379.89	50.58
380.097	-0.59
380.303	48.7
380.51	28.85
380.716	61.17
380.923	-191.34
381.129	-12.81
381.336	120.47
381.542	95.67
381.749	60
381.955	31.37
382.162	143.69
382.368	103.02
382.575	62.52
382.781	796.55
382.988	24.67
383.194	-42.47
383.4	-15.27
383.607	4.54
383.813	122.88
384.02	13.02
384.226	142.01
384.432	6.03
384.639	54.94
384.845	-505.06
385.051	-29.16
385.257	53.69
385.464	96.38
385.67	98.71
385.876	157.45
386.082	-114.92
386.289	69.07
386.495	-6.2
386.701	-172.96
386.907	-105.12
387.113	64.92
387.319	9.49
387.526	69.38
387.732	-229.13
387.938	223.2
388.144	-148.7
388.35	55.75
388.556	160.38
388.762	-10.27
388.968	-6.98
389.174	31.16
389.38	201.51
389.586	-49.15
389.792	3.21
389.998	-39.52
390.204	-140.82
390.41	62.08
390.616	75.7
390.822	-58.88
391.028	91.52
391.234	45.49
391.439	-329.13
391.645	27.87
391.851	96.84
392.057	-12.05
392.263	85.84
392.469	-40.04
392.674	-14.63
392.88	22.59
393.086	29.82
393.292	-53.2
393.498	54.77
393.703	8.7
393.909	39.47
394.115	26.88
394.32	5.63
394.526	-4.69
394.732	88.12
394.937	72.47
395.143	-78.95
395.349	121.17
395.554	-212.56
395.76	34.25
395.965	31.16
396.171	22.49
396.377	11.15
396.582	43.82
396.788	30.16
396.993	52.13
397.199	-5.73
397.404	10.69
397.61	-66.46
397.815	-24.78
398.021	-2.03
398.226	10.96
398.431	5.68
398.637	17.5
398.842	32.96
399.048	43.25
399.253	50.73
399.458	42.69
399.664	16.65
399.869	25.3
400.074	12.31
400.28	24.59
400.485	-6.33
400.69	14.66
400.896	2.99
401.101	21.18
401.306	-20.4
401.511	6.74
401.716	33.92
401.922	34.89
402.127	5.07
402.332	2.67
402.537	22.87
402.742	10
402.947	37.68
403.153	-33.57
403.358	23.88
403.563	18.41
403.768	16.3
403.973	17.01
404.178	-10
404.383	-6.29
404.588	31.79
404.793	14.75
404.998	18.67
405.203	5.82
405.408	5.72
405.613	17.94
405.818	11.19
406.023	-6.69
406.228	-2.27
406.433	15.32
406.638	-0.63
406.842	10.86
407.047	16.12
407.252	12.12
407.457	22.16
407.662	9.77
407.867	12.77
408.071	9.32
408.276	1.48
408.481	7.62
408.686	6.69
408.891	8
409.095	6.12
409.3	9.61
409.505	9.85
409.709	0.29
409.914	12.79
410.119	2.43
410.323	6.46
410.528	3.61
410.733	10.9
410.937	2.24
411.142	2.69
411.346	8.22
411.551	0.96
411.756	5.43
411.96	10.39
412.165	-2.31
412.369	2.42
412.574	2.4
412.778	2.96
412.983	8.13
413.187	6.57
413.392	2.6
413.596	4.15
413.8	7.99
414.005	6.46
414.209	5.84
414.414	4.68
414.618	7.73
414.822	8.19
415.027	5.97
415.231	3.18
415.435	9.6
415.64	4.42
415.844	2.05
416.048	5.85
416.252	6.26
416.457	6.29
416.661	6.22
416.865	3.79
417.069	3.3
417.274	3.21
417.478	4.23
417.682	5.74
417.886	2.58
418.09	4.48
418.294	3.75
418.498	5.9
418.702	4.52
418.907	5.03
419.111	4.65
419.315	2.63
419.519	6.43
419.723	1.62
419.927	3.44
420.131	5.98
420.335	4.17
420.539	3
420.743	6.46
420.947	2.1
421.151	3.49
421.355	4.12
421.558	4.99
421.762	3.38
421.966	4.21
422.17	4.35
422.374	4.18
422.578	3.61
422.782	5.09
422.985	2.55
423.189	4.3
423.393	3.04
423.597	4.75
423.801	4.2
424.004	5.27
424.208	3.38
424.412	3.7
424.615	4.4
424.819	4.4
425.023	4.49
425.226	4.33
425.43	4.61
425.634	3.57
425.837	3.33
426.041	3.86
426.245	4.46
426.448	3.41
426.652	5.46
426.855	3.09
427.059	4.11
427.262	3.64
427.466	3.07
427.669	3.59
427.873	4.23
428.076	4.12
428.28	3.75
428.483	3.91
428.687	4.39
428.89	4.21
429.094	3.48
429.297	3.85
429.5	3.71
429.704	4
429.907	3.47
430.11	3.58
430.314	3.79
430.517	3.73
430.72	4.23
430.924	3.64
431.127	4.07
431.33	4.17
431.533	3.66
431.737	3.75
431.94	3.67
432.143	3.75
432.346	3.72
432.549	3.49
432.752	3.44
432.956	3.65
433.159	3.15
433.362	3
433.565	3.72
433.768	3.47
433.971	3.18
434.174	3.77
434.377	4.16
434.58	3.88
434.783	3.23
434.986	3.99
435.189	3.96
435.392	3.4
435.595	4.13
435.798	3.78
436.001	3.85
436.204	3.91
436.407	3.22
436.61	3.93
436.813	3.88
437.016	3.81
437.219	4
437.421	3.42
437.624	3.86
437.827	3.35
438.03	3.89
438.233	3.12
438.435	3.5
438.638	3.89
438.841	3.87
439.044	3.58
439.246	3.61
439.449	3.7
439.652	3.84
439.854	3.72
440.057	3.76
440.26	3.56
440.462	3.49
440.665	3.48
440.868	3.94
441.07	3.54
441.273	3.67
441.475	3.71
441.678	3.66
441.88	3.76
442.083	3.48
442.286	3.72
442.488	3.2
442.69	4.12
442.893	3.46
443.095	3.48
443.298	3.62
443.5	3.46
443.703	3.92
443.905	3.61
444.108	3.75
444.31	3.53
444.512	3.59
444.715	3.83
444.917	3.46
445.119	3.69
445.322	3.71
445.524	3.89
445.726	3.77
445.928	3.59
446.131	3.76
446.333	3.44
446.535	3.62
446.737	3.44
446.94	4.09
447.142	3.58
447.344	3.9
447.546	3.88
447.748	3.8
447.95	3.44
448.152	4.27
448.354	3.63
448.557	4
448.759	3.91
448.961	3.65
449.163	3.53
449.365	3.66
449.567	4.2
449.769	3.69
449.971	3.7
450.173	4.05
450.375	3.84
450.577	3.75
450.779	3.58
450.981	3.72
451.182	3.77
451.384	3.7
451.586	3.94
451.788	3.86
451.99	3.85
452.192	3.31
452.394	4.09
452.595	4.3
452.797	3.42
452.999	3.76
453.201	3.95
453.402	4
453.604	3.86
453.806	4.34
454.008	3.81
454.209	4.12
454.411	4.09
454.613	4.17
454.814	3.75
455.016	4.29
455.218	4.12
455.419	4.51
455.621	4.09
455.822	3.8
456.024	3.91
456.225	4.44
456.427	4.06
456.629	4.21
456.83	4.23
457.032	3.61
457.233	3.84
457.435	4.13
457.636	3.93
457.837	4.57
458.039	3.59
458.24	4.16
458.442	4.47
458.643	3.08
458.844	4.57
459.046	4.39
459.247	4.28
459.448	4.44
459.65	3.93
459.851	4.22
460.052	3.71
460.254	4.44
460.455	4.28
460.656	4.72
460.857	4.28
461.059	4
461.26	4.28
461.461	3.8
461.662	3.63
461.863	4.78
462.065	4.07
462.266	3.68
462.467	3.32
462.668	3.91
462.869	4.61
463.07	4.22
463.271	4.53
463.472	4.26
463.673	4.54
463.874	4.6
464.075	4.44
464.276	4.95
464.477	4.28
464.678	4.05
464.879	3.52
465.08	4.51
465.281	4.47
465.482	4.25
465.683	3.32
465.884	4.37
466.085	4.93
466.285	3.68
466.486	5.07
466.687	4.73
466.888	4.21
467.089	4.38
467.29	4.15
467.49	3.75
467.691	4.17
467.892	4.2
468.093	4.32
468.293	3.23
468.494	3.78
468.695	4.55
468.895	4.27
469.096	2.89
469.297	3.88
469.497	3.9
469.698	5.77
469.898	3.17
470.099	4.77
470.3	5.26
470.5	4.27
470.701	5.58
470.901	4.74
471.102	3.91
471.302	4.08
471.503	4.1
471.703	5.06
471.904	4.18
472.104	4.21
472.305	4.22
472.505	4.36
472.705	3.31
472.906	3.85
473.106	5.25
473.306	2.92
473.507	6.42
473.707	4.51
473.907	3.89
474.108	3.95
474.308	4.98
474.508	3.26
474.709	6.05
474.909	2.76
475.109	2.56
475.309	3.35
475.51	3.67
475.71	2.8
475.91	4.75
476.11	2.67
476.31	3.79
476.51	5.37
476.71	3.17
476.911	4.8
477.111	1.93
477.311	3.71
477.511	3.85
477.711	4.3
477.911	3.29
478.111	5.21
478.311	4.5
478.511	4.02
478.711	4.31
478.911	3.46
479.111	4.35
479.311	3.77
479.511	6.25
479.711	4.32
479.91	2.37
480.11	6.71
480.31	3.89
480.51	5.65
480.71	3.46
480.91	4.97
481.109	4.68
481.309	7.08
481.509	3.02
481.709	4.44
481.909	5.14
482.108	3.81
482.308	4.15
482.508	5.08
482.707	5.88
482.907	2.59
483.107	5.24
483.306	3.7
483.506	3.47
483.706	3.77
483.905	4.9
484.105	4.61
484.304	3.74
484.504	2.87
484.704	3.47
484.903	3.29
485.103	4.32
485.302	3.69
485.502	5.09
485.701	4.47
485.901	3.85
486.1	2.41
486.299	3.8
486.499	3.38
486.698	3.46
486.898	5.51
487.097	4.67
487.296	2.98
487.496	3.66
487.695	2.38
487.894	4.48
488.094	3.77
488.293	4.17
488.492	3.22
488.692	4.18
488.891	3.98
489.09	2.72
489.289	3.97
489.489	4.55
489.688	2.25
489.887	4.52
490.086	4.39
490.285	3.52
490.484	4.48
490.683	4.89
490.883	5.1
491.082	3.87
491.281	3.59
491.48	3.03
491.679	3.65
491.878	4.97
492.077	5.29
492.276	2.96
492.475	2.98
492.674	4.37
492.873	4.38
493.072	3.55
493.271	4.86
493.47	2.48
493.669	3.13
493.867	3.22
494.066	3.81
494.265	3.74
494.464	4.64
494.663	4.3
494.862	3.76
495.06	4.41
495.259	2.8
495.458	4.47
495.657	3.7
495.856	3.95
496.054	4.2
496.253	4.21
496.452	4.89
496.65	3.23
496.849	3.78
497.048	3.64
497.246	2.93
497.445	4.45
497.644	4.16
497.842	4.52
498.041	3.63
498.239	3.52
498.438	4.99
498.636	3.64
498.835	4.61
499.034	3.91
499.232	4.19
499.431	4.1
499.629	3.28
499.827	4.48
500.026	3.6
500.224	4.3
500.423	3.19
500.621	4.18
500.82	5.22
501.018	4.16
501.216	4.32
501.415	4.84
501.613	2.94
501.811	3.98
502.01	4.75
502.208	4.13
502.406	3.94
502.604	4.78
502.803	4.31
503.001	5.3
503.199	3.69
503.397	4.36
503.595	4.48
503.794	4.1
503.992	4.36
504.19	4.29
504.388	4.6
504.586	4.85
504.784	3.86
504.982	4.14
505.18	3.73
505.378	4.61
505.576	4.18
505.774	4.43
505.972	4.09
506.17	4.65
506.368	4.68
506.566	4.25
506.764	4.01
506.962	4.64
507.16	4.72
507.358	4.51
507.556	4.14
507.754	5.55
507.952	4.73
508.15	4.72
508.347	4.43
508.545	5.31
508.743	5.23
508.941	4.74
509.139	4.91
509.336	5.02
509.534	5.26
509.732	5.18
509.93	4.36
510.127	5.79
510.325	4.5
510.523	4.97
510.72	5.29
510.918	5.4
511.116	4.76
511.313	4.6
511.511	5.38
511.708	4.31
511.906	4.58
512.104	5.37
512.301	5.12
512.499	4.98
512.696	4.96
512.894	4.18
513.091	4.9
513.289	5.35
513.486	4.61
513.683	4.98
513.881	4.93
514.078	5.09
514.276	5.49
514.473	4.99
514.67	5.81
514.868	5.46
515.065	5.13
515.262	5.45
515.46	4.83
515.657	4.82
515.854	5.22
516.052	4.82
516.249	5.52
516.446	5.35
516.643	5.4
516.84	5.38
517.038	5.2
517.235	5.01
517.432	5.29
517.629	5.08
517.826	5.16
518.023	5.45
518.221	5.57
518.418	5.67
518.615	5.76
518.812	5.39
519.009	5.66
519.206	5.29
519.403	5.57
519.6	5.74
519.797	5.39
519.994	5.51
520.191	5.68
520.388	5.79
520.585	5.92
520.782	5.37
520.978	5.57
521.175	5.67
521.372	5.83
521.569	5.52
521.766	5.68
521.963	5.13
522.159	5.64
522.356	5.49
522.553	6.19
522.75	5.56
522.947	5.98
523.143	5.61
523.34	5.89
523.537	5.88
523.733	6.08
523.93	5.98
524.127	5.99
524.323	6.11
524.52	5.42
524.717	5.82
524.913	6.16
525.11	5.61
525.306	6.17
525.503	5.83
525.7	6.09
525.896	5.75
526.093	6.27
526.289	6.27
526.486	5.78
526.682	5.36
526.878	5.57
527.075	6.29
527.271	6.03
527.468	6.15
527.664	5.73
527.861	6.25
528.057	5.94
528.253	6.34
528.45	5.9
528.646	5.81
528.842	6.41
529.039	5.7
529.235	6.22
529.431	6.05
529.627	5.99
529.824	6.05
530.02	6.16
530.216	6.28
530.412	6.53
530.608	6.36
530.804	6.02
531.001	6.55
531.197	6.52
531.393	6.12
531.589	6.01
531.785	6.14
531.981	6.45
532.177	6.4
532.373	6.47
532.569	6.27
532.765	6.2
532.961	5.95
533.157	6.22
533.353	6.52
533.549	6.7
533.745	6.68
533.941	6.43
534.137	6.35
534.333	6.09
534.529	6.59
534.725	6.74
534.92	6.69
535.116	6.15
535.312	6.3
535.508	6.57
535.704	6.15
535.899	6.39
536.095	6.68
536.291	6.57
536.487	6.23
536.682	6.7
536.878	6.52
537.074	6.3
537.269	6.69
537.465	6.85
537.661	6.69
537.856	6.74
538.052	6.54
538.248	6.54
538.443	6.77
538.639	6.56
538.834	6.77
539.03	6.88
539.225	6.96
539.421	6.45
539.616	7.04
539.812	7.06
540.007	7.02
540.203	6.69
540.398	6.76
540.593	6.98
540.789	7.83
540.984	6.79
541.18	7.05
541.375	6.26
541.57	7.35
541.766	7.06
541.961	7.2
542.156	7.42
542.352	7.26
542.547	6.81
542.742	7.08
542.937	7.2
543.133	7.44
543.328	7.45
543.523	7.34
543.718	6.87
543.913	7.54
544.108	7.09
544.304	7.05
544.499	7.57
544.694	7.02
544.889	7.08
545.084	7.77
545.279	7.3
545.474	7.5
545.669	7.12
545.864	7.28
546.059	7.71
546.254	7.18
546.449	7.7
546.644	7.44
546.839	7.6
547.034	7.37
547.229	7.24
547.424	7.56
547.618	7.94
547.813	7.41
548.008	7.5
548.203	7.63
548.398	7.66
548.593	7.9
548.787	8.08
548.982	7.91
549.177	7.61
549.372	7.32
549.566	7.75
549.761	7.67
549.956	7.63
550.15	8.02
550.345	7.63
550.54	8.06
550.734	8.21
550.929	7.95
551.124	7.77
551.318	7.84
551.513	8.03
551.707	8.53
551.902	8.16
552.096	8.3
552.291	8.1
552.485	8.12
552.68	8.01
552.874	8.18
553.069	8.68
553.263	8.14
553.458	8.4
553.652	8.43
553.847	8.21
554.041	8.3
554.235	8.09
554.43	8.5
554.624	8.62
554.818	8.28
555.013	8.46
555.207	8.02
555.401	8.8
555.595	8.56
555.79	8.35
555.984	8.65
556.178	8.66
556.372	8.69
556.566	8.62
556.761	8.71
556.955	9.18
557.149	8.95
557.343	8.56
557.537	9.15
557.731	8.59
557.925	8.87
558.119	9.11
558.313	8.56
558.507	8.64
558.701	9.16
558.895	9.31
559.089	9.52
559.283	8.82
559.477	9.15
559.671	9.47
559.865	9.01
560.059	9.04
560.253	9.45
560.447	9.3
560.641	9.41
560.835	9.66
561.028	9.22
561.222	9.33
561.416	9.32
561.61	9.12
561.804	9.13
561.997	9.45
562.191	9.58
562.385	9.52
562.579	9.41
562.772	9.43
562.966	9.33
563.16	9.83
563.353	9.73
563.547	9.5
563.741	9.95
563.934	9.68
564.128	9.43
564.321	9.59
564.515	10.26
564.708	9.61
564.902	9.56
565.095	9.84
565.289	9.97
565.482	9.68
565.676	9.51
565.869	9.86
566.063	9.95
566.256	9.92
566.45	9.75
566.643	9.87
566.836	9.78
567.03	10.42
567.223	10.05
567.416	10.25
567.61	9.99
567.803	9.84
567.996	10.05
568.19	10.18
568.383	10.17
568.576	9.97
568.769	10.04
568.963	10.36
569.156	10.48
569.349	10.72
569.542	10.78
569.735	10.16
569.928	10.22
570.121	10.28
570.315	10.58
570.508	10.64
570.701	10.81
570.894	10.69
571.087	10.6
571.28	11
571.473	10.88
571.666	10.43
571.859	10.84
572.052	10.26
572.245	10.72
572.438	10.75
572.631	11.14
572.824	10.74
573.016	10.44
573.209	10.97
573.402	10.67
573.595	10.97
573.788	10.84
573.981	10.94
574.173	11.1
574.366	10.97
574.559	10.91
574.752	11.33
574.944	11.15
575.137	11.15
575.33	10.9
575.523	11.28
575.715	11.06
575.908	11.06
576.101	10.87
576.293	10.84
576.486	11.06
576.678	11.17
576.871	11.22
577.063	11.03
577.256	11.49
577.449	11.32
577.641	11.11
577.834	11.42
578.026	11.23
578.219	11.2
578.411	11.34
578.603	11.8
578.796	11.18
578.988	11.9
579.181	11.33
579.373	11.52
579.565	11.62
579.758	11.24
579.95	11.56
580.142	11.32
580.335	11.43
580.527	11.58
580.719	11.4
580.912	11.55
581.104	11.96
581.296	11.26
581.488	11.97
581.68	11.71
581.873	11.91
582.065	11.89
582.257	11.96
582.449	11.47
582.641	11.53
582.833	11.63
583.025	11.51
583.217	12.19
583.41	12.07
583.602	12.32
583.794	11.87
583.986	12.53
584.178	12.26
584.37	12.18
584.562	12.52
584.753	12.35
584.945	12.36
585.137	11.99
585.329	12.48
585.521	12.61
585.713	12
585.905	12.27
586.097	12.31
586.289	12.17
586.48	12.31
586.672	12.14
586.864	12.45
587.056	12.56
587.247	11.69
587.439	12.46
587.631	12.64
587.823	12.84
588.014	12.57
588.206	12.8
588.398	12.44
588.589	12.94
588.781	12.59
588.972	12.78
589.164	12.48
589.356	13.14
589.547	12.91
589.739	12.64
589.93	12.97
590.122	12.61
590.313	12.87
590.505	12.88
590.696	12.85
590.888	13.03
591.079	13.6
591.271	13.37
591.462	13.15
591.653	13.24
591.845	13.13
592.036	13.17
592.227	12.87
592.419	12.95
592.61	13.23
592.801	13.35
592.993	13.36
593.184	13.52
593.375	12.63
593.566	13.34
593.758	13.11
593.949	13.2
594.14	13.29
594.331	13.55
594.522	13.66
594.713	13.81
594.905	13.38
595.096	13.82
595.287	14.1
595.478	13.64
595.669	13.92
595.86	13.55
596.051	13.84
596.242	13.96
596.433	13.68
596.624	13.94
596.815	14.52
597.006	14.34
597.197	14.08
597.388	13.7
597.579	13.44
597.77	13.84
597.96	14.26
598.151	14.21
598.342	13.98
598.533	14.84
598.724	14.22
598.915	14
599.105	14.27
599.296	14.71
599.487	14.49
599.678	14.58
599.868	14.42
600.059	14.85
600.25	14.85
600.44	14.63
600.631	15.07
600.822	14.83
601.012	14.62
601.203	14.58
601.394	15.05
601.584	14.86
601.775	14.81
601.965	14.51
602.156	14.47
602.346	14.82
602.537	14.99
602.727	15.05
602.918	14.93
603.108	15.42
603.299	14.99
603.489	15.19
603.679	14.21
603.87	15.37
604.06	15.3
604.251	15.28
604.441	15.3
604.631	15.37
604.822	15.1
605.012	15.29
605.202	14.96
605.392	14.57
605.583	15.33
605.773	15.13
605.963	15.65
606.153	15.23
606.344	15.27
606.534	15.73
606.724	16.03
606.914	15.58
607.104	15.78
607.294	15.49
607.484	15.86
607.674	15.44
607.864	15.72
608.054	15.67
608.245	15.77
608.435	16.33
608.625	15.98
608.814	15.17
609.004	15.51
609.194	15.6
609.384	15.7
609.574	15.16
609.764	15.65
609.954	15.54
610.144	15.68
610.334	15.99
610.524	15.66
610.713	16.07
610.903	15.83
611.093	15.94
611.283	16.19
611.473	15.73
611.662	15.99
611.852	16.34
612.042	16.34
612.231	16.55
612.421	16.56
612.611	15.69
612.8	16.23
612.99	16.59
613.18	15.89
613.369	16.34
613.559	16.19
613.748	16.88
613.938	17.1
614.128	16.67
614.317	16.19
614.507	16.18
614.696	17.14
614.886	16.81
615.075	15.9
615.264	16.67
615.454	16.19
615.643	16.39
615.833	16.43
616.022	16.42
616.211	16.03
616.401	16.09
616.59	16.6
616.779	17.27
616.969	17.1
617.158	16.82
617.347	16.71
617.537	17.05
617.726	16.42
617.915	16.05
618.104	16.18
618.293	16.24
618.483	16.55
618.672	17.23
618.861	16.99
619.05	16.92
619.239	16.69
619.428	17.86
619.617	17.12
619.806	16.45
619.995	16.63
620.184	16.46
620.373	16.47
620.562	16.33
620.751	16.5
620.94	16.66
621.129	16.82
621.318	17.11
621.507	17.15
621.696	16.85
621.885	16.51
622.074	16.92
622.263	16.7
622.452	17.73
622.64	16.99
622.829	16.51
623.018	17.1
623.207	16.79
623.396	17.24
623.584	17.43
623.773	18.11
623.962	17.2
624.15	17.81
624.339	17.02
624.528	17.51
624.716	17.66
624.905	17.46
625.094	17.49
625.282	17.12
625.471	17.41
625.659	17.48
625.848	16.66
626.037	17.93
626.225	17.95
626.414	18.04
626.602	17.68
626.791	17.26
626.979	18.01
627.167	17.18
627.356	18.4
627.544	17.39
627.733	17.4
627.921	17.81
628.109	17.81
628.298	17.89
628.486	17.79
628.674	18.32
628.863	17.8
629.051	17.78
629.239	18.38
629.428	17.36
629.616	18.03
629.804	19.18
629.992	18.28
630.18	17.88
630.369	18.43
630.557	17.69
630.745	18.38
630.933	18.33
631.121	17.87
631.309	18.22
631.497	18.61
631.685	18.52
631.873	18.15
632.061	18.41
632.249	18.27
632.437	19.17
632.625	18.82
632.813	19.16
633.001	18.7
633.189	18.84
633.377	19.12
633.565	17.41
633.753	18.34
633.941	18.31
634.129	19.15
634.316	17.97
634.504	18.74
634.692	18.68
634.88	18.26
635.068	18.46
635.255	18.5
635.443	19.21
635.631	17.69
635.818	19.51
636.006	18.65
636.194	18.92
636.382	18.74
636.569	19.01
636.757	18.94
636.944	19.25
637.132	19.35
637.32	19.27
637.507	18.58
637.695	17.47
637.882	18.65
638.07	19.64
638.257	19
638.445	18.88
638.632	18.76
638.82	18.64
639.007	18.13
639.194	18.89
639.382	19.39
639.569	18
639.757	18.98
639.944	17.68
640.131	18.48
640.319	19.05
640.506	17.85
640.693	19.6
640.88	19.59
641.068	18.74
641.255	18.95
641.442	18.35
641.629	18.77
641.817	18.52
642.004	19.65
642.191	18.36
642.378	19.36
642.565	19.61
642.752	18.96
642.939	17.36
643.126	18.96
643.313	18.89
643.501	18.56
643.688	19.04
643.875	17.8
644.062	18.74
644.249	18.46
644.435	17.29
644.622	18.87
644.809	19.08
644.996	17.35
645.183	18.07
645.37	18.33
645.557	19.79
645.744	18.11
645.931	17.48
646.117	18.34
646.304	18.48
646.491	18.48
646.678	17.62
646.865	18.3
647.051	17.89
647.238	18.72
647.425	17.23
647.611	18.35
647.798	18.24
647.985	18.1
648.171	18.57
648.358	18.98
648.545	19.19
648.731	18.04
648.918	18.44
649.104	17.54
649.291	18.12
649.477	17.5
649.664	18.07
649.85	18.19
650.037	18.19
650.223	18.03
650.41	18.14
650.596	18.25
650.783	17.51
650.969	18.61
651.155	18.05
651.342	17.05
651.528	17.65
651.714	17.84
651.901	18.87
652.087	18.21
652.273	17.92
652.46	18.25
652.646	18.22
652.832	17.41
653.018	16.61
653.204	18.41
653.391	18.19
653.577	16.7
653.763	18.97
653.949	16.96
654.135	17.79
654.321	18.46
654.507	16.57
654.693	17.9
654.879	17.3
655.065	19.01
655.252	16.95
655.438	18.53
655.624	19.75
655.809	18.22
655.995	16.51
656.181	18.17
656.367	17.28
656.553	18.38
656.739	17.91
656.925	18.81
657.111	17.79
657.297	18.86
657.482	17.72
657.668	19.26
657.854	19.35
658.04	16.71
658.226	16.63
658.411	18.23
658.597	18.63
658.783	17.56
658.968	18.81
659.154	17.63
659.34	17.47
659.525	15.85
659.711	18.21
659.897	18.28
660.082	18.04
660.268	17.76
660.453	16.13
660.639	19.67
660.824	18.32
661.01	17.83
661.195	16.57
661.381	17.83
661.566	18.4
661.752	18.46
661.937	16.58
662.123	15.26
662.308	16.89
662.494	17.29
662.679	17.83
662.864	16.76
663.05	17.3
663.235	17.8
663.42	17.39
663.605	17.46
663.791	17.25
663.976	16.58
664.161	17.31
664.346	17.49
664.532	18.01
664.717	15.65
664.902	18.22
665.087	18.38
665.272	18.15
665.457	14.88
665.642	15.02
665.828	17.85
666.013	17.43
666.198	14.89
666.383	18.72
666.568	16.65
666.753	18.44
666.938	17.08
667.123	17.1
667.308	17.48
667.493	17.02
667.677	15.96
667.862	18.66
668.047	17.43
668.232	16.69
668.417	16.75
668.602	14.62
668.787	16.09
668.971	16.88
669.156	19.04
669.341	17.7
669.526	18.65
669.711	17.76
669.895	17.6
670.08	17.1
670.265	17.71
670.449	16.37
670.634	18.39
670.819	17.19
671.003	16.3
671.188	17.46
671.372	18.28
671.557	19.01
671.742	17.88
671.926	15.23
672.111	16.94
672.295	16.16
672.48	17.35
672.664	17.07
672.849	14.85
673.033	16.53
673.217	16.82
673.402	16.96
673.586	17.23
673.771	17.64
673.955	17.35
674.139	19.49
674.324	17.58
674.508	15.76
674.692	18.78
674.876	20.15
675.061	19.31
675.245	21.28
675.429	17.95
675.613	16.14
675.798	20.91
675.982	19.59
676.166	17.83
676.35	19.25
676.534	17.81
676.718	19.3
676.902	20.42
677.087	16.89
677.271	18.19
677.455	19.21
677.639	19.07
677.823	21.68
678.007	20.6
678.191	21.34
678.375	21.13
678.559	19.85
678.742	20.53
678.926	21.88
679.11	25.64
679.294	20.49
679.478	18.3
679.662	19.22
679.846	26.78
680.029	21.6
680.213	19.56
680.397	21.25
680.581	21.95
680.765	22.86
680.948	22.21
681.132	24.98
681.316	22.53
681.499	23.75
681.683	25.85
681.867	21.28
682.05	26.04
682.234	24.18
682.417	25.69
682.601	26.29
682.785	25.28
682.968	23.99
683.152	22.67
683.335	25.08
683.519	23.06
683.702	25.38
683.886	23.34
684.069	25.9
684.253	28.24
684.436	26.31
684.619	27.46
684.803	27.53
684.986	27.43
685.169	27.91
685.353	27.69
685.536	27.37
685.719	31.38
685.903	26.83
686.086	23.92
686.269	28.48
686.452	27.02
686.636	30.98
686.819	31.21
687.002	27.23
687.185	29.67
687.368	27.51
687.551	27.58
687.734	28.35
687.918	35.14
688.101	29.79
688.284	29.85
688.467	33.96
688.65	29.81
688.833	30.7
689.016	29.97
689.199	28.38
689.382	33.37
689.565	34.52
689.748	32.93
689.93	28.78
690.113	32.35
690.296	32.88
690.479	32.88
690.662	32.91
690.845	32.58
691.028	35.01
691.21	33.32
691.393	34.92
691.576	30.92
691.759	34.46
691.941	31.58
692.124	36.44
692.307	33.93
692.489	31.89
692.672	32.84
692.855	34
693.037	31.01
693.22	35.19
693.403	31.82
693.585	38.37
693.768	39.02
693.95	34.12
694.133	37.68
694.315	35.21
694.498	31.64
694.68	31.94
694.863	37.26
695.045	32.43
695.228	33.14
695.41	34.8
695.592	38.47
695.775	39.51
695.957	37.53
696.139	36.82
696.322	31.94
696.504	39.03
696.686	31.1
696.869	35.43
697.051	34.93
697.233	37.92
697.415	38.76
697.597	37.12
697.78	33.97
697.962	36
698.144	39.32
698.326	38.85
698.508	34.95
698.69	33.02
698.872	30.47
699.055	35.26
699.237	36.82
699.419	36.29
699.601	34.3
699.783	41.88
699.965	37.48
700.147	37.8
700.329	34.2
700.51	39.53
700.692	39.48
700.874	35.73
701.056	41.22
701.238	33.2
701.42	39.77
701.602	34.93
701.783	34.53
701.965	38.97
702.147	33.6
702.329	38.9
702.511	39.94
702.692	40.07
702.874	38.25
703.056	39.91
703.237	37.81
703.419	35.62
703.601	45.57
703.782	37.99
703.964	41.5
704.146	40.9
704.327	42.03
704.509	40.87
704.69	38.7
704.872	39.96
705.053	37.95
705.235	41.92
705.416	34.68
705.598	32.42
705.779	37.37
705.961	43.91
706.142	38.44
706.323	43.55
706.505	39.62
706.686	39.45
706.867	37.94
707.049	31.58
707.23	38.3
707.411	48.64
707.593	42.17
707.774	37.52
707.955	43.34
708.136	35.82
708.318	42.85
708.499	42.41
708.68	37.27
708.861	31.11
709.042	35.56
709.223	47.1
709.404	32.12
709.585	39.62
709.767	46.85
709.948	40.63
710.129	36.41
710.31	38.19
710.491	38.51
710.672	35.89
710.853	38.25
711.034	43.91
711.214	33.83
711.395	39.82
711.576	38.73
711.757	39.98
711.938	40.09
712.119	36.26
712.3	37.69
712.481	31.87
712.661	41.41
712.842	38.81
713.023	44.79
713.204	42.11
713.384	38.14
713.565	42.74
713.746	40.26
713.926	34.4
714.107	42.25
714.288	37.26
714.468	44.07
714.649	44.64
714.83	41.79
715.01	46.62
715.191	36.38
715.371	36.23
715.552	27.16
715.732	38.57
715.913	41.76
716.093	49.47
716.274	42.72
716.454	46.94
716.635	44.81
716.815	42.16
716.995	35.82
717.176	46.39
717.356	44.08
717.536	44
717.717	44.58
717.897	37.1
718.077	33.11
718.258	49.76
718.438	39.98
718.618	35.34
718.798	41.44
718.978	40.8
719.159	41.93
719.339	49.22
719.519	30.07
719.699	40.39
719.879	40.82
720.059	49.08
720.239	44.21
720.419	48.35
720.599	42.32
720.779	33.2
720.959	42.27
721.139	34.85
721.319	31.74
721.499	62.85
721.679	28.69
721.859	32.29
722.039	29.36
722.219	34.73
722.399	42.54
722.579	29.71
722.759	36.95
722.938	41.46
723.118	39.2
723.298	47.23
723.478	27.83
723.658	54.82
723.837	43.98
724.017	33.52
724.197	37.41
724.376	33.75
724.556	33.94
724.736	40.27
724.915	39.69
725.095	56.69
725.275	40.62
725.454	37.51
725.634	51
725.813	39.66
725.993	50.62
726.172	46.2
726.352	52.18
726.531	36.8
726.711	37.46
726.89	46.35
727.07	51.07
727.249	57.09
727.428	53.78
727.608	34.97
727.787	32.32
727.966	40.12
728.146	35.88
728.325	50.63
728.504	49.36
728.684	56.39
728.863	51.9
729.042	48.79
729.221	48.8
729.4	31.83
729.58	47.51
729.759	48.12
729.938	47.52
730.117	40.55
730.296	29.66
730.475	36.46
730.654	30.69
730.833	40.96
731.013	59.69
731.192	38.08
731.371	33.85
731.55	62.39
731.729	34.32
731.907	51.27
732.086	36.61
732.265	26.47
732.444	54.19
732.623	51.03
732.802	42.23
732.981	45.47
733.16	47.58
733.339	38.26
733.517	31.71
733.696	51.04
733.875	46.27
734.054	47.6
734.232	60.49
734.411	67.73
734.59	23.19
734.768	26.57
734.947	46.49
735.126	25.85
735.304	73.88
735.483	58.8
735.662	44.85
735.84	41.32
736.019	29.36
736.197	44.52
736.376	47.08
736.554	49.73
736.733	64.44
736.911	57.94
737.09	23.85
737.268	23.95
737.447	50.67
737.625	35.61
737.803	53.27
737.982	58.52
738.16	74.06
738.338	64.51
738.517	25.46
738.695	41.58
738.873	38.58
739.052	45.34
739.23	41.24
739.408	40.12
739.586	62.44
739.764	47.89
739.943	46.27
740.121	18.88
740.299	29.73
740.477	31.62
740.655	27.04
740.833	45.52
741.011	69.21
741.189	78.65
741.367	51.53
741.545	15.66
741.723	31.87
741.901	37.43
742.079	54.12
742.257	44.57
742.435	43.87
742.613	56.83
742.791	84.68
742.969	36.03
743.147	41.36
743.325	29.91
743.503	42.21
743.68	51.43
743.858	38.77
744.036	42.5
744.214	44.09
744.391	6.8
744.569	33.05
744.747	52.76
744.925	65.46
745.102	44.01
745.28	38.1
745.458	63.65
745.635	63.83
745.813	58.38
745.99	41.83
746.168	44.62
746.345	80.06
746.523	44.28
746.7	35.75
746.878	27.45
747.055	79.04
747.233	60
747.41	60
747.588	56.35
747.765	56.09
747.943	46.57
748.12	39.27
748.297	61.97
748.475	63.34
748.652	77.84
748.829	66.04
749.007	67.45
749.184	33.03
749.361	47.54
749.538	73.48
749.716	33.04
749.893	62.66
750.07	72.62
750.247	60.96
750.424	40.92
750.601	88.13
750.778	59.13
750.956	23.23
751.133	8.6
751.31	40.63
751.487	65.93
751.664	2.68
751.841	37.23
752.018	37.18
752.195	35.09
752.372	25.86
752.549	50.54
752.726	62.28
752.902	58.95
753.079	55.04
753.256	46.83
753.433	17
753.61	56.07
753.787	5.36
753.964	58.82
754.14	64.9
754.317	92.58
754.494	34.21
754.671	84.21
754.847	32.14
755.024	74
755.201	37.11
755.377	65.07
755.554	56.77
755.73	19.49
755.907	46.41
756.084	79.16
756.26	77.53
756.437	34.29
756.613	34.69
756.79	39.84
756.966	20.43
757.143	121.3
757.319	46.27
757.496	104.15
757.672	35.62
757.849	48.89
758.025	72.6
758.201	39.86
758.378	52.21
758.554	9.83
758.73	42.31
758.907	64.21
759.083	55.7
759.259	56.98
759.435	65.16
759.612	47.67
759.788	72.12
759.964	57.54
760.14	69.73
760.316	20.39
760.493	36.81
760.669	110.98
760.845	55.35
761.021	29.38
761.197	15.23
761.373	86.17
761.549	12.33
761.725	59.18
761.901	15.63
762.077	62.92
762.253	26.91
762.429	52.26
762.605	63.37
762.781	54.31
762.957	72.3
763.133	57.74
763.308	51.3
763.484	31.19
763.66	131.64
763.836	24.25
764.012	89.69
764.187	4.44
764.363	81.94
764.539	21.84
764.715	45.42
764.89	-20.72
765.066	74
765.242	-26.89
765.417	36.35
765.593	51.17
765.769	93.15
765.944	2.46
766.12	39.54
766.295	84.48
766.471	47.78
766.646	36.1
766.822	44.54
766.997	-39.46
767.173	57.77
767.348	34.93
767.524	63.11
767.699	-8.85
767.875	27.31
768.05	46.53
768.225	126.34
768.401	29.9
768.576	107.92
768.751	117.03
768.927	150.95
769.102	114.65
769.277	65.25
769.452	54.51
769.628	49.95
769.803	56.06
769.978	31.42
770.153	60
770.328	29.32
770.503	71.16
770.679	131.66
770.854	51.66
771.029	30.09
771.204	133.11
771.379	-2.94
771.554	79.78
771.729	10.14
771.904	66.01
772.079	6.51
772.254	65.66
772.429	165.5
772.604	39.23
772.779	155.68
772.953	40.46
773.128	42.31
773.303	23.27
773.478	52.52
773.653	31.93
773.828	36.27
774.002	8.99
774.177	20.05
774.352	331.3
774.527	85.89
774.701	17.3
774.876	102.62
775.051	-72.19
775.225	170.27
775.4	25.79
775.575	56.42
775.749	-31.96
775.924	53
776.098	59.08
776.273	-37.36
776.447	74.53
776.622	38.1
776.796	27.73
776.971	40.87
777.145	50.6
777.32	39.9
777.494	99.07
777.669	39.04
777.843	2.93
778.017	79
778.192	60.5
778.366	25.19
778.54	75.98
778.715	13.46
778.889	243.42
779.063	100.15
779.237	56.77
779.412	28.59
779.586	88.59
779.76	-14.39
779.934	119.25
780.108	62.52
780.282	-953.73
780.457	49.37
780.631	-112.83
780.805	-33.46
780.979	-470.15
781.153	39.13
781.327	82.43
781.501	62.08
781.675	-70.85
781.849	79.83
782.023	36.14
782.197	60.72
782.371	-97.71
782.545	-75.46
782.718	121.91
782.892	104.65
783.066	4.19
783.24	368.02
783.414	18.91
783.588	28.95
783.761	31.71
783.935	12.98
784.109	130.59
784.283	-86.09
784.456	265.88
784.63	43.54
784.804	123.23
784.977	30.18
785.151	71.21
785.324	-67.23
785.498	3.76
785.672	-38.06
785.845	55.19
786.019	27.01
786.192	-176.82
786.366	29.96
786.539	121.02
786.713	-0.82
786.886	11.26
787.06	71.6
787.233	84.05
787.406	-51
787.58	18.06
787.753	19.52
787.926	-79.18
788.1	-9.2
788.273	164.15
788.446	122.88
788.62	493.55
788.793	129.26
788.966	47.63
789.139	80.28
789.313	48.23
789.486	-2442.86
789.659	-90.86
789.832	61.55
790.005	6.19
790.178	-262.83
790.351	69.65
790.524	182.03
790.697	40.54
790.87	-16.75
791.044	387.27
791.216	49.93
791.389	-65.78
791.562	46.83
791.735	-231.65
791.908	-11.69
792.081	-19.29
792.254	-201.1
792.427	-92.57
792.6	55.1
792.773	48.31
792.945	604.48
793.118	5.21
793.291	260.44
793.464	-174.89
793.637	-119.63
793.809	76.91
793.982	103.7
794.155	88.24
794.327	62.89
794.5	853.85
794.673	105.67
794.845	38.52
795.018	-229.95
795.19	57.3
795.363	130.63
795.536	182.93
795.708	222.58
795.881	8460
796.053	-13.26
796.226	73.71
796.398	136.5
796.57	92.66
796.743	-35.86
796.915	37.33
797.088	-132.39
797.26	44.88
797.432	497.47
797.605	36.9
797.777	-837.66
797.949	17.37
798.122	35.67
798.294	138.57
798.466	176.57
798.638	85.58
798.81	70.14
798.983	102.53
799.155	137.84
799.327	28.19
799.499	106.45
799.671	227.92
799.843	48.73
800.015	66.54
800.187	55.77
800.359	20.62
800.531	73.78
800.703	52.26
800.875	-50.1
801.047	73.31
801.219	168.94
801.391	-432.47
801.563	-88.49
801.735	-24.43
801.907	300
802.079	125.87
802.251	-464.84
802.422	92.13
802.594	658.44
802.766	-11.02
802.938	219.28
803.11	148.16
803.281	37.75
803.453	33.18
803.625	48.22
803.796	32.87
803.968	-17.93
804.14	19.58
804.311	30.95
804.483	-37.63
804.654	98.44
804.826	213.48
804.998	421.93
805.169	-33.59
805.341	-84
805.512	-191.93
805.684	14.17
805.855	145.87
806.026	-660
806.198	174.85
806.369	-49.91
806.541	103.64
806.712	106.8
806.883	159.4
807.055	-45.42
807.226	-26.01
807.397	-69.23
807.569	342.48
807.74	43.95
807.911	-23.27
808.082	-87.44
808.253	-507.92
808.425	94.17
808.596	205.62
808.767	101.44
808.938	4.92
809.109	-127.72
809.28	-166.35
809.451	35.01
809.622	190.91
809.793	958.06
809.964	70.43
810.135	11.19
810.306	-130.06
810.477	364.43
810.648	93.64
810.819	107.27
810.99	-1620
811.161	85.87
811.332	176.76
811.503	66.05
811.674	-87.69
811.844	-604.62
812.015	-7.12
812.186	57.06
812.357	-60.52
812.527	101.75
812.698	54.48
812.869	1250.94
813.04	10.25
813.21	341.38
813.381	-82.88
813.551	-10.99
813.722	58.81
813.893	100.31
814.063	97.52
814.234	-725.45
814.404	56.37
814.575	125.08
814.745	-411.5
814.916	96.15
815.086	123.16
815.257	133.18
815.427	344.17
815.598	29.75
815.768	105.23
815.938	41.1
816.109	212.55
816.279	38.43
816.449	220.24
816.62	2763.16
816.79	108.5
816.96	662.26
817.13	7.77
817.301	38.07
817.471	-29.26
817.641	491.41
817.811	-59.12
817.981	985.71
818.152	152.13
818.322	133.66
818.492	-32.36
818.662	87.99
818.832	79.62
819.002	70.3
819.172	-33.1
819.342	327.75
819.512	74.28
819.682	29.95
819.852	-24.22
820.022	4.66
820.192	-158.43
820.362	103.1
820.531	112.38
820.701	58.6
820.871	35.59
821.041	-161.54
821.211	-52.4
821.381	-29.18
821.55	243.83
821.72	-1346.51
821.89	466.15
822.059	37.73
822.229	76.49
822.399	219.28
822.568	251.1
822.738	-373.17
822.908	145.4
823.077	118.45
823.247	72.21
823.416	-52.94
823.586	36.9
823.756	-71.83
823.925	618.99
824.095	439.53
824.264	-22.87
824.433	-252.21
824.603	111.85
824.772	-0.82
824.942	-231.65
825.111	-49.75
825.28	68.94
825.45	289.57
825.619	-102.48
825.788	84.27
825.958	61.38
826.127	138.24
826.296	143.65
826.465	164.47
826.635	158.61
826.804	-69.48
826.973	211.44
827.142	-205.53
827.311	211.41
827.48	75.16
827.649	55.49
827.818	158.27
827.988	-16.8
828.157	14.11
828.326	-171.09
828.495	-9.35
828.664	-54.86
828.833	109.19
829.002	46.58
829.17	-94.63
829.339	173.37
829.508	18.22
829.677	839.33
829.846	60.32
830.015	-88.73
830.184	70.11
830.352	45.93
830.521	248.2
830.69	1148.78
830.859	2064.71
831.027	742.11
831.196	-39.03
831.365	-17.34
831.533	26.13
831.702	129.96
831.871	103.37
832.039	153.06
832.208	143.48
832.377	479.53
832.545	-70.18
832.714	52.84
832.882	-51.03
833.051	47.74
833.219	6642.86
833.388	32.34
833.556	111.08
833.724	3.18
833.893	-7.82
834.061	-1089.47
834.23	96.61
834.398	-10.42
834.566	-58.44
834.735	3042.86
834.903	933.96
835.071	1020
835.239	-239.02
835.408	151.72
835.576	969.77
835.744	21.37
835.912	65.05
836.08	80.11
836.249	-356.6
836.417	377.01
836.585	314.5
836.753	90.74
836.921	183.24
837.089	1500
837.257	-537.21
837.425	-118.72
837.593	87.53
837.761	27.4
837.929	38.11
838.097	72.82
838.265	72.45
838.433	91.48
838.601	19.89
838.769	922.78
838.936	461.8
839.104	67.85
839.272	94.81
839.44	98.44
839.608	-1514.63
839.775	54.49
839.943	10.25
840.111	93.64
840.279	9.57
840.446	479.1
840.614	253.25
840.781	133.04
840.949	131.86
841.117	-20.36
841.284	-168.67
841.452	-102.48
841.619	-25.74
841.787	211.44
841.954	244.19
842.122	-247.98
842.289	18.01
842.457	7.65
842.624	75.85
842.792	-208.03
842.959	-166.29
843.126	127.61
843.294	-108.51
843.461	111.48
843.629	156
843.796	147.08
843.963	-311.67
844.13	134.37
844.298	68.34
844.465	20.12
844.632	31.68
844.799	221.61
844.966	116.17
845.134	98.8
845.301	36.09
845.468	-49.67
845.635	109.19
845.802	116.17
845.969	5.37
846.136	129.26
846.303	-963.16
846.47	28.36
846.637	-383.08
846.804	-1847.37
846.971	130.82
847.138	165.64
847.305	-50.44
847.472	-28.27
847.639	187.59
847.805	137.67
847.972	-323.38
848.139	93.99
848.306	2068.42
848.473	156.72
848.639	100.34
848.806	60
848.973	70.55
849.14	250.79
849.306	-65.92
849.473	-121.19
849.64	23.08
849.806	-96.17
849.973	280.54
850.139	244.37
850.306	11.82
850.472	180.44
850.639	142.62
850.806	363.16
850.972	300
851.139	-5185.71
851.305	91.81
851.471	-45.91
851.638	86.5
851.804	174.63
851.971	-45.9
852.137	-6.33
852.303	238.72
852.47	94.61
852.636	179.43
852.802	252.76
852.968	95.74
853.135	-4.57
853.301	-234.1
853.467	79.67
853.633	-37.03
853.8	17.99
853.966	-266.5
854.132	6642.86
854.298	-278.1
854.464	70.79
854.63	62.02
854.796	255.25
854.962	41.01
855.128	77.85
855.294	-1.86
855.46	-9.68
855.626	-3.72
855.792	-10.42
855.958	66.99
856.124	71.78
856.29	69.54
856.456	56.22
856.622	284.68
856.787	268.83
856.953	24.52
857.119	-496.04
857.285	4.27
857.45	-43.46
857.616	-14.65
857.782	-40.66
857.948	89.34
858.113	9.22
858.279	-114.21
858.445	318.9
858.61	1583.72
858.776	120.24
858.941	133.66
859.107	-1.05
859.273	54.35
859.438	52.03
859.604	236.84
859.769	-2.36
859.935	-139.6
860.1	18.84
860.265	99.78
860.431	179.14
860.596	1671.43
860.762	93.59
860.927	11.05
861.092	125.05
861.258	-114.73
861.423	281.47
861.588	115.38
861.753	985.71
861.919	-152.83
862.084	-49.61
862.249	251.19
862.414	-3.07
862.579	135.53
862.745	82.27
862.91	100.74
863.075	-94.79
863.24	38.31
863.405	-49.75
863.57	120.2
863.735	4.56
863.9	-103.54
864.065	-34.68
864.23	97.36
864.395	22.42
864.56	38.97
864.725	451.9
864.89	488.76
865.055	-30.11
865.22	-11.26
865.384	-225.84
865.549	195.15
865.714	-3.51
865.879	-26.56
866.044	-65.9
866.208	82.63
866.373	23.08
866.538	-9.13
866.702	52.13
866.867	42.71
867.032	12
867.196	108.82
867.361	136.8
867.526	-251.07
867.69	-78.08
867.855	89.01
868.019	910.91
868.184	40.5
868.348	107.51
868.513	-319.35
868.677	155.25
868.842	-34.98
869.006	-12.75
869.17	-922.64
869.335	-314.63
869.499	55.34
869.663	530.46
869.828	-40.08
869.992	1053.49
870.156	112.89
870.321	-146.92
870.485	92.46
870.649	5.54
870.813	-80.81
870.978	95.74
871.142	-992.31
871.306	-7.11
871.47	387.59
871.634	262.2
871.798	68.94
871.962	43.05
872.126	-1928.57
872.29	-45.76
872.454	5271.43
872.618	133.49
872.782	-201.49
872.946	-78.52
873.11	287.94
873.274	161.27
873.438	-970.59
873.602	-83.11
873.766	-479.22
873.93	-35.34
874.094	542.7
874.257	19.89
874.421	313.87
874.585	-376.36
874.749	46.45
874.912	-19.42
875.076	64.76
875.24	-144.59
875.403	234.47
875.567	252
875.731	138.2
875.894	148.16
876.058	-10.05
876.222	-37.08
876.385	287.94
876.549	0.48
876.712	780
876.876	-6.07
877.039	77.61
877.203	7.73
877.366	89.88
877.529	-68.9
877.693	126.85
877.856	-5.75
878.02	95.48
878.183	14.11
878.346	-214.29
878.51	108.85
878.673	-88.49
878.836	88.01
878.999	300
879.163	218.5
879.326	11.51
879.489	25.34
879.652	38.98
879.815	77.07
879.978	-62.45
880.142	74.5
880.305	-42.86
880.468	51.33
880.631	-11.94
880.794	-25.38
880.957	-607.32
881.12	-1958.82
881.283	-168.16
881.446	87.2
881.609	-19.42
881.772	178.83
881.935	-2452.94
882.097	134.27
882.26	209.43
882.423	-146.23
882.586	331
882.749	128.57
882.912	277.91
883.074	-27.61
883.237	81.34
883.4	10.34
883.562	40.75
883.725	-535.2
883.888	252.76
884.05	1980
884.213	-54.34
884.376	19.34
884.538	3.6
884.701	3.6
884.863	3.6
