181.954	26.72
182.172	26.72
182.39	26.72
182.608	-3720
182.826	692.31
183.043	-196.6
183.261	86.65
183.479	191.79
183.697	2082.35
183.914	41.3
184.132	433.16
184.35	320.18
184.567	126.76
184.785	323.89
185.003	-38.56
185.22	162.23
185.438	63.34
185.656	-159.8
185.873	-101.54
186.091	50.25
186.309	-144.83
186.526	29.86
186.744	28.83
186.961	-66.97
187.179	247.39
187.396	115.87
187.614	323.08
187.831	-4200
188.049	-246.63
188.266	66.85
188.484	-26.87
188.701	460.19
188.919	65.62
189.136	52.37
189.354	57.92
189.571	-48.34
189.789	86.47
190.006	-14.54
190.223	87.57
190.441	61.75
190.658	1800
190.876	111.53
191.093	309.89
191.31	67.97
191.528	29.51
191.745	51.7
191.962	78.17
192.179	84.59
192.397	-143.32
192.614	-53.7
192.831	-28.7
193.049	-16.16
193.266	518.45
193.483	6.2
193.7	-83.08
193.917	183.18
194.135	228.78
194.352	62.55
194.569	50.83
194.786	206.05
195.003	57.61
195.221	30.19
195.438	23.32
195.655	3.02
195.872	83.39
196.089	116.64
196.306	112.42
196.523	103.45
196.74	237.55
196.957	44.88
197.174	-39.59
197.391	1.17
197.608	18.39
197.825	-1064.52
198.042	46.59
198.259	1468.97
198.476	136.78
198.693	1800
198.91	-28.33
199.127	-456.72
199.344	-148.18
199.561	287.86
199.778	14.08
199.995	26.87
200.212	-806.9
200.429	-14.22
200.646	372.15
200.862	168.54
201.079	21.46
201.296	162.91
201.513	390.29
201.73	-86.35
201.947	126.55
202.163	68.54
202.38	65.9
202.597	-157.22
202.814	152.54
203.03	-1800
203.247	-3.02
203.464	12.62
203.681	-101.3
203.897	201.06
204.114	396.23
204.331	130.08
204.547	-69.77
204.764	117.37
204.981	-600
205.197	360
205.414	144.39
205.63	-393.1
205.847	93.47
206.064	294.55
206.28	37.6
206.497	25.31
206.713	143.09
206.93	3.9
207.146	128.66
207.363	-9.23
207.579	-204.4
207.796	-175.22
208.012	60.82
208.229	-331.34
208.445	-89.92
208.662	132.1
208.878	37.58
209.095	-3070.59
209.311	43.4
209.528	5914.29
209.744	-132.05
209.96	274.17
210.177	495.15
210.393	47.44
210.609	5160
210.826	136.2
211.042	161.74
211.258	510.45
211.475	-54.55
211.691	35.21
211.907	402.53
212.124	39.4
212.34	366.86
212.556	29.51
212.772	164.84
212.989	353.64
213.205	59.78
213.421	-111.56
213.637	44.78
213.853	-86.38
214.069	-284.21
214.286	-106.71
214.502	241.79
214.718	-20.69
214.934	49.29
215.15	147.54
215.366	75.58
215.582	175.97
215.798	80.52
216.015	-10.09
216.231	-3.24
216.447	42.8
216.663	-37.22
216.879	27.14
217.095	-20.13
217.311	-215.09
217.527	118.93
217.743	29.13
217.959	124.53
218.175	69.98
218.391	271.94
218.606	72
218.822	78.26
219.038	401.07
219.254	233.68
219.47	96.77
219.686	357.3
219.902	53.19
220.118	51.19
220.334	7.68
220.549	81.51
220.765	18.89
220.981	-38.87
221.197	42.23
221.413	-296.7
221.628	-68.35
221.844	192.45
222.06	-378.64
222.276	38.08
222.491	24.17
222.707	-9.84
222.923	-680.54
223.139	21.94
223.354	10.42
223.57	137.01
223.786	46.45
224.001	62.55
224.217	169.68
224.432	38.15
224.648	174.95
224.864	73.73
225.079	456.72
225.295	1.49
225.51	48.65
225.726	58.66
225.942	178.68
226.157	76.72
226.373	63.83
226.588	114.95
226.804	221.05
227.019	-81.41
227.235	40.64
227.45	113.07
227.665	13080
227.881	-33.07
228.096	-140.87
228.312	-90.82
228.527	84.9
228.743	-168
228.958	-29.74
229.173	-380.87
229.389	77.28
229.604	71.01
229.819	8.17
230.035	-99.65
230.25	-89.21
230.465	125.11
230.681	166.12
230.896	14.58
231.111	82.49
231.327	226.98
231.542	-4680
231.757	29
231.972	74.2
232.187	-68.94
232.403	-221.05
232.618	75.25
232.833	40.95
233.048	-752.73
233.263	-17.21
233.478	-120
233.694	2218.6
233.909	677.42
234.124	134.73
234.339	-45.79
234.554	-682.76
234.769	-35.69
234.984	-131.84
235.199	84.33
235.414	-143.36
235.629	22.78
235.844	18.25
236.059	53.8
236.274	-5.44
236.489	-107.21
236.704	87.47
236.919	-47.23
237.134	67.71
237.349	82.7
237.564	21.55
237.779	-112.4
237.994	-84.26
238.209	179.71
238.424	-150.92
238.639	64.39
238.853	22.9
239.068	30.82
239.283	-5.44
239.498	223.22
239.713	-40.17
239.928	17.14
240.142	43.06
240.357	63.76
240.572	8.45
240.787	152.04
241.001	33.19
241.216	95.06
241.431	202.85
241.646	78.26
241.86	-147.98
242.075	-544.19
242.29	-9.66
242.504	14.06
242.719	130.43
242.934	203.15
243.148	-86.1
243.363	-42.37
243.577	33.71
243.792	2.43
244.007	57.71
244.221	-646.75
244.436	-402.99
244.65	143.56
244.865	304.27
245.079	2.69
245.294	30.22
245.508	38.75
245.723	211.27
245.937	-138.46
246.152	67.76
246.366	79.25
246.581	11.81
246.795	-268.71
247.01	-7.92
247.224	41.68
247.438	-29.51
247.653	50.24
247.867	103.1
248.081	87.47
248.296	190.24
248.51	57.9
248.724	66.85
248.939	-259.7
249.153	115.1
249.367	49.43
249.582	17.98
249.796	-70.13
250.01	75.5
250.224	103.72
250.439	126.76
250.653	162.31
250.867	97.77
251.081	31.28
251.295	55.05
251.51	-339.57
251.724	-64.75
251.938	140.52
252.152	39.42
252.366	24.7
252.58	207.27
252.794	64.14
253.008	186.75
253.223	81.15
253.437	129.78
253.651	35.62
253.865	47.04
254.079	-26.39
254.293	109.42
254.507	120
254.721	16.38
254.935	336.26
255.149	176.32
255.363	135.7
255.577	422.82
255.791	201.36
256.005	25.77
256.218	20.69
256.432	112.02
256.646	120.41
256.86	52.39
257.074	73.22
257.288	9480
257.502	-243.96
257.716	11.09
257.929	197.58
258.143	111.44
258.357	48.76
258.571	42.07
258.785	-61.04
258.998	10.46
259.212	113.23
259.426	-18.83
259.64	71.32
259.853	-20.69
260.067	43.56
260.281	70.65
260.494	128.67
260.708	409.9
260.922	33.26
261.135	45.23
261.349	1.01
261.563	85.3
261.776	882.35
261.99	19.96
262.203	98.21
262.417	-65.72
262.63	38.64
262.844	-384.27
263.058	46.78
263.271	61.34
263.485	50.64
263.698	42.91
263.912	-68.94
264.125	-24
264.339	-174.8
264.552	5.44
264.765	-328.7
264.979	-16.93
265.192	83.38
265.406	19.44
265.619	1.97
265.832	90.69
266.046	-48.22
266.259	-26.44
266.473	-754.84
266.686	145.11
266.899	64.24
267.113	11880
267.326	57.24
267.539	28.67
267.752	56.37
267.966	127.47
268.179	33.21
268.392	78.81
268.605	-99.21
268.819	117.13
269.032	-25.59
269.245	360
269.458	219.19
269.671	-311.39
269.885	-6.65
270.098	43.03
270.311	387.34
270.524	17.4
270.737	13.81
270.95	-99.34
271.163	401.57
271.376	987.1
271.589	-311.39
271.802	68.6
272.016	-84.04
272.229	73.22
272.442	46.15
272.655	16.85
272.868	-45.36
273.081	-600
273.294	45.4
273.506	150.53
273.719	-25.73
273.932	-2.97
274.145	1560
274.358	68.07
274.571	89.75
274.784	79.25
274.997	20.62
275.21	42.08
275.423	-56.21
275.635	69.35
275.848	26.56
276.061	290.07
276.274	-93.61
276.487	-245.22
276.699	-16.38
276.912	56.78
277.125	79.15
277.338	66.2
277.55	69.43
277.763	-91.08
277.976	80.56
278.189	59.34
278.401	4.58
278.614	62.4
278.827	5.59
279.039	65.92
279.252	121.45
279.464	26.09
279.677	154.12
279.89	30.79
280.102	-250.25
280.315	-278.05
280.527	410.53
280.74	-1427.59
280.952	114.22
281.165	75.54
281.377	81.45
281.59	1.88
281.802	-33.24
282.015	76.63
282.227	34.05
282.44	90.65
282.652	168.54
282.865	2.84
283.077	56.39
283.29	143.8
283.502	29.1
283.714	162.09
283.927	97.08
284.139	-33.48
284.351	41.43
284.564	-35.29
284.776	56.09
284.988	-53
285.201	-152.24
285.413	66.33
285.625	29.19
285.838	15.57
286.05	42.44
286.262	170.48
286.474	146.83
286.686	-25.17
286.899	51.12
287.111	27.23
287.323	7.95
287.535	409.9
287.747	76.71
287.959	-50.29
288.172	-98.18
288.384	-12.24
288.596	-116.17
288.808	283.02
289.02	260.38
289.232	78.91
289.444	-130.7
289.656	-80.13
289.868	115.33
290.08	217.18
290.292	89.36
290.504	45.38
290.716	38.53
290.928	96.32
291.14	1493.02
291.352	21.08
291.564	-1164.71
291.776	99.79
291.988	40.49
292.2	31.28
292.412	308.11
292.624	-57.05
292.835	564.18
293.047	27.39
293.259	103.45
293.471	-8.14
293.683	951.22
293.895	72.5
294.106	-76.2
294.318	72.16
294.53	38.42
294.742	1882.76
294.953	33.21
295.165	18.86
295.377	68.41
295.589	38.88
295.8	134.29
296.012	24.71
296.224	7.2
296.435	97.39
296.647	15.5
296.858	211.51
297.07	1006.15
297.282	-49.33
297.493	146.61
297.705	99.43
297.916	34.99
298.128	24.52
298.34	-47.41
298.551	26.27
298.763	27.21
298.974	35.18
299.186	124.53
299.397	-29.74
299.609	-1064.52
299.82	125.65
300.031	76.07
300.243	2431.58
300.454	62.58
300.666	83.76
300.877	93.84
301.089	140.43
301.3	88.85
301.511	52.6
301.723	65.19
301.934	188.06
302.145	30.82
302.357	127.48
302.568	-110.4
302.779	1.77
302.99	13.45
303.202	78.49
303.413	66.93
303.624	107.8
303.835	418.87
304.047	-36.44
304.258	-39.76
304.469	48.15
304.68	38.9
304.891	-11.97
305.103	169.11
305.314	78.53
305.525	5057.14
305.736	23.62
305.947	69.58
306.158	2294.12
306.369	102.5
306.58	88.21
306.791	214.43
307.002	9.69
307.213	-27.01
307.424	61.48
307.636	31.06
307.846	118.5
308.057	75.73
308.268	67.51
308.479	82.55
308.69	61.9
308.901	151.07
309.112	-432.56
309.323	134.37
309.534	164.48
309.745	-18.23
309.956	-32.29
310.167	-97.82
310.377	81.75
310.588	84.86
310.799	230.77
311.01	-99.77
311.221	102.9
311.432	4.45
311.642	21.47
311.853	83.91
312.064	-682.76
312.275	252.04
312.485	65.06
312.696	17.3
312.907	165.83
313.117	48.91
313.328	4.49
313.539	-47.57
313.749	84.86
313.96	-230.77
314.171	107.39
314.381	38.99
314.592	-3.03
314.802	-23.17
315.013	109.54
315.224	49.67
315.434	-2431.58
315.645	1080
315.855	89.92
316.066	-182.02
316.276	273.5
316.487	658.54
316.697	134.81
316.908	86.36
317.118	12.69
317.329	176.31
317.539	46.33
317.749	224.03
317.96	-170.15
318.17	-123.11
318.381	-389.01
318.591	-375.82
318.801	85.96
319.012	142.05
319.222	250.49
319.432	61.04
319.643	92.71
319.853	40.36
320.063	65.91
320.273	14
320.484	-98.9
320.694	286.53
320.904	-6.1
321.114	438.2
321.325	1137.93
321.535	-127.96
321.745	-10.33
321.955	27.52
322.165	117.82
322.375	41.89
322.585	349.69
322.796	227.59
323.006	65.92
323.216	74.84
323.426	108.68
323.636	146.41
323.846	1510.34
324.056	70.08
324.266	16.51
324.476	117.04
324.686	256.22
324.896	17.05
325.106	1483.02
325.316	40.89
325.526	-600
325.736	40.41
325.946	-29.07
326.156	303.9
326.366	-109.57
326.576	78.35
326.785	135.68
326.995	181.87
327.205	-27.14
327.415	95.59
327.625	293.43
327.835	-30.05
328.044	105.53
328.254	255.65
328.464	78.45
328.674	190.24
328.884	-73.38
329.093	189.3
329.303	44.35
329.513	-145.34
329.722	284.21
329.932	-7.51
330.142	-27.32
330.351	3.09
330.561	185.45
330.771	-73.06
330.98	34.33
331.19	267.69
331.4	-120.85
331.609	90.08
331.819	980.49
332.028	30.86
332.238	-91.53
332.447	44.49
332.657	53.32
332.866	5.86
333.076	26.68
333.285	44.95
333.495	19.35
333.704	-363.23
333.914	112.78
334.123	-84.46
334.333	27.69
334.542	-63.76
334.752	673.85
334.961	532.08
335.17	-256.28
335.38	-67.03
335.589	72.6
335.798	70.23
336.008	-85.71
336.217	38.3
336.426	40.79
336.636	-130.21
336.845	-45.63
337.054	70.13
337.263	0.99
337.473	-11.69
337.682	127.04
337.891	28.37
338.1	194.24
338.309	6.41
338.519	135.31
338.728	30.33
338.937	-439.37
339.146	-30.22
339.355	-441.51
339.564	852.63
339.773	-45.23
339.983	144.48
340.192	-506.09
340.401	132.43
340.61	46.15
340.819	34.53
341.028	-13.77
341.237	2929.41
341.446	-48.22
341.655	31.27
341.864	-36.97
342.073	99.84
342.282	-148.92
342.491	163.44
342.699	-413.59
342.908	-428.57
343.117	144.06
343.326	221.05
343.535	534.55
343.744	-172.83
343.953	-51.43
344.162	29.12
344.37	24.5
344.579	-295.52
344.788	47.57
344.997	108.71
345.206	216.94
345.414	72.9
345.623	135.06
345.832	-9.84
346.041	197.97
346.249	25.21
346.458	30.03
346.667	81.08
346.875	14
347.084	54.36
347.293	71.27
347.501	150.71
347.71	38.64
347.918	81.92
348.127	-547.25
348.336	-647.68
348.544	65.3
348.753	8.96
348.961	74.06
349.17	85.71
349.378	149.61
349.587	-37.22
349.795	110.68
350.004	1098.46
350.212	64.06
350.421	-302.65
350.629	-12.69
350.838	2.36
351.046	49.38
351.254	3.44
351.463	55.88
351.671	600
351.879	85.3
352.088	103.51
352.296	26.55
352.504	212.52
352.713	7.29
352.921	-42.52
353.129	-89.94
353.338	-43.73
353.546	64.24
353.754	-239.26
353.962	-68.63
354.171	110.79
354.379	-473.68
354.587	84.52
354.795	72.31
355.003	-71.32
355.212	106.95
355.42	169.81
355.628	151.81
355.836	-22.37
356.044	-8.03
356.252	44
356.46	10.26
356.668	1338.46
356.876	84.14
357.084	59.54
357.292	-6.66
357.5	-26.83
357.708	21.61
357.916	11.44
358.124	-8.75
358.332	-44.78
358.54	316.36
358.748	584.42
358.956	22.03
359.164	72.71
359.372	15.84
359.58	-159.71
359.788	33.75
359.996	59.85
360.203	-14.03
360.411	-54.32
360.619	-123.62
360.827	58.47
361.035	-99.39
361.242	174.19
361.45	-493.67
361.658	71.09
361.866	-48.22
362.073	-19.08
362.281	67.51
362.489	-14.71
362.697	97.04
362.904	-106.95
363.112	112.02
363.32	4.5
363.527	88.7
363.735	85.71
363.943	16.01
364.15	44.52
364.358	-18.04
364.565	34.99
364.773	-39.68
364.98	-86.93
365.188	86.83
365.395	-16.38
365.603	298.98
365.81	13.89
366.018	12.6
366.225	73.32
366.433	-72.95
366.64	96.5
366.848	29.77
367.055	-54.55
367.263	67.56
367.47	60.48
367.677	22.78
367.885	33.26
368.092	75.12
368.299	-82.82
368.507	127.03
368.714	153.98
368.921	108.66
369.129	88.11
369.336	19.97
369.543	120.52
369.751	-61.52
369.958	-180.27
370.165	39.52
370.372	65.19
370.579	53.71
370.787	44.31
370.994	194.75
371.201	171.66
371.408	88.11
371.615	21.46
371.822	-6.83
372.029	160.68
372.237	-72
372.444	35.68
372.651	4.85
372.858	-251.61
373.065	58.03
373.272	108.95
373.479	-227.59
373.686	321.33
373.893	52.43
374.1	-2.87
374.307	4.32
374.514	26.72
374.721	-52.53
374.928	116.88
375.135	21.61
375.341	-1800
375.548	24.38
375.755	43.73
375.962	-30.9
376.169	-37.94
376.376	-36.44
376.583	59.87
376.789	64.08
376.996	15.26
377.203	-85.37
377.41	31.26
377.617	-0.84
377.823	118.72
378.03	-1567.74
378.237	33.26
378.443	85.71
378.65	-916.98
378.857	-126.2
379.063	675.95
379.27	-151.3
379.477	-1.63
379.683	-17.98
379.89	26.09
380.097	15.26
380.303	56.92
380.51	-10.08
380.716	31.68
380.923	51.97
381.129	83.95
381.336	420.47
381.542	46.85
381.749	137.94
381.955	45.07
382.162	193.59
382.368	14.25
382.575	53.59
382.781	-310.34
382.988	-42.45
383.194	-42.81
383.4	-7.43
383.607	76.89
383.813	267.9
384.02	11.5
384.226	50.78
384.432	9.87
384.639	34.82
384.845	-53.16
385.051	128.29
385.257	-9.76
385.464	-0.99
385.67	121.55
385.876	55.72
386.082	-58.98
386.289	27.63
386.495	-22.6
386.701	-37.13
386.907	-19.95
387.113	18.7
387.319	56.95
387.526	130.94
387.732	61.42
387.938	177.6
388.144	-88.7
388.35	34.27
388.556	-7.95
388.762	-6.38
388.968	1102.33
389.174	75.84
389.38	58.32
389.586	16.51
389.792	22.9
389.998	-76.46
390.204	15.74
390.41	66.41
390.616	25.79
390.822	-61.68
391.028	20.48
391.234	40.74
391.439	-471.84
391.645	10.54
391.851	53.02
392.057	-5.74
392.263	34.1
392.469	-25.23
392.674	52.44
392.88	-8.67
393.086	51.02
393.292	3.29
393.498	-112.81
393.703	18.39
393.909	31.46
394.115	93.03
394.32	8.26
394.526	21.53
394.732	51.72
394.937	-20.21
395.143	-7.29
395.349	81.64
395.554	-226.13
395.76	48.28
395.965	-2.25
396.171	44.98
396.377	38.75
396.582	58.22
396.788	27.17
396.993	0.73
397.199	-0.55
397.404	15.17
397.61	39.8
397.815	-49.56
398.021	10.55
398.226	26.79
398.431	-52.04
398.637	64.26
398.842	26.95
399.048	44.63
399.253	21.66
399.458	21.83
399.664	12.88
399.869	1.28
400.074	23.43
400.28	13.64
400.485	5.67
400.69	-2.47
400.896	-21.1
401.101	10.28
401.306	1.12
401.511	30.09
401.716	16.71
401.922	22.09
402.127	0.87
402.332	-4.62
402.537	27.44
402.742	26.43
402.947	41.93
403.153	-13.92
403.358	1.83
403.563	19.79
403.768	17.06
403.973	12.2
404.178	18.58
404.383	-11.25
404.588	16.81
404.793	17.19
404.998	21.69
405.203	3.35
405.408	0.62
405.613	13.85
405.818	16.9
406.023	-1.42
406.228	7.67
406.433	6.26
406.638	-5.78
406.842	16.14
407.047	7.1
407.252	-2.78
407.457	10.61
407.662	6.18
407.867	6.42
408.071	11.61
408.276	10.4
408.481	6.76
408.686	8.48
408.891	8.73
409.095	9.35
409.3	10.97
409.505	6.92
409.709	-0.08
409.914	5.53
410.119	8.5
410.323	2.95
410.528	1.75
410.733	12.3
410.937	3.48
411.142	-3.07
411.346	9.71
411.551	1.05
411.756	7.83
411.96	9.69
412.165	0.9
412.369	0.39
412.574	5.61
412.778	6.79
412.983	4.72
413.187	11.4
413.392	3.11
413.596	4.3
413.8	6.98
414.005	10.71
414.209	2.17
414.414	3
414.618	3.51
414.822	3.22
415.027	4.16
415.231	2.76
415.435	6.18
415.64	5.88
415.844	5.19
416.048	7.23
416.252	4.08
416.457	4.47
416.661	4.75
416.865	4.43
417.069	3.85
417.274	3.3
417.478	6.04
417.682	3.7
417.886	2.35
418.09	4.61
418.294	5.75
418.498	5.51
418.702	5.47
418.907	4.27
419.111	3.9
419.315	3.34
419.519	4.91
419.723	2.1
419.927	4.85
420.131	7.08
420.335	3.04
420.539	3.89
420.743	7.01
420.947	1.29
421.151	4.26
421.355	3.28
421.558	4.49
421.762	3.04
421.966	4.76
422.17	4.88
422.374	4.38
422.578	3.37
422.782	4.13
422.985	3.24
423.189	4.47
423.393	3.52
423.597	4.13
423.801	4.35
424.004	3.01
424.208	3.27
424.412	3.91
424.615	4.56
424.819	3.51
425.023	4.01
425.226	3.22
425.43	4.22
425.634	3.58
425.837	2.62
426.041	3.68
426.245	3.88
426.448	3.96
426.652	3.58
426.855	2.9
427.059	3.23
427.262	2.76
427.466	3
427.669	3.25
427.873	3.6
428.076	3.46
428.28	3.61
428.483	3.19
428.687	3.57
428.89	3.38
429.094	2.16
429.297	3.01
429.5	3.53
429.704	3.32
429.907	4.18
430.11	3.9
430.314	3.42
430.517	3.46
430.72	3.22
430.924	3.22
431.127	3.58
431.33	3.32
431.533	3.77
431.737	3.27
431.94	2.85
432.143	3.26
432.346	3
432.549	3.49
432.752	2.99
432.956	3.17
433.159	2.41
433.362	2.74
433.565	3.04
433.768	3.25
433.971	2.42
434.174	3.07
434.377	3.07
434.58	3.55
434.783	2.49
434.986	3.54
435.189	3.42
435.392	2.91
435.595	3.47
435.798	3.37
436.001	3.87
436.204	2.95
436.407	2.88
436.61	3.36
436.813	3.28
437.016	3.31
437.219	3.28
437.421	3.25
437.624	3.12
437.827	3.09
438.03	2.99
438.233	3.14
438.435	2.79
438.638	2.97
438.841	3.08
439.044	3.1
439.246	3.08
439.449	2.57
439.652	3.31
439.854	3.11
440.057	2.83
440.26	3.18
440.462	3.41
440.665	2.7
440.868	3.12
441.07	3.34
441.273	3.16
441.475	2.98
441.678	3.23
441.88	3.23
442.083	2.67
442.286	3.3
442.488	2.72
442.69	3.04
442.893	3
443.095	2.59
443.298	2.95
443.5	3.34
443.703	3.1
443.905	2.95
444.108	3.1
444.31	3.05
444.512	2.97
444.715	2.86
444.917	2.73
445.119	2.96
445.322	2.75
445.524	3.2
445.726	2.88
445.928	2.71
446.131	3.05
446.333	3.01
446.535	3.08
446.737	2.74
446.94	3.49
447.142	2.68
447.344	3
447.546	2.92
447.748	3.06
447.95	2.91
448.152	2.95
448.354	3.15
448.557	3.25
448.759	3.08
448.961	2.9
449.163	2.74
449.365	3.15
449.567	2.97
449.769	2.95
449.971	3.05
450.173	3.3
450.375	3.34
450.577	3.07
450.779	2.94
450.981	3.19
451.182	2.66
451.384	3.22
451.586	3.26
451.788	2.87
451.99	3.1
452.192	2.81
452.394	3.13
452.595	3.37
452.797	2.96
452.999	3.28
453.201	3.14
453.402	3.32
453.604	2.78
453.806	3.19
454.008	3.27
454.209	3.34
454.411	3.07
454.613	3.21
454.814	3.36
455.016	3.55
455.218	3.19
455.419	3.41
455.621	2.74
455.822	2.64
456.024	2.69
456.225	4.02
456.427	3.03
456.629	3.06
456.83	3.49
457.032	3.04
457.233	3.02
457.435	3.17
457.636	3.22
457.837	3.91
458.039	3.06
458.24	3.63
458.442	3.72
458.643	2.68
458.844	3.33
459.046	3.47
459.247	4.01
459.448	3.27
459.65	3.44
459.851	3.59
460.052	3.63
460.254	3.65
460.455	3.74
460.656	3.42
460.857	3.71
461.059	2.53
461.26	2.99
461.461	3.97
461.662	3.71
461.863	4.26
462.065	3.17
462.266	3.03
462.467	2.76
462.668	3.12
462.869	4.04
463.07	3.92
463.271	3.21
463.472	3.39
463.673	3.1
463.874	3.36
464.075	3.12
464.276	3.15
464.477	3.36
464.678	3.38
464.879	3.28
465.08	4.15
465.281	4.14
465.482	3.08
465.683	2.55
465.884	2.96
466.085	3.36
466.285	3.59
466.486	4.09
466.687	3.72
466.888	3.06
467.089	2.81
467.29	3.69
467.49	3.41
467.691	2.95
467.892	3.24
468.093	3.5
468.293	3.3
468.494	3.76
468.695	3.93
468.895	4.21
469.096	2.43
469.297	2.86
469.497	3.53
469.698	4.23
469.898	2.35
470.099	3.9
470.3	4.62
470.5	2.8
470.701	4.65
470.901	3.71
471.102	3.54
471.302	3.17
471.503	3.45
471.703	4.82
471.904	3.32
472.104	2.98
472.305	3.71
472.505	2.84
472.705	3.86
472.906	3.19
473.106	3.26
473.306	3.58
473.507	2.87
473.707	3.97
473.907	2.09
474.108	2.8
474.308	2.53
474.508	2.63
474.709	3.18
474.909	4.04
475.109	2.12
475.309	2.45
475.51	3.09
475.71	3.63
475.91	4.06
476.11	2.87
476.31	3.75
476.51	4.04
476.71	2.91
476.911	5.53
477.111	4.16
477.311	2.44
477.511	3.32
477.711	2.07
477.911	2.86
478.111	4.02
478.311	2.01
478.511	2.85
478.711	4.07
478.911	3.18
479.111	2.94
479.311	3.16
479.511	4.94
479.711	2.01
479.91	1.33
480.11	4.32
480.31	3.5
480.51	5.09
480.71	3.21
480.91	3.36
481.109	2.92
481.309	4.55
481.509	2.07
481.709	4.72
481.909	3.02
482.108	1.78
482.308	2.99
482.508	3.24
482.707	4.43
482.907	1.06
483.107	4.65
483.306	3.44
483.506	3.59
483.706	2.23
483.905	4.01
484.105	4.02
484.304	2.99
484.504	2.99
484.704	3.3
484.903	3.6
485.103	3.04
485.302	2.21
485.502	3.76
485.701	4.12
485.901	3.97
486.1	2.07
486.299	2.77
486.499	4.05
486.698	3.32
486.898	2.56
487.097	2.67
487.296	2.22
487.496	2.92
487.695	3.24
487.894	3.49
488.094	2.61
488.293	2.73
488.492	3.62
488.692	2.61
488.891	4.06
489.09	2.98
489.289	0.78
489.489	2.81
489.688	3.21
489.887	3
490.086	2.39
490.285	2.42
490.484	3.21
490.683	4.35
490.883	4.3
491.082	3.22
491.281	3.32
491.48	3.11
491.679	3.43
491.878	2.25
492.077	4.1
492.276	3.76
492.475	2.8
492.674	1.78
492.873	3.92
493.072	2.74
493.271	3.82
493.47	1.38
493.669	3.07
493.867	3.43
494.066	2.47
494.265	3.43
494.464	4.73
494.663	2.78
494.862	2.67
495.06	4.04
495.259	1.23
495.458	3.76
495.657	3.42
495.856	2.96
496.054	2.84
496.253	3.36
496.452	2.26
496.65	3.66
496.849	2.99
497.048	3.16
497.246	2.31
497.445	2.69
497.644	2.88
497.842	3.67
498.041	3.46
498.239	2.89
498.438	2.88
498.636	3.16
498.835	3.42
499.034	3.14
499.232	3.44
499.431	3.34
499.629	2.84
499.827	3.3
500.026	2.63
500.224	2.67
500.423	2.96
500.621	2.75
500.82	4.08
501.018	3.48
501.216	3.38
501.415	3.12
501.613	2.59
501.811	1.89
502.01	3.84
502.208	2.86
502.406	3.44
502.604	3.89
502.803	3.09
503.001	2.93
503.199	3.75
503.397	3.51
503.595	2.61
503.794	2.84
503.992	3.02
504.19	2.94
504.388	3.76
504.586	3.64
504.784	2.42
504.982	2.68
505.18	2.91
505.378	3.26
505.576	2.89
505.774	2.99
505.972	3.14
506.17	4.1
506.368	3.26
506.566	2.55
506.764	3.43
506.962	3.19
507.16	3.86
507.358	3.54
507.556	3.55
507.754	3.8
507.952	2.67
508.15	3.19
508.347	3.73
508.545	3.36
508.743	3.37
508.941	2.5
509.139	3.85
509.336	3.36
509.534	4.14
509.732	3.68
509.93	2.99
510.127	3.68
510.325	3.5
510.523	3.81
510.72	3.6
510.918	3.54
511.116	3.9
511.313	2.67
511.511	3.39
511.708	3.01
511.906	3.2
512.104	3.68
512.301	3.79
512.499	3.84
512.696	3.66
512.894	3.01
513.091	3.47
513.289	3.29
513.486	3.72
513.683	3.19
513.881	3.39
514.078	4
514.276	3.61
514.473	3.23
514.67	3.48
514.868	3.77
515.065	3.58
515.262	4.49
515.46	3.44
515.657	3.67
515.854	3.69
516.052	3.08
516.249	4.12
516.446	3.77
516.643	3.5
516.84	3.78
517.038	3.56
517.235	3.63
517.432	3.74
517.629	3.87
517.826	3.55
518.023	3.82
518.221	4.13
518.418	3.87
518.615	3.41
518.812	3.73
519.009	3.81
519.206	4.06
519.403	3.92
519.6	3.63
519.797	3.75
519.994	3.38
520.191	4.11
520.388	4.07
520.585	3.78
520.782	3.86
520.978	3.43
521.175	3.81
521.372	3.88
521.569	3.43
521.766	3.56
521.963	3.1
522.159	4.02
522.356	3.89
522.553	4.11
522.75	4.07
522.947	4.02
523.143	4.03
523.34	4.33
523.537	4.08
523.733	4.2
523.93	3.86
524.127	4.21
524.323	3.95
524.52	3.73
524.717	3.73
524.913	4.07
525.11	3.89
525.306	3.94
525.503	4.04
525.7	4.05
525.896	3.8
526.093	3.98
526.289	3.96
526.486	4.09
526.682	3.89
526.878	4.25
527.075	4.26
527.271	4.21
527.468	4.37
527.664	4.03
527.861	4.04
528.057	4.17
528.253	4.43
528.45	4.01
528.646	4
528.842	4.33
529.039	3.74
529.235	4.33
529.431	4.18
529.627	4.6
529.824	4.55
530.02	4.15
530.216	4.14
530.412	4.54
530.608	3.99
530.804	4.28
531.001	4.71
531.197	4.43
531.393	4.13
531.589	4.53
531.785	4.56
531.981	4.57
532.177	4.61
532.373	4.45
532.569	4.42
532.765	4.32
532.961	4.2
533.157	4.24
533.353	4.37
533.549	4.4
533.745	4.59
533.941	3.99
534.137	5.03
534.333	4.49
534.529	4.47
534.725	4.54
534.92	4.67
535.116	4.88
535.312	4.54
535.508	4.6
535.704	4.61
535.899	4.31
536.095	4.78
536.291	4.7
536.487	4.18
536.682	4.66
536.878	4.55
537.074	4.77
537.269	4.57
537.465	4.51
537.661	4.18
537.856	4.62
538.052	4.68
538.248	4.58
538.443	5.19
538.639	4.77
538.834	4.53
539.03	5.09
539.225	5.08
539.421	4.73
539.616	4.78
539.812	4.6
540.007	5.08
540.203	4.98
540.398	4.55
540.593	4.79
540.789	5.37
540.984	5
541.18	4.97
541.375	4.85
541.57	5.11
541.766	5.04
541.961	4.8
542.156	5.28
542.352	5.21
542.547	4.84
542.742	4.98
542.937	5.13
543.133	5.23
543.328	5.14
543.523	4.85
543.718	4.81
543.913	5.09
544.108	4.77
544.304	5.17
544.499	5.2
544.694	4.83
544.889	5.38
545.084	5.42
545.279	5.41
545.474	5.27
545.669	4.89
545.864	4.6
546.059	4.96
546.254	5.21
546.449	5.17
546.644	4.73
546.839	5.24
547.034	5.3
547.229	5.67
547.424	5.31
547.618	5.8
547.813	5.39
548.008	5.41
548.203	5.16
548.398	5.1
548.593	5.8
548.787	5.67
548.982	5.17
549.177	5.29
549.372	5.36
549.566	5.68
549.761	5.64
549.956	5.38
550.15	5.52
550.345	5.38
550.54	5.73
550.734	5.48
550.929	5.64
551.124	5.57
551.318	5.47
551.513	5.77
551.707	5.83
551.902	5.47
552.096	5.97
552.291	5.86
552.485	5.85
552.68	6.03
552.874	5.96
553.069	6.26
553.263	6.01
553.458	5.93
553.652	5.86
553.847	5.61
554.041	6.17
554.235	5.87
554.43	6.01
554.624	6.05
554.818	5.85
555.013	5.86
555.207	6.13
555.401	6.26
555.595	6.25
555.79	5.79
555.984	6.26
556.178	6.05
556.372	6.03
556.566	6.14
556.761	5.56
556.955	6.12
557.149	5.94
557.343	6.14
557.537	6.42
557.731	6.39
557.925	6.15
558.119	6.07
558.313	6.41
558.507	6.11
558.701	6.43
558.895	6.54
559.089	6.66
559.283	6.56
559.477	6.56
559.671	6.63
559.865	6.85
560.059	6.57
560.253	6.5
560.447	6.63
560.641	6.53
560.835	6.85
561.028	6.63
561.222	6.54
561.416	6.64
561.61	6.47
561.804	6.59
561.997	6.77
562.191	6.92
562.385	6.77
562.579	6.45
562.772	6.82
562.966	6.88
563.16	6.69
563.353	6.54
563.547	6.56
563.741	6.62
563.934	6.93
564.128	6.92
564.321	7.2
564.515	7.31
564.708	7.02
564.902	6.78
565.095	6.88
565.289	6.94
565.482	7.43
565.676	7.13
565.869	7.21
566.063	7.57
566.256	7.25
566.45	6.83
566.643	7.34
566.836	7.2
567.03	7.63
567.223	7.53
567.416	7.54
567.61	7.49
567.803	7.57
567.996	7.44
568.19	7.32
568.383	7.52
568.576	7.27
568.769	7.56
568.963	7.48
569.156	7.51
569.349	7.54
569.542	7.68
569.735	7.3
569.928	7.58
570.121	7.53
570.315	7.87
570.508	7.75
570.701	7.76
570.894	7.92
571.087	7.72
571.28	7.76
571.473	7.81
571.666	7.92
571.859	7.78
572.052	7.55
572.245	8.31
572.438	7.83
572.631	7.49
572.824	7.98
573.016	7.78
573.209	8.17
573.402	8.11
573.595	8.14
573.788	8.44
573.981	8.17
574.173	7.98
574.366	8.16
574.559	8.17
574.752	8.1
574.944	8.15
575.137	7.86
575.33	8.26
575.523	8.6
575.715	7.91
575.908	8.26
576.101	8.34
576.293	8.27
576.486	8
576.678	8.39
576.871	8.17
577.063	8.6
577.256	8.32
577.449	8.57
577.641	8.34
577.834	8.25
578.026	8.5
578.219	8.12
578.411	8.83
578.603	9.09
578.796	8.71
578.988	8.17
579.181	8.47
579.373	8.4
579.565	8.82
579.758	8.97
579.95	8.78
580.142	8.17
580.335	9
580.527	8.78
580.719	8.63
580.912	8.33
581.104	9.16
581.296	8.77
581.488	9.25
581.68	8.81
581.873	9.25
582.065	8.89
582.257	9.15
582.449	8.97
582.641	8.82
582.833	8.39
583.025	8.84
583.217	9.27
583.41	9.24
583.602	8.92
583.794	9.18
583.986	9.44
584.178	9.39
584.37	9.37
584.562	8.89
584.753	9.36
584.945	9.32
585.137	9.43
585.329	9.54
585.521	9.8
585.713	9.52
585.905	9.49
586.097	9.12
586.289	9.39
586.48	9.26
586.672	9.66
586.864	9.28
587.056	9.49
587.247	9.58
587.439	9.7
587.631	9.86
587.823	9.8
588.014	9.56
588.206	9.62
588.398	9.5
588.589	10.25
588.781	9.25
588.972	9.99
589.164	10.05
589.356	9.91
589.547	9.9
589.739	9.43
589.93	10.33
590.122	9.94
590.313	10.05
590.505	10.02
590.696	9.99
590.888	9.88
591.079	9.66
591.271	10.35
591.462	10.21
591.653	10.28
591.845	10.37
592.036	10.05
592.227	9.86
592.419	9.88
592.61	10.03
592.801	10.16
592.993	10.3
593.184	10.65
593.375	10.42
593.566	10.81
593.758	9.95
593.949	10.36
594.14	10.17
594.331	10.69
594.522	10.37
594.713	10.43
594.905	10.03
595.096	10.99
595.287	10.85
595.478	10.72
595.669	10.91
595.86	10.78
596.051	10.94
596.242	10.94
596.433	10.64
596.624	11.04
596.815	10.67
597.006	10.83
597.197	10.92
597.388	10.69
597.579	11.33
597.77	11
597.96	10.96
598.151	10.9
598.342	10.71
598.533	11.23
598.724	11.43
598.915	11.3
599.105	11.09
599.296	10.76
599.487	11.36
599.678	11.19
599.868	12.18
600.059	11.42
600.25	11.38
600.44	11.13
600.631	11.38
600.822	11.2
601.012	11.44
601.203	11.54
601.394	11.19
601.584	11.49
601.775	11.28
601.965	11.69
602.156	10.82
602.346	11.7
602.537	11.53
602.727	11.84
602.918	11.36
603.108	11.91
603.299	11.47
603.489	12.79
603.679	11.56
603.87	11.89
604.06	12.22
604.251	12.01
604.441	11.84
604.631	11.86
604.822	12.07
605.012	12.08
605.202	11.96
605.392	11.66
605.583	12.07
605.773	12.46
605.963	12.38
606.153	11.71
606.344	11.83
606.534	12.45
606.724	12.46
606.914	12.64
607.104	12.2
607.294	12.95
607.484	12.23
607.674	11.89
607.864	12.67
608.054	13.04
608.245	12.18
608.435	12.83
608.625	12.85
608.814	12.85
609.004	12.44
609.194	12.28
609.384	12.54
609.574	12.72
609.764	12.64
609.954	12.88
610.144	13.16
610.334	12.63
610.524	12.45
610.713	12.53
610.903	12.58
611.093	12.78
611.283	13.24
611.473	12.48
611.662	13.17
611.852	12.7
612.042	12.27
612.231	12.82
612.421	12.93
612.611	13.01
612.8	13.25
612.99	12.9
613.18	12.51
613.369	12.92
613.559	13.53
613.748	13.4
613.938	13.31
614.128	12.8
614.317	13.35
614.507	13.83
614.696	13.35
614.886	13.76
615.075	12.99
615.264	13.12
615.454	14.12
615.643	13.91
615.833	13.65
616.022	13.52
616.211	13.96
616.401	13.33
616.59	13.82
616.779	13.58
616.969	13.2
617.158	13.29
617.347	14.39
617.537	13.71
617.726	13.38
617.915	13.37
618.104	13.4
618.293	13.95
618.483	13.27
618.672	14.32
618.861	14.28
619.05	14.53
619.239	13.54
619.428	14.45
619.617	14.38
619.806	13.38
619.995	13.63
620.184	14.19
620.373	14.16
620.562	13.48
620.751	13.96
620.94	13.83
621.129	13.7
621.318	14.08
621.507	14.14
621.696	14.41
621.885	14.32
622.074	14.17
622.263	13.94
622.452	14.29
622.64	14.65
622.829	14.19
623.018	14.68
623.207	14.56
623.396	14.62
623.584	14.44
623.773	14.37
623.962	14.71
624.15	15.02
624.339	14.51
624.528	14.55
624.716	14.33
624.905	14.39
625.094	14.26
625.282	14.45
625.471	14.8
625.659	14.14
625.848	14.56
626.037	14.96
626.225	14.85
626.414	14.97
626.602	15.12
626.791	14.47
626.979	15.19
627.167	14.38
627.356	15.34
627.544	14.43
627.733	15.79
627.921	14.86
628.109	15.98
628.298	14.28
628.486	14.8
628.674	15.66
628.863	15.62
629.051	16.52
629.239	15.83
629.428	14.68
629.616	15.43
629.804	16.21
629.992	14.9
630.18	15.11
630.369	15.45
630.557	15.32
630.745	15.96
630.933	15.44
631.121	15.7
631.309	14.9
631.497	15.99
631.685	14.9
631.873	15.03
632.061	14.49
632.249	15.83
632.437	16.21
632.625	15.18
632.813	15.95
633.001	16.35
633.189	15.53
633.377	15.89
633.565	15.45
633.753	15.06
633.941	15.1
634.129	15.62
634.316	15.78
634.504	16.34
634.692	16.4
634.88	15.67
635.068	15.84
635.255	15.86
635.443	16.76
635.631	15.76
635.818	16.67
636.006	16.1
636.194	15.74
636.382	15
636.569	15.05
636.757	16.33
636.944	16.31
637.132	16.4
637.32	16.53
637.507	16.38
637.695	15.83
637.882	15.66
638.07	17.05
638.257	15.09
638.445	15.96
638.632	16.78
638.82	16.06
639.007	15.32
639.194	16.9
639.382	16.52
639.569	16.11
639.757	16.84
639.944	15.21
640.131	16.69
640.319	16.1
640.506	17.69
640.693	17.25
640.88	16.39
641.068	15.81
641.255	16.4
641.442	15.7
641.629	16.34
641.817	17.09
642.004	16.92
642.191	17.1
642.378	17.27
642.565	16.36
642.752	17.42
642.939	15.96
643.126	16.7
643.313	16.57
643.501	16.56
643.688	17.37
643.875	16.27
644.062	15.95
644.249	15.95
644.435	17.09
644.622	16.2
644.809	16.68
644.996	16.34
645.183	15.73
645.37	17.35
645.557	17.07
645.744	15.83
645.931	15.85
646.117	16.41
646.304	16.85
646.491	15.8
646.678	17.33
646.865	17.83
647.051	15.79
647.238	16.91
647.425	16.28
647.611	16.76
647.798	16.75
647.985	16
648.171	17.88
648.358	17.16
648.545	16.52
648.731	16.45
648.918	17.41
649.104	16.78
649.291	16.87
649.477	16.89
649.664	16.62
649.85	16.49
650.037	17.48
650.223	16.91
650.41	16.98
650.596	16
650.783	16.75
650.969	16.19
651.155	17.52
651.342	16.87
651.528	17.9
651.714	17.75
651.901	17.61
652.087	17.49
652.273	16.35
652.46	17.43
652.646	16.51
652.832	16.54
653.018	17.69
653.204	18.47
653.391	17.43
653.577	16.74
653.763	17.52
653.949	17.38
654.135	18
654.321	18.8
654.507	17.75
654.693	17.83
654.879	17.06
655.065	16.69
655.252	16.07
655.438	17.73
655.624	17.53
655.809	16.04
655.995	16.93
656.181	16.3
656.367	17.6
656.553	17.63
656.739	17.43
656.925	19.17
657.111	18.12
657.297	18.39
657.482	18.56
657.668	19.3
657.854	17.42
658.04	16.44
658.226	16.78
658.411	17.36
658.597	18.41
658.783	18.29
658.968	17.3
659.154	16.79
659.34	18.17
659.525	17
659.711	17.34
659.897	16.44
660.082	17.5
660.268	16.88
660.453	18.13
660.639	18.23
660.824	18.23
661.01	17.12
661.195	16.56
661.381	16.28
661.566	17.87
661.752	16.91
661.937	18.02
662.123	16.03
662.308	18.4
662.494	17.75
662.679	16.43
662.864	17.46
663.05	18.14
663.235	18.56
663.42	16.91
663.605	17.3
663.791	17.62
663.976	16.6
664.161	19.7
664.346	15.52
664.532	15.63
664.717	16.49
664.902	17.94
665.087	18.44
665.272	18.38
665.457	16.73
665.642	15.39
665.828	17.74
666.013	18.28
666.198	15.27
666.383	18.17
666.568	16.4
666.753	18.57
666.938	18.72
667.123	17.9
667.308	17.08
667.493	17.01
667.677	16.35
667.862	17.4
668.047	17.24
668.232	16.22
668.417	18.53
668.602	17.21
668.787	17.75
668.971	16.39
669.156	17.96
669.341	15.97
669.526	17.93
669.711	19.64
669.895	16.1
670.08	16.41
670.265	17.03
670.449	16.68
670.634	16.33
670.819	18.45
671.003	17.64
671.188	18.14
671.372	17.62
671.557	18.72
671.742	18.32
671.926	17.62
672.111	17.49
672.295	16.4
672.48	16
672.664	16.84
672.849	14.29
673.033	17.22
673.217	19.41
673.402	17.82
673.586	16.04
673.771	17.67
673.955	17.97
674.139	18.61
674.324	17.1
674.508	15.66
674.692	17.97
674.876	15.53
675.061	17.36
675.245	20.23
675.429	18.16
675.613	17.57
675.798	18.65
675.982	18.27
676.166	16.19
676.35	17.9
676.534	20.22
676.718	17.52
676.902	21.82
677.087	16.3
677.271	14.68
677.455	20.04
677.639	14.06
677.823	18.01
678.007	19.92
678.191	18.44
678.375	18.8
678.559	19.68
678.742	16.94
678.926	19.61
679.11	21.64
679.294	20.53
679.478	17.73
679.662	19.64
679.846	20.86
680.029	20.8
680.213	18.78
680.397	18.49
680.581	19.82
680.765	17.97
680.948	19.11
681.132	18.98
681.316	18.28
681.499	20.44
681.683	22.78
681.867	21.56
682.05	25.15
682.234	19.47
682.417	24.8
682.601	20.95
682.785	22.94
682.968	23.85
683.152	20.83
683.335	25.8
683.519	20.01
683.702	21.01
683.886	20.59
684.069	23.7
684.253	27.01
684.436	24.96
684.619	23.12
684.803	24.49
684.986	23.07
685.169	23.64
685.353	23.69
685.536	21.15
685.719	23.58
685.903	21.84
686.086	23.18
686.269	24.76
686.452	20.9
686.636	24.74
686.819	21.16
687.002	28.02
687.185	25.89
687.368	25.09
687.551	25.19
687.734	25.25
687.918	25.64
688.101	23.35
688.284	25.8
688.467	24.59
688.65	24.9
688.833	25.72
689.016	26.79
689.199	21.77
689.382	24.97
689.565	25.47
689.748	22.98
689.93	22.41
690.113	28.03
690.296	26.25
690.479	25.95
690.662	25.59
690.845	19.22
691.028	21.42
691.21	24.79
691.393	26.95
691.576	30.29
691.759	21.16
691.941	29.94
692.124	26.71
692.307	26.19
692.489	25.26
692.672	23.18
692.855	25.16
693.037	26.24
693.22	29.3
693.403	25.92
693.585	25.72
693.768	28.67
693.95	28.81
694.133	32.86
694.315	29.24
694.498	27.45
694.68	21.7
694.863	27.98
695.045	28.46
695.228	30.97
695.41	28.25
695.592	27.46
695.775	27.62
695.957	33.77
696.139	26
696.322	30.03
696.504	31.27
696.686	26.83
696.869	24.24
697.051	31.07
697.233	28.84
697.415	31.65
697.597	25.28
697.78	27.92
697.962	27.34
698.144	34.55
698.326	27.07
698.508	25.16
698.69	22.85
698.872	23.69
699.055	31.01
699.237	28.92
699.419	26.3
699.601	27.12
699.783	27.81
699.965	24.42
700.147	27.06
700.329	30.12
700.51	28.31
700.692	29.16
700.874	24.75
701.056	30.68
701.238	25.8
701.42	33.88
701.602	28.51
701.783	31.65
701.965	30.41
702.147	38.13
702.329	28.37
702.511	29.07
702.692	31.63
702.874	24.44
703.056	25.82
703.237	27.27
703.419	31.82
703.601	29.68
703.782	32.58
703.964	30.73
704.146	29.04
704.327	30.06
704.509	39.96
704.69	26.02
704.872	28.13
705.053	27.84
705.235	32.11
705.416	19.97
705.598	26.13
705.779	27.45
705.961	30.13
706.142	31.84
706.323	33.38
706.505	30.62
706.686	32.29
706.867	23.46
707.049	26
707.23	30.95
707.411	28.41
707.593	29.91
707.774	28.73
707.955	30
708.136	29.93
708.318	29.28
708.499	32.09
708.68	25.21
708.861	26.6
709.042	30.32
709.223	25.45
709.404	21.93
709.585	25.79
709.767	30.42
709.948	25.06
710.129	28.35
710.31	23.21
710.491	28.13
710.672	29.39
710.853	27.91
711.034	35.46
711.214	26.99
711.395	23.7
711.576	21.83
711.757	31.15
711.938	31.72
712.119	29.49
712.3	34.08
712.481	19.68
712.661	23.36
712.842	30.33
713.023	29.68
713.204	24.66
713.384	22.48
713.565	28.2
713.746	25.99
713.926	21.91
714.107	26.51
714.288	21.81
714.468	28.7
714.649	32.54
714.83	24.6
715.01	34.54
715.191	20.47
715.371	26.78
715.552	32.67
715.732	36.67
715.913	25.89
716.093	34.94
716.274	31.55
716.454	27.23
716.635	35.72
716.815	23.72
716.995	20.94
717.176	33.25
717.356	31.99
717.536	29.94
717.717	28.07
717.897	23.52
718.077	24.67
718.258	25.84
718.438	31.96
718.618	30.15
718.798	38.65
718.978	32.52
719.159	25.08
719.339	39
719.519	25.88
719.699	36.94
719.879	23.98
720.059	17.18
720.239	18.57
720.419	46.64
720.599	14.17
720.779	46.09
720.959	30.5
721.139	20.87
721.319	29.92
721.499	26.71
721.679	16.37
721.859	28.19
722.039	26.98
722.219	41.73
722.399	21.16
722.579	34.7
722.759	23.59
722.938	31.51
723.118	26.41
723.298	14.42
723.478	22.16
723.658	33.53
723.837	30.16
724.017	25.97
724.197	14.63
724.376	18.63
724.556	28.4
724.736	25.68
724.915	20.75
725.095	29.17
725.275	23.18
725.454	45.53
725.634	23.17
725.813	18.54
725.993	28.99
726.172	31.87
726.352	30.23
726.531	18.44
726.711	44.2
726.89	29.85
727.07	44.48
727.249	36.05
727.428	42.48
727.608	11.18
727.787	35.18
727.966	34.22
728.146	22.39
728.325	40.92
728.504	37.39
728.684	14.62
728.863	34.37
729.042	20.07
729.221	-5.6
729.4	32.13
729.58	34.15
729.759	28.01
729.938	32.62
730.117	48.15
730.296	36.85
730.475	28.75
730.654	35.27
730.833	27.75
731.013	38.6
731.192	15.5
731.371	30.39
731.55	47.48
731.729	18.37
731.907	43.47
732.086	34.92
732.265	25.41
732.444	32.2
732.623	41.29
732.802	26.98
732.981	14.83
733.16	16.41
733.339	40.71
733.517	22.14
733.696	64.95
733.875	24.82
734.054	18.09
734.232	36.48
734.411	44.36
734.59	25.69
734.768	44.49
734.947	26.98
735.126	19.89
735.304	27.81
735.483	45.36
735.662	42.64
735.84	26.84
736.019	34.3
736.197	14.96
736.376	24.49
736.554	68.74
736.733	50.88
736.911	28.79
737.09	30.92
737.268	26.77
737.447	48.72
737.625	25.05
737.803	36.61
737.982	40.72
738.16	34.18
738.338	45.32
738.517	13.59
738.695	38.93
738.873	27.84
739.052	20.29
739.23	6.79
739.408	35.47
739.586	33.5
739.764	66.03
739.943	60.07
740.121	47.72
740.299	29.1
740.477	41.11
740.655	39.04
740.833	52.21
741.011	56.07
741.189	23.31
741.367	51.92
741.545	12.26
741.723	30.91
741.901	22.5
742.079	29.7
742.257	49.87
742.435	38.86
742.613	51.59
742.791	50.72
742.969	15.24
743.147	56.85
743.325	34.75
743.503	23.85
743.68	52.75
743.858	11.2
744.036	2.49
744.214	23.86
744.391	25.28
744.569	22.25
744.747	35.36
744.925	75.6
745.102	22.54
745.28	10.89
745.458	47.5
745.635	38.52
745.813	64.45
745.99	38.54
746.168	35.77
746.345	53.37
746.523	28.95
746.7	12.13
746.878	29
747.055	17.08
747.233	53.01
747.41	69.13
747.588	13.06
747.765	28.43
747.943	60.72
748.12	41.54
748.297	33.52
748.475	29.79
748.652	30.66
748.829	38.24
749.007	32.36
749.184	36.31
749.361	45.24
749.538	59.18
749.716	51.11
749.893	-1.82
750.07	45.52
750.247	58.04
750.424	28.62
750.601	72.48
750.778	26.62
750.956	15.04
751.133	-0.37
751.31	9.34
751.487	33.06
751.664	28.76
751.841	28.27
752.018	33.32
752.195	34.86
752.372	21.89
752.549	4.14
752.726	51.23
752.902	61.76
753.079	44.29
753.256	70.15
753.433	12.71
753.61	55.01
753.787	29.92
753.964	20.66
754.14	33.31
754.317	53.58
754.494	38.88
754.671	44.93
754.847	26.9
755.024	52.71
755.201	17.83
755.377	39.48
755.554	34.13
755.73	7.62
755.907	57.31
756.084	48.49
756.26	36.19
756.437	39.58
756.613	35.35
756.79	43.75
756.966	21.16
757.143	32.89
757.319	40.04
757.496	73.44
757.672	75.73
757.849	78.54
758.025	27.07
758.201	101.54
758.378	46.79
758.554	2.93
758.73	9.78
758.907	20.11
759.083	12.54
759.259	50.23
759.435	28.09
759.612	48.53
759.788	42.95
759.964	37.41
760.14	71.06
760.316	-38.09
760.493	54.69
760.669	41.58
760.845	6.97
761.021	-39.64
761.197	47.46
761.373	46.15
761.549	17.98
761.725	44.58
761.901	31.25
762.077	75.37
762.253	35.51
762.429	82.43
762.605	12.64
762.781	-13.03
762.957	34.78
763.133	18.72
763.308	45.53
763.484	30.94
763.66	96.56
763.836	28.63
764.012	7.95
764.187	-18.91
764.363	52.88
764.539	-7.53
764.715	25.07
764.89	22.42
765.066	9.48
765.242	64.96
765.417	-51.37
765.593	9.19
765.769	44.63
765.944	44.36
766.12	66.77
766.295	43.42
766.471	56.29
766.646	41.61
766.822	50.45
766.997	-9.08
767.173	53.02
767.348	86.83
767.524	-2.99
767.699	14.88
767.875	36.86
768.05	-8.56
768.225	65.12
768.401	2.93
768.576	92.23
768.751	72.43
768.927	-26.53
769.102	95.07
769.277	29.89
769.452	25.16
769.628	32.54
769.803	23.41
769.978	129.36
770.153	-31.58
770.328	29
770.503	50.79
770.679	75.75
770.854	-2.6
771.029	82.38
771.204	-107.28
771.379	22.85
771.554	27.06
771.729	36.8
771.904	-24.69
772.079	108.54
772.254	55.83
772.429	83.01
772.604	58.14
772.779	78.09
772.953	53.22
773.128	44.22
773.303	37.85
773.478	62.51
773.653	29.73
773.828	48.82
774.002	34.33
774.177	27.86
774.352	339.13
774.527	47.14
774.701	52.15
774.876	90.21
775.051	-35.29
775.225	224.71
775.4	62.02
775.575	15.41
775.749	-12.34
775.924	48.37
776.098	42.45
776.273	30.33
776.447	49.69
776.622	19.98
776.796	73.61
776.971	10.8
777.145	21.55
777.32	34.55
777.494	53.02
777.669	28.94
777.843	68.4
778.017	22.29
778.192	30.4
778.366	66.87
778.54	42.55
778.715	-11.85
778.889	144.42
779.063	70.87
779.237	17.99
779.412	-48.03
779.586	10.42
779.76	95.2
779.934	44.17
780.108	62.12
780.282	-814.93
780.457	2.89
780.631	-64.72
780.805	-43.44
780.979	-349.25
781.153	124.3
781.327	113.27
781.501	13.02
781.675	180.17
781.849	2.19
782.023	95.22
782.197	-31.48
782.371	99.43
782.545	-40.49
782.718	31.8
782.892	97.67
783.066	43.46
783.24	230.77
783.414	29.92
783.588	6.16
783.761	34.26
783.935	-105.24
784.109	69.58
784.283	-255.65
784.456	179.15
784.63	178.89
784.804	45.27
784.977	20.79
785.151	-25.79
785.324	41.93
785.498	5.37
785.672	12.85
785.845	113.39
786.019	25.59
786.192	305.96
786.366	45.54
786.539	-22.37
786.713	-96.46
786.886	13.28
787.06	92.45
787.233	-58.77
787.406	34
787.58	7.79
787.753	122.89
787.926	127.14
788.1	40.49
788.273	-350.94
788.446	-64.21
788.62	832.26
788.793	-138.28
788.966	45.77
789.139	28.73
789.313	-14.71
789.486	1628.57
789.659	99.43
789.832	81.85
790.005	118.02
790.178	-5.31
790.351	170.02
790.524	120
790.697	24.75
790.87	130.96
791.044	905.45
791.216	129.09
791.389	-247.06
791.562	159.52
791.735	113.92
791.908	163.64
792.081	-62.53
792.254	-112.09
792.427	-42.38
792.6	1.75
792.773	28.42
792.945	80.6
793.118	-34.24
793.291	441.76
793.464	-53.62
793.637	99.39
793.809	27.01
793.982	50.36
794.155	47.57
794.327	102.65
794.5	-175.38
794.673	-114.17
794.845	86.38
795.018	-63.96
795.19	128.09
795.363	91.88
795.536	121.06
795.708	-406.45
795.881	3720
796.053	44.21
796.226	284.57
796.398	297.69
796.57	71.27
796.743	-61.22
796.915	-4.5
797.088	298.79
797.26	-14.17
797.432	250.63
797.605	-3.21
797.777	-833.77
797.949	201.54
798.122	8.26
798.294	201.79
798.466	-188.57
798.638	43.26
798.81	218.03
798.983	569.62
799.155	57.18
799.327	-56.39
799.499	87.48
799.671	154.77
799.843	-62.23
800.015	-81.71
800.187	19.96
800.359	73.17
800.531	11.49
800.703	-6.97
800.875	-44.91
801.047	3.7
801.219	243.69
801.391	-179.22
801.563	194.24
801.735	17.59
801.907	-121.47
802.079	9.46
802.251	-98.9
802.422	184.25
802.594	-132.47
802.766	141.25
802.938	83.41
803.11	31.84
803.281	-11.92
803.453	78.93
803.625	49.09
803.796	44
803.968	6.79
804.14	49.26
804.311	27.24
804.483	67.12
804.654	92.38
804.826	-35.74
804.998	234.22
805.169	-85.71
805.341	14.4
805.512	63.35
805.684	190.97
805.855	117.8
806.026	673.85
806.198	187.73
806.369	37.01
806.541	52.87
806.712	132.02
806.883	119.35
807.055	61.68
807.226	273.99
807.397	-336.26
807.569	69.03
807.74	28.17
807.911	17.14
808.082	51.12
808.253	136.63
808.425	73.07
808.596	141.57
808.767	427.34
808.938	-116.07
809.109	-112.87
809.28	-201.9
809.451	74.33
809.622	189.3
809.793	-1025.81
809.964	-67.83
810.135	307.12
810.306	72.83
810.477	116.78
810.648	111.03
810.819	30.98
810.99	-13080
811.161	-24.54
811.332	132.97
811.503	51.43
811.674	230.77
811.844	-913.85
812.015	182.06
812.186	401.23
812.357	-28.33
812.527	60.83
812.698	-112.02
812.869	-124.53
813.04	45.1
813.21	2255.17
813.381	11.67
813.551	163.94
813.722	129.49
813.893	43.86
814.063	87.84
814.234	-316.36
814.404	71.27
814.575	6.1
814.745	79.65
814.916	95.62
815.086	49.26
815.257	-8.07
815.427	290.8
815.598	56.71
815.768	108.12
815.938	71.37
816.109	162.75
816.279	28.68
816.449	16.31
816.62	-915.79
816.79	156.37
816.96	-803.77
817.13	-6.84
817.301	-130.96
817.471	-98.18
817.641	261.35
817.811	48.18
817.981	-428.57
818.152	54.03
818.322	-207.92
818.492	169.68
818.662	269.26
818.832	54.42
819.002	11.81
819.172	343.77
819.342	183.82
819.512	77.16
819.682	99.84
819.852	6.92
820.022	86.47
820.192	-182.02
820.362	-102.44
820.531	95.77
820.701	141.69
820.871	-42.71
821.041	-181.9
821.211	-26.49
821.381	-22.44
821.55	135.32
821.72	-181.4
821.89	-286.15
822.059	157.11
822.229	44.89
822.399	-24.22
822.568	-16.93
822.738	-1009.76
822.908	364.42
823.077	86.35
823.247	33.84
823.416	1800
823.586	227.81
823.756	207.89
823.925	372.15
824.095	1325.58
824.264	-207.17
824.433	164.6
824.603	86.04
824.772	-37.6
824.942	-326.58
825.111	-3.02
825.28	-108.07
825.45	-297.39
825.619	316.77
825.788	-235.96
825.958	-21.8
826.127	-129.78
826.296	48.86
826.465	165.18
826.635	85.2
826.804	122.62
826.973	24.35
827.142	22.98
827.311	213.42
827.48	36.63
827.649	43.26
827.818	127.56
827.988	-168
828.157	-39.5
828.326	154.38
828.495	-56.09
828.664	151.75
828.833	116.61
829.002	-160.25
829.17	-148.99
829.339	-99.5
829.508	-55.87
829.677	505.62
829.846	79.09
830.015	8.45
830.184	-8.84
830.352	13.68
830.521	125.18
830.69	-160.98
830.859	-741.18
831.027	-1926.32
831.196	122.68
831.365	64.1
831.533	81.37
831.702	-250.2
831.871	125.78
832.039	194.17
832.208	-349.57
832.377	-118.11
832.545	-128.02
832.714	81.42
832.882	-16.22
833.051	194.5
833.219	-942.86
833.388	82.53
833.556	124.2
833.724	99.65
833.893	-30.06
834.061	-1042.11
834.23	168.81
834.398	76.45
834.566	-163.64
834.735	12085.71
834.903	803.77
835.071	-1320
835.239	-84.59
835.408	127.69
835.576	1465.12
835.744	99.74
835.912	94.74
836.08	114.64
836.249	-260.38
836.417	420.32
836.585	110.57
836.753	109.54
836.921	171.89
837.089	771.43
837.257	-348.84
837.425	-17.87
837.593	-82.29
837.761	116.63
837.929	-64.5
838.097	129.16
838.265	65.47
838.433	5.9
838.601	84.35
838.769	584.81
838.936	532.58
839.104	67.03
839.272	59.54
839.44	88.65
839.608	-1565.85
839.775	83.75
839.943	113.44
840.111	48.22
840.279	57.41
840.446	-8.96
840.614	163.64
840.781	-46.96
840.949	68.26
841.117	-67.87
841.284	-115.88
841.452	-354.04
841.619	32.76
841.787	-33.21
841.954	795.35
842.122	107.51
842.289	128.64
842.457	15.3
842.624	15.03
842.792	-249.64
842.959	65.14
843.126	82.82
843.294	136.78
843.461	48.94
843.629	-340.8
843.796	66.09
843.963	-203.11
844.13	-96.34
844.298	136.68
844.465	29.74
844.632	167.7
844.799	171.86
844.966	186.38
845.134	76.89
845.301	19.4
845.468	154.97
845.635	95.41
845.802	89.36
845.969	35.29
846.136	1.2
846.303	-347.37
846.47	50.33
846.637	156.92
846.804	1926.32
846.971	-84.59
847.138	229.34
847.305	143.36
847.472	63.83
847.639	32.32
847.805	173.47
847.972	101.3
848.139	-54.08
848.306	-1042.11
848.473	259.7
848.639	11.09
848.806	-168
848.973	106.69
849.14	111.67
849.306	-29.6
849.473	-35.76
849.64	120
849.806	60.29
849.973	126.49
850.139	11.92
850.306	40.41
850.472	236.9
850.639	96.39
850.806	1231.58
850.972	36.52
851.139	4885.71
851.305	44.82
851.471	49.11
851.638	268.71
851.804	295.52
851.971	-43.9
852.137	8.06
852.303	114.89
852.47	67.51
852.636	140.67
852.802	99.21
852.968	12.77
853.135	9.14
853.301	-100.58
853.467	76.72
853.633	95.53
853.8	20.42
853.966	-27.41
854.132	-1285.71
854.298	4.38
854.464	74.16
854.63	87.73
854.796	262.37
854.962	254.68
855.128	38.68
855.294	-92.78
855.46	-72.14
855.626	102.73
855.792	-113.51
855.958	180.58
856.124	158.28
856.29	99.34
856.456	53.59
856.622	-7.66
856.787	210.39
856.953	3.36
857.119	-160.4
857.285	213.27
857.45	10.6
857.616	38.56
857.782	-161.13
857.948	103.45
858.113	-96.25
858.279	94.42
858.445	80.31
858.61	1074.42
858.776	391.09
858.941	469.31
859.107	-0.7
859.273	86.12
859.438	86.35
859.604	-1610.53
859.769	344.88
859.935	-766.34
860.1	103.83
860.265	66.52
860.431	530.94
860.596	8485.71
860.762	113.7
860.927	134.28
861.092	75.15
861.258	-147.88
861.423	294.21
861.588	233.75
861.753	3685.71
861.919	622.64
862.084	155.91
862.249	246.1
862.414	141.3
862.579	100.51
862.745	90.31
862.91	205.9
863.075	17.59
863.24	-8.25
863.405	-9.05
863.57	-29.32
863.735	27.36
863.9	-79.65
864.065	56.15
864.23	87.07
864.395	181.49
864.56	-34.44
864.725	-265.82
864.89	397.75
865.055	-82.53
865.22	-112.63
865.384	-47.19
865.549	-250.49
865.714	-46.37
865.879	5.9
866.044	29.51
866.208	120.6
866.373	191.21
866.538	63.23
866.702	13.77
866.867	81.2
867.032	35.29
867.196	43.53
867.361	14.4
867.526	-136.48
867.69	-24.66
867.855	349.45
868.019	949.09
868.184	18.09
868.348	227.3
868.513	-1606.45
868.677	170.43
868.842	-6.36
869.006	113.88
869.17	-849.06
869.335	-1565.85
869.499	-390.29
869.663	441.06
869.828	-46.15
869.992	1325.58
870.156	6.3
870.321	29.91
870.485	6.65
870.649	121.9
870.813	2.21
870.978	257.87
871.142	-1301.54
871.306	-48.34
871.47	267.15
871.634	212.6
871.798	137.89
871.962	91.57
872.126	2485.71
872.29	-85.71
872.454	7114.29
872.618	94.74
872.782	-8.96
872.946	189.26
873.11	214.07
873.274	-246.24
873.438	529.41
873.602	-80.74
873.766	38.96
873.93	-60.82
874.094	-87.64
874.257	-1.59
874.421	246.24
874.585	381.82
874.749	134.59
874.912	125.18
875.076	19.35
875.24	135.74
875.403	198.63
875.567	284.57
875.731	-155.06
875.894	-85.71
876.058	14.35
876.222	-195.51
876.385	69.35
876.549	124.96
876.712	294.55
876.876	104.45
877.039	164.48
877.203	7.03
877.366	58.37
877.529	65.72
877.693	119.04
877.856	37.81
878.02	-55.44
878.183	-110.97
878.346	553.25
878.51	196.46
878.673	21.58
878.836	-5.68
878.999	-212.9
879.163	91.33
879.326	59.85
879.489	273.02
879.652	43.31
879.815	86.21
879.978	-17.14
880.142	-116.78
880.305	190.06
880.468	44.82
880.631	93.9
880.794	24.73
880.957	131.71
881.12	458.82
881.283	-29.6
881.446	-3.29
881.609	133.81
881.772	103.58
881.935	-105.88
882.097	164.19
882.26	-260.38
882.423	99.5
882.586	161.62
882.749	159.18
882.912	-92.02
883.074	66.46
883.237	118.44
883.4	-7.96
883.562	97.02
883.725	-427.2
883.888	146.46
884.05	-9960
884.213	46.15
884.376	81.86
884.538	36.02
884.701	36.02
884.863	36.02
