181.954	78.54
182.172	78.54
182.39	78.54
182.608	2360
182.826	186.81
183.043	-14.47
183.261	59.4
183.479	69.79
183.697	3729.41
183.914	-13.77
184.132	161.5
184.35	339.91
184.567	132.39
184.785	-171.68
185.003	14.91
185.22	138.2
185.438	119.39
185.656	-11.06
185.873	-40
186.091	61.67
186.309	200
186.526	31.67
186.744	-16.93
186.961	79.73
187.179	-21.8
187.396	92.16
187.614	-520
187.831	-6760
188.049	361.96
188.266	48.14
188.484	-301.49
188.701	-231.07
188.919	68.77
189.136	152.12
189.354	107.34
189.571	-101.42
189.789	88.25
190.006	29.4
190.223	-137.3
190.441	76.49
190.658	-6485.71
190.876	95.79
191.093	-129.67
191.31	92.59
191.528	104.45
191.745	46.09
191.962	125.14
192.179	113.44
192.397	-28.34
192.614	358.75
192.831	11.39
193.049	-11.09
193.266	421.36
193.483	6.79
193.7	-76.92
193.917	182.45
194.135	588.49
194.352	70.27
194.569	1.36
194.786	127.43
195.003	51.05
195.221	-2.84
195.438	238.16
195.655	103.52
195.872	69.83
196.089	80.21
196.306	-7.16
196.523	0.63
196.74	190.2
196.957	-20.94
197.174	-293.4
197.391	106.07
197.608	22.04
197.825	-109.68
198.042	53.57
198.259	-1537.93
198.476	163.53
198.693	-2920
198.91	4.29
199.127	576.12
199.344	-23.48
199.561	151.45
199.778	88.72
199.995	110.45
200.212	-420.69
200.429	-10.43
200.646	215.19
200.862	253.93
201.079	17.11
201.296	478.15
201.513	1.94
201.73	208.86
201.947	176.18
202.163	70.14
202.38	-15.03
202.597	257.75
202.814	155.25
203.03	-1480
203.247	-53.27
203.464	158.7
203.681	-111.69
203.897	-43.8
204.114	-547.17
204.331	60.84
204.547	1093.02
204.764	145.16
204.981	200
205.197	57.02
205.414	33.16
205.63	324.14
205.847	121.61
206.064	243.64
206.28	72.48
206.497	-26.3
206.713	240.88
206.93	-94.14
207.146	77.35
207.363	144.62
207.579	-551.65
207.796	-246.02
208.012	-112.33
208.229	-104.48
208.445	33.24
208.662	64.87
208.878	124.84
209.095	-2129.41
209.311	33.3
209.528	10828.57
209.744	65.64
209.96	200
210.177	-67.96
210.393	44.84
210.609	1880
210.826	82.21
211.042	513.04
211.258	1292.54
211.475	-88.77
211.691	13.17
211.907	367.09
212.124	-61.16
212.34	337.14
212.556	112.88
212.772	-353.85
212.989	41.06
213.205	133.58
213.421	-210.05
213.637	271.64
213.853	-220.23
214.069	1336.84
214.286	133.53
214.502	-14.93
214.718	-112.23
214.934	108.22
215.15	160.66
215.366	42.67
215.582	221.2
215.798	75.28
216.015	56.45
216.231	284.32
216.447	43.8
216.663	110.67
216.879	-155.78
217.095	55.03
217.311	-841.51
217.527	162.58
217.743	-33.01
217.959	-977.36
218.175	11.85
218.391	165.47
218.606	-67.43
218.822	-321.74
219.038	1.07
219.254	104
219.47	161.29
219.686	65.17
219.902	69.36
220.118	45.59
220.334	35.16
220.549	31.63
220.765	-52.78
220.981	44.51
221.197	-13.18
221.413	-248.35
221.628	-225.32
221.844	-388.68
222.06	60.19
222.276	8.58
222.491	44.48
222.707	-138.36
222.923	-283.22
223.139	-82.35
223.354	-11.41
223.57	-177.95
223.786	2.76
224.001	28.57
224.217	126.53
224.432	179.19
224.648	168.9
224.864	75.66
225.079	200
225.295	-41.19
225.51	271.35
225.726	-5.83
225.942	147.34
226.157	37.72
226.373	169.36
226.588	15.58
226.804	-2452.63
227.019	-35.18
227.235	51.21
227.45	64.65
227.665	10040
227.881	-83.46
228.096	-394.78
228.312	116.63
228.527	34.02
228.743	158.86
228.958	21.57
229.173	-321.74
229.389	22.95
229.604	22.98
229.819	-130.25
230.035	85.51
230.25	-30.9
230.465	159.15
230.681	-77.52
230.896	87.85
231.111	57.6
231.327	27.57
231.542	-520
231.757	-18.59
231.972	-33.22
232.187	220.43
232.403	-1821.05
232.618	-84.75
232.833	48.23
233.048	221.82
233.263	82.98
233.478	210.43
233.694	60.47
233.909	-225.81
234.124	27.46
234.339	19.18
234.554	-6.9
234.769	9.63
234.984	6.28
235.199	143.78
235.414	-500.88
235.629	200
235.844	-27.55
236.059	82.86
236.274	123.87
236.489	23.2
236.704	76.8
236.919	154.52
237.134	53.85
237.349	-0.59
237.564	34.17
237.779	-56.46
237.994	21.28
238.209	169.57
238.424	111.66
238.639	20.84
238.853	31.45
239.068	76.74
239.283	4.23
239.498	82.85
239.713	98.92
239.928	13.2
240.142	-18.18
240.357	-35.42
240.572	7.32
240.787	43.05
241.001	11.06
241.216	36.53
241.431	46.26
241.646	95.65
241.86	-112.11
242.075	-1446.51
242.29	6.8
242.504	13.56
242.719	50.93
242.934	-130.71
243.148	60.59
243.363	-5.01
243.577	200
243.792	190.28
244.007	35.11
244.221	-2.6
244.436	289.55
244.65	-153.37
244.865	148.82
245.079	65.47
245.294	-205.76
245.508	-40.53
245.723	108.73
245.937	68.13
246.152	32.44
246.366	74.44
246.581	-33.99
246.795	-234.36
247.01	60.69
247.224	-1.31
247.438	0.47
247.653	41.77
247.867	41.13
248.081	113.76
248.296	-1175.61
248.51	91.83
248.724	89.41
248.939	253.73
249.153	-10.61
249.367	118.58
249.582	75.75
249.796	-267.53
250.01	223.84
250.224	143.78
250.439	64.79
250.653	28.57
250.867	39.45
251.081	-61.61
251.295	52.57
251.51	368.51
251.724	1.44
251.938	106.32
252.152	-115.33
252.366	-35.35
252.58	-258.18
252.794	92.83
253.008	88.74
253.223	29.71
253.437	147.34
253.651	-1.16
253.865	135.76
254.079	23.33
254.293	67.74
254.507	658.18
254.721	95.78
254.935	476.92
255.149	123.89
255.363	182.93
255.577	208.05
255.791	143.05
256.005	244.17
256.218	-6.9
256.432	49.62
256.646	14.75
256.86	54.65
257.074	70.68
257.288	10280
257.502	753.85
257.716	64.87
257.929	87.61
258.143	1.88
258.357	157.6
258.571	164.58
258.785	-88.83
258.998	133.44
259.212	103.69
259.426	-144.39
259.64	101.11
259.853	-6.9
260.067	124.12
260.281	92.34
260.494	-8.19
260.708	57.43
260.922	101.44
261.135	82.22
261.349	22.52
261.563	147.95
261.776	270.59
261.99	90.72
262.203	-22.83
262.417	-101.06
262.63	-64.41
262.844	280.9
263.058	187.8
263.271	58.62
263.485	184.65
263.698	102.13
263.912	-111.49
264.125	-50.11
264.339	96.06
264.552	4.23
264.765	-186.09
264.979	139.81
265.192	177.11
265.406	-92.87
265.619	26.89
265.832	51.6
266.046	29.53
266.259	77.97
266.473	-32.26
266.686	101.2
266.899	148.06
267.113	3080
267.326	0.71
267.539	75.45
267.752	86.14
267.966	79.84
268.179	231
268.392	19.26
268.605	-83.46
268.819	131.02
269.032	370.62
269.245	735.38
269.458	111.44
269.671	184.81
269.885	181.37
270.098	-46.82
270.311	17.72
270.524	5.8
270.737	86.45
270.95	215.89
271.163	114.96
271.376	1283.87
271.589	-179.75
271.802	50.65
272.016	94.46
272.229	116.32
272.442	131.98
272.655	98.92
272.868	-85.1
273.081	92.13
273.294	71.48
273.506	170.32
273.719	-5.83
273.932	24.05
274.145	-13240
274.358	32.19
274.571	107.23
274.784	200
274.997	65.73
275.21	-23.65
275.423	-4.21
275.635	115.58
275.848	25.95
276.061	64.9
276.274	153.96
276.487	85.22
276.699	0.5
276.912	135.55
277.125	77.45
277.338	-5.95
277.55	8.09
277.763	32.29
277.976	173.55
278.189	81.32
278.401	82.75
278.614	-251.2
278.827	29.03
279.039	34.37
279.252	174.62
279.464	77.24
279.677	110.82
279.89	51.31
280.102	-204.02
280.315	287.8
280.527	73.68
280.74	-296.55
280.952	40.96
281.165	-1.45
281.377	167.88
281.59	-18.18
281.802	-20.41
282.015	40.96
282.227	136.59
282.44	493.53
282.652	240.45
282.865	46.45
283.077	228.92
283.29	140.5
283.502	58.45
283.714	239.81
283.927	-48.28
284.139	-351.07
284.351	6.65
284.564	238.5
284.776	-54.96
284.988	77.03
285.201	970.15
285.413	116.14
285.625	31.35
285.838	42.44
286.05	82.48
286.262	-16.97
286.474	116.62
286.686	29.5
286.899	-214.35
287.111	44.71
287.323	12.67
287.535	128.71
287.747	40.28
287.959	-21.81
288.172	440
288.384	-15.25
288.596	-7.74
288.808	1535.85
289.02	-298.11
289.232	33.25
289.444	14.75
289.656	-34.53
289.868	21.17
290.08	-35.58
290.292	-9.36
290.504	48.74
290.716	72.61
290.928	78.06
291.14	1623.26
291.352	34.19
291.564	341.18
291.776	185.22
291.988	-131.29
292.2	-169.67
292.412	-234.59
292.624	-126.56
292.835	611.94
293.047	60.38
293.259	-44.51
293.471	-256.11
293.683	-4.88
293.895	48.69
294.106	-11.59
294.318	61.61
294.53	72.88
294.742	1772.41
294.953	98.15
295.165	43.54
295.377	85.61
295.589	-5.95
295.8	76.8
296.012	69.52
296.224	74.44
296.435	192.79
296.647	-83.39
296.858	294.96
297.07	329.23
297.282	30.21
297.493	126.08
297.705	-88
297.916	5.41
298.128	85.56
298.34	88.83
298.551	50.79
298.763	83.37
298.974	68.78
299.186	16.81
299.397	-27.41
299.609	1012.9
299.82	44.71
300.031	82.25
300.243	515.79
300.454	332.52
300.666	25.03
300.877	103.32
301.089	-70.64
301.3	-16.18
301.511	26.18
301.723	29.71
301.934	1167.16
302.145	-6.65
302.357	40.23
302.568	84.8
302.779	30.94
302.99	178.48
303.202	85.59
303.413	-6.65
303.624	25.08
303.835	-388.68
304.047	-23.48
304.258	86.89
304.469	27.34
304.68	-92.34
304.891	-23.5
305.103	-101.16
305.314	157.31
305.525	6371.43
305.736	530.71
305.947	49.83
306.158	1964.71
306.369	83.79
306.58	122.46
306.791	93.77
307.002	-13.29
307.213	-1.96
307.424	200
307.636	118.26
307.846	68.34
308.057	421.36
308.268	4.12
308.479	49.69
308.69	44.84
308.901	68.56
309.112	-302.33
309.323	98.89
309.534	181.47
309.745	31.55
309.956	-44.76
310.167	-25.88
310.377	-40.62
310.588	6.45
310.799	-67.21
311.01	8.66
311.221	63.85
311.432	19.3
311.642	-32.42
311.853	-34.3
312.064	820.69
312.275	164.31
312.485	-22.65
312.696	53.77
312.907	248.24
313.117	76
313.328	-138.15
313.539	-33.25
313.749	71.96
313.96	-274.73
314.171	85.66
314.381	80.19
314.592	-37.98
314.802	46.6
315.013	-51.77
315.224	-6.51
315.434	-1126.32
315.645	-7480
315.855	3.81
316.066	186.52
316.276	191.52
316.487	-882.93
316.697	67.29
316.908	20.56
317.118	-79.15
317.329	216.4
317.539	48.19
317.749	297.85
317.96	-695.52
318.17	23.76
318.381	186.81
318.591	-129.67
318.801	45.44
319.012	81.27
319.222	363.11
319.432	-35.24
319.643	88.05
319.853	108.52
320.063	66.48
320.273	-3.42
320.484	-50.55
320.694	-5.71
320.904	45.42
321.114	51.69
321.325	779.31
321.535	143.13
321.745	121.99
321.955	88.34
322.165	69.49
322.375	45.33
322.585	641.72
322.796	-131.03
323.006	125.63
323.216	182.24
323.426	66
323.636	22.01
323.846	158.62
324.056	57.36
324.266	30.14
324.476	44.76
324.686	329.73
324.896	78.21
325.106	64.15
325.316	87.8
325.526	-621.05
325.736	68.87
325.946	30.84
326.156	698.7
326.366	-206.96
326.576	30.41
326.785	91.46
326.995	84.42
327.205	85.43
327.415	248.81
327.625	217.52
327.835	-3.55
328.044	85.43
328.254	168.7
328.464	115.19
328.674	192.02
328.884	105.04
329.093	264.17
329.303	36.23
329.513	-1.24
329.722	-1631.58
329.932	103.4
330.142	-14.5
330.351	60.03
330.561	90.91
330.771	-34.69
330.98	0.54
331.19	-150.77
331.4	4.95
331.609	100.64
331.819	-209.76
332.028	-307.43
332.238	118.64
332.447	137.47
332.657	93.37
332.866	110.1
333.076	57.29
333.285	90.55
333.495	-32.26
333.704	-155.16
333.914	82.71
334.123	37.66
334.333	70.77
334.542	65.94
334.752	476.92
334.961	-320.75
335.17	-89.45
335.38	-45.23
335.589	119.34
335.798	96.51
336.008	-261.54
336.217	57.02
336.426	56.95
336.636	16.17
336.845	81.69
337.054	-361.04
337.263	-39.21
337.473	21.89
337.682	211.73
337.891	84.41
338.1	450.36
338.309	-171.53
338.519	202.73
338.728	22.44
338.937	-206.3
339.146	217.27
339.355	-592.45
339.564	578.95
339.773	49.25
339.983	-146.74
340.192	-300.87
340.401	141.14
340.61	59.02
340.819	74.96
341.028	-0.66
341.237	129.41
341.446	0.37
341.655	71.96
341.864	12.32
342.073	78.29
342.282	-40
342.491	90.31
342.699	130.1
342.908	137.66
343.117	124.01
343.326	214.57
343.535	-105.45
343.744	-173.77
343.953	234.29
344.162	23.03
344.37	5.24
344.579	38.81
344.788	-39.39
344.997	33.41
345.206	129.64
345.414	58.69
345.623	107.01
345.832	-22.01
346.041	53.81
346.249	2.35
346.458	82.33
346.667	75.39
346.875	110.42
347.084	2.24
347.293	111.88
347.501	46.45
347.71	16.28
347.918	-52.4
348.127	173.63
348.336	-157.62
348.544	180.29
348.753	-32.84
348.961	32.56
349.17	246.33
349.378	48.84
349.587	80.89
349.795	-137.86
350.004	403.08
350.212	76
350.421	189.38
350.629	109.37
350.838	50.59
351.046	47.38
351.254	37.09
351.463	-1.53
351.671	-368.42
351.879	162.41
352.088	121.22
352.296	-299.12
352.504	131.9
352.713	78.54
352.921	-55.12
353.129	54.62
353.338	133.53
353.546	-37.81
353.754	-50.31
353.962	-12.55
354.171	63.99
354.379	-1757.89
354.587	63.1
354.795	98.37
355.003	13.63
355.212	120.24
355.42	539.62
355.628	147.95
355.836	102.37
356.044	105.93
356.252	57.51
356.46	17.11
356.668	587.69
356.876	33.29
357.084	119.39
357.292	112.52
357.5	-61.9
357.708	72.38
357.916	75.75
358.124	130.03
358.332	2.99
358.54	90.91
358.748	371.43
358.956	26.35
359.164	110.31
359.372	100.8
359.58	122.3
359.788	56.72
359.996	49.62
360.203	8.53
360.411	104
360.619	151.76
360.827	48.88
361.035	126.38
361.242	108.5
361.45	564.56
361.658	29.38
361.866	13.83
362.073	301.77
362.281	21.24
362.489	-16.77
362.697	85.19
362.904	-6.65
363.112	129.41
363.32	43.48
363.527	116.52
363.735	-166.02
363.943	3.3
364.15	-3.53
364.358	22.04
364.565	15.98
364.773	62.93
364.98	-28.98
365.188	26.35
365.395	235.73
365.603	-11.53
365.81	65.05
366.018	29.4
366.225	73.85
366.433	-35.24
366.64	106.01
366.848	57.11
367.055	83.39
367.263	34.62
367.47	76.33
367.677	275.95
367.885	-4.88
368.092	122.03
368.299	-16.34
368.507	129.69
368.714	454.87
368.921	-55.12
369.129	122.8
369.336	49.76
369.543	23.76
369.751	1.86
369.958	-160.54
370.165	59.16
370.372	-36.81
370.579	101.79
370.787	103.88
370.994	266.89
371.201	82.29
371.408	112.73
371.615	61.9
371.822	107.06
372.029	106.44
372.237	49.14
372.444	24.86
372.651	87.56
372.858	-0.59
373.065	57.63
373.272	-116.11
373.479	-6.9
373.686	393.36
373.893	234.95
374.1	90.91
374.307	-58.99
374.514	83.4
374.721	-4.19
374.928	153.25
375.135	-20.24
375.341	-5080
375.548	-39.06
375.755	32.07
375.962	21.8
376.169	51.05
376.376	73.68
376.583	122.84
376.789	96.04
376.996	89.63
377.203	-71.74
377.41	0.34
377.617	22.1
377.823	90.91
378.03	432.26
378.237	34.91
378.443	131.43
378.65	18.87
378.857	111.44
379.063	427.85
379.27	-144.35
379.477	294.82
379.683	-45.23
379.89	-29.06
380.097	-27.79
380.303	65.92
380.51	-1.53
380.716	35.26
380.923	407.87
381.129	85.13
381.336	228.35
381.542	76.95
381.749	51.96
381.955	131.08
382.162	14.83
382.368	28.94
382.575	-8.06
382.781	-89.66
382.988	-118.93
383.194	-3.85
383.4	-26.13
383.607	89.81
383.813	45.02
384.02	9.89
384.226	-40.75
384.432	13.53
384.639	53.5
384.845	443.04
385.051	-54
385.257	22.78
385.464	55.68
385.67	86.97
385.876	-28.08
386.082	-40
386.289	17.24
386.495	4.62
386.701	-18.89
386.907	40.41
387.113	52.54
387.319	18.43
387.526	47.56
387.732	-149.61
387.938	-11.2
388.144	283.48
388.35	44.57
388.556	118.7
388.762	102.24
388.968	1316.28
389.174	27.28
389.38	3.02
389.586	-28.05
389.792	16.79
389.998	-92.87
390.204	-27.41
390.41	68.33
390.616	56.45
390.822	38.5
391.028	53.57
391.234	58.23
391.439	-557.28
391.645	51.38
391.851	90.6
392.057	-8.8
392.263	74.38
392.469	-63.25
392.674	-32.93
392.88	39.39
393.086	-1.2
393.292	-12.8
393.498	-97.55
393.703	69.76
393.909	59.8
394.115	78.81
394.32	54.32
394.526	11.22
394.732	43.35
394.937	86.81
395.143	49.39
395.349	104.1
395.554	-89.45
395.76	40.55
395.965	0.25
396.171	-4.32
396.377	52.05
396.582	50.46
396.788	2
396.993	68.77
397.199	55.87
397.404	53.01
397.61	91.86
397.815	-16.52
398.021	-38.7
398.226	26.25
398.431	27.72
398.637	16.76
398.842	32.48
399.048	57.8
399.253	48.77
399.458	35.35
399.664	11.7
399.869	39.26
400.074	27.98
400.28	14.7
400.485	-7.71
400.69	17.78
400.896	20.04
401.101	-6.44
401.306	33.06
401.511	23.63
401.716	-3.17
401.922	17.65
402.127	11.11
402.332	-6.28
402.537	0.79
402.742	35.01
402.947	87.76
403.153	-14.75
403.358	9.48
403.563	7.6
403.768	43.25
403.973	41.63
404.178	2.43
404.383	18.17
404.588	28.47
404.793	37
404.998	15.28
405.203	-3.48
405.408	4.64
405.613	14.74
405.818	24.52
406.023	15.8
406.228	1.93
406.433	-4.44
406.638	11.89
406.842	15.13
407.047	3.28
407.252	10.64
407.457	23.26
407.662	10.13
407.867	13.81
408.071	12.17
408.276	12.52
408.481	20.82
408.686	18.62
408.891	20.83
409.095	16.42
409.3	9.69
409.505	7.32
409.709	2.38
409.914	16.22
410.119	12.37
410.323	4.86
410.528	9.45
410.733	13.16
410.937	8.13
411.142	9.7
411.346	10.43
411.551	7.94
411.756	7.8
411.96	11.33
412.165	5.55
412.369	4.69
412.574	4.97
412.778	5.79
412.983	10.86
413.187	9.08
413.392	5.97
413.596	9.1
413.8	14.3
414.005	9.45
414.209	10.06
414.414	6
414.618	3.34
414.822	11.27
415.027	8.69
415.231	7.27
415.435	7.83
415.64	7.85
415.844	5.11
416.048	7.39
416.252	6.12
416.457	9
416.661	6.29
416.865	6.96
417.069	6.68
417.274	7.6
417.478	7.19
417.682	6.72
417.886	4.97
418.09	6.98
418.294	6.61
418.498	7.38
418.702	7.66
418.907	5.48
419.111	7.06
419.315	7.33
419.519	7.63
419.723	4.39
419.927	4.98
420.131	8.7
420.335	5.98
420.539	5.05
420.743	8.09
420.947	3.39
421.151	5.88
421.355	5.69
421.558	7.24
421.762	5.46
421.966	5.26
422.17	5.75
422.374	6.35
422.578	5.74
422.782	5.69
422.985	5.42
423.189	6.31
423.393	5.77
423.597	5.36
423.801	6.49
424.004	5.83
424.208	5.42
424.412	5.71
424.615	5.33
424.819	6.28
425.023	6.67
425.226	6.11
425.43	5.8
425.634	5.89
425.837	4.9
426.041	4.96
426.245	5.71
426.448	5.43
426.652	5.8
426.855	5.08
427.059	4.74
427.262	5.69
427.466	4.97
427.669	4.9
427.873	5.31
428.076	4.94
428.28	4.77
428.483	5.35
428.687	4.77
428.89	5.08
429.094	4.46
429.297	5.11
429.5	5.67
429.704	4.36
429.907	5.52
430.11	5.06
430.314	5.36
430.517	4.94
430.72	5.35
430.924	5.14
431.127	5.07
431.33	4.7
431.533	4.82
431.737	5.04
431.94	5.28
432.143	5.15
432.346	4.54
432.549	5.02
432.752	4.33
432.956	4.93
433.159	3.79
433.362	4.59
433.565	4.47
433.768	4.92
433.971	4.24
434.174	4.92
434.377	5.19
434.58	4.46
434.783	3.91
434.986	5.09
435.189	5.23
435.392	4.57
435.595	5.04
435.798	5.52
436.001	5.31
436.204	4.71
436.407	4.66
436.61	4.76
436.813	4.94
437.016	4.89
437.219	4.53
437.421	4.76
437.624	4.68
437.827	4.29
438.03	4.56
438.233	4.1
438.435	4.59
438.638	5.2
438.841	4.63
439.044	4.37
439.246	4.55
439.449	4.3
439.652	4.39
439.854	4.74
440.057	4.58
440.26	4.67
440.462	4.76
440.665	4.29
440.868	4.61
441.07	4.37
441.273	4.53
441.475	4.46
441.678	4.23
441.88	4.32
442.083	4.13
442.286	4.32
442.488	3.95
442.69	4.55
442.893	4.44
443.095	4.36
443.298	4.06
443.5	4.3
443.703	4.46
443.905	4.71
444.108	4.3
444.31	4.22
444.512	4.37
444.715	4.4
444.917	4.17
445.119	4.52
445.322	4.39
445.524	4.66
445.726	4.45
445.928	4.34
446.131	4.53
446.333	4.24
446.535	4.3
446.737	4.38
446.94	4.76
447.142	4.54
447.344	4.03
447.546	4.9
447.748	4.53
447.95	4.24
448.152	4.47
448.354	4.49
448.557	4.73
448.759	4.77
448.961	4.26
449.163	4.85
449.365	4.38
449.567	4.48
449.769	4.66
449.971	4.49
450.173	4.63
450.375	4.29
450.577	4.76
450.779	4.46
450.981	4.63
451.182	4.89
451.384	4.25
451.586	4.69
451.788	4.53
451.99	4.9
452.192	4.59
452.394	4.82
452.595	5.08
452.797	4.49
452.999	4.76
453.201	4.94
453.402	4.21
453.604	4.29
453.806	4.77
454.008	4.51
454.209	4.79
454.411	4.94
454.613	4.28
454.814	4.99
455.016	5.11
455.218	4.57
455.419	4.79
455.621	4.65
455.822	4.3
456.024	4.58
456.225	4.74
456.427	4.89
456.629	4.39
456.83	4.52
457.032	4.69
457.233	4.45
457.435	4.29
457.636	5.17
457.837	4.44
458.039	4.49
458.24	4.21
458.442	4.86
458.643	4.33
458.844	4.89
459.046	4.09
459.247	5.52
459.448	4.79
459.65	5.14
459.851	4.87
460.052	5.18
460.254	5.33
460.455	5.61
460.656	5.36
460.857	4.7
461.059	4.43
461.26	4.51
461.461	4.33
461.662	4.71
461.863	5.72
462.065	5.18
462.266	4.49
462.467	4.54
462.668	4.64
462.869	5.56
463.07	4.74
463.271	4.46
463.472	4.82
463.673	5.26
463.874	4.63
464.075	5.11
464.276	5.14
464.477	5.29
464.678	5.52
464.879	4.68
465.08	4.8
465.281	6.3
465.482	5.05
465.683	3.56
465.884	5.16
466.085	5.34
466.285	4.97
466.486	5.23
466.687	6.06
466.888	5.04
467.089	6.23
467.29	5.6
467.49	4.35
467.691	5.4
467.892	4.09
468.093	4.64
468.293	4.62
468.494	5.78
468.695	5.56
468.895	4.16
469.096	3.93
469.297	4.76
469.497	5.8
469.698	7.22
469.898	4.62
470.099	6.01
470.3	5.9
470.5	4.21
470.701	5.77
470.901	6.26
471.102	5.92
471.302	4.49
471.503	5.06
471.703	5.84
471.904	4.52
472.104	5.13
472.305	4.8
472.505	5.97
472.705	3.7
472.906	5.29
473.106	6.52
473.306	4.37
473.507	6.28
473.707	6.87
473.907	5.07
474.108	4.66
474.308	5.29
474.508	6.14
474.709	4.82
474.909	4.78
475.109	3.17
475.309	4.48
475.51	3.22
475.71	4.01
475.91	5.59
476.11	4.03
476.31	4.58
476.51	6.1
476.71	4.14
476.911	5.5
477.111	3.14
477.311	4.1
477.511	4.16
477.711	4.94
477.911	3.69
478.111	4.95
478.311	4.69
478.511	5.64
478.711	5.99
478.911	3.48
479.111	5.18
479.311	5.4
479.511	6.83
479.711	2.88
479.91	2.79
480.11	6.76
480.31	6.23
480.51	6.39
480.71	4.05
480.91	5.29
481.109	4.54
481.309	4.39
481.509	4.37
481.709	5.71
481.909	5.54
482.108	3.53
482.308	5.25
482.508	5.19
482.707	6.12
482.907	4.66
483.107	4.99
483.306	6.18
483.506	4.96
483.706	3.93
483.905	4.91
484.105	5.39
484.304	4.78
484.504	3.99
484.704	5.22
484.903	3.09
485.103	5.66
485.302	3.89
485.502	5.57
485.701	5.06
485.901	4.09
486.1	4.23
486.299	3.07
486.499	4.01
486.698	5.25
486.898	4.26
487.097	4.08
487.296	4.35
487.496	4.31
487.695	4.82
487.894	4.5
488.094	3.39
488.293	4.71
488.492	4.4
488.692	4.02
488.891	5.9
489.09	3.77
489.289	4.32
489.489	3.65
489.688	3.51
489.887	3.05
490.086	4.2
490.285	4.96
490.484	4.55
490.683	3.98
490.883	5.52
491.082	4.5
491.281	3.9
491.48	3.63
491.679	4.65
491.878	4.29
492.077	4.79
492.276	5.34
492.475	3.8
492.674	4.41
492.873	5.05
493.072	3.02
493.271	5.21
493.47	3.82
493.669	4.45
493.867	4.06
494.066	5.08
494.265	5.33
494.464	5.12
494.663	3.96
494.862	3.96
495.06	3.82
495.259	4.03
495.458	4.01
495.657	4.21
495.856	4.47
496.054	5.55
496.253	4.95
496.452	4.31
496.65	4.06
496.849	4.39
497.048	4.5
497.246	3.9
497.445	4.07
497.644	4.69
497.842	4.31
498.041	5.56
498.239	4.03
498.438	4.03
498.636	4.28
498.835	4.69
499.034	4.03
499.232	3.97
499.431	3.6
499.629	4.12
499.827	4.79
500.026	4.43
500.224	3.65
500.423	4.35
500.621	4.21
500.82	4.81
501.018	4.6
501.216	4.35
501.415	4.87
501.613	3.73
501.811	4.32
502.01	4.05
502.208	4.71
502.406	5.15
502.604	4.74
502.803	3.66
503.001	5.51
503.199	4.19
503.397	3.92
503.595	4.05
503.794	4.66
503.992	4.32
504.19	4.31
504.388	4.38
504.586	4.27
504.784	4.43
504.982	4.19
505.18	4.24
505.378	4.47
505.576	3.98
505.774	4.69
505.972	4.67
506.17	5.18
506.368	4.23
506.566	3.84
506.764	4.5
506.962	4.96
507.16	4.52
507.358	4.02
507.556	4.63
507.754	4.95
507.952	4.39
508.15	4.38
508.347	4.54
508.545	4.2
508.743	4.5
508.941	4.42
509.139	4.98
509.336	4.35
509.534	4.72
509.732	4.41
509.93	3.87
510.127	4.34
510.325	4.53
510.523	4.19
510.72	4.56
510.918	4.87
511.116	4.88
511.313	3.96
511.511	4.24
511.708	4.58
511.906	5.23
512.104	4.77
512.301	4.4
512.499	4.9
512.696	4.19
512.894	4.67
513.091	4.57
513.289	4.83
513.486	4.24
513.683	4.42
513.881	4.64
514.078	4.48
514.276	4.86
514.473	4.46
514.67	4.73
514.868	5.09
515.065	4.35
515.262	5.21
515.46	4.69
515.657	4.66
515.854	4.65
516.052	4.26
516.249	4.78
516.446	4.58
516.643	4.77
516.84	4.99
517.038	4.52
517.235	4.86
517.432	5.52
517.629	4.88
517.826	4.57
518.023	5.45
518.221	4.72
518.418	5.35
518.615	5.05
518.812	4.8
519.009	5.22
519.206	4.8
519.403	5.14
519.6	4.66
519.797	4.87
519.994	4.86
520.191	4.82
520.388	4.95
520.585	5.19
520.782	5.2
520.978	4.59
521.175	4.88
521.372	5.09
521.569	5.08
521.766	4.68
521.963	4.77
522.159	5.17
522.356	4.96
522.553	5.47
522.75	5.13
522.947	4.79
523.143	5.2
523.34	5.32
523.537	5.19
523.733	4.84
523.93	5.18
524.127	5.05
524.323	5.47
524.52	5.33
524.717	5.15
524.913	5.28
525.11	4.96
525.306	5.72
525.503	4.94
525.7	5.19
525.896	5.38
526.093	5.6
526.289	5.69
526.486	5.45
526.682	5.28
526.878	5.71
527.075	5.93
527.271	5.59
527.468	5.84
527.664	5.43
527.861	5.46
528.057	5.4
528.253	5.67
528.45	5.21
528.646	5.59
528.842	5.78
529.039	5.25
529.235	5.87
529.431	5.6
529.627	5.53
529.824	5.92
530.02	5.43
530.216	5.42
530.412	5.83
530.608	5.24
530.804	5.95
531.001	6
531.197	5.84
531.393	5.98
531.589	5.77
531.785	5.86
531.981	5.86
532.177	5.85
532.373	6.35
532.569	5.94
532.765	5.97
532.961	5.66
533.157	5.9
533.353	5.83
533.549	6.03
533.745	5.92
533.941	5.73
534.137	5.73
534.333	5.86
534.529	5.85
534.725	6.56
534.92	6.12
535.116	6.11
535.312	5.72
535.508	5.83
535.704	6.06
535.899	5.83
536.095	6.21
536.291	6.19
536.487	6.44
536.682	6.33
536.878	6.13
537.074	6.09
537.269	6.01
537.465	6.07
537.661	6.1
537.856	6.54
538.052	6.68
538.248	6.4
538.443	6.62
538.639	6.36
538.834	6.22
539.03	6.28
539.225	6.63
539.421	6.31
539.616	6.39
539.812	6.29
540.007	6.49
540.203	6.26
540.398	6.23
540.593	6.59
540.789	6.75
540.984	6.85
541.18	6.59
541.375	6.85
541.57	6.85
541.766	7.07
541.961	6.62
542.156	7.08
542.352	7.54
542.547	6.4
542.742	6.99
542.937	7.22
543.133	7.13
543.328	7.26
543.523	6.88
543.718	6.92
543.913	6.92
544.108	6.74
544.304	7
544.499	6.79
544.694	7.58
544.889	7.17
545.084	6.97
545.279	7.49
545.474	7.4
545.669	7.12
545.864	7.37
546.059	7.31
546.254	7.25
546.449	7.32
546.644	7.12
546.839	6.96
547.034	7.47
547.229	7.43
547.424	7.4
547.618	7.61
547.813	7.55
548.008	7.89
548.203	7.6
548.398	7.93
548.593	7.7
548.787	7.88
548.982	7.91
549.177	7.58
549.372	7.53
549.566	7.67
549.761	7.56
549.956	7.75
550.15	7.57
550.345	7.86
550.54	8.19
550.734	7.93
550.929	8.12
551.124	8.23
551.318	7.97
551.513	7.51
551.707	8.19
551.902	7.93
552.096	8.32
552.291	8.24
552.485	8.33
552.68	8
552.874	8.54
553.069	8.54
553.263	8.47
553.458	7.76
553.652	8.33
553.847	8.09
554.041	8.41
554.235	8.24
554.43	8.6
554.624	8.47
554.818	8.46
555.013	8.42
555.207	9.28
555.401	8.64
555.595	8.66
555.79	8.66
555.984	8.55
556.178	8.75
556.372	8.84
556.566	8.83
556.761	8.62
556.955	8.78
557.149	9.1
557.343	9.02
557.537	8.95
557.731	9.13
557.925	9.16
558.119	8.95
558.313	9.4
558.507	8.95
558.701	9.46
558.895	9.52
559.089	9.29
559.283	9.33
559.477	9.29
559.671	9.4
559.865	9.4
560.059	9.04
560.253	9.44
560.447	9.52
560.641	9.46
560.835	9.96
561.028	9.58
561.222	9.87
561.416	9.68
561.61	9.84
561.804	9.43
561.997	9.87
562.191	9.74
562.385	10.11
562.579	9.8
562.772	9.82
562.966	9.81
563.16	9.85
563.353	10.11
563.547	10.07
563.741	10.09
563.934	9.91
564.128	9.99
564.321	10.37
564.515	10.4
564.708	10.12
564.902	9.79
565.095	9.8
565.289	10.7
565.482	10.33
565.676	10.15
565.869	10.29
566.063	10.6
566.256	10.05
566.45	10.52
566.643	10.7
566.836	10.63
567.03	10.59
567.223	10.66
567.416	10.73
567.61	11
567.803	11.12
567.996	11.32
568.19	10.48
568.383	11
568.576	11.12
568.769	11.27
568.963	10.76
569.156	11.18
569.349	10.82
569.542	11.46
569.735	11
569.928	11.17
570.121	11.04
570.315	11.44
570.508	11.47
570.701	11.33
570.894	11.33
571.087	11.35
571.28	11.81
571.473	11.89
571.666	11.89
571.859	11.05
572.052	11.25
572.245	11.61
572.438	12.07
572.631	11.85
572.824	11.81
573.016	11.65
573.209	11.8
573.402	11.37
573.595	11.48
573.788	12.25
573.981	11.81
574.173	12.12
574.366	12.52
574.559	12.18
574.752	11.92
574.944	11.87
575.137	12
575.33	12.18
575.523	12.35
575.715	11.93
575.908	11.98
576.101	12.49
576.293	12.11
576.486	12.09
576.678	12.45
576.871	12.31
577.063	12.56
577.256	12.59
577.449	12.35
577.641	12.23
577.834	12.45
578.026	12.95
578.219	12.42
578.411	12.89
578.603	13.1
578.796	12.69
578.988	12.74
579.181	12.73
579.373	13.12
579.565	13.33
579.758	13.19
579.95	13.17
580.142	12.75
580.335	13.32
580.527	13.41
580.719	12.99
580.912	13.32
581.104	13.4
581.296	13.48
581.488	13.66
581.68	13.52
581.873	13.24
582.065	13.28
582.257	13.16
582.449	13.31
582.641	13.74
582.833	13.63
583.025	13.7
583.217	13.85
583.41	14.03
583.602	13.61
583.794	13.98
583.986	14.3
584.178	13.71
584.37	13.78
584.562	13.66
584.753	13.86
584.945	14.25
585.137	13.53
585.329	14.25
585.521	14.05
585.713	14.28
585.905	14.17
586.097	14.01
586.289	14.13
586.48	14.39
586.672	14.17
586.864	14.52
587.056	14.53
587.247	14.12
587.439	14.11
587.631	14.64
587.823	14.36
588.014	14.86
588.206	14.28
588.398	14.29
588.589	14.58
588.781	14.49
588.972	14.97
589.164	14.96
589.356	14.75
589.547	15.1
589.739	14.54
589.93	15.1
590.122	14.77
590.313	14.9
590.505	15.23
590.696	14.71
590.888	14.99
591.079	15.25
591.271	15.4
591.462	15.34
591.653	15.89
591.845	15.69
592.036	15.14
592.227	15.38
592.419	15.26
592.61	15.78
592.801	15.48
592.993	15.69
593.184	16.15
593.375	15.38
593.566	15.9
593.758	15.76
593.949	15.92
594.14	15.66
594.331	16.07
594.522	15.59
594.713	16.03
594.905	16.04
595.096	15.88
595.287	16.21
595.478	16.41
595.669	16.22
595.86	16.57
596.051	16.12
596.242	16.2
596.433	15.98
596.624	16.34
596.815	16.52
597.006	16.29
597.197	16.53
597.388	16.75
597.579	16.64
597.77	16.62
597.96	16.87
598.151	16.72
598.342	16.85
598.533	17.05
598.724	17.42
598.915	17.28
599.105	16.96
599.296	17.48
599.487	16.77
599.678	17.35
599.868	17.58
600.059	17.81
600.25	17.36
600.44	16.63
600.631	17.82
600.822	17.31
601.012	17.54
601.203	17.66
601.394	17.51
601.584	17.63
601.775	17.33
601.965	17.61
602.156	17.5
602.346	18.04
602.537	17.58
602.727	17.45
602.918	17.8
603.108	17.63
603.299	17.54
603.489	18.08
603.679	18.08
603.87	18.55
604.06	18.59
604.251	18.09
604.441	18.22
604.631	18.53
604.822	18.21
605.012	18.41
605.202	18.44
605.392	18.01
605.583	17.86
605.773	18.27
605.963	19.31
606.153	18.2
606.344	18.55
606.534	19.12
606.724	19.48
606.914	18.28
607.104	18.21
607.294	18.77
607.484	19.32
607.674	18.96
607.864	18.89
608.054	19.74
608.245	18.87
608.435	18.98
608.625	19.38
608.814	18.87
609.004	19.3
609.194	18.95
609.384	19.13
609.574	19.49
609.764	18.82
609.954	18.52
610.144	19.42
610.334	19.39
610.524	19.6
610.713	19.7
610.903	19.69
611.093	20.05
611.283	19.56
611.473	19.75
611.662	19.44
611.852	19.7
612.042	19.41
612.231	20.63
612.421	19.43
612.611	20.15
612.8	20.1
612.99	20.58
613.18	20.19
613.369	19.83
613.559	20.07
613.748	19.88
613.938	20.76
614.128	20.08
614.317	20.02
614.507	20.24
614.696	20.13
614.886	21.03
615.075	20.39
615.264	19.97
615.454	20.81
615.643	19.77
615.833	20.26
616.022	19.31
616.211	21.17
616.401	19.71
616.59	20.54
616.779	20.57
616.969	21.05
617.158	20.51
617.347	20.32
617.537	21.44
617.726	20.42
617.915	20.21
618.104	20.11
618.293	21.31
618.483	20.58
618.672	21.28
618.861	21.22
619.05	20.47
619.239	21.61
619.428	21.08
619.617	21.22
619.806	21
619.995	21.42
620.184	21.41
620.373	20.31
620.562	21.5
620.751	20.72
620.94	21.03
621.129	22.15
621.318	21.11
621.507	21.56
621.696	21.5
621.885	21.68
622.074	20.97
622.263	21.44
622.452	22.52
622.64	21.83
622.829	20.97
623.018	22.36
623.207	21.33
623.396	21.68
623.584	21.8
623.773	21.79
623.962	21.73
624.15	22.65
624.339	22.2
624.528	22.24
624.716	21.98
624.905	21.64
625.094	22.53
625.282	21.57
625.471	21.88
625.659	22.14
625.848	21.67
626.037	22.07
626.225	21.83
626.414	21.7
626.602	22.51
626.791	22.29
626.979	22.24
627.167	22.78
627.356	22.61
627.544	22.68
627.733	22.27
627.921	22.64
628.109	22.36
628.298	21.58
628.486	22.03
628.674	22.58
628.863	22.8
629.051	23.37
629.239	23.31
629.428	23.09
629.616	23.62
629.804	23.21
629.992	22.55
630.18	24.05
630.369	22.79
630.557	23.35
630.745	22.2
630.933	22.86
631.121	23.23
631.309	22.34
631.497	23.54
631.685	23.24
631.873	22.25
632.061	23.24
632.249	23.93
632.437	24.14
632.625	23.26
632.813	24.22
633.001	24.77
633.189	23.58
633.377	22.93
633.565	22.37
633.753	23.46
633.941	22.92
634.129	23.53
634.316	22.41
634.504	24.13
634.692	24.65
634.88	24.26
635.068	24.01
635.255	24.48
635.443	24.1
635.631	24.11
635.818	24.6
636.006	24.27
636.194	23.93
636.382	22.68
636.569	24.3
636.757	24.03
636.944	24.66
637.132	23.89
637.32	24.93
637.507	24
637.695	23.6
637.882	24.27
638.07	24.81
638.257	24.19
638.445	23.18
638.632	23.79
638.82	24.23
639.007	24.78
639.194	24.67
639.382	24.62
639.569	23.82
639.757	24.86
639.944	23.51
640.131	24.36
640.319	22.81
640.506	23.61
640.693	24.95
640.88	24.32
641.068	24.81
641.255	25.7
641.442	23.79
641.629	24.61
641.817	26.07
642.004	24.37
642.191	24.8
642.378	25.5
642.565	25.83
642.752	25.7
642.939	24.53
643.126	24.61
643.313	25.42
643.501	25.27
643.688	25.99
643.875	25.19
644.062	24.28
644.249	24.17
644.435	23.78
644.622	24.74
644.809	24.75
644.996	24.46
645.183	25.21
645.37	26.76
645.557	24.8
645.744	24.57
645.931	23.97
646.117	25.45
646.304	23.76
646.491	24.13
646.678	25.45
646.865	26.43
647.051	25.06
647.238	25.44
647.425	25.48
647.611	24.49
647.798	24.22
647.985	24.69
648.171	25.04
648.358	24.48
648.545	25.58
648.731	24.05
648.918	25.7
649.104	24.96
649.291	25.51
649.477	25.09
649.664	25.06
649.85	25.65
650.037	26.61
650.223	23.96
650.41	26.41
650.596	24.65
650.783	25.16
650.969	25.36
651.155	25.68
651.342	24.36
651.528	25.16
651.714	25.51
651.901	25.74
652.087	25.42
652.273	26.05
652.46	27.57
652.646	24.4
652.832	23.74
653.018	25.83
653.204	25.31
653.391	24.43
653.577	26.43
653.763	24.99
653.949	27.14
654.135	27.44
654.321	25.82
654.507	25.55
654.693	25.34
654.879	23.81
655.065	24.37
655.252	23.52
655.438	26.61
655.624	27.05
655.809	23.98
655.995	26.61
656.181	27.1
656.367	25.41
656.553	27.16
656.739	25.84
656.925	28.01
657.111	24.58
657.297	26.68
657.482	25.76
657.668	27.35
657.854	24.63
658.04	25.24
658.226	24.48
658.411	25.56
658.597	25.98
658.783	25.75
658.968	26.66
659.154	24.48
659.34	26.52
659.525	24.39
659.711	25.08
659.897	25.61
660.082	25.89
660.268	24.5
660.453	24.77
660.639	26.46
660.824	25.71
661.01	25.55
661.195	25.35
661.381	23.52
661.566	25.7
661.752	24.72
661.937	24.9
662.123	23.81
662.308	25.89
662.494	25.9
662.679	25.47
662.864	22.82
663.05	25.61
663.235	25.56
663.42	25.27
663.605	24.25
663.791	25.6
663.976	25.37
664.161	26.09
664.346	25.07
664.532	25.69
664.717	25.05
664.902	25.76
665.087	27.3
665.272	26.67
665.457	22.39
665.642	24.54
665.828	24.06
666.013	26.65
666.198	22.43
666.383	23.82
666.568	23.53
666.753	24.96
666.938	24.79
667.123	24.52
667.308	26.02
667.493	26.85
667.677	22.66
667.862	23.56
668.047	24.68
668.232	23.61
668.417	25.17
668.602	23.32
668.787	24.99
668.971	24.92
669.156	26.68
669.341	23.36
669.526	27.15
669.711	27.36
669.895	24.32
670.08	22.17
670.265	24.5
670.449	24.81
670.634	24.78
670.819	25.42
671.003	22.53
671.188	23.92
671.372	25.41
671.557	26.36
671.742	26.41
671.926	22.89
672.111	26.16
672.295	23.22
672.48	23.9
672.664	26.32
672.849	24.51
673.033	22.49
673.217	23.65
673.402	24.02
673.586	23.49
673.771	24.02
673.955	25.9
674.139	27.88
674.324	25.74
674.508	24.29
674.692	24.26
674.876	27.79
675.061	26.83
675.245	27.31
675.429	24.73
675.613	23.26
675.798	27.14
675.982	25.29
676.166	25.02
676.35	27.52
676.534	28.85
676.718	22.76
676.902	27.95
677.087	22.45
677.271	25.49
677.455	26.83
677.639	22.19
677.823	27.39
678.007	28.35
678.191	27.13
678.375	26.35
678.559	26.73
678.742	27.54
678.926	27.76
679.11	28.04
679.294	26.66
679.478	27.84
679.662	26.1
679.846	29.22
680.029	29.64
680.213	28.99
680.397	29.93
680.581	28.15
680.765	29.21
680.948	28.25
681.132	29.46
681.316	24.89
681.499	29.38
681.683	30.86
681.867	26.02
682.05	30.22
682.234	26.89
682.417	29.25
682.601	29.56
682.785	28.63
682.968	25.48
683.152	30.98
683.335	29
683.519	29.53
683.702	32.25
683.886	31.45
684.069	29.92
684.253	36.73
684.436	36.1
684.619	29.43
684.803	32.81
684.986	29.74
685.169	32.19
685.353	31.62
685.536	27.4
685.719	31.27
685.903	29.77
686.086	31.18
686.269	31.55
686.452	30.7
686.636	34.76
686.819	32.72
687.002	30.64
687.185	36.64
687.368	35.82
687.551	33.78
687.734	34.62
687.918	32.04
688.101	35.45
688.284	34.84
688.467	36.03
688.65	32.66
688.833	32.68
689.016	34.8
689.199	35.15
689.382	37.67
689.565	37.62
689.748	37.85
689.93	30.14
690.113	40.69
690.296	34.96
690.479	32.83
690.662	36.02
690.845	32.85
691.028	31.65
691.21	35.31
691.393	35.44
691.576	34.71
691.759	37.99
691.941	34.46
692.124	41.81
692.307	38.78
692.489	35.64
692.672	37.17
692.855	33.28
693.037	41.22
693.22	38.3
693.403	33.81
693.585	37.02
693.768	40.97
693.95	37.23
694.133	40.54
694.315	35.8
694.498	38.86
694.68	36.32
694.863	37.39
695.045	39.99
695.228	40.07
695.41	35.84
695.592	43.26
695.775	37.16
695.957	37.66
696.139	37.47
696.322	39.99
696.504	39.36
696.686	36.09
696.869	36.56
697.051	40.27
697.233	42.99
697.415	36.14
697.597	37.37
697.78	35.44
697.962	41.26
698.144	38.97
698.326	38.67
698.508	37.23
698.69	30.48
698.872	41.81
699.055	41.54
699.237	37.08
699.419	35.17
699.601	34.56
699.783	44.23
699.965	42.73
700.147	35.66
700.329	42.55
700.51	39.57
700.692	38.31
700.874	37.87
701.056	39.81
701.238	46.71
701.42	40.59
701.602	38.11
701.783	39.5
701.965	37.07
702.147	41.34
702.329	38.25
702.511	39.99
702.692	48.4
702.874	34.35
703.056	41.09
703.237	43.55
703.419	40.82
703.601	42.3
703.782	37.17
703.964	41.31
704.146	37.83
704.327	39.11
704.509	46.46
704.69	39.96
704.872	42.12
705.053	40.86
705.235	43.27
705.416	35.45
705.598	38.89
705.779	40.5
705.961	44.4
706.142	39.54
706.323	47.72
706.505	42.2
706.686	41.59
706.867	39.3
707.049	44.76
707.23	44.86
707.411	40.23
707.593	43.54
707.774	46.34
707.955	42.91
708.136	39.93
708.318	36.76
708.499	45.18
708.68	33.38
708.861	43.71
709.042	34.55
709.223	41.37
709.404	41.08
709.585	45.26
709.767	40.83
709.948	39.41
710.129	44.17
710.31	44.39
710.491	40.71
710.672	37.22
710.853	37.06
711.034	44.14
711.214	40.7
711.395	38.74
711.576	36.11
711.757	41.75
711.938	38.32
712.119	40.76
712.3	49.57
712.481	35.58
712.661	39.44
712.842	45.67
713.023	45.76
713.204	43.02
713.384	40.85
713.565	40.52
713.746	35.66
713.926	41.62
714.107	42.93
714.288	42.47
714.468	49.67
714.649	45.56
714.83	45.64
715.01	41.23
715.191	34.33
715.371	37.6
715.552	45.11
715.732	42.55
715.913	48.35
716.093	34.03
716.274	42.38
716.454	42.52
716.635	45.45
716.815	49.06
716.995	38.48
717.176	35.58
717.356	36.82
717.536	37.18
717.717	36.11
717.897	33.97
718.077	35.59
718.258	38.63
718.438	45.08
718.618	57.42
718.798	44.27
718.978	44.53
719.159	37.82
719.339	54.61
719.519	31.63
719.699	43.42
719.879	39.35
720.059	44.17
720.239	50.1
720.419	48.44
720.599	38.01
720.779	62.18
720.959	32.91
721.139	44.51
721.319	40.91
721.499	43.95
721.679	31.46
721.859	46.05
722.039	19.09
722.219	40.89
722.399	39.46
722.579	45.05
722.759	39.67
722.938	32.42
723.118	45.68
723.298	41.53
723.478	32.51
723.658	48.71
723.837	45.09
724.017	50.64
724.197	47.91
724.376	39.36
724.556	29.26
724.736	51.12
724.915	46.77
725.095	49.96
725.275	49.71
725.454	42.83
725.634	52.83
725.813	60.08
725.993	45.05
726.172	44
726.352	46.55
726.531	53.11
726.711	30.03
726.89	37.01
727.07	46.55
727.249	48
727.428	35.85
727.608	29.43
727.787	65.18
727.966	26.75
728.146	47.31
728.325	50.12
728.504	44.8
728.684	42.54
728.863	49.96
729.042	42.99
729.221	39.61
729.4	28
729.58	40.54
729.759	50.3
729.938	37.79
730.117	48.68
730.296	31.78
730.475	41.95
730.654	45.66
730.833	28.96
731.013	50.19
731.192	25.68
731.371	46.59
731.55	42.54
731.729	36.03
731.907	48.12
732.086	30
732.265	32.37
732.444	50.16
732.623	68.39
732.802	44.49
732.981	44.79
733.16	38.57
733.339	17.12
733.517	43.07
733.696	45.58
733.875	27.91
734.054	36.63
734.232	40.05
734.411	48.96
734.59	24.45
734.768	36.45
734.947	51.7
735.126	40.92
735.304	35.92
735.483	53.39
735.662	48.54
735.84	42.76
736.019	38.37
736.197	36.17
736.376	54.13
736.554	69.07
736.733	56.39
736.911	53.45
737.09	34.6
737.268	25.13
737.447	73.73
737.625	58
737.803	56.18
737.982	42.81
738.16	43.08
738.338	60.35
738.517	16.61
738.695	45.75
738.873	63.72
739.052	49.94
739.23	37.63
739.408	47.11
739.586	44.95
739.764	42.89
739.943	50.17
740.121	56.11
740.299	22.86
740.477	38.05
740.655	64.6
740.833	45.21
741.011	90.02
741.189	66.01
741.367	58.98
741.545	16.43
741.723	25.22
741.901	43.64
742.079	51.2
742.257	66.42
742.435	55.32
742.613	56.4
742.791	52.3
742.969	39.35
743.147	55.05
743.325	45.25
743.503	32.25
743.68	58.37
743.858	29.16
744.036	65.56
744.214	34.7
744.391	14.13
744.569	28.3
744.747	25.71
744.925	53.23
745.102	25.66
745.28	13.96
745.458	79.92
745.635	44.9
745.813	58.64
745.99	77.18
746.168	48.91
746.345	85.37
746.523	47.83
746.7	83.76
746.878	55.28
747.055	32.83
747.233	54.95
747.41	96.84
747.588	59.65
747.765	69.18
747.943	61.22
748.12	28.1
748.297	57.92
748.475	46.87
748.652	50.3
748.829	56.03
749.007	51.65
749.184	31.93
749.361	28.26
749.538	87.92
749.716	45.69
749.893	81.33
750.07	48.74
750.247	24.84
750.424	83.51
750.601	56.75
750.778	73.45
750.956	64.96
751.133	6.71
751.31	46.53
751.487	47.25
751.664	-15.43
751.841	56.67
752.018	60.33
752.195	28.04
752.372	35.64
752.549	82.96
752.726	60.19
752.902	86.21
753.079	57.78
753.256	55
753.433	22.78
753.61	59.54
753.787	25.02
753.964	40.62
754.14	39.18
754.317	70.91
754.494	61.2
754.671	48.4
754.847	49.36
755.024	99.65
755.201	103.8
755.377	35.26
755.554	44.88
755.73	12.7
755.907	71.17
756.084	66.8
756.26	29.33
756.437	61.27
756.613	44.65
756.79	19.8
756.966	50.37
757.143	95.76
757.319	55.97
757.496	88.43
757.672	44.06
757.849	96.35
758.025	1.15
758.201	74.13
758.378	35.31
758.554	24.39
758.73	53.72
758.907	37.85
759.083	73.91
759.259	93.07
759.435	93.17
759.612	68.7
759.788	48.08
759.964	58.88
760.14	86
760.316	-4.33
760.493	48.66
760.669	87.67
760.845	9.55
761.021	30.52
761.197	48.41
761.373	53.94
761.549	41.11
761.725	35.01
761.901	49.57
762.077	74.49
762.253	0.12
762.429	48.96
762.605	58.33
762.781	62.54
762.957	52.1
763.133	63.68
763.308	23.33
763.484	63.06
763.66	53.09
763.836	14.22
764.012	-3.24
764.187	54.92
764.363	55.06
764.539	89.54
764.715	32.66
764.89	1.59
765.066	58.57
765.242	79.86
765.417	37.16
765.593	89.68
765.769	55.49
765.944	48.54
766.12	99.61
766.295	62.95
766.471	48.15
766.646	81.21
766.822	127.01
766.997	-43.07
767.173	79.44
767.348	49.84
767.524	-1
767.699	82.41
767.875	13.47
768.05	-6.66
768.225	74.96
768.401	48.64
768.576	106.81
768.751	39.9
768.927	20.63
769.102	35.42
769.277	97.93
769.452	97.84
769.628	90.39
769.803	187.68
769.978	91.58
770.153	-34.95
770.328	59.51
770.503	71.63
770.679	135.07
770.854	54.12
771.029	35.25
771.204	-205.3
771.379	66.81
771.554	71.23
771.729	69.34
771.904	-42.58
772.079	111.43
772.254	28.57
772.429	136.95
772.604	0.19
772.779	116.97
772.953	22.11
773.128	61.33
773.303	21.3
773.478	31.15
773.653	76.2
773.828	89.58
774.002	157.49
774.177	94
774.352	398.26
774.527	27.43
774.701	66.45
774.876	91.02
775.051	84.49
775.225	61
775.4	19.8
775.575	76.72
775.749	54.21
775.924	-14.07
776.098	30.21
776.273	97.9
776.447	67.5
776.622	47.6
776.796	-1.68
776.971	-102.31
777.145	35.47
777.32	73.09
777.494	79.44
777.669	72.25
777.843	74.92
778.017	77.87
778.192	53.57
778.366	18.63
778.54	101.01
778.715	42.73
778.889	74.94
779.063	65.3
779.237	41.16
779.412	93.27
779.586	77.92
779.76	120.3
779.934	34.2
780.108	67.89
780.282	343.28
780.457	106.45
780.631	-62.39
780.805	-11.35
780.979	-247.76
781.153	129.41
781.327	42.99
781.501	90.59
781.675	-48.4
781.849	73.15
782.023	115.11
782.197	25.49
782.371	35.43
782.545	-87.12
782.718	127.92
782.892	79.79
783.066	113.09
783.24	355.47
783.414	17.12
783.588	116.22
783.761	77.52
783.935	142.6
784.109	123.36
784.283	-415.65
784.456	319.43
784.63	155.67
784.804	85.03
784.977	74.22
785.151	47.48
785.324	43.86
785.498	-40.43
785.672	103.13
785.845	37.8
786.019	-38.86
786.192	96.69
786.366	53
786.539	94.24
786.713	3.81
786.886	40.62
787.06	-13.9
787.233	96.13
787.406	47.47
787.58	35.66
787.753	93.01
787.926	-49.81
788.1	45.4
788.273	-841.51
788.446	146.86
788.62	2096.77
788.793	-28.46
788.966	-12.78
789.139	139.15
789.313	173.84
789.486	4485.71
789.659	-142.86
789.832	73.68
790.005	44.84
790.178	30.09
790.351	121.02
790.524	90.17
790.697	66.86
790.87	23.35
791.044	505.45
791.216	45.74
791.389	-127.27
791.562	123.84
791.735	-331.65
791.908	28.57
792.081	74.94
792.254	516.48
792.427	146.47
792.6	-27.41
792.773	73.34
792.945	540.3
793.118	179.16
793.291	81.32
793.464	138.72
793.637	-79.75
793.809	-23.09
793.982	107.82
794.155	120.2
794.327	110.36
794.5	15.38
794.673	78.54
794.845	17.9
795.018	-98.48
795.19	65.17
795.363	105.73
795.536	98.89
795.708	-729.03
795.881	-4600
796.053	101.47
796.226	261.71
796.398	-22.11
796.57	18.57
796.743	35.57
796.915	59.67
797.088	117.41
797.26	-130.71
797.432	1096.2
797.605	200
797.777	-516.88
797.949	-59.46
798.122	64.83
798.294	135.43
798.466	385.14
798.638	230.09
798.81	257.46
798.983	731.65
799.155	87.34
799.327	64.1
799.499	48.26
799.671	43.11
799.843	89.63
800.015	-19.46
800.187	68.49
800.359	43.02
800.531	-8.54
800.703	48.26
800.875	73.32
801.047	12.73
801.219	97.61
801.391	-251.95
801.563	-50.36
801.735	94.46
801.907	332.52
802.079	-19.56
802.251	-472.53
802.422	370.08
802.594	-563.64
802.766	117.06
802.938	-90.58
803.11	278.37
803.281	176.16
803.453	67.29
803.625	61.41
803.796	22.95
803.968	66.24
804.14	48.42
804.311	53.09
804.483	175.59
804.654	39.5
804.826	132.29
804.998	540.11
805.169	-87.26
805.341	209.6
805.512	-291.93
805.684	49.69
805.855	74.5
806.026	236.92
806.198	288.34
806.369	161.87
806.541	87.55
806.712	131.31
806.883	124.8
807.055	94.58
807.226	-56.65
807.397	252.75
807.569	115.04
807.74	73.68
807.911	-35.1
808.082	-58.3
808.253	-168.32
808.425	88.85
808.596	-2.25
808.767	208.63
808.938	-36.07
809.109	-215.84
809.28	-67.3
809.451	34.11
809.622	212.83
809.793	-264.52
809.964	732.17
810.135	110.51
810.306	109.83
810.477	-283.22
810.648	69.91
810.819	103.63
810.99	-4360
811.161	-18.59
811.332	-14.05
811.503	68.91
811.674	126.15
811.844	-243.08
812.015	76.52
812.186	420.86
812.357	-31.76
812.527	52.82
812.698	144.76
812.869	154.72
813.04	3.19
813.21	-1331.03
813.381	-122.18
813.551	-12.96
813.722	140.69
813.893	73.09
814.063	83.87
814.234	47.27
814.404	148.16
814.575	106.44
814.745	-107.96
814.916	71.8
815.086	182.32
815.257	60.09
815.427	119.02
815.598	38.97
815.768	71.25
815.938	40.53
816.109	78.54
816.279	105.93
816.449	141.99
816.62	1273.68
816.79	87.03
816.96	-230.19
817.13	-10.16
817.301	-122.84
817.471	-20.17
817.641	177.91
817.811	-27.74
817.981	-5457.14
818.152	291
818.322	-13.86
818.492	116.03
818.662	43.11
818.832	81.75
819.002	39
819.172	208.54
819.342	-35.84
819.512	-30.33
819.682	45.96
819.852	53.71
820.022	43.02
820.192	-420.22
820.362	13.75
820.531	141.37
820.701	224.49
820.871	86.1
821.041	-76.92
821.211	-104.03
821.381	98.25
821.55	429.79
821.72	702.33
821.89	255.38
822.059	61.44
822.229	102.9
822.399	259.19
822.568	87.15
822.738	-1585.37
822.908	266.26
823.077	67.16
823.247	92.71
823.416	694.12
823.586	122.99
823.756	-19.72
823.925	458.23
824.095	869.77
824.264	27.8
824.433	189.38
824.603	112.81
824.772	10.35
824.942	-848.1
825.111	67.34
825.28	-157.76
825.45	262.61
825.619	-105.59
825.788	-29.21
825.958	87.57
826.127	79.62
826.296	20.2
826.465	109.65
826.635	4.23
826.804	16.89
826.973	323.99
827.142	77.45
827.311	-73.83
827.48	93.89
827.649	154.86
827.818	388.98
827.988	-212.8
828.157	169.91
828.326	-201.06
828.495	-92.35
828.664	-126.85
828.833	64.31
829.002	65.84
829.17	208.05
829.339	278.39
829.508	39.68
829.677	-217.98
829.846	76.96
830.015	-40
830.184	30.74
830.352	176.55
830.521	217.27
830.69	-502.44
830.859	58.82
831.027	1084.21
831.196	-94.42
831.365	31.87
831.533	54.47
831.702	97.98
831.871	119.04
832.039	248.98
832.208	-415.65
832.377	105.51
832.545	-28.28
832.714	1.35
832.882	-53.74
833.051	42.04
833.219	7571.43
833.388	324.91
833.556	67.06
833.724	4.95
833.893	31.66
834.061	894.74
834.23	33.22
834.398	186.1
834.566	262.34
834.735	5685.71
834.903	-1294.34
835.071	2600
835.239	-256.39
835.408	-11.44
835.576	423.26
835.744	98.68
835.912	38.32
836.08	111.51
836.249	200
836.417	193.58
836.585	65.86
836.753	59.4
836.921	115.68
837.089	5171.43
837.257	116.28
837.425	164.26
837.593	38.4
837.761	101.64
837.929	-30.62
838.097	110.23
838.265	81.93
838.433	-32.13
838.601	152.25
838.769	351.9
838.936	739.33
839.104	131.34
839.272	101.07
839.44	73.09
839.608	-1292.68
839.775	21.03
839.943	134.4
840.111	4.86
840.279	35.65
840.446	-247.76
840.614	-205.19
840.781	262.61
840.949	21.8
841.117	-158.37
841.284	-248.07
841.452	-217.39
841.619	-28.39
841.787	27.31
841.954	1037.21
842.122	-8.09
842.289	35.33
842.457	-143.34
842.624	137.13
842.792	-45.26
842.959	227.43
843.126	78.31
843.294	-40.73
843.461	127.49
843.629	-68.8
843.796	28.94
843.963	-94.16
844.13	41.13
844.298	121.24
844.465	84.55
844.632	-448.45
844.799	224.12
844.966	245.96
845.134	108.02
845.301	-48.38
845.468	25.17
845.635	208.48
845.802	200
845.969	92.58
846.136	48.5
846.303	1905.26
846.47	65.78
846.637	-3.08
846.804	263.16
846.971	34.75
847.138	255.6
847.305	-437.17
847.472	-77.2
847.639	-50.12
847.805	18.57
847.972	-563.64
848.139	-191.42
848.306	2473.68
848.473	289.55
848.639	26.55
848.806	171.2
848.973	135.76
849.14	-23.34
849.306	124.66
849.473	136.42
849.64	-150.77
849.806	-104.31
849.973	271.35
850.139	239.74
850.306	135.96
850.472	138.01
850.639	113.44
850.806	1778.95
850.972	85.22
851.139	1228.57
851.305	64.1
851.471	-26.33
851.638	339.88
851.804	-176.12
851.971	27.05
852.137	29.56
852.303	169.36
852.47	72.58
852.636	-207.66
852.802	360.63
852.968	72.34
853.135	-141.12
853.301	-21.97
853.467	101.64
853.633	-25.4
853.8	9.4
853.966	-256.85
854.132	3457.14
854.298	-194.16
854.464	-56.18
854.63	125.38
854.796	134.92
854.962	165.47
855.128	41.32
855.294	9.48
855.46	-109.68
855.626	140.45
855.792	-64.09
855.958	584.47
856.124	23.31
856.29	350.99
856.456	54.99
856.622	46.81
856.787	776.62
856.953	10.53
857.119	-227.72
857.285	262.56
857.45	89.75
857.616	-46.79
857.782	-2.56
857.948	211.29
858.113	-94.88
858.279	-104.57
858.445	303.94
858.61	1734.88
858.776	59.11
858.941	21.78
859.107	-7.23
859.273	75.76
859.438	-30.26
859.604	1147.37
859.769	426.77
859.935	-108.91
860.1	41.96
860.265	78.58
860.431	113.67
860.596	4657.14
860.762	179.01
860.927	50.42
861.092	-48.87
861.258	-71.95
861.423	102.7
861.588	-11.41
861.753	4314.29
861.919	18.87
862.084	407.87
862.249	326.1
862.414	236.86
862.579	-7.11
862.745	-0.41
862.91	310.7
863.075	47.56
863.24	-47.54
863.405	-41.21
863.57	20.2
863.735	-7.9
863.9	-33.63
864.065	-11.38
864.23	48.02
864.395	-4.98
864.56	76.74
864.725	32.91
864.89	712.36
865.055	43.87
865.22	19.8
865.384	-447.19
865.549	607.77
865.714	67.92
865.879	-55.74
866.044	-126.56
866.208	128.54
866.373	-10.99
866.538	37
866.702	-150.16
866.867	-27.77
867.032	33.41
867.196	143.67
867.361	257.6
867.526	-119.31
867.69	-122.19
867.855	-50.55
868.019	680
868.184	77.33
868.348	-66.21
868.513	-341.94
868.677	55.25
868.842	77.03
869.006	111.61
869.17	-705.66
869.335	580.49
869.499	281.55
869.663	549.67
869.828	68.83
869.992	953.49
870.156	50.67
870.321	-183.58
870.485	61.64
870.649	190.5
870.813	-83.39
870.978	332.77
871.142	-778.46
871.306	-158.29
871.47	156.2
871.634	464.57
871.798	-38.51
871.962	183.6
872.126	-2542.86
872.29	28.57
872.454	7742.86
872.618	85.17
872.782	-319.4
872.946	393.29
873.11	37.19
873.274	33.53
873.438	200
873.602	10.03
873.766	309.09
873.93	-43.29
874.094	24.72
874.257	28.12
874.421	68.21
874.585	505.45
874.749	5.5
874.912	260.43
875.076	36.23
875.24	-0.66
875.403	400.68
875.567	234.29
875.731	92.13
875.894	-157.55
876.058	257.42
876.222	-123.6
876.385	163.82
876.549	1.59
876.712	789.09
876.876	234.01
877.039	107.34
877.203	-55.74
877.366	-103.5
877.529	4.95
877.693	106.21
877.856	130.96
878.02	-9.45
878.183	45.77
878.346	-392.21
878.51	-373.45
878.673	191.37
878.836	-83.91
878.999	509.68
879.163	110.07
879.326	68.03
879.489	128.07
879.652	51.01
879.815	67.63
879.978	18.78
880.142	87.25
880.305	13.66
880.468	162.41
880.631	9.02
880.794	158.35
880.957	-502.44
881.12	-4458.82
881.283	124.66
881.446	90.31
881.609	174.1
881.772	207.82
881.935	-1282.35
882.097	221.48
882.26	-388.68
882.423	49.25
882.586	173.43
882.749	238.48
882.912	111.66
883.074	53.98
883.237	88.07
883.4	-6.9
883.562	77.36
883.725	132.8
883.888	511.81
884.05	4520
884.213	-44.17
884.376	54.27
884.538	45.63
884.701	45.63
884.863	45.63
