181.954	304.05
182.172	304.05
182.39	304.05
182.608	8740
182.826	20.88
183.043	-180.85
183.261	135.97
183.479	173.9
183.697	311.76
183.914	2.83
184.132	55.08
184.35	89.24
184.567	86.48
184.785	-59.29
185.003	-66.58
185.22	197.85
185.438	-17.47
185.656	160.3
185.873	-232.31
186.091	31.43
186.309	-106.9
186.526	34.84
186.744	-86.73
186.961	-55.81
187.179	367.3
187.396	56.41
187.614	-343.08
187.831	-9500
188.049	-76.69
188.266	90.1
188.484	-526.87
188.701	146.6
188.919	79.9
189.136	123.94
189.354	178.76
189.571	-133.18
189.789	139.91
190.006	-0.81
190.223	-217.84
190.441	34.43
190.658	1128.57
190.876	116.28
191.093	-242.86
191.31	118.46
191.528	7.26
191.745	-37.07
191.962	55.96
192.179	60.66
192.397	177.73
192.614	-49.42
192.831	39.86
193.049	14.42
193.266	193.2
193.483	30.87
193.7	210.77
193.917	91.22
194.135	376.26
194.352	123.17
194.569	57.94
194.786	214.04
195.003	153.4
195.221	86.06
195.438	112.72
195.655	184.42
195.872	156.95
196.089	7.53
196.306	59.58
196.523	62.38
196.74	305.71
196.957	0.58
197.174	26.9
197.391	154.01
197.608	81.11
197.825	1106.45
198.042	37.24
198.259	-810.34
198.476	143.77
198.693	-4940
198.91	79.4
199.127	-294.03
199.344	-21.46
199.561	23.7
199.778	23.58
199.995	171.64
200.212	348.28
200.429	134.12
200.646	8.86
200.862	-304.49
201.079	8.55
201.296	92.05
201.513	437.86
201.73	-90.41
201.947	85.11
202.163	-29.86
202.38	-205.2
202.597	234.76
202.814	55.25
203.03	-1340
203.247	-291.96
203.464	-67.5
203.681	-445.45
203.897	185.49
204.114	303.77
204.331	91.93
204.547	-960.47
204.764	12.25
204.981	-2864.71
205.197	171.49
205.414	157.75
205.63	-1100
205.847	268.84
206.064	667.27
206.28	60.76
206.497	-45.91
206.713	150.5
206.93	-108.24
207.146	157.72
207.363	-472.31
207.579	-506.59
207.796	174.34
208.012	50.68
208.229	225.37
208.445	47.68
208.662	-10.92
208.878	112.96
209.095	-41.18
209.311	50.4
209.528	3528.57
209.744	188.03
209.96	155.63
210.177	263.11
210.393	62.05
210.609	-3980
210.826	-106.13
211.042	433.91
211.258	494.03
211.475	125.67
211.691	72.69
211.907	798.73
212.124	-32.83
212.34	216.57
212.556	-51.76
212.772	7.69
212.989	274.83
213.205	-85.98
213.421	142.21
213.637	798.51
213.853	-16.73
214.069	1868.42
214.286	72.01
214.502	-258.21
214.718	39.81
214.934	62.61
215.15	178.69
215.366	16.71
215.582	121.2
215.798	74.57
216.015	55.14
216.231	-62.16
216.447	39.92
216.663	120.84
216.879	87.94
217.095	91.95
217.311	-601.89
217.527	59.91
217.743	-86.41
217.959	-601.89
218.175	106.88
218.391	324.46
218.606	17.71
218.822	-108.7
219.038	228.34
219.254	44.42
219.47	25.56
219.686	774.16
219.902	79.47
220.118	76.5
220.334	59.49
220.549	-1.56
220.765	-10.41
220.981	-99.44
221.197	-15.31
221.413	-427.47
221.628	-51.9
221.844	235.85
222.06	484.47
222.276	58.83
222.491	121.02
222.707	64.59
222.923	-359.06
223.139	17.97
223.354	-31.02
223.57	24.41
223.786	78.37
224.001	150.97
224.217	281.92
224.432	65.32
224.648	208.86
224.864	128.92
225.079	708.96
225.295	82.13
225.51	-36.22
225.726	81.48
225.942	179
226.157	52.53
226.373	59.15
226.588	36.84
226.804	1363.16
227.019	214.57
227.235	93.11
227.45	75.24
227.665	2500
227.881	62.2
228.096	684.35
228.312	82.13
228.527	90.46
228.743	250.86
228.958	-8.45
229.173	-119.13
229.389	144.96
229.604	48.54
229.819	126.16
230.035	-107.77
230.25	190.96
230.465	202.13
230.681	-1.63
230.896	30.47
231.111	103.47
231.327	61.29
231.542	2500
231.757	1.86
231.972	-31.45
232.187	161.28
232.403	-1668.42
232.618	34.92
232.833	82.53
233.048	34.55
233.263	-0.96
233.478	-202.61
233.694	267.44
233.909	61.29
234.124	78.68
234.339	3.72
234.554	-893.1
234.769	-90.37
234.984	-115.25
235.199	129.08
235.414	-133.63
235.629	-143.04
235.844	7.69
236.059	75.48
236.274	-1.51
236.489	-31.66
236.704	117.25
236.919	117.49
237.134	55.75
237.349	156.3
237.564	83.03
237.779	-51.98
237.994	156.17
238.209	96.2
238.424	26.38
238.639	114.93
238.853	83.51
239.068	85.5
239.283	-45.02
239.498	169.66
239.713	74.08
239.928	62.17
240.142	-135.41
240.357	-60.22
240.572	29.01
240.787	37.87
241.001	74.47
241.216	23.71
241.431	159.79
241.646	82.01
241.86	73.09
242.075	-793.02
242.29	72.09
242.504	8.26
242.719	368.32
242.934	-145.67
243.148	119.13
243.363	1.59
243.577	-304.49
243.792	-2.02
244.007	61.53
244.221	6.49
244.436	-25.37
244.65	77.91
244.865	281.99
245.079	132.29
245.294	-158.99
245.508	-20.27
245.723	76.34
245.937	34.07
246.152	6.37
246.366	104.12
246.581	-22.36
246.795	4.29
247.01	11.35
247.224	24.51
247.438	-99.53
247.653	44.56
247.867	140.56
248.081	102.46
248.296	-46.34
248.51	91.09
248.724	60.39
248.939	-419.4
249.153	-12.65
249.367	59.29
249.582	70.57
249.796	287.01
250.01	-11.26
250.224	96.12
250.439	133.8
250.653	136.47
250.867	25.9
251.081	-93.36
251.295	79.47
251.51	-83.83
251.724	212.23
251.938	-24.91
252.152	283.94
252.366	126.15
252.58	-140
252.794	62.65
253.008	195.36
253.223	57.43
253.437	-35.42
253.651	25.96
253.865	97.71
254.079	90.82
254.293	35.07
254.507	-74.55
254.721	-36.97
254.935	205.49
255.149	87.32
255.363	118.78
255.577	11.41
255.791	291.19
256.005	173.62
256.218	-2.55
256.432	75.45
256.646	75.3
256.86	-1.41
257.074	128.53
257.288	2980
257.502	561.54
257.716	83.87
257.929	56.5
258.143	36.96
258.357	167.84
258.571	330.26
258.785	-22.08
258.998	90.49
259.212	37.53
259.426	-109.87
259.64	210.3
259.853	17.24
260.067	184.31
260.281	113.46
260.494	166.51
260.708	408.91
260.922	3.9
261.135	31.72
261.349	-6.89
261.563	221.45
261.776	-3711.76
261.99	51.66
262.203	0.96
262.417	-10.25
262.63	-1.69
262.844	19.1
263.058	104.07
263.271	75.46
263.485	124.55
263.698	54.83
263.912	2.98
264.125	-3.58
264.339	402.36
264.552	23.87
264.765	-359.13
264.979	141.38
265.192	178.47
265.406	61.12
265.619	-199.02
265.832	89.01
266.046	19.25
266.259	100
266.473	448.39
266.686	65.01
266.899	124.6
267.113	-2060
267.326	129.68
267.539	30.81
267.752	39.72
267.966	121.11
268.179	122.14
268.392	70.58
268.605	241.73
268.819	114.37
269.032	276.3
269.245	-767.69
269.458	126.57
269.671	282.28
269.885	-1.11
270.098	22.06
270.311	39.24
270.524	98.17
270.737	14.07
270.95	171.52
271.163	364.57
271.376	-132.26
271.589	130.38
271.802	67
272.016	-5.54
272.229	63.87
272.442	51.42
272.655	97.41
272.868	-42.55
273.081	-398.88
273.294	37.14
273.506	66.08
273.719	25.9
273.932	46.62
274.145	-1580
274.358	81
274.571	156.47
274.784	394.34
274.997	41.85
275.21	-53.91
275.423	33.46
275.635	292.96
275.848	59.69
276.061	632.45
276.274	130.69
276.487	246.09
276.699	183.37
276.912	-16.62
277.125	59.15
277.338	30.65
277.55	19.85
277.763	-9.88
277.976	140.88
278.189	100
278.401	70.69
278.614	416.8
278.827	10.52
279.039	76.34
279.252	107.25
279.464	-19.69
279.677	96.12
279.89	95.49
280.102	57.79
280.315	685.37
280.527	-2868.42
280.74	-2258.62
280.952	131.81
281.165	-12.88
281.377	150.48
281.59	28.53
281.802	68.51
282.015	152.05
282.227	161.06
282.44	488.49
282.652	-210.11
282.865	236.49
283.077	224.34
283.29	92.92
283.502	117.3
283.714	179.62
283.927	-52.79
284.139	-157.51
284.351	149.1
284.564	189.84
284.776	15.01
284.988	-107.77
285.201	189.55
285.413	58.83
285.625	-302.16
285.838	32.21
286.05	42.55
286.262	148.71
286.474	31.12
286.686	43.17
286.899	46.19
287.111	89.92
287.323	15.17
287.535	397.03
287.747	131.52
287.959	24.23
288.172	449.09
288.384	27.82
288.596	7.06
288.808	-126.42
289.02	258.49
289.232	156.58
289.444	112.35
289.656	-64.17
289.868	48.16
290.08	107.36
290.292	59.15
290.504	57.65
290.716	5.64
290.928	114.14
291.14	630.23
291.352	-1.17
291.564	100
291.776	196.1
291.988	100
292.2	31.75
292.412	-191.89
292.624	-104.59
292.835	1138.81
293.047	22.24
293.259	-118.18
293.471	-68.33
293.683	-75.61
293.895	133.63
294.106	-43.53
294.318	107.91
294.53	2.21
294.742	844.83
294.953	-72.69
295.165	5.01
295.377	153.83
295.589	26.44
295.8	-15.81
296.012	86.16
296.224	-13.21
296.435	112.02
296.647	113.28
296.858	-64.03
297.07	856.92
297.282	-62.91
297.493	43.33
297.705	-201.71
297.916	40.26
298.128	139.24
298.34	5.18
298.551	-36.6
298.763	9.29
298.974	132.33
299.186	36.19
299.397	120.99
299.609	22.58
299.82	40.71
300.031	74.86
300.243	-1605.26
300.454	158.9
300.666	95.04
300.877	264.93
301.089	288.94
301.3	39.54
301.511	34.43
301.723	-83.59
301.934	1228.36
302.145	16.62
302.357	38.81
302.568	-63.2
302.779	64.53
302.99	-61.43
303.202	118.63
303.413	1.37
303.624	30.85
303.835	484.91
304.047	-269.23
304.258	50.52
304.469	50.19
304.68	-3.73
304.891	-17.07
305.103	-20.46
305.314	103.05
305.525	11928.57
305.736	-32.28
305.947	72.45
306.158	876.47
306.369	98.69
306.58	94.18
306.791	48.85
307.002	43.99
307.213	-24.46
307.424	49.12
307.636	116.35
307.846	186.52
308.057	204.85
308.268	96.2
308.479	53.18
308.69	19.12
308.901	86.34
309.112	-151.16
309.323	49.45
309.534	-99.23
309.745	27.06
309.956	-18.98
310.167	7.23
310.377	121.59
310.588	85.11
310.799	-50.61
311.01	23.46
311.221	-51.98
311.432	65.64
311.642	-61.68
311.853	210.82
312.064	-148.28
312.275	215.99
312.485	102.89
312.696	73.21
312.907	63.82
313.117	21.47
313.328	-28.68
313.539	-7.42
313.749	-10.17
313.96	-440.66
314.171	78.63
314.381	96.2
314.592	73.78
314.802	20.11
315.013	93.46
315.224	74.33
315.434	-152.63
315.645	-2780
315.855	132.7
316.066	-21.35
316.276	256.89
316.487	-309.76
316.697	32.95
316.908	70.84
317.118	168.88
317.329	135.54
317.539	74.33
317.749	249.36
317.96	-7.46
318.17	-128.08
318.381	7.69
318.591	271.43
318.801	27.06
319.012	74.56
319.222	158.25
319.432	37.47
319.643	194.46
319.853	73.09
320.063	2.2
320.273	-28.77
320.484	970.33
320.694	295.92
320.904	83.73
321.114	356.18
321.325	-562.07
321.535	117.06
321.745	-10.13
321.955	71.69
322.165	67.37
322.375	44.58
322.585	158.9
322.796	1589.66
323.006	123.66
323.216	34.04
323.426	91.07
323.636	100
323.846	-603.45
324.056	100
324.266	27.65
324.476	87.68
324.686	-23.24
324.896	75.64
325.106	1005.66
325.316	96.2
325.526	226.32
325.736	42.06
325.946	43.96
326.156	380.52
326.366	100
326.576	67.8
326.785	-86.93
326.995	45.61
327.205	238.69
327.415	335.93
327.625	-31.39
327.835	-60.9
328.044	112.06
328.254	100
328.464	91.52
328.674	105.32
328.884	-150.36
329.093	-9.09
329.303	49.31
329.513	10.56
329.722	-2300
329.932	18.43
330.142	10.96
330.351	180.27
330.561	580
330.771	15.87
330.98	135.97
331.19	-324.62
331.4	-95.05
331.609	53.05
331.819	129.27
332.028	-50.86
332.238	197.63
332.447	20.64
332.657	44.43
332.866	115.64
333.076	40.43
333.285	96.09
333.495	641.94
333.704	-115.25
333.914	62.62
334.123	-62.34
334.333	173.85
334.542	-1.36
334.752	561.54
334.961	-533.96
335.17	-14.57
335.38	-109.26
335.589	41.68
335.798	31.01
336.008	126.37
336.217	176.6
336.426	96.45
336.636	54.04
336.845	5.35
337.054	520.78
337.263	1.15
337.473	37.03
337.682	100
337.891	127.32
338.1	384.89
338.309	1.78
338.519	124.6
338.728	48.21
338.937	-136.22
339.146	160.43
339.355	-398.11
339.564	415.79
339.773	33.67
339.983	-117.56
340.192	141.74
340.401	139.24
340.61	74.83
340.819	30.95
341.028	60.66
341.237	523.53
341.446	23.74
341.655	138.71
341.864	-116.11
342.073	100
342.282	53.73
342.491	60.51
342.699	158.25
342.908	287.01
343.117	52.51
343.326	65.99
343.535	-227.27
343.744	-60.19
343.953	4
344.162	48.62
344.37	53.51
344.579	-240.3
344.788	-120.97
344.997	139.53
345.206	60.91
345.414	113.46
345.623	122.14
345.832	43.79
346.041	-46.19
346.249	124.2
346.458	62
346.667	84.64
346.875	111.2
347.084	78.26
347.293	146.65
347.501	48.82
347.71	-22.48
347.918	33.58
348.127	-321.98
348.336	-162.25
348.544	168.99
348.753	225.37
348.961	110.73
349.17	229.73
349.378	50.64
349.587	-90.57
349.795	379.61
350.004	-472.31
350.212	39.38
350.421	-335.4
350.629	74.62
350.838	52.82
351.046	-7.73
351.254	31.17
351.463	24.89
351.671	1300
351.879	30.6
352.088	103.66
352.296	-69.91
352.504	114.09
352.713	2.83
352.921	-13.39
353.129	-8.42
353.338	225.95
353.546	42.6
353.754	254.6
353.962	-94.83
354.171	12.25
354.379	-342.11
354.587	52.5
354.795	49.19
355.003	12.52
355.212	139.88
355.42	-13.21
355.628	140.48
355.836	197.63
356.044	35.76
356.252	10.59
356.46	-2.64
356.668	1281.54
356.876	106.29
357.084	156.79
357.292	113.31
357.5	-9.48
357.708	97.94
357.916	207.9
358.124	2.04
358.332	-759.7
358.54	-9.09
358.748	-274.03
358.956	123.33
359.164	19.82
359.372	94.49
359.58	-89.93
359.788	91.73
359.996	158.31
360.203	2.61
360.411	110.11
360.619	136.18
360.827	55.02
361.035	-32.52
361.242	68.33
361.45	115.19
361.658	48.82
361.866	-21.12
362.073	150.88
362.281	117.12
362.489	5.55
362.697	100
362.904	194.26
363.112	109.21
363.32	11.84
363.527	-150.43
363.735	-34.36
363.943	101.52
364.15	91.52
364.358	-15.43
364.565	84.45
364.773	47.09
364.98	-133.22
365.188	27.43
365.395	192.31
365.603	128.47
365.81	12.68
366.018	51.53
366.225	71.62
366.433	-13.15
366.64	106.71
366.848	-1.87
367.055	-5.33
367.263	-18.99
367.47	70.1
367.677	-249.37
367.885	131.93
368.092	120.92
368.299	49.3
368.507	155.93
368.714	259.29
368.921	-70.08
369.129	123.5
369.336	71.47
369.543	63.71
369.751	-23.04
369.958	-50.67
370.165	52.57
370.372	44.12
370.579	53.96
370.787	63.95
370.994	25.25
371.201	1.91
371.408	63.08
371.615	90.67
371.822	12.53
372.029	-22.03
372.237	-160.57
372.444	177.84
372.651	22.46
372.858	124.63
373.065	95.21
373.272	11
373.479	-396.55
373.686	65.88
373.893	-354.37
374.1	151.67
374.307	-314.39
374.514	80.57
374.721	61.53
374.928	22.08
375.135	25.9
375.341	-2780
375.548	32.37
375.755	37.03
375.962	20.96
376.169	57.85
376.376	231.17
376.583	-3.77
376.789	100
376.996	78.86
377.203	-32.26
377.41	63.7
377.617	17.76
377.823	100
378.03	254.84
378.237	28.54
378.443	175.43
378.65	-533.96
378.857	122.14
379.063	-173.42
379.27	-129.57
379.477	100
379.683	142.51
379.89	2.01
380.097	102.35
380.303	38.44
380.51	81.68
380.716	22.99
380.923	-88.98
381.129	16.94
381.336	-145.67
381.542	69.52
381.749	75.33
381.955	55.82
382.162	160.12
382.368	53.35
382.575	-36.6
382.781	1051.72
382.988	31.17
383.194	22.54
383.4	-53.51
383.607	70.94
383.813	15.87
384.02	10.39
384.226	-57.99
384.432	21.02
384.639	69.25
384.845	-97.47
385.051	48.16
385.257	65.46
385.464	48.6
385.67	106.19
385.876	167.39
386.082	26.78
386.289	10.74
386.495	35.84
386.701	-68.08
386.907	1.79
387.113	36.95
387.319	121.46
387.526	96.09
387.732	-381.89
387.938	263.2
388.144	-348.7
388.35	56.56
388.556	82.33
388.762	36.25
388.968	937.21
389.174	47.43
389.38	214.04
389.586	13.5
389.792	56.03
389.998	48.16
390.204	-29.45
390.41	86.14
390.616	43.93
390.822	-34.58
391.028	24.3
391.234	59.81
391.439	100
391.645	19.67
391.851	65.4
392.057	-19.31
392.263	53.34
392.469	-7.5
392.674	-11.5
392.88	37.03
393.086	2.28
393.292	62.71
393.498	-109.26
393.703	38.36
393.909	-21.44
394.115	82.93
394.32	21.9
394.526	41.49
394.732	94.98
394.937	101.15
395.143	80.57
395.349	172.57
395.554	-105.03
395.76	16.16
395.965	-0.63
396.171	11.56
396.377	-3.33
396.582	59.55
396.788	6.06
396.993	75.21
397.199	-11.37
397.404	21.45
397.61	-44.18
397.815	-2.16
398.021	41.54
398.226	91.88
398.431	21.04
398.637	17.29
398.842	-6.98
399.048	32.06
399.253	31.6
399.458	44.86
399.664	36.05
399.869	21.76
400.074	8.65
400.28	42.25
400.485	-39.64
400.69	25.84
400.896	32.32
401.101	7.06
401.306	15.41
401.511	19.77
401.716	27.91
401.922	18.64
402.127	2.66
402.332	17.49
402.537	22.76
402.742	12.68
402.947	57.12
403.153	2.22
403.358	6.57
403.563	24.34
403.768	17.09
403.973	20.03
404.178	-5.84
404.383	10.41
404.588	16.49
404.793	21.9
404.998	-2.42
405.203	-12.78
405.408	11.47
405.613	22.56
405.818	7.59
406.023	5.54
406.228	0.5
406.433	7.57
406.638	-2.37
406.842	19.88
407.047	18.07
407.252	0.68
407.457	8.88
407.662	5.44
407.867	10.87
408.071	15.67
408.276	6.92
408.481	8.39
408.686	5.84
408.891	4.63
409.095	5.13
409.3	4.14
409.505	3.74
409.709	-0.07
409.914	8.27
410.119	10.54
410.323	-1.27
410.528	3.28
410.733	11.66
410.937	0.51
411.142	4.58
411.346	7.57
411.551	4.28
411.756	6.8
411.96	7.35
412.165	-1.61
412.369	4.84
412.574	3.39
412.778	2.46
412.983	4.04
413.187	6.09
413.392	-1.48
413.596	4.63
413.8	3.52
414.005	7.43
414.209	1.26
414.414	-0.94
414.618	2.29
414.822	0.25
415.027	1.49
415.231	8.03
415.435	5.1
415.64	3.57
415.844	1.31
416.048	5.12
416.252	2.09
416.457	5.13
416.661	3.52
416.865	1.88
417.069	0.81
417.274	3.2
417.478	2.82
417.682	3.8
417.886	1.53
418.09	4.57
418.294	2.34
418.498	2.87
418.702	3.39
418.907	3.49
419.111	1.98
419.315	2.74
419.519	2.13
419.723	1.36
419.927	3.11
420.131	5.6
420.335	2.74
420.539	1.76
420.743	5.24
420.947	0.86
421.151	2.02
421.355	1.39
421.558	2.46
421.762	2.28
421.966	1.84
422.17	2.14
422.374	3.6
422.578	1.26
422.782	2.64
422.985	2.49
423.189	2.49
423.393	2.16
423.597	2.45
423.801	3.15
424.004	1.94
424.208	2.26
424.412	1.95
424.615	2.68
424.819	3.16
425.023	1.94
425.226	2.34
425.43	3.21
425.634	2.17
425.837	1.59
426.041	2.9
426.245	2.45
426.448	2.64
426.652	2.06
426.855	2.23
427.059	2.01
427.262	2.2
427.466	1.64
427.669	2.42
427.873	2.3
428.076	2.12
428.28	2.5
428.483	1.9
428.687	1.93
428.89	2.6
429.094	1.92
429.297	2.21
429.5	2.07
429.704	2.34
429.907	2.54
430.11	1.97
430.314	2.53
430.517	1.65
430.72	2.9
430.924	2.66
431.127	1.63
431.33	3.03
431.533	2.43
431.737	2.63
431.94	1.81
432.143	2.28
432.346	1.51
432.549	1.88
432.752	1.62
432.956	2.11
433.159	1.35
433.362	1.51
433.565	2.31
433.768	1.78
433.971	1.88
434.174	2.13
434.377	1.93
434.58	1.96
434.783	1.58
434.986	2.01
435.189	2.43
435.392	2.34
435.595	2.26
435.798	2.06
436.001	2.21
436.204	1.89
436.407	2.04
436.61	1.59
436.813	2.09
437.016	2.41
437.219	1.9
437.421	1.84
437.624	2.04
437.827	2.11
438.03	1.99
438.233	1.86
438.435	2.04
438.638	1.92
438.841	2.33
439.044	1.69
439.246	2.23
439.449	1.84
439.652	2.09
439.854	2.15
440.057	1.95
440.26	2.01
440.462	2.05
440.665	1.72
440.868	1.89
441.07	2.4
441.273	2.43
441.475	1.95
441.678	2.12
441.88	2.11
442.083	1.52
442.286	2.19
442.488	1.78
442.69	1.99
442.893	2
443.095	1.95
443.298	1.76
443.5	2.14
443.703	1.91
443.905	1.99
444.108	1.96
444.31	2.36
444.512	2.35
444.715	2.1
444.917	2.08
445.119	2.31
445.322	2.16
445.524	2.53
445.726	2.03
445.928	2.07
446.131	2.21
446.333	1.95
446.535	1.92
446.737	2.19
446.94	2.57
447.142	2.34
447.344	2
447.546	2.53
447.748	2.04
447.95	2.19
448.152	2.2
448.354	2.23
448.557	2.45
448.759	2.36
448.961	1.83
449.163	2.14
449.365	2.36
449.567	2.17
449.769	2.18
449.971	2.57
450.173	2.11
450.375	2.37
450.577	2.5
450.779	2.38
450.981	2.32
451.182	2.22
451.384	2.12
451.586	2.79
451.788	2.23
451.99	2.17
452.192	2.11
452.394	2.28
452.595	2.7
452.797	2.18
452.999	2.6
453.201	2.67
453.402	2.19
453.604	2.59
453.806	2.46
454.008	2.63
454.209	2.21
454.411	2.31
454.613	2.54
454.814	2.32
455.016	2.55
455.218	2.57
455.419	2.4
455.621	2.56
455.822	2.21
456.024	2.12
456.225	2.66
456.427	2.95
456.629	1.77
456.83	2.54
457.032	2.69
457.233	2.13
457.435	1.91
457.636	2.61
457.837	2.36
458.039	1.96
458.24	2.73
458.442	2.41
458.643	1.66
458.844	2.75
459.046	1.95
459.247	2.78
459.448	2.49
459.65	2.38
459.851	2.49
460.052	2.86
460.254	3.11
460.455	2.84
460.656	3.42
460.857	3.1
461.059	2.44
461.26	2.37
461.461	2.49
461.662	2.34
461.863	2.71
462.065	2.91
462.266	2.85
462.467	2.55
462.668	1.58
462.869	3.06
463.07	2.76
463.271	2.75
463.472	2.14
463.673	2.31
463.874	2.58
464.075	2.3
464.276	3.32
464.477	3.23
464.678	3.31
464.879	2.58
465.08	2.8
465.281	2.82
465.482	1.91
465.683	2.64
465.884	3
466.085	2.68
466.285	2.4
466.486	2.99
466.687	3.32
466.888	2.45
467.089	3.28
467.29	2.32
467.49	2.83
467.691	3.67
467.892	2.44
468.093	4.15
468.293	2.77
468.494	2.75
468.695	3.4
468.895	3.72
469.096	2.28
469.297	2.44
469.497	3.62
469.698	3.22
469.898	2.67
470.099	3.08
470.3	2.93
470.5	2.91
470.701	3.8
470.901	4.04
471.102	4.05
471.302	1.83
471.503	3.26
471.703	4.77
471.904	1.99
472.104	3.23
472.305	2.48
472.505	3.55
472.705	2.64
472.906	1.98
473.106	4.33
473.306	3.15
473.507	2.75
473.707	3.94
473.907	2.65
474.108	2.42
474.308	2.86
474.508	3.26
474.709	2.41
474.909	2.19
475.109	3.48
475.309	1.29
475.51	3.63
475.71	2.27
475.91	3.83
476.11	1.16
476.31	3.13
476.51	3.7
476.71	2.91
476.911	3.8
477.111	3.33
477.311	4.02
477.511	3.17
477.711	2.81
477.911	1.75
478.111	4.78
478.311	2.13
478.511	3.06
478.711	4.92
478.911	3.36
479.111	2.58
479.311	2.71
479.511	4.16
479.711	2.29
479.91	2.27
480.11	2.93
480.31	2.78
480.51	3.18
480.71	2.38
480.91	3.68
481.109	2.55
481.309	3.07
481.509	2.26
481.709	5.1
481.909	3.99
482.108	0.85
482.308	2.96
482.508	4.61
482.707	4.9
482.907	2.84
483.107	4.01
483.306	3.69
483.506	4.56
483.706	2.42
483.905	3.16
484.105	4.3
484.304	4.76
484.504	2.48
484.704	4.49
484.903	3.51
485.103	4.31
485.302	3.27
485.502	3.86
485.701	3.88
485.901	3.15
486.1	2.5
486.299	4.66
486.499	2.72
486.698	3.68
486.898	2.81
487.097	2.61
487.296	1.83
487.496	2.86
487.695	2.74
487.894	3.22
488.094	2.25
488.293	3.7
488.492	2.99
488.692	3.61
488.891	1.98
489.09	2.18
489.289	3.26
489.489	2.93
489.688	2.21
489.887	3.12
490.086	3.76
490.285	3.29
490.484	4.56
490.683	4.05
490.883	4.82
491.082	4.11
491.281	3.72
491.48	3.13
491.679	5.09
491.878	2.78
492.077	3.97
492.276	4.54
492.475	3.31
492.674	2.2
492.873	2.74
493.072	3.19
493.271	4.38
493.47	1.66
493.669	1.7
493.867	3.02
494.066	2.95
494.265	2.81
494.464	3.54
494.663	2.83
494.862	1.98
495.06	2.16
495.259	1.7
495.458	3.63
495.657	3.28
495.856	3.62
496.054	4.5
496.253	3.16
496.452	2.61
496.65	2.67
496.849	2.69
497.048	3.1
497.246	3.48
497.445	3.5
497.644	3.93
497.842	3.12
498.041	2.69
498.239	2.87
498.438	3.33
498.636	2.66
498.835	3.17
499.034	3.67
499.232	3.53
499.431	3.18
499.629	2.55
499.827	3.58
500.026	3.07
500.224	3.67
500.423	2.62
500.621	3.05
500.82	4.15
501.018	4.24
501.216	2.73
501.415	4.31
501.613	2.87
501.811	4.17
502.01	4.47
502.208	4.11
502.406	3.92
502.604	4.46
502.803	3.42
503.001	4.32
503.199	3.84
503.397	4.42
503.595	3.35
503.794	3.34
503.992	3.98
504.19	2.86
504.388	3.96
504.586	4.29
504.784	4.17
504.982	3.63
505.18	4.08
505.378	3.87
505.576	4.39
505.774	4.68
505.972	3.88
506.17	4.91
506.368	4.98
506.566	4.12
506.764	4.46
506.962	4.49
507.16	4.38
507.358	3.73
507.556	4.97
507.754	4.49
507.952	4.26
508.15	4.61
508.347	3.83
508.545	4.58
508.743	4.36
508.941	4.5
509.139	5.25
509.336	4.49
509.534	5.09
509.732	4.99
509.93	4.29
510.127	5.02
510.325	4.98
510.523	5.31
510.72	5.1
510.918	4.98
511.116	4.71
511.313	4.77
511.511	5.14
511.708	4.8
511.906	5.72
512.104	5.19
512.301	5.13
512.499	5.32
512.696	5.42
512.894	5.06
513.091	5.26
513.289	5.45
513.486	5.42
513.683	5.57
513.881	5.26
514.078	5.38
514.276	5.38
514.473	5.05
514.67	6.16
514.868	6.01
515.065	5.93
515.262	5.48
515.46	6.05
515.657	6.1
515.854	6.53
516.052	5.71
516.249	6.43
516.446	6.1
516.643	5.55
516.84	6.15
517.038	5.97
517.235	5.75
517.432	6.31
517.629	6.57
517.826	6.32
518.023	6.33
518.221	6.33
518.418	6.84
518.615	6.54
518.812	6.69
519.009	6.09
519.206	6.32
519.403	6.36
519.6	6.41
519.797	6.34
519.994	6.43
520.191	7.17
520.388	6.81
520.585	6.7
520.782	6.69
520.978	6.45
521.175	6.94
521.372	7.02
521.569	7.04
521.766	6.73
521.963	6.73
522.159	6.92
522.356	7.24
522.553	7.58
522.75	7.47
522.947	7.11
523.143	7.51
523.34	7.86
523.537	7.1
523.733	7.38
523.93	6.97
524.127	7.55
524.323	7.15
524.52	7.46
524.717	7.4
524.913	7.81
525.11	7.23
525.306	8.05
525.503	7.35
525.7	8.06
525.896	7.49
526.093	7.76
526.289	8.24
526.486	7.78
526.682	7.37
526.878	7.84
527.075	8.14
527.271	7.68
527.468	7.95
527.664	7.7
527.861	7.98
528.057	7.56
528.253	8.28
528.45	8.11
528.646	7.7
528.842	7.94
529.039	7.89
529.235	8.09
529.431	7.76
529.627	8.1
529.824	8.21
530.02	8.36
530.216	8.17
530.412	8.15
530.608	7.94
530.804	8.14
531.001	8.5
531.197	8.13
531.393	8.72
531.589	7.94
531.785	8.27
531.981	8.17
532.177	8.72
532.373	8.25
532.569	8.53
532.765	8.62
532.961	8.47
533.157	8.48
533.353	8.92
533.549	8.94
533.745	8.74
533.941	8.49
534.137	8.64
534.333	8.38
534.529	8.89
534.725	8.65
534.92	8.82
535.116	8.49
535.312	8.28
535.508	8.62
535.704	8.67
535.899	8.52
536.095	8.32
536.291	9.02
536.487	8.05
536.682	8.56
536.878	8.35
537.074	8.81
537.269	8.57
537.465	8.55
537.661	8.8
537.856	9.03
538.052	8.85
538.248	8.87
538.443	8.82
538.639	8.91
538.834	8.55
539.03	8.98
539.225	8.89
539.421	8.74
539.616	9.13
539.812	8.88
540.007	9.08
540.203	9.3
540.398	9.21
540.593	9.18
540.789	9.07
540.984	8.74
541.18	8.78
541.375	8.58
541.57	9.46
541.766	9.27
541.961	9.42
542.156	9.13
542.352	9.09
542.547	8.85
542.742	9.11
542.937	8.79
543.133	9.48
543.328	9.17
543.523	8.98
543.718	9.07
543.913	9.1
544.108	9.02
544.304	9.16
544.499	9.46
544.694	9.21
544.889	9.34
545.084	9.66
545.279	9.26
545.474	9.36
545.669	8.89
545.864	9.11
546.059	8.79
546.254	9.04
546.449	9.09
546.644	8.97
546.839	9.57
547.034	9.45
547.229	9.18
547.424	9.33
547.618	9.66
547.813	9.28
548.008	9.78
548.203	9.21
548.398	9.66
548.593	9.19
548.787	9.34
548.982	9.35
549.177	9.17
549.372	9.01
549.566	9.3
549.761	9.23
549.956	9.35
550.15	9.33
550.345	9.89
550.54	9.32
550.734	9.39
550.929	9.19
551.124	9.91
551.318	9.41
551.513	9.02
551.707	9.9
551.902	9.32
552.096	9.46
552.291	9.74
552.485	9.46
552.68	9.54
552.874	9.51
553.069	9.96
553.263	9.61
553.458	9.8
553.652	9.86
553.847	9.33
554.041	9.75
554.235	9.68
554.43	9.7
554.624	10.05
554.818	9.52
555.013	9.55
555.207	9.83
555.401	9.4
555.595	9.78
555.79	9.44
555.984	9.61
556.178	9.97
556.372	9.66
556.566	9.67
556.761	9.91
556.955	9.76
557.149	9.94
557.343	9.83
557.537	9.65
557.731	9.79
557.925	9.91
558.119	9.72
558.313	9.73
558.507	9.85
558.701	9.85
558.895	9.86
559.089	9.89
559.283	10.03
559.477	10.14
559.671	9.73
559.865	10.06
560.059	9.77
560.253	10.09
560.447	9.69
560.641	9.78
560.835	10.05
561.028	9.92
561.222	9.96
561.416	10.06
561.61	9.89
561.804	9.61
561.997	9.42
562.191	10
562.385	10.02
562.579	9.84
562.772	9.78
562.966	9.68
563.16	9.79
563.353	9.96
563.547	9.92
563.741	9.77
563.934	10.26
564.128	9.61
564.321	9.57
564.515	9.77
564.708	9.7
564.902	9.59
565.095	9.91
565.289	10.15
565.482	9.94
565.676	9.61
565.869	9.34
566.063	9.93
566.256	9.89
566.45	9.96
566.643	9.4
566.836	9.85
567.03	9.77
567.223	9.84
567.416	9.75
567.61	9.97
567.803	9.98
567.996	9.63
568.19	9.89
568.383	9.73
568.576	9.67
568.769	9.61
568.963	9.32
569.156	9.84
569.349	9.86
569.542	9.9
569.735	9.52
569.928	9.49
570.121	9.74
570.315	9.98
570.508	9.68
570.701	9.55
570.894	9.62
571.087	9.42
571.28	10.02
571.473	9.92
571.666	9.64
571.859	9.11
572.052	9.67
572.245	9.48
572.438	9.83
572.631	9.42
572.824	9.64
573.016	9.06
573.209	9.58
573.402	9.59
573.595	9.66
573.788	9.25
573.981	9.51
574.173	9.44
574.366	9.68
574.559	9.42
574.752	9.44
574.944	9.58
575.137	9.31
575.33	9.26
575.523	9.54
575.715	9.47
575.908	9.52
576.101	9.03
576.293	9.42
576.486	9.27
576.678	9.25
576.871	9.29
577.063	9.49
577.256	9.45
577.449	9.54
577.641	9.48
577.834	8.75
578.026	9.38
578.219	9.4
578.411	9.42
578.603	9.4
578.796	8.95
578.988	9.42
579.181	9.44
579.373	9.36
579.565	9.39
579.758	9.61
579.95	9.51
580.142	8.71
580.335	9.18
580.527	9.31
580.719	9.37
580.912	9.38
581.104	9.19
581.296	9.02
581.488	9.22
581.68	9.49
581.873	9.06
582.065	8.98
582.257	8.9
582.449	8.99
582.641	9.2
582.833	9.29
583.025	9.07
583.217	9
583.41	9.38
583.602	9.42
583.794	9.17
583.986	9.3
584.178	9.35
584.37	9.33
584.562	8.81
584.753	9.1
584.945	8.99
585.137	9.01
585.329	9.06
585.521	9.58
585.713	9.27
585.905	9.18
586.097	8.89
586.289	9.17
586.48	9.27
586.672	8.76
586.864	9.21
587.056	9.17
587.247	8.87
587.439	9.13
587.631	8.68
587.823	9.01
588.014	9.1
588.206	9.1
588.398	8.71
588.589	9.35
588.781	9.03
588.972	8.86
589.164	9.01
589.356	8.71
589.547	9.03
589.739	9.31
589.93	9.26
590.122	9.11
590.313	8.65
590.505	9.05
590.696	8.99
590.888	9.04
591.079	9.12
591.271	9.36
591.462	9.2
591.653	9.34
591.845	8.75
592.036	9.29
592.227	8.7
592.419	9.03
592.61	8.91
592.801	9.02
592.993	8.64
593.184	8.89
593.375	8.83
593.566	9.14
593.758	9.12
593.949	8.73
594.14	9.12
594.331	8.62
594.522	9.02
594.713	8.95
594.905	8.71
595.096	9.32
595.287	9.12
595.478	8.75
595.669	9.24
595.86	9.11
596.051	9.13
596.242	9.24
596.433	9.07
596.624	8.93
596.815	9.06
597.006	9.29
597.197	9.79
597.388	9.46
597.579	9.14
597.77	9.29
597.96	8.84
598.151	9.41
598.342	9.06
598.533	9.53
598.724	9.19
598.915	9.31
599.105	8.96
599.296	9.59
599.487	9.03
599.678	8.76
599.868	9.58
600.059	9.3
600.25	9.91
600.44	9.08
600.631	9.63
600.822	9.26
601.012	9.05
601.203	9.39
601.394	9.54
601.584	10.03
601.775	8.95
601.965	9.04
602.156	9.23
602.346	9.44
602.537	9.38
602.727	8.88
602.918	9.33
603.108	9.37
603.299	9.06
603.489	9.98
603.679	9.34
603.87	9.14
604.06	10.08
604.251	9.08
604.441	9.18
604.631	9.37
604.822	9.61
605.012	9.69
605.202	9.36
605.392	9.16
605.583	9.24
605.773	9.95
605.963	9.11
606.153	9.36
606.344	9.42
606.534	9.41
606.724	9.17
606.914	9.12
607.104	9.77
607.294	8.61
607.484	9.79
607.674	9.35
607.864	9.18
608.054	9.32
608.245	9.27
608.435	9.98
608.625	9.4
608.814	8.87
609.004	9.24
609.194	9.36
609.384	9.48
609.574	9.34
609.764	8.59
609.954	9.03
610.144	9.67
610.334	9.55
610.524	9.47
610.713	8.78
610.903	9.18
611.093	9.4
611.283	9.25
611.473	9.79
611.662	9.73
611.852	9.1
612.042	9.02
612.231	9.05
612.421	9.05
612.611	9.13
612.8	9.14
612.99	9.2
613.18	9.16
613.369	9.44
613.559	9.46
613.748	9.13
613.938	8.94
614.128	9.19
614.317	8.94
614.507	9.47
614.696	8.84
614.886	9.85
615.075	8.61
615.264	9.31
615.454	8.98
615.643	9.28
615.833	9.52
616.022	9.33
616.211	9.2
616.401	8.79
616.59	9.54
616.779	9.27
616.969	9.23
617.158	9.05
617.347	9.35
617.537	9.26
617.726	8.98
617.915	8.81
618.104	7.99
618.293	9.35
618.483	8.28
618.672	8.98
618.861	9.71
619.05	8.56
619.239	9.22
619.428	9.46
619.617	9.83
619.806	8.66
619.995	8.98
620.184	8.97
620.373	8.66
620.562	9.22
620.751	8.64
620.94	8.89
621.129	8.78
621.318	8.71
621.507	8.79
621.696	8.81
621.885	8.55
622.074	8.73
622.263	8.67
622.452	9.17
622.64	9.58
622.829	8.72
623.018	9.27
623.207	9.08
623.396	9.39
623.584	8.81
623.773	9.1
623.962	9.09
624.15	9.46
624.339	9.03
624.528	9.36
624.716	8.68
624.905	8.85
625.094	9
625.282	8.72
625.471	8.74
625.659	8.97
625.848	8.73
626.037	9.05
626.225	9.59
626.414	9.02
626.602	9.5
626.791	8.31
626.979	8.64
627.167	9.26
627.356	9.22
627.544	8.94
627.733	8.97
627.921	8.42
628.109	9.54
628.298	9.29
628.486	9.07
628.674	9.42
628.863	8.97
629.051	8.93
629.239	9.77
629.428	8.34
629.616	9.2
629.804	9.51
629.992	8.69
630.18	8.5
630.369	9.88
630.557	8.87
630.745	8.98
630.933	9.81
631.121	9.3
631.309	9.29
631.497	9.35
631.685	8.54
631.873	9.48
632.061	8.65
632.249	8.86
632.437	9.2
632.625	9.04
632.813	9.28
633.001	9.28
633.189	9.28
633.377	9.68
633.565	8.47
633.753	9.26
633.941	9.1
634.129	8.94
634.316	9.4
634.504	9.02
634.692	9.17
634.88	9.05
635.068	8.67
635.255	10.14
635.443	8.71
635.631	8.76
635.818	9.76
636.006	8.59
636.194	9.17
636.382	8.38
636.569	9.56
636.757	9.65
636.944	9.34
637.132	9.11
637.32	9.76
637.507	9.05
637.695	8.39
637.882	8.72
638.07	9.19
638.257	9.26
638.445	7.94
638.632	8.34
638.82	8.42
639.007	7.73
639.194	8.5
639.382	8.2
639.569	8.6
639.757	8.81
639.944	8.49
640.131	8.14
640.319	8.55
640.506	8.58
640.693	8.59
640.88	9.28
641.068	8.57
641.255	8.41
641.442	8.69
641.629	7.23
641.817	8.53
642.004	8
642.191	7.63
642.378	7.89
642.565	8.49
642.752	9.07
642.939	7.73
643.126	7.56
643.313	8.28
643.501	8.18
643.688	8.27
643.875	8.51
644.062	8.98
644.249	7.71
644.435	7.13
644.622	7.27
644.809	7.92
644.996	7.71
645.183	7.44
645.37	7.78
645.557	7.6
645.744	8.05
645.931	7.59
646.117	7.24
646.304	8.12
646.491	7
646.678	7.54
646.865	8.15
647.051	7.08
647.238	7.02
647.425	7.13
647.611	7.2
647.798	7.47
647.985	7.8
648.171	7.61
648.358	7.18
648.545	7.49
648.731	6.18
648.918	7.94
649.104	7.37
649.291	7.09
649.477	6.52
649.664	8.6
649.85	7.94
650.037	6.83
650.223	8.79
650.41	7.36
650.596	6.45
650.783	8.16
650.969	7.38
651.155	6.8
651.342	5.92
651.528	6.78
651.714	7.07
651.901	8.64
652.087	7.34
652.273	7.61
652.46	7.45
652.646	7.03
652.832	7.04
653.018	6.63
653.204	7.66
653.391	7.54
653.577	5.88
653.763	7.22
653.949	7.3
654.135	7.12
654.321	7.35
654.507	6.71
654.693	6.74
654.879	6.84
655.065	5.5
655.252	5.67
655.438	6.33
655.624	6.75
655.809	6.4
655.995	5.87
656.181	6.26
656.367	6.37
656.553	7.59
656.739	6.3
656.925	7.39
657.111	7.5
657.297	7.8
657.482	6.87
657.668	7.49
657.854	7.26
658.04	5.95
658.226	5.01
658.411	6.28
658.597	7.12
658.783	7.3
658.968	6.31
659.154	6.16
659.34	6.93
659.525	6.29
659.711	6.03
659.897	6.23
660.082	7.3
660.268	7.59
660.453	5.41
660.639	6.93
660.824	6.38
661.01	6.77
661.195	6.96
661.381	6.08
661.566	7.39
661.752	5.07
661.937	6.5
662.123	6.07
662.308	5.85
662.494	6.55
662.679	5.16
662.864	7.55
663.05	6.37
663.235	6.2
663.42	6.12
663.605	6.7
663.791	5.14
663.976	5.68
664.161	5.72
664.346	6
664.532	6.52
664.717	4.89
664.902	6.7
665.087	8.63
665.272	6.05
665.457	5.16
665.642	4.93
665.828	4.74
666.013	6.72
666.198	2.09
666.383	4.94
666.568	5.17
666.753	7.7
666.938	4.79
667.123	6.33
667.308	4.57
667.493	5.7
667.677	5.77
667.862	5.5
668.047	5.77
668.232	4.75
668.417	5.33
668.602	4.93
668.787	6.91
668.971	5.19
669.156	5.47
669.341	4.41
669.526	5.79
669.711	7.04
669.895	6.73
670.08	5.23
670.265	4.85
670.449	4.92
670.634	6
670.819	5.45
671.003	5.79
671.188	6.1
671.372	4.25
671.557	6.3
671.742	6.82
671.926	5.15
672.111	4.85
672.295	5.23
672.48	6.81
672.664	4.97
672.849	2.79
673.033	6.63
673.217	6.01
673.402	5.55
673.586	4.09
673.771	4.96
673.955	5.99
674.139	7.67
674.324	7.39
674.508	5.55
674.692	4.74
674.876	6.04
675.061	5.78
675.245	7.17
675.429	4.87
675.613	5.46
675.798	9.01
675.982	8.29
676.166	8.4
676.35	4.41
676.534	8.01
676.718	6.71
676.902	8.95
677.087	3.87
677.271	5.16
677.455	8.42
677.639	2.76
677.823	6.48
678.007	9.56
678.191	8.17
678.375	7.4
678.559	7.95
678.742	6.91
678.926	7.36
679.11	9.34
679.294	8.03
679.478	6.17
679.662	8.37
679.846	7.55
680.029	9.42
680.213	7.35
680.397	5.36
680.581	6.44
680.765	9.78
680.948	6.91
681.132	6.6
681.316	3.97
681.499	9.11
681.683	9.37
681.867	5.64
682.05	11.43
682.234	6.31
682.417	10.36
682.601	10.19
682.785	10.12
682.968	8.74
683.152	11.14
683.335	7.75
683.519	9.63
683.702	6.51
683.886	9.19
684.069	8.03
684.253	10.15
684.436	10.69
684.619	8.64
684.803	10.4
684.986	8.34
685.169	9.78
685.353	10.22
685.536	7.05
685.719	8.71
685.903	10.64
686.086	5.1
686.269	13.33
686.452	5.06
686.636	11.29
686.819	10.57
687.002	12.78
687.185	9.82
687.368	13.25
687.551	8.18
687.734	14.05
687.918	13.18
688.101	9.5
688.284	14.29
688.467	11.22
688.65	12.96
688.833	12.21
689.016	11.56
689.199	12.11
689.382	12.17
689.565	15.59
689.748	9.03
689.93	11.44
690.113	10.66
690.296	13.11
690.479	13.96
690.662	13.13
690.845	8.6
691.028	10.54
691.21	13.11
691.393	13.59
691.576	12.38
691.759	8.99
691.941	16.23
692.124	18.76
692.307	15.41
692.489	12.74
692.672	15.53
692.855	16.6
693.037	15.22
693.22	18.11
693.403	9.5
693.585	15.7
693.768	19.49
693.95	11.75
694.133	16.79
694.315	13.32
694.498	16.72
694.68	14.33
694.863	18.93
695.045	15.2
695.228	18.31
695.41	16.29
695.592	13.42
695.775	18.34
695.957	17.05
696.139	16.14
696.322	18.06
696.504	22
696.686	15.32
696.869	12.6
697.051	17.73
697.233	24.72
697.415	22.74
697.597	17.62
697.78	22.62
697.962	17.82
698.144	27.93
698.326	17.2
698.508	24.46
698.69	13.8
698.872	17.79
699.055	22.46
699.237	17.56
699.419	18.11
699.601	19.12
699.783	22.44
699.965	22.27
700.147	21.93
700.329	20.95
700.51	25.99
700.692	25.74
700.874	18.12
701.056	28.68
701.238	24.06
701.42	26.26
701.602	22.97
701.783	19.62
701.965	25.78
702.147	26.01
702.329	25.55
702.511	24.28
702.692	27.23
702.874	21.9
703.056	21.35
703.237	27.4
703.419	21.29
703.601	26.87
703.782	26.96
703.964	22.6
704.146	23.21
704.327	19.98
704.509	32.17
704.69	24.15
704.872	24.07
705.053	28.26
705.235	29.52
705.416	21.67
705.598	24.66
705.779	27.46
705.961	26.57
706.142	21.74
706.323	28.59
706.505	23.62
706.686	28.59
706.867	19.72
707.049	26.65
707.23	22.67
707.411	27.41
707.593	30.32
707.774	27.55
707.955	29.52
708.136	22.14
708.318	24.68
708.499	32.28
708.68	15.58
708.861	29.78
709.042	22.55
709.223	34.23
709.404	32.09
709.585	26.89
709.767	21.72
709.948	28.75
710.129	37.64
710.31	18.66
710.491	24.05
710.672	29.4
710.853	24.49
711.034	24.87
711.214	26.38
711.395	28.64
711.576	30.19
711.757	27.98
711.938	31.23
712.119	23.55
712.3	27.62
712.481	23.86
712.661	29.66
712.842	27.05
713.023	37.23
713.204	18.74
713.384	21.18
713.565	21.5
713.746	24.45
713.926	20.71
714.107	24.94
714.288	29.92
714.468	31.17
714.649	34.42
714.83	36.67
715.01	44.95
715.191	27.77
715.371	30.43
715.552	24.54
715.732	33.16
715.913	31.32
716.093	38.73
716.274	34.77
716.454	31.09
716.635	34.6
716.815	25.55
716.995	25.26
717.176	36.33
717.356	26.44
717.536	32.8
717.717	37.33
717.897	22.46
718.077	35.08
718.258	35.92
718.438	33.8
718.618	27.98
718.798	25.67
718.978	29.88
719.159	37.69
719.339	48.52
719.519	37.07
719.699	42.16
719.879	33.44
720.059	35.17
720.239	43.34
720.419	38.2
720.599	24.07
720.779	45.23
720.959	38.74
721.139	32.35
721.319	23.23
721.499	31.2
721.679	27.85
721.859	33.77
722.039	28.16
722.219	34.19
722.399	47.17
722.579	32.51
722.759	23.09
722.938	21.4
723.118	30.86
723.298	23.52
723.478	24.63
723.658	48.53
723.837	51.95
724.017	30.41
724.197	33.53
724.376	31.64
724.556	37.1
724.736	37.03
724.915	19.9
725.095	39.8
725.275	41.94
725.454	43.94
725.634	45.19
725.813	32.72
725.993	32.19
726.172	28.69
726.352	48.03
726.531	52.34
726.711	40.44
726.89	28.61
727.07	34.28
727.249	48.86
727.428	33.84
727.608	27.9
727.787	40.11
727.966	29.62
728.146	24.89
728.325	40.63
728.504	40.55
728.684	30.68
728.863	31.96
729.042	22.09
729.221	12.73
729.4	32.96
729.58	25.21
729.759	25.66
729.938	45.69
730.117	43.7
730.296	42.83
730.475	37.54
730.654	33.35
730.833	25.54
731.013	25.35
731.192	20.93
731.371	37.97
731.55	45.13
731.729	27.3
731.907	53.04
732.086	34.55
732.265	31.14
732.444	17.08
732.623	38.39
732.802	23.48
732.981	24.76
733.16	37.88
733.339	36.91
733.517	48.84
733.696	57.98
733.875	20.68
734.054	46.34
734.232	45.17
734.411	50.71
734.59	22.39
734.768	47.04
734.947	47.59
735.126	26.82
735.304	35.66
735.483	45.83
735.662	47.27
735.84	32.79
736.019	41.07
736.197	25.92
736.376	46.3
736.554	70.79
736.733	32.33
736.911	52.71
737.09	13.7
737.268	52.84
737.447	41.9
737.625	40.33
737.803	45.9
737.982	39.06
738.16	38.8
738.338	54.46
738.517	36.03
738.695	35.3
738.873	33.72
739.052	47.7
739.23	28.84
739.408	37.78
739.586	47.95
739.764	31.1
739.943	49.44
740.121	27.82
740.299	29.14
740.477	30.3
740.655	74.21
740.833	38.08
741.011	63.7
741.189	57.12
741.367	70.56
741.545	22.65
741.723	21.14
741.901	26.98
742.079	46.35
742.257	48.55
742.435	49.16
742.613	37.94
742.791	41.28
742.969	48.34
743.147	34.26
743.325	36.96
743.503	34.61
743.68	52.31
743.858	41.95
744.036	43.81
744.214	42.59
744.391	27.67
744.569	29.19
744.747	45.99
744.925	29.93
745.102	73.64
745.28	12.92
745.458	51.36
745.635	38.56
745.813	76.96
745.99	37.96
746.168	62.56
746.345	100
746.523	41.25
746.7	51.5
746.878	48.76
747.055	52.76
747.233	66.24
747.41	53.43
747.588	17.37
747.765	61.49
747.943	24.58
748.12	67.92
748.297	44.64
748.475	50.44
748.652	48.24
748.829	50.51
749.007	53.6
749.184	43.29
749.361	54.49
749.538	54.54
749.716	49.21
749.893	87.89
750.07	48.45
750.247	57.41
750.424	68.87
750.601	99.14
750.778	61.6
750.956	61.89
751.133	26.05
751.31	49.6
751.487	36.16
751.664	86.35
751.841	50.63
752.018	37.09
752.195	25.64
752.372	47.96
752.549	51.53
752.726	46.26
752.902	43.86
753.079	55.46
753.256	74.92
753.433	54.67
753.61	53.65
753.787	42.43
753.964	59.52
754.14	2.74
754.317	61.15
754.494	32.08
754.671	55.37
754.847	54.13
755.024	36.75
755.201	45.27
755.377	43.46
755.554	60.29
755.73	31.89
755.907	66.53
756.084	103.51
756.26	66.13
756.437	67.08
756.613	36.29
756.79	37.42
756.966	64.56
757.143	76.42
757.319	65
757.496	96.79
757.672	65.94
757.849	86.11
758.025	14.36
758.201	59.72
758.378	67.06
758.554	45.64
758.73	59.18
758.907	52.35
759.083	28.36
759.259	48.15
759.435	74.21
759.612	64.61
759.788	92.77
759.964	82.95
760.14	45.28
760.316	-14.71
760.493	97.53
760.669	78.4
760.845	24.13
761.021	53.53
761.197	-11.92
761.373	108.18
761.549	56.52
761.725	36.46
761.901	39.55
762.077	51.52
762.253	51.68
762.429	58.56
762.605	50.22
762.781	21
762.957	34.11
763.133	59.74
763.308	67.38
763.484	57.4
763.66	62.04
763.836	70.79
764.012	68.19
764.187	15.88
764.363	50.38
764.539	42.76
764.715	51.82
764.89	6.23
765.066	-4.98
765.242	56.69
765.417	68.98
765.593	43.62
765.769	71.66
765.944	48.02
766.12	59.27
766.295	30.95
766.471	38.04
766.646	95.02
766.822	57.07
766.997	56.69
767.173	78.79
767.348	36.02
767.524	-20.84
767.699	29.16
767.875	45.82
768.05	12.08
768.225	44.43
768.401	11.36
768.576	103.8
768.751	72.55
768.927	69.68
769.102	138.35
769.277	47.51
769.452	55.78
769.628	33.78
769.803	112.32
769.978	124.64
770.153	11.58
770.328	100
770.503	52
770.679	136.07
770.854	115.63
771.029	49.76
771.204	-27.15
771.379	15.13
771.554	103.73
771.729	23.4
771.904	-61
772.079	115.63
772.254	103.15
772.429	121.02
772.604	6.3
772.779	42.67
772.953	22.72
773.128	7.19
773.303	8.17
773.478	47.15
773.653	47.36
773.828	48.9
774.002	178.47
774.177	-6
774.352	517.39
774.527	111.19
774.701	70.76
774.876	149.65
775.051	395.19
775.225	188.03
775.4	16.43
775.575	60.23
775.749	52.9
775.924	17.67
776.098	86.23
776.273	43.77
776.447	41.23
776.622	58.57
776.796	-12.94
776.971	-7.97
777.145	37.32
777.32	106.28
777.494	82.14
777.669	44.31
777.843	14.01
778.017	136.83
778.192	39.19
778.366	34.05
778.54	108.68
778.715	-55.12
778.889	58.31
779.063	57.74
779.237	85.11
779.412	55.78
779.586	114.89
779.76	69
779.934	57.87
780.108	46.53
780.282	-258.21
780.457	94.23
780.631	82.51
780.805	-43.25
780.979	870.15
781.153	124.55
781.327	28.22
781.501	54.85
781.675	120.99
781.849	-10.81
782.023	106.88
782.197	1.05
782.371	-16.57
782.545	129.45
782.718	-39.93
782.892	82.83
783.066	31.39
783.24	61.13
783.414	43.56
783.588	149.28
783.761	34.39
783.935	78.13
784.109	148.4
784.283	89.57
784.456	327.49
784.63	49.34
784.804	95.69
784.977	24.94
785.151	37.2
785.324	59.52
785.498	46.33
785.672	7.08
785.845	154.07
786.019	304.74
786.192	68.21
786.366	64.85
786.539	14.58
786.713	-56.95
786.886	12.22
787.06	208.76
787.233	59
787.406	4.44
787.58	32
787.753	206.99
787.926	59.85
788.1	-69.33
788.273	-1598.11
788.446	95.57
788.62	61.29
788.793	-13.03
788.966	43.09
789.139	127.04
789.313	100
789.486	7642.86
789.659	-85.14
789.832	51.02
790.005	66.99
790.178	-16.81
790.351	29.8
790.524	104.07
790.697	19.77
790.87	-107.11
791.044	1452.73
791.216	114.61
791.389	-201.6
791.562	143.22
791.735	-203.8
791.908	848.05
792.081	86.7
792.254	350.55
792.427	104.46
792.6	68.51
792.773	56.16
792.945	279.1
793.118	82.13
793.291	-5.49
793.464	273.62
793.637	254.6
793.809	-0.98
793.982	57.33
794.155	90.79
794.327	169.4
794.5	44.62
794.673	172.87
794.845	34.63
795.018	-27.92
795.19	369.66
795.363	7.32
795.536	206.43
795.708	-441.94
795.881	3220
796.053	29.26
796.226	333.14
796.398	72.24
796.57	107.78
796.743	-53.94
796.915	49.63
797.088	61.13
797.26	-22.83
797.432	403.8
797.605	-28.34
797.777	-367.53
797.949	11.97
798.122	33.92
798.294	299.1
798.466	148
798.638	73.67
798.81	204.79
798.983	555.7
799.155	74.4
799.327	13.25
799.499	98.45
799.671	116.96
799.843	-80.82
800.015	-156.81
800.187	116.44
800.359	142.57
800.531	38.14
800.703	38.06
800.875	136.85
801.047	109.86
801.219	186.01
801.391	-538.96
801.563	358.99
801.735	100
801.907	92.64
802.079	228.71
802.251	86.81
802.422	156.69
802.594	-9.09
802.766	32.61
802.938	83.86
803.11	21.63
803.281	640.4
803.453	72.06
803.625	46.87
803.796	18.21
803.968	57.35
804.14	-1.05
804.311	71.94
804.483	205.76
804.654	120.53
804.826	227.9
804.998	305.35
805.169	7.34
805.341	-5.6
805.512	70.19
805.684	18.69
805.855	137.43
806.026	247.69
806.198	468.1
806.369	55.14
806.541	103.36
806.712	125.76
806.883	145.78
807.055	129.16
807.226	-24.86
807.397	113.19
807.569	206.19
807.74	77.81
807.911	36.33
808.082	-120.63
808.253	16.83
808.425	-15.27
808.596	153.93
808.767	177.7
808.938	-183.28
809.109	-280.2
809.28	-201.42
809.451	5.21
809.622	234.76
809.793	-1409.68
809.964	-213.04
810.135	67.46
810.306	-115.03
810.477	-53.02
810.648	34.95
810.819	44.93
810.99	-5420
811.161	-7.06
811.332	151.89
811.503	100
811.674	-66.15
811.844	-896.92
812.015	14.51
812.186	320.86
812.357	182.4
812.527	86.48
812.698	103.07
812.869	-828.3
813.04	108.2
813.21	-272.41
813.381	-21.4
813.551	15.49
813.722	82.21
813.893	58.94
814.063	-22.08
814.234	-772.73
814.404	22.25
814.575	173.22
814.745	-590.27
814.916	45.36
815.086	57.05
815.257	347.53
815.427	365.03
815.598	0.58
815.768	70.29
815.938	50.78
816.109	279.76
816.279	88.53
816.449	78.25
816.62	605.26
816.79	123.42
816.96	-556.6
817.13	-6.94
817.301	-198.48
817.471	-17.02
817.641	122.09
817.811	-48.91
817.981	-928.57
818.152	3.32
818.322	-90.1
818.492	155.98
818.662	121.2
818.832	32.81
819.002	78.53
819.172	223.84
819.342	-184.39
819.512	10.17
819.682	56.26
819.852	-36.41
820.022	20.18
820.192	32.58
820.362	41.46
820.531	-28.99
820.701	162.97
820.871	-50.51
821.041	-231.22
821.211	0.96
821.381	105.99
821.55	268.51
821.72	211.63
821.89	376.92
822.059	-33.61
822.229	32.21
822.399	51.57
822.568	148.9
822.738	-2270.73
822.908	475.46
823.077	82.29
823.247	57.08
823.416	452.94
823.586	144.92
823.756	-96.06
823.925	358.23
824.095	937.21
824.264	46.19
824.433	-133.63
824.603	35.76
824.772	83.65
824.942	-82.28
825.111	172.36
825.28	-86.34
825.45	204.35
825.619	204.35
825.788	19.1
825.958	-51.43
826.127	-9.09
826.296	100
826.465	159.29
826.635	89.12
826.804	67.3
826.973	135.42
827.142	-99.15
827.311	-12.75
827.48	102.53
827.649	-24.14
827.818	440.16
827.988	244
828.157	115.05
828.326	7.69
828.495	-103.97
828.664	-63.42
828.833	172.08
829.002	-280.12
829.17	220.81
829.339	214.57
829.508	41.7
829.677	-1046.07
829.846	45.67
830.015	8.73
830.184	34.32
830.352	111.73
830.521	108.63
830.69	100
830.859	1723.53
831.027	-468.42
831.196	-24.91
831.365	13.84
831.533	35.17
831.702	65.99
831.871	128.92
832.039	51.02
832.208	-192.17
832.377	118.9
832.545	22.88
832.714	58.42
832.882	71.38
833.051	26.92
833.219	9014.29
833.388	-82.9
833.556	16.03
833.724	193.29
833.893	27.86
834.061	3384.21
834.23	-26.1
834.398	197.3
834.566	-507.79
834.735	3357.14
834.903	1481.13
835.071	-3500
835.239	-187.21
835.408	56.06
835.576	602.33
835.744	112.66
835.912	150.53
836.08	117.43
836.249	9.43
836.417	93.58
836.585	194.26
836.753	227.52
836.921	15.68
837.089	2671.43
837.257	-513.95
837.425	13.19
837.593	-79.55
837.761	114.05
837.929	29.64
838.097	107.33
838.265	35.6
838.433	-163.61
838.601	39.52
838.769	115.19
838.936	-156.18
839.104	191.55
839.272	52.37
839.44	118.66
839.608	-221.95
839.775	150.48
839.943	97.27
840.111	91.03
840.279	-3.56
840.446	-43.28
840.614	-570.13
840.781	-66.96
840.949	56.89
841.117	-111.76
841.284	-219.31
841.452	-213.04
841.619	-4.84
841.787	210.7
841.954	490.7
842.122	-121.97
842.289	30.02
842.457	18.41
842.624	255.81
842.792	-127.74
842.959	237.14
843.126	120.28
843.294	-89.67
843.461	110.88
843.629	-533.6
843.796	100
843.963	-147.47
844.13	86.48
844.298	211.2
844.465	-57.43
844.632	-41.61
844.799	419.6
844.966	84.68
845.134	127.31
845.301	-21.09
845.468	338.41
845.635	189.05
845.802	145.96
845.969	20.2
846.136	15.83
846.303	731.58
846.47	18.51
846.637	303.08
846.804	1615.79
846.971	1.64
847.138	-11.2
847.305	-165.49
847.472	-56.84
847.639	220.84
847.805	-5.04
847.972	-788.31
848.139	-100.86
848.306	1489.47
848.473	207.46
848.639	65.71
848.806	-255.2
848.973	-19.31
849.14	69.72
849.306	94.62
849.473	-201.99
849.64	-1173.85
849.806	-296.17
849.973	216.76
850.139	243.05
850.306	119.82
850.472	343.54
850.639	-14.1
850.806	857.89
850.972	308.7
851.139	-71.43
851.305	157.83
851.471	-75.09
851.638	122.09
851.804	46.27
851.971	110.64
852.137	-24.38
852.303	186.81
852.47	46.75
852.636	-135.41
852.802	137.8
852.968	54.04
853.135	-27.92
853.301	-232.95
853.467	9.51
853.633	37.75
853.8	10.53
853.966	-369.04
854.132	7642.86
854.298	-495.62
854.464	19.1
854.63	136.3
854.796	161.02
854.962	160.43
855.128	0.83
855.294	-70.72
855.46	-287.1
855.626	70.22
855.792	-168.73
855.958	204.85
856.124	-10.43
856.29	131.79
856.456	78.98
856.622	-134.89
856.787	832.47
856.953	26.09
857.119	-101.98
857.285	117.06
857.45	-65.37
857.616	-57.33
857.782	100
857.948	163.95
858.113	-104.78
858.279	-40.1
858.445	62.2
858.61	1160.47
858.776	134.01
858.941	64.36
859.107	86
859.273	125.41
859.438	117.71
859.604	1236.84
859.769	345.67
859.935	-78.22
860.1	-6.58
860.265	45.75
860.431	134.53
860.596	5928.57
860.762	162.97
860.927	-18.98
861.092	166.53
861.258	-86.97
861.423	72.2
861.588	234
861.753	-585.71
861.919	-669.81
862.084	345.67
862.249	323.73
862.414	243.34
862.579	87.82
862.745	-36.08
862.91	334.69
863.075	92.18
863.24	-67.39
863.405	-201.51
863.57	217.26
863.735	-27.66
863.9	-271.68
864.065	-62.94
864.23	109.5
864.395	-211.74
864.56	150.76
864.725	707.59
864.89	46.07
865.055	46.47
865.22	22.18
865.384	19.1
865.549	111.65
865.714	15.69
865.879	-25.9
866.044	21.31
866.208	120.84
866.373	271.43
866.538	46.6
866.702	56.72
866.867	21.97
867.032	-18.59
867.196	163.16
867.361	167.2
867.526	-75.11
867.69	-159.73
867.855	-203.3
868.019	1212.73
868.184	38.66
868.348	-14.68
868.513	-519.35
868.677	170.04
868.842	91.52
869.006	35.41
869.17	-443.4
869.335	-251.22
869.499	-121.36
869.663	640.4
869.828	70.85
869.992	1662.79
870.156	125.19
870.321	-142.82
870.485	28.16
870.649	74.67
870.813	-46.13
870.978	207.23
871.142	266.15
871.306	-19.43
871.47	-13.87
871.634	307.87
871.798	47.83
871.962	231.21
872.126	-1957.14
872.29	-54
872.454	11242.86
872.618	-3.35
872.782	565.67
872.946	91.95
873.11	335.18
873.274	51.45
873.438	1441.18
873.602	93.67
873.766	-102.6
873.93	1.37
874.094	-223.6
874.257	20.42
874.421	79.19
874.585	-140
874.749	72.21
874.912	350.36
875.076	162.53
875.24	-65.25
875.403	177.82
875.567	264.57
875.731	410.11
875.894	124.49
876.058	226.32
876.222	248.31
876.385	268.84
876.549	29.41
876.712	754.55
876.876	31.98
877.039	30.5
877.203	94.38
877.366	-119.46
877.529	66.08
877.693	102.4
877.856	44.11
878.02	-3.49
878.183	-20.38
878.346	-803.9
878.51	-186.73
878.673	-98.56
878.836	50.79
878.999	912.9
879.163	66.28
879.326	38.62
879.489	201.36
879.652	91.92
879.815	70.39
879.978	51.02
880.142	-173.83
880.305	-78.88
880.468	62.41
880.631	-55.97
880.794	34.92
880.957	-17.07
881.12	-2158.82
881.283	293.72
881.446	10.05
881.609	22.3
881.772	170.36
881.935	-323.53
882.097	179.8
882.26	190.57
882.423	-20.6
882.586	219.56
882.749	183.97
882.912	232.52
883.074	49.45
883.237	32.32
883.4	74.54
883.562	19.28
883.725	-322.4
883.888	251.18
884.05	-4700
884.213	117.87
884.376	128.79
884.538	128.82
884.701	128.82
884.863	128.82
