181.954	20.65
182.172	20.65
182.39	20.65
182.608	-8220
182.826	16.48
183.043	-238.72
183.261	23.71
183.479	58.94
183.697	1111.76
183.914	195.55
184.132	168.45
184.35	329.6
184.567	71.83
184.785	-34.51
185.003	88.69
185.22	184.12
185.438	36.28
185.656	49.75
185.873	641.54
186.091	25.12
186.309	-1086.21
186.526	-6.79
186.744	54.23
186.961	-125.06
187.179	217.54
187.396	46.46
187.614	106.15
187.831	-12060
188.049	178.53
188.266	87.9
188.484	-31.34
188.701	212.62
188.919	139.8
189.136	118.95
189.354	-45.17
189.571	-248.82
189.789	109.76
190.006	112.92
190.223	-170.27
190.441	70.52
190.658	-4757.14
190.876	77.75
191.093	-379.12
191.31	12.17
191.528	11.94
191.745	17.43
191.962	8.26
192.179	-75.74
192.397	93.52
192.614	-61.87
192.831	-89.52
193.049	87.96
193.266	131.07
193.483	11.96
193.7	253.85
193.917	86.11
194.135	356.12
194.352	144.79
194.569	77.41
194.786	96.54
195.003	82.2
195.221	80.9
195.438	149.47
195.655	128.14
195.872	228.81
196.089	63.57
196.306	-17.05
196.523	102.51
196.74	204.49
196.957	-22.44
197.174	-92.89
197.391	132.09
197.608	46.98
197.825	1790.32
198.042	32.81
198.259	-1210.34
198.476	177.81
198.693	-780
198.91	-16.74
199.127	-138.81
199.344	40.08
199.561	199.42
199.778	49.94
199.995	-443.28
200.212	610.34
200.429	359.72
200.646	262.03
200.862	-111.24
201.079	21
201.296	-77.48
201.513	480.58
201.73	71.96
201.947	128.78
202.163	-6.61
202.38	136.99
202.597	194.12
202.814	180
203.03	-300
203.247	230.65
203.464	-24.67
203.681	292.21
203.897	165.44
204.114	-413.21
204.331	159.83
204.547	676.74
204.764	48.81
204.981	1323.53
205.197	333.19
205.414	110.7
205.63	-424.14
205.847	43.72
206.064	1009.09
206.28	105.45
206.497	-29.03
206.713	116.03
206.93	-18.87
207.146	128.06
207.363	69.23
207.579	-286.81
207.796	-406.19
208.012	-36.99
208.229	-317.91
208.445	89.1
208.662	143.7
208.878	228.73
209.095	2735.29
209.311	45.81
209.528	3300
209.744	116.99
209.96	1.99
210.177	375.73
210.393	62.79
210.609	660
210.826	-145.4
211.042	785.22
211.258	649.25
211.475	85.03
211.691	3.23
211.907	-391.14
212.124	-38.84
212.34	468
212.556	-16.16
212.772	56.04
212.989	25.83
213.205	-52.03
213.421	-173.37
213.637	1097.01
213.853	87.55
214.069	1594.74
214.286	56.85
214.502	344.78
214.718	-29.15
214.934	-14.45
215.15	-79.67
215.366	116.45
215.582	166.43
215.798	70.53
216.015	85.79
216.231	244.86
216.447	30.41
216.663	110.92
216.879	236.68
217.095	-10.07
217.311	107.55
217.527	74.16
217.743	189.32
217.959	-1205.66
218.175	115.3
218.391	217.99
218.606	-25.71
218.822	-320.87
219.038	40.11
219.254	114.32
219.47	113.9
219.686	171.91
219.902	48.99
220.118	86.01
220.334	28.29
220.549	28.73
220.765	19.61
220.981	-60
221.197	-25.14
221.413	-260.44
221.628	672.15
221.844	764.15
222.06	294.17
222.276	-44.77
222.491	114.01
222.707	-146.56
222.923	-332.21
223.139	-19.55
223.354	-5.21
223.57	21.26
223.786	20.68
224.001	140.15
224.217	161.81
224.432	-15.61
224.648	135.42
224.864	127.95
225.079	720.9
225.295	60.3
225.51	-111.89
225.726	-5.66
225.942	72.41
226.157	22.36
226.373	-187.66
226.588	51.16
226.804	-2131.58
227.019	200.5
227.235	89.9
227.45	124.21
227.665	7620
227.881	30.71
228.096	2.61
228.312	36.48
228.527	62.48
228.743	22.29
228.958	-114.58
229.173	-195.65
229.389	82.2
229.604	68.44
229.819	174.11
230.035	-138.87
230.25	-104.08
230.465	174.89
230.681	16.61
230.896	31.96
231.111	127.21
231.327	83.58
231.542	-4620
231.757	30.11
231.972	-117.67
232.187	31.91
232.403	-615.79
232.618	265.42
232.833	74.52
233.048	769.09
233.263	7.46
233.478	169.57
233.694	565.12
233.909	-1809.68
234.124	134.25
234.339	87.48
234.554	-962.07
234.769	90.93
234.984	1.35
235.199	109.05
235.414	-384.96
235.629	-193.67
235.844	-29.52
236.059	63.68
236.274	189.43
236.489	-168.34
236.704	121.36
236.919	112.83
237.134	121.01
237.349	83.58
237.564	46.03
237.779	95.78
237.994	47.23
238.209	105.07
238.424	-174.85
238.639	76.98
238.853	114.05
239.068	-20.85
239.283	62.54
239.498	162.27
239.713	26.57
239.928	85.42
240.142	-173.68
240.357	13.9
240.572	-97.18
240.787	223.16
241.001	42.13
241.216	46.32
241.431	208.19
241.646	81.41
241.86	-117.04
242.075	676.74
242.29	-29.52
242.504	61.04
242.719	251.55
242.934	68.5
243.148	79.95
243.363	-2.05
243.577	239.33
243.792	122.67
244.007	49.92
244.221	89.61
244.436	559.7
244.65	-86.5
244.865	263.03
245.079	200.45
245.294	-153.24
245.508	-19.38
245.723	-76.9
245.937	267.03
246.152	0.62
246.366	74.61
246.581	2.68
246.795	-57.06
247.01	45.12
247.224	97.9
247.438	-80.8
247.653	28.01
247.867	92.11
248.081	104.11
248.296	109.76
248.51	111.03
248.724	25.17
248.939	-300
249.153	170.2
249.367	50.89
249.582	10.63
249.796	42.86
250.01	-85.43
250.224	54.77
250.439	-56.62
250.653	148.63
250.867	37.56
251.081	137.91
251.295	-14.46
251.51	26.81
251.724	10.79
251.938	25.65
252.152	-300
252.366	89.35
252.58	-81.82
252.794	13.4
253.008	454.97
253.223	147.01
253.437	181.5
253.651	-77.88
253.865	131.36
254.079	0.57
254.293	55.91
254.507	70.91
254.721	-23.08
254.935	214.29
255.149	138.9
255.363	36.27
255.577	263.76
255.791	25.42
256.005	340.49
256.218	25.64
256.432	31.46
256.646	80.79
256.86	34.65
257.074	29
257.288	3540
257.502	201.1
257.716	71.09
257.929	167.67
258.143	-34.33
258.357	68.9
258.571	147.23
258.785	-37.97
258.998	23.3
259.212	194.58
259.426	308.07
259.64	99.37
259.853	34.8
260.067	169.32
260.281	85.79
260.494	29.64
260.708	-26.73
260.922	-78.23
261.135	36.27
261.349	-55.97
261.563	142.41
261.776	970.59
261.99	-31
262.203	92.85
262.417	-37.1
262.63	66.1
262.844	-97.75
263.058	106.78
263.271	35.35
263.485	145.01
263.698	40.28
263.912	139.15
264.125	-17.05
264.339	295.28
264.552	-31.72
264.765	-39.13
264.979	57.37
265.192	151.23
265.406	96.54
265.619	26.56
265.832	92.06
266.046	-6.17
266.259	212.54
266.473	87.1
266.686	107.55
266.899	99.09
267.113	11460
267.326	34.98
267.539	75.62
267.752	67.26
267.966	76.73
268.179	-3.32
268.392	46.76
268.605	77.95
268.819	139.76
269.032	234.6
269.245	456.92
269.458	54.24
269.671	-254.43
269.885	107.1
270.098	-9.34
270.311	140.51
270.524	71.91
270.737	-39.13
270.95	240.4
271.163	-7.09
271.376	-532.26
271.589	-588.61
271.802	43.85
272.016	43.97
272.229	-12.84
272.442	-61.94
272.655	57.67
272.868	-61.56
273.081	-232.58
273.294	86.96
273.506	124.03
273.719	29.33
273.932	32.13
274.145	-1020
274.358	130.61
274.571	121.51
274.784	-73.58
274.997	85.9
275.21	10.22
275.423	-4.02
275.635	-107.04
275.848	13.28
276.061	431.13
276.274	68.29
276.487	-279.13
276.699	-5.21
276.912	34.53
277.125	128.94
277.338	71.98
277.55	11.57
277.763	38.31
277.976	262.73
278.189	-128.57
278.401	37.1
278.614	429.6
278.827	73.9
279.039	14.37
279.252	-38.97
279.464	-54.48
279.677	68.34
279.89	-25.16
280.102	-287.94
280.315	-1060.98
280.527	15.79
280.74	2017.24
280.952	67.23
281.165	43.85
281.377	34.99
281.59	136.36
281.802	123.32
282.015	-54.22
282.227	28.77
282.44	304.32
282.652	508.99
282.865	109.48
283.077	180
283.29	160.45
283.502	5.11
283.714	245.97
283.927	46.95
284.139	-68.24
284.351	123.53
284.564	-68.98
284.776	-4.25
284.988	85.87
285.201	219.4
285.413	43.07
285.625	-1.62
285.838	55.42
286.05	61.7
286.262	107.38
286.474	164.05
286.686	53.99
286.899	-423.77
287.111	22.69
287.323	67.6
287.535	614.85
287.747	97.2
287.959	0.34
288.172	-103.64
288.384	28.68
288.596	118.22
288.808	62.26
289.02	175.47
289.232	116.87
289.444	-9.78
289.656	-135.83
289.868	156.16
290.08	134.36
290.292	-24.26
290.504	-21.68
290.716	25.56
290.928	72.9
291.14	676.74
291.352	104.68
291.564	-2276.47
291.776	200.21
291.988	-12.88
292.2	-89.57
292.412	63.24
292.624	-91.48
292.835	864.18
293.047	-50.81
293.259	-239.81
293.471	14.93
293.683	-36.59
293.895	124.52
294.106	43.28
294.318	119.11
294.53	70.2
294.742	-175.86
294.953	-136.16
295.165	64.61
295.377	110.47
295.589	-31
295.8	15.4
296.012	111.2
296.224	49.91
296.435	101.6
296.647	98.52
296.858	-58.27
297.07	586.15
297.282	-54.49
297.493	32.65
297.705	207.43
297.916	-16.64
298.128	40.05
298.34	4.09
298.551	-12.08
298.763	18.79
298.974	27.1
299.186	0.51
299.397	49.85
299.609	938.71
299.82	132
300.031	50.61
300.243	1468.42
300.454	126.99
300.666	52.43
300.877	342.65
301.089	220.85
301.3	93.89
301.511	67.47
301.723	-7.32
301.934	165.67
302.145	113.29
302.357	118.13
302.568	372
302.779	66.5
302.99	108.97
303.202	61.86
303.413	164.97
303.624	-177.97
303.835	-933.96
304.047	20.65
304.258	12.81
304.469	21.42
304.68	58.35
304.891	43.24
305.103	144.79
305.314	114.74
305.525	6900
305.736	200.79
305.947	121.58
306.158	-229.41
306.369	137.43
306.58	126.49
306.791	298.03
307.002	27.47
307.213	45.21
307.424	-32.86
307.636	111.99
307.846	305.64
308.057	247.57
308.268	25.2
308.479	-65.91
308.69	28.47
308.901	85.78
309.112	955.81
309.323	0.67
309.534	28.96
309.745	62.95
309.956	-38.24
310.167	-62.02
310.377	45.5
310.588	155.58
310.799	-134.82
311.01	-34.85
311.221	89.45
311.432	46.13
311.642	13.26
311.853	41.95
312.064	-796.55
312.275	25.65
312.485	84.58
312.696	11.44
312.907	-107.04
313.117	76.12
313.328	-117.46
313.539	80.56
313.749	-34.99
313.96	293.41
314.171	121.02
314.381	25.2
314.592	32.77
314.802	22.77
315.013	26.98
315.224	36
315.434	521.05
315.645	-7020
315.855	95.64
316.066	-259.55
316.276	191.87
316.487	695.12
316.697	100.93
316.908	-8.41
317.118	55.29
317.329	60.82
317.539	72.84
317.749	261.37
317.96	-1105.97
318.17	-115.98
318.381	583.52
318.591	-708.79
318.801	17.8
319.012	9.54
319.222	61.17
319.432	66.25
319.643	161.81
319.853	146.64
320.063	52.09
320.273	11.66
320.484	108.79
320.694	57.55
320.904	175.93
321.114	104.49
321.325	982.76
321.535	160.66
321.745	-22.37
321.955	121.49
322.165	-144.11
322.375	73.79
322.585	171.17
322.796	-879.31
323.006	75.21
323.216	215.01
323.426	-17.12
323.636	153.59
323.846	1148.28
324.056	70.7
324.266	71.17
324.476	52.36
324.686	50.27
324.896	24.76
325.106	1352.83
325.316	49.92
325.526	-2510.53
325.736	139.14
325.946	30.93
326.156	401.3
326.366	13.04
326.576	73.52
326.785	19.6
326.995	-48.44
327.205	176.38
327.415	33.56
327.625	225.55
327.835	76.09
328.044	85.93
328.254	-39.13
328.464	85.87
328.674	37.92
328.884	-144.6
329.093	-113.9
329.303	74.33
329.513	109.94
329.722	-363.16
329.932	101.43
330.142	-40.98
330.351	91.08
330.561	-125.45
330.771	-118.45
330.98	161.04
331.19	-41.54
331.4	-7.42
331.609	39.58
331.819	1397.56
332.028	111.43
332.238	127.12
332.447	60.72
332.657	70.96
332.866	-2.93
333.076	0.31
333.285	-34.2
333.495	1790.32
333.704	-316.14
333.914	66.06
334.123	29.07
334.333	1010.77
334.542	33.51
334.752	733.85
334.961	-300
335.17	49.75
335.38	59.67
335.589	82.21
335.798	-26.49
336.008	-49.45
336.217	-90.64
336.426	27.49
336.636	47.23
336.845	14.37
337.054	650.65
337.263	-3.46
337.473	-15.74
337.682	24.43
337.891	90.89
338.1	105.76
338.309	-60.85
338.519	63.55
338.728	29.96
338.937	-7.09
339.146	416.55
339.355	492.45
339.564	-2573.68
339.773	67.84
339.983	-11.05
340.192	-498.26
340.401	40.05
340.61	62.52
340.819	69.52
341.028	-52.13
341.237	-1288.24
341.446	56.64
341.655	48.39
341.864	46.92
342.073	87.96
342.282	-25.3
342.491	70.75
342.699	305.83
342.908	-237.66
343.117	10.29
343.326	-265.99
343.535	-867.27
343.744	-83.61
343.953	-101.14
344.162	95.05
344.37	63.14
344.579	76.12
344.788	56.01
344.997	-40.24
345.206	67.43
345.414	63.36
345.623	9.96
345.832	124.36
346.041	150.76
346.249	101.34
346.458	-10.73
346.667	75.53
346.875	75.12
347.084	-2.85
347.293	75.81
347.501	132.23
347.71	29.53
347.918	151.66
348.127	-154.95
348.336	-172.85
348.544	37.58
348.753	219.4
348.961	15.56
349.17	103.09
349.378	-31.62
349.587	122.83
349.795	96.12
350.004	715.38
350.212	-14.81
350.421	124.78
350.629	-49.85
350.838	52.29
351.046	148.88
351.254	-13.19
351.463	2.29
351.671	78.95
351.879	104.82
352.088	44.43
352.296	252.21
352.504	136.79
352.713	-134.82
352.921	106.3
353.129	59.75
353.338	67.35
353.546	49.89
353.754	-233.74
353.962	67.53
354.171	90.49
354.379	-2068.42
354.587	33.88
354.795	184.69
355.003	-31.85
355.212	73.41
355.42	832.08
355.628	165.54
355.836	70.17
356.044	-56.79
356.252	22.7
356.46	54.59
356.668	1213.85
356.876	66.45
357.084	68.24
357.292	59.43
357.5	4.83
357.708	-22.13
357.916	105.45
358.124	-55.1
358.332	201.49
358.54	1030.91
358.748	-35.06
358.956	5.83
359.164	-7.81
359.372	73.36
359.58	-351.8
359.788	29.28
359.996	-2.3
360.203	21.87
360.411	71.37
360.619	-318.09
360.827	83.21
361.035	-241.1
361.242	-14.96
361.45	-41.77
361.658	154.98
361.866	-30.84
362.073	5.3
362.281	112.68
362.489	18.97
362.697	25.28
362.904	-38.97
363.112	166.5
363.32	-4.95
363.527	23.48
363.735	-35.91
363.943	76.62
364.15	153.71
364.358	34.27
364.565	13.61
364.773	-6.61
364.98	85.87
365.188	-1.94
365.395	84.12
365.603	204.41
365.81	13.56
366.018	39.26
366.225	89.49
366.433	-37.97
366.64	79.3
366.848	57.22
367.055	125.08
367.263	111.43
367.47	66.93
367.677	110.13
367.885	8.65
368.092	-22.35
368.299	-198.59
368.507	153.79
368.714	50.44
368.921	314.17
369.129	131.33
369.336	106.97
369.543	-53.78
369.751	-81.09
369.958	65.92
370.165	19.04
370.372	-116.41
370.579	46.8
370.787	84.48
370.994	219.34
371.201	125.07
371.408	59.16
371.615	32.19
371.822	-56.72
372.029	-92.54
372.237	-457.71
372.444	30.81
372.651	35.38
372.858	-4.4
373.065	48.16
373.272	56.01
373.479	-1624.14
373.686	-4.27
373.893	72.82
374.1	153.59
374.307	-205.04
374.514	93.52
374.721	19.61
374.928	89.61
375.135	-24.19
375.341	-1500
375.548	-1.18
375.755	105.83
375.962	14.73
376.169	34.43
376.376	146.96
376.583	-49.89
376.789	71.02
376.996	54.6
377.203	87.17
377.41	-9.58
377.617	30.63
377.823	85.03
378.03	-570.97
378.237	35.11
378.443	-334.29
378.65	-28.3
378.857	169.37
379.063	398.73
379.27	-7.83
379.477	49.86
379.683	13.9
379.89	23.22
380.097	14.68
380.303	85.38
380.51	24.27
380.716	19.74
380.923	219.69
381.129	95.88
381.336	191.34
381.542	36.41
381.749	9.53
381.955	19.88
382.162	173.75
382.368	-9.72
382.575	-47.81
382.781	693.1
382.988	-107.27
383.194	20.72
383.4	-17.74
383.607	56
383.813	-83.03
384.02	9.99
384.226	-78.06
384.432	13.71
384.639	61.72
384.845	-816.46
385.051	16.2
385.257	-19.15
385.464	81.55
385.67	71.61
385.876	91.36
386.082	-64.07
386.289	41.44
386.495	23.69
386.701	-18.57
386.907	46.8
387.113	31.26
387.319	33.43
387.526	79.15
387.732	-139.37
387.938	218.4
388.144	23.48
388.35	62.99
388.556	106.48
388.762	28.69
388.968	1179.07
389.174	58.95
389.38	125.05
389.586	-29.49
389.792	62.75
389.998	-92.66
390.204	-79.59
390.41	86.91
390.616	121.68
390.822	27.48
391.028	30.09
391.234	76.19
391.439	-451.46
391.645	24.35
391.851	58.33
392.057	37.28
392.263	66.1
392.469	0.55
392.674	41.12
392.88	46.77
393.086	29.1
393.292	20.29
393.498	-110.35
393.703	-7.71
393.909	23.46
394.115	126.74
394.32	45.43
394.526	10.21
394.732	51.46
394.937	83.45
395.143	268.42
395.349	-61.56
395.554	13.57
395.76	42.86
395.965	21.4
396.171	-16.39
396.377	-29.94
396.582	46.88
396.788	11.28
396.993	54.31
397.199	-1.91
397.404	14.97
397.61	-13.14
397.815	-13.34
398.021	-35.32
398.226	-62.92
398.431	32.6
398.637	19.41
398.842	14.31
399.048	24.69
399.253	68.59
399.458	51.5
399.664	15.32
399.869	-6.59
400.074	13.79
400.28	23.64
400.485	-28.58
400.69	29.84
400.896	-5.37
401.101	25.7
401.306	15.16
401.511	9.16
401.716	12.62
401.922	-16.66
402.127	-1.59
402.332	7.29
402.537	34.05
402.742	18.96
402.947	32.32
403.153	-6.03
403.358	14.22
403.563	11.65
403.768	9.61
403.973	23.5
404.178	-12.58
404.383	1.43
404.588	19.15
404.793	26.85
404.998	17.11
405.203	3.25
405.408	19.64
405.613	11.77
405.818	22.3
406.023	14.88
406.228	-6.49
406.433	9.39
406.638	5.43
406.842	13.53
407.047	8.78
407.252	-0.2
407.457	16.04
407.662	18.97
407.867	7.76
408.071	11.77
408.276	3.34
408.481	17.2
408.686	10.06
408.891	9.47
409.095	12.58
409.3	5.14
409.505	7.34
409.709	6.76
409.914	10.78
410.119	12.24
410.323	6.39
410.528	2.32
410.733	7.19
410.937	5.58
411.142	5.35
411.346	6.89
411.551	7.08
411.756	7.81
411.96	7.09
412.165	-0.57
412.369	5.03
412.574	2.85
412.778	7.63
412.983	7.48
413.187	6.34
413.392	4
413.596	7.14
413.8	8.2
414.005	6.18
414.209	6.72
414.414	3.43
414.618	6.6
414.822	4.9
415.027	7.93
415.231	4.41
415.435	5.4
415.64	6.89
415.844	7.78
416.048	6.36
416.252	9.05
416.457	7.47
416.661	5.44
416.865	6.15
417.069	3.43
417.274	7.11
417.478	5.09
417.682	5.62
417.886	7.12
418.09	5.72
418.294	6.7
418.498	4.7
418.702	5.58
418.907	5.72
419.111	3.89
419.315	5.52
419.519	5.08
419.723	2.16
419.927	5.76
420.131	6.9
420.335	4.05
420.539	5.35
420.743	6.7
420.947	5.32
421.151	5.47
421.355	5.05
421.558	6.07
421.762	5.91
421.966	4.25
422.17	4.82
422.374	5.64
422.578	3.86
422.782	5.05
422.985	4.62
423.189	6.52
423.393	4.27
423.597	4.74
423.801	5.57
424.004	5.59
424.208	5.31
424.412	6.51
424.615	4.9
424.819	4.94
425.023	5.69
425.226	4.89
425.43	5.47
425.634	5.05
425.837	4
426.041	4.88
426.245	5.3
426.448	4.48
426.652	4.74
426.855	4.21
427.059	3.95
427.262	4.86
427.466	3.72
427.669	5.01
427.873	4.86
428.076	4.54
428.28	4.74
428.483	4.96
428.687	4.68
428.89	4.59
429.094	4.69
429.297	5.11
429.5	5.19
429.704	4.58
429.907	4.89
430.11	5.34
430.314	4.98
430.517	4.52
430.72	4.43
430.924	4.97
431.127	4.75
431.33	4.68
431.533	4.94
431.737	4.9
431.94	3.59
432.143	5.03
432.346	4.43
432.549	4.4
432.752	4.41
432.956	4.93
433.159	3.86
433.362	4.44
433.565	4.42
433.768	4.76
433.971	4.27
434.174	4.3
434.377	4.22
434.58	4.82
434.783	4.13
434.986	4.87
435.189	4.68
435.392	5.04
435.595	5.17
435.798	4.65
436.001	4.81
436.204	4.67
436.407	4.49
436.61	4.95
436.813	5.04
437.016	4.82
437.219	4.67
437.421	4.6
437.624	5.05
437.827	4.33
438.03	4.7
438.233	4.29
438.435	4.82
438.638	4.62
438.841	4.12
439.044	4.85
439.246	4.23
439.449	4.1
439.652	4.49
439.854	4.66
440.057	4.05
440.26	4.7
440.462	4.53
440.665	4.72
440.868	4.88
441.07	4.7
441.273	4.9
441.475	4.54
441.678	4.68
441.88	4.36
442.083	4.3
442.286	4.28
442.488	4.34
442.69	4.82
442.893	4.63
443.095	4.54
443.298	4.63
443.5	4.55
443.703	4.59
443.905	4.83
444.108	4.71
444.31	4.71
444.512	4.56
444.715	4.98
444.917	4.76
445.119	5
445.322	4.19
445.524	4.47
445.726	4.84
445.928	4.44
446.131	4.9
446.333	4.73
446.535	4.81
446.737	5.05
446.94	5.27
447.142	4.8
447.344	4.98
447.546	4.99
447.748	4.94
447.95	4.67
448.152	4.89
448.354	4.74
448.557	5.19
448.759	5.16
448.961	4.91
449.163	5.05
449.365	5.2
449.567	5.06
449.769	4.7
449.971	4.87
450.173	5.07
450.375	5.03
450.577	5.38
450.779	4.65
450.981	5.02
451.182	5.1
451.384	4.9
451.586	5.32
451.788	5.06
451.99	4.93
452.192	4.98
452.394	5.73
452.595	6.01
452.797	5.19
452.999	5.33
453.201	5.31
453.402	5.03
453.604	5.33
453.806	5.02
454.008	5.17
454.209	5.16
454.411	5.79
454.613	5.52
454.814	5.84
455.016	5.35
455.218	5.43
455.419	5.43
455.621	5.43
455.822	5.23
456.024	4.95
456.225	5.52
456.427	5.62
456.629	5.41
456.83	5.59
457.032	5.63
457.233	4.99
457.435	5.43
457.636	5.77
457.837	5.54
458.039	5.21
458.24	6.02
458.442	6
458.643	5.3
458.844	6.39
459.046	5.75
459.247	5.95
459.448	5.78
459.65	5.94
459.851	5.57
460.052	5.87
460.254	6.45
460.455	5.73
460.656	5.71
460.857	6.09
461.059	5.24
461.26	5.32
461.461	6.1
461.662	6.63
461.863	5.7
462.065	6.41
462.266	5.87
462.467	5.62
462.668	6.33
462.869	6.64
463.07	6.36
463.271	5.86
463.472	5.38
463.673	5.38
463.874	6.32
464.075	5.97
464.276	5.46
464.477	5.53
464.678	6.61
464.879	5.67
465.08	6.02
465.281	6.75
465.482	5.66
465.683	4.87
465.884	6.06
466.085	6.2
466.285	6.26
466.486	6.1
466.687	7.04
466.888	6.47
467.089	6.29
467.29	6.14
467.49	6.87
467.691	7.02
467.892	6.26
468.093	5.01
468.293	5.98
468.494	5.87
468.695	5.77
468.895	6.25
469.096	5.52
469.297	5.86
469.497	6.34
469.698	6.71
469.898	5.81
470.099	7.96
470.3	6.87
470.5	5.05
470.701	6.26
470.901	6.26
471.102	6
471.302	5.42
471.503	6.81
471.703	7.44
471.904	5.53
472.104	6.01
472.305	5.9
472.505	7.27
472.705	7.4
472.906	5.95
473.106	7.87
473.306	5.57
473.507	6.56
473.707	6.23
473.907	6.4
474.108	5.28
474.308	5.1
474.508	6.49
474.709	7.61
474.909	6.29
475.109	5.36
475.309	5.37
475.51	5.52
475.71	5.93
475.91	8.07
476.11	4.89
476.31	5.29
476.51	6.31
476.71	6.02
476.911	8.23
477.111	6.69
477.311	6.35
477.511	7.14
477.711	5.18
477.911	5.64
478.111	8.08
478.311	5.21
478.511	7.01
478.711	5.85
478.911	6.42
479.111	6.1
479.311	6.03
479.511	9.45
479.711	4.75
479.91	5.48
480.11	6.94
480.31	5.48
480.51	8.19
480.71	5.71
480.91	6.86
481.109	7.14
481.309	6.44
481.509	6.12
481.709	6.46
481.909	6.69
482.108	4.98
482.308	6.85
482.508	8.51
482.707	6.21
482.907	4.31
483.107	5.06
483.306	4.83
483.506	7.53
483.706	5.75
483.905	7.65
484.105	7.77
484.304	5.74
484.504	6.27
484.704	7.7
484.903	5.72
485.103	6.94
485.302	7.33
485.502	6.91
485.701	6.55
485.901	6.14
486.1	6.01
486.299	7.31
486.499	7.02
486.698	6.02
486.898	7.05
487.097	4.74
487.296	7.03
487.496	6.24
487.695	6.28
487.894	5.91
488.094	6.71
488.293	7.44
488.492	6.09
488.692	6.58
488.891	7.4
489.09	6.97
489.289	5.84
489.489	5.3
489.688	5.85
489.887	5.56
490.086	6.72
490.285	6.13
490.484	8.93
490.683	7.45
490.883	7.52
491.082	6.53
491.281	5.57
491.48	7.7
491.679	7.24
491.878	7.03
492.077	7.76
492.276	6.33
492.475	6.67
492.674	6.39
492.873	7.05
493.072	6.11
493.271	6.88
493.47	6.41
493.669	7.84
493.867	6.28
494.066	7.18
494.265	7.24
494.464	7.06
494.663	5.9
494.862	7.31
495.06	6.9
495.259	6.62
495.458	7.89
495.657	6.49
495.856	7.44
496.054	8.16
496.253	8.05
496.452	6.89
496.65	6.89
496.849	8.07
497.048	7.29
497.246	7.54
497.445	7.66
497.644	7.02
497.842	7.3
498.041	7.15
498.239	7.19
498.438	7.78
498.636	7.05
498.835	8.01
499.034	7.33
499.232	7.05
499.431	7.32
499.629	8.04
499.827	8.34
500.026	8.37
500.224	7.33
500.423	7.95
500.621	7.85
500.82	8.32
501.018	8.09
501.216	7.74
501.415	8.8
501.613	7.03
501.811	7.4
502.01	8.38
502.208	7.88
502.406	8.66
502.604	8.96
502.803	7.64
503.001	9.84
503.199	8.55
503.397	7.85
503.595	8.38
503.794	8.3
503.992	9.7
504.19	8.04
504.388	8.86
504.586	8.53
504.784	8.48
504.982	8.48
505.18	8.14
505.378	8.9
505.576	8.3
505.774	9.17
505.972	9.11
506.17	9.43
506.368	8.91
506.566	8.77
506.764	9.03
506.962	9.72
507.16	9.86
507.358	9.28
507.556	9.32
507.754	10.24
507.952	9.99
508.15	9.45
508.347	9.56
508.545	10.67
508.743	10.01
508.941	9.4
509.139	10.93
509.336	9.82
509.534	10.17
509.732	9.88
509.93	9.92
510.127	10.42
510.325	9.75
510.523	10.32
510.72	10.61
510.918	10.81
511.116	10.83
511.313	9.55
511.511	10.78
511.708	11.28
511.906	11.2
512.104	10.86
512.301	11.25
512.499	11.16
512.696	10.76
512.894	10.84
513.091	11.46
513.289	11.16
513.486	11.52
513.683	11.37
513.881	11.05
514.078	12.34
514.276	12.04
514.473	11.72
514.67	12
514.868	12
515.065	12.01
515.262	12.01
515.46	11.59
515.657	12.42
515.854	12.12
516.052	11.77
516.249	12.2
516.446	12.1
516.643	12.16
516.84	12.53
517.038	12.21
517.235	12.29
517.432	13.23
517.629	13.18
517.826	13.46
518.023	13.43
518.221	12.89
518.418	13.15
518.615	13.37
518.812	13.03
519.009	13.5
519.206	13.39
519.403	13.12
519.6	13.17
519.797	13.78
519.994	13.31
520.191	13.09
520.388	14.05
520.585	13.44
520.782	13.8
520.978	13.53
521.175	13.69
521.372	14.08
521.569	13.97
521.766	14.07
521.963	14.16
522.159	13.47
522.356	14.41
522.553	14.82
522.75	14.49
522.947	14.47
523.143	14.42
523.34	14.76
523.537	14.23
523.733	14.83
523.93	14.82
524.127	14.55
524.323	14.99
524.52	14.6
524.717	14.91
524.913	15.17
525.11	14.5
525.306	15.3
525.503	14.89
525.7	15.88
525.896	15.17
526.093	15.63
526.289	15.51
526.486	15.16
526.682	15.24
526.878	15.33
527.075	15.49
527.271	15.49
527.468	15.44
527.664	16.1
527.861	16.13
528.057	15.44
528.253	16.11
528.45	15.37
528.646	15.92
528.842	16.11
529.039	15.25
529.235	16.08
529.431	15.83
529.627	15.99
529.824	16.38
530.02	15.63
530.216	16.07
530.412	16.47
530.608	16.24
530.804	16.55
531.001	16.66
531.197	16.11
531.393	16.47
531.589	16.28
531.785	16.08
531.981	16.47
532.177	16.29
532.373	16.24
532.569	16.4
532.765	16.48
532.961	15.78
533.157	16.58
533.353	17.03
533.549	16.88
533.745	16.89
533.941	16.17
534.137	16.53
534.333	16.08
534.529	16.57
534.725	16.83
534.92	16.16
535.116	16.54
535.312	16.31
535.508	17.36
535.704	16.73
535.899	17.08
536.095	16.98
536.291	16.79
536.487	16.3
536.682	16.82
536.878	16.73
537.074	16.71
537.269	17.22
537.465	16.18
537.661	17.03
537.856	16.46
538.052	16.81
538.248	17.03
538.443	17.71
538.639	17.29
538.834	17.18
539.03	17.06
539.225	17.28
539.421	17.45
539.616	17.72
539.812	17.21
540.007	17.42
540.203	17.1
540.398	17.74
540.593	17.13
540.789	17.09
540.984	17.59
541.18	17.59
541.375	16.98
541.57	17.38
541.766	17.48
541.961	17.44
542.156	17.4
542.352	17.84
542.547	17.58
542.742	17.78
542.937	17.81
543.133	17.5
543.328	17.52
543.523	18
543.718	17.84
543.913	17.83
544.108	17.68
544.304	17.43
544.499	17.76
544.694	17.94
544.889	17.78
545.084	18.22
545.279	18.1
545.474	17.5
545.669	17.63
545.864	17.69
546.059	17.41
546.254	17.48
546.449	18.22
546.644	17.4
546.839	18.04
547.034	17.96
547.229	17.99
547.424	18.11
547.618	17.85
547.813	17.75
548.008	18.47
548.203	17.74
548.398	17.55
548.593	18.33
548.787	18.26
548.982	18.42
549.177	17.9
549.372	17.91
549.566	18.42
549.761	17.71
549.956	17.92
550.15	18.26
550.345	18.65
550.54	17.9
550.734	18.69
550.929	18.59
551.124	18.34
551.318	18.67
551.513	18.06
551.707	18.88
551.902	18.06
552.096	18.76
552.291	18.93
552.485	18.41
552.68	18.36
552.874	18.8
553.069	18.35
553.263	18.76
553.458	18.59
553.652	18.94
553.847	18.45
554.041	18.66
554.235	18.51
554.43	18.74
554.624	18.6
554.818	18.27
555.013	19.04
555.207	18.84
555.401	19.15
555.595	19.07
555.79	18.47
555.984	19.25
556.178	18.62
556.372	19.04
556.566	19.09
556.761	19.09
556.955	19.03
557.149	19.13
557.343	19.11
557.537	18.55
557.731	19.16
557.925	18.83
558.119	19.19
558.313	19.1
558.507	18.85
558.701	18.71
558.895	18.93
559.089	19.35
559.283	19.49
559.477	19.15
559.671	19.17
559.865	19.16
560.059	18.56
560.253	18.91
560.447	19.57
560.641	19.04
560.835	19.69
561.028	19.44
561.222	19.52
561.416	19.13
561.61	18.87
561.804	18.96
561.997	19.09
562.191	19.56
562.385	19.13
562.579	18.97
562.772	19.42
562.966	19.27
563.16	19.51
563.353	19.25
563.547	19.12
563.741	19.11
563.934	19.37
564.128	18.85
564.321	19.3
564.515	19.92
564.708	18.95
564.902	19.28
565.095	19.16
565.289	19.47
565.482	19.23
565.676	19.17
565.869	19.31
566.063	19.19
566.256	19.23
566.45	18.9
566.643	19.52
566.836	19.08
567.03	19.36
567.223	19.51
567.416	19.72
567.61	19.58
567.803	18.94
567.996	19.62
568.19	19.42
568.383	19.24
568.576	19.2
568.769	19.02
568.963	19.11
569.156	19.24
569.349	19.34
569.542	19.03
569.735	19.14
569.928	19.08
570.121	19.52
570.315	19.53
570.508	19.03
570.701	19.19
570.894	19.33
571.087	18.84
571.28	19.51
571.473	19.22
571.666	19.19
571.859	19.07
572.052	19.15
572.245	19.57
572.438	19.28
572.631	19.55
572.824	19.1
573.016	19.33
573.209	19.58
573.402	19.25
573.595	18.91
573.788	18.94
573.981	19.43
574.173	19.08
574.366	19.45
574.559	19.31
574.752	18.97
574.944	18.96
575.137	18.81
575.33	18.74
575.523	19.13
575.715	19.18
575.908	18.94
576.101	18.87
576.293	19.31
576.486	19.42
576.678	18.68
576.871	18.79
577.063	19.69
577.256	18.9
577.449	19.51
577.641	18.73
577.834	18.85
578.026	18.4
578.219	18.59
578.411	19.24
578.603	19.1
578.796	18.67
578.988	19.17
579.181	19.06
579.373	19
579.565	18.72
579.758	19.12
579.95	18.62
580.142	18.82
580.335	18.9
580.527	18.9
580.719	18.97
580.912	18.93
581.104	19.23
581.296	18.64
581.488	18.75
581.68	19.12
581.873	18.76
582.065	19.22
582.257	19.1
582.449	18.62
582.641	18.62
582.833	18.68
583.025	18.39
583.217	19.19
583.41	19.33
583.602	18.97
583.794	19.13
583.986	19.21
584.178	18.33
584.37	18.65
584.562	18.46
584.753	18.88
584.945	18.65
585.137	18.59
585.329	18.97
585.521	19.25
585.713	19.09
585.905	18.92
586.097	19.25
586.289	18.63
586.48	18.7
586.672	18.58
586.864	19.07
587.056	19.13
587.247	18.54
587.439	18.77
587.631	18.89
587.823	18.91
588.014	18.98
588.206	18.64
588.398	18.19
588.589	19.13
588.781	18.36
588.972	18.75
589.164	18.71
589.356	18.66
589.547	19.26
589.739	18.36
589.93	19.22
590.122	18.77
590.313	18.66
590.505	19.03
590.696	19.03
590.888	18.87
591.079	19.34
591.271	18.35
591.462	18.61
591.653	18.76
591.845	19.17
592.036	18.99
592.227	19.11
592.419	18.82
592.61	19.18
592.801	18.65
592.993	18.6
593.184	19.38
593.375	18.74
593.566	19.05
593.758	19.28
593.949	19.18
594.14	18.62
594.331	19.06
594.522	18.92
594.713	19.4
594.905	19.32
595.096	19.4
595.287	19
595.478	19.68
595.669	19.33
595.86	18.68
596.051	19.25
596.242	19.42
596.433	19.06
596.624	19.36
596.815	19.07
597.006	18.79
597.197	19.31
597.388	18.85
597.579	18.77
597.77	19.08
597.96	19.24
598.151	19.26
598.342	19.46
598.533	19.85
598.724	19.84
598.915	19.31
599.105	19.34
599.296	19.22
599.487	18.84
599.678	19.3
599.868	19.53
600.059	18.86
600.25	19.59
600.44	19.36
600.631	19.53
600.822	19.67
601.012	19.76
601.203	19.35
601.394	19.57
601.584	19.48
601.775	19.3
601.965	19.35
602.156	19.22
602.346	19.82
602.537	19.36
602.727	19.37
602.918	19.69
603.108	19.48
603.299	19.18
603.489	20.12
603.679	19.24
603.87	19.58
604.06	20.09
604.251	19.47
604.441	19.53
604.631	19.95
604.822	19.63
605.012	19.81
605.202	19.82
605.392	19.06
605.583	19.64
605.773	19.35
605.963	20.02
606.153	19.2
606.344	19.84
606.534	19.74
606.724	19.57
606.914	19.65
607.104	19.78
607.294	20.07
607.484	19.45
607.674	19.43
607.864	19.85
608.054	19.54
608.245	19.78
608.435	19.87
608.625	19.21
608.814	19.76
609.004	19.61
609.194	19.21
609.384	19.81
609.574	19.72
609.764	19.2
609.954	19.26
610.144	19.35
610.334	20.33
610.524	19.73
610.713	19.77
610.903	19.33
611.093	19.54
611.283	19.56
611.473	19.44
611.662	19.27
611.852	19.19
612.042	19.42
612.231	19.33
612.421	19.58
612.611	18.61
612.8	19.74
612.99	19.33
613.18	19.26
613.369	19.39
613.559	19.05
613.748	19.83
613.938	19.29
614.128	19.06
614.317	19.68
614.507	19.91
614.696	18.99
614.886	19.84
615.075	19.19
615.264	19.48
615.454	20.01
615.643	18.74
615.833	19.17
616.022	18.78
616.211	19.28
616.401	18.73
616.59	19.17
616.779	19.44
616.969	19.27
617.158	19.27
617.347	19.25
617.537	19.73
617.726	19.55
617.915	19.23
618.104	19.13
618.293	19.3
618.483	19.05
618.672	19.27
618.861	19.07
619.05	19.36
619.239	19.04
619.428	19.35
619.617	19.7
619.806	18.73
619.995	19.06
620.184	19.15
620.373	18.93
620.562	18.99
620.751	19.4
620.94	19.13
621.129	19.63
621.318	19.11
621.507	19.15
621.696	19.14
621.885	19.03
622.074	20.11
622.263	19.54
622.452	19.57
622.64	19.21
622.829	18.7
623.018	18.93
623.207	18.76
623.396	18.78
623.584	19.11
623.773	19.54
623.962	18.7
624.15	19.12
624.339	19.26
624.528	19.19
624.716	19.21
624.905	18.93
625.094	19.42
625.282	19.05
625.471	19.73
625.659	18.79
625.848	18.84
626.037	19.55
626.225	20.04
626.414	19.14
626.602	20.01
626.791	18.81
626.979	19.49
627.167	19.01
627.356	18.7
627.544	19.21
627.733	20.22
627.921	20.4
628.109	20.4
628.298	19.44
628.486	18.77
628.674	19.35
628.863	19.91
629.051	19.42
629.239	20.09
629.428	19.89
629.616	19.61
629.804	19.99
629.992	19.37
630.18	18.92
630.369	19.66
630.557	19.98
630.745	19.11
630.933	20.52
631.121	19.53
631.309	19.12
631.497	19.1
631.685	18.85
631.873	19.65
632.061	19.56
632.249	18.97
632.437	19.86
632.625	19.67
632.813	19.77
633.001	20.91
633.189	19.51
633.377	19.96
633.565	18.74
633.753	19.03
633.941	18.66
634.129	19.5
634.316	19.68
634.504	19.25
634.692	20.37
634.88	19.45
635.068	19.44
635.255	19.86
635.443	20.14
635.631	19.13
635.818	20.32
636.006	19.36
636.194	19.51
636.382	18.74
636.569	19.2
636.757	19.17
636.944	19.79
637.132	19.19
637.32	19.44
637.507	19.48
637.695	19.65
637.882	18.99
638.07	20.6
638.257	18.43
638.445	18.31
638.632	18.05
638.82	18.66
639.007	19
639.194	18.62
639.382	19.05
639.569	19.63
639.757	18.96
639.944	18.26
640.131	18.38
640.319	18.31
640.506	18.1
640.693	19.12
640.88	19.42
641.068	18.97
641.255	17.82
641.442	18.1
641.629	18.5
641.817	18.89
642.004	19.18
642.191	18.71
642.378	18.68
642.565	18.83
642.752	18.99
642.939	17.75
643.126	17.85
643.313	18.18
643.501	19.32
643.688	18.69
643.875	18.89
644.062	18.49
644.249	17.55
644.435	17.33
644.622	17.05
644.809	17.7
644.996	17.73
645.183	18.11
645.37	17.96
645.557	17.8
645.744	16.84
645.931	16.91
646.117	16.26
646.304	17.89
646.491	16.61
646.678	18.17
646.865	17.01
647.051	17.15
647.238	17.84
647.425	16.33
647.611	17.28
647.798	17.07
647.985	16.28
648.171	17.5
648.358	16.03
648.545	17.2
648.731	16.27
648.918	17.06
649.104	16.34
649.291	17.88
649.477	16.37
649.664	17.27
649.85	17.78
650.037	17.18
650.223	15.98
650.41	17.02
650.596	15.43
650.783	17.93
650.969	15.8
651.155	16.62
651.342	15.91
651.528	14.94
651.714	16.1
651.901	17.92
652.087	15.79
652.273	14.84
652.46	16.37
652.646	16.5
652.832	15.25
653.018	16.78
653.204	17.02
653.391	16.63
653.577	16.98
653.763	17.04
653.949	15.95
654.135	15.94
654.321	15.63
654.507	16.25
654.693	15.35
654.879	15.95
655.065	15.96
655.252	15.57
655.438	16.02
655.624	16.22
655.809	14.3
655.995	14.33
656.181	15.66
656.367	16.89
656.553	15.76
656.739	15.78
656.925	17.27
657.111	16.58
657.297	15.91
657.482	15.66
657.668	14.52
657.854	14.94
658.04	15.25
658.226	14.01
658.411	15.47
658.597	16.47
658.783	15.71
658.968	16.04
659.154	14.79
659.34	15.27
659.525	16.55
659.711	14.74
659.897	15.65
660.082	14.6
660.268	13.17
660.453	14.71
660.639	15.38
660.824	15.53
661.01	14.24
661.195	14.44
661.381	13.86
661.566	14.7
661.752	15.35
661.937	13.59
662.123	13.15
662.308	15.45
662.494	14.23
662.679	15.09
662.864	14.84
663.05	15.01
663.235	15.97
663.42	13.95
663.605	15.04
663.791	13.21
663.976	13.9
664.161	14.02
664.346	12.95
664.532	12.18
664.717	12.82
664.902	12.67
665.087	15.24
665.272	14.92
665.457	11.95
665.642	13.37
665.828	13.71
666.013	12.82
666.198	12.24
666.383	14.46
666.568	14.4
666.753	14.15
666.938	13.94
667.123	13.94
667.308	12.06
667.493	13.04
667.677	10.96
667.862	13.46
668.047	14.88
668.232	12.25
668.417	13.33
668.602	12.33
668.787	12.74
668.971	11.84
669.156	14.56
669.341	12.98
669.526	13.12
669.711	13.92
669.895	13.62
670.08	12.7
670.265	13.74
670.449	13.3
670.634	13.23
670.819	11.03
671.003	14.93
671.188	13.18
671.372	15.09
671.557	14.5
671.742	12.5
671.926	12.82
672.111	15.29
672.295	10.8
672.48	13.7
672.664	12.84
672.849	10.7
673.033	13.56
673.217	12.37
673.402	12.02
673.586	12.5
673.771	14.37
673.955	15.49
674.139	14.11
674.324	14.87
674.508	15.32
674.692	14.74
674.876	14.39
675.061	14.81
675.245	14.21
675.429	15
675.613	12.36
675.798	14.01
675.982	15.36
676.166	12.54
676.35	15.89
676.534	15.6
676.718	16.72
676.902	18.15
677.087	13.42
677.271	14.07
677.455	14.76
677.639	13.17
677.823	15.76
678.007	17.95
678.191	16.35
678.375	16.46
678.559	15.61
678.742	15.41
678.926	18.66
679.11	18.79
679.294	13.67
679.478	19.21
679.662	20.28
679.846	19.66
680.029	19.26
680.213	19.53
680.397	20.36
680.581	18.14
680.765	18.92
680.948	19.26
681.132	20.02
681.316	18.39
681.499	18.98
681.683	20.17
681.867	18.83
682.05	22.92
682.234	20.68
682.417	18.75
682.601	23.63
682.785	21.99
682.968	22.43
683.152	20.88
683.335	20.98
683.519	20.54
683.702	20.93
683.886	22.36
684.069	21.39
684.253	24.2
684.436	19.81
684.619	22.71
684.803	23.33
684.986	25.59
685.169	21.88
685.353	25.16
685.536	23.15
685.719	23.7
685.903	24.34
686.086	22.57
686.269	24.21
686.452	23.18
686.636	28.2
686.819	22.69
687.002	24.75
687.185	26.37
687.368	26.24
687.551	24.16
687.734	26.22
687.918	26.3
688.101	26.58
688.284	24.13
688.467	29.76
688.65	29.18
688.833	23.3
689.016	29.94
689.199	27.22
689.382	30.49
689.565	26.52
689.748	26.82
689.93	27.18
690.113	29.47
690.296	27.17
690.479	32.92
690.662	24.1
690.845	31.02
691.028	28.5
691.21	27.77
691.393	32.2
691.576	28.36
691.759	27.01
691.941	31.46
692.124	34.91
692.307	31.4
692.489	32.18
692.672	30.13
692.855	30.76
693.037	34.19
693.22	36.23
693.403	27.95
693.585	33.91
693.768	33.34
693.95	33.19
694.133	35.94
694.315	31.69
694.498	29.2
694.68	30.75
694.863	38.34
695.045	31.31
695.228	36.54
695.41	35.39
695.592	34.06
695.775	34.87
695.957	36.08
696.139	37.27
696.322	35.85
696.504	35.88
696.686	30.95
696.869	33.31
697.051	35.56
697.233	35.86
697.415	37.27
697.597	33.02
697.78	42.7
697.962	34.14
698.144	33.54
698.326	37.92
698.508	38.96
698.69	35.86
698.872	36.22
699.055	45.14
699.237	40.92
699.419	41.15
699.601	34.99
699.783	45.11
699.965	40.48
700.147	37.75
700.329	37.97
700.51	40.58
700.692	40.2
700.874	37.77
701.056	43.18
701.238	39.93
701.42	41.26
701.602	45.96
701.783	30.71
701.965	41.71
702.147	45.19
702.329	39.2
702.511	44.34
702.692	44.41
702.874	40.49
703.056	42.22
703.237	41.21
703.419	39.07
703.601	46.25
703.782	39.8
703.964	42.62
704.146	40.83
704.327	49.35
704.509	49.11
704.69	47.51
704.872	40.95
705.053	31.21
705.235	44.98
705.416	39.27
705.598	39.05
705.779	38.37
705.961	44.13
706.142	43.63
706.323	48.56
706.505	50.34
706.686	37
706.867	43.64
707.049	36.08
707.23	45.53
707.411	47.02
707.593	38.42
707.774	42.79
707.955	39.44
708.136	39.19
708.318	44
708.499	48.9
708.68	43.04
708.861	46.75
709.042	41.29
709.223	44.36
709.404	45.78
709.585	48.68
709.767	44.85
709.948	45.99
710.129	49.84
710.31	40.63
710.491	44.33
710.672	43.85
710.853	35.27
711.034	55.84
711.214	43.65
711.395	45.97
711.576	48.73
711.757	48.12
711.938	49.83
712.119	53.45
712.3	39.06
712.481	36.46
712.661	43.2
712.842	40.92
713.023	52.23
713.204	42.62
713.384	44.07
713.565	43.36
713.746	39.19
713.926	38.58
714.107	42.15
714.288	52.16
714.468	48.26
714.649	44.22
714.83	48.67
715.01	49.81
715.191	51.71
715.371	43.59
715.552	40.96
715.732	52.41
715.913	56.82
716.093	56.71
716.274	52.02
716.454	57.9
716.635	48.11
716.815	47.49
716.995	52.89
717.176	50.86
717.356	32.16
717.536	48.98
717.717	46.5
717.897	49.45
718.077	40
718.258	44.49
718.438	48.28
718.618	51.09
718.798	42.24
718.978	55.19
719.159	46.01
719.339	59.49
719.519	59.83
719.699	49.31
719.879	44.88
720.059	48.06
720.239	48.48
720.419	60.45
720.599	42.19
720.779	52.2
720.959	51.61
721.139	42.9
721.319	45.61
721.499	63.27
721.679	51.19
721.859	41.77
722.039	54.32
722.219	50.75
722.399	39.48
722.579	40.64
722.759	56.38
722.938	37.38
723.118	54.28
723.298	42.53
723.478	59.76
723.658	40.32
723.837	50.36
724.017	53.72
724.197	51.77
724.376	57.85
724.556	35.38
724.736	43.6
724.915	40.99
725.095	40.01
725.275	64.73
725.454	57.12
725.634	60.3
725.813	48.26
725.993	50.46
726.172	59.45
726.352	59.43
726.531	44.14
726.711	59.28
726.89	36.4
727.07	49.99
727.249	49.81
727.428	54.69
727.608	31.46
727.787	47.53
727.966	49.6
728.146	44.87
728.325	53.68
728.504	44.2
728.684	30.55
728.863	54.17
729.042	33.89
729.221	32.58
729.4	60.76
729.58	45.51
729.759	49.99
729.938	54.39
730.117	54.79
730.296	43.05
730.475	45.41
730.654	50.37
730.833	54.72
731.013	39.5
731.192	56.27
731.371	61.72
731.55	71.69
731.729	48.05
731.907	66.86
732.086	53.57
732.265	40.48
732.444	43.88
732.623	40.34
732.802	51.92
732.981	56.43
733.16	52.61
733.339	63.2
733.517	69.33
733.696	34.75
733.875	50.68
734.054	44.22
734.232	66.88
734.411	53.73
734.59	35.94
734.768	41.88
734.947	51.73
735.126	39.9
735.304	66.76
735.483	56
735.662	51.05
735.84	55.05
736.019	52.72
736.197	60.9
736.376	61.42
736.554	58.04
736.733	58.5
736.911	51.62
737.09	53.34
737.268	68.89
737.447	68.28
737.625	64.57
737.803	70.09
737.982	89.56
738.16	56.16
738.338	75.57
738.517	24.12
738.695	64.79
738.873	60.58
739.052	67.09
739.23	45.44
739.408	38.03
739.586	59.94
739.764	46.06
739.943	60.42
740.121	60.43
740.299	40.62
740.477	48.94
740.655	97.61
740.833	63.1
741.011	75.44
741.189	77.31
741.367	57.99
741.545	45.89
741.723	38.05
741.901	43.7
742.079	68.49
742.257	52.91
742.435	42.65
742.613	78.11
742.791	70.74
742.969	43
743.147	60.48
743.325	36.72
743.503	39.79
743.68	71.9
743.858	62.4
744.036	48.55
744.214	68.65
744.391	68.63
744.569	35.25
744.747	49.7
744.925	51.08
745.102	48.69
745.28	60.2
745.458	89.87
745.635	47.46
745.813	96.06
745.99	49.03
746.168	34.26
746.345	96.9
746.523	44.91
746.7	67.94
746.878	67.15
747.055	22.71
747.233	58.68
747.41	73.25
747.588	47.54
747.765	48.45
747.943	52.23
748.12	30.64
748.297	33.37
748.475	60.84
748.652	80.62
748.829	87.57
749.007	32.22
749.184	56.2
749.361	74.9
749.538	120.9
749.716	71.79
749.893	62.06
750.07	52.15
750.247	72.98
750.424	65.52
750.601	66.26
750.778	58.69
750.956	49.64
751.133	47.77
751.31	65.83
751.487	44.27
751.664	38.26
751.841	41.61
752.018	57.71
752.195	28.12
752.372	62.98
752.549	65.32
752.726	49.75
752.902	96.01
753.079	70.48
753.256	68.39
753.433	48.94
753.61	70.35
753.787	56.73
753.964	44.91
754.14	45.37
754.317	70.97
754.494	132.16
754.671	78.4
754.847	51.11
755.024	66.83
755.201	54.94
755.377	59.71
755.554	85.94
755.73	36.97
755.907	58.07
756.084	93.77
756.26	25.4
756.437	33.12
756.613	70.04
756.79	54.61
756.966	70.14
757.143	61.12
757.319	71.51
757.496	66.02
757.672	93.43
757.849	86.82
758.025	65.22
758.201	151.47
758.378	63.07
758.554	40.35
758.73	35.93
758.907	48.43
759.083	52.48
759.259	88.84
759.435	56.41
759.612	61.94
759.788	75.28
759.964	64.64
760.14	47.31
760.316	3.81
760.493	1.03
760.669	109.36
760.845	43.74
761.021	142.82
761.197	32.94
761.373	79.75
761.549	60.42
761.725	96.58
761.901	18.72
762.077	53.96
762.253	0.18
762.429	74.83
762.605	56.09
762.781	32.59
762.957	54.36
763.133	61.62
763.308	46.55
763.484	53
763.66	165.47
763.836	56.38
764.012	30.49
764.187	20.26
764.363	57.78
764.539	46.44
764.715	52.9
764.89	-15.97
765.066	36.82
765.242	66.01
765.417	52.83
765.593	56.69
765.769	45.69
765.944	27.11
766.12	105.37
766.295	47.34
766.471	41.24
766.646	49.97
766.822	9.12
766.997	-9.43
767.173	53.86
767.348	19.91
767.524	38.58
767.699	30.11
767.875	32.2
768.05	-7.71
768.225	116.79
768.401	42.02
768.576	65.13
768.751	99.49
768.927	137.05
769.102	53.13
769.277	41.19
769.452	9.53
769.628	27.69
769.803	202.67
769.978	89.32
770.153	-24.63
770.328	57.04
770.503	94.05
770.679	72.75
770.854	64.69
771.029	43.52
771.204	-204.64
771.379	-41.46
771.554	19.13
771.729	99.5
771.904	47.76
772.079	99.42
772.254	102.62
772.429	101.4
772.604	37.54
772.779	53.87
772.953	26.61
773.128	48.32
773.303	9
773.478	77.66
773.653	22.66
773.828	81.44
774.002	200.27
774.177	69.65
774.352	388.7
774.527	59.52
774.701	41.19
774.876	89.91
775.051	59.36
775.225	103.09
775.4	78.67
775.575	46.98
775.749	123.93
775.924	8.75
776.098	0.57
776.273	52.16
776.447	50.49
776.622	43.28
776.796	46.89
776.971	-13.11
777.145	66.92
777.32	74.45
777.494	65.02
777.669	36.31
777.843	133.88
778.017	91.6
778.192	48.71
778.366	71.91
778.54	90.74
778.715	81.33
778.889	224.07
779.063	60.97
779.237	23.89
779.412	44.6
779.586	203.23
779.76	-3.32
779.934	16.65
780.108	5.11
780.282	-819.4
780.457	67.28
780.631	-30.61
780.805	24.07
780.979	-192.54
781.153	132.74
781.327	29.72
781.501	64.69
781.675	196.79
781.849	32.44
782.023	149.71
782.197	-28.34
782.371	29.14
782.545	443.56
782.718	30.74
782.892	94.99
783.066	-5.72
783.24	336.44
783.414	-8.75
783.588	96.71
783.761	58.69
783.935	22.55
784.109	109.41
784.283	-112.17
784.456	200.47
784.63	79.95
784.804	115.33
784.977	-16.99
785.151	81.31
785.324	78.8
785.498	77.82
785.672	47.94
785.845	70.96
786.019	41.23
786.192	280.13
786.366	38.75
786.539	57.97
786.713	30.25
786.886	22.23
787.06	48.04
787.233	3.42
787.406	54.67
787.58	45.69
787.753	119.28
787.926	123.79
788.1	-130.67
788.273	-1273.58
788.446	98.52
788.62	-687.1
788.793	7.82
788.966	-20.41
789.139	68.45
789.313	-12.26
789.486	-471.43
789.659	-32.57
789.832	0.32
790.005	129.16
790.178	61.06
790.351	66.36
790.524	167.8
790.697	68.71
790.87	-74.62
791.044	856.36
791.216	101.08
791.389	-267.91
791.562	97.26
791.735	-41.77
791.908	-50.65
792.081	117.74
792.254	69.23
792.427	65.8
792.6	56.85
792.773	37.75
792.945	165.67
793.118	12.66
793.291	-102.2
793.464	-70.21
793.637	171.17
793.809	-4.11
793.982	75.53
794.155	95.91
794.327	162.65
794.5	161.54
794.673	-52.23
794.845	-80.54
795.018	-31.98
795.19	-313.48
795.363	75.5
795.536	85.81
795.708	-609.68
795.881	3780
796.053	78.95
796.226	200.57
796.398	82.52
796.57	23.97
796.743	-16.62
796.915	-37.33
797.088	88.66
797.26	-262.2
797.432	-239.24
797.605	174.87
797.777	-331.17
797.949	311.58
798.122	76.97
798.294	76.68
798.466	173.14
798.638	-96.87
798.81	166.48
798.983	18.99
799.155	29.45
799.327	-109.16
799.499	84
799.671	238.52
799.843	103.91
800.015	45.53
800.187	113.31
800.359	141.69
800.531	16.35
800.703	94.84
800.875	50.1
801.047	74.54
801.219	80.89
801.391	-128.57
801.563	-360.43
801.735	8.79
801.907	171.17
802.079	105.05
802.251	-405.49
802.422	153.54
802.594	-533.77
802.766	-84.88
802.938	87.44
803.11	-50.2
803.281	208.61
803.453	75.79
803.625	52.26
803.796	26.14
803.968	79.97
804.14	121.89
804.311	30.12
804.483	147.46
804.654	26.59
804.826	249.22
804.998	360.96
805.169	79.92
805.341	372
805.512	-113.66
805.684	109.03
805.855	186.61
806.026	290.77
806.198	237.42
806.369	-46.54
806.541	75.94
806.712	62.79
806.883	147.96
807.055	94.77
807.226	46.82
807.397	-102.2
807.569	-151.33
807.74	24.32
807.911	-69.8
808.082	-30.94
808.253	-193.07
808.425	101.37
808.596	-232.58
808.767	338.85
808.938	-63.93
809.109	-597.03
809.28	-78.2
809.451	55.48
809.622	162.03
809.793	-377.42
809.964	221.74
810.135	94.58
810.306	317.34
810.477	191.28
810.648	11.78
810.819	74
810.99	-14220
811.161	-1.12
811.332	432.97
811.503	32.77
811.674	-96.92
811.844	-540
812.015	67.28
812.186	384.66
812.357	-11.59
812.527	30.41
812.698	43.73
812.869	673.58
813.04	49.89
813.21	196.55
813.381	-19.84
813.551	78.59
813.722	123.06
813.893	76.98
814.063	134.74
814.234	-343.64
814.404	220.95
814.575	200.34
814.745	-406.19
814.916	63.57
815.086	0.63
815.257	-9.42
815.427	46.01
815.598	17.85
815.768	122.56
815.938	104.59
816.109	185.83
816.279	133.65
816.449	-24.47
816.62	-2194.74
816.79	95.41
816.96	-186.79
817.13	-63.73
817.301	10.66
817.471	-24.3
817.641	-101.23
817.811	234.31
817.981	-6642.86
818.152	132.23
818.322	389.11
818.492	18.37
818.662	1.06
818.832	88.35
819.002	79.96
819.172	105.69
819.342	220.23
819.512	80.04
819.682	86.05
819.852	4.45
820.022	19.29
820.192	-165.17
820.362	37.92
820.531	-14.66
820.701	63.85
820.871	53.9
821.041	-88.24
821.211	47.79
821.381	83.04
821.55	236.17
821.72	-495.35
821.89	-558.46
822.059	36.49
822.229	49.92
822.399	238.12
822.568	121.32
822.738	256.1
822.908	325.77
823.077	111.81
823.247	71.39
823.416	194.12
823.586	123.53
823.756	44.79
823.925	854.43
824.095	1039.53
824.264	-149.33
824.433	-119.47
824.603	101.53
824.772	23.71
824.942	155.7
825.111	110.05
825.28	95.03
825.45	273.91
825.619	273.91
825.788	-326.97
825.958	87.76
826.127	72.41
826.296	102.61
826.465	36
826.635	214.8
826.804	20.44
826.973	32.1
827.142	205.53
827.311	-74.5
827.48	13.26
827.649	106.27
827.818	314.17
827.988	74.4
828.157	113.79
828.326	-102.65
828.495	-0.85
828.664	166.93
828.833	64.66
829.002	-143.48
829.17	-90.6
829.339	-94.97
829.508	244.13
829.677	225.84
829.846	81.89
830.015	71.83
830.184	-80.21
830.352	43.97
830.521	200.72
830.69	256.1
830.859	-864.71
831.027	-615.79
831.196	-41.26
831.365	74.08
831.533	62.51
831.702	195.55
831.871	15.18
832.039	175.8
832.208	-529.57
832.377	49.61
832.545	67.1
832.714	113.47
832.882	52.94
833.051	13.56
833.219	6214.29
833.388	74.72
833.556	84.84
833.724	51.94
833.893	29.46
834.061	1468.42
834.23	151.53
834.398	186.49
834.566	338.96
834.735	4500
834.903	62.26
835.071	900
835.239	-63.93
835.408	81.69
835.576	-188.37
835.744	102.11
835.912	132
836.08	95.53
836.249	-481.13
836.417	168.45
836.585	8.16
836.753	161.04
836.921	-8.11
837.089	-5442.86
837.257	-1583.72
837.425	149.36
837.593	35.16
837.761	28.81
837.929	86.97
838.097	130.53
838.265	163.69
838.433	-48.2
838.601	81.96
838.769	-315.19
838.936	279.78
839.104	13.9
839.272	84.73
839.44	32.19
839.608	-1148.78
839.775	57.93
839.943	-10.25
840.111	114.95
840.279	-77.11
840.446	-85.07
840.614	183.12
840.781	-70.43
840.949	47.78
841.117	69.23
841.284	-16.74
841.452	-419.25
841.619	70.67
841.787	125.09
841.954	537.21
842.122	19.08
842.289	-3.6
842.457	101.13
842.624	49.89
842.792	-466.42
842.959	-190.29
843.126	85.35
843.294	-139.51
843.461	15.41
843.629	-117.6
843.796	18.79
843.963	17.51
844.13	-26.2
844.298	195.75
844.465	70.85
844.632	288.82
844.799	254.77
844.966	231.06
845.134	77.96
845.301	30.66
845.468	192.72
845.635	162.19
845.802	205.53
845.969	40.66
846.136	58.32
846.303	-489.47
846.47	51.53
846.637	420
846.804	-1500
846.971	30.49
847.138	265.25
847.305	-108.85
847.472	196.05
847.639	166.51
847.805	148.81
847.972	-409.09
848.139	-119.74
848.306	394.74
848.473	774.63
848.639	20.67
848.806	151.2
848.973	117.59
849.14	-53.94
849.306	-187
849.473	41.72
849.64	32.31
849.806	-248.33
849.973	420
850.139	-45.7
850.306	82.72
850.472	102.95
850.639	73.77
850.806	710.53
850.972	367.83
851.139	7757.14
851.305	3.61
851.471	-60.85
851.638	-64.42
851.804	344.78
851.971	59.2
852.137	40.88
852.303	72.77
852.47	13.79
852.636	4.31
852.802	-347.24
852.968	-19.15
853.135	-7.61
853.301	-78.03
853.467	183.93
853.633	28.44
853.8	63.7
853.966	-220.81
854.132	8100
854.298	400.73
854.464	50.56
854.63	87.23
854.796	159.66
854.962	390.65
855.128	15.37
855.294	-82.27
855.46	-117.01
855.626	3.72
855.792	-82.24
855.958	-20.39
856.124	414.11
856.29	160.93
856.456	21.54
856.622	72.77
856.787	354.55
856.953	27.88
857.119	115.84
857.285	200.47
857.45	115.55
857.616	79.43
857.782	3.84
857.948	158.93
858.113	84.98
858.279	-92.89
858.445	342.52
858.61	509.3
858.776	185.83
858.941	555.45
859.107	51.46
859.273	-45.88
859.438	-87.45
859.604	-1121.05
859.769	266.93
859.935	-371.29
860.1	118.99
860.265	21.64
860.431	2.16
860.596	4500
860.762	116.33
860.927	118.13
861.092	57.29
861.258	-65.44
861.423	154.05
861.588	78.16
861.753	3814.29
861.919	-1115.09
862.084	257.48
862.249	253.22
862.414	113.65
862.579	-1.52
862.745	68.66
862.91	200.37
863.075	172.96
863.24	46.56
863.405	465.83
863.57	55.7
863.735	-66.57
863.9	-108.85
864.065	-13.76
864.23	70.45
864.395	97.15
864.56	138.67
864.725	459.49
864.89	252.81
865.055	92.57
865.22	72.7
865.384	23.6
865.549	-288.35
865.714	-77.99
865.879	-12.79
866.044	-56.07
866.208	54.34
866.373	-62.64
866.538	231.15
866.702	10.82
866.867	77.5
867.032	115.06
867.196	56.76
867.361	122.4
867.526	-155.79
867.69	-76.44
867.855	16.48
868.019	703.64
868.184	27.13
868.348	19.45
868.513	1054.84
868.677	82.88
868.842	56.18
869.006	-34.84
869.17	-707.55
869.335	-212.2
869.499	-626.21
869.663	494.7
869.828	83.81
869.992	1318.6
870.156	56.22
870.321	34.31
870.485	115.08
870.649	102.11
870.813	-21.03
870.978	180
871.142	-964.62
871.306	-334.12
871.47	514.6
871.634	446.46
871.798	-9.32
871.962	211.16
872.126	3814.29
872.29	39.95
872.454	-1842.86
872.618	-1.44
872.782	-174.63
872.946	279.87
873.11	104.02
873.274	-71.1
873.438	-370.59
873.602	127.44
873.766	27.27
873.93	-145.48
874.094	-43.82
874.257	50.13
874.421	358.96
874.585	332.73
874.749	26.48
874.912	-92.81
875.076	87.1
875.24	22.62
875.403	216.04
875.567	296.57
875.731	-3.37
875.894	-89.39
876.058	256.94
876.222	-151.69
876.385	152.26
876.549	47.22
876.712	5.45
876.876	-91.09
877.039	52.12
877.203	56.91
877.366	-52.53
877.529	-66.78
877.693	10.22
877.856	107.67
878.02	72.07
878.183	-17.87
878.346	-3.9
878.51	82.3
878.673	45.32
878.836	-23.66
878.999	667.74
879.163	172.13
879.326	-26.85
879.489	79.29
879.652	17.61
879.815	93.61
879.978	-89.39
880.142	328.19
880.305	221.74
880.468	-25.3
880.631	-35.81
880.794	-96.96
880.957	-504.88
881.12	-3264.71
881.283	92.83
881.446	59.78
881.609	485.61
881.772	141.69
881.935	1252.94
882.097	356.78
882.26	333.96
882.423	19.6
882.586	116.24
882.749	193.29
882.912	296.32
883.074	10.76
883.237	59.22
883.4	-51.72
883.562	84.99
883.725	-146.4
883.888	389.76
884.05	-9180
884.213	81.14
884.376	25.64
884.538	35.51
884.701	35.51
884.863	35.51
