181.954	59.11
182.172	59.11
182.39	59.11
182.608	12680
182.826	463.74
183.043	-34.89
183.261	72.48
183.479	101.47
183.697	694.12
183.914	88.26
184.132	-11.76
184.35	216.14
184.567	85.07
184.785	-23.01
185.003	129.05
185.22	-165.67
185.438	117.08
185.656	-59.3
185.873	255.38
186.091	61.67
186.309	779.31
186.526	-38.91
186.744	87.41
186.961	-108.88
187.179	-61.61
187.396	53.15
187.614	15.38
187.831	3560
188.049	38.04
188.266	72.9
188.484	-588.06
188.701	118.45
188.919	81.77
189.136	143.14
189.354	-22.39
189.571	-55.92
189.789	85.59
190.006	44.91
190.223	-72.43
190.441	70.39
190.658	1400
190.876	102.31
191.093	-248.35
191.31	35.52
191.528	6.09
191.745	-45.29
191.962	-9.17
192.179	200
192.397	190.28
192.614	73.93
192.831	-87.02
193.049	59.27
193.266	328.16
193.483	-2.07
193.7	200
193.917	46.44
194.135	269.06
194.352	-142.86
194.569	81.99
194.786	135.21
195.003	87.59
195.221	43.61
195.438	81.27
195.655	-71.36
195.872	77.97
196.089	103.33
196.306	28.21
196.523	45.77
196.74	200
196.957	45.34
197.174	-244.67
197.391	183.56
197.608	38.94
197.825	-690.32
198.042	19.33
198.259	-296.55
198.476	130.7
198.693	1160
198.91	133.05
199.127	-355.22
199.344	63.97
199.561	116.76
199.778	94.08
199.995	-498.51
200.212	1358.62
200.429	234.12
200.646	-437.97
200.862	402.25
201.079	-12.75
201.296	-6.62
201.513	-114.56
201.73	-167.53
201.947	77.92
202.163	31.66
202.38	193.06
202.597	437.43
202.814	25.08
203.03	1400
203.247	73.37
203.464	30.21
203.681	605.19
203.897	146.17
204.114	-184.91
204.331	-13.78
204.547	-1223.26
204.764	55.21
204.981	2670.59
205.197	159.15
205.414	-5.35
205.63	448.28
205.847	338.69
206.064	396.36
206.28	33.24
206.497	74.94
206.713	41.28
206.93	-39.48
207.146	-47.7
207.363	292.31
207.579	-512.09
207.796	-171.68
208.012	-59.73
208.229	92.54
208.445	-9.26
208.662	97.14
208.878	122.25
209.095	-435.29
209.311	0.23
209.528	8771.43
209.744	61
209.96	-245.03
210.177	141.75
210.393	95.07
210.609	6920
210.826	-6.13
211.042	220.87
211.258	737.31
211.475	-120.86
211.691	-12.69
211.907	-772.15
212.124	-11.63
212.34	481.14
212.556	17.33
212.772	-314.29
212.989	366.89
213.205	-30.26
213.421	-143.72
213.637	146.27
213.853	-5.45
214.069	-115.79
214.286	-48.4
214.502	92.54
214.718	-40.75
214.934	104.82
215.15	117.38
215.366	141.39
215.582	174.56
215.798	80.12
216.015	143.93
216.231	102.7
216.447	72.34
216.663	77.92
216.879	-95.48
217.095	22.82
217.311	335.85
217.527	210.69
217.743	-207.77
217.959	-298.11
218.175	87.57
218.391	450.36
218.606	-108.57
218.822	43.48
219.038	52.41
219.254	146.95
219.47	27.3
219.686	523.6
219.902	-12.75
220.118	18.74
220.334	-19.32
220.549	122.49
220.765	-35.35
220.981	-110.99
221.197	21.68
221.413	-314.29
221.628	397.47
221.844	-343.4
222.06	246.6
222.276	10.63
222.491	107.53
222.707	54.43
222.923	-170.47
223.139	14.94
223.354	-20.35
223.57	-74.02
223.786	68.93
224.001	93.44
224.217	32.07
224.432	33.53
224.648	117.06
224.864	-51.57
225.079	522.39
225.295	-103.72
225.51	83.24
225.726	72.38
225.942	136.05
226.157	28.89
226.373	5.96
226.588	83.79
226.804	-3589.47
227.019	-101.51
227.235	104.94
227.45	41.54
227.665	-2920
227.881	-121.26
228.096	304.35
228.312	-67.99
228.527	83.62
228.743	-211.43
228.958	-23.91
229.173	-593.04
229.389	59.48
229.604	80.62
229.819	13.62
230.035	-58.66
230.25	18.08
230.465	-40
230.681	-34.53
230.896	-33.27
231.111	52.39
231.327	115.54
231.542	5480
231.757	8.18
231.972	38.87
232.187	41.7
232.403	-2073.68
232.618	94.24
232.833	74.43
233.048	-498.18
233.263	-11.09
233.478	-81.74
233.694	-553.49
233.909	-651.61
234.124	-11.31
234.339	-37.18
234.554	-48.28
234.769	-31.16
234.984	-74.44
235.199	112.76
235.414	8.85
235.629	-574.68
235.844	69.05
236.059	92.4
236.274	109.37
236.489	-142.32
236.704	182.75
236.919	53.06
237.134	103.46
237.349	168.33
237.564	49.84
237.779	44.85
237.994	31.49
238.209	95.4
238.424	214.72
238.639	18.97
238.853	-29.01
239.068	109.37
239.283	36.86
239.498	67.02
239.713	83.37
239.928	34.48
240.142	240.19
240.357	7.08
240.572	-107.61
240.787	154.22
241.001	-193.19
241.216	43.79
241.431	170.11
241.646	34.48
241.86	-252.02
242.075	-665.12
242.29	-31.84
242.504	22.44
242.719	-120.5
242.934	133.86
243.148	41.46
243.363	82.46
243.577	375.28
243.792	151.42
244.007	62.6
244.221	667.53
244.436	74.63
244.65	288.34
244.865	18.01
245.079	130.04
245.294	-162.59
245.508	-45.88
245.723	7.32
245.937	239.56
246.152	-125.26
246.366	88.85
246.581	19.68
246.795	74.85
247.01	-56.46
247.224	9.7
247.438	-61.36
247.653	54.48
247.867	108.73
248.081	29.98
248.296	814.63
248.51	53.66
248.724	3.58
248.939	235.82
249.153	131.43
249.367	33.28
249.582	26.7
249.796	-407.79
250.01	-316.56
250.224	-7.43
250.439	81.69
250.653	24.92
250.867	41.51
251.081	6.64
251.295	2.18
251.51	16.17
251.724	-58.99
251.938	164.31
252.152	16.06
252.366	159.32
252.58	-432.73
252.794	58.73
253.008	41.06
253.223	149.45
253.437	75.86
253.651	-1.16
253.865	11.85
254.079	-20.27
254.293	17.23
254.507	636.36
254.721	-38.21
254.935	-235.16
255.149	60.47
255.363	46.37
255.577	336.91
255.791	37.29
256.005	310.43
256.218	12.89
256.432	-5.63
256.646	-69.64
256.86	51.27
257.074	42.16
257.288	3560
257.502	582.42
257.716	72.94
257.929	109.37
258.143	-4.88
258.357	-58.66
258.571	58.3
258.785	-14.39
258.998	-33.91
259.212	77.66
259.426	0.9
259.64	97.31
259.853	-25.71
260.067	45.43
260.281	103.55
260.494	-8.19
260.708	-85.15
260.922	52.16
261.135	159.03
261.349	28.57
261.563	0.48
261.776	1258.82
261.99	65.5
262.203	31.64
262.417	34.63
262.63	-35.93
262.844	591.01
263.058	163.39
263.271	27.07
263.485	132.48
263.698	87.08
263.912	108.09
264.125	-42.53
264.339	256.69
264.552	120.24
264.765	-353.04
264.979	124.76
265.192	92.1
265.406	39.31
265.619	-28.2
265.832	73.59
266.046	-6.36
266.259	86.1
266.473	354.84
266.686	117.67
266.899	128.93
267.113	-2920
267.326	-126.5
267.539	-33.28
267.752	6.88
267.966	117.19
268.179	155.72
268.392	92.82
268.605	-395.28
268.819	92.22
269.032	256.87
269.245	181.54
269.458	102.58
269.671	-513.92
269.885	24.39
270.098	31.12
270.311	-756.96
270.524	18.63
270.737	0.51
270.95	192.05
271.163	-177.95
271.376	-225.81
271.589	-392.41
271.802	-4.92
272.016	51.47
272.229	87.8
272.442	-57.49
272.655	10.8
272.868	-98.06
273.081	-325.84
273.294	-33.29
273.506	47.35
273.719	27.1
273.932	35.91
274.145	3080
274.358	73.35
274.571	42.69
274.784	1083.02
274.997	57.27
275.21	-6.81
275.423	-34.03
275.635	145.73
275.848	38.78
276.061	-30.46
276.274	-109.97
276.487	-227.83
276.699	-67.99
276.912	68.03
277.125	159.15
277.338	-14.36
277.55	52.12
277.763	17.83
277.976	101.4
278.189	-63.74
278.401	57.1
278.614	420.8
278.827	41.81
279.039	27.61
279.252	-32.02
279.464	-100.77
279.677	75.93
279.89	51.31
280.102	7.04
280.315	1165.85
280.527	-1126.32
280.74	-296.55
280.952	156.63
281.165	43.7
281.377	99.04
281.59	75.86
281.802	39.07
282.015	-126.75
282.227	70.84
282.44	165.47
282.652	226.97
282.865	-118.48
283.077	147.95
283.29	96.58
283.502	36.44
283.714	234.12
283.927	142.71
284.139	-119.31
284.351	-45.52
284.564	-82.35
284.776	94.62
284.988	-3.53
285.201	38.81
285.413	64.29
285.625	50.81
285.838	31.45
286.05	102.07
286.262	160.15
286.474	44.11
286.686	-20.84
286.899	-42.15
287.111	36.64
287.323	12.67
287.535	-13.86
287.747	189.49
287.959	-3.9
288.172	47.27
288.384	46.62
288.596	-51.48
288.808	1083.02
289.02	-320.75
289.232	155.33
289.444	-22.3
289.656	24.1
289.868	18.57
290.08	-57.67
290.292	-106.38
290.504	-5.71
290.716	72.61
290.928	88.66
291.14	-134.88
291.352	31.38
291.564	976.47
291.776	98.97
291.988	45.4
292.2	-129.86
292.412	-273.51
292.624	-71.48
292.835	737.31
293.047	-13.84
293.259	38.24
293.471	42.53
293.683	346.34
293.895	52.89
294.106	7.64
294.318	99.18
294.53	15.6
294.742	1772.41
294.953	-101.11
295.165	58.91
295.377	134.95
295.589	136.95
295.8	98.97
296.012	49.75
296.224	12.69
296.435	224.05
296.647	-39.11
296.858	338.13
297.07	1030.77
297.282	-196.94
297.493	29.98
297.705	-26.29
297.916	3.7
298.128	69.21
298.34	-58.31
298.551	-5.95
298.763	34.13
298.974	23.14
299.186	-12.01
299.397	49.56
299.609	1051.61
299.82	200
300.031	41.23
300.243	2157.89
300.454	-87.12
300.666	43.64
300.877	120.38
301.089	118.3
301.3	11.3
301.511	59.72
301.723	-2.22
301.934	92.54
302.145	-46.53
302.357	101.42
302.568	209.6
302.779	1.38
302.99	130.04
303.202	-66.08
303.413	-27.79
303.624	-31.86
303.835	-162.26
304.047	-208.1
304.258	33.87
304.469	28.67
304.68	-64.05
304.891	-12.86
305.103	23.94
305.314	88.69
305.525	10485.71
305.736	-45.67
305.947	29.16
306.158	1400
306.369	96.84
306.58	21.65
306.791	235.41
307.002	113.82
307.213	-81.8
307.424	-24.73
307.636	65.94
307.846	11.91
308.057	339.81
308.268	-3.49
308.479	34.91
308.69	41.54
308.901	46.37
309.112	506.98
309.323	58.98
309.534	56.37
309.745	62.81
309.956	70.82
310.167	-52.1
310.377	55.01
310.588	27.3
310.799	112.55
311.01	8.66
311.221	-24.8
311.432	58.75
311.642	28.21
311.853	6.86
312.064	158.62
312.275	48.33
312.485	162.41
312.696	43.72
312.907	97.49
313.117	15.38
313.328	5.49
313.539	138.62
313.749	-112.66
313.96	-221.98
314.171	46.13
314.381	61.17
314.592	26.55
314.802	32.22
315.013	131.34
315.224	60.47
315.434	-5231.58
315.645	-7000
315.855	-55.04
316.066	253.93
316.276	136.4
316.487	-473.17
316.697	-22.12
316.908	45.23
317.118	131.12
317.329	57.86
317.539	77.21
317.749	200
317.96	128.36
318.17	3.02
318.381	621.98
318.591	-538.46
318.801	69.75
319.012	272.08
319.222	514.56
319.432	-20.35
319.643	161.52
319.853	60.09
320.063	70.73
320.273	-5.29
320.484	-248.35
320.694	106.94
320.904	21.02
321.114	-420.22
321.325	1110.34
321.535	-55.92
321.745	-59.27
321.955	108.78
322.165	-46.53
322.375	94.31
322.585	236.81
322.796	1317.24
323.006	95.21
323.216	177.17
323.426	-14.39
323.636	245.93
323.846	2103.45
324.056	85.56
324.266	12.84
324.476	-46.41
324.686	37.84
324.896	31.12
325.106	1807.55
325.316	21.24
325.526	-2642.11
325.736	30.75
325.946	18.15
326.156	324.68
326.366	-259.13
326.576	111.99
326.785	224.12
326.995	23.23
327.205	-149.75
327.415	256.95
327.625	322.63
327.835	8.08
328.044	163.82
328.254	158.26
328.464	106.71
328.674	160.09
328.884	79.14
329.093	283.42
329.303	83.02
329.513	244.72
329.722	-1821.05
329.932	182.83
330.142	-6.41
330.351	136.19
330.561	658.18
330.771	-92.25
330.98	56.13
331.19	-316.92
331.4	-84.1
331.609	41.67
331.819	-326.83
332.028	83.43
332.238	-15.59
332.447	70.14
332.657	66.33
332.866	47.56
333.076	68.46
333.285	74.92
333.495	1012.9
333.704	-295.07
333.914	104.62
334.123	35.47
334.333	163.08
334.542	144.41
334.752	883.08
334.961	-252.83
335.17	-53.27
335.38	111.72
335.589	46.12
335.798	165.5
336.008	279.12
336.217	138.72
336.426	54.58
336.636	92.77
336.845	0.56
337.054	402.6
337.263	75.45
337.473	-60.87
337.682	-22.8
337.891	57.09
338.1	105.04
338.309	-145.91
338.519	191.8
338.728	-64.86
338.937	171.65
339.146	251.8
339.355	1037.74
339.564	-1000
339.773	43.22
339.983	13.03
340.192	1.74
340.401	144.41
340.61	42.24
340.819	26.44
341.028	11.15
341.237	-82.35
341.446	-1.87
341.655	125.56
341.864	-55.92
342.073	99.21
342.282	-120.96
342.491	2.56
342.699	48.54
342.908	90.91
343.117	193.67
343.326	107.69
343.535	-650.91
343.744	-148.48
343.953	-26.29
344.162	91.53
344.37	27.85
344.579	-641.79
344.788	55.75
344.997	36.24
345.206	82.74
345.414	125.98
345.623	40.59
345.832	-117.56
346.041	480.2
346.249	123.36
346.458	43.11
346.667	15.65
346.875	48.83
347.084	23.99
347.293	130.02
347.501	-55.92
347.71	43.99
347.918	-34.69
348.127	-498.9
348.336	-237.09
348.544	89.12
348.753	-140.3
348.961	-49.02
349.17	250.97
349.378	36.5
349.587	15.38
349.795	83.5
350.004	218.46
350.212	2.99
350.421	-394.69
350.629	-82.78
350.838	50.59
351.046	205.99
351.254	46.27
351.463	31.45
351.671	-1884.21
351.879	-71.81
352.088	47.94
352.296	136.28
352.504	0.39
352.713	-164.37
352.921	-470.87
353.129	54.62
353.338	-83.38
353.546	150.8
353.754	30.67
353.962	-25.83
354.171	96.89
354.379	-305.26
354.587	-8.15
354.795	12.38
355.003	-22.5
355.212	-75.53
355.42	811.32
355.628	185.54
355.836	69.83
356.044	57.74
356.252	32.36
356.46	13.37
356.668	790.77
356.876	55.31
357.084	49.77
357.292	95.4
357.5	-31.84
357.708	107.38
357.916	65.94
358.124	74.05
358.332	2.99
358.54	-607.27
358.748	12.99
358.956	18.57
359.164	-7.93
359.372	70.49
359.58	10.07
359.788	29.16
359.996	64.96
360.203	-42.64
360.411	96.42
360.619	-101.51
360.827	59.67
361.035	-72.39
361.242	224.63
361.45	-756.96
361.658	80.57
361.866	-15.33
362.073	26.15
362.281	78.29
362.489	37.42
362.697	126.2
362.904	36.86
363.112	104.86
363.32	-64.47
363.527	-113.04
363.735	-166.02
363.943	12.45
364.15	161.84
364.358	31.66
364.565	36.72
364.773	22.04
364.98	-54.42
365.188	36.72
365.395	98.76
365.603	41.36
365.81	-6.39
366.018	-21
366.225	91.2
366.433	-32.26
366.64	50.63
366.848	49.17
367.055	11.91
367.263	76.97
367.47	115.74
367.677	306.33
367.885	53.66
368.092	-20.6
368.299	-26.48
368.507	99.33
368.714	-118.58
368.921	464.57
369.129	80.84
369.336	82.09
369.543	5.62
369.751	-34.89
369.958	-246.64
370.165	50.54
370.372	-28.82
370.579	92.58
370.787	21.28
370.994	101.64
371.201	114.99
371.408	-1.4
371.615	41.37
371.822	71.53
372.029	73.9
372.237	49.14
372.444	76.76
372.651	-34.57
372.858	147.21
373.065	-14.16
373.272	-5.63
373.479	200
373.686	0.95
373.893	561.17
374.1	257.42
374.307	-654.68
374.514	73.68
374.721	-21.95
374.928	729.87
375.135	-36.71
375.341	4520
375.548	-20.18
375.755	-58.89
375.962	18.92
376.169	-50.12
376.376	15.38
376.583	-87.36
376.789	61.99
376.996	178.86
377.203	14.83
377.41	-37.98
377.617	10.35
377.823	142.25
378.03	-419.35
378.237	54.62
378.443	248
378.65	358.49
378.857	-43.54
379.063	-12.66
379.27	252.17
379.477	154.22
379.683	-68.12
379.89	33.3
380.097	5.09
380.303	66.76
380.51	36.95
380.716	6.99
380.923	133.86
381.129	17.97
381.336	313.39
381.542	84.85
381.749	51.96
381.955	116.94
382.162	67.74
382.368	26.35
382.575	59.19
382.781	737.93
382.988	-36.33
383.194	-47.34
383.4	-29.44
383.607	78.91
383.813	-114.39
384.02	59.54
384.226	-149.84
384.432	-69.84
384.639	37.23
384.845	-210.13
385.051	21.17
385.257	-10.26
385.464	101.15
385.67	74.58
385.876	-30.67
386.082	-101.02
386.289	69.66
386.495	48.36
386.701	-50.16
386.907	77.24
387.113	30.1
387.319	79.5
387.526	-30.62
387.732	-291.34
387.938	363.2
388.144	53.91
388.35	49.4
388.556	12.67
388.762	52.66
388.968	4.65
389.174	63.33
389.38	93.74
389.586	-34.34
389.792	7.63
389.998	-2.16
390.204	7.58
390.41	59.1
390.616	54.21
390.822	-19.81
391.028	3.93
391.234	35.91
391.439	-161.17
391.645	21.26
391.851	25.86
392.057	-29.45
392.263	54.04
392.469	-52.29
392.674	16.74
392.88	14.75
393.086	18.92
393.292	-4.02
393.498	-28.88
393.703	30.99
393.909	32.2
394.115	61.74
394.32	-17.77
394.526	65.32
394.732	70.46
394.937	26.76
395.143	-4.05
395.349	-17.71
395.554	-47.24
395.76	64.5
395.965	16.77
396.171	-8.89
396.377	-30.14
396.582	62.72
396.788	14.89
396.993	60.02
397.199	15.47
397.404	14.91
397.61	22.78
397.815	-7.37
398.021	47.36
398.226	-61.43
398.431	6.18
398.637	-3.61
398.842	-7.33
399.048	25.41
399.253	15.33
399.458	11.61
399.664	-5.18
399.869	-9.21
400.074	39.84
400.28	7.09
400.485	-33.02
400.69	-25.31
400.896	15.26
401.101	18.23
401.306	21.09
401.511	7.03
401.716	-3.17
401.922	-23.03
402.127	-10.33
402.332	2.25
402.537	19.09
402.742	11.57
402.947	59.38
403.153	-8.56
403.358	19.4
403.563	25.64
403.768	3.09
403.973	29.16
404.178	9.49
404.383	22.58
404.588	14.61
404.793	4.74
404.998	1.42
405.203	-5.85
405.408	20.02
405.613	6.06
405.818	14.86
406.023	7.92
406.228	-2.76
406.433	2.94
406.638	0.61
406.842	16.3
407.047	15.23
407.252	-0.22
407.457	11.28
407.662	11.14
407.867	14.51
408.071	10.47
408.276	7.7
408.481	9.11
408.686	13.31
408.891	3.17
409.095	14.69
409.3	9.33
409.505	9.15
409.709	6.91
409.914	11.41
410.119	3.65
410.323	2.59
410.528	0.18
410.733	10.04
410.937	9.26
411.142	7.79
411.346	5.48
411.551	5.21
411.756	11.51
411.96	5.96
412.165	0.38
412.369	5.24
412.574	0.42
412.778	6.27
412.983	6.08
413.187	7.7
413.392	0.65
413.596	7.95
413.8	7.12
414.005	10.03
414.209	5.87
414.414	7.14
414.618	1.82
414.822	6.67
415.027	10.48
415.231	9.99
415.435	7.32
415.64	7.46
415.844	5.72
416.048	6.6
416.252	4.44
416.457	9.33
416.661	6.4
416.865	5.55
417.069	4.82
417.274	6.26
417.478	5.79
417.682	8.61
417.886	4.65
418.09	5.76
418.294	5.25
418.498	6
418.702	6
418.907	4.65
419.111	3.65
419.315	6.84
419.519	6.97
419.723	3.01
419.927	5.9
420.131	7.28
420.335	3.33
420.539	4.18
420.743	8.22
420.947	4.54
421.151	4.63
421.355	3.73
421.558	6.41
421.762	6.13
421.966	6.86
422.17	3.95
422.374	5.43
422.578	4.19
422.782	5.98
422.985	4.57
423.189	5.86
423.393	5.07
423.597	5.79
423.801	5.94
424.004	4.38
424.208	5.22
424.412	5.23
424.615	5.88
424.819	5.41
425.023	5.33
425.226	5.79
425.43	5.15
425.634	5.72
425.837	5.63
426.041	5.31
426.245	5.84
426.448	5.36
426.652	5.1
426.855	5.02
427.059	4.47
427.262	5.18
427.466	4.69
427.669	5.5
427.873	5.32
428.076	5.08
428.28	4.88
428.483	4.6
428.687	5.44
428.89	5.15
429.094	4.08
429.297	4.31
429.5	5.75
429.704	5.84
429.907	5.51
430.11	5
430.314	5.2
430.517	4.79
430.72	5.46
430.924	5.24
431.127	5.1
431.33	4.75
431.533	5.08
431.737	5.52
431.94	5.19
432.143	4.8
432.346	4.86
432.549	5.14
432.752	4.92
432.956	5.52
433.159	3.89
433.362	5.01
433.565	4.95
433.768	5.27
433.971	4.44
434.174	5.48
434.377	5.4
434.58	5.26
434.783	4.89
434.986	5.17
435.189	5.1
435.392	4.72
435.595	5.22
435.798	4.48
436.001	5.2
436.204	4.92
436.407	5.27
436.61	5.19
436.813	5.56
437.016	4.93
437.219	5.05
437.421	4.59
437.624	4.84
437.827	4.94
438.03	4.86
438.233	4.61
438.435	4.65
438.638	5.03
438.841	4.81
439.044	4.58
439.246	4.8
439.449	4.73
439.652	4.78
439.854	5.19
440.057	5.1
440.26	4.92
440.462	5.07
440.665	4.39
440.868	5.33
441.07	4.98
441.273	5.41
441.475	4.7
441.678	5.41
441.88	4.95
442.083	4.72
442.286	4.54
442.488	4.9
442.69	5.08
442.893	4.95
443.095	5.15
443.298	5.08
443.5	5.03
443.703	5.24
443.905	5.31
444.108	5.21
444.31	4.91
444.512	4.86
444.715	5.13
444.917	4.87
445.119	4.92
445.322	4.89
445.524	5.19
445.726	5.36
445.928	4.94
446.131	5.17
446.333	5.05
446.535	5.11
446.737	5.07
446.94	5.54
447.142	5.19
447.344	5.42
447.546	5.24
447.748	5.38
447.95	4.92
448.152	5.39
448.354	5.35
448.557	5.26
448.759	5.41
448.961	5.07
449.163	5.55
449.365	5.51
449.567	5.61
449.769	5.75
449.971	5.64
450.173	5.12
450.375	5.42
450.577	5.57
450.779	5.5
450.981	5.45
451.182	5.41
451.384	5.62
451.586	5.69
451.788	5.32
451.99	6.14
452.192	5.09
452.394	5.81
452.595	6.21
452.797	5.27
452.999	5.94
453.201	5.76
453.402	5.96
453.604	5.79
453.806	5.81
454.008	5.76
454.209	5.72
454.411	6.03
454.613	6.12
454.814	6
455.016	6.44
455.218	6
455.419	6.11
455.621	5.99
455.822	5.67
456.024	6.34
456.225	6.29
456.427	6.41
456.629	5.53
456.83	6.3
457.032	5.69
457.233	5.95
457.435	5.94
457.636	6.35
457.837	6.18
458.039	5.86
458.24	6.29
458.442	6.84
458.643	5.23
458.844	6.12
459.046	6.21
459.247	6.12
459.448	6.54
459.65	5.52
459.851	6.73
460.052	6.54
460.254	7.12
460.455	6.94
460.656	6.45
460.857	6.05
461.059	5.88
461.26	6.12
461.461	6.36
461.662	6.44
461.863	7.09
462.065	6.6
462.266	6.38
462.467	5.66
462.668	6.41
462.869	7.34
463.07	7.9
463.271	6.52
463.472	5.61
463.673	6.68
463.874	5.73
464.075	6.84
464.276	6.05
464.477	6.53
464.678	6.97
464.879	6.89
465.08	6.5
465.281	6.7
465.482	6.15
465.683	6.87
465.884	6.22
466.085	7.17
466.285	5.68
466.486	6.48
466.687	7.06
466.888	6.69
467.089	6.46
467.29	7.05
467.49	6.5
467.691	6.3
467.892	6.26
468.093	6.41
468.293	6.49
468.494	6.63
468.695	7.66
468.895	6.26
469.096	5.63
469.297	7.38
469.497	7.01
469.698	8.04
469.898	5.67
470.099	7.12
470.3	6.58
470.5	6.34
470.701	7.25
470.901	7.93
471.102	7.1
471.302	6.83
471.503	7.85
471.703	7.46
471.904	6.41
472.104	6.4
472.305	5.8
472.505	6.39
472.705	5.92
472.906	7.43
473.106	7.16
473.306	6.68
473.507	8.82
473.707	7.83
473.907	7.07
474.108	3.94
474.308	6.44
474.508	6.86
474.709	6.56
474.909	6.07
475.109	5.68
475.309	6.57
475.51	6.15
475.71	7.62
475.91	7.7
476.11	7.06
476.31	7.08
476.51	7.77
476.71	7
476.911	6.89
477.111	7.02
477.311	5.83
477.511	6.98
477.711	5.06
477.911	6.23
478.111	7.19
478.311	6.81
478.511	5.43
478.711	6.6
478.911	6.23
479.111	6.61
479.311	6.81
479.511	8.79
479.711	6.35
479.91	5.33
480.11	7.99
480.31	6.23
480.51	8.77
480.71	7.25
480.91	7.33
481.109	7.66
481.309	7.95
481.509	5.46
481.709	9
481.909	6.34
482.108	6.58
482.308	6.75
482.508	7.85
482.707	8.42
482.907	7.09
483.107	6.93
483.306	9.15
483.506	7.18
483.706	7.4
483.905	7.52
484.105	6.27
484.304	7.47
484.504	5.76
484.704	7.89
484.903	6.42
485.103	7.63
485.302	6.57
485.502	9.82
485.701	8.95
485.901	5.85
486.1	8.18
486.299	8.05
486.499	6.4
486.698	7.64
486.898	6.47
487.097	6.1
487.296	5.28
487.496	5.81
487.695	6.19
487.894	6.5
488.094	7.62
488.293	7.23
488.492	6
488.692	7.42
488.891	7.6
489.09	7.32
489.289	6.46
489.489	6.71
489.688	6.57
489.887	7.74
490.086	6.69
490.285	6.75
490.484	8.73
490.683	8.4
490.883	8.99
491.082	7.25
491.281	8.36
491.48	6.3
491.679	7.56
491.878	7.71
492.077	8.27
492.276	7.65
492.475	7.81
492.674	7.61
492.873	7.09
493.072	7.18
493.271	7.92
493.47	7.25
493.669	7.36
493.867	6.28
494.066	7.32
494.265	7.43
494.464	9.1
494.663	8.08
494.862	7.75
495.06	8.19
495.259	6.69
495.458	7.64
495.657	7.25
495.856	7.46
496.054	7.69
496.253	7.36
496.452	7.63
496.65	6.68
496.849	7.34
497.048	8.21
497.246	7.29
497.445	8.38
497.644	7.76
497.842	8.94
498.041	8.51
498.239	9.13
498.438	7.76
498.636	7.49
498.835	8.67
499.034	7.73
499.232	7.38
499.431	7.78
499.629	7.81
499.827	9.02
500.026	9.18
500.224	9.07
500.423	7.03
500.621	8.33
500.82	8.94
501.018	8.81
501.216	8.81
501.415	8.63
501.613	8.4
501.811	9.07
502.01	9.43
502.208	8.51
502.406	9.52
502.604	9.24
502.803	8.85
503.001	9.99
503.199	9.41
503.397	8.76
503.595	8.92
503.794	8.66
503.992	8.51
504.19	8.75
504.388	9.54
504.586	10.19
504.784	8.7
504.982	9.98
505.18	8.98
505.378	8.64
505.576	9.46
505.774	9.82
505.972	9.69
506.17	9.91
506.368	9.99
506.566	9.4
506.764	9.95
506.962	9.72
507.16	10.26
507.358	10.05
507.556	9.82
507.754	9.91
507.952	10.54
508.15	9.98
508.347	10.35
508.545	10.78
508.743	10.47
508.941	10.96
509.139	10.99
509.336	10.72
509.534	10.54
509.732	10.11
509.93	11.16
510.127	11.19
510.325	10.5
510.523	11.25
510.72	11.55
510.918	10.85
511.116	11.26
511.313	11.06
511.511	11.76
511.708	11.7
511.906	11.8
512.104	11.8
512.301	11.42
512.499	11.8
512.696	11.83
512.894	11.06
513.091	12.1
513.289	11.86
513.486	12.2
513.683	12.26
513.881	12.17
514.078	12.4
514.276	12.69
514.473	11.72
514.67	12.67
514.868	12.84
515.065	12.01
515.262	13.19
515.46	12.72
515.657	13.17
515.854	13.07
516.052	12.73
516.249	13.05
516.446	13.44
516.643	13.25
516.84	13.43
517.038	12.95
517.235	13.4
517.432	13.67
517.629	13.52
517.826	14.45
518.023	14.06
518.221	14.01
518.418	13.37
518.615	13.61
518.812	13.38
519.009	14.17
519.206	14.08
519.403	13.77
519.6	13.93
519.797	13.75
519.994	14.36
520.191	14.82
520.388	14.77
520.585	14.07
520.782	14.39
520.978	14.51
521.175	14.86
521.372	15.52
521.569	15.16
521.766	14.74
521.963	14.46
522.159	14.9
522.356	14.67
522.553	15.19
522.75	15.12
522.947	15.34
523.143	14.38
523.34	15.7
523.537	15.41
523.733	15.05
523.93	15.06
524.127	15.57
524.323	15.91
524.52	15.65
524.717	15
524.913	15.82
525.11	15.14
525.306	15.47
525.503	15.33
525.7	15.62
525.896	15.83
526.093	15.99
526.289	16.22
526.486	15.55
526.682	15.81
526.878	16.44
527.075	16.5
527.271	16.42
527.468	15.95
527.664	16.55
527.861	15.88
528.057	15.89
528.253	16.63
528.45	15.46
528.646	16.64
528.842	16.92
529.039	16.1
529.235	16.52
529.431	16.53
529.627	16.4
529.824	16.95
530.02	16.48
530.216	16.68
530.412	16.76
530.608	16.43
530.804	16.96
531.001	16.83
531.197	16.65
531.393	17.11
531.589	17.17
531.785	17.3
531.981	17.12
532.177	17.41
532.373	17.08
532.569	16.89
532.765	17.12
532.961	17.14
533.157	16.58
533.353	17.5
533.549	17.3
533.745	17.48
533.941	16.86
534.137	17.21
534.333	16.72
534.529	17.17
534.725	17.76
534.92	16.94
535.116	17.02
535.312	17.61
535.508	16.97
535.704	17.51
535.899	17.31
536.095	18.03
536.291	18.11
536.487	17.28
536.682	17.7
536.878	17.27
537.074	17.57
537.269	17.57
537.465	17.42
537.661	17.16
537.856	17.26
538.052	17.73
538.248	17.56
538.443	18.47
538.639	17.18
538.834	17.34
539.03	17.34
539.225	17.58
539.421	17.49
539.616	17.6
539.812	17.8
540.007	17.82
540.203	17.35
540.398	18.17
540.593	17.7
540.789	18.12
540.984	17.74
541.18	18.09
541.375	17.73
541.57	18.03
541.766	17.91
541.961	17.89
542.156	18.08
542.352	18.09
542.547	17.82
542.742	17.8
542.937	18.09
543.133	18.65
543.328	18.18
543.523	18.25
543.718	17.6
543.913	18.47
544.108	18.12
544.304	18.24
544.499	18.78
544.694	18.44
544.889	18.63
545.084	18.8
545.279	18.59
545.474	18.29
545.669	18.48
545.864	18.36
546.059	18.63
546.254	18.36
546.449	18.23
546.644	17.91
546.839	18.48
547.034	18.47
547.229	18.23
547.424	18.74
547.618	18.58
547.813	18.12
548.008	18.45
548.203	18.34
548.398	18.79
548.593	18.9
548.787	18.65
548.982	18.11
549.177	18.69
549.372	18.3
549.566	18.68
549.761	18.43
549.956	19.06
550.15	18.63
550.345	19.24
550.54	19.03
550.734	18.66
550.929	18.82
551.124	18.77
551.318	18.75
551.513	18.84
551.707	18.73
551.902	18.7
552.096	19.05
552.291	18.67
552.485	19.52
552.68	18.99
552.874	19.37
553.069	19.02
553.263	19.5
553.458	19.31
553.652	19.07
553.847	18.84
554.041	19.15
554.235	18.99
554.43	19.3
554.624	19.03
554.818	19.04
555.013	19.53
555.207	19.02
555.401	19.27
555.595	19.13
555.79	18.85
555.984	19.24
556.178	19.16
556.372	19.49
556.566	19.15
556.761	19.52
556.955	19.52
557.149	19.82
557.343	19.33
557.537	19.29
557.731	19.51
557.925	19.44
558.119	19.15
558.313	18.94
558.507	18.88
558.701	19.67
558.895	19.3
559.089	19.86
559.283	19.92
559.477	19.54
559.671	19.4
559.865	19.76
560.059	19.23
560.253	19.19
560.447	19.32
560.641	19.87
560.835	19.97
561.028	19.87
561.222	19.92
561.416	19.63
561.61	19.66
561.804	19.18
561.997	19.35
562.191	19.72
562.385	19.71
562.579	19.9
562.772	19.45
562.966	19.16
563.16	19.62
563.353	19.56
563.547	19.53
563.741	20.4
563.934	19.44
564.128	19.35
564.321	19.41
564.515	19.78
564.708	19.8
564.902	18.98
565.095	19.84
565.289	19.33
565.482	19.93
565.676	19.74
565.869	19.08
566.063	19.66
566.256	20.03
566.45	19.26
566.643	19.27
566.836	19.44
567.03	19.37
567.223	19.35
567.416	19.53
567.61	19.71
567.803	19.39
567.996	19.29
568.19	19.51
568.383	19.73
568.576	19.25
568.769	19.45
568.963	19.45
569.156	19.75
569.349	19.67
569.542	19.54
569.735	19.53
569.928	19.47
570.121	19.8
570.315	19.92
570.508	19.33
570.701	19.54
570.894	19.68
571.087	19.33
571.28	19.26
571.473	19.5
571.666	19.37
571.859	19.19
572.052	19.24
572.245	19.83
572.438	19.42
572.631	19.53
572.824	19.19
573.016	19.23
573.209	19.44
573.402	19.3
573.595	19.33
573.788	19.38
573.981	19.39
574.173	19.14
574.366	19.08
574.559	19.64
574.752	19.36
574.944	19.3
575.137	19.8
575.33	18.99
575.523	19.43
575.715	18.85
575.908	18.8
576.101	18.96
576.293	19.01
576.486	19.23
576.678	18.84
576.871	19.66
577.063	19.34
577.256	19.09
577.449	19.07
577.641	19.06
577.834	18.93
578.026	18.8
578.219	18.41
578.411	18.91
578.603	19.36
578.796	19.14
578.988	19.33
579.181	18.72
579.373	19.07
579.565	19.4
579.758	18.88
579.95	18.79
580.142	18.4
580.335	18.91
580.527	19.24
580.719	18.98
580.912	18.48
581.104	19.18
581.296	18.81
581.488	19.33
581.68	18.98
581.873	19
582.065	19.19
582.257	18.85
582.449	19.13
582.641	19.17
582.833	18.35
583.025	18.9
583.217	19.62
583.41	19.26
583.602	19.29
583.794	19.23
583.986	19.27
584.178	19.05
584.37	19.06
584.562	19.04
584.753	18.74
584.945	19.13
585.137	19.17
585.329	18.91
585.521	19.54
585.713	19.08
585.905	19.65
586.097	18.78
586.289	18.52
586.48	19.26
586.672	18.25
586.864	18.9
587.056	18.9
587.247	18.6
587.439	18.83
587.631	18.58
587.823	18.57
588.014	19.04
588.206	18.94
588.398	19.1
588.589	19.04
588.781	18.59
588.972	18.81
589.164	18.95
589.356	18.76
589.547	19.61
589.739	18.89
589.93	18.89
590.122	19.12
590.313	18.32
590.505	19.18
590.696	19
590.888	18.89
591.079	18.7
591.271	18.79
591.462	18.9
591.653	19.13
591.845	18.97
592.036	18.89
592.227	18.53
592.419	18.62
592.61	18.98
592.801	18.4
592.993	18.59
593.184	18.97
593.375	18.56
593.566	19.18
593.758	19.31
593.949	18.7
594.14	18.94
594.331	18.94
594.522	18.77
594.713	19.7
594.905	19.09
595.096	18.7
595.287	18.88
595.478	19.06
595.669	19.87
595.86	18.83
596.051	19.69
596.242	19.39
596.433	19.02
596.624	19.42
596.815	19.13
597.006	19.84
597.197	19.13
597.388	19.22
597.579	19.54
597.77	18.7
597.96	19.11
598.151	19.5
598.342	19.34
598.533	19.22
598.724	19.35
598.915	19.75
599.105	19.02
599.296	19.33
599.487	18.76
599.678	19.38
599.868	19.28
600.059	19.67
600.25	19.74
600.44	19.35
600.631	19.48
600.822	19.74
601.012	19.89
601.203	19.63
601.394	19.7
601.584	19.5
601.775	19.13
601.965	19.96
602.156	18.91
602.346	19.16
602.537	18.93
602.727	19.42
602.918	19.52
603.108	19.51
603.299	19.29
603.489	19.64
603.679	19.35
603.87	19.36
604.06	20.13
604.251	19.34
604.441	19.99
604.631	19.6
604.822	19.2
605.012	19.7
605.202	19.65
605.392	19.02
605.583	19.5
605.773	19.73
605.963	20.11
606.153	19.27
606.344	19.71
606.534	19.53
606.724	20.03
606.914	19.68
607.104	19.33
607.294	19.5
607.484	19.65
607.674	19.35
607.864	19.85
608.054	19.5
608.245	19.66
608.435	19.59
608.625	20.22
608.814	19.53
609.004	19.42
609.194	19.56
609.384	19.74
609.574	19.95
609.764	19.76
609.954	19.25
610.144	19.9
610.334	19.58
610.524	19.68
610.713	19.8
610.903	19.62
611.093	20.13
611.283	20.21
611.473	20.29
611.662	19.33
611.852	19.43
612.042	19.17
612.231	19.77
612.421	19.32
612.611	19.58
612.8	19.47
612.99	19.48
613.18	19.43
613.369	19.54
613.559	18.53
613.748	19.25
613.938	19.44
614.128	18.98
614.317	19.19
614.507	19.48
614.696	18.97
614.886	19.4
615.075	19.29
615.264	19.52
615.454	19.71
615.643	18.91
615.833	19.07
616.022	19.43
616.211	19.01
616.401	18.56
616.59	19.45
616.779	19.9
616.969	18.88
617.158	18.72
617.347	19.73
617.537	19.59
617.726	19.51
617.915	18.34
618.104	18.62
618.293	19.21
618.483	18.58
618.672	19.66
618.861	19.05
619.05	19.41
619.239	19.57
619.428	18.86
619.617	19.57
619.806	19.02
619.995	19.59
620.184	18.61
620.373	18.61
620.562	18.9
620.751	19.22
620.94	19.12
621.129	19.55
621.318	18.49
621.507	19.03
621.696	18.38
621.885	18.08
622.074	19.56
622.263	18.62
622.452	19.26
622.64	19.14
622.829	19.49
623.018	19.82
623.207	19.49
623.396	19.2
623.584	18.79
623.773	19.95
623.962	18.77
624.15	19.86
624.339	19.8
624.528	18.48
624.716	18.73
624.905	19.54
625.094	19.14
625.282	18.84
625.471	19.33
625.659	19.44
625.848	18.79
626.037	19.46
626.225	19.61
626.414	19.54
626.602	19.31
626.791	19.18
626.979	18.92
627.167	19.39
627.356	19.59
627.544	19.54
627.733	19.23
627.921	19.23
628.109	19.21
628.298	19.65
628.486	19.19
628.674	18.65
628.863	18.86
629.051	20.28
629.239	20.89
629.428	19.64
629.616	19.68
629.804	19.24
629.992	19.93
630.18	20.11
630.369	19.3
630.557	19.95
630.745	19.87
630.933	20.32
631.121	18.88
631.309	20.25
631.497	19.64
631.685	19.16
631.873	19.9
632.061	19.18
632.249	20.18
632.437	20.89
632.625	19.61
632.813	18.61
633.001	20.67
633.189	19.61
633.377	20.16
633.565	18.4
633.753	19.09
633.941	20.1
634.129	19.37
634.316	19.94
634.504	20.04
634.692	20.26
634.88	19.56
635.068	19.13
635.255	19.85
635.443	19.13
635.631	19.24
635.818	19.86
636.006	19.34
636.194	19.87
636.382	19.3
636.569	19.79
636.757	20.48
636.944	20.09
637.132	19.45
637.32	19.78
637.507	20.28
637.695	18.84
637.882	19.48
638.07	19.63
638.257	19.26
638.445	18.75
638.632	18.59
638.82	18.9
639.007	18.94
639.194	19.49
639.382	18.75
639.569	18.94
639.757	19.26
639.944	18.35
640.131	18.06
640.319	18.96
640.506	19.91
640.693	20.19
640.88	18.76
641.068	19.08
641.255	18.78
641.442	18.7
641.629	19.12
641.817	18.48
642.004	18.87
642.191	18.43
642.378	19.07
642.565	17.71
642.752	18.57
642.939	18.75
643.126	18.71
643.313	19.22
643.501	18.47
643.688	18.33
643.875	18.43
644.062	18.95
644.249	17.1
644.435	17
644.622	17.21
644.809	18.55
644.996	17.64
645.183	17.93
645.37	18.97
645.557	17.91
645.744	17.11
645.931	17.62
646.117	17.33
646.304	16.9
646.491	17.19
646.678	18.3
646.865	19.22
647.051	17.47
647.238	17.71
647.425	16.4
647.611	17.87
647.798	16.28
647.985	17.97
648.171	17.03
648.358	17.43
648.545	17.33
648.731	16.13
648.918	18.04
649.104	18.5
649.291	17.51
649.477	16.35
649.664	17.55
649.85	17.62
650.037	17.93
650.223	16.71
650.41	15.63
650.596	16.76
650.783	16.66
650.969	16.37
651.155	15.93
651.342	16.54
651.528	17.23
651.714	17.06
651.901	16.78
652.087	16.66
652.273	16.77
652.46	16.55
652.646	16.59
652.832	15.74
653.018	16.56
653.204	17.57
653.391	16.81
653.577	15.45
653.763	16.3
653.949	16.26
654.135	16.32
654.321	15.79
654.507	16.53
654.693	17.26
654.879	17.08
655.065	15.16
655.252	14.83
655.438	16.81
655.624	16.27
655.809	15.81
655.995	15.9
656.181	16.42
656.367	15.77
656.553	18.79
656.739	15.38
656.925	17.19
657.111	16.19
657.297	17.49
657.482	15.48
657.668	14.52
657.854	16.8
658.04	14.77
658.226	15.35
658.411	16.06
658.597	16.21
658.783	14.84
658.968	16.09
659.154	15.68
659.34	15.02
659.525	15.23
659.711	15.35
659.897	15.14
660.082	14.62
660.268	14.06
660.453	15.38
660.639	15.38
660.824	15.79
661.01	15.05
661.195	15.37
661.381	14.66
661.566	15.37
661.752	13.27
661.937	15.33
662.123	12.55
662.308	15.06
662.494	14.63
662.679	14.07
662.864	15.05
663.05	14.67
663.235	14.4
663.42	12.7
663.605	14.06
663.791	14.91
663.976	13.57
664.161	14.34
664.346	14.28
664.532	13.38
664.717	13.93
664.902	13.3
665.087	16.5
665.272	14.81
665.457	13.97
665.642	13.7
665.828	14.44
666.013	13.58
666.198	12.17
666.383	14.19
666.568	12.19
666.753	15.68
666.938	13.77
667.123	14.75
667.308	14.08
667.493	13.53
667.677	14.55
667.862	12.54
668.047	14.05
668.232	13.92
668.417	14.79
668.602	13.02
668.787	13.74
668.971	12.13
669.156	13.15
669.341	11.33
669.526	14.19
669.711	15.3
669.895	12.36
670.08	12.74
670.265	14.8
670.449	12.59
670.634	13.11
670.819	12.41
671.003	13.94
671.188	15.15
671.372	15
671.557	14.09
671.742	14.42
671.926	14.01
672.111	13.02
672.295	12.72
672.48	11.2
672.664	11.84
672.849	10.52
673.033	13.59
673.217	13.02
673.402	15.23
673.586	10.83
673.771	14.33
673.955	14.23
674.139	13.88
674.324	13.15
674.508	13.48
674.692	14.34
674.876	14.91
675.061	14.32
675.245	16.05
675.429	15.73
675.613	15
675.798	16.53
675.982	16.08
676.166	14.69
676.35	15.69
676.534	16.45
676.718	15.15
676.902	18.49
677.087	14.39
677.271	15.32
677.455	16.69
677.639	13.88
677.823	16.52
678.007	15
678.191	18.47
678.375	15.2
678.559	14.44
678.742	16.61
678.926	18.81
679.11	20.75
679.294	17.09
679.478	14.89
679.662	16.08
679.846	19.93
680.029	17.2
680.213	18.38
680.397	17.49
680.581	17.62
680.765	16.88
680.948	18.69
681.132	14.32
681.316	14.94
681.499	15.91
681.683	18.52
681.867	21.24
682.05	20.75
682.234	15.13
682.417	18
682.601	22.22
682.785	22.57
682.968	20.33
683.152	20.29
683.335	19.94
683.519	20.54
683.702	19.55
683.886	21.94
684.069	22.23
684.253	21.84
684.436	22.72
684.619	22.25
684.803	22.19
684.986	18.69
685.169	20.52
685.353	22.66
685.536	20.58
685.719	23.35
685.903	21.02
686.086	21.98
686.269	26.13
686.452	22.1
686.636	25.59
686.819	23.39
687.002	21.97
687.185	24.95
687.368	25.14
687.551	21.44
687.734	26.28
687.918	29.95
688.101	25.2
688.284	27.14
688.467	24.78
688.65	24.72
688.833	24.64
689.016	26.68
689.199	26.99
689.382	26.59
689.565	24.83
689.748	27.37
689.93	22.22
690.113	26.54
690.296	26.3
690.479	29.25
690.662	29.71
690.845	27.18
691.028	24.15
691.21	28.9
691.393	28.71
691.576	30.5
691.759	22.58
691.941	31.46
692.124	31.23
692.307	31.56
692.489	32.51
692.672	27.88
692.855	32.02
693.037	33.75
693.22	31.71
693.403	28.53
693.585	30.36
693.768	29.6
693.95	30.46
694.133	34.15
694.315	31.04
694.498	37.09
694.68	29.61
694.863	34.75
695.045	30.4
695.228	33.92
695.41	35.93
695.592	40.59
695.775	30.94
695.957	35.51
696.139	34.11
696.322	29.34
696.504	36.55
696.686	40.13
696.869	29.15
697.051	33.4
697.233	40.58
697.415	38.8
697.597	26.09
697.78	34.52
697.962	37.85
698.144	36.79
698.326	36.04
698.508	38.45
698.69	38.24
698.872	34.95
699.055	40.69
699.237	38.4
699.419	38.68
699.601	32.98
699.783	40.5
699.965	39.22
700.147	37.3
700.329	35.23
700.51	35.47
700.692	42.07
700.874	31.23
701.056	40.26
701.238	39.8
701.42	41.25
701.602	41.13
701.783	40.02
701.965	34.51
702.147	39.06
702.329	42.02
702.511	36.22
702.692	42.2
702.874	33.84
703.056	41.46
703.237	42.69
703.419	37.56
703.601	35.67
703.782	41.54
703.964	48.86
704.146	46.02
704.327	43.37
704.509	41.8
704.69	39.16
704.872	40.94
705.053	42.22
705.235	46.66
705.416	39.68
705.598	44.25
705.779	44.77
705.961	37.24
706.142	40.2
706.323	45.67
706.505	46.83
706.686	46.79
706.867	35.98
707.049	39.23
707.23	47.95
707.411	46.84
707.593	40.65
707.774	39.66
707.955	48.07
708.136	36.93
708.318	44.14
708.499	41.13
708.68	42.87
708.861	38.23
709.042	43.41
709.223	47.47
709.404	44.52
709.585	45.72
709.767	41
709.948	38.29
710.129	47.31
710.31	44.39
710.491	41.37
710.672	50.93
710.853	39.41
711.034	50.53
711.214	47.66
711.395	45.8
711.576	42.42
711.757	43.43
711.938	44.48
712.119	45.56
712.3	43.75
712.481	38.01
712.661	46.75
712.842	34.12
713.023	44.87
713.204	48.75
713.384	40.66
713.565	36.98
713.746	47.93
713.926	41.21
714.107	52.06
714.288	34.97
714.468	39.86
714.649	49.64
714.83	41.12
715.01	48.52
715.191	48.69
715.371	45.06
715.552	44.32
715.732	43.48
715.913	49.86
716.093	45.36
716.274	47.09
716.454	55.62
716.635	43
716.815	44.07
716.995	45.36
717.176	41.69
717.356	43.73
717.536	45.71
717.717	42.87
717.897	42.13
718.077	35.79
718.258	50.79
718.438	46.67
718.618	54.73
718.798	40.85
718.978	54.44
719.159	40.91
719.339	52.4
719.519	48.88
719.699	51.33
719.879	46.95
720.059	48.95
720.239	58.35
720.419	56.9
720.599	40.09
720.779	67.19
720.959	38.64
721.139	30.87
721.319	51.42
721.499	67.16
721.679	46.64
721.859	38.97
722.039	57.18
722.219	48.71
722.399	47.63
722.579	45.37
722.759	46.45
722.938	49.97
723.118	47.89
723.298	58.39
723.478	40.54
723.658	44.97
723.837	54.6
724.017	61.16
724.197	27.13
724.376	42.1
724.556	40.17
724.736	38.94
724.915	50.83
725.095	65.87
725.275	44.09
725.454	39.27
725.634	52.83
725.813	58.17
725.993	49.49
726.172	50.69
726.352	54.48
726.531	41.12
726.711	61.9
726.89	50.28
727.07	56.47
727.249	44.1
727.428	66.59
727.608	31.77
727.787	44.56
727.966	53.43
728.146	51.19
728.325	44.02
728.504	48.55
728.684	26.11
728.863	69.15
729.042	35.04
729.221	34.3
729.4	49.55
729.58	47.33
729.759	46.22
729.938	69.53
730.117	49.96
730.296	55.25
730.475	43.1
730.654	50.34
730.833	53.33
731.013	60.93
731.192	44.55
731.371	56.65
731.55	52.09
731.729	42.6
731.907	73.43
732.086	33.59
732.265	55.64
732.444	45.95
732.623	68.81
732.802	44.14
732.981	52.1
733.16	75.76
733.339	44.4
733.517	28.88
733.696	64.49
733.875	40.43
734.054	38.62
734.232	58.19
734.411	52.12
734.59	34.43
734.768	44.37
734.947	66.84
735.126	25.54
735.304	40.06
735.483	55.11
735.662	59.16
735.84	41.07
736.019	45.11
736.197	49.94
736.376	47.6
736.554	65.55
736.733	91
736.911	71.24
737.09	52.34
737.268	48.71
737.447	75.1
737.625	51.91
737.803	37.71
737.982	80.97
738.16	59.36
738.338	46.48
738.517	69.39
738.695	57.08
738.873	49.93
739.052	50.43
739.23	42.8
739.408	47.87
739.586	51.59
739.764	35.58
739.943	52.49
740.121	39.97
740.299	56.77
740.477	25.53
740.655	63.88
740.833	66.72
741.011	68.89
741.189	66.01
741.367	63.11
741.545	44.76
741.723	42.7
741.901	76.83
742.079	76.74
742.257	35.28
742.435	71.45
742.613	67.23
742.791	62.38
742.969	67.76
743.147	66.91
743.325	76.06
743.503	69.76
743.68	36.69
743.858	50.73
744.036	56.31
744.214	34.7
744.391	21.91
744.569	24.54
744.747	60.79
744.925	66.5
745.102	59.67
745.28	13.96
745.458	70.8
745.635	36.84
745.813	69.85
745.99	42.72
746.168	45.57
746.345	120.48
746.523	49.52
746.7	79.58
746.878	54.72
747.055	57.54
747.233	56.53
747.41	106.87
747.588	40.2
747.765	50.84
747.943	61.22
748.12	29.75
748.297	52.38
748.475	64.69
748.652	48.71
748.829	59.24
749.007	28.16
749.184	36.08
749.361	68.89
749.538	55.78
749.716	61.96
749.893	66.8
750.07	73.79
750.247	70.18
750.424	95.56
750.601	74.77
750.778	55.13
750.956	30.86
751.133	57.23
751.31	17.08
751.487	78.4
751.664	27.46
751.841	47.91
752.018	29.94
752.195	63.36
752.372	54.05
752.549	55.76
752.726	54.27
752.902	66.75
753.079	67.4
753.256	113.78
753.433	56.44
753.61	40.81
753.787	76.95
753.964	13.63
754.14	33.06
754.317	90.34
754.494	78.92
754.671	58.18
754.847	45.97
755.024	63.39
755.201	45.75
755.377	36.23
755.554	34.95
755.73	39.58
755.907	9.3
756.084	96.01
756.26	72.5
756.437	47.94
756.613	35.93
756.79	32.54
756.966	41.51
757.143	126.78
757.319	37.13
757.496	78.8
757.672	51.23
757.849	85.66
758.025	71.04
758.201	77.48
758.378	34.56
758.554	20.21
758.73	96.24
758.907	40.33
759.083	27.34
759.259	69.31
759.435	61.86
759.612	58.42
759.788	68.88
759.964	56.99
760.14	73.84
760.316	14.49
760.493	12.47
760.669	109.27
760.845	48.26
761.021	63.33
761.197	-12.51
761.373	53.94
761.549	56.17
761.725	40.14
761.901	38.58
762.077	64.53
762.253	20.62
762.429	79.36
762.605	40.71
762.781	45.16
762.957	49.91
763.133	60.15
763.308	62.74
763.484	64.07
763.66	122.42
763.836	113.53
764.012	10.9
764.187	26.37
764.363	105.98
764.539	30.29
764.715	43.73
764.89	19.25
765.066	55.65
765.242	21.19
765.417	81.74
765.593	66.39
765.769	107.91
765.944	23.45
766.12	128.02
766.295	33.65
766.471	56
766.646	106.11
766.822	69.05
766.997	11.41
767.173	39.26
767.348	45.92
767.524	44.47
767.699	15.82
767.875	64.99
768.05	52.71
768.225	31.55
768.401	45.3
768.576	112.52
768.751	50.57
768.927	5.47
769.102	57.79
769.277	90.64
769.452	46
769.628	-7.8
769.803	143.33
769.978	86.65
770.153	5.47
770.328	46.62
770.503	76.09
770.679	197.6
770.854	45.44
771.029	37.59
771.204	215.89
771.379	69.42
771.554	82.43
771.729	72.34
771.904	19.68
772.079	40.23
772.254	74.18
772.429	65.5
772.604	-12.23
772.779	154.53
772.953	33.78
773.128	49.32
773.303	-32.06
773.478	58.22
773.653	60.6
773.828	55.82
774.002	69.21
774.177	0.23
774.352	304.35
774.527	35.42
774.701	43.05
774.876	70.43
775.051	-249.2
775.225	190.73
775.4	13.28
775.575	36.95
775.749	72.15
775.924	39.45
776.098	-34.03
776.273	91.99
776.447	36.51
776.622	34.28
776.796	8.4
776.971	5.66
777.145	60.28
777.32	58.01
777.494	12.47
777.669	31.85
777.843	0.65
778.017	54.6
778.192	-4.76
778.366	86.41
778.54	73.23
778.715	100.9
778.889	45.16
779.063	20.4
779.237	97
779.412	24.65
779.586	3.47
779.76	93.73
779.934	30.12
780.108	50.59
780.282	-623.88
780.457	78.73
780.631	56.56
780.805	5.09
780.979	-1017.91
781.153	123.27
781.327	87.85
781.501	36.76
781.675	210.5
781.849	42.53
782.023	-15.68
782.197	48.88
782.371	-190.86
782.545	155.83
782.718	68.55
782.892	105.55
783.066	41.42
783.24	306.88
783.414	2.45
783.588	76.8
783.761	17.74
783.935	52.39
784.109	117.31
784.283	-206.96
784.456	467.3
784.63	60.69
784.804	87.9
784.977	50.89
785.151	-69.16
785.324	81.45
785.498	-3.94
785.672	16.14
785.845	42.3
786.019	-16.11
786.192	-245.03
786.366	128.1
786.539	12.88
786.713	29.97
786.886	23.29
787.06	-61.03
787.233	30.52
787.406	29.1
787.58	-6.85
787.753	-8.19
787.926	-67.66
788.1	398.77
788.273	-615.09
788.446	-74.54
788.62	1206.45
788.793	-81.36
788.966	98.56
789.139	51.27
789.313	72.48
789.486	1914.29
789.659	-67.43
789.832	37.59
790.005	130.67
790.178	316.81
790.351	136.38
790.524	138.98
790.697	-9.96
790.87	-98.48
791.044	876.36
791.216	23
791.389	-217.11
791.562	107.38
791.735	412.66
791.908	667.53
792.081	112.2
792.254	134.07
792.427	66.17
792.6	25.07
792.773	-11.1
792.945	468.66
793.118	161.29
793.291	15.38
793.464	26.38
793.637	-109.2
793.809	5.09
793.982	99.29
794.155	58.82
794.327	147.95
794.5	-187.69
794.673	-96.36
794.845	-56.81
795.018	84.26
795.19	-217.98
795.363	54.59
795.536	194.68
795.708	-1193.55
795.881	2840
796.053	-12.21
796.226	97.14
796.398	58.1
796.57	54.86
796.743	74.05
796.915	-37.48
797.088	68.83
797.26	313.39
797.432	78.48
797.605	238.5
797.777	-1109.09
797.949	102.7
798.122	46.81
798.294	162.33
798.466	117.71
798.638	4.39
798.81	74.93
798.983	640.51
799.155	75.39
799.327	-158.55
799.499	107.1
799.671	136.4
799.843	14.48
800.015	-98.83
800.187	68.49
800.359	112.2
800.531	65.68
800.703	46.71
800.875	-11.9
801.047	5.34
801.219	228.67
801.391	44.16
801.563	-15.83
801.735	90.55
801.907	30.67
802.079	18.3
802.251	-327.47
802.422	1.57
802.594	-158.44
802.766	39.31
802.938	124.66
803.11	200
803.281	279.47
803.453	19.79
803.625	59.1
803.796	33.3
803.968	56.54
804.14	15.58
804.311	23.38
804.483	126.78
804.654	28.3
804.826	94.67
804.998	437.43
805.169	-175.29
805.341	-59.2
805.512	50.93
805.684	47.23
805.855	173.58
806.026	366.15
806.198	222.09
806.369	20.56
806.541	90.91
806.712	54.03
806.883	69.21
807.055	63.18
807.226	19.65
807.397	28.57
807.569	263.72
807.74	53.2
807.911	278.37
808.082	-63.68
808.253	-334.65
808.425	22.98
808.596	-177.53
808.767	165.47
808.938	19.02
809.109	247.52
809.28	-16.11
809.451	113.82
809.622	148.66
809.793	-1348.39
809.964	-8.7
810.135	138.98
810.306	26.59
810.477	-170.47
810.648	-84.86
810.819	-27.15
810.99	-1000
811.161	119.7
811.332	5.41
811.503	113.28
811.674	310.77
811.844	-723.08
812.015	155.67
812.186	251.53
812.357	-6.01
812.527	13.77
812.698	104.86
812.869	675.47
813.04	-21.41
813.21	-1165.52
813.381	-28.79
813.551	-100.85
813.722	83.36
813.893	80.56
814.063	110.67
814.234	-1043.64
814.404	150.76
814.575	122.71
814.745	-97.35
814.916	19.26
815.086	109.05
815.257	140.81
815.427	45.4
815.598	-3.03
815.768	84.46
815.938	54.31
816.109	204.86
816.279	50.86
816.449	94.86
816.62	1715.79
816.79	120.09
816.96	-909.43
817.13	17.2
817.301	-1.02
817.471	-0.33
817.641	200
817.811	-115.33
817.981	4142.86
818.152	63.51
818.322	-203.96
818.492	123.03
818.662	89.75
818.832	11.87
819.002	49.73
819.172	157.3
819.342	421.97
819.512	80.23
819.682	63.07
819.852	12.19
820.022	29.71
820.192	550.56
820.362	66.96
820.531	-97.07
820.701	56.56
820.871	4.75
821.041	58.82
821.211	-51.06
821.381	92.27
821.55	220.43
821.72	395.35
821.89	-113.85
822.059	123.3
822.229	75.42
822.399	54.71
822.568	158.62
822.738	1634.15
822.908	398.77
823.077	62.73
823.247	39.89
823.416	-2694.12
823.586	-223.53
823.756	-6.2
823.925	883.54
824.095	-134.88
824.264	54.71
824.433	-33.63
824.603	96.75
824.772	0.54
824.942	-544.3
825.111	-71.36
825.28	311.8
825.45	-19.13
825.619	80.75
825.788	-366.29
825.958	-11.09
826.127	8.15
826.296	24.1
826.465	87.06
826.635	109.37
826.804	216.35
826.973	45.02
827.142	11.06
827.311	-106.04
827.48	81.26
827.649	53.29
827.818	1.57
827.988	209.6
828.157	124.76
828.326	-10.08
828.495	13.03
828.664	22.57
828.833	0.71
829.002	-180.12
829.17	-97.99
829.339	7.04
829.508	122.27
829.677	92.13
829.846	56.19
830.015	30.99
830.184	10.53
830.352	-54.07
830.521	225.9
830.69	726.83
830.859	-1282.35
831.027	2221.05
831.196	195.54
831.365	4.55
831.533	51.82
831.702	-154.66
831.871	14.94
832.039	227.99
832.208	-123.48
832.377	114.96
832.545	64.27
832.714	62.56
832.882	81.72
833.051	44.4
833.219	4314.29
833.388	39.41
833.556	-83.38
833.724	77.03
833.893	-50.1
834.061	-431.58
834.23	53.56
834.398	-124.32
834.566	714.29
834.735	1914.29
834.903	245.28
835.071	-6280
835.239	46.56
835.408	27
835.576	702.33
835.744	38.52
835.912	-14.74
836.08	127.6
836.249	675.47
836.417	180.75
836.585	141.99
836.753	164.03
836.921	5.41
837.089	-657.14
837.257	88.37
837.425	-75.74
837.593	-66.33
837.761	-13.58
837.929	4.56
838.097	95.57
838.265	58.32
838.433	93.77
838.601	-45.09
838.769	32.91
838.936	658.43
839.104	43.05
839.272	90.08
839.44	-18.35
839.608	-648.78
839.775	101.34
839.943	109.79
840.111	134.95
840.279	94.18
840.446	38.81
840.614	44.16
840.781	53.91
840.949	82.16
841.117	140.27
841.284	-42.06
841.452	-254.66
841.619	-7.8
841.787	231
841.954	339.53
842.122	-21.97
842.289	140.31
842.457	-58.36
842.624	134.4
842.792	-570.8
842.959	104
843.126	30.99
843.294	46.81
843.461	-3.02
843.629	382.4
843.796	83.37
843.963	-112.84
844.13	122.25
844.298	-50.19
844.465	-23.91
844.632	200
844.799	43.22
844.966	159.15
845.134	24.67
845.301	-43.73
845.468	398.68
845.635	136.4
845.802	77.45
845.969	18.93
846.136	-83.77
846.303	-1378.95
846.47	62.58
846.637	661.54
846.804	-3778.95
846.971	-71.48
847.138	130.5
847.305	-415.93
847.472	-179.33
847.639	93.21
847.805	171.35
847.972	-859.74
848.139	4.29
848.306	-3210.53
848.473	74.63
848.639	8.4
848.806	17.6
848.973	66.92
849.14	154.57
849.306	135.43
849.473	41.06
849.64	-778.46
849.806	154.07
849.973	200
850.139	406.62
850.306	78.02
850.472	-123.25
850.639	200
850.806	-621.05
850.972	-300.87
851.139	-828.57
851.305	95.9
851.471	80.43
851.638	89.57
851.804	-211.94
851.971	-87.36
852.137	15.74
852.303	230.64
852.47	63.07
852.636	-133.01
852.802	464.57
852.968	-34.89
853.135	84.26
853.301	283.24
853.467	-55.74
853.633	-51.16
853.8	9.4
853.966	-159.39
854.132	-1514.29
854.298	-124.09
854.464	-285.39
854.63	74.96
854.796	204.07
854.962	-7.19
855.128	31.4
855.294	-52.37
855.46	-81.52
855.626	-53.1
855.792	-40.93
855.958	-9.71
856.124	-42.94
856.29	1.32
856.456	-12.26
856.622	51.91
856.787	324.68
856.953	26.65
857.119	-869.31
857.285	-67.3
857.45	43.11
857.616	92.03
857.782	-51.66
857.948	94.67
858.113	-94.88
858.279	-86.29
858.445	285.04
858.61	60.47
858.776	34.82
858.941	437.62
859.107	5.37
859.273	-34.35
859.438	-96.68
859.604	2031.58
859.769	322.83
859.935	128.71
860.1	82.39
860.265	43.7
860.431	-162.59
860.596	1400
860.762	60.06
860.927	70.82
861.092	29.98
861.258	-146.74
861.423	107.34
861.588	39.21
861.753	8428.57
861.919	245.28
862.084	200
862.249	118.64
862.414	126.28
862.579	370.56
862.745	68.87
862.91	368.27
863.075	-120.52
863.24	42.04
863.405	121.61
863.57	12.38
863.735	-40.73
863.9	-320.35
864.065	74.5
864.23	181
864.395	123.13
864.56	80.36
864.725	-210.13
864.89	456.18
865.055	186.62
865.22	85.32
865.384	-730.34
865.549	141.75
865.714	28.57
865.879	38.69
866.044	-118.69
866.208	48.14
866.373	463.74
866.538	-44.5
866.702	-118.69
866.867	50.26
867.032	47.53
867.196	54.91
867.361	660.8
867.526	-186.27
867.69	-10.41
867.855	134.07
868.019	287.27
868.184	53.74
868.348	-53.92
868.513	-109.68
868.677	214.01
868.842	13.43
869.006	33.43
869.17	-1271.7
869.335	-209.76
869.499	-254.37
869.663	382.78
869.828	156.28
869.992	-804.65
870.156	43.48
870.321	-85.04
870.485	77.61
870.649	117.68
870.813	-87.82
870.978	169.36
871.142	-1055.38
871.306	-61.61
871.47	375.18
871.634	445.67
871.798	319.25
871.962	74.26
872.126	-2371.43
872.29	16.95
872.454	371.43
872.618	-98.56
872.782	2.99
872.946	530.2
873.11	133.67
873.274	40.46
873.438	1611.76
873.602	-122.96
873.766	90.91
873.93	-7.12
874.094	105.62
874.257	-10.08
874.421	151.45
874.585	309.09
874.749	-17.08
874.912	79.14
875.076	0.5
875.24	30.82
875.403	195.9
875.567	-12.57
875.731	226.97
875.894	-44.9
876.058	62.2
876.222	-231.46
876.385	121.61
876.549	64.55
876.712	69.09
876.876	-18.62
877.039	-13.13
877.203	65.11
877.366	-103.5
877.529	-71.38
877.693	26.85
877.856	-36.71
878.02	-34.09
878.183	15.67
878.346	-423.38
878.51	72.57
878.673	-205.76
878.836	-136.91
878.999	974.19
879.163	180.33
879.326	64.96
879.489	95.37
879.652	68.33
879.815	69.38
879.978	-44.9
880.142	296.64
880.305	-16.15
880.468	87.23
880.631	-10.08
880.794	41.21
880.957	112.2
881.12	129.41
881.283	-63.68
881.446	-10.6
881.609	251.8
881.772	160.91
881.935	-1282.35
882.097	71.1
882.26	856.6
882.423	-161.81
882.586	160.15
882.749	147.52
882.912	-35.58
883.074	85.8
883.237	90.67
883.4	40.85
883.562	133.25
883.725	-404.8
883.888	-451.97
884.05	-6040
884.213	-11.41
884.376	14.69
884.538	82.68
884.701	82.68
884.863	82.68
