181.954	145.34
182.172	145.34
182.39	145.34
182.608	2180
182.826	473.63
183.043	-0.43
183.261	91.28
183.479	306.45
183.697	570.59
183.914	96.76
184.132	-71.12
184.35	247.09
184.567	118.03
184.785	-20.35
185.003	-49.1
185.22	190.99
185.438	7.1
185.656	-133.17
185.873	130.77
186.091	47.19
186.309	334.48
186.526	103.62
186.744	99.08
186.961	-123.23
187.179	-57.35
187.396	137.48
187.614	426.15
187.831	-3100
188.049	-0.61
188.266	131.91
188.484	-91.04
188.701	-175.73
188.919	57.83
189.136	27.18
189.354	-102.32
189.571	-23.22
189.789	60.98
190.006	94.83
190.223	-25.41
190.441	68.49
190.658	1185.71
190.876	146.68
191.093	-568.13
191.31	55.24
191.528	120.61
191.745	-38.68
191.962	136.7
192.179	279.67
192.397	-5.26
192.614	149.81
192.831	-8.43
193.049	72.11
193.266	360.19
193.483	0.15
193.7	112.31
193.917	72.21
194.135	258.27
194.352	-102.32
194.569	24.44
194.786	150.11
195.003	114.99
195.221	134.58
195.438	-72.44
195.655	138.19
195.872	-61.36
196.089	31.35
196.306	-25.47
196.523	-37.93
196.74	117.96
196.957	56.73
197.174	-279.7
197.391	152.45
197.608	76.47
197.825	461.29
198.042	3.65
198.259	-989.66
198.476	200.91
198.693	5060
198.91	-25.32
199.127	-305.97
199.344	140.49
199.561	76.88
199.778	50.84
199.995	-735.82
200.212	-1072.41
200.429	198.58
200.646	-137.97
200.862	-174.16
201.079	22.24
201.296	174.17
201.513	-24.27
201.73	97.05
201.947	92.06
202.163	14.23
202.38	-214.45
202.597	198.4
202.814	129.83
203.03	-4780
203.247	-145.23
203.464	31.93
203.681	94.81
203.897	97.89
204.114	296.23
204.331	138.99
204.547	-169.77
204.764	67.82
204.981	-417.65
205.197	-20.85
205.414	82.89
205.63	334.48
205.847	83.92
206.064	-132.73
206.28	-65.67
206.497	-33
206.713	91.18
206.93	13.23
207.146	148.9
207.363	573.85
207.579	38.46
207.796	-126.55
208.012	-19.45
208.229	-592.54
208.445	-140.87
208.662	32.1
208.878	134.56
209.095	1417.65
209.311	30.2
209.528	8385.71
209.744	73.75
209.96	-24.5
210.177	127.18
210.393	41.21
210.609	2180
210.826	-162.58
211.042	-178.26
211.258	356.72
211.475	-327.81
211.691	-34.61
211.907	59.49
212.124	9.19
212.34	-21.14
212.556	-48.01
212.772	104.4
212.989	198.01
213.205	-80.07
213.421	-90.95
213.637	320.9
213.853	9.73
214.069	2457.89
214.286	41.69
214.502	338.81
214.718	-30.41
214.934	85.27
215.15	165.57
215.366	-58.35
215.582	203.18
215.798	27.75
216.015	40.19
216.231	-142.16
216.447	71.96
216.663	-9.18
216.879	192.46
217.095	274.5
217.311	318.87
217.527	104.45
217.743	-175.73
217.959	907.55
218.175	22.75
218.391	361.87
218.606	-7.43
218.822	239.13
219.038	275.4
219.254	136.21
219.47	29.53
219.686	243.82
219.902	55.83
220.118	33.43
220.334	13.85
220.549	107.13
220.765	-156.66
220.981	-84.79
221.197	34.75
221.413	-80.22
221.628	-107.59
221.844	296.23
222.06	395.15
222.276	8.06
222.491	67.08
222.707	20
222.923	-240.94
223.139	7.79
223.354	-12.16
223.57	509.45
223.786	20.25
224.001	-28.19
224.217	20.7
224.432	-165.9
224.648	194.17
224.864	-66.75
225.079	589.55
225.295	-140.2
225.51	370.27
225.726	-33.1
225.942	131.35
226.157	69.46
226.373	-230.21
226.588	9.89
226.804	57.89
227.019	59.8
227.235	41.22
227.45	46.08
227.665	-7900
227.881	575.59
228.096	-313.91
228.312	-38.96
228.527	116.53
228.743	-117.14
228.958	-66.76
229.173	-449.57
229.389	16.63
229.604	-0.17
229.819	-26.43
230.035	-157.24
230.25	-59.77
230.465	20
230.681	-35.5
230.896	55.89
231.111	48.48
231.327	162.17
231.542	-4540
231.757	9.29
231.972	37.81
232.187	-0.43
232.403	-510.53
232.618	-73.56
232.833	66.52
233.048	-372.73
233.263	89.29
233.478	82.61
233.694	-365.12
233.909	-41.94
234.124	54.12
234.339	-56.56
234.554	1658.62
234.769	68.27
234.984	-43.5
235.199	63.81
235.414	-137.17
235.629	-563.29
235.844	-36.67
236.059	90.01
236.274	141.09
236.489	-154.55
236.704	68.79
236.919	-154.23
237.134	62.91
237.349	28.45
237.564	96.52
237.779	69.39
237.994	193.62
238.209	87.32
238.424	212.88
238.639	46.5
238.853	78.63
239.068	-14.8
239.283	28.7
239.498	104.22
239.713	111.23
239.928	33
240.142	-11
240.357	110.9
240.572	-111.83
240.787	-0.27
241.001	45.53
241.216	35.02
241.431	329.18
241.646	25.04
241.86	-124.22
242.075	-588.37
242.29	40.61
242.504	-11.96
242.719	97.52
242.934	-123.62
243.148	-22.1
243.363	-104.1
243.577	-295.51
243.792	48.18
244.007	65.8
244.221	453.25
244.436	-216.42
244.65	168.71
244.865	306.64
245.079	74.89
245.294	-242.45
245.508	29.62
245.723	155.21
245.937	-67.03
246.152	14.58
246.366	78.04
246.581	10.55
246.795	-22.7
247.01	-25.59
247.224	69.07
247.438	-143.56
247.653	84.22
247.867	158.59
248.081	49.08
248.296	412.2
248.51	59.7
248.724	41.13
248.939	-108.96
249.153	220.82
249.367	38.61
249.582	71.66
249.796	-419.48
250.01	-191.39
250.224	77.38
250.439	131.55
250.653	-36.17
250.867	-41.34
251.081	50.71
251.295	-24.42
251.51	-0.43
251.724	163.31
251.938	241.26
252.152	97.08
252.366	87.41
252.58	434.55
252.794	126.52
253.008	285.43
253.223	13.08
253.437	97.49
253.651	23.63
253.865	185.66
254.079	-23.14
254.293	-17.03
254.507	194.55
254.721	62.28
254.935	460.44
255.149	68.71
255.363	124.47
255.577	105.37
255.791	174.58
256.005	249.69
256.218	1.65
256.432	33.5
256.646	28.64
256.86	202.54
257.074	113.95
257.288	1220
257.502	183.52
257.716	1.85
257.929	-65.56
258.143	15.95
258.357	33.57
258.571	39.48
258.785	-33
258.998	-5.86
259.212	101.74
259.426	-183.41
259.64	96.83
259.853	-26.65
260.067	103.75
260.281	73.83
260.494	8.43
260.708	523.76
260.922	36.76
261.135	83.5
261.349	-50.59
261.563	219.52
261.776	2688.24
261.99	50.26
262.203	4.81
262.417	42.05
262.63	162.37
262.844	459.55
263.058	72.88
263.271	46.64
263.485	137.85
263.698	96.49
263.912	-179.15
264.125	45.26
264.339	140.94
264.552	17.82
264.765	-501.74
264.979	-124.45
265.192	88.01
265.406	-67.6
265.619	67.21
265.832	27.33
266.046	-18.13
266.259	64.75
266.473	-1396.77
266.686	40.99
266.899	70.84
267.113	3140
267.326	139.58
267.539	31.47
267.752	12.19
267.966	82.68
268.179	-62.36
268.392	94.4
268.605	320.47
268.819	77.49
269.032	238.39
269.245	426.15
269.458	181.18
269.671	-229.11
269.885	39.69
270.098	-34.24
270.311	317.72
270.524	-56.95
270.737	94.88
270.95	47.02
271.163	-38.58
271.376	-893.55
271.589	-411.39
271.802	20.69
272.016	124.76
272.229	35.97
272.442	121.05
272.655	-54.64
272.868	-33.91
273.081	-308.99
273.294	-2.91
273.506	-97.88
273.719	32.76
273.932	67.05
274.145	20
274.358	-50.92
274.571	126.89
274.784	1111.32
274.997	17.89
275.21	16.63
275.423	-7.07
275.635	-72.86
275.848	29.16
276.061	-8.61
276.274	-86.19
276.487	-115.65
276.699	83.13
276.912	21.23
277.125	142.55
277.338	16.64
277.55	46.19
277.763	54.7
277.976	62.32
278.189	618.68
278.401	32.82
278.614	394.4
278.827	82.96
279.039	-118.59
279.252	72.21
279.464	-37.08
279.677	61.87
279.89	67.46
280.102	-271.86
280.315	-114.63
280.527	-2910.53
280.74	-120.69
280.952	164.58
281.165	-69.61
281.377	41.11
281.59	-90.6
281.802	-28.28
282.015	77.83
282.227	25.64
282.44	396.4
282.652	446.07
282.865	198.58
283.077	92.29
283.29	104.72
283.502	97.38
283.714	33.65
283.927	0.27
284.139	-76.82
284.351	73.4
284.564	179.14
284.776	136.26
284.988	-38.52
285.201	34.33
285.413	31.89
285.625	260
285.838	56.64
286.05	41.68
286.262	52.77
286.474	220.85
286.686	-48.85
286.899	-387.89
287.111	-34.45
287.323	36.97
287.535	-10.89
287.747	73.38
287.959	-27.67
288.172	-263.64
288.384	39.85
288.596	40.77
288.808	-315.09
289.02	386.79
289.232	68.24
289.444	8.06
289.656	-0.33
289.868	54.21
290.08	131.9
290.292	-286.38
290.504	96.64
290.716	9.31
290.928	139.47
291.14	193.02
291.352	13.82
291.564	-205.88
291.776	105.75
291.988	-30.06
292.2	-193.84
292.412	-135.68
292.624	149.84
292.835	607.46
293.047	-12.52
293.259	-52.98
293.471	-70.14
293.683	324.39
293.895	52.36
294.106	-43.03
294.318	74.96
294.53	37.6
294.742	2031.03
294.953	48.34
295.165	36.2
295.377	118.69
295.589	83.89
295.8	4.72
296.012	86.82
296.224	-55.75
296.435	136.87
296.647	97.05
296.858	-52.52
297.07	-349.23
297.282	-34.61
297.493	66.32
297.705	-322.86
297.916	-90.61
298.128	104.36
298.34	-75.48
298.551	-50.61
298.763	152.7
298.974	102.54
299.186	80.1
299.397	59.18
299.609	-1009.68
299.82	22.82
300.031	77.95
300.243	-763.16
300.454	522.09
300.666	39.61
300.877	181.52
301.089	71.06
301.3	9.01
301.511	63.91
301.723	50.33
301.934	500
302.145	-80.06
302.357	153.26
302.568	48.8
302.779	28.28
302.99	-16.59
303.202	10.42
303.413	9.2
303.624	-122.37
303.835	92.45
304.047	-63.56
304.258	26.36
304.469	31.82
304.68	40.28
304.891	-88.03
305.103	92.28
305.314	124.9
305.525	4614.29
305.736	93.7
305.947	-35.94
306.158	2617.65
306.369	52.12
306.58	-42.81
306.791	240.33
307.002	75.58
307.213	-14.29
307.424	-80.92
307.636	22.62
307.846	157.68
308.057	569.9
308.268	41.68
308.479	21.97
308.69	-26.55
308.901	10.1
309.112	695.35
309.323	13.08
309.534	96.91
309.745	15.48
309.956	27.48
310.167	-103.03
310.377	21.85
310.588	-50.87
310.799	121.05
311.01	-95.9
311.221	-35.09
311.432	46.98
311.642	-81.05
311.853	47.23
312.064	706.9
312.275	147.58
312.485	60.48
312.696	54.6
312.907	168.34
313.117	41.22
313.328	36.16
313.539	33.5
313.749	-21.09
313.96	25.27
314.171	68.3
314.381	16.96
314.592	44.2
314.802	27.03
315.013	120.71
315.224	-0.09
315.434	2836.84
315.645	-1180
315.855	22.62
316.066	365.17
316.276	228.62
316.487	968.29
316.697	54.37
316.908	22.24
317.118	25.08
317.329	117.31
317.539	91.44
317.749	196.14
317.96	-1111.94
318.17	-103.89
318.381	447.25
318.591	-462.64
318.801	55.43
319.012	105.65
319.222	336.89
319.432	-59.8
319.643	45.19
319.853	-134.98
320.063	58.61
320.273	-43.08
320.484	-264.84
320.694	171.84
320.904	268.14
321.114	95.51
321.325	2031.03
321.535	175.83
321.745	-16.25
321.955	133.55
322.165	-119.94
322.375	48.87
322.585	190.8
322.796	-203.45
323.006	84.23
323.216	111.84
323.426	121.84
323.636	-11
323.846	293.1
324.056	58.81
324.266	64.35
324.476	56.47
324.686	-129.19
324.896	40.46
325.106	681.13
325.316	62.6
325.526	-1773.68
325.736	36.47
325.946	11.54
326.156	780.52
326.366	-366.09
326.576	23.43
326.785	53.77
326.995	61.47
327.205	132.16
327.415	190.85
327.625	508.76
327.835	44.43
328.044	222.61
328.254	604.35
328.464	-42.76
328.674	103.55
328.884	-104.32
329.093	18.72
329.303	15.52
329.513	201.86
329.722	-2026.32
329.932	94.28
330.142	56.83
330.351	129.5
330.561	-634.55
330.771	-217.34
330.98	-65.67
331.19	-460
331.4	-297.17
331.609	23.93
331.819	1114.63
332.028	-89.71
332.238	52.54
332.447	28.66
332.657	22.4
332.866	-19.87
333.076	54.5
333.285	-19.87
333.495	809.68
333.704	-140.36
333.914	77.23
334.123	-48.45
334.333	370.77
334.542	-108.17
334.752	260
334.961	-43.4
335.17	-0.5
335.38	-46.05
335.589	2.38
335.798	26.9
336.008	473.63
336.217	-322.13
336.426	49.56
336.636	-20.85
336.845	114.65
337.054	671.43
337.263	1.81
337.473	41.23
337.682	120.85
337.891	18.74
338.1	439.57
338.309	30.25
338.519	147.38
338.728	11.71
338.937	-218.11
339.146	275.54
339.355	-428.3
339.564	310.53
339.773	23.62
339.983	71.67
340.192	-741.74
340.401	130.52
340.61	58.6
340.819	-7.62
341.028	-7.54
341.237	-1194.12
341.446	17.76
341.655	35.48
341.864	79.15
342.073	18.86
342.282	77.83
342.491	45.89
342.699	57.28
342.908	16.88
343.117	88.39
343.326	9.31
343.535	-503.64
343.744	-19.91
343.953	-220
344.162	106.09
344.37	-26.49
344.579	-556.72
344.788	15.09
344.997	-47.76
345.206	81.76
345.414	44.67
345.623	145.76
345.832	-3.04
346.041	201.52
346.249	110.76
346.458	-2.55
346.667	80.09
346.875	18.51
347.084	47.54
347.293	82.72
347.501	5.21
347.71	11.54
347.918	-88.93
348.127	-330.77
348.336	-207.28
348.544	179.67
348.753	446.27
348.961	6.26
349.17	92.28
349.378	95.89
349.587	103.97
349.795	57.28
350.004	998.46
350.212	39.84
350.421	138.94
350.629	-116.31
350.838	67.5
351.046	119.95
351.254	38.81
351.463	36.49
351.671	-1457.89
351.879	51.81
352.088	40.15
352.296	75.22
352.504	91.39
352.713	111.34
352.921	-142.52
353.129	34.29
353.338	52.19
353.546	-87.7
353.754	249.69
353.962	92.62
354.171	45.89
354.379	-1900
354.587	39
354.795	73.94
355.003	-24.88
355.212	-61.93
355.42	477.36
355.628	57.59
355.836	-8.47
356.044	91.59
356.252	39
356.46	29.7
356.668	1496.92
356.876	83.22
357.084	25.5
357.292	7.45
357.5	-49.55
357.708	28.64
357.916	3
358.124	-77.26
358.332	159.7
358.54	-809.09
358.748	157.14
358.956	2.38
359.164	-8.27
359.372	103.21
359.58	-242.45
359.788	41.22
359.996	101.02
360.203	-23.25
360.411	-70.95
360.619	-229.65
360.827	-9.15
361.035	-317.18
361.242	134.02
361.45	332.91
361.658	107.58
361.866	120.93
362.073	3.89
362.281	9.35
362.489	18.45
362.697	-27.56
362.904	108.46
363.112	143.99
363.32	52.02
363.527	134.78
363.735	8.88
363.943	-15.37
364.15	-34.28
364.358	45.49
364.565	90.5
364.773	50.3
364.98	-292.93
365.188	119.01
365.395	-30.02
365.603	24.07
365.81	-4.08
366.018	11.47
366.225	90.01
366.433	-38.96
366.64	73.71
366.848	88.53
367.055	26.02
367.263	15.97
367.47	2.6
367.677	-1.27
367.885	-16.19
368.092	41.68
368.299	-34.08
368.507	28.63
368.714	468.14
368.921	282.68
369.129	83.78
369.336	34.07
369.543	64.58
369.751	-48.07
369.958	-0.45
370.165	57.37
370.372	-26.83
370.579	125.58
370.787	68.96
370.994	130.16
371.201	101.09
371.408	-65.59
371.615	53.97
371.822	13.44
372.029	32.2
372.237	-261.14
372.444	45.95
372.651	17.29
372.858	278.3
373.065	17.85
373.272	51.92
373.479	-1196.55
373.686	-51.66
373.893	290.29
374.1	-114.35
374.307	-475.54
374.514	266.8
374.721	-3.08
374.928	141.56
375.135	32.76
375.341	2660
375.548	59.63
375.755	94.17
375.962	80.36
376.169	41.92
376.376	189.07
376.583	15.74
376.789	39.36
376.996	58.51
377.203	19.04
377.41	-40.5
377.617	-1.82
377.823	159.89
378.03	-893.55
378.237	2.26
378.443	143.43
378.65	364.15
378.857	-146.49
379.063	348.1
379.27	-512.17
379.477	-29.7
379.683	-85.29
379.89	20.25
380.097	70.25
380.303	48.84
380.51	-18.47
380.716	38.91
380.923	-255.91
381.129	65.24
381.336	-19.69
381.542	71.03
381.749	73.83
381.955	58.17
382.162	16.63
382.368	87.9
382.575	-4.38
382.781	-1279.31
382.988	-16.25
383.194	-46.32
383.4	24.62
383.607	81.03
383.813	-44.65
384.02	39.86
384.226	67.4
384.432	-30.9
384.639	52.37
384.845	-107.59
385.051	2.38
385.257	-4.63
385.464	59.14
385.67	68
385.876	90.5
386.082	-134.58
386.289	46.64
386.495	8.63
386.701	-121.5
386.907	-49.36
387.113	44.79
387.319	80.74
387.526	-0.33
387.732	-463.78
387.938	413.6
388.144	-11.3
388.35	45.29
388.556	89.99
388.762	65.05
388.968	-30.23
389.174	-3.13
389.38	56.8
389.586	-19
389.792	36.49
389.998	-98.7
390.204	-35.28
390.41	72.67
390.616	4.3
390.822	-36.07
391.028	34.64
391.234	56.84
391.439	-94.17
391.645	2.93
391.851	59.07
392.057	-34.61
392.263	26.22
392.469	-15.54
392.674	-15.55
392.88	19.09
393.086	44.43
393.292	-114.26
393.498	-62.4
393.703	21.79
393.909	47.38
394.115	61.31
394.32	19.4
394.526	16.47
394.732	71.21
394.937	27.62
395.143	-44.13
395.349	95.68
395.554	-386.43
395.76	31.38
395.965	-46.68
396.171	-42.82
396.377	-2.54
396.582	4.8
396.788	5.45
396.993	7.17
397.199	32.67
397.404	41.93
397.61	-31.66
397.815	-7.75
398.021	14.48
398.226	-26.12
398.431	-9.67
398.637	-25.56
398.842	-0.07
399.048	13.36
399.253	31.86
399.458	22.91
399.664	-20.5
399.869	-17.93
400.074	34.95
400.28	39.29
400.485	4.29
400.69	11.95
400.896	-0.07
401.101	49.28
401.306	32.13
401.511	13.08
401.716	9.78
401.922	7.66
402.127	17.91
402.332	-17.13
402.537	28.4
402.742	4.56
402.947	16.34
403.153	-0.05
403.358	5.7
403.563	13.99
403.768	4.71
403.973	10.86
404.178	-3.33
404.383	0.85
404.588	13.14
404.793	16.09
404.998	4.88
405.203	-13.05
405.408	7.03
405.613	20.67
405.818	22.83
406.023	-2.55
406.228	3.1
406.433	2.86
406.638	1.39
406.842	9.73
407.047	2.47
407.252	-1.61
407.457	7.22
407.662	6.79
407.867	2.31
408.071	6.58
408.276	7.43
408.481	7.85
408.686	2.43
408.891	4.69
409.095	1.53
409.3	-0.37
409.505	6.07
409.709	0.32
409.914	7.68
410.119	13.35
410.323	-4.7
410.528	0.9
410.733	6.1
410.937	0.41
411.142	2.17
411.346	4.18
411.551	0.98
411.756	2.54
411.96	0.89
412.165	0.47
412.369	3.21
412.574	-6.17
412.778	5
412.983	3.17
413.187	4.93
413.392	-0.64
413.596	0.16
413.8	2.22
414.005	5.66
414.209	0.22
414.414	0.07
414.618	0.65
414.822	0.84
415.027	1.85
415.231	3.19
415.435	2.49
415.64	3.4
415.844	1.39
416.048	3.14
416.252	-0.17
416.457	3.29
416.661	1.23
416.865	2.28
417.069	-1.25
417.274	2.72
417.478	1.49
417.682	2.61
417.886	-0.09
418.09	3.28
418.294	2.44
418.498	-0.97
418.702	2.66
418.907	1.06
419.111	0.35
419.315	1.58
419.519	2.48
419.723	-1.19
419.927	3.48
420.131	3.98
420.335	-0.55
420.539	-0.34
420.743	4.26
420.947	-0.25
421.151	1.37
421.355	1.59
421.558	1.69
421.762	1.95
421.966	2.55
422.17	1.82
422.374	1.42
422.578	1.5
422.782	1.16
422.985	0.62
423.189	1.85
423.393	0.78
423.597	1.02
423.801	1.41
424.004	1.33
424.208	0.09
424.412	0.64
424.615	1.36
424.819	1.46
425.023	1.67
425.226	0.86
425.43	2.34
425.634	1.24
425.837	0.75
426.041	1.8
426.245	2.38
426.448	1.01
426.652	1.82
426.855	1.08
427.059	0.47
427.262	1.34
427.466	0.77
427.669	0.96
427.873	0.9
428.076	1.32
428.28	0.91
428.483	0.4
428.687	0.8
428.89	1.5
429.094	0.69
429.297	0.4
429.5	1.26
429.704	1.51
429.907	1.81
430.11	1.37
430.314	1.71
430.517	1.04
430.72	1.24
430.924	1.28
431.127	1.12
431.33	1.08
431.533	1.49
431.737	1.71
431.94	1.13
432.143	1.52
432.346	0.97
432.549	0.97
432.752	0.86
432.956	1.24
433.159	0.86
433.362	0.58
433.565	1.13
433.768	1.26
433.971	0.79
434.174	1.62
434.377	1.41
434.58	1.27
434.783	0.54
434.986	1.27
435.189	1.23
435.392	1.05
435.595	1.72
435.798	1.02
436.001	1.27
436.204	1.35
436.407	1.02
436.61	1.55
436.813	1.54
437.016	0.92
437.219	1.27
437.421	1.11
437.624	1.31
437.827	1.11
438.03	1.29
438.233	1.09
438.435	1.3
438.638	1.55
438.841	1.01
439.044	1.22
439.246	1.34
439.449	0.9
439.652	1.15
439.854	1.28
440.057	1.56
440.26	1.01
440.462	1.01
440.665	0.98
440.868	1.32
441.07	1.7
441.273	1.09
441.475	1.2
441.678	1.18
441.88	1.28
442.083	0.79
442.286	1.46
442.488	1.06
442.69	1.3
442.893	1.37
443.095	0.68
443.298	1.17
443.5	1.19
443.703	0.91
443.905	1.02
444.108	1.19
444.31	1.46
444.512	0.79
444.715	1.02
444.917	0.87
445.119	1.24
445.322	1.26
445.524	1.41
445.726	1.34
445.928	1.37
446.131	1.58
446.333	1.16
446.535	1
446.737	1.11
446.94	1.63
447.142	1.3
447.344	1.08
447.546	1.24
447.748	1.21
447.95	1.55
448.152	1.58
448.354	1.33
448.557	1.61
448.759	1.75
448.961	1.24
449.163	1.33
449.365	1.24
449.567	1.72
449.769	1.57
449.971	1.53
450.173	1.34
450.375	1.55
450.577	1.58
450.779	1.44
450.981	1.47
451.182	1.17
451.384	1.25
451.586	1.55
451.788	1.02
451.99	1.7
452.192	1.4
452.394	1.76
452.595	2.19
452.797	1.52
452.999	1.7
453.201	1.85
453.402	1.96
453.604	1.55
453.806	1.69
454.008	1.51
454.209	1.77
454.411	1.72
454.613	1.62
454.814	1.78
455.016	1.65
455.218	1.87
455.419	1.79
455.621	1.54
455.822	1.35
456.024	1.95
456.225	1.6
456.427	1.99
456.629	1.18
456.83	1.58
457.032	2.01
457.233	1.75
457.435	1.67
457.636	1.92
457.837	1.59
458.039	1.38
458.24	1.76
458.442	2.2
458.643	1.37
458.844	2.48
459.046	1.55
459.247	2.55
459.448	2.2
459.65	1.85
459.851	2.4
460.052	1.87
460.254	2.16
460.455	2.69
460.656	2.27
460.857	1.94
461.059	0.96
461.26	1.8
461.461	1.64
461.662	1.47
461.863	2.5
462.065	2.42
462.266	1.33
462.467	1.8
462.668	1.82
462.869	3.02
463.07	2.05
463.271	2.06
463.472	1.56
463.673	1.81
463.874	2.21
464.075	2.21
464.276	1.87
464.477	2.77
464.678	2.27
464.879	1.99
465.08	2.49
465.281	3.16
465.482	0.89
465.683	1.69
465.884	2.36
466.085	1.84
466.285	1.72
466.486	2.75
466.687	2.73
466.888	2.53
467.089	2.25
467.29	1.57
467.49	2.38
467.691	2.08
467.892	2.24
468.093	2.56
468.293	2.55
468.494	2.33
468.695	2.47
468.895	2.76
469.096	1.24
469.297	1.84
469.497	2.21
469.698	2.84
469.898	1.44
470.099	2.45
470.3	2.53
470.5	1.67
470.701	2.74
470.901	3.32
471.102	1.84
471.302	3.02
471.503	2.72
471.703	4.45
471.904	2.17
472.104	1.66
472.305	3.2
472.505	2.36
472.705	3.62
472.906	2.24
473.106	2.53
473.306	1.31
473.507	2.36
473.707	3.42
473.907	1.94
474.108	0.8
474.308	1.64
474.508	2.94
474.709	2.28
474.909	2.87
475.109	2.3
475.309	2.22
475.51	2.9
475.71	2.83
475.91	2.96
476.11	1.09
476.31	1.94
476.51	3.77
476.71	0.86
476.911	4.98
477.111	1.76
477.311	1.9
477.511	3.03
477.711	1.25
477.911	1.61
478.111	3.76
478.311	2.75
478.511	2.29
478.711	4.41
478.911	3.5
479.111	1.28
479.311	1.98
479.511	3.27
479.711	1.63
479.91	-0.53
480.11	3.22
480.31	1.54
480.51	3.92
480.71	1.96
480.91	4.06
481.109	3.08
481.309	2.36
481.509	1.03
481.709	3.19
481.909	2.56
482.108	1.92
482.308	0.96
482.508	2.57
482.707	4.6
482.907	2.72
483.107	4.63
483.306	2.19
483.506	3.7
483.706	1.43
483.905	3.05
484.105	2.84
484.304	1.67
484.504	1.07
484.704	2.48
484.903	1.82
485.103	3.54
485.302	2.16
485.502	2.37
485.701	3.59
485.901	2.87
486.1	2.11
486.299	1.92
486.499	1.74
486.698	2
486.898	3.06
487.097	2.8
487.296	2.32
487.496	2.56
487.695	1.61
487.894	2.12
488.094	0.81
488.293	3.01
488.492	2.27
488.692	2.44
488.891	3.05
489.09	2.49
489.289	2.76
489.489	2.41
489.688	1.85
489.887	2.27
490.086	1.98
490.285	2.15
490.484	3.47
490.683	4.28
490.883	4.07
491.082	3.39
491.281	3.36
491.48	2.85
491.679	2.85
491.878	1.76
492.077	3.21
492.276	2.36
492.475	1.57
492.674	3.02
492.873	2.98
493.072	2.57
493.271	2.79
493.47	1.02
493.669	2.36
493.867	2.37
494.066	3.14
494.265	2.79
494.464	2.26
494.663	2.29
494.862	2.06
495.06	1.99
495.259	1.42
495.458	2.27
495.657	2.58
495.856	2.36
496.054	3.73
496.253	2.1
496.452	2.77
496.65	2.18
496.849	2.08
497.048	2.79
497.246	1.44
497.445	2.39
497.644	2.15
497.842	3.64
498.041	1.87
498.239	1.93
498.438	2.97
498.636	2.71
498.835	2.72
499.034	2.44
499.232	2.74
499.431	2.39
499.629	2.08
499.827	2.23
500.026	2.4
500.224	2.22
500.423	1.73
500.621	2.74
500.82	2.37
501.018	3.37
501.216	1.6
501.415	1.62
501.613	1.78
501.811	2.46
502.01	2.85
502.208	1.63
502.406	3.49
502.604	3.39
502.803	2.56
503.001	3.17
503.199	1.74
503.397	2.34
503.595	2.94
503.794	2.04
503.992	1.74
504.19	2.69
504.388	3.22
504.586	2.89
504.784	2.12
504.982	2.07
505.18	2.21
505.378	2.07
505.576	2.27
505.774	2.07
505.972	2.05
506.17	3.28
506.368	2.43
506.566	2.07
506.764	2.47
506.962	2.55
507.16	2.13
507.358	2.22
507.556	2.53
507.754	2.41
507.952	2.1
508.15	2.68
508.347	2.39
508.545	2.34
508.743	2.95
508.941	2.44
509.139	2.64
509.336	2.55
509.534	3.21
509.732	2.62
509.93	2.87
510.127	2.68
510.325	2.17
510.523	2.87
510.72	3.18
510.918	2.7
511.116	2.68
511.313	2.39
511.511	2.73
511.708	2.35
511.906	3.37
512.104	2.8
512.301	2.59
512.499	2.39
512.696	2.74
512.894	1.9
513.091	2.7
513.289	2.71
513.486	2.34
513.683	2.81
513.881	2.39
514.078	2.99
514.276	3.22
514.473	2.43
514.67	3.11
514.868	2.89
515.065	2.61
515.262	3.17
515.46	2.19
515.657	2.73
515.854	2.61
516.052	2.43
516.249	2.92
516.446	3.14
516.643	2.83
516.84	2.49
517.038	2.42
517.235	2.56
517.432	2.56
517.629	2.93
517.826	2.99
518.023	3.02
518.221	3.06
518.418	3.11
518.615	3
518.812	2.57
519.009	3.38
519.206	2.86
519.403	2.91
519.6	2.92
519.797	2.64
519.994	2.79
520.191	3.06
520.388	3.15
520.585	3
520.782	2.81
520.978	2.9
521.175	3.15
521.372	3.26
521.569	3.22
521.766	2.79
521.963	2.93
522.159	3.33
522.356	2.81
522.553	3.42
522.75	3.17
522.947	3.22
523.143	3.35
523.34	3.37
523.537	3.25
523.733	3.51
523.93	3.21
524.127	3.11
524.323	3.26
524.52	3.24
524.717	3.27
524.913	3.24
525.11	3.09
525.306	3.14
525.503	3.3
525.7	3.62
525.896	2.83
526.093	3.34
526.289	3.6
526.486	3.04
526.682	2.91
526.878	3.14
527.075	3.43
527.271	3.2
527.468	3.46
527.664	3.39
527.861	3.33
528.057	3.37
528.253	3.64
528.45	3.2
528.646	3.12
528.842	3.65
529.039	3.22
529.235	3.64
529.431	3.23
529.627	3.36
529.824	3.51
530.02	3.34
530.216	3.75
530.412	3.71
530.608	3.24
530.804	3.5
531.001	3.56
531.197	3.42
531.393	3.4
531.589	3.5
531.785	3.09
531.981	3.47
532.177	3.6
532.373	3.7
532.569	3.21
532.765	3.05
532.961	3.06
533.157	3.4
533.353	3.35
533.549	3.43
533.745	3.62
533.941	3.08
534.137	3.58
534.333	3.18
534.529	3.3
534.725	3.53
534.92	3.58
535.116	3.45
535.312	3.51
535.508	3.59
535.704	3.43
535.899	3.29
536.095	3.04
536.291	3.45
536.487	3.08
536.682	3.65
536.878	3.47
537.074	3.17
537.269	2.89
537.465	3.45
537.661	3.26
537.856	3.51
538.052	3.49
538.248	3.69
538.443	3.53
538.639	3.07
538.834	3.41
539.03	3.63
539.225	3.39
539.421	3.54
539.616	3.61
539.812	3.41
540.007	3.64
540.203	3.64
540.398	3.78
540.593	3.69
540.789	3.7
540.984	3.43
541.18	3.25
541.375	3.29
541.57	3.9
541.766	3.91
541.961	3.51
542.156	3.74
542.352	3.83
542.547	3.19
542.742	3.46
542.937	3.4
543.133	4.06
543.328	3.82
543.523	3.62
543.718	3.66
543.913	3.83
544.108	3.45
544.304	3.88
544.499	3.72
544.694	3.42
544.889	3.59
545.084	4.03
545.279	3.77
545.474	3.69
545.669	3.73
545.864	3.34
546.059	3.66
546.254	3.3
546.449	3.54
546.644	3.34
546.839	3.71
547.034	3.62
547.229	3.79
547.424	3.75
547.618	3.86
547.813	3.56
548.008	3.73
548.203	3.48
548.398	3.4
548.593	3.79
548.787	4.07
548.982	3.69
549.177	3.58
549.372	3.57
549.566	3.94
549.761	3.72
549.956	3.63
550.15	3.77
550.345	3.48
550.54	3.8
550.734	3.47
550.929	3.91
551.124	4.13
551.318	3.85
551.513	3.57
551.707	3.78
551.902	3.77
552.096	3.73
552.291	4
552.485	3.73
552.68	3.75
552.874	3.62
553.069	3.84
553.263	3.98
553.458	3.84
553.652	3.97
553.847	3.56
554.041	3.96
554.235	3.84
554.43	3.8
554.624	3.95
554.818	4.03
555.013	3.92
555.207	3.78
555.401	4.02
555.595	3.94
555.79	3.54
555.984	3.91
556.178	3.63
556.372	3.98
556.566	3.82
556.761	3.83
556.955	3.97
557.149	3.55
557.343	3.9
557.537	3.79
557.731	3.8
557.925	3.83
558.119	3.69
558.313	3.76
558.507	3.5
558.701	3.91
558.895	3.97
559.089	4.21
559.283	4.28
559.477	4.1
559.671	4.2
559.865	3.79
560.059	3.57
560.253	3.92
560.447	3.97
560.641	3.73
560.835	4.01
561.028	3.91
561.222	4.13
561.416	3.86
561.61	3.72
561.804	3.56
561.997	3.7
562.191	4.11
562.385	3.77
562.579	3.89
562.772	4.25
562.966	3.81
563.16	3.87
563.353	3.88
563.547	3.95
563.741	4.09
563.934	4
564.128	4.04
564.321	3.98
564.515	4.23
564.708	3.96
564.902	3.75
565.095	4.09
565.289	4.18
565.482	4.12
565.676	3.6
565.869	3.85
566.063	4.16
566.256	3.76
566.45	3.76
566.643	3.39
566.836	4.08
567.03	4.39
567.223	3.83
567.416	3.92
567.61	4.03
567.803	3.86
567.996	3.89
568.19	3.68
568.383	3.82
568.576	4.01
568.769	3.86
568.963	3.73
569.156	4.28
569.349	3.88
569.542	4.22
569.735	3.87
569.928	4.08
570.121	3.92
570.315	4.07
570.508	3.9
570.701	4.07
570.894	3.99
571.087	3.78
571.28	4.3
571.473	3.91
571.666	3.85
571.859	3.8
572.052	3.73
572.245	4.1
572.438	3.95
572.631	4.04
572.824	3.76
573.016	3.88
573.209	3.89
573.402	3.94
573.595	3.75
573.788	4.13
573.981	4.06
574.173	4.13
574.366	4.36
574.559	4
574.752	3.64
574.944	3.87
575.137	4.12
575.33	3.82
575.523	4.37
575.715	3.91
575.908	3.86
576.101	3.65
576.293	3.8
576.486	3.69
576.678	3.94
576.871	3.89
577.063	3.88
577.256	3.71
577.449	3.82
577.641	3.82
577.834	3.82
578.026	3.74
578.219	3.64
578.411	3.98
578.603	4.07
578.796	3.53
578.988	3.77
579.181	3.59
579.373	4.07
579.565	4.01
579.758	3.96
579.95	3.86
580.142	3.68
580.335	4.11
580.527	3.77
580.719	3.83
580.912	3.9
581.104	3.63
581.296	4.02
581.488	4.09
581.68	3.81
581.873	3.81
582.065	3.8
582.257	3.96
582.449	3.65
582.641	3.76
582.833	3.69
583.025	3.49
583.217	3.61
583.41	3.88
583.602	4.06
583.794	4.06
583.986	4.02
584.178	3.65
584.37	3.94
584.562	3.7
584.753	3.95
584.945	3.89
585.137	3.77
585.329	3.9
585.521	4.48
585.713	3.78
585.905	4
586.097	3.92
586.289	4.09
586.48	3.89
586.672	3.46
586.864	4.27
587.056	4.08
587.247	3.7
587.439	3.84
587.631	3.61
587.823	4.14
588.014	3.73
588.206	3.69
588.398	3.44
588.589	4.24
588.781	3.7
588.972	3.49
589.164	3.94
589.356	4.09
589.547	3.77
589.739	4.18
589.93	3.6
590.122	3.55
590.313	3.79
590.505	3.96
590.696	3.85
590.888	3.95
591.079	3.92
591.271	3.97
591.462	4.32
591.653	3.79
591.845	3.83
592.036	3.65
592.227	4.12
592.419	3.54
592.61	3.7
592.801	3.9
592.993	4.02
593.184	4.2
593.375	4.03
593.566	3.95
593.758	4.19
593.949	4.11
594.14	3.73
594.331	3.42
594.522	4.04
594.713	3.76
594.905	4.23
595.096	3.92
595.287	4.19
595.478	4.01
595.669	3.64
595.86	4.06
596.051	3.76
596.242	3.98
596.433	3.71
596.624	4.05
596.815	3.83
597.006	4.01
597.197	4.03
597.388	3.86
597.579	3.97
597.77	4.17
597.96	3.82
598.151	4.25
598.342	3.89
598.533	4.08
598.724	4.18
598.915	4.1
599.105	3.83
599.296	4.2
599.487	3.56
599.678	4.2
599.868	4.48
600.059	4.24
600.25	4.36
600.44	4.11
600.631	4.17
600.822	3.84
601.012	4.43
601.203	3.72
601.394	4.02
601.584	4.32
601.775	4.19
601.965	4.22
602.156	4.06
602.346	4.19
602.537	3.98
602.727	4.33
602.918	3.97
603.108	4.04
603.299	4.12
603.489	4.62
603.679	4.33
603.87	4.31
604.06	4.52
604.251	4.18
604.441	4.16
604.631	3.88
604.822	4.03
605.012	4.69
605.202	4
605.392	4.06
605.583	4.26
605.773	4.14
605.963	4.1
606.153	4.03
606.344	4.24
606.534	4.41
606.724	4.81
606.914	4.45
607.104	3.9
607.294	4.3
607.484	4.09
607.674	4.22
607.864	4.65
608.054	3.94
608.245	4.38
608.435	4.58
608.625	4.56
608.814	4.28
609.004	4.2
609.194	4.12
609.384	4.6
609.574	4.22
609.764	4.28
609.954	4.41
610.144	4.02
610.334	4.24
610.524	4.64
610.713	4.05
610.903	4.59
611.093	4.13
611.283	4.67
611.473	4.16
611.662	4.31
611.852	3.76
612.042	3.66
612.231	3.9
612.421	4.03
612.611	3.43
612.8	4.58
612.99	4.01
613.18	4.12
613.369	4.38
613.559	4.52
613.748	4.26
613.938	4.14
614.128	4.14
614.317	4.45
614.507	4.22
614.696	4.27
614.886	4.61
615.075	4.06
615.264	4.21
615.454	4.75
615.643	3.92
615.833	4.39
616.022	3.97
616.211	4.35
616.401	4.12
616.59	4.47
616.779	4.82
616.969	4
617.158	4.19
617.347	4.51
617.537	3.81
617.726	4.43
617.915	3.87
618.104	3.42
618.293	4.43
618.483	3.91
618.672	4.35
618.861	4.39
619.05	3.88
619.239	4.62
619.428	4.46
619.617	4.84
619.806	4.2
619.995	3.59
620.184	3.73
620.373	4.15
620.562	3.91
620.751	4.3
620.94	4.21
621.129	4.61
621.318	3.88
621.507	4.45
621.696	4.22
621.885	3.69
622.074	4.37
622.263	3.98
622.452	4.69
622.64	4.04
622.829	3.84
623.018	4.31
623.207	5.06
623.396	4.29
623.584	3.76
623.773	4.67
623.962	4.04
624.15	5.03
624.339	4.14
624.528	4.26
624.716	4.21
624.905	4.21
625.094	4.6
625.282	3.93
625.471	4.22
625.659	4.25
625.848	3.84
626.037	4.52
626.225	4.63
626.414	3.63
626.602	5.1
626.791	4.17
626.979	4.68
627.167	4.5
627.356	4.47
627.544	4.46
627.733	3.86
627.921	4.16
628.109	4.09
628.298	4.05
628.486	3.93
628.674	4.57
628.863	4.42
629.051	4.52
629.239	4.89
629.428	3.66
629.616	4.85
629.804	5.26
629.992	4.89
630.18	4.45
630.369	4.93
630.557	4.04
630.745	4.01
630.933	3.88
631.121	4.45
631.309	5.09
631.497	4.26
631.685	4.27
631.873	4.07
632.061	3.92
632.249	4.71
632.437	4.84
632.625	5.06
632.813	4.49
633.001	4.74
633.189	4.55
633.377	4.65
633.565	3.87
633.753	4.37
633.941	4.18
634.129	4.64
634.316	4.63
634.504	4.73
634.692	4.25
634.88	4.58
635.068	4.28
635.255	4.84
635.443	4.07
635.631	3.83
635.818	4.96
636.006	4.61
636.194	4.88
636.382	3.54
636.569	4.86
636.757	5.7
636.944	5.04
637.132	4.49
637.32	5.36
637.507	3.43
637.695	4.06
637.882	4.5
638.07	4.76
638.257	3.9
638.445	3.77
638.632	3.81
638.82	4.07
639.007	3.41
639.194	3.39
639.382	4.44
639.569	4.18
639.757	4.71
639.944	3.98
640.131	4.57
640.319	3.75
640.506	4.27
640.693	4.58
640.88	4.05
641.068	4.79
641.255	4.45
641.442	4.54
641.629	3.77
641.817	4.88
642.004	4.01
642.191	4.16
642.378	5.02
642.565	4.64
642.752	4.75
642.939	3.81
643.126	3.34
643.313	4.07
643.501	3.61
643.688	4.66
643.875	4.04
644.062	4.78
644.249	4.04
644.435	4.5
644.622	3.57
644.809	4.95
644.996	3.33
645.183	4.2
645.37	4.36
645.557	4.33
645.744	3
645.931	4.32
646.117	2.98
646.304	4.55
646.491	4.72
646.678	4.18
646.865	3.8
647.051	3.8
647.238	4.14
647.425	3.87
647.611	4.36
647.798	3.68
647.985	3.71
648.171	4.86
648.358	3.25
648.545	4.46
648.731	3.45
648.918	3.68
649.104	3.65
649.291	3.51
649.477	3.71
649.664	5.43
649.85	4.64
650.037	3.36
650.223	3.55
650.41	3.56
650.596	3.07
650.783	4.83
650.969	3.89
651.155	3.48
651.342	3.61
651.528	3.82
651.714	4.11
651.901	3.68
652.087	4.33
652.273	3.37
652.46	3.58
652.646	4.77
652.832	3.56
653.018	3.47
653.204	4.56
653.391	3.43
653.577	4.11
653.763	4.4
653.949	4.17
654.135	4.7
654.321	3.4
654.507	3.72
654.693	3.31
654.879	5.01
655.065	3.26
655.252	3.05
655.438	3.98
655.624	4.54
655.809	3.2
655.995	4.38
656.181	3.9
656.367	3.82
656.553	4.3
656.739	3.89
656.925	4.09
657.111	3.82
657.297	4.39
657.482	4.17
657.668	4.25
657.854	3.33
658.04	2.82
658.226	2.25
658.411	3.66
658.597	5.07
658.783	3.38
658.968	3.68
659.154	3.1
659.34	3.42
659.525	3.47
659.711	2.76
659.897	4.02
660.082	4.24
660.268	4.17
660.453	3.29
660.639	3.15
660.824	4.22
661.01	3.25
661.195	3.27
661.381	2.17
661.566	4.04
661.752	4.16
661.937	4.54
662.123	3.14
662.308	3.48
662.494	3.54
662.679	3.59
662.864	3.26
663.05	3.55
663.235	3.78
663.42	3.51
663.605	3.45
663.791	3.09
663.976	2.67
664.161	2.98
664.346	4.52
664.532	4.37
664.717	3.92
664.902	4.43
665.087	4.79
665.272	4.81
665.457	1.92
665.642	3.03
665.828	2.09
666.013	4.82
666.198	-0
666.383	3.59
666.568	3.74
666.753	4.65
666.938	2.61
667.123	3.38
667.308	3.48
667.493	3.85
667.677	1.92
667.862	2.57
668.047	3.87
668.232	2.74
668.417	3.73
668.602	3.26
668.787	4.11
668.971	3
669.156	4.11
669.341	0.9
669.526	3.31
669.711	5.43
669.895	3.85
670.08	2.58
670.265	3.56
670.449	2.39
670.634	4.03
670.819	3.29
671.003	3.31
671.188	3.54
671.372	3.86
671.557	5.22
671.742	6.47
671.926	3.92
672.111	3.65
672.295	1.75
672.48	2.87
672.664	3.77
672.849	-0.55
673.033	4.19
673.217	3.47
673.402	1.78
673.586	1.92
673.771	3.59
673.955	2.64
674.139	2.61
674.324	3.93
674.508	1.15
674.692	3.61
674.876	2.82
675.061	3.55
675.245	5.06
675.429	3.7
675.613	3.57
675.798	5.11
675.982	5.82
676.166	3.34
676.35	2.81
676.534	5.65
676.718	3.34
676.902	5.21
677.087	0.43
677.271	2.09
677.455	4.86
677.639	-0
677.823	4.16
678.007	5.92
678.191	5.16
678.375	5.4
678.559	4.01
678.742	4.62
678.926	5.86
679.11	7.08
679.294	3.91
679.478	4.31
679.662	4.84
679.846	2.84
680.029	4.9
680.213	4.39
680.397	4.18
680.581	3.83
680.765	7.23
680.948	3.03
681.132	5.33
681.316	3.25
681.499	5.08
681.683	6.79
681.867	3.83
682.05	6.07
682.234	2.25
682.417	4.4
682.601	6.66
682.785	7.28
682.968	5.2
683.152	6.52
683.335	5.04
683.519	3.7
683.702	3.54
683.886	5.94
684.069	4.11
684.253	7.5
684.436	6.91
684.619	5.62
684.803	3.15
684.986	1.94
685.169	9.09
685.353	5.59
685.536	2.29
685.719	5.23
685.903	5.1
686.086	1.38
686.269	8.85
686.452	3.15
686.636	8.97
686.819	1.76
687.002	6.7
687.185	9.27
687.368	10.06
687.551	4.61
687.734	7.21
687.918	8.06
688.101	3.6
688.284	5.18
688.467	9.49
688.65	8.16
688.833	6.53
689.016	1.93
689.199	6.51
689.382	9.13
689.565	7.19
689.748	5.35
689.93	1.23
690.113	7.22
690.296	6.21
690.479	5.16
690.662	10.3
690.845	9.42
691.028	2.99
691.21	7.46
691.393	7.05
691.576	7.19
691.759	5.19
691.941	6
692.124	8.3
692.307	5.8
692.489	6
692.672	9.88
692.855	5.37
693.037	9.15
693.22	10.83
693.403	6.29
693.585	10.02
693.768	10.92
693.95	8.79
694.133	8.36
694.315	8.96
694.498	12.05
694.68	2.73
694.863	10.18
695.045	11.38
695.228	9.21
695.41	7.97
695.592	8.2
695.775	5.35
695.957	11.95
696.139	4.88
696.322	9.23
696.504	14.68
696.686	10.6
696.869	6.02
697.051	10.79
697.233	13.28
697.415	11.59
697.597	7.33
697.78	11.12
697.962	9.32
698.144	11.06
698.326	9.76
698.508	11.07
698.69	9.25
698.872	8.75
699.055	11.82
699.237	11.69
699.419	11.35
699.601	9.78
699.783	12.06
699.965	10.3
700.147	12.67
700.329	14.31
700.51	12.07
700.692	17.03
700.874	6.98
701.056	14.41
701.238	10.99
701.42	12.92
701.602	10.36
701.783	13.71
701.965	12.3
702.147	16.32
702.329	14.27
702.511	17.01
702.692	8.81
702.874	8.54
703.056	12.43
703.237	14.71
703.419	12.92
703.601	16.71
703.782	12
703.964	14.5
704.146	11.42
704.327	10.22
704.509	17.48
704.69	18.68
704.872	15.46
705.053	11.56
705.235	17.84
705.416	7.33
705.598	11.3
705.779	15.62
705.961	15.59
706.142	7.74
706.323	12.6
706.505	13.02
706.686	11.42
706.867	12.55
707.049	4.1
707.23	13.96
707.411	13.72
707.593	14.85
707.774	15.13
707.955	10.79
708.136	12.74
708.318	13.05
708.499	12.96
708.68	9.79
708.861	20.89
709.042	13.89
709.223	12.98
709.404	17.31
709.585	15.17
709.767	8.53
709.948	21.76
710.129	21.04
710.31	10.06
710.491	16.56
710.672	11.81
710.853	3.6
711.034	18.69
711.214	12.67
711.395	13.6
711.576	17.32
711.757	15.51
711.938	10.14
712.119	14.01
712.3	15.85
712.481	10.57
712.661	15.96
712.842	14.83
713.023	24.2
713.204	8.17
713.384	14.85
713.565	14.13
713.746	20.04
713.926	12.62
714.107	14.88
714.288	3.93
714.468	21.63
714.649	23.09
714.83	17.14
715.01	26.6
715.191	13.7
715.371	17.05
715.552	17.66
715.732	24.86
715.913	18.83
716.093	17.19
716.274	14.95
716.454	3.82
716.635	19.96
716.815	11.78
716.995	4.06
717.176	13.72
717.356	14.03
717.536	25.56
717.717	4.04
717.897	8.14
718.077	17.56
718.258	11.67
718.438	12.49
718.618	19.51
718.798	16.4
718.978	12.31
719.159	20.97
719.339	29.15
719.519	22.33
719.699	31.84
719.879	2.6
720.059	18.18
720.239	16.2
720.419	13.84
720.599	11.16
720.779	27.95
720.959	14.67
721.139	20.71
721.319	13.4
721.499	25.15
721.679	13.82
721.859	30.31
722.039	12.96
722.219	21.92
722.399	4.06
722.579	14.87
722.759	2.32
722.938	11.1
723.118	19.89
723.298	8.07
723.478	16.72
723.658	9.64
723.837	21.25
724.017	4.38
724.197	20.49
724.376	25.95
724.556	15.38
724.736	24.64
724.915	21.16
725.095	21.19
725.275	22.43
725.454	16.18
725.634	28.73
725.813	17.17
725.993	21.52
726.172	19.77
726.352	33.07
726.531	35.65
726.711	16.28
726.89	18.29
727.07	16.09
727.249	33
727.428	15.88
727.608	9.99
727.787	19.93
727.966	7.7
728.146	22.89
728.325	26.29
728.504	18.75
728.684	17.2
728.863	21.61
729.042	11.49
729.221	-17.74
729.4	19.12
729.58	2.45
729.759	19.66
729.938	29.24
730.117	28.13
730.296	20.13
730.475	22.06
730.654	19.45
730.833	30.65
731.013	21.43
731.192	-0.49
731.371	6.25
731.55	34.79
731.729	17.37
731.907	22.35
732.086	13.54
732.265	7.56
732.444	22.27
732.623	21.34
732.802	14.43
732.981	6.84
733.16	28.84
733.339	28.53
733.517	24.04
733.696	25.53
733.875	23.15
734.054	8.31
734.232	37.07
734.411	25.21
734.59	4.03
734.768	31.67
734.947	28.31
735.126	-7.47
735.304	30.29
735.483	36.08
735.662	39.25
735.84	21.52
736.019	26.9
736.197	17.06
736.376	27.91
736.554	53.34
736.733	39.22
736.911	26.18
737.09	-6.75
737.268	9.29
737.447	31.53
737.625	0.83
737.803	-23.8
737.982	47.79
738.16	16.87
738.338	45.5
738.517	-2.71
738.695	31.77
738.873	21.17
739.052	23.42
739.23	-13.64
739.408	27.28
739.586	12.14
739.764	16.66
739.943	32.9
740.121	22.75
740.299	19.7
740.477	36.28
740.655	32.18
740.833	35.64
741.011	51.42
741.189	33.18
741.367	14.42
741.545	1.59
741.723	0.82
741.901	-0.06
742.079	47.84
742.257	36.97
742.435	14.62
742.613	31.69
742.791	10.63
742.969	13.39
743.147	24.2
743.325	-6.51
743.503	17.64
743.68	25.97
743.858	43.05
744.036	20.57
744.214	4.09
744.391	-11.73
744.569	14.99
744.747	-10.07
744.925	24.28
745.102	28.84
745.28	13.8
745.458	37.18
745.635	23.63
745.813	52.88
745.99	30.65
746.168	28.69
746.345	56.54
746.523	30.4
746.7	12.47
746.878	44.44
747.055	26.11
747.233	22.11
747.41	65.85
747.588	25.47
747.765	7.28
747.943	9.74
748.12	-18.99
748.297	11.02
748.475	21.11
748.652	46.91
748.829	49.44
749.007	21.15
749.184	28.99
749.361	24.33
749.538	57.94
749.716	-9.82
749.893	-3.73
750.07	33.2
750.247	34.97
750.424	15.98
750.601	21.37
750.778	-16.65
750.956	7.3
751.133	-1.53
751.31	33.93
751.487	20.46
751.664	4.79
751.841	-6.44
752.018	5.29
752.195	28.74
752.372	31.68
752.549	-1.28
752.726	39.13
752.902	44.85
753.079	37.41
753.256	44.61
753.433	27.42
753.61	38.35
753.787	-12.51
753.964	21.86
754.14	-19.21
754.317	82.66
754.494	56.03
754.671	38.46
754.847	22.61
755.024	48.84
755.201	21.49
755.377	43.79
755.554	54.5
755.73	-8.14
755.907	60.78
756.084	31.45
756.26	20.53
756.437	20.31
756.613	31.35
756.79	26.03
756.966	17.64
757.143	-19.96
757.319	15.42
757.496	69.77
757.672	15.16
757.849	30.9
758.025	11.73
758.201	-37.06
758.378	4.43
758.554	14.15
758.73	33.1
758.907	25.94
759.083	-4.36
759.259	27.99
759.435	48.73
759.612	34.16
759.788	23.44
759.964	52.96
760.14	37.18
760.316	-2.76
760.493	-6.65
760.669	63.64
760.845	7.61
761.021	-79.5
761.197	-24.2
761.373	53.65
761.549	9.97
761.725	7.09
761.901	30.17
762.077	25.18
762.253	-8.85
762.429	49.65
762.605	-4.66
762.781	26
762.957	32.15
763.133	43.73
763.308	37.94
763.484	9.04
763.66	54.33
763.836	34.96
764.012	-42.56
764.187	15.37
764.363	56.04
764.539	2.93
764.715	31.85
764.89	-49.04
765.066	7.17
765.242	8.27
765.417	38.61
765.593	-3.78
765.769	21.13
765.944	22.33
766.12	66.22
766.295	-1.13
766.471	2.55
766.646	34.08
766.822	-23.79
766.997	-35.04
767.173	13.3
767.348	57.34
767.524	-12.06
767.699	66.47
767.875	31.9
768.05	-4.66
768.225	31.11
768.401	-1.74
768.576	11.25
768.751	85.26
768.927	17.47
769.102	-0.13
769.277	-68.65
769.452	-10.8
769.628	31.87
769.803	83.57
769.978	132.85
770.153	-48.21
770.328	45.01
770.503	70.23
770.679	64.73
770.854	1.59
771.029	61.83
771.204	-239.07
771.379	-49.73
771.554	18.51
771.729	-16.65
771.904	23.43
772.079	-14.04
772.254	23.46
772.429	35.55
772.604	1.03
772.779	-27.84
772.953	15.92
773.128	21.75
773.303	-16.24
773.478	39.85
773.653	36.96
773.828	65.63
774.002	156.68
774.177	-0.11
774.352	207.83
774.527	43.01
774.701	37.94
774.876	76.19
775.051	-64.71
775.225	-9.65
775.4	-2.72
775.575	37.7
775.749	89.53
775.924	-47.51
776.098	6.69
776.273	51.66
776.447	31.97
776.622	53.14
776.796	-50.59
776.971	43.44
777.145	-31.45
777.32	61.47
777.494	70.23
777.669	67.61
777.843	30.94
778.017	21.16
778.192	13.55
778.366	36.49
778.54	10.27
778.715	38.96
778.889	41.44
779.063	49.23
779.237	24.72
779.412	53.24
779.586	-98.51
779.76	-0.37
779.934	-5.55
780.108	25.03
780.282	-1505.97
780.457	71.51
780.631	-24.78
780.805	35.03
780.979	-270.15
781.153	143.99
781.327	8.79
781.501	5.07
781.675	34.69
781.849	42.16
782.023	68.64
782.197	-5.55
782.371	81.71
782.545	161.35
782.718	156.54
782.892	74.96
783.066	41.04
783.24	281.38
783.414	-70.08
783.588	115.61
783.761	40.7
783.935	59.91
784.109	17.98
784.283	-94.78
784.456	249.76
784.63	25.07
784.804	54.49
784.977	47.59
785.151	-27.1
785.324	-14.7
785.498	16.99
785.672	-0.16
785.845	83.98
786.019	261.14
786.192	-96.03
786.366	36.62
786.539	101.36
786.713	-19.89
786.886	46.1
787.06	-29.31
787.233	54.44
787.406	-9.04
787.58	9.8
787.753	66.27
787.926	-30.86
788.1	102.45
788.273	24.53
788.446	-35.79
788.62	1235.48
788.793	-24.25
788.966	146.19
789.139	53.8
789.313	123.98
789.486	-871.43
789.659	-14.29
789.832	101.72
790.005	84.04
790.178	128.32
790.351	52.47
790.524	-69.49
790.697	74.96
790.87	-230.96
791.044	1372.73
791.216	61.57
791.389	-244.39
791.562	164.49
791.735	105.06
791.908	874.03
792.081	87.58
792.254	-159.34
792.427	-39.78
792.6	13.7
792.773	-0.14
792.945	16.42
793.118	86.1
793.291	-330.77
793.464	-138.3
793.637	-0.61
793.809	77.3
793.982	117.64
794.155	-67.77
794.327	83.61
794.5	-349.23
794.673	-141.3
794.845	-4.28
795.018	55.33
795.19	176.4
795.363	86.15
795.536	106.21
795.708	-893.55
795.881	1460
796.053	14.95
796.226	314.86
796.398	216.2
796.57	28.29
796.743	213.12
796.915	-50.52
797.088	135.63
797.26	84.25
797.432	302.53
797.605	70.05
797.777	-201.3
797.949	4.25
798.122	49.44
798.294	187.89
798.466	-28
798.638	63.64
798.81	16.62
798.983	378.48
799.155	10.1
799.327	40.24
799.499	85.03
799.671	63.25
799.843	20.94
800.015	19.07
800.187	67.91
800.359	15.74
800.531	98.82
800.703	1.42
800.875	9.4
801.047	71.25
801.219	-36.52
801.391	437.66
801.563	111.51
801.735	242.02
801.907	80.37
802.079	110.09
802.251	25.27
802.422	-180.31
802.594	328.57
802.766	77.54
802.938	214.8
803.11	98.37
803.281	182.12
803.453	52.97
803.625	87.68
803.796	64.11
803.968	129.73
804.14	20
804.311	34.53
804.483	-28.81
804.654	35.3
804.826	-30.41
804.998	647.59
805.169	4.25
805.341	68
805.512	15.53
805.684	14.58
805.855	64.04
806.026	315.38
806.198	-7.98
806.369	-33.83
806.541	68.67
806.712	128.62
806.883	-26.43
807.055	31.21
807.226	-20.23
807.397	-357.14
807.569	107.08
807.74	105.69
807.911	93.47
808.082	-11.21
808.253	-462.38
808.425	69.81
808.596	162.92
808.767	-130.22
808.938	145.9
809.109	167.33
809.28	-159.72
809.451	133.75
809.622	44.39
809.793	74.19
809.964	-84.35
810.135	60.68
810.306	35.26
810.477	145.64
810.648	40.19
810.819	31.93
810.99	5300
811.161	71.75
811.332	162.7
811.503	-0.17
811.674	-386.15
811.844	-644.62
812.015	113.72
812.186	338.04
812.357	355.79
812.527	58.45
812.698	-98.47
812.869	-201.89
813.04	10.71
813.21	1989.66
813.381	75.1
813.551	23.38
813.722	171.83
813.893	-13.22
814.063	41.44
814.234	-285.45
814.404	103.46
814.575	235.59
814.745	-264.6
814.916	-31.7
815.086	25.05
815.257	-16.59
815.427	-59.51
815.598	21.12
815.768	34.53
815.938	37.33
816.109	179.35
816.279	50.29
816.449	126.59
816.62	-68.42
816.79	118.37
816.96	-247.17
817.13	2.59
817.301	-60.41
817.471	-67.27
817.641	234.97
817.811	35.77
817.981	-7385.71
818.152	45.02
818.322	440.59
818.492	52.19
818.662	126.86
818.832	52.52
819.002	44.9
819.172	162.63
819.342	97.69
819.512	80.81
819.682	146.28
819.852	-6.1
820.022	37.03
820.192	162.92
820.362	-2.88
820.531	-43.32
820.701	45.19
820.871	170.51
821.041	125.34
821.211	23.22
821.381	45.14
821.55	168.09
821.72	611.63
821.89	-312.31
822.059	20
822.229	63.97
822.399	112.56
822.568	41.07
822.738	500
822.908	21.47
823.077	8.49
823.247	100.55
823.416	5.88
823.586	256.15
823.756	13.24
823.925	636.71
824.095	-811.63
824.264	31.84
824.433	149.56
824.603	82.41
824.772	16.08
824.942	-912.66
825.111	144.22
825.28	-126.09
825.45	30.43
825.619	112.42
825.788	-79.78
825.958	-9.37
826.127	108.78
826.296	202.93
826.465	76.47
826.635	-61.93
826.804	150.14
826.973	119.19
827.142	-306.81
827.311	24.83
827.48	70.53
827.649	161.44
827.818	-38.58
827.988	-124
828.157	138.87
828.326	-63.4
828.495	115.86
828.664	-125.68
828.833	12.37
829.002	-66.46
829.17	355.03
829.339	-157.29
829.508	38.46
829.677	540.45
829.846	71.77
830.015	-44.23
830.184	35.16
830.352	167.75
830.521	-147.48
830.69	382.93
830.859	-700
831.027	2773.68
831.196	107.43
831.365	-12.78
831.533	23.7
831.702	-29.55
831.871	8.43
832.039	108.16
832.208	-334.78
832.377	405.51
832.545	0.26
832.714	92.3
832.882	95.55
833.051	89.78
833.219	4442.86
833.388	-4.09
833.556	-21.28
833.724	92.93
833.893	-12.22
834.061	436.84
834.23	36.27
834.398	240.54
834.566	157.14
834.735	3071.43
834.903	771.7
835.071	-2140
835.239	-145.25
835.408	57.89
835.576	220.93
835.744	31.4
835.912	113.47
836.08	92.4
836.249	-722.64
836.417	134.22
836.585	14.2
836.753	107.63
836.921	318.38
837.089	-1042.86
837.257	-588.37
837.425	-107.66
837.593	51.12
837.761	50.35
837.929	-23.78
838.097	106.11
838.265	47.05
838.433	23.93
838.601	28.91
838.769	-213.92
838.936	917.98
839.104	65.12
839.272	14.5
839.44	119.28
839.608	382.93
839.775	-55.26
839.943	35.31
840.111	28.97
840.279	0.19
840.446	-252.24
840.614	-170.13
840.781	72.17
840.949	32.93
841.117	-70.14
841.284	-308.58
841.452	104.97
841.619	33.85
841.787	17.34
841.954	974.42
842.122	-34.1
842.289	139.79
842.457	-23.51
842.624	144.65
842.792	-86.86
842.959	-240.57
843.126	97.75
843.294	-116.41
843.461	-25.68
843.629	212
843.796	17.93
843.963	-78.99
844.13	-0.28
844.298	328.57
844.465	62.68
844.632	268.94
844.799	-199.5
844.966	132.34
845.134	34.37
845.301	37.39
845.468	102.65
845.635	109.89
845.802	50.64
845.969	51.92
846.136	21.44
846.303	-194.74
846.47	43.01
846.637	-127.69
846.804	-1963.16
846.971	-82.3
847.138	78.38
847.305	-147.79
847.472	-65.35
847.639	114.99
847.805	35.28
847.972	-388.31
848.139	31.33
848.306	-321.05
848.473	589.55
848.639	-14.29
848.806	-8.8
848.973	100.76
849.14	-7.26
849.306	177.13
849.473	-119.87
849.64	426.15
849.806	-102.87
849.973	337.84
850.139	-135.76
850.306	150.83
850.472	216.61
850.639	67.21
850.806	-3100
850.972	291.3
851.139	3414.29
851.305	72.05
851.471	-16.73
851.638	-147.85
851.804	392.54
851.971	82.26
852.137	-38.96
852.303	173.19
852.47	-24.88
852.636	-45.45
852.802	-19.69
852.968	127.23
853.135	85.79
853.301	-96.53
853.467	220.66
853.633	12.7
853.8	41
853.966	24.87
854.132	-2071.43
854.298	-148.18
854.464	-282.02
854.63	72.44
854.796	162.37
854.962	163.31
855.128	93.39
855.294	-31.96
855.46	-56.01
855.626	77.17
855.792	-194.98
855.958	103.88
856.124	-52.15
856.29	237.75
856.456	60.77
856.622	137.45
856.787	422.08
856.953	20.27
857.119	309.9
857.285	16.59
857.45	-102.12
857.616	28.02
857.782	-156.78
857.948	10.97
858.113	-204.44
858.279	55.33
858.445	585.04
858.61	81.4
858.776	193.93
858.941	238.61
859.107	64.53
859.273	-16.71
859.438	61.62
859.604	247.37
859.769	150.39
859.935	60.4
860.1	57.12
860.265	27.23
860.431	102.88
860.596	157.14
860.762	27.7
860.927	44.48
861.092	-10.06
861.258	-169.69
861.423	106.18
861.588	23.57
861.753	1700
861.919	567.92
862.084	18.11
862.249	365.76
862.414	98.63
862.579	164.97
862.745	15.05
862.91	172.32
863.075	-82.41
863.24	21.41
863.405	-115.08
863.57	-39.41
863.735	14.89
863.9	85.84
864.065	61.83
864.23	104.22
864.395	-67.97
864.56	108.46
864.725	363.29
864.89	419.1
865.055	120.82
865.22	4.44
865.384	68.54
865.549	290.29
865.714	109.37
865.879	138.03
866.044	-101.97
866.208	59.31
866.373	-172.53
866.538	162.76
866.702	35.74
866.867	33.92
867.032	70.82
867.196	122.76
867.361	96.8
867.526	196.14
867.69	16.71
867.855	51.65
868.019	1198.18
868.184	26.61
868.348	98.63
868.513	-235.48
868.677	159.14
868.842	101.41
869.006	71.67
869.17	-473.58
869.335	-1080.49
869.499	-292.23
869.663	396.69
869.828	-10.12
869.992	-30.23
870.156	-12.74
870.321	-168.62
870.485	74.28
870.649	-6.6
870.813	-88.93
870.978	86.38
871.142	-256.92
871.306	-171.09
871.47	149.64
871.634	585.04
871.798	246.58
871.962	-13.9
872.126	328.57
872.29	-92.74
872.454	1185.71
872.618	-22.49
872.782	822.39
872.946	81.21
873.11	77.89
873.274	-41.04
873.438	288.24
873.602	53.56
873.766	219.48
873.93	-55.62
874.094	432.58
874.257	70.29
874.421	354.34
874.585	478.18
874.749	43.27
874.912	-61.15
875.076	103.97
875.24	-35.08
875.403	237.88
875.567	253.14
875.731	500
875.894	176.73
876.058	132.54
876.222	95.51
876.385	150.25
876.549	103.18
876.712	216.36
876.876	33.6
877.039	115.44
877.203	137.47
877.366	126.46
877.529	-59.72
877.693	47.9
877.856	29.86
878.02	21.97
878.183	-19.12
878.346	344.16
878.51	-9.73
878.673	-87.05
878.836	117.67
878.999	-932.26
879.163	176.81
879.326	45.78
879.489	-42.78
879.652	70.36
879.815	78.52
879.978	68.98
880.142	81.21
880.305	0.62
880.468	54.7
880.631	25.73
880.794	31.45
880.957	851.22
881.12	-2252.94
881.283	139.46
881.446	102.93
881.609	137.41
881.772	-148.86
881.935	-1264.71
882.097	39.64
882.26	-903.77
882.423	-109.05
882.586	79.34
882.749	-0.29
882.912	-125.77
883.074	26.37
883.237	54.88
883.4	124.4
883.562	74.64
883.725	77.6
883.888	131.5
884.05	-13420
884.213	181.39
884.376	37.63
884.538	133.62
884.701	133.62
884.863	133.62
