181.954	97.98
182.172	97.98
182.39	97.98
182.608	6920
182.826	476.92
183.043	-45.11
183.261	134.6
183.479	143.7
183.697	2882.35
183.914	44.53
184.132	277.01
184.35	280.72
184.567	85.07
184.785	284.96
185.003	67.35
185.22	14.59
185.438	66.41
185.656	13.07
185.873	-520
186.091	14.38
186.309	-917.24
186.526	221.72
186.744	7.78
186.961	-46.01
187.179	256.87
187.396	78.39
187.614	-501.54
187.831	-4840
188.049	8.59
188.266	72.9
188.484	-373.13
188.701	-289.32
188.919	117.24
189.136	65.34
189.354	88.8
189.571	29.38
189.789	120.18
190.006	91.44
190.223	-33.51
190.441	50.57
190.658	-2371.43
190.876	81.14
191.093	-248.35
191.31	20.42
191.528	96.02
191.745	10.02
191.962	103.12
192.179	156.72
192.397	15.38
192.614	344.75
192.831	33.26
193.049	4.12
193.266	491.26
193.483	-30.43
193.7	-261.54
193.917	96.89
194.135	61.87
194.352	-179.92
194.569	74.98
194.786	111.88
195.003	177.52
195.221	48.26
195.438	-41.7
195.655	169.85
195.872	-117.29
196.089	78.11
196.306	-47.58
196.523	75.86
196.74	244.08
196.957	-20.94
197.174	169.54
197.391	28.57
197.608	74.73
197.825	-845.16
198.042	-28.21
198.259	572.41
198.476	75.99
198.693	-760
198.91	-67.81
199.127	-247.76
199.344	-72.06
199.561	338.73
199.778	44.47
199.995	-391.04
200.212	-337.93
200.429	114.69
200.646	655.7
200.862	-164.04
201.079	-66.87
201.296	414.57
201.513	-44.66
201.73	-12.55
201.947	-79.9
202.163	60.52
202.38	255.49
202.597	58.82
202.814	33.22
203.03	3320
203.247	230.15
203.464	30.21
203.681	277.92
203.897	44.85
204.114	698.11
204.331	83.03
204.547	-51.16
204.764	197.81
204.981	1117.65
205.197	245.96
205.414	386.1
205.63	-710.34
205.847	248.24
206.064	-389.09
206.28	49.59
206.497	-17.37
206.713	106.21
206.93	36.01
207.146	89.38
207.363	163.08
207.579	239.56
207.796	-299.12
208.012	-26.85
208.229	-391.04
208.445	3.81
208.662	83.03
208.878	111.88
209.095	-717.65
209.311	-20.44
209.528	4142.86
209.744	74.9
209.96	-229.14
210.177	-266.02
210.393	98.42
210.609	-2920
210.826	96.93
211.042	179.13
211.258	325.37
211.475	-120.86
211.691	8.86
211.907	-149.37
212.124	-13.88
212.34	254.86
212.556	-33.26
212.772	-182.42
212.989	25.17
213.205	-70.11
213.421	-23.12
213.637	-462.69
213.853	-122.18
214.069	-1568.42
214.286	-13.41
214.502	343.28
214.718	-161.13
214.934	74.22
215.15	207.87
215.366	116.71
215.582	-71.38
215.798	63.17
216.015	83.36
216.231	161.08
216.447	99.37
216.663	116.63
216.879	-191.96
217.095	46.98
217.311	-116.98
217.527	173.27
217.743	106.8
217.959	-71.7
218.175	-6.5
218.391	225.9
218.606	-88
218.822	-206.96
219.038	110.16
219.254	172.21
219.47	39.21
219.686	38.2
219.902	110.42
220.118	53.99
220.334	-30.5
220.549	-32.52
220.765	-12.11
220.981	-124.51
221.197	-9.16
221.413	-248.35
221.628	488.61
221.844	562.26
222.06	106.8
222.276	41.51
222.491	46.58
222.707	-20.33
222.923	-9.4
223.139	95.07
223.354	9.43
223.57	58.27
223.786	30.75
224.001	-27.03
224.217	7.58
224.432	310.98
224.648	130.02
224.864	29.4
225.079	576.12
225.295	101.74
225.51	57.3
225.726	4.46
225.942	68.34
226.157	24.47
226.373	-19.57
226.588	63.58
226.804	-3842.11
227.019	19.1
227.235	19.52
227.45	31.64
227.665	-520
227.881	-45.67
228.096	-280
228.312	12.41
228.527	146.58
228.743	275.43
228.958	25.07
229.173	-624.35
229.389	42.62
229.604	-1.72
229.819	26.7
230.035	30.39
230.25	77.55
230.465	108.09
230.681	20.2
230.896	-13.08
231.111	68.02
231.327	69.79
231.542	1400
231.757	-72.12
231.972	-67.14
232.187	-65.53
232.403	-1631.58
232.618	-72.54
232.833	27.48
233.048	-760
233.263	43.98
233.478	1.74
233.694	-330.23
233.909	393.55
234.124	93.38
234.339	35.62
234.554	-1620.69
234.769	98.02
234.984	76.23
235.199	73.99
235.414	30.09
235.629	-316.46
235.844	11.09
236.059	114.19
236.274	127.49
236.489	-82.13
236.704	71.87
236.919	91.55
237.134	98.1
237.349	-4.11
237.564	85.09
237.779	165.17
237.994	-162.55
238.209	106.81
238.424	74.85
238.639	45.1
238.853	53.44
239.068	-13.9
239.283	-6.65
239.498	38.52
239.713	-15.12
239.928	45.12
240.142	85.17
240.357	33.24
240.572	-181.97
240.787	196.73
241.001	-4.26
241.216	7.47
241.431	153.02
241.646	32.68
241.86	43.95
242.075	-693.02
242.29	21.82
242.504	-2.71
242.719	132.92
242.934	-149.61
243.148	3.19
243.363	30.52
243.577	-217.98
243.792	5.67
244.007	79.08
244.221	309.09
244.436	-623.88
244.65	-50.31
244.865	91.94
245.079	189.24
245.294	-266.19
245.508	-21.83
245.723	115.49
245.937	-63.74
246.152	17.66
246.366	53.86
246.581	-36.14
246.795	133.74
247.01	-46.97
247.224	23.85
247.438	11.71
247.653	31.38
247.867	27.61
248.081	54.62
248.296	960.98
248.51	65.11
248.724	18.43
248.939	-86.57
249.153	219.59
249.367	-13.25
249.582	-28.88
249.796	-80.52
250.01	-165.56
250.224	114.7
250.439	101.97
250.653	112.46
250.867	0.34
251.081	40.76
251.295	-53.81
251.51	92.77
251.724	18.71
251.938	378.44
252.152	164.96
252.366	19.85
252.58	-40
252.794	83.09
253.008	88.74
253.223	-84.7
253.437	-44.51
253.651	15.6
253.865	99.04
254.079	-34.03
254.293	84.57
254.507	-410.91
254.721	3.47
254.935	252.75
255.149	111.21
255.363	83.93
255.577	95.3
255.791	73.9
256.005	214.72
256.218	-12.29
256.432	55.75
256.646	14.75
256.86	68.17
257.074	122.03
257.288	440
257.502	-512.09
257.716	-29.92
257.929	112.99
258.143	-4.88
258.357	13.43
258.571	36.16
258.785	-59.06
258.998	28.84
259.212	142.73
259.426	103.14
259.64	135.34
259.853	53.29
260.067	143.79
260.281	54.21
260.494	72.77
260.708	437.62
260.922	-4.52
261.135	70.27
261.349	-5.71
261.563	64.1
261.776	2458.82
261.99	50.79
262.203	105.91
262.417	-33.22
262.63	-15.59
262.844	402.25
263.058	86.1
263.271	58.62
263.485	224.55
263.698	43.41
263.912	-152.34
264.125	45.89
264.339	256.69
264.552	102.11
264.765	-426.09
264.979	196.24
265.192	92.1
265.406	18.57
265.619	168.52
265.832	145.04
266.046	-78.13
266.259	61.69
266.473	-806.45
266.686	123.84
266.899	41.46
267.113	440
267.326	30.39
267.539	93.25
267.752	42.6
267.966	109.07
268.179	53.87
268.392	52.89
268.605	200
268.819	115.21
269.032	40.76
269.245	347.69
269.458	27.31
269.671	367.09
269.885	19.07
270.098	24.63
270.311	-210.13
270.524	25.95
270.737	-33.25
270.95	72.85
271.163	181.1
271.376	858.06
271.589	108.86
271.802	21.13
272.016	63.19
272.229	28.84
272.442	-120.65
272.655	60.04
272.868	-15.12
273.081	-460.67
273.294	29.57
273.506	200
273.719	60.03
273.932	85.34
274.145	8360
274.358	120.84
274.571	66.89
274.784	856.6
274.997	73.13
275.21	-62.12
275.423	39.39
275.635	25.13
275.848	62.6
276.061	192.05
276.274	3.58
276.487	210.43
276.699	-44.17
276.912	34.27
277.125	245.96
277.338	54.99
277.55	38.57
277.763	40.96
277.976	127.86
278.189	397.8
278.401	7.63
278.614	257.6
278.827	72.17
279.039	-12.96
279.252	4.23
279.464	-109.97
279.677	108.89
279.89	6.26
280.102	-167.84
280.315	53.66
280.527	-305.26
280.74	-420.69
280.952	93.01
281.165	92.33
281.377	160.99
281.59	-161.13
281.802	11.08
282.015	69.88
282.227	113.11
282.44	355.4
282.652	24.72
282.865	-50.24
283.077	153.73
283.29	112.16
283.502	82.04
283.714	177.25
283.927	53.58
284.139	-175.97
284.351	-14.83
284.564	232.09
284.776	98.02
284.988	30.39
285.201	217.91
285.413	71.92
285.625	-72.43
285.838	38.78
286.05	30.25
286.262	115.87
286.474	47.73
286.686	-20.84
286.899	11.66
287.111	66.89
287.323	48.01
287.535	45.54
287.747	90.72
287.959	8.5
288.172	-520
288.384	58.22
288.596	-67.88
288.808	471.7
289.02	18.87
289.232	143.42
289.444	-28.47
289.656	-34.53
289.868	23.76
290.08	82.21
290.292	16.17
290.504	-35.97
290.716	42.73
290.928	49.78
291.14	423.26
291.352	-114.75
291.564	-647.06
291.776	116.22
291.988	52.76
292.2	165.88
292.412	-137.3
292.624	-110.82
292.835	307.46
293.047	9.13
293.259	-52.04
293.471	9.95
293.683	317.07
293.895	-16.46
294.106	6.17
294.318	69.52
294.53	61.7
294.742	1482.76
294.953	-3.69
295.165	64.49
295.377	114.77
295.589	-16.46
295.8	84.19
296.012	101.15
296.224	57.98
296.435	74.95
296.647	173.43
296.858	-76.26
297.07	790.77
297.282	9.56
297.493	86.65
297.705	-142.86
297.916	32.72
298.128	190.19
298.34	101.91
298.551	-10.16
298.763	8.21
298.974	2.22
299.186	117.67
299.397	-72.89
299.609	-341.94
299.82	-8.94
300.031	42.56
300.243	389.47
300.454	8.59
300.666	88.31
300.877	211.37
301.089	72.34
301.3	86.41
301.511	21.6
301.723	-7.54
301.934	898.51
302.145	11.48
302.357	118.41
302.568	478.4
302.779	-13.99
302.99	361.43
303.202	29.71
303.413	28.57
303.624	-11.53
303.835	-750.94
304.047	-23.48
304.258	37.41
304.469	24.68
304.68	-38.11
304.891	58.98
305.103	209.27
305.314	110.04
305.525	-3742.86
305.736	474.02
305.947	64.98
306.158	1541.18
306.369	83.79
306.58	77.87
306.791	180.33
307.002	62.12
307.213	16.83
307.424	51.59
307.636	147.68
307.846	38.24
308.057	223.3
308.268	55.47
308.479	52.16
308.69	29.99
308.901	46.37
309.112	534.88
309.323	58.98
309.534	65.64
309.745	-8.39
309.956	84.42
310.167	10.42
310.377	159.9
310.588	30.27
310.799	5.67
311.01	107.06
311.221	19.53
311.432	37.12
311.642	-50.11
311.853	63.85
312.064	-213.79
312.275	48.33
312.485	87.23
312.696	31.44
312.907	284.42
313.117	22.27
313.328	41.4
313.539	89.51
313.749	3.47
313.96	-564.84
314.171	57.88
314.381	165.77
314.592	-60.17
314.802	3.46
315.013	-38.69
315.224	47.07
315.434	-305.26
315.645	9080
315.855	56.13
316.066	119.1
316.276	77.03
316.487	960.98
316.697	71.48
316.908	-13.08
317.118	141.99
317.329	93.39
317.539	37.02
317.749	138.2
317.96	-1089.55
318.17	-7.34
318.381	-235.16
318.591	-709.89
318.801	31.55
319.012	89.75
319.222	444.66
319.432	-8.44
319.643	84.55
319.853	146.19
320.063	52.87
320.273	28.3
320.484	-24.18
320.694	180.41
320.904	53.56
321.114	38.2
321.325	1027.59
321.535	-84.36
321.745	34.8
321.955	75.75
322.165	-50.15
322.375	47.91
322.585	119.02
322.796	-462.07
323.006	0.56
323.216	101.06
323.426	95.78
323.636	-0.96
323.846	282.76
324.056	74.78
324.266	41.15
324.476	123.61
324.686	167.57
324.896	55.48
325.106	1128.3
325.316	34.55
325.526	-1189.47
325.736	55.15
325.946	11.81
326.156	262.34
326.366	-280
326.576	-3.94
326.785	13.07
326.995	-85.55
327.205	19.1
327.415	342.37
327.625	33.58
327.835	68.17
328.044	-107.54
328.254	-8.7
328.464	136.4
328.674	114.86
328.884	61.87
329.093	90.91
329.303	10.89
329.513	140.37
329.722	-1315.79
329.932	71.2
330.142	-16.53
330.351	51.8
330.561	352.73
330.771	-313.65
330.98	-71.39
331.19	-372.31
331.4	-160.42
331.609	86.44
331.819	756.1
332.028	145.14
332.238	98.31
332.447	65.33
332.657	58.82
332.866	16.29
333.076	54.81
333.285	-14.98
333.495	-32.26
333.704	-15.25
333.914	35.02
334.123	2.56
334.333	181.54
334.542	3.81
334.752	70.77
334.961	516.98
335.17	-240.2
335.38	72.48
335.589	109.41
335.798	71.87
336.008	54.95
336.217	0.85
336.426	88.87
336.636	-80.85
336.845	-114.37
337.054	527.27
337.263	26.03
337.473	38.08
337.682	157
337.891	97.02
338.1	536.69
338.309	-145.91
338.519	257.4
338.728	49.08
338.937	-74.02
339.146	79.14
339.355	-320.75
339.564	10.53
339.773	145.73
339.983	-10.76
340.192	-227.83
340.401	92.1
340.61	122.8
340.819	91.76
341.028	-67.54
341.237	-1352.94
341.446	47.48
341.655	0.5
341.864	-44.55
342.073	80.19
342.282	84.34
342.491	110.05
342.699	-347.57
342.908	-80.52
343.117	136.68
343.326	-47.77
343.535	-498.18
343.744	-44.5
343.953	69.71
344.162	3.62
344.37	47.96
344.579	-68.66
344.788	-39.39
344.997	2.35
345.206	223.45
345.414	67.66
345.623	169
345.832	14.52
346.041	53.81
346.249	20.5
346.458	39.43
346.667	75.39
346.875	26.44
347.084	57.12
347.293	34.13
347.501	86.26
347.71	26.49
347.918	-145.39
348.127	-63.74
348.336	-316.56
348.544	-26.69
348.753	235.82
348.961	-91.95
349.17	246.33
349.378	39.59
349.587	101.74
349.795	95.15
350.004	1104.62
350.212	25.03
350.421	178.76
350.629	29.61
350.838	77.33
351.046	137.16
351.254	-105.16
351.463	-16.18
351.671	389.47
351.879	58.31
352.088	84.58
352.296	253.1
352.504	153.03
352.713	34.82
352.921	-234.65
353.129	-16.84
353.338	213.99
353.546	126.2
353.754	-6.13
353.962	5.17
354.171	0.37
354.379	-4915.79
354.587	30.97
354.795	-18.89
355.003	-18.7
355.212	69.49
355.42	313.21
355.628	208.67
355.836	94.24
356.044	2.68
356.252	7.22
356.46	46.97
356.668	920
356.876	67.89
357.084	44.27
357.292	57.37
357.5	-64.04
357.708	72.38
357.916	56.13
358.124	56.56
358.332	307.46
358.54	-280
358.748	-18.18
358.956	31.53
359.164	19.25
359.372	44.32
359.58	-24.46
359.788	25.03
359.996	18.93
360.203	-4.68
360.411	18.11
360.619	-204.02
360.827	57.87
361.035	-256.44
361.242	48.68
361.45	17.72
361.658	171.56
361.866	25.05
362.073	34.63
362.281	45.96
362.489	31.23
362.697	57.86
362.904	-24.77
363.112	114.07
363.32	25.49
363.527	-311.3
363.735	74.9
363.943	-2.8
364.15	-67.14
364.358	60.52
364.565	18.57
364.773	7.62
364.98	-33.22
365.188	106.7
365.395	42.18
365.603	102.37
365.81	51.82
366.018	-50.08
366.225	15.51
366.433	-53.1
366.64	30.49
366.848	54.47
367.055	-14.42
367.263	52.77
367.47	89.92
367.677	124.05
367.885	-63.41
368.092	7.92
368.299	-12.96
368.507	40.21
368.714	263.72
368.921	-36.22
369.129	147.97
369.336	26.94
369.543	41.9
369.751	8.26
369.958	-149.78
370.165	43.35
370.372	35.03
370.579	58.82
370.787	60.33
370.994	-8.52
371.201	88.83
371.408	47.27
371.615	-98.6
371.822	128.93
372.029	65.76
372.237	-238.86
372.444	5.41
372.651	10.02
372.858	263.34
373.065	33.7
373.272	68.03
373.479	-627.59
373.686	46.45
373.893	-370.87
374.1	39.23
374.307	-637.41
374.514	83.4
374.721	16.52
374.928	137.66
375.135	8.58
375.341	200
375.548	53.74
375.755	-16.91
375.962	16.05
376.169	11.71
376.376	-81.78
376.583	-28.82
376.789	83.5
376.996	7.44
377.203	-139.08
377.41	-17.82
377.617	10.35
377.823	-127.27
378.03	-1348.39
378.237	57.08
378.443	8
378.65	-388.68
378.857	84.87
379.063	-270.89
379.27	471.3
379.477	105.18
379.683	-123.71
379.89	14.21
380.097	0.39
380.303	60.86
380.51	-30.84
380.716	12.84
380.923	218.9
381.129	30.34
381.336	-168.5
381.542	57.76
381.749	76.64
381.955	86.89
382.162	67.74
382.368	49.68
382.575	69.7
382.781	-586.21
382.988	4.97
383.194	-33.75
383.4	18.43
383.607	68.01
383.813	208.86
384.02	41.37
384.226	-10.66
384.432	20.11
384.639	53.5
384.845	-225.32
385.051	-43.63
385.257	-14.77
385.464	31.96
385.67	51.35
385.876	10.8
386.082	-101.02
386.289	20.07
386.495	35.24
386.701	-85.34
386.907	-208.18
387.113	54.67
387.319	91.06
387.526	47.56
387.732	313.39
387.938	536
388.144	-29.57
388.35	80.29
388.556	0.29
388.762	45.57
388.968	1595.35
389.174	51.31
389.38	80.78
389.586	-17.04
389.792	-47.33
389.998	57.45
390.204	4.08
390.41	54.48
390.616	40.75
390.822	-98.32
391.028	-1.03
391.234	53.77
391.439	-79.61
391.645	10.21
391.851	13.58
392.057	-47.8
392.263	39.68
392.469	-74.22
392.674	28.89
392.88	26.62
393.086	56.29
393.292	-21.57
393.498	-48.5
393.703	58.82
393.909	77.46
394.115	25.89
394.32	-28.29
394.526	44.34
394.732	47.36
394.937	106.45
395.143	44.53
395.349	-82.51
395.554	-222.11
395.76	45.79
395.965	-2.75
396.171	33.8
396.377	-1.96
396.582	40.65
396.788	-3.53
396.993	57.11
397.199	-28.21
397.404	46.01
397.61	-74.84
397.815	17.03
398.021	-20.84
398.226	-33.83
398.431	-36.89
398.637	-49.42
398.842	50.73
399.048	26.2
399.253	23.69
399.458	33.82
399.664	25.02
399.869	3.54
400.074	10.78
400.28	14.7
400.485	-7.71
400.69	-8.36
400.896	26.41
401.101	-32.76
401.306	18.84
401.511	51.99
401.716	-7.76
401.922	8.53
402.127	-25.4
402.332	10.08
402.537	10.28
402.742	7.43
402.947	48.66
403.153	-14.13
403.358	4.78
403.563	23.63
403.768	3.96
403.973	28.13
404.178	29.24
404.383	7.13
404.588	12.88
404.793	22.99
404.998	-4.4
405.203	-12.95
405.408	5.47
405.613	6.06
405.818	9.71
406.023	12.96
406.228	-10.27
406.433	-3.16
406.638	2.87
406.842	6.77
407.047	12.99
407.252	6.14
407.457	13.52
407.662	9.37
407.867	5.64
408.071	1.1
408.276	2.45
408.481	4.47
408.686	13.11
408.891	3.57
409.095	9.29
409.3	5.82
409.505	7.17
409.709	9.6
409.914	8.69
410.119	-1.57
410.323	-6.63
410.528	1.7
410.733	12.25
410.937	4.15
411.142	6.29
411.346	9.8
411.551	3.61
411.756	4.43
411.96	4.05
412.165	1.7
412.369	4.91
412.574	3.65
412.778	2.42
412.983	2.1
413.187	0.93
413.392	-3.78
413.596	1.9
413.8	5.96
414.005	5.27
414.209	0.93
414.414	2.59
414.618	0.95
414.822	2.84
415.027	4.28
415.231	5.47
415.435	4.62
415.64	3.74
415.844	3.65
416.048	5.03
416.252	5.26
416.457	4.07
416.661	2.16
416.865	3.54
417.069	2.23
417.274	1.99
417.478	1.59
417.682	3.34
417.886	1.28
418.09	2.03
418.294	4.16
418.498	3.48
418.702	3.25
418.907	2.8
419.111	-0.07
419.315	1.78
419.519	3.6
419.723	-0.14
419.927	2.95
420.131	5.31
420.335	0.92
420.539	1.67
420.743	3.8
420.947	0.78
421.151	3.19
421.355	0.59
421.558	1.56
421.762	2.46
421.966	2.59
422.17	2.54
422.374	1.66
422.578	2.23
422.782	3.32
422.985	0.78
423.189	2.56
423.393	1.63
423.597	1.55
423.801	2.45
424.004	1.69
424.208	1.72
424.412	1.83
424.615	0.74
424.819	2.43
425.023	2.77
425.226	2.61
425.43	1.24
425.634	1.86
425.837	1.13
426.041	2.38
426.245	1.99
426.448	1.78
426.652	1.25
426.855	1.89
427.059	1.07
427.262	2.5
427.466	1.62
427.669	1.71
427.873	1.64
428.076	1.89
428.28	1.96
428.483	1.92
428.687	1.82
428.89	2.09
429.094	1.31
429.297	1.99
429.5	1.96
429.704	1.5
429.907	2.14
430.11	1.57
430.314	2.34
430.517	1.4
430.72	1.85
430.924	1.4
431.127	1.83
431.33	1.54
431.533	2.43
431.737	1.74
431.94	1.2
432.143	1.81
432.346	1.82
432.549	1.55
432.752	1.49
432.956	1.97
433.159	1.49
433.362	1.23
433.565	1.97
433.768	2.11
433.971	1.24
434.174	1.48
434.377	2.06
434.58	1.46
434.783	1.5
434.986	1.8
435.189	2.14
435.392	1.9
435.595	1.51
435.798	1.62
436.001	2.32
436.204	1.34
436.407	1.36
436.61	2.04
436.813	1.68
437.016	1.45
437.219	1.4
437.421	1.94
437.624	1.71
437.827	1.83
438.03	1.78
438.233	1.49
438.435	1.96
438.638	1.76
438.841	1.73
439.044	1.39
439.246	1.76
439.449	1.82
439.652	1.58
439.854	1.83
440.057	1.56
440.26	1.69
440.462	1.98
440.665	1.21
440.868	2
441.07	1.51
441.273	1.79
441.475	1.46
441.678	1.79
441.88	1.68
442.083	1.64
442.286	1.6
442.488	1.07
442.69	1.85
442.893	1.72
443.095	1.44
443.298	1.84
443.5	1.8
443.703	1.67
443.905	1.72
444.108	1.54
444.31	1.43
444.512	1.55
444.715	1.72
444.917	1.54
445.119	1.94
445.322	1.44
445.524	1.83
445.726	1.55
445.928	1.42
446.131	1.97
446.333	1.69
446.535	1.72
446.737	1.81
446.94	2.06
447.142	1.75
447.344	1.67
447.546	1.64
447.748	1.83
447.95	2.02
448.152	1.85
448.354	1.76
448.557	2.09
448.759	1.76
448.961	1.75
449.163	1.71
449.365	1.58
449.567	1.88
449.769	1.74
449.971	1.97
450.173	1.71
450.375	1.92
450.577	2.19
450.779	1.97
450.981	1.78
451.182	1.77
451.384	1.94
451.586	2.15
451.788	1.58
451.99	2.06
452.192	1.55
452.394	2.26
452.595	2.11
452.797	1.79
452.999	2.13
453.201	1.55
453.402	2
453.604	1.83
453.806	2.18
454.008	2.07
454.209	2.21
454.411	2.06
454.613	2.07
454.814	2.35
455.016	2.04
455.218	1.88
455.419	2.02
455.621	2.28
455.822	1.94
456.024	1.96
456.225	2.41
456.427	2.1
456.629	2.12
456.83	2.45
457.032	2.28
457.233	1.71
457.435	2.11
457.636	2.31
457.837	2.35
458.039	1.74
458.24	2.02
458.442	3.12
458.643	1.07
458.844	2.73
459.046	2.01
459.247	2.44
459.448	2.5
459.65	2.17
459.851	3.18
460.052	2.14
460.254	2.17
460.455	2.75
460.656	2.86
460.857	2.11
461.059	1.9
461.26	1.55
461.461	2.07
461.662	2.17
461.863	3.43
462.065	2.49
462.266	2.4
462.467	2.19
462.668	2.11
462.869	2.86
463.07	2.42
463.271	2.24
463.472	1.64
463.673	2.53
463.874	2.63
464.075	2.86
464.276	2.74
464.477	1.71
464.678	2.52
464.879	1.99
465.08	2.67
465.281	2.86
465.482	1.84
465.683	2.42
465.884	3.32
466.085	2.74
466.285	0.96
466.486	2.91
466.687	3.16
466.888	2.04
467.089	2.76
467.29	1.84
467.49	2.32
467.691	2.5
467.892	2.73
468.093	1.71
468.293	2.48
468.494	2.32
468.695	2.56
468.895	2.11
469.096	1.62
469.297	2.2
469.497	2.78
469.698	3.43
469.898	2.34
470.099	3.94
470.3	4.05
470.5	2.09
470.701	3.95
470.901	2.79
471.102	3.11
471.302	2.02
471.503	2.63
471.703	3.92
471.904	2.96
472.104	1.16
472.305	3.41
472.505	3.07
472.705	3.24
472.906	3.23
473.106	4.32
473.306	2.26
473.507	2.26
473.707	3.29
473.907	3.36
474.108	1.45
474.308	3.43
474.508	3.14
474.709	2.95
474.909	4.17
475.109	1.84
475.309	2.55
475.51	2.82
475.71	3.53
475.91	4.25
476.11	2.8
476.31	1.63
476.51	3.51
476.71	3.5
476.911	4.22
477.111	2.36
477.311	2.4
477.511	3.25
477.711	2.74
477.911	1.89
478.111	3.68
478.311	2.15
478.511	3.43
478.711	4.47
478.911	3.51
479.111	4.03
479.311	3.39
479.511	4.52
479.711	1.94
479.91	1.32
480.11	4.22
480.31	3.27
480.51	5.12
480.71	2.28
480.91	3.01
481.109	4.73
481.309	2.94
481.509	1.07
481.709	4.52
481.909	2.95
482.108	2.19
482.308	2.95
482.508	3.39
482.707	3.85
482.907	2.13
483.107	3.58
483.306	4.24
483.506	3.39
483.706	2.72
483.905	3.12
484.105	3.15
484.304	1.43
484.504	2.41
484.704	4.26
484.903	2.69
485.103	3.18
485.302	3.35
485.502	4.13
485.701	3.66
485.901	2.46
486.1	1.96
486.299	2.54
486.499	2.08
486.698	3.98
486.898	3.68
487.097	1.91
487.296	2.36
487.496	4.19
487.695	2.46
487.894	3.42
488.094	1.42
488.293	3.54
488.492	2.92
488.692	2.72
488.891	3.93
489.09	2.64
489.289	2.49
489.489	3.59
489.688	1.92
489.887	3.02
490.086	3.35
490.285	3.78
490.484	3.94
490.683	4.62
490.883	4.07
491.082	2.46
491.281	3.63
491.48	2.56
491.679	3.9
491.878	3.69
492.077	4.6
492.276	2.42
492.475	2.56
492.674	2.61
492.873	2.6
493.072	3.07
493.271	1.93
493.47	1.6
493.669	2.39
493.867	2.37
494.066	3.56
494.265	3.8
494.464	4.03
494.663	2.82
494.862	2.42
495.06	3.43
495.259	2.08
495.458	3.19
495.657	2.49
495.856	3.18
496.054	2.75
496.253	3.77
496.452	2.45
496.65	2.29
496.849	2.47
497.048	2.33
497.246	3.06
497.445	3.18
497.644	3.04
497.842	3.68
498.041	3.74
498.239	2.98
498.438	3.63
498.636	3.33
498.835	2.73
499.034	2.87
499.232	3.58
499.431	2.95
499.629	2.08
499.827	3.02
500.026	2.55
500.224	3.29
500.423	1.94
500.621	3.15
500.82	3.16
501.018	3.76
501.216	2.56
501.415	3.35
501.613	2.39
501.811	2.5
502.01	2.79
502.208	2.73
502.406	4.05
502.604	3.12
502.803	3.21
503.001	3.55
503.199	3.08
503.397	3.07
503.595	3.36
503.794	3.32
503.992	3.41
504.19	2.7
504.388	3.91
504.586	2.54
504.784	2.93
504.982	3.42
505.18	3.13
505.378	3.36
505.576	3.07
505.774	3.29
505.972	2.94
506.17	4.16
506.368	3.55
506.566	2.92
506.764	3.32
506.962	3.66
507.16	3.48
507.358	3.23
507.556	3.96
507.754	3.81
507.952	3.43
508.15	4.26
508.347	3.09
508.545	4.07
508.743	4.08
508.941	3.39
509.139	4.08
509.336	3.76
509.534	4.27
509.732	4.18
509.93	3.33
510.127	3.96
510.325	3.83
510.523	3.82
510.72	4.02
510.918	4.16
511.116	3.66
511.313	3.35
511.511	4.02
511.708	4.02
511.906	4.34
512.104	4.15
512.301	4.26
512.499	4.41
512.696	3.78
512.894	3.9
513.091	4.08
513.289	4.2
513.486	4.11
513.683	4.17
513.881	4.19
514.078	4.82
514.276	4.4
514.473	4.53
514.67	4.34
514.868	4.56
515.065	4.28
515.262	5.12
515.46	3.96
515.657	4.43
515.854	4.45
516.052	4.23
516.249	4.49
516.446	4.5
516.643	4.3
516.84	5.01
517.038	4.9
517.235	4.46
517.432	5.26
517.629	5.06
517.826	4.4
518.023	4.91
518.221	4.99
518.418	5.12
518.615	5.2
518.812	4.77
519.009	4.86
519.206	4.83
519.403	5.29
519.6	5.13
519.797	4.8
519.994	5
520.191	5.75
520.388	5.55
520.585	5.42
520.782	5.13
520.978	4.91
521.175	5.31
521.372	5.62
521.569	5.59
521.766	4.93
521.963	5.09
522.159	5.57
522.356	5.6
522.553	5.65
522.75	5.88
522.947	5.36
523.143	6.01
523.34	5.94
523.537	6.23
523.733	5.75
523.93	5.46
524.127	5.37
524.323	5.69
524.52	5.59
524.717	5.77
524.913	5.83
525.11	6.08
525.306	5.82
525.503	6.07
525.7	5.93
525.896	5.96
526.093	6.12
526.289	6.45
526.486	5.58
526.682	5.88
526.878	5.95
527.075	6.44
527.271	6.07
527.468	5.96
527.664	6.27
527.861	6.3
528.057	6.22
528.253	6.44
528.45	5.79
528.646	6.26
528.842	6.25
529.039	5.78
529.235	6.54
529.431	6.44
529.627	6.45
529.824	6.09
530.02	6.35
530.216	6.4
530.412	6.29
530.608	6.21
530.804	6.69
531.001	6.44
531.197	6.77
531.393	6.32
531.589	6.83
531.785	6.73
531.981	6.74
532.177	6.93
532.373	6.76
532.569	6.19
532.765	6.46
532.961	6.41
533.157	6.15
533.353	6.35
533.549	6.76
533.745	6.9
533.941	6.48
534.137	6.55
534.333	6.46
534.529	6.63
534.725	6.68
534.92	6.82
535.116	6.62
535.312	6.39
535.508	6.87
535.704	6.56
535.899	6.72
536.095	7.06
536.291	7.11
536.487	6.76
536.682	6.92
536.878	6.53
537.074	6.29
537.269	6.77
537.465	7.07
537.661	6.54
537.856	7.06
538.052	6.92
538.248	6.73
538.443	6.78
538.639	7.17
538.834	6.75
539.03	6.57
539.225	6.96
539.421	6.84
539.616	6.9
539.812	7.14
540.007	7.02
540.203	7.15
540.398	7.15
540.593	7.29
540.789	6.74
540.984	6.94
541.18	7.34
541.375	6.75
541.57	7.19
541.766	7
541.961	6.97
542.156	7.31
542.352	7.26
542.547	7.39
542.742	6.82
542.937	7.17
543.133	7.48
543.328	7.65
543.523	6.85
543.718	7.18
543.913	7.04
544.108	7.09
544.304	6.89
544.499	7.38
544.694	6.76
544.889	7.1
545.084	7.19
545.279	7.58
545.474	7.57
545.669	7.2
545.864	7.32
546.059	7.16
546.254	7.11
546.449	7.34
546.644	7.18
546.839	7.21
547.034	7.1
547.229	7.39
547.424	7.73
547.618	7.41
547.813	7.17
548.008	7.29
548.203	7.49
548.398	7.39
548.593	7.73
548.787	7.42
548.982	7.31
549.177	7.8
549.372	7.59
549.566	7.62
549.761	7.46
549.956	7.29
550.15	7.11
550.345	7.54
550.54	7.49
550.734	7.53
550.929	7.46
551.124	7.36
551.318	7.54
551.513	7.11
551.707	7.76
551.902	7.81
552.096	7.65
552.291	7.77
552.485	7.62
552.68	7.64
552.874	7.67
553.069	7.63
553.263	7.93
553.458	7.88
553.652	7.77
553.847	7.23
554.041	7.62
554.235	7.44
554.43	7.85
554.624	7.53
554.818	7.72
555.013	7.66
555.207	7.78
555.401	7.96
555.595	7.92
555.79	7.87
555.984	7.63
556.178	7.48
556.372	8.13
556.566	7.87
556.761	7.8
556.955	7.96
557.149	7.87
557.343	7.68
557.537	7.97
557.731	7.97
557.925	7.53
558.119	7.59
558.313	7.93
558.507	7.76
558.701	7.92
558.895	7.64
559.089	8.22
559.283	7.9
559.477	7.96
559.671	7.94
559.865	7.99
560.059	7.61
560.253	7.65
560.447	7.9
560.641	8.13
560.835	8.11
561.028	8.16
561.222	7.94
561.416	7.98
561.61	7.62
561.804	8.01
561.997	7.62
562.191	7.79
562.385	7.76
562.579	7.63
562.772	8.19
562.966	8.01
563.16	8.11
563.353	7.74
563.547	7.89
563.741	7.76
563.934	8.23
564.128	7.77
564.321	7.93
564.515	7.86
564.708	7.98
564.902	7.95
565.095	8.09
565.289	8.21
565.482	7.79
565.676	7.42
565.869	8.08
566.063	8.19
566.256	7.85
566.45	7.68
566.643	7.79
566.836	7.65
567.03	7.92
567.223	7.82
567.416	7.81
567.61	7.85
567.803	7.93
567.996	8.06
568.19	7.76
568.383	7.79
568.576	7.64
568.769	7.73
568.963	7.87
569.156	7.81
569.349	7.7
569.542	7.73
569.735	7.71
569.928	7.7
570.121	8
570.315	7.69
570.508	7.82
570.701	7.94
570.894	8.08
571.087	7.65
571.28	7.87
571.473	7.64
571.666	7.82
571.859	7.83
572.052	7.82
572.245	7.67
572.438	7.65
572.631	7.83
572.824	8.05
573.016	7.58
573.209	7.82
573.402	7.42
573.595	7.69
573.788	7.92
573.981	7.74
574.173	7.89
574.366	7.76
574.559	7.63
574.752	7.53
574.944	7.25
575.137	7.69
575.33	7.98
575.523	7.97
575.715	7.46
575.908	7.46
576.101	7.48
576.293	7.58
576.486	7.47
576.678	7.61
576.871	7.57
577.063	7.86
577.256	7.33
577.449	7.38
577.641	7.81
577.834	7.26
578.026	7.39
578.219	7.59
578.411	7.74
578.603	7.62
578.796	7.37
578.988	7.57
579.181	7.61
579.373	7.44
579.565	7.46
579.758	7.5
579.95	7.17
580.142	7.16
580.335	7.47
580.527	7.52
580.719	7.37
580.912	7.34
581.104	7.48
581.296	7.79
581.488	7.54
581.68	7.62
581.873	7.37
582.065	7.19
582.257	7.19
582.449	7.38
582.641	7.45
582.833	7.6
583.025	7.35
583.217	7.58
583.41	7.53
583.602	7.75
583.794	7.34
583.986	7.19
584.178	7.38
584.37	7.44
584.562	7.46
584.753	7.41
584.945	7.64
585.137	7.27
585.329	7.27
585.521	7.58
585.713	7.51
585.905	7.52
586.097	7.28
586.289	7.52
586.48	7.77
586.672	7.23
586.864	7.42
587.056	7.53
587.247	7.55
587.439	7.48
587.631	7.21
587.823	7.12
588.014	7.43
588.206	7.31
588.398	7.05
588.589	7.63
588.781	7.48
588.972	7.22
589.164	6.96
589.356	7.54
589.547	7.47
589.739	7.1
589.93	7.76
590.122	7.53
590.313	7
590.505	7.38
590.696	7.13
590.888	7.45
591.079	7.33
591.271	7.76
591.462	7.41
591.653	7.12
591.845	7.24
592.036	7.56
592.227	7.4
592.419	7.38
592.61	7.24
592.801	7.49
592.993	7.33
593.184	7.51
593.375	7.38
593.566	7.56
593.758	7.36
593.949	7.23
594.14	7.84
594.331	7.5
594.522	7.53
594.713	7.55
594.905	7.44
595.096	7.76
595.287	7.66
595.478	7.51
595.669	7.39
595.86	7.28
596.051	7.56
596.242	7.59
596.433	7.47
596.624	7.71
596.815	7.79
597.006	7.82
597.197	7.56
597.388	7.63
597.579	7.77
597.77	7.31
597.96	7.73
598.151	7.88
598.342	7.67
598.533	7.87
598.724	7.88
598.915	7.89
599.105	7.3
599.296	8.01
599.487	7.21
599.678	7.63
599.868	8.06
600.059	7.43
600.25	7.96
600.44	8.09
600.631	7.5
600.822	7.82
601.012	8.33
601.203	7.73
601.394	8.11
601.584	8.08
601.775	8.1
601.965	7.75
602.156	7.9
602.346	7.69
602.537	7.85
602.727	7.75
602.918	7.81
603.108	7.78
603.299	7.35
603.489	7.78
603.679	7.98
603.87	7.58
604.06	8.16
604.251	8.03
604.441	7.51
604.631	7.79
604.822	7.77
605.012	7.85
605.202	7.78
605.392	7.6
605.583	7.89
605.773	8.03
605.963	8.17
606.153	7.78
606.344	7.34
606.534	8.37
606.724	8.02
606.914	7.74
607.104	7.7
607.294	7.92
607.484	7.82
607.674	8.08
607.864	7.45
608.054	7.65
608.245	7.73
608.435	7.95
608.625	8.34
608.814	7.53
609.004	8.05
609.194	7.9
609.384	7.76
609.574	7.76
609.764	8
609.954	8
610.144	7.71
610.334	8.01
610.524	7.81
610.713	8.07
610.903	7.65
611.093	7.68
611.283	7.78
611.473	7.82
611.662	7.89
611.852	7.66
612.042	7.14
612.231	7.81
612.421	7.97
612.611	7.57
612.8	7.58
612.99	7.87
613.18	7.85
613.369	7.95
613.559	7.44
613.748	7.19
613.938	7.87
614.128	7.78
614.317	8.05
614.507	8.14
614.696	8
614.886	7.99
615.075	7.12
615.264	7.41
615.454	8.27
615.643	7.6
615.833	7.99
616.022	7.77
616.211	7.34
616.401	7.67
616.59	7.62
616.779	7.46
616.969	7.48
617.158	7.9
617.347	7.62
617.537	8.02
617.726	7.5
617.915	6.96
618.104	6.88
618.293	7.47
618.483	7.73
618.672	7.18
618.861	7.69
619.05	7.5
619.239	7.5
619.428	7.45
619.617	7.75
619.806	7.48
619.995	6.99
620.184	7.71
620.373	7.18
620.562	7.7
620.751	7.66
620.94	7.24
621.129	7.89
621.318	7.41
621.507	7.3
621.696	6.99
621.885	7.24
622.074	7.64
622.263	7.06
622.452	7.12
622.64	7.16
622.829	7.71
623.018	7.64
623.207	6.7
623.396	7.47
623.584	7.49
623.773	8.39
623.962	6.89
624.15	7.86
624.339	7.78
624.528	7.72
624.716	7.91
624.905	7.65
625.094	7.62
625.282	7.63
625.471	8
625.659	7.16
625.848	6.62
626.037	7.16
626.225	8.33
626.414	7.52
626.602	7.32
626.791	7.24
626.979	7.59
627.167	8
627.356	7.41
627.544	7.34
627.733	7.85
627.921	7.72
628.109	7.54
628.298	7.48
628.486	7.16
628.674	7.82
628.863	6.89
629.051	7.94
629.239	8.25
629.428	7.15
629.616	7.69
629.804	8.06
629.992	7.85
630.18	6.89
630.369	7.89
630.557	8.51
630.745	7.35
630.933	8.56
631.121	8.18
631.309	7.77
631.497	7.9
631.685	7.77
631.873	7.57
632.061	7.76
632.249	8.44
632.437	8.37
632.625	7.52
632.813	7.77
633.001	8.08
633.189	7.85
633.377	8.31
633.565	7.2
633.753	7.38
633.941	7.53
634.129	7.14
634.316	7.44
634.504	8.42
634.692	7.77
634.88	7.99
635.068	8.03
635.255	7.54
635.443	7.56
635.631	8.18
635.818	8.61
636.006	7.24
636.194	7.54
636.382	6.76
636.569	7.96
636.757	8.37
636.944	8.38
637.132	8.82
637.32	7.32
637.507	6.81
637.695	7.67
637.882	8.16
638.07	8.84
638.257	7.02
638.445	7.5
638.632	6.88
638.82	6.86
639.007	6.4
639.194	7.37
639.382	7.02
639.569	7.55
639.757	8.28
639.944	6.75
640.131	6.68
640.319	6.7
640.506	7.36
640.693	6.9
640.88	6.5
641.068	7.32
641.255	7.67
641.442	6.7
641.629	6.23
641.817	7.46
642.004	6.57
642.191	7.07
642.378	7.28
642.565	6.91
642.752	7.39
642.939	6.26
643.126	6.49
643.313	6.73
643.501	7.63
643.688	7.47
643.875	6.88
644.062	6.84
644.249	5.88
644.435	7.19
644.622	6.69
644.809	6.36
644.996	5.35
645.183	6.63
645.37	7.27
645.557	7.51
645.744	5.6
645.931	5.94
646.117	6.67
646.304	7.44
646.491	6.94
646.678	6.56
646.865	7.24
647.051	6.59
647.238	5.89
647.425	5.97
647.611	6.96
647.798	5.71
647.985	6.03
648.171	6.1
648.358	6.32
648.545	6
648.731	6.22
648.918	7.17
649.104	5.93
649.291	6.35
649.477	6.35
649.664	6.82
649.85	6.38
650.037	6.2
650.223	5.78
650.41	7.43
650.596	5.88
650.783	6.08
650.969	5.88
651.155	6.67
651.342	4.31
651.528	5.86
651.714	6.1
651.901	5.7
652.087	5.79
652.273	4.43
652.46	6.22
652.646	6.03
652.832	5.86
653.018	6.22
653.204	6.41
653.391	6.21
653.577	5.73
653.763	5.41
653.949	6.42
654.135	6.78
654.321	5.92
654.507	6.91
654.693	4.78
654.879	6.15
655.065	5.76
655.252	4.31
655.438	6.63
655.624	6.76
655.809	5.44
655.995	6.18
656.181	5.71
656.367	6.25
656.553	7.53
656.739	6.77
656.925	5.88
657.111	6.39
657.297	7.59
657.482	5.61
657.668	5.59
657.854	5.36
658.04	5.17
658.226	4.04
658.411	6.16
658.597	7.11
658.783	5.69
658.968	5.45
659.154	5.49
659.34	6.12
659.525	5.46
659.711	6.19
659.897	5.77
660.082	5.71
660.268	5.02
660.453	6.01
660.639	6.72
660.824	5.5
661.01	5.66
661.195	4.78
661.381	5.03
661.566	5.95
661.752	3.9
661.937	4.69
662.123	3.9
662.308	6.55
662.494	5.33
662.679	4.56
662.864	4.96
663.05	3.97
663.235	5.57
663.42	4.83
663.605	3.2
663.791	3.9
663.976	5.66
664.161	5.25
664.346	4.34
664.532	3.94
664.717	3.47
664.902	5.48
665.087	7.05
665.272	4.21
665.457	4.78
665.642	3.24
665.828	3.26
666.013	7.3
666.198	2.04
666.383	5.09
666.568	3.19
666.753	5.08
666.938	3.99
667.123	6.21
667.308	3.74
667.493	4.68
667.677	3.93
667.862	4.08
668.047	5.14
668.232	3.82
668.417	5.24
668.602	4.74
668.787	6.11
668.971	4.15
669.156	4.46
669.341	4.28
669.526	6.34
669.711	5.29
669.895	6.1
670.08	2.31
670.265	5.7
670.449	5.57
670.634	7.49
670.819	3.3
671.003	4.05
671.188	5.56
671.372	6.18
671.557	4.78
671.742	6.11
671.926	6.49
672.111	3.25
672.295	3.13
672.48	4.29
672.664	4.17
672.849	3.45
673.033	5.37
673.217	4.3
673.402	3.62
673.586	2.89
673.771	2.78
673.955	7.46
674.139	5.18
674.324	3.76
674.508	4.47
674.692	4.86
674.876	4.33
675.061	6.33
675.245	7.86
675.429	5.86
675.613	5.95
675.798	5.45
675.982	6.15
676.166	4.17
676.35	3.49
676.534	5.38
676.718	4.78
676.902	7.81
677.087	3.55
677.271	3.6
677.455	7.06
677.639	1.04
677.823	7.73
678.007	5.78
678.191	6.79
678.375	5.76
678.559	6.71
678.742	2.85
678.926	8.07
679.11	7.35
679.294	8.33
679.478	3.16
679.662	6.82
679.846	6.4
680.029	7.23
680.213	5.84
680.397	4.25
680.581	5.96
680.765	7.13
680.948	6.65
681.132	5.58
681.316	3.7
681.499	7.12
681.683	7.14
681.867	6.08
682.05	7.2
682.234	3.12
682.417	8.89
682.601	8.64
682.785	4.96
682.968	1.98
683.152	9.12
683.335	6.45
683.519	6.69
683.702	6.61
683.886	8.15
684.069	10.12
684.253	11.34
684.436	8.76
684.619	5.7
684.803	7.85
684.986	9.72
685.169	13.04
685.353	10.12
685.536	7.43
685.719	9.92
685.903	10.09
686.086	8.36
686.269	9
686.452	4.67
686.636	10.79
686.819	7.99
687.002	12.55
687.185	11.42
687.368	11.38
687.551	6.93
687.734	10.66
687.918	9.42
688.101	6.51
688.284	6.85
688.467	10.68
688.65	7.73
688.833	11.95
689.016	8.05
689.199	9.38
689.382	12.82
689.565	12.57
689.748	9.39
689.93	6.37
690.113	12.16
690.296	9.69
690.479	8.84
690.662	9.02
690.845	8.8
691.028	7.51
691.21	14.21
691.393	12.66
691.576	10.12
691.759	9.38
691.941	11.96
692.124	14.27
692.307	13.3
692.489	11.78
692.672	11.63
692.855	17.06
693.037	15.19
693.22	15.72
693.403	12.87
693.585	13.93
693.768	18.15
693.95	14.18
694.133	18.16
694.315	14.57
694.498	13.14
694.68	11.74
694.863	16.06
695.045	17.76
695.228	14.64
695.41	19.88
695.592	17.04
695.775	14.76
695.957	20.19
696.139	8.57
696.322	18.21
696.504	17.32
696.686	18.11
696.869	12.85
697.051	18.38
697.233	18.13
697.415	20.44
697.597	13.32
697.78	20.64
697.962	18.98
698.144	21.67
698.326	16.82
698.508	15.47
698.69	17.74
698.872	10.99
699.055	20.41
699.237	13.36
699.419	15.02
699.601	18.24
699.783	23.27
699.965	22.91
700.147	17.4
700.329	19.7
700.51	19.96
700.692	21.49
700.874	23.78
701.056	24.5
701.238	20.38
701.42	25.22
701.602	21.36
701.783	13.09
701.965	21.1
702.147	25.12
702.329	25.03
702.511	27.89
702.692	31.45
702.874	19.16
703.056	28.14
703.237	23.64
703.419	20.48
703.601	29.89
703.782	21.66
703.964	23.97
704.146	18.86
704.327	26.03
704.509	28.59
704.69	28.8
704.872	27.43
705.053	23.71
705.235	27.51
705.416	18.79
705.598	26.38
705.779	21.93
705.961	23.21
706.142	28.25
706.323	31
706.505	32.26
706.686	18.43
706.867	25.87
707.049	25.79
707.23	21.47
707.411	26.83
707.593	30.79
707.774	30.46
707.955	31.78
708.136	20.58
708.318	30.92
708.499	32.21
708.68	24.05
708.861	27.27
709.042	25.08
709.223	27.27
709.404	29.84
709.585	25.43
709.767	30.02
709.948	35.57
710.129	30.34
710.31	21.9
710.491	29.72
710.672	27.76
710.853	23.87
711.034	28.08
711.214	27.4
711.395	25.62
711.576	28.39
711.757	36.32
711.938	33.99
712.119	34.61
712.3	31.6
712.481	29.69
712.661	33.67
712.842	18.18
713.023	36.62
713.204	21.52
713.384	25.8
713.565	32.74
713.746	27.49
713.926	28.16
714.107	32.2
714.288	30.43
714.468	36.39
714.649	37.07
714.83	18.5
715.01	40.13
715.191	21.47
715.371	36.1
715.552	31.21
715.732	35.31
715.913	34.48
716.093	24.58
716.274	32.12
716.454	27.6
716.635	33.39
716.815	37.03
716.995	33.11
717.176	36.67
717.356	30.58
717.536	36.58
717.717	22.36
717.897	25.38
718.077	26
718.258	29.97
718.438	33.93
718.618	36.42
718.798	30.82
718.978	28.81
719.159	32.52
719.339	46.44
719.519	28.22
719.699	41.39
719.879	29.66
720.059	36.21
720.239	45.43
720.419	39.98
720.599	32.03
720.779	49.52
720.959	31.17
721.139	30.05
721.319	35.37
721.499	37.24
721.679	25.6
721.859	29.37
722.039	29.77
722.219	37.36
722.399	26.32
722.579	39.98
722.759	26.11
722.938	33.9
723.118	45.68
723.298	40.89
723.478	38.44
723.658	49.65
723.837	30.57
724.017	35.36
724.197	30.96
724.376	37.65
724.556	26.69
724.736	41.84
724.915	31.97
725.095	57.45
725.275	54.39
725.454	45.1
725.634	24.75
725.813	29.12
725.993	47.27
726.172	42.25
726.352	45.73
726.531	37.22
726.711	43.69
726.89	39.22
727.07	44.69
727.249	25.27
727.428	47.79
727.608	45.79
727.787	16.09
727.966	49.18
728.146	54.01
728.325	52.37
728.504	36.98
728.684	29.72
728.863	38.79
729.042	32.66
729.221	37.25
729.4	41.57
729.58	38.99
729.759	37.74
729.938	54.01
730.117	53.48
730.296	48.31
730.475	24.44
730.654	31.63
730.833	24.45
731.013	51.73
731.192	39.16
731.371	44.92
731.55	43.02
731.729	37.58
731.907	60.96
732.086	36.38
732.265	46.14
732.444	27.01
732.623	40.31
732.802	43.43
732.981	22.86
733.16	32.45
733.339	40.99
733.517	33.18
733.696	52.93
733.875	58.52
734.054	38.22
734.232	60.25
734.411	73.41
734.59	19.65
734.768	45.81
734.947	62.18
735.126	28.19
735.304	41.44
735.483	38.77
735.662	52.79
735.84	39.8
736.019	34.58
736.197	37.59
736.376	51.22
736.554	68.57
736.733	70.86
736.911	45.03
737.09	37
737.268	31.52
737.447	52.69
737.625	42.76
737.803	45.63
737.982	82.11
738.16	40.48
738.338	42.14
738.517	28.88
738.695	41.73
738.873	52.59
739.052	54.34
739.23	29.87
739.408	30.79
739.586	54.91
739.764	68.46
739.943	65.48
740.121	49.94
740.299	46.65
740.477	28.87
740.655	72.48
740.833	51.51
741.011	61.85
741.189	47.25
741.367	57.94
741.545	19.7
741.723	52.08
741.901	47.33
742.079	26.29
742.257	35.73
742.435	68.02
742.613	54.24
742.791	50.52
742.969	46.58
743.147	40.5
743.325	55.28
743.503	38.14
743.68	39.58
743.858	19.21
744.036	32.13
744.214	66.51
744.391	8.68
744.569	7
744.747	41.86
744.925	44.38
745.102	46.07
745.28	8.69
745.458	40.41
745.635	29.79
745.813	61.75
745.99	55.25
746.168	40.22
746.345	93.25
746.523	59.67
746.7	64.53
746.878	58.66
747.055	37.19
747.233	52.31
747.41	71.76
747.588	20.76
747.765	69.18
747.943	31.05
748.12	10.83
748.297	46.23
748.475	51.88
748.652	43.13
748.829	63.1
749.007	42.48
749.184	53.37
749.361	48.85
749.538	59.7
749.716	68.48
749.893	114.03
750.07	53.07
750.247	48.2
750.424	24.27
750.601	58.47
750.778	69.09
750.956	32.87
751.133	30.14
751.31	60.69
751.487	29.01
751.664	24.53
751.841	33.58
752.018	32.07
752.195	49.42
752.372	55.31
752.549	56.95
752.726	59.28
752.902	67.5
753.079	53.73
753.256	82.43
753.433	29.65
753.61	50.18
753.787	37.44
753.964	24.6
754.14	24.63
754.317	62.14
754.494	48.4
754.671	88.13
754.847	56.72
755.024	72.66
755.201	49.07
755.377	72.3
755.554	53.57
755.73	41.37
755.907	70.16
756.084	69.13
756.26	66.52
756.437	29.13
756.613	49.02
756.79	55.72
756.966	42.49
757.143	116.86
757.319	59.34
757.496	67.56
757.672	78.12
757.849	48.26
758.025	17.88
758.201	55.66
758.378	47.29
758.554	54.49
758.73	46.07
758.907	54.56
759.083	67.46
759.259	33.66
759.435	66.46
759.612	77.83
759.788	72.49
759.964	44.67
760.14	54.08
760.316	24.35
760.493	34.68
760.669	57.43
760.845	63.74
761.021	74.26
761.197	89.49
761.373	77.31
761.549	55.33
761.725	-20.32
761.901	33.77
762.077	45.93
762.253	44.78
762.429	53.57
762.605	43.01
762.781	12.77
762.957	57.23
763.133	56.62
763.308	39.64
763.484	33.64
763.66	82.81
763.836	51.61
764.012	67.45
764.187	38.71
764.363	49.84
764.539	9.21
764.715	52.85
764.89	27.41
765.066	48.36
765.242	61.7
765.417	132.15
765.593	54.14
765.769	39.91
765.944	21.66
766.12	56.99
766.295	25.28
766.471	50.76
766.646	88.32
766.822	96.96
766.997	23.98
767.173	44.84
767.348	31.56
767.524	54.04
767.699	51.24
767.875	17.91
768.05	-0.95
768.225	50.65
768.401	26.9
768.576	72.58
768.751	47.52
768.927	-12.21
769.102	96.14
769.277	74.61
769.452	79.54
769.628	26.45
769.803	91.58
769.978	42.3
770.153	38.32
770.328	37.59
770.503	79.44
770.679	96.59
770.854	24.6
771.029	13.05
771.204	160.26
771.379	9.36
771.554	121.62
771.729	94.87
771.904	-6.08
772.079	66.28
772.254	80.47
772.429	105.43
772.604	37.44
772.779	114.99
772.953	65.86
773.128	55.87
773.303	12.62
773.478	82.71
773.653	32.33
773.828	73.16
774.002	88.83
774.177	42.36
774.352	262.61
774.527	64.18
774.701	54.75
774.876	100.71
775.051	7.49
775.225	74.9
775.4	6.75
775.575	59.82
775.749	83.36
775.924	70.33
776.098	-47.8
776.273	89.03
776.447	27.96
776.622	20.96
776.796	64.87
776.971	-28.28
777.145	77.26
777.32	2.72
777.494	77.21
777.669	97.36
777.843	31.92
778.017	56.54
778.192	39.92
778.366	29.62
778.54	94.07
778.715	14.72
778.889	191.07
779.063	67.94
779.237	70.94
779.412	18.55
779.586	12.41
779.76	-8.12
779.934	5.66
780.108	19.13
780.282	-1089.55
780.457	53.32
780.631	-58.89
780.805	-37.18
780.979	-104.48
781.153	15.86
781.327	105.79
781.501	15.92
781.675	46.06
781.849	45.44
782.023	96.75
782.197	56.07
782.371	-163.43
782.545	1.23
782.718	123.67
782.892	150.63
783.066	47.52
783.24	238.87
783.414	-26.9
783.588	74.33
783.761	65.86
783.935	74.26
784.109	76.97
784.283	53.91
784.456	273.93
784.63	51.19
784.804	85.03
784.977	5.24
785.151	18.32
785.324	-22.65
785.498	15.38
785.672	124.88
785.845	42.3
786.019	143.13
786.192	255.63
786.366	-26.9
786.539	102.37
786.713	-2.72
786.886	60.25
787.06	83.99
787.233	-24.15
787.406	-26.03
787.58	49.82
787.753	35.18
787.926	30.48
788.1	52.76
788.273	-547.17
788.446	-127.68
788.62	45.16
788.793	-71.74
788.966	41.65
789.139	68.17
789.313	121.53
789.486	2085.71
789.659	-19.43
789.832	68.53
790.005	26.69
790.178	189.38
790.351	59.6
790.524	90.17
790.697	44.67
790.87	-104.57
791.044	1029.09
791.216	44.11
791.389	-31.02
791.562	119.73
791.735	-392.41
791.908	948.05
792.081	66.96
792.254	68.13
792.427	155.39
792.6	32.07
792.773	37.62
792.945	-605.97
793.118	-59.06
793.291	-261.54
793.464	0.85
793.637	258.9
793.809	45.01
793.982	65.15
794.155	101.79
794.327	66.99
794.5	52.31
794.673	-33.2
794.845	-84.82
795.018	-74.11
795.19	92.13
795.363	118.51
795.536	117.52
795.708	-1116.13
795.881	8120
796.053	0.42
796.226	90.29
796.398	101.29
796.57	44.49
796.743	-48.4
796.915	3.9
797.088	107.69
797.26	-348.03
797.432	-118.99
797.605	1.07
797.777	-329.87
797.949	190.73
798.122	28.79
798.294	183.86
798.466	131.43
798.638	75.86
798.81	95.21
798.983	48.1
799.155	80.51
799.327	-19.76
799.499	45.16
799.671	106.71
799.843	87.28
800.015	31.91
800.187	103.72
800.359	85.59
800.531	49.78
800.703	86.97
800.875	87.14
801.047	-9.45
801.219	-4.78
801.391	-111.69
801.563	-231.65
801.735	16.29
801.907	280.98
802.079	75.08
802.251	-617.58
802.422	96.06
802.594	137.66
802.766	49.68
802.938	216.14
803.11	38.37
803.281	327.15
803.453	102.21
803.625	31.38
803.796	15.7
803.968	70.11
804.14	162.11
804.311	0.28
804.483	216.27
804.654	61.9
804.826	94.67
804.998	501.6
805.169	-221.62
805.341	36.8
805.512	311.8
805.684	79.26
805.855	61.28
806.026	550.77
806.198	170.55
806.369	85.61
806.541	89.23
806.712	127.01
806.883	137.87
807.055	29.53
807.226	-1.16
807.397	265.93
807.569	-182.3
807.74	20.77
807.911	-0.82
808.082	-52.91
808.253	-287.13
808.425	119.73
808.596	-164.04
808.767	53.24
808.938	-71.48
809.109	-429.7
809.28	-27.49
809.451	23.34
809.622	328.34
809.793	-806.45
809.964	1.74
810.135	183.73
810.306	-84.39
810.477	232.21
810.648	25.05
810.819	89.87
810.99	-1480
811.161	146.47
811.332	5.41
811.503	14.45
811.674	-501.54
811.844	-298.46
812.015	149.34
812.186	568.1
812.357	55.79
812.527	37.8
812.698	46.55
812.869	-116.98
813.04	-37.81
813.21	241.38
813.381	73.93
813.551	37.75
813.722	39.87
813.893	61.9
814.063	83.87
814.234	745.45
814.404	44.49
814.575	90.17
814.745	40.71
814.916	-10.16
815.086	58.53
815.257	119.28
815.427	170.55
815.598	103.38
815.768	77.85
815.938	83.84
816.109	185.43
816.279	103.63
816.449	47.73
816.62	705.26
816.79	110.45
816.96	-1135.85
817.13	-40
817.301	108.63
817.471	-30.08
817.641	457.67
817.811	-71.53
817.981	1571.43
818.152	-50.24
818.322	-180.2
818.492	158.02
818.662	191.52
818.832	56.22
819.002	92.67
819.172	71.89
819.342	-42.77
819.512	-4.99
819.682	123.93
819.852	2.31
820.022	77.61
820.192	65.17
820.362	53.66
820.531	86.64
820.701	126.53
820.871	138.98
821.041	-266.97
821.211	-37.24
821.381	98.25
821.55	138.72
821.72	702.33
821.89	-40
822.059	54.02
822.229	71.76
822.399	307.62
822.568	256.43
822.738	200
822.908	185.28
823.077	-92.25
823.247	112.52
823.416	-1776.47
823.586	-11.76
823.756	-12.96
823.925	564.56
824.095	227.91
824.264	-42.15
824.433	168.14
824.603	204.59
824.772	-143.32
824.942	-650.63
825.111	-216.08
825.28	-98.14
825.45	210.43
825.619	207.45
825.788	-325.84
825.958	-34.03
826.127	203.76
826.296	43.65
826.465	200
826.635	127.49
826.804	26.7
826.973	107.01
827.142	-65.53
827.311	-210.74
827.48	53.47
827.649	-18.18
827.818	275.59
827.988	-433.6
828.157	-104.7
828.326	-83.29
828.495	-10.76
828.664	36.58
828.833	60.07
829.002	-150.31
829.17	-65.77
829.339	-77.39
829.508	-57.49
829.677	429.21
829.846	40.21
830.015	-19.72
830.184	-42.53
830.352	102.28
830.521	-15.83
830.69	1048.78
830.859	-788.24
831.027	1084.21
831.196	-54.28
831.365	57.09
831.533	84.9
831.702	-42.91
831.871	-11.08
832.039	196.5
832.208	-321.74
832.377	-7.87
832.545	14.91
832.714	41.77
832.882	24.48
833.051	98.62
833.219	-3914.29
833.388	-14.13
833.556	-163.85
833.724	106.71
833.893	86.97
834.061	1273.68
834.23	159.32
834.398	167.57
834.566	90.91
834.735	7571.43
834.903	562.26
835.071	-4600
835.239	-134.43
835.408	98.4
835.576	1232.56
835.744	-2.64
835.912	2.95
836.08	53.85
836.249	-366.04
836.417	129.41
836.585	98.49
836.753	216.35
836.921	128.65
837.089	-7000
837.257	-1446.51
837.425	-228.94
837.593	-108.23
837.761	96.02
837.929	4.56
838.097	167.02
838.265	28.26
838.433	-16.39
838.601	101.33
838.769	275.95
838.936	-42.7
839.104	65.94
839.272	88.24
839.44	93.62
839.608	-239.02
839.775	99.04
839.943	55.13
840.111	36.26
840.279	-9.38
840.446	20.9
840.614	-298.7
840.781	158.26
840.949	70.66
841.117	-120.36
841.284	40.34
841.452	-98.14
841.619	35.26
841.787	231
841.954	-106.98
842.122	-236.99
842.289	82.68
842.457	13.03
842.624	169.93
842.792	-62.77
842.959	76.57
843.126	14.08
843.294	-33.43
843.461	174.62
843.629	65.6
843.796	18.57
843.963	-75.49
844.13	74.93
844.298	149.03
844.465	-27.41
844.632	-83.23
844.799	278.39
844.966	184.68
845.134	90.78
845.301	15.27
845.468	-165.56
845.635	60.07
845.802	133.62
845.969	-51.66
846.136	65.33
846.303	-1442.11
846.47	64.18
846.637	-40
846.804	-52.63
846.971	42.62
847.138	158.3
847.305	-65.49
847.472	24.92
847.639	110.07
847.805	101.33
847.972	-314.29
848.139	86.7
848.306	1147.37
848.473	1238.81
848.639	46.72
848.806	392
848.973	66.92
849.14	165.93
849.306	11.66
849.473	-340.4
849.64	15.38
849.806	-58.37
849.973	323.24
850.139	96.69
850.306	64.29
850.472	111.44
850.639	188.2
850.806	-1694.74
850.972	168.7
851.139	1228.57
851.305	110.36
851.471	54.8
851.638	-57.67
851.804	128.36
851.971	-71.4
852.137	105.57
852.303	220.43
852.47	26.94
852.636	-110.05
852.802	190.55
852.968	11.06
853.135	200
853.301	-139.88
853.467	113.44
853.633	56.17
853.8	85.25
853.966	-202.03
854.132	10314.29
854.298	-360.58
854.464	-29.21
854.63	93.11
854.796	147.12
854.962	433.09
855.128	-12.23
855.294	-129.07
855.46	-63.93
855.626	-20.35
855.792	-40.93
855.958	-56.31
856.124	-87.12
856.29	192.05
856.456	33.98
856.622	-126.81
856.787	885.71
856.953	1.12
857.119	306.93
857.285	57.82
857.45	-105.3
857.616	-3.6
857.782	-2.56
857.948	90.91
858.113	122.18
858.279	53.81
858.445	492.91
858.61	925.58
858.776	122.27
858.941	-13.86
859.107	48.77
859.273	-17.41
859.438	-96.68
859.604	389.47
859.769	303.94
859.935	-310.89
860.1	29.1
860.265	51.45
860.431	-50.36
860.596	3457.14
860.762	91.55
860.927	162.61
861.092	37.37
861.258	-143.34
861.423	278.76
861.588	-11.41
861.753	3800
861.919	-524.53
862.084	313.39
862.249	383.05
862.414	142.66
862.579	47.72
862.745	-17.73
862.91	169
863.075	117.92
863.24	13.75
863.405	-77.39
863.57	106.19
863.735	3.04
863.9	-12.39
864.065	54.68
864.23	-15.3
864.395	182.92
864.56	112.99
864.725	2.53
864.89	307.87
865.055	200
865.22	48.46
865.384	-177.53
865.549	95.15
865.714	22.95
865.879	-12.46
866.044	-130.49
866.208	60.05
866.373	767.03
866.538	157.85
866.702	-59.67
866.867	37.61
867.032	89.88
867.196	85.63
867.361	152
867.526	-294.42
867.69	-141.92
867.855	674.73
868.019	767.27
868.184	23.85
868.348	81.23
868.513	-651.61
868.677	78.6
868.842	21.91
869.006	111.61
869.17	-909.43
869.335	82.93
869.499	-79.61
869.663	366.89
869.828	-4.05
869.992	-162.79
870.156	25.49
870.321	-35.78
870.485	-28.82
870.649	67.02
870.813	-70.11
870.978	179.57
871.142	-113.85
871.306	-124.17
871.47	191.24
871.634	48.82
871.798	304.35
871.962	93.39
872.126	3285.71
872.29	-20.82
872.454	-4085.71
872.618	-64.11
872.782	683.58
872.946	38.93
873.11	-41.21
873.274	-35.84
873.438	1047.06
873.602	44.85
873.766	-423.38
873.93	-99.18
874.094	-83.15
874.257	56.76
874.421	19.65
874.585	985.45
874.749	10.71
874.912	-248.92
875.076	24.32
875.24	-181.64
875.403	376.11
875.567	227.43
875.731	523.6
875.894	200
876.058	16.27
876.222	11.24
876.385	206.03
876.549	83.62
876.712	200
876.876	-18.62
877.039	61
877.203	129.74
877.366	50.58
877.529	-109.54
877.693	55.71
877.856	98.08
878.02	-9.45
878.183	45.77
878.346	106.49
878.51	327.43
878.673	433.09
878.836	78.86
878.999	238.71
879.163	101.64
879.326	31.2
879.489	150.95
879.652	45.24
879.815	102.47
879.978	-0.82
880.142	401.34
880.305	319.25
880.468	61.2
880.631	37.67
880.794	-10.85
880.957	287.8
881.12	694.12
881.283	11.66
881.446	17.92
881.609	303.6
881.772	16.29
881.935	1541.18
882.097	196.93
882.26	-71.7
882.423	272.36
882.586	-43.54
882.749	39.07
882.912	192.64
883.074	136.35
883.237	25.6
883.4	101.33
883.562	85.12
883.725	-385.6
883.888	-83.46
884.05	1400
884.213	-26.3
884.376	57.87
884.538	74.44
884.701	74.44
884.863	74.44
