181.954	194.74
182.172	194.74
182.39	194.74
182.608	-6260
182.826	660.44
183.043	-183.4
183.261	137.6
183.479	94.72
183.697	1829.41
183.914	68.42
184.132	-25.13
184.35	301.79
184.567	40.85
184.785	-85.84
185.003	67.61
185.22	66.52
185.438	11.32
185.656	-252.76
185.873	-93.85
186.091	47.39
186.309	1279.31
186.526	91.86
186.744	-8.47
186.961	-43.51
187.179	97.16
187.396	114.91
187.614	681.54
187.831	-18500
188.049	287.73
188.266	13.34
188.484	-446.27
188.701	688.35
188.919	120.69
189.136	152.37
189.354	88.42
189.571	-187.2
189.789	45.45
190.006	170.76
190.223	-143.24
190.441	93.14
190.658	871.43
190.876	29.17
191.093	-25.27
191.31	75.66
191.528	90.16
191.745	38.68
191.962	-28.81
192.179	-23.93
192.397	-145.34
192.614	-51.75
192.831	-38.04
193.049	171.32
193.266	478.64
193.483	-19.65
193.7	423.08
193.917	221.76
194.135	26.62
194.352	65.25
194.569	83.06
194.786	160.91
195.003	118.27
195.221	91.48
195.438	51.24
195.655	308.04
195.872	171.19
196.089	132.57
196.306	48.21
196.523	222.26
196.74	-54.29
196.957	-4.26
197.174	-55.33
197.391	124.66
197.608	3.07
197.825	-809.68
198.042	40.1
198.259	-1079.31
198.476	160.18
198.693	-740
198.91	25.32
199.127	-141.79
199.344	335.63
199.561	138.15
199.778	60.45
199.995	628.36
200.212	286.21
200.429	375.83
200.646	608.86
200.862	214.61
201.079	50.54
201.296	64.24
201.513	82.52
201.73	13.65
201.947	38.96
202.163	60.32
202.38	200.58
202.597	-70.05
202.814	126.44
203.03	-1460
203.247	24.62
203.464	57.55
203.681	61.04
203.897	92.08
204.114	-749.06
204.331	157.48
204.547	-220.93
204.764	151.55
204.981	-2123.53
205.197	378.3
205.414	449.73
205.63	-417.24
205.847	241.71
206.064	1027.27
206.28	124.52
206.497	92.56
206.713	154.11
206.93	28.42
207.146	122.85
207.363	-278.46
207.579	14.29
207.796	-468.14
208.012	-20
208.229	520.9
208.445	-3
208.662	48.57
208.878	101.3
209.095	-641.18
209.311	93.8
209.528	3957.14
209.744	375.68
209.96	151.66
210.177	-45.63
210.393	54.79
210.609	6460
210.826	133.13
211.042	261.74
211.258	108.96
211.475	103.21
211.691	43.23
211.907	654.43
212.124	4.32
212.34	103.43
212.556	62.06
212.772	-473.63
212.989	374.17
213.205	-132.47
213.421	-150.25
213.637	-267.16
213.853	163.04
214.069	1457.89
214.286	10.79
214.502	-302.99
214.718	83.07
214.934	67.71
215.15	129.51
215.366	-15.68
215.582	106.36
215.798	76.39
216.015	98.88
216.231	-7.03
216.447	63.2
216.663	232.51
216.879	163.32
217.095	-0.67
217.311	-137.74
217.527	29.18
217.743	408.74
217.959	-160.38
218.175	59.85
218.391	-25.18
218.606	69.14
218.822	574.78
219.038	32.62
219.254	164.42
219.47	113.4
219.686	160.67
219.902	87.87
220.118	3.5
220.334	64.38
220.549	2.45
220.765	57.87
220.981	-57.18
221.197	29.61
221.413	67.03
221.628	-44.3
221.844	-567.92
222.06	781.55
222.276	-47.17
222.491	96.85
222.707	-118.36
222.923	-483.89
223.139	-2.07
223.354	77.67
223.57	-112.6
223.786	-6.26
224.001	-55.21
224.217	126.24
224.432	-42.2
224.648	189.42
224.864	234.46
225.079	807.46
225.295	44.91
225.51	-7.03
225.726	136.02
225.942	83.07
226.157	50.87
226.373	46.38
226.588	81.05
226.804	-942.11
227.019	308.04
227.235	71.76
227.45	102.48
227.665	-2900
227.881	-18.11
228.096	470.43
228.312	-115.88
228.527	-63.12
228.743	-102.29
228.958	108.75
229.173	-312.17
229.389	180.09
229.604	57.8
229.819	-25.89
230.035	-114.13
230.25	80.76
230.465	204.68
230.681	31.6
230.896	-44.67
231.111	135.6
231.327	80.65
231.542	-12500
231.757	30.86
231.972	-181.98
232.187	-20
232.403	-500
232.618	207.8
232.833	19.75
233.048	176.36
233.263	23.14
233.478	-9.57
233.694	588.37
233.909	854.84
234.124	97.09
234.339	28.38
234.554	120.69
234.769	-34.28
234.984	11.21
235.199	130.05
235.414	-149.56
235.629	-636.71
235.844	83.9
236.059	78.89
236.274	170.69
236.489	-127.59
236.704	125.87
236.919	87.76
237.134	26.93
237.349	-3.81
237.564	98.04
237.779	16.09
237.994	20.85
238.209	137.08
238.424	88.96
238.639	72.94
238.853	132.06
239.068	87.31
239.283	72.81
239.498	212.4
239.713	163.5
239.928	29.66
240.142	62.68
240.357	173.57
240.572	159.15
240.787	36.24
241.001	174.04
241.216	38.85
241.431	119.22
241.646	138.68
241.86	-209.42
242.075	-193.02
242.29	45.26
242.504	23.8
242.719	-134.78
242.934	208.66
243.148	0.23
243.363	22.1
243.577	-338.2
243.792	92.71
244.007	44.12
244.221	185.71
244.436	252.24
244.65	133.13
244.865	233.65
245.079	91.93
245.294	-266.91
245.508	50.56
245.723	101.69
245.937	27.47
246.152	-39.22
246.366	152.49
246.581	38.82
246.795	88.96
247.01	35.09
247.224	-47.05
247.438	17.1
247.653	55.53
247.867	44.23
248.081	160.37
248.296	992.68
248.51	107
248.724	94.22
248.939	359.7
249.153	-147.35
249.367	40.87
249.582	65.67
249.796	-188.31
250.01	207.28
250.224	130.05
250.439	189.58
250.653	-22.19
250.867	49.57
251.081	40.28
251.295	31.88
251.51	-96.6
251.724	276.98
251.938	236.06
252.152	-79.56
252.366	121.79
252.58	-129.09
252.794	52.1
253.008	692.05
253.223	64.08
253.437	86.83
253.651	-4.07
253.865	75.91
254.079	25.43
254.293	65.13
254.507	721.82
254.721	119.35
254.935	475.82
255.149	88.58
255.363	29.16
255.577	63.76
255.791	65.42
256.005	74.23
256.218	57.72
256.432	61.64
256.646	51.63
256.86	78.03
257.074	47.7
257.288	-2420
257.502	185.71
257.716	48.57
257.929	170.69
258.143	22.33
258.357	242.05
258.571	62.36
258.785	104.47
258.998	-13.15
259.212	-18.44
259.426	-182.51
259.64	144.69
259.853	-33.54
260.067	157.61
260.281	83.18
260.494	-34.46
260.708	70.3
260.922	81.52
261.135	49.64
261.349	-60.34
261.563	202.65
261.776	-711.76
261.99	105.25
262.203	66.16
262.417	161.48
262.63	-48.47
262.844	39.33
263.058	228.14
263.271	18.79
263.485	80.05
263.698	43.54
263.912	-91.49
264.125	5.26
264.339	737.8
264.552	83.69
264.765	-30.43
264.979	-74.92
265.192	111.44
265.406	44.28
265.619	82.3
265.832	88.09
266.046	78.69
266.259	41.02
266.473	-383.87
266.686	105.15
266.899	74.03
267.113	-7940
267.326	21.55
267.539	0.16
267.752	83.81
267.966	105.68
268.179	204.06
268.392	38
268.605	-311.02
268.819	93.53
269.032	182.46
269.245	441.54
269.458	88.93
269.671	-743.04
269.885	-31.71
270.098	95.94
270.311	-59.49
270.524	60.61
270.737	27.88
270.95	207.28
271.163	312.6
271.376	1358.06
271.589	122.78
271.802	66.14
272.016	270.03
272.229	125.67
272.442	-247.37
272.655	70.19
272.868	-80.13
273.081	-162.92
273.294	51.8
273.506	76.68
273.719	59.86
273.932	27.84
274.145	2860
274.358	95.25
274.571	54.62
274.784	-545.28
274.997	48.72
275.21	-43.09
275.423	85.09
275.635	66.83
275.848	86.26
276.061	294.7
276.274	70.84
276.487	-166.09
276.699	38.96
276.912	-64.19
277.125	184.26
277.338	19.09
277.55	-17.97
277.763	-98.07
277.976	79.56
278.189	475.82
278.401	157.71
278.614	-77.6
278.827	72.04
279.039	13.8
279.252	152.57
279.464	-21.23
279.677	83.52
279.89	15.14
280.102	-83.92
280.315	1051.22
280.527	1142.11
280.74	-458.62
280.952	89.88
281.165	69.61
281.377	144.74
281.59	-18.5
281.802	66.76
282.015	55.18
282.227	136.4
282.44	389.21
282.652	659.55
282.865	108.53
283.077	263.37
283.29	102.13
283.502	9.57
283.714	142.65
283.927	47.48
284.139	-263.09
284.351	98.47
284.564	366.31
284.776	264.87
284.988	68.2
285.201	198.51
285.413	33.67
285.625	-208.11
285.838	97.25
286.05	56.26
286.262	226.2
286.474	58.31
286.686	76.45
286.899	-225.56
287.111	10.25
287.323	90.28
287.535	22.77
287.747	77.93
287.959	44.2
288.172	-390.91
288.384	37.49
288.596	38.5
288.808	179.25
289.02	-681.13
289.232	152.11
289.444	41.34
289.656	82.41
289.868	85.75
290.08	273.01
290.292	-25.11
290.504	26.39
290.716	3.28
290.928	77.91
291.14	1844.19
291.352	19.91
291.564	1264.71
291.776	-14.58
291.988	52.15
292.2	-118.96
292.412	5.95
292.624	-181.31
292.835	1165.67
293.047	33.73
293.259	-101.25
293.471	48.42
293.683	114.63
293.895	126.27
294.106	-42.79
294.318	99.01
294.53	62.98
294.742	1320.69
294.953	4.8
295.165	88.13
295.377	175.14
295.589	75.83
295.8	98.77
296.012	95.06
296.224	43.4
296.435	132.46
296.647	66.79
296.858	156.12
297.07	330.77
297.282	87.38
297.493	42.09
297.705	-198.29
297.916	-34
298.128	121.25
298.34	91.83
298.551	71.63
298.763	70.19
298.974	36.29
299.186	86.62
299.397	0.29
299.609	-229.03
299.82	211.53
300.031	70.23
300.243	2531.58
300.454	-220.25
300.666	55.95
300.877	80.09
301.089	102.55
301.3	18.47
301.511	79.42
301.723	26.83
301.934	216.42
302.145	-79.46
302.357	60.91
302.568	66.4
302.779	36.75
302.99	43.5
303.202	45.45
303.413	-72.6
303.624	171.19
303.835	-160.38
304.047	146.15
304.258	28.42
304.469	33.26
304.68	23.38
304.891	13.53
305.103	9.65
305.314	71.79
305.525	7385.71
305.736	-84.25
305.947	60.73
306.158	-76.47
306.369	84.98
306.58	91.28
306.791	160.98
307.002	-41.11
307.213	-23.29
307.424	-50.53
307.636	160.49
307.846	71.79
308.057	245.63
308.268	-1.74
308.479	22.38
308.69	43.05
308.901	70.13
309.112	281.4
309.323	56.1
309.534	102.32
309.745	53.98
309.956	-20.68
310.167	107.06
310.377	123.14
310.588	35.98
310.799	63.56
311.01	24.83
311.221	95.25
311.432	57.37
311.642	63.37
311.853	126.91
312.064	741.38
312.275	173.61
312.485	237.35
312.696	-2.14
312.907	30.65
313.117	106.2
313.328	-12.22
313.539	89.26
313.749	71.71
313.96	-500
314.171	85.57
314.381	-3.65
314.592	52.61
314.802	86.42
315.013	157.22
315.224	48.09
315.434	952.63
315.645	-6740
315.855	62.4
316.066	-526.97
316.276	318.37
316.487	260.98
316.697	131.43
316.908	123.55
317.118	98.19
317.329	134.17
317.539	74.88
317.749	184.98
317.96	-159.7
318.17	7.99
318.381	554.95
318.591	-117.58
318.801	55.72
319.012	4.59
319.222	828.16
319.432	44.91
319.643	52.77
319.853	-64.13
320.063	49.4
320.273	114
320.484	93.41
320.694	141.63
320.904	236.27
321.114	66.29
321.325	244.83
321.535	-27.96
321.745	98.85
321.955	116.51
322.165	83.69
322.375	69.71
322.585	243.56
322.796	203.45
323.006	206.48
323.216	32.77
323.426	143.18
323.636	137.32
323.846	37.93
324.056	87.98
324.266	77.2
324.476	49.49
324.686	155.14
324.896	86.2
325.106	632.08
325.316	49.6
325.526	-1131.58
325.736	65.69
325.946	-6.26
326.156	435.06
326.366	-51.3
326.576	71.02
326.785	-5.53
326.995	33.71
327.205	48.74
327.415	386.78
327.625	34.31
327.835	9.85
328.044	-156.28
328.254	272.17
328.464	97.88
328.674	189.14
328.884	173.38
329.093	-89.3
329.303	47.85
329.513	126.09
329.722	-1573.68
329.932	32.38
330.142	-81.11
330.351	131.9
330.561	1070.91
330.771	-207.75
330.98	-159.95
331.19	-555.38
331.4	0.35
331.609	50.32
331.819	582.93
332.028	76
332.238	183.39
332.447	149.3
332.657	87.23
332.866	58.96
333.076	21.2
333.285	156.68
333.495	1977.42
333.704	-365.47
333.914	83.89
334.123	-39.31
334.333	-555.38
334.542	95.1
334.752	-703.08
334.961	-907.55
335.17	-186.43
335.38	-71.66
335.589	39.81
335.798	103.7
336.008	449.45
336.217	-71.06
336.426	93.5
336.636	41.28
336.845	243.66
337.054	14.29
337.263	12.03
337.473	45.13
337.682	117.59
337.891	56.92
338.1	130.22
338.309	102.14
338.519	164.24
338.728	17.88
338.937	-462.2
339.146	95.68
339.355	-477.36
339.564	-563.16
339.773	139.2
339.983	9.92
340.192	-927.83
340.401	261.85
340.61	32.03
340.819	95.33
341.028	-94.75
341.237	-2052.94
341.446	11.4
341.655	33
341.864	-73.46
342.073	45.8
342.282	-126.99
342.491	52.83
342.699	-173.79
342.908	-390.91
343.117	120.58
343.326	-19.03
343.535	1267.27
343.744	-78.45
343.953	137.71
344.162	117.7
344.37	23.98
344.579	-374.63
344.788	70.84
344.997	16.71
345.206	113.68
345.414	114.58
345.623	305.9
345.832	-19.44
346.041	163.96
346.249	88.91
346.458	45.45
346.667	78.66
346.875	59.88
347.084	14.58
347.293	124.62
347.501	-170.14
347.71	42.41
347.918	0.37
348.127	-368.13
348.336	-166.23
348.544	120.94
348.753	-679.1
348.961	81.75
349.17	37.45
349.378	27.51
349.587	-23.57
349.795	-33.98
350.004	1050.77
350.212	13.89
350.421	9.73
350.629	61.93
350.838	50.46
351.046	134.41
351.254	96.56
351.463	49.62
351.671	-2900
351.879	101.45
352.088	97.25
352.296	169.03
352.504	209.2
352.713	5.26
352.921	85.83
353.129	10.06
353.338	45.77
353.546	33.03
353.754	88.96
353.962	-141.33
354.171	50.64
354.379	-247.37
354.587	76.95
354.795	113.68
355.003	17.27
355.212	76.44
355.42	428.3
355.628	124.58
355.836	49.15
356.044	9.37
356.252	83.93
356.46	74.81
356.668	349.23
356.876	74.05
357.084	45.95
357.292	66.72
357.5	51.7
357.708	66.04
357.916	167.03
358.124	70.26
358.332	628.36
358.54	481.82
358.748	-468.83
358.956	28.73
359.164	40.88
359.372	67.62
359.58	52.52
359.788	51.09
359.996	70.84
360.203	-4.81
360.411	35.58
360.619	36.68
360.827	79.31
361.035	184.66
361.242	-21.41
361.45	153.16
361.658	284.83
361.866	47.29
362.073	93.64
362.281	156.1
362.489	10.97
362.697	74.03
362.904	87.31
363.112	55.5
363.32	-19.64
363.527	-51.3
363.735	42.08
363.943	27.57
364.15	110.6
364.358	91.58
364.565	75.38
364.773	-9.42
364.98	-109.89
365.188	15.77
365.395	6.2
365.603	89.83
365.81	-38.26
366.018	91.28
366.225	21.94
366.433	59.8
366.64	75.66
366.848	62.29
367.055	19.12
367.263	36.47
367.47	77.58
367.677	335.44
367.885	34.81
368.092	0.16
368.299	155.77
368.507	102.4
368.714	-149.56
368.921	208.66
369.129	117.62
369.336	70.52
369.543	-38.66
369.751	-9.45
369.958	-101.79
370.165	73.41
370.372	90.69
370.579	37.08
370.787	103.75
370.994	31.15
371.201	134.33
371.408	104.2
371.615	18.82
371.822	104.1
372.029	20.68
372.237	-246.29
372.444	414.59
372.651	19.55
372.858	10.26
373.065	74.28
373.272	205.88
373.479	-458.62
373.686	63.03
373.893	0.97
374.1	-34.93
374.307	-249.64
374.514	131.58
374.721	37.11
374.928	419.48
375.135	61.92
375.341	5500
375.548	58.32
375.755	175.22
375.962	60.48
376.169	36.77
376.376	-19.03
376.583	-127.49
376.789	72.67
376.996	82.39
377.203	86.77
377.41	-56.3
377.617	-25.03
377.823	-25.13
378.03	196.77
378.237	148.05
378.443	14.29
378.65	-500
378.857	-92.62
379.063	548.1
379.27	313.91
379.477	121.25
379.683	-32.43
379.89	14.1
380.097	176.32
380.303	56.57
380.51	33.13
380.716	10.8
380.923	48.03
381.129	62
381.336	331.5
381.542	70.08
381.749	83.18
381.955	88.51
382.162	204.61
382.368	33.91
382.575	59.02
382.781	1237.93
382.988	62.14
383.194	51.76
383.4	-3.16
383.607	13.42
383.813	270.48
384.02	40.06
384.226	41.69
384.432	-12.98
384.639	11.83
384.845	-393.67
385.051	109.07
385.257	22.65
385.464	120.76
385.67	74.45
385.876	90.93
386.082	-129.83
386.289	86.54
386.495	78.86
386.701	-101.3
386.907	-15.09
387.113	93.05
387.319	43.05
387.526	98.05
387.732	142.52
387.938	527.2
388.144	240.87
388.35	75.38
388.556	99.12
388.762	55.37
388.968	951.16
389.174	70.71
389.38	238.66
389.586	45.74
389.792	9.31
389.998	-61.99
390.204	-59.18
390.41	63.62
390.616	22.62
390.822	-22.24
391.028	7.55
391.234	25.77
391.439	-406.8
391.645	16.15
391.851	77.12
392.057	-6.69
392.263	8.47
392.469	22.12
392.674	45.35
392.88	40.23
393.086	23.11
393.292	-72.21
393.498	-16.08
393.703	67.69
393.909	31
394.115	146.94
394.32	25.66
394.526	27.69
394.732	89.46
394.937	75.17
395.143	170.45
395.349	114.25
395.554	-192.46
395.76	50.97
395.965	6.13
396.171	10.8
396.377	-16.24
396.582	23.39
396.788	7.44
396.993	49.7
397.199	3.37
397.404	43.62
397.61	79.72
397.815	38.25
398.021	19.62
398.226	47.23
398.431	4.89
398.637	28.1
398.842	16.66
399.048	31.67
399.253	42.62
399.458	26.87
399.664	-9.7
399.869	-5.03
400.074	15.47
400.28	21.63
400.485	-6.04
400.69	41.02
400.896	27.14
401.101	26.39
401.306	10.54
401.511	13.89
401.716	36.1
401.922	0.76
402.127	16.27
402.332	-10.61
402.537	21.06
402.742	16.12
402.947	76.98
403.153	22.95
403.358	10.48
403.563	20.58
403.768	12.56
403.973	17.7
404.178	4.74
404.383	15.48
404.588	6.96
404.793	8.52
404.998	6.3
405.203	-10.61
405.408	-1.21
405.613	10.71
405.818	11.3
406.023	9.79
406.228	2.53
406.433	13.51
406.638	-3.64
406.842	20.69
407.047	8.24
407.252	11.15
407.457	21.99
407.662	14.39
407.867	12.62
408.071	12.37
408.276	5.06
408.481	12.33
408.686	0.43
408.891	9.63
409.095	7.54
409.3	4.05
409.505	7.31
409.709	6.06
409.914	14.77
410.119	14.39
410.323	5
410.528	0.16
410.733	10.55
410.937	8.82
411.142	5.33
411.346	11.44
411.551	4.22
411.756	6.28
411.96	8.75
412.165	0.37
412.369	4.34
412.574	5.97
412.778	5.88
412.983	2.39
413.187	5.59
413.392	5.88
413.596	5.33
413.8	7.61
414.005	9.85
414.209	5.03
414.414	4.1
414.618	3.63
414.822	4.25
415.027	5.65
415.231	3.53
415.435	6.29
415.64	8.29
415.844	4.74
416.048	6.35
416.252	8.44
416.457	6.64
416.661	4.95
416.865	2.72
417.069	1.87
417.274	5.41
417.478	6.9
417.682	6.04
417.886	4.33
418.09	4.68
418.294	6.3
418.498	5.53
418.702	6.08
418.907	4.22
419.111	2.08
419.315	5.33
419.519	5.08
419.723	2.23
419.927	4.87
420.131	6.86
420.335	4.08
420.539	3.94
420.743	5.35
420.947	1.43
421.151	4
421.355	3.03
421.558	5.06
421.762	5.31
421.966	4.53
422.17	3.54
422.374	4.87
422.578	4.47
422.782	4.99
422.985	3.66
423.189	4.83
423.393	4.24
423.597	4.42
423.801	3.51
424.004	3.96
424.208	2.81
424.412	4.21
424.615	3.65
424.819	3.81
425.023	4.26
425.226	3.92
425.43	4.02
425.634	3.96
425.837	2.44
426.041	4.01
426.245	4.97
426.448	3.15
426.652	3.66
426.855	2.93
427.059	3.91
427.262	3.34
427.466	3.29
427.669	3.43
427.873	2.88
428.076	3.94
428.28	3.56
428.483	2.72
428.687	3.58
428.89	3.55
429.094	3.04
429.297	3.84
429.5	4.04
429.704	4.02
429.907	3.87
430.11	3.69
430.314	3.67
430.517	3.37
430.72	3.33
430.924	4.33
431.127	3.18
431.33	3.96
431.533	3.95
431.737	3.82
431.94	3.54
432.143	3.96
432.346	3.24
432.549	3.53
432.752	3.56
432.956	3.69
433.159	3.14
433.362	3.33
433.565	3.39
433.768	3.68
433.971	3.2
434.174	3.52
434.377	3.56
434.58	3.51
434.783	2.96
434.986	3.44
435.189	4.07
435.392	3.39
435.595	4.12
435.798	3.73
436.001	3.74
436.204	3.5
436.407	3.37
436.61	3.56
436.813	3.77
437.016	3.27
437.219	3.35
437.421	3.63
437.624	3.44
437.827	3.62
438.03	3.66
438.233	3.07
438.435	3.5
438.638	3.78
438.841	3.56
439.044	3.73
439.246	3.56
439.449	3.59
439.652	3.61
439.854	3.83
440.057	3.52
440.26	3.58
440.462	3.74
440.665	3.4
440.868	3.74
441.07	3.53
441.273	3.42
441.475	3.56
441.678	3.37
441.88	3.8
442.083	3.47
442.286	3.33
442.488	3.19
442.69	3.51
442.893	3.06
443.095	3.12
443.298	3.42
443.5	3.74
443.703	3.23
443.905	3.81
444.108	3.79
444.31	3.54
444.512	3.23
444.715	3.53
444.917	3.59
445.119	3.64
445.322	3.67
445.524	4.05
445.726	3.58
445.928	3.45
446.131	3.76
446.333	3.56
446.535	3.8
446.737	3.65
446.94	3.79
447.142	3.77
447.344	3.64
447.546	3.89
447.748	3.64
447.95	3.7
448.152	3.91
448.354	3.89
448.557	4.1
448.759	3.74
448.961	3.61
449.163	4.19
449.365	3.82
449.567	3.98
449.769	3.78
449.971	3.7
450.173	3.66
450.375	3.93
450.577	4.23
450.779	4
450.981	4.05
451.182	3.52
451.384	3.56
451.586	4.37
451.788	3.82
451.99	3.98
452.192	3.79
452.394	4.32
452.595	4.14
452.797	4.07
452.999	4.38
453.201	4.44
453.402	4.25
453.604	3.81
453.806	4.38
454.008	4.02
454.209	4.27
454.411	4.47
454.613	4.68
454.814	4.43
455.016	4.42
455.218	4.63
455.419	4.68
455.621	4.73
455.822	4.09
456.024	4.16
456.225	4.81
456.427	4.93
456.629	3.89
456.83	4.16
457.032	4.56
457.233	4.18
457.435	4.38
457.636	4.8
457.837	4.47
458.039	4.16
458.24	4.87
458.442	5.06
458.643	3.73
458.844	5.26
459.046	4.66
459.247	4.85
459.448	5.2
459.65	4.52
459.851	4.82
460.052	4.95
460.254	5.18
460.455	5.12
460.656	4.95
460.857	3.71
461.059	4.64
461.26	4.39
461.461	4.88
461.662	3.74
461.863	5.01
462.065	5.11
462.266	4.54
462.467	4.83
462.668	4.43
462.869	5.44
463.07	5.04
463.271	4.74
463.472	4.36
463.673	4.59
463.874	5.31
464.075	4.93
464.276	4.25
464.477	5.28
464.678	5.49
464.879	5.17
465.08	5.46
465.281	5.42
465.482	4.64
465.683	4.43
465.884	5.59
466.085	4.6
466.285	4.05
466.486	4.98
466.687	5.11
466.888	4.66
467.089	4.87
467.29	5.41
467.49	4.89
467.691	5.86
467.892	3.85
468.093	4.39
468.293	4.66
468.494	6.04
468.695	5.15
468.895	4.43
469.096	4.38
469.297	4.97
469.497	5.5
469.698	5.65
469.898	4.39
470.099	4.73
470.3	6.76
470.5	4.89
470.701	5.38
470.901	5.6
471.102	6.06
471.302	5.74
471.503	5.06
471.703	5.91
471.904	5.77
472.104	4.39
472.305	4.9
472.505	5.06
472.705	5.1
472.906	4.51
473.106	6.26
473.306	4.59
473.507	5.32
473.707	5.77
473.907	5.04
474.108	5.41
474.308	4.47
474.508	4.67
474.709	6.06
474.909	5.8
475.109	3.73
475.309	4.69
475.51	3.85
475.71	5.48
475.91	5.53
476.11	3.94
476.31	3.82
476.51	5.87
476.71	4.28
476.911	7.2
477.111	5.37
477.311	5
477.511	5.89
477.711	6.13
477.911	2.64
478.111	6.31
478.311	4.75
478.511	6.71
478.711	6.02
478.911	5.92
479.111	6
479.311	4.86
479.511	7.36
479.711	4.48
479.91	2.35
480.11	6.57
480.31	3.71
480.51	6.91
480.71	6.08
480.91	5.66
481.109	6.64
481.309	5.17
481.509	5.21
481.709	7.27
481.909	5.19
482.108	5.74
482.308	6.01
482.508	6.05
482.707	7.37
482.907	4.75
483.107	4.67
483.306	6.21
483.506	5.86
483.706	3.21
483.905	6.92
484.105	6.18
484.304	4.71
484.504	5.28
484.704	6.05
484.903	5.77
485.103	6.21
485.302	4.33
485.502	5.47
485.701	5.94
485.901	4.63
486.1	4.59
486.299	7.52
486.499	5.43
486.698	4.61
486.898	5.15
487.097	4.35
487.296	5.7
487.496	4.8
487.695	6.16
487.894	4.37
488.094	6.8
488.293	5.15
488.492	4.95
488.692	5.43
488.891	6.45
489.09	5.69
489.289	4.68
489.489	5.33
489.688	4.51
489.887	5.89
490.086	6.49
490.285	3.64
490.484	7.27
490.683	4.9
490.883	7.24
491.082	5.19
491.281	4.78
491.48	6.19
491.679	5.21
491.878	5.37
492.077	6.23
492.276	5.31
492.475	4.94
492.674	5.71
492.873	6.18
493.072	5.04
493.271	6.01
493.47	5.16
493.669	4.8
493.867	5.03
494.066	7.03
494.265	6.93
494.464	5.98
494.663	5.9
494.862	4.93
495.06	5.85
495.259	5.38
495.458	6.57
495.657	5.71
495.856	7.4
496.054	5.96
496.253	6.41
496.452	6.64
496.65	6.44
496.849	5.92
497.048	5.99
497.246	5.83
497.445	5.61
497.644	7.42
497.842	6.43
498.041	7.31
498.239	6.49
498.438	6.23
498.636	6.29
498.835	6.56
499.034	6.24
499.232	6.02
499.431	6.95
499.629	6.73
499.827	7.79
500.026	6.33
500.224	6.55
500.423	5.97
500.621	6.5
500.82	7.27
501.018	7.03
501.216	7.02
501.415	7.69
501.613	6.93
501.811	6.56
502.01	7.53
502.208	6.88
502.406	8.24
502.604	7.41
502.803	6.9
503.001	7.91
503.199	8.12
503.397	6.92
503.595	7.27
503.794	7.65
503.992	7.48
504.19	7.03
504.388	8.41
504.586	7.61
504.784	7.1
504.982	8.87
505.18	7.68
505.378	7.59
505.576	7.73
505.774	8.38
505.972	8.38
506.17	9.05
506.368	8
506.566	8.1
506.764	7.91
506.962	8.64
507.16	8.64
507.358	8.12
507.556	8.79
507.754	9.45
507.952	8.62
508.15	9.37
508.347	8.31
508.545	9.51
508.743	8.48
508.941	9.03
509.139	10.04
509.336	8.8
509.534	9.91
509.732	9.62
509.93	9.13
510.127	9.98
510.325	9.35
510.523	9.47
510.72	9.98
510.918	9.49
511.116	9.65
511.313	9.58
511.511	10.18
511.708	9.51
511.906	10.46
512.104	10.53
512.301	10.78
512.499	10.49
512.696	10.28
512.894	10
513.091	10.23
513.289	9.97
513.486	10.62
513.683	10.67
513.881	10.58
514.078	10.19
514.276	11.06
514.473	10.56
514.67	11.08
514.868	11.39
515.065	11.24
515.262	10.99
515.46	11.4
515.657	11.25
515.854	11.68
516.052	11.83
516.249	11.57
516.446	11.6
516.643	11.77
516.84	11.25
517.038	11.23
517.235	11.59
517.432	11.87
517.629	11.7
517.826	12.09
518.023	12.1
518.221	12.02
518.418	12.54
518.615	12.25
518.812	12.38
519.009	12.72
519.206	12.75
519.403	12.8
519.6	12.67
519.797	12.16
519.994	12.56
520.191	13.18
520.388	13.11
520.585	12.66
520.782	12.87
520.978	12.81
521.175	13.16
521.372	13.24
521.569	13.14
521.766	12.8
521.963	12.61
522.159	13.21
522.356	13.27
522.553	13.51
522.75	13.38
522.947	13.74
523.143	13.04
523.34	13.43
523.537	13.43
523.733	13.49
523.93	13.87
524.127	13.71
524.323	13.32
524.52	13.82
524.717	14.31
524.913	14.04
525.11	13.54
525.306	14.01
525.503	13.65
525.7	14.08
525.896	13.85
526.093	14.27
526.289	14.34
526.486	14.06
526.682	14.18
526.878	14.01
527.075	14.84
527.271	13.87
527.468	14.51
527.664	14.37
527.861	14.77
528.057	14.31
528.253	14.45
528.45	14.43
528.646	14.56
528.842	14.35
529.039	14.01
529.235	14.48
529.431	14.91
529.627	14.3
529.824	14.67
530.02	14.95
530.216	14.74
530.412	15.02
530.608	14.82
530.804	14.86
531.001	14.92
531.197	14.57
531.393	15.55
531.589	14.84
531.785	15.15
531.981	15.1
532.177	16.19
532.373	14.92
532.569	15.01
532.765	14.72
532.961	15.3
533.157	15.08
533.353	15.04
533.549	15.31
533.745	15.46
533.941	15.71
534.137	15.58
534.333	15.33
534.529	14.94
534.725	15.47
534.92	14.9
535.116	15.1
535.312	15.42
535.508	15.02
535.704	15.29
535.899	15.56
536.095	15.3
536.291	15.72
536.487	14.78
536.682	16.06
536.878	15.35
537.074	15.93
537.269	15.54
537.465	15.36
537.661	15.48
537.856	15.4
538.052	15.33
538.248	15.89
538.443	15.49
538.639	15.79
538.834	15.46
539.03	15.7
539.225	15.96
539.421	15.31
539.616	16.01
539.812	15.74
540.007	15.53
540.203	15.6
540.398	15.75
540.593	15.74
540.789	16.15
540.984	16.1
541.18	16.13
541.375	15.74
541.57	16.23
541.766	16.33
541.961	15.92
542.156	16.25
542.352	15.75
542.547	15.68
542.742	15.98
542.937	16.29
543.133	16.46
543.328	16.25
543.523	16.06
543.718	16.04
543.913	16.66
544.108	16.47
544.304	16.22
544.499	16.55
544.694	16.19
544.889	16.4
545.084	16.36
545.279	16.54
545.474	16.12
545.669	16.03
545.864	16.11
546.059	16.47
546.254	16.1
546.449	16.44
546.644	16.07
546.839	16.63
547.034	16.45
547.229	16.74
547.424	16.82
547.618	16.76
547.813	16.25
548.008	16.65
548.203	16.48
548.398	16.34
548.593	17.03
548.787	16.72
548.982	16.35
549.177	16.88
549.372	17.17
549.566	16.49
549.761	16.5
549.956	16.35
550.15	16.77
550.345	16.46
550.54	17.13
550.734	16.45
550.929	16.44
551.124	16.61
551.318	16.94
551.513	16.85
551.707	16.98
551.902	16.46
552.096	16.5
552.291	16.99
552.485	16.91
552.68	17.4
552.874	16.59
553.069	17.29
553.263	17.36
553.458	17
553.652	16.91
553.847	16.96
554.041	17.58
554.235	16.82
554.43	17.24
554.624	17.32
554.818	17.22
555.013	17.2
555.207	17.12
555.401	17.69
555.595	16.89
555.79	17.04
555.984	16.97
556.178	17.21
556.372	17.39
556.566	17.19
556.761	17.67
556.955	17.33
557.149	17.73
557.343	17.26
557.537	17.08
557.731	17.65
557.925	17.13
558.119	17.3
558.313	17.33
558.507	17.52
558.701	17.19
558.895	17.47
559.089	17.05
559.283	17.63
559.477	17.89
559.671	17
559.865	17.7
560.059	17.21
560.253	17.36
560.447	17.53
560.641	17.2
560.835	18.13
561.028	17.79
561.222	17.35
561.416	17.04
561.61	17.3
561.804	17.18
561.997	17.47
562.191	17.46
562.385	17.67
562.579	17.05
562.772	17.53
562.966	17.34
563.16	17.35
563.353	17.49
563.547	17.6
563.741	17.62
563.934	17.5
564.128	17.34
564.321	17.25
564.515	17.73
564.708	17.7
564.902	17.65
565.095	17.54
565.289	17.39
565.482	17.81
565.676	17.32
565.869	17.27
566.063	17.64
566.256	16.92
566.45	17.73
566.643	17.71
566.836	17.72
567.03	17.63
567.223	17.36
567.416	17.93
567.61	17.96
567.803	17.41
567.996	17.47
568.19	17.56
568.383	17.38
568.576	17.38
568.769	18.06
568.963	17.17
569.156	17.88
569.349	18.02
569.542	17.85
569.735	17.9
569.928	17.33
570.121	17.43
570.315	18.01
570.508	17.78
570.701	17.29
570.894	17.62
571.087	17.29
571.28	17.44
571.473	17.52
571.666	17.8
571.859	17.46
572.052	17.32
572.245	18.18
572.438	17.31
572.631	17.7
572.824	17.12
573.016	17.64
573.209	17.56
573.402	17.35
573.595	17.73
573.788	17.83
573.981	17.5
574.173	17.71
574.366	17.53
574.559	17.35
574.752	17.23
574.944	17.3
575.137	17.81
575.33	17.39
575.523	17.37
575.715	17.43
575.908	17.66
576.101	16.98
576.293	17.8
576.486	17.03
576.678	17.59
576.871	17.35
577.063	17.56
577.256	17.6
577.449	17.26
577.641	17.63
577.834	16.99
578.026	17.4
578.219	16.87
578.411	17.19
578.603	17.67
578.796	16.98
578.988	16.76
579.181	17.05
579.373	17.59
579.565	17.13
579.758	17.49
579.95	16.97
580.142	17.34
580.335	17.27
580.527	17.18
580.719	16.82
580.912	17.45
581.104	17.46
581.296	17.15
581.488	17.67
581.68	17.13
581.873	17.71
582.065	17.27
582.257	17.02
582.449	17.12
582.641	17.14
582.833	16.99
583.025	16.56
583.217	17.47
583.41	17.57
583.602	16.91
583.794	17.09
583.986	17.01
584.178	17.19
584.37	17.01
584.562	16.78
584.753	17
584.945	17.26
585.137	16.93
585.329	16.85
585.521	17.46
585.713	17.54
585.905	17.57
586.097	17.1
586.289	17.33
586.48	16.73
586.672	17.28
586.864	17.18
587.056	17.06
587.247	17.24
587.439	16.76
587.631	17.22
587.823	17.33
588.014	17.14
588.206	17.16
588.398	16.61
588.589	17.47
588.781	17.1
588.972	16.8
589.164	16.9
589.356	17.13
589.547	17.32
589.739	17.01
589.93	17.07
590.122	16.56
590.313	17.73
590.505	17.37
590.696	17.18
590.888	16.93
591.079	17.5
591.271	17.09
591.462	17.24
591.653	17.08
591.845	17.59
592.036	17.5
592.227	17.08
592.419	17.01
592.61	17.19
592.801	17.15
592.993	17.5
593.184	17.29
593.375	17.63
593.566	17.37
593.758	17.3
593.949	17.24
594.14	16.81
594.331	17.08
594.522	17.28
594.713	17.63
594.905	18.03
595.096	17.34
595.287	17.18
595.478	17.31
595.669	17.58
595.86	16.89
596.051	17.45
596.242	17.46
596.433	16.75
596.624	17.47
596.815	17.92
597.006	17.6
597.197	17.86
597.388	17.68
597.579	17.43
597.77	17.52
597.96	17.22
598.151	17.92
598.342	17.69
598.533	17.33
598.724	17.9
598.915	17.49
599.105	17.14
599.296	17.9
599.487	17.09
599.678	17.87
599.868	17.93
600.059	17.52
600.25	17.49
600.44	18.21
600.631	17.6
600.822	17.68
601.012	17.93
601.203	17.7
601.394	17.71
601.584	17.13
601.775	17.42
601.965	17.2
602.156	17.39
602.346	17.86
602.537	17.16
602.727	17.55
602.918	17.99
603.108	18.1
603.299	18.08
603.489	17.98
603.679	17.64
603.87	18.05
604.06	18.01
604.251	18.04
604.441	18
604.631	17.68
604.822	17.87
605.012	17.69
605.202	17.96
605.392	17.76
605.583	18.03
605.773	18.27
605.963	18.52
606.153	17.44
606.344	17.86
606.534	17.95
606.724	17.82
606.914	17.63
607.104	17.93
607.294	18.1
607.484	17.51
607.674	18.16
607.864	18.2
608.054	18.29
608.245	17.73
608.435	18.17
608.625	18.02
608.814	17.8
609.004	17.42
609.194	17.96
609.384	18.42
609.574	18.27
609.764	17.82
609.954	17.94
610.144	17.8
610.334	17.29
610.524	17.63
610.713	17.98
610.903	17.62
611.093	18.32
611.283	17.98
611.473	17.73
611.662	18.14
611.852	18.2
612.042	17.16
612.231	17.77
612.421	18.02
612.611	17.41
612.8	17.85
612.99	17.34
613.18	17.48
613.369	17.78
613.559	17.42
613.748	18.26
613.938	18.99
614.128	17.71
614.317	17.88
614.507	18.11
614.696	18.35
614.886	17.84
615.075	17.53
615.264	17.93
615.454	17.5
615.643	17.27
615.833	16.88
616.022	17.62
616.211	17.69
616.401	17.58
616.59	18.21
616.779	17.88
616.969	17.55
617.158	17.31
617.347	17.58
617.537	17.67
617.726	17.52
617.915	17.2
618.104	17.32
618.293	17.38
618.483	17.25
618.672	17.34
618.861	17.4
619.05	17.68
619.239	17.28
619.428	17.73
619.617	17.94
619.806	17.2
619.995	17.78
620.184	17.1
620.373	16.24
620.562	17.27
620.751	17.53
620.94	17.95
621.129	17.44
621.318	16.8
621.507	17.48
621.696	17.64
621.885	17.35
622.074	17.18
622.263	17.66
622.452	18.1
622.64	17.32
622.829	17.84
623.018	17.66
623.207	17.63
623.396	17.54
623.584	17.59
623.773	17.88
623.962	17.42
624.15	17.97
624.339	17.87
624.528	17.09
624.716	17.65
624.905	17.87
625.094	17.49
625.282	18.1
625.471	17.31
625.659	18.28
625.848	17.31
626.037	17.94
626.225	18.33
626.414	17.3
626.602	17.65
626.791	17.44
626.979	17.86
627.167	17.14
627.356	17.76
627.544	17.34
627.733	17.87
627.921	17.62
628.109	18.2
628.298	18.2
628.486	17.76
628.674	17.8
628.863	17.4
629.051	17.77
629.239	18.89
629.428	18.42
629.616	19.02
629.804	18.05
629.992	17.66
630.18	18.18
630.369	18.41
630.557	17.86
630.745	18.05
630.933	18.68
631.121	17.56
631.309	18.4
631.497	17.93
631.685	17.34
631.873	17.84
632.061	17.61
632.249	18.75
632.437	19
632.625	18.19
632.813	18.73
633.001	17.84
633.189	18.04
633.377	19.59
633.565	17.27
633.753	17.42
633.941	17.98
634.129	17.53
634.316	18.4
634.504	17.83
634.692	19.11
634.88	18.02
635.068	19.14
635.255	18.07
635.443	18.18
635.631	17.93
635.818	18.25
636.006	18.01
636.194	18.52
636.382	18.09
636.569	18.2
636.757	18.6
636.944	18.58
637.132	18.73
637.32	18.14
637.507	17.87
637.695	17.09
637.882	18.02
638.07	18.53
638.257	18.16
638.445	17.29
638.632	17.63
638.82	16.8
639.007	17.38
639.194	17.44
639.382	17.68
639.569	17.72
639.757	18.64
639.944	17.36
640.131	17.64
640.319	17.25
640.506	17.4
640.693	17.4
640.88	16.66
641.068	17.16
641.255	17.32
641.442	17.82
641.629	17.2
641.817	17.98
642.004	17.1
642.191	17.63
642.378	17.62
642.565	17.55
642.752	17.46
642.939	16.57
643.126	16.55
643.313	16.77
643.501	17.01
643.688	16.72
643.875	16.89
644.062	16.46
644.249	17
644.435	16.21
644.622	17.17
644.809	16.91
644.996	16.3
645.183	15.9
645.37	16.83
645.557	17.04
645.744	16.49
645.931	16.9
646.117	15.09
646.304	16.49
646.491	16.01
646.678	16
646.865	15.49
647.051	16.53
647.238	15.99
647.425	15.35
647.611	16.41
647.798	15.82
647.985	16.16
648.171	16.6
648.358	15.67
648.545	17.53
648.731	14.58
648.918	16.27
649.104	15.6
649.291	15.57
649.477	15.23
649.664	15.37
649.85	16.42
650.037	15.65
650.223	14.86
650.41	14.54
650.596	15.74
650.783	16.34
650.969	15.15
651.155	15
651.342	14.34
651.528	14.89
651.714	15.62
651.901	16.2
652.087	16.17
652.273	14.2
652.46	15.23
652.646	15.35
652.832	16.75
653.018	15.78
653.204	16.7
653.391	15.92
653.577	13.56
653.763	16.53
653.949	15.62
654.135	13.91
654.321	16.37
654.507	15.71
654.693	15.42
654.879	16.06
655.065	13.95
655.252	14.33
655.438	15.63
655.624	15.65
655.809	12.7
655.995	14.85
656.181	15.15
656.367	13.39
656.553	16
656.739	15.5
656.925	16.13
657.111	15.19
657.297	15.68
657.482	15.43
657.668	14.96
657.854	15.15
658.04	13.53
658.226	14.35
658.411	14.77
658.597	14.98
658.783	14.73
658.968	14.09
659.154	13.07
659.34	15.75
659.525	14.32
659.711	14.8
659.897	14.55
660.082	12.54
660.268	14.93
660.453	15.32
660.639	15.01
660.824	15.33
661.01	13.25
661.195	13.28
661.381	13.02
661.566	14.84
661.752	12.82
661.937	13.85
662.123	13.69
662.308	12.88
662.494	14.29
662.679	14.22
662.864	13.44
663.05	12.27
663.235	14.46
663.42	13.73
663.605	13.14
663.791	12.56
663.976	11.45
664.161	13.31
664.346	13.99
664.532	12.38
664.717	12.36
664.902	14.61
665.087	14.87
665.272	14.88
665.457	12.04
665.642	12.58
665.828	13.67
666.013	13.71
666.198	10.86
666.383	13.61
666.568	11.49
666.753	12.83
666.938	13.15
667.123	12.98
667.308	12.87
667.493	13.25
667.677	10.84
667.862	15.18
668.047	12.74
668.232	13.23
668.417	14.38
668.602	10.78
668.787	13.62
668.971	13.19
669.156	14.6
669.341	10.43
669.526	13.52
669.711	14.07
669.895	15.82
670.08	13.33
670.265	11.67
670.449	12.43
670.634	14.73
670.819	12.17
671.003	13.29
671.188	12.61
671.372	13.74
671.557	13.89
671.742	15.03
671.926	10.33
672.111	14.03
672.295	12.34
672.48	12.28
672.664	13.4
672.849	11.69
673.033	14.3
673.217	13.1
673.402	13.71
673.586	9.35
673.771	13.02
673.955	14.18
674.139	15.52
674.324	12.82
674.508	12.19
674.692	13.59
674.876	14.43
675.061	13.31
675.245	15.52
675.429	13.07
675.613	13.05
675.798	15.15
675.982	16.4
676.166	11.58
676.35	14.59
676.534	16.06
676.718	15.93
676.902	17.22
677.087	13.41
677.271	13.37
677.455	15.9
677.639	11.82
677.823	14.84
678.007	18.66
678.191	15.18
678.375	16.1
678.559	15.35
678.742	15.87
678.926	18.7
679.11	17.23
679.294	18.33
679.478	17.15
679.662	17.71
679.846	18.58
680.029	15.3
680.213	18.37
680.397	17.66
680.581	17.96
680.765	21.27
680.948	16.5
681.132	18.72
681.316	16.04
681.499	18.85
681.683	20.95
681.867	18.58
682.05	21.21
682.234	15.49
682.417	22.05
682.601	20.87
682.785	18.13
682.968	20.9
683.152	22.81
683.335	19.33
683.519	21.38
683.702	20.86
683.886	21.76
684.069	21.5
684.253	23.29
684.436	24.04
684.619	22.7
684.803	24.27
684.986	22.97
685.169	26.06
685.353	25.01
685.536	21.39
685.719	24.51
685.903	25
686.086	20.52
686.269	23.34
686.452	19.22
686.636	26.05
686.819	27.98
687.002	24
687.185	24.09
687.368	24.38
687.551	25.64
687.734	30.69
687.918	27.7
688.101	25.7
688.284	26.2
688.467	26.02
688.65	27.54
688.833	26.37
689.016	25.59
689.199	25.78
689.382	31
689.565	28.58
689.748	24.36
689.93	23.86
690.113	27.22
690.296	28.97
690.479	29.99
690.662	23.86
690.845	24.62
691.028	29.12
691.21	25.48
691.393	31.05
691.576	27.66
691.759	25.63
691.941	30.52
692.124	38.92
692.307	27.98
692.489	30.47
692.672	28.22
692.855	31.42
693.037	29
693.22	32.51
693.403	21.46
693.585	31.22
693.768	31.59
693.95	31.68
694.133	35.74
694.315	30.39
694.498	31.05
694.68	27.52
694.863	33.32
695.045	30.31
695.228	32.7
695.41	34.11
695.592	32.37
695.775	31.41
695.957	32.89
696.139	34.92
696.322	31.22
696.504	35.09
696.686	30.93
696.869	32.8
697.051	35.25
697.233	36.34
697.415	33.15
697.597	29.6
697.78	38.09
697.962	33.82
698.144	34.01
698.326	32.85
698.508	36.3
698.69	35.05
698.872	31.67
699.055	36.67
699.237	36.2
699.419	34.69
699.601	29.92
699.783	41.69
699.965	28.22
700.147	32.7
700.329	35
700.51	37.68
700.692	42.06
700.874	31.69
701.056	32.99
701.238	41.9
701.42	43.12
701.602	36.65
701.783	39.23
701.965	35.23
702.147	37.84
702.329	40.24
702.511	33.7
702.692	43.7
702.874	35.23
703.056	38.46
703.237	37.11
703.419	30.52
703.601	35.9
703.782	39.03
703.964	40.12
704.146	40.55
704.327	37.39
704.509	40.79
704.69	45.74
704.872	43.15
705.053	38.94
705.235	39.75
705.416	40.52
705.598	40.81
705.779	40.35
705.961	37.23
706.142	34.94
706.323	38.53
706.505	34.91
706.686	38.76
706.867	34.09
707.049	38.74
707.23	40.95
707.411	40.72
707.593	40.24
707.774	43.21
707.955	37.25
708.136	41.27
708.318	39.98
708.499	45
708.68	38.43
708.861	43.41
709.042	36.22
709.223	44.8
709.404	38.26
709.585	42.92
709.767	43.95
709.948	38.12
710.129	50.12
710.31	33.05
710.491	40.7
710.672	39.72
710.853	32.53
711.034	39.76
711.214	34.97
711.395	36.92
711.576	44.45
711.757	40.42
711.938	44.14
712.119	30.37
712.3	34.99
712.481	33.31
712.661	39.26
712.842	34.47
713.023	38.93
713.204	37.27
713.384	46.48
713.565	39.44
713.746	36.82
713.926	29.37
714.107	43.11
714.288	40.88
714.468	36.99
714.649	42.83
714.83	42.8
715.01	45.95
715.191	38.38
715.371	46.11
715.552	39.33
715.732	40.31
715.913	40.53
716.093	37.16
716.274	40.44
716.454	45.21
716.635	43.36
716.815	42.92
716.995	27.08
717.176	46.68
717.356	38.81
717.536	34.33
717.717	37.89
717.897	34.81
718.077	40.97
718.258	40.48
718.438	40.51
718.618	45.92
718.798	41.74
718.978	42.09
719.159	43.77
719.339	55.26
719.519	43.02
719.699	54.47
719.879	48.24
720.059	30.5
720.239	45.95
720.419	38.55
720.599	36.94
720.779	62.16
720.959	35.63
721.139	43.4
721.319	37.97
721.499	44.21
721.679	47.15
721.859	53.36
722.039	33.21
722.219	46.42
722.399	30.67
722.579	46.29
722.759	37.82
722.938	34.38
723.118	53.4
723.298	38.27
723.478	44.69
723.658	38.08
723.837	43.82
724.017	38.05
724.197	34.21
724.376	40.02
724.556	35.01
724.736	43.85
724.915	30.79
725.095	45.57
725.275	34.69
725.454	42.8
725.634	55.85
725.813	43.61
725.993	53.26
726.172	56.49
726.352	46.25
726.531	47.99
726.711	60.73
726.89	44.56
727.07	66.99
727.249	37.67
727.428	37.63
727.608	42.75
727.787	30.13
727.966	51.47
728.146	43.76
728.325	52.98
728.504	45.08
728.684	37.3
728.863	45.39
729.042	53.3
729.221	33.07
729.4	37.15
729.58	45.76
729.759	41.78
729.938	57.51
730.117	66.57
730.296	44.31
730.475	36.97
730.654	33.94
730.833	39.3
731.013	51.68
731.192	44.52
731.371	45.3
731.55	52.05
731.729	36
731.907	58.73
732.086	45.93
732.265	29.48
732.444	37.07
732.623	62.07
732.802	32.47
732.981	27.12
733.16	43.78
733.339	49.48
733.517	47.76
733.696	57.46
733.875	54.31
734.054	37.79
734.232	50.33
734.411	50.9
734.59	42.16
734.768	38.22
734.947	50.89
735.126	20.72
735.304	34.97
735.483	39.16
735.662	47.1
735.84	43.57
736.019	57.7
736.197	38.03
736.376	59.18
736.554	52.41
736.733	63.58
736.911	40.3
737.09	43.67
737.268	52.6
737.447	56.31
737.625	51
737.803	43.6
737.982	79.21
738.16	71.03
738.338	70.73
738.517	62.95
738.695	53.76
738.873	36.63
739.052	45.99
739.23	26.58
739.408	36.07
739.586	51.55
739.764	43.89
739.943	54.31
740.121	41.83
740.299	42.05
740.477	38.43
740.655	55.94
740.833	59.86
741.011	47.72
741.189	63.82
741.367	85.79
741.545	39.81
741.723	31.58
741.901	40.63
742.079	42.84
742.257	48.78
742.435	33.28
742.613	46.96
742.791	78.94
742.969	61.52
743.147	17.83
743.325	32.3
743.503	46.14
743.68	24.13
743.858	63.93
744.036	34.2
744.214	24.96
744.391	15.62
744.569	8.2
744.747	59.07
744.925	56.85
745.102	54.5
745.28	15.23
745.458	48.7
745.635	46.37
745.813	67.31
745.99	55.82
746.168	71.59
746.345	118.99
746.523	39.34
746.7	82.02
746.878	60.86
747.055	77.83
747.233	67.03
747.41	70.27
747.588	60.81
747.765	50.79
747.943	79.26
748.12	33.79
748.297	56.64
748.475	39.03
748.652	47.05
748.829	59.19
749.007	35.56
749.184	48.47
749.361	47.72
749.538	58.85
749.716	31.31
749.893	75.18
750.07	26.05
750.247	41.96
750.424	83.43
750.601	103
750.778	41.09
750.956	27.47
751.133	38.13
751.31	77.63
751.487	69.98
751.664	88.79
751.841	41.47
752.018	56.55
752.195	52.13
752.372	38.13
752.549	81.67
752.726	45.12
752.902	92.14
753.079	42.56
753.256	94.91
753.433	67.37
753.61	59.5
753.787	66.7
753.964	35.49
754.14	62.86
754.317	87.78
754.494	-6.81
754.671	47.12
754.847	59.51
755.024	66.69
755.201	63.93
755.377	62.47
755.554	86.97
755.73	48.47
755.907	57.9
756.084	67.87
756.26	63.14
756.437	67.47
756.613	24.51
756.79	57.99
756.966	31.58
757.143	55.95
757.319	52.55
757.496	72.31
757.672	65.5
757.849	69.55
758.025	82.77
758.201	97.48
758.378	44.98
758.554	35.19
758.73	76.61
758.907	69.98
759.083	48.06
759.259	28.17
759.435	101.38
759.612	43.48
759.788	81.46
759.964	78.69
760.14	65.42
760.316	32.34
760.493	28.86
760.669	82.18
760.845	88.39
761.021	65.83
761.197	52.54
761.373	76.05
761.549	46.06
761.725	14.43
761.901	47.45
762.077	71.78
762.253	35.2
762.429	74.67
762.605	62.09
762.781	52.21
762.957	74.74
763.133	24.78
763.308	103.4
763.484	83.26
763.66	137.14
763.836	67.87
764.012	30.19
764.187	19.36
764.363	87.6
764.539	61.34
764.715	48.24
764.89	13.7
765.066	26.37
765.242	76.95
765.417	58.32
765.593	83.45
765.769	32.7
765.944	26.96
766.12	71.11
766.295	66
766.471	28
766.646	73.33
766.822	103.22
766.997	85.33
767.173	88.28
767.348	1.41
767.524	13.26
767.699	114.88
767.875	51.59
768.05	69.74
768.225	69.61
768.401	62.79
768.576	76.23
768.751	73.32
768.927	40.63
769.102	105.59
769.277	10.33
769.452	65.69
769.628	44.62
769.803	81.52
769.978	93.84
770.153	118.95
770.328	52.95
770.503	74.88
770.679	144.49
770.854	-6.8
771.029	87.73
771.204	0.66
771.379	6.64
771.554	166.25
771.729	147.31
771.904	36.67
772.079	93.92
772.254	81.91
772.429	38
772.604	41.86
772.779	106.92
772.953	65.74
773.128	39.4
773.303	62.15
773.478	74.87
773.653	59.55
773.828	76.73
774.002	49.32
774.177	58.55
774.352	397.39
774.527	51.26
774.701	60.52
774.876	110.29
775.051	-70.05
775.225	74.52
775.4	6.64
775.575	68.68
775.749	78.69
775.924	103.09
776.098	20.84
776.273	47.47
776.447	100.53
776.622	13.44
776.796	113.11
776.971	-12.6
777.145	87.6
777.32	30.26
777.494	67.07
777.669	66.7
777.843	117.59
778.017	33.12
778.192	33.61
778.366	73.44
778.54	48.77
778.715	4.13
778.889	131.27
779.063	52.02
779.237	55.95
779.412	114.49
779.586	-41.44
779.76	44.65
779.934	74.86
780.108	47.31
780.282	-159.7
780.457	77.48
780.631	136.73
780.805	82.39
780.979	19.4
781.153	83.12
781.327	132.52
781.501	15.77
781.675	101.75
781.849	78.86
782.023	149.33
782.197	30.73
782.371	-205.14
782.545	30.06
782.718	191.17
782.892	116.1
783.066	82.47
783.24	204.45
783.414	4.61
783.588	93.84
783.761	39.49
783.935	52.16
784.109	141.34
784.283	-677.39
784.456	216.59
784.63	225.07
784.804	82.04
784.977	31.53
785.151	105.61
785.324	66.75
785.498	-6.26
785.672	43.66
785.845	88.74
786.019	85.78
786.192	103.97
786.366	32.09
786.539	12.54
786.713	147.41
786.886	56.69
787.06	65.56
787.233	106.83
787.406	5.36
787.58	51.12
787.753	-11.33
787.926	137.92
788.1	317.18
788.273	133.96
788.446	88.93
788.62	970.97
788.793	81.96
788.966	51.75
789.139	220
789.313	-48.77
789.486	6185.71
789.659	130.86
789.832	63.27
790.005	23.25
790.178	360.18
790.351	112.07
790.524	61.36
790.697	65.01
790.87	-122.34
791.044	634.55
791.216	108.93
791.389	-121.39
791.562	119.55
791.735	-74.68
791.908	154.55
792.081	-13.08
792.254	1.1
792.427	-111.9
792.6	-45.19
792.773	84.57
792.945	413.43
793.118	178.91
793.291	53.85
793.464	5.53
793.637	81.6
793.809	124.66
793.982	61.59
794.155	89.26
794.327	144.82
794.5	-832.31
794.673	204.45
794.845	-5.06
795.018	72.59
795.19	-567.42
795.363	0.13
795.536	93.35
795.708	312.9
795.881	10540
796.053	10.32
796.226	343.43
796.398	2.83
796.57	54.64
796.743	-52.19
796.915	-14.24
797.088	-101.62
797.26	350.39
797.432	305.06
797.605	-37.97
797.777	-188.31
797.949	-50.58
798.122	78.22
798.294	194.17
798.466	343.43
798.638	-44.83
798.81	67.89
798.983	16.46
799.155	160.6
799.327	-74.94
799.499	113.16
799.671	259.01
799.843	51.86
800.015	60.31
800.187	155.19
800.359	138.58
800.531	123.86
800.703	89.94
800.875	52.78
801.047	76.59
801.219	-127.3
801.391	-344.16
801.563	-137.41
801.735	109.77
801.907	66.87
802.079	170.03
802.251	27.47
802.422	293.7
802.594	-702.6
802.766	67.6
802.938	81.17
803.11	249.39
803.281	183.44
803.453	53.2
803.625	40.52
803.796	42.54
803.968	50.57
804.14	124
804.311	33.15
804.483	232.2
804.654	59.88
804.826	218.5
804.998	475.4
805.169	-120.08
805.341	152.8
805.512	-388.2
805.684	69.2
805.855	35.05
806.026	533.85
806.198	-168.71
806.369	2.43
806.541	65.59
806.712	204.11
806.883	23.16
807.055	188.6
807.226	82.66
807.397	489.01
807.569	73.45
807.74	80.37
807.911	53.47
808.082	-85.65
808.253	117.82
808.425	28.99
808.596	-742.7
808.767	328.78
808.938	74.43
809.109	-202.97
809.28	-130.33
809.451	-41.11
809.622	-57.22
809.793	390.32
809.964	272.17
810.135	130.51
810.306	6.36
810.477	87.92
810.648	65.23
810.819	27.72
810.99	460
811.161	84.39
811.332	-13.51
811.503	0.17
811.674	-573.85
811.844	-333.85
812.015	158.58
812.186	560.12
812.357	195.28
812.527	52.69
812.698	86.19
812.869	-930.19
813.04	109.57
813.21	-375.86
813.381	32.3
813.551	-26.76
813.722	47.61
813.893	-7.31
814.063	107.44
814.234	-1176.36
814.404	150.54
814.575	73.56
814.745	-531.86
814.916	31.7
815.086	103.79
815.257	274.89
815.427	184.66
815.598	18.09
815.768	147.04
815.938	74.9
816.109	257.89
816.279	69.02
816.449	-46.83
816.62	636.84
816.79	143.4
816.96	-545.28
817.13	1.14
817.301	-18.78
817.471	-95.37
817.641	133.13
817.811	-9.49
817.981	-1871.43
818.152	188.15
818.322	-369.31
818.492	150.73
818.662	254.77
818.832	64.39
819.002	34.53
819.172	63.7
819.342	75.72
819.512	-39.35
819.682	53.41
819.852	41.68
820.022	42.79
820.192	-756.18
820.362	58.76
820.531	160.59
820.701	238.19
820.871	81.69
821.041	-0.45
821.211	2.11
821.381	23.69
821.55	148.51
821.72	-500
821.89	441.54
822.059	-2.68
822.229	133.89
822.399	54.26
822.568	263.64
822.738	-2.44
822.908	633.74
823.077	221.77
823.247	79.37
823.416	-2688.24
823.586	148.13
823.756	27.32
823.925	502.53
824.095	281.4
824.264	75.78
824.433	-181.42
824.603	75.91
824.772	46.05
824.942	-181.01
825.111	103.02
825.28	-0.62
825.45	-103.48
825.619	81.37
825.788	-311.24
825.958	0.19
826.127	86.83
826.296	62.87
826.465	152.24
826.635	54.68
826.804	-35.69
826.973	235.06
827.142	-127.23
827.311	257.05
827.48	174.53
827.649	143.26
827.818	492.13
827.988	-29.6
828.157	131.97
828.326	-153.05
828.495	-51.27
828.664	-0.39
828.833	97.88
829.002	-231.68
829.17	55.7
829.339	259.8
829.508	321.05
829.677	-230.34
829.846	40.08
830.015	61.13
830.184	83.58
830.352	43.32
830.521	311.51
830.69	758.54
830.859	-217.65
831.027	-1257.89
831.196	-102.97
831.365	-20.84
831.533	59.65
831.702	-72.47
831.871	167.95
832.039	213.7
832.208	73.91
832.377	76.38
832.545	104.63
832.714	165.26
832.882	3.66
833.051	39.88
833.219	5500
833.388	-120.82
833.556	45.77
833.724	182.69
833.893	122.85
834.061	-436.84
834.23	199.66
834.398	185.71
834.566	-48.05
834.735	8757.14
834.903	-590.57
835.071	4300
835.239	-267.87
835.408	8.01
835.576	-137.21
835.744	35.09
835.912	83.58
836.08	55.08
836.249	-318.87
836.417	199.47
836.585	134.44
836.753	91.83
836.921	-350.81
837.089	7214.29
837.257	141.86
837.425	102.55
837.593	-104.99
837.761	76.11
837.929	66.78
838.097	198.02
838.265	53.85
838.433	-4.26
838.601	-3.45
838.769	426.58
838.936	430.34
839.104	235.69
839.272	55.11
839.44	97.2
839.608	-441.46
839.775	158.51
839.943	60.36
840.111	119.07
840.279	20.08
840.446	879.1
840.614	-344.16
840.781	585.22
840.949	23.11
841.117	-190.5
841.284	-51.93
841.452	81.37
841.619	56.01
841.787	142.07
841.954	253.49
842.122	145.09
842.289	144.25
842.457	-75.07
842.624	235.31
842.792	51.82
842.959	158.29
843.126	23.94
843.294	-153.5
843.461	29.31
843.629	-432.8
843.796	75.38
843.963	-266.54
844.13	203.1
844.298	324.71
844.465	56.27
844.632	103.73
844.799	386.43
844.966	168.94
845.134	60.48
845.301	-37.39
845.468	135.76
845.635	284.45
845.802	71.91
845.969	76.98
846.136	33.87
846.303	2910.53
846.47	49.67
846.637	293.85
846.804	2152.63
846.971	-130.16
847.138	194.98
847.305	-96.46
847.472	-87.84
847.639	73.3
847.805	-6.63
847.972	-500
848.139	-175.54
848.306	2215.79
848.473	592.54
848.639	-3.87
848.806	239.2
848.973	130.98
849.14	64.04
849.306	65.02
849.473	183.44
849.64	-130.77
849.806	-0.48
849.973	109.73
850.139	8.61
850.306	93.14
850.472	155.35
850.639	-20
850.806	-1068.42
850.972	-40.87
851.139	9614.29
851.305	14.7
851.471	-171.17
851.638	199.39
851.804	700
851.971	-31.71
852.137	22.84
852.303	138.3
852.47	66.72
852.636	-40.67
852.802	246.46
852.968	122.98
853.135	-6.6
853.301	-243.35
853.467	-185.25
853.633	101.07
853.8	75.69
853.966	-110.15
854.132	528.57
854.298	-62.04
854.464	-392.13
854.63	80.84
854.796	276.95
854.962	147.48
855.128	81.16
855.294	-39.79
855.46	-31.96
855.626	122.33
855.792	-101.54
855.958	-57.28
856.124	339.26
856.29	286.75
856.456	21.19
856.622	357.87
856.787	855.84
856.953	2.58
857.119	521.78
857.285	165.4
857.45	38.52
857.616	42.93
857.782	-101.02
857.948	274.92
858.113	-106.83
858.279	-292.89
858.445	57.48
858.61	1313.95
858.776	233.6
858.941	462.38
859.107	51.69
859.273	-14.35
859.438	137.64
859.604	2342.11
859.769	700
859.935	-464.36
860.1	69.68
860.265	91.6
860.431	104.32
860.596	-4271.43
860.762	136.73
860.927	3.12
861.092	148.05
861.258	-112.46
861.423	190.35
861.588	140.2
861.753	871.43
861.919	496.23
862.084	-169.29
862.249	309.49
862.414	-29.01
862.579	84.77
862.745	111.13
862.91	283.76
863.075	160.59
863.24	-144.01
863.405	253.77
863.57	-128.66
863.735	-168.09
863.9	-64.6
864.065	13.03
864.23	171.24
864.395	166.19
864.56	29.31
864.725	608.86
864.89	39.33
865.055	120.07
865.22	-155.97
865.384	-850.56
865.549	140.78
865.714	33.96
865.879	-16.07
866.044	-71.15
866.208	116.38
866.373	53.85
866.538	-22.25
866.702	-63.28
866.867	23.02
867.032	36.47
867.196	56.47
867.361	-154.4
867.526	-160.09
867.69	19.45
867.855	278.02
868.019	874.55
868.184	36.3
868.348	-20.82
868.513	-1119.35
868.677	8.95
868.842	233.57
869.006	-58.07
869.17	-1224.53
869.335	378.05
869.499	-208.74
869.663	453.64
869.828	39.27
869.992	1146.51
870.156	23.54
870.321	-98.83
870.485	26.83
870.649	44.59
870.813	-26.2
870.978	296.6
871.142	-56.92
871.306	-45.02
871.47	-140.88
871.634	189.76
871.798	-179.5
871.962	95.9
872.126	1728.57
872.29	-35.11
872.454	4985.71
872.618	62.68
872.782	-123.88
872.946	-89.26
873.11	193.47
873.274	-0.58
873.438	-2970.59
873.602	31.93
873.766	-172.73
873.93	-95.62
874.094	79.78
874.257	-13
874.421	75.72
874.585	241.82
874.749	34.88
874.912	441.01
875.076	44.91
875.24	-118.36
875.403	175.77
875.567	261.14
875.731	282.02
875.894	33.88
876.058	131.58
876.222	-297.75
876.385	-71.86
876.549	-24.96
876.712	1398.18
876.876	58.7
877.039	9.65
877.203	64.87
877.366	-19.07
877.529	-42.05
877.693	7.41
877.856	12.88
878.02	106.16
878.183	-52.35
878.346	-266.23
878.51	328.32
878.673	371.94
878.836	-64.67
878.999	351.61
879.163	180.09
879.326	24.81
879.489	127.79
879.652	120.21
879.815	83.45
879.978	-0.41
880.142	-24.83
880.305	-52.8
880.468	-14.22
880.631	-44.83
880.794	46.64
880.957	436.59
881.12	-3747.06
881.283	231.84
881.446	107.68
881.609	104.32
881.772	164.5
881.935	-4241.18
882.097	212.02
882.26	179.25
882.423	90.95
882.586	190.77
882.749	189.21
882.912	44.79
883.074	80.34
883.237	70.07
883.4	-3.45
883.562	124.06
883.725	-404
883.888	-207.09
884.05	-9620
884.213	59.8
884.376	72.11
884.538	109.26
884.701	109.26
884.863	109.26
