181.954	282.59
182.172	282.59
182.39	282.59
182.608	-8200
182.826	318.68
183.043	57.02
183.261	-38.69
183.479	104.99
183.697	2247.06
183.914	-13.77
184.132	315.51
184.35	135.43
184.567	85.07
184.785	115.04
185.003	55.01
185.22	-83.26
185.438	50.29
185.656	-240.2
185.873	-298.46
186.091	30.94
186.309	-1413.79
186.526	-98.64
186.744	-33.41
186.961	-100.68
187.179	171.56
187.396	73.8
187.614	-21.54
187.831	-3400
188.049	67.48
188.266	77.85
188.484	-355.22
188.701	328.16
188.919	82.96
189.136	59.35
189.354	51.74
189.571	-118.48
189.789	27.05
190.006	81.74
190.223	11.89
190.441	59.72
190.658	-2542.86
190.876	125.1
191.093	-380.22
191.31	65.73
191.528	211.24
191.745	0.4
191.962	107.52
192.179	129.18
192.397	-52.63
192.614	181.32
192.831	-37.81
193.049	9.83
193.266	-33.01
193.483	-18.02
193.7	366.15
193.917	37.66
194.135	364.03
194.352	-45.56
194.569	43.43
194.786	145.57
195.003	163.47
195.221	68.39
195.438	-92.58
195.655	85.43
195.872	-68.47
196.089	44.48
196.306	38.32
196.523	113.48
196.74	239.18
196.957	34.29
197.174	-135.03
197.391	87.28
197.608	65.78
197.825	277.42
198.042	-9.19
198.259	-793.1
198.476	-66.26
198.693	-1720
198.91	-26.61
199.127	-301.49
199.344	-256.68
199.561	158.38
199.778	-3.8
199.995	-319.4
200.212	2268.97
200.429	313.74
200.646	-118.99
200.862	-56.18
201.079	-44.48
201.296	303.31
201.513	-219.42
201.73	-127.68
201.947	74.94
202.163	70.14
202.38	193.06
202.597	398.93
202.814	53.56
203.03	-520
203.247	61.31
203.464	-38.62
203.681	168.83
203.897	177.84
204.114	200
204.331	103.19
204.547	-413.95
204.764	123.22
204.981	-1070.59
205.197	148.94
205.414	58.82
205.63	-1413.79
205.847	73.37
206.064	112.73
206.28	39.78
206.497	60.05
206.713	149.5
206.93	2.17
207.146	67.74
207.363	-113.85
207.579	-274.73
207.796	-161.06
208.012	-36.71
208.229	164.18
208.445	-32.15
208.662	38.66
208.878	101.51
209.095	-929.41
209.311	25.03
209.528	-2714.29
209.744	107.34
209.96	247.68
210.177	-161.17
210.393	60.47
210.609	5720
210.826	-6.13
211.042	450.43
211.258	629.85
211.475	-24.6
211.691	14.61
211.907	655.7
212.124	33.4
212.34	-88
212.556	39.81
212.772	-340.66
212.989	-308.61
213.205	89.3
213.421	-197.99
213.637	164.18
213.853	-0.78
214.069	1273.68
214.286	154.52
214.502	-265.67
214.718	-74.61
214.934	91.22
215.15	62.3
215.366	129.05
215.582	43.11
215.798	-4.64
216.015	27.29
216.231	414.05
216.447	18.27
216.663	33.25
216.879	25.13
217.095	320.81
217.311	-501.89
217.527	-27.17
217.743	-126.21
217.959	64.15
218.175	27.92
218.391	269.06
218.606	8
218.822	-60.87
219.038	-63.1
219.254	121.68
219.47	33.25
219.686	995.51
219.902	67.5
220.118	25.45
220.334	11.41
220.549	-29.84
220.765	-32.45
220.981	125.63
221.197	-17.21
221.413	-947.25
221.628	17.72
221.844	471.7
222.06	25.24
222.276	31.22
222.491	101.23
222.707	-16.39
222.923	-395.97
223.139	35.93
223.354	-62.03
223.57	218.9
223.786	23.12
224.001	-91.89
224.217	7.58
224.432	144.51
224.648	179.27
224.864	20.72
225.079	450.75
225.295	-118.61
225.51	135.14
225.726	45.63
225.942	11.91
226.157	42.13
226.373	-24.68
226.588	48.42
226.804	-1189.47
227.019	-65.33
227.235	55.34
227.45	-31.09
227.665	6440
227.881	-262.99
228.096	-269.57
228.312	39.21
228.527	125.6
228.743	97.14
228.958	-111.37
229.173	-186.09
229.389	0.47
229.604	-7.89
229.819	69.21
230.035	-202.83
230.25	11.08
230.465	143.83
230.681	47.56
230.896	-4.11
231.111	104.49
231.327	73.31
231.542	-6760
231.757	48.33
231.972	51.59
232.187	-45.11
232.403	-2578.95
232.618	-157.97
232.833	78.8
233.048	-541.82
233.263	25.62
233.478	-363.48
233.694	227.91
233.909	-264.52
234.124	141.84
234.339	-1.96
234.554	1151.72
234.769	138.81
234.984	-74.44
235.199	27.46
235.414	-267.26
235.629	184.81
235.844	2.5
236.059	16.12
236.274	33.23
236.489	15.67
236.704	148.25
236.919	182.51
237.134	33.74
237.349	55.72
237.564	52.45
237.779	-91.29
237.994	271.49
238.209	175.28
238.424	-87.12
238.639	-5.29
238.853	27.79
239.068	73.11
239.283	-100.91
239.498	117.68
239.713	36.72
239.928	67.59
240.142	131.1
240.357	154.22
240.572	-236.06
240.787	52.86
241.001	-91.06
241.216	53.48
241.431	208.54
241.646	-3.3
241.86	97.76
242.075	-1195.35
242.29	-1.79
242.504	-69.3
242.719	252.17
242.934	-140.16
243.148	115.26
243.363	63.33
243.577	-676.4
243.792	93.12
244.007	106.56
244.221	293.51
244.436	-122.39
244.65	222.09
244.865	154.5
245.079	130.04
245.294	-205.76
245.508	31.63
245.723	230.42
245.937	-248.35
246.152	-9.45
246.366	68.27
246.581	32.56
246.795	-256.44
247.01	158.84
247.224	9.7
247.438	6.09
247.653	15.21
247.867	34.37
248.081	44.76
248.296	-63.41
248.51	43.48
248.724	10.18
248.939	-1035.82
249.153	53.06
249.367	-63.65
249.582	29.97
249.796	-283.12
250.01	-117.88
250.224	66.24
250.439	-104.23
250.653	-7.9
250.867	68.27
251.081	114.69
251.295	61.9
251.51	-121.7
251.724	-50.36
251.938	52.79
252.152	-229.2
252.366	63.44
252.58	-890.91
252.794	-17.59
253.008	239.74
253.223	-7.54
253.437	64.58
253.651	54.71
253.865	73.8
254.079	-50.1
254.293	106.21
254.507	-258.18
254.721	39.21
254.935	-103.3
255.149	-5.5
255.363	130.01
255.577	304.7
255.791	212.2
256.005	369.33
256.218	50.67
256.432	-20.97
256.646	-32.59
256.86	91.83
257.074	150.55
257.288	5720
257.502	292.31
257.716	2.35
257.929	33.23
258.143	-7.13
258.357	144.88
258.571	-16.97
258.785	18.36
258.998	106.81
259.212	106.29
259.426	43.95
259.64	36.45
259.853	87.15
260.067	84.78
260.281	69.91
260.494	14.94
260.708	247.52
260.922	-51.33
261.135	106.12
261.349	-9.75
261.563	179.76
261.776	1894.12
261.99	36.08
262.203	59.7
262.417	38.87
262.63	49.49
262.844	240.45
263.058	-137.63
263.271	51.61
263.485	68.03
263.698	13.3
263.912	21.28
264.125	8
264.339	-111.81
264.552	-17.52
264.765	387.83
264.979	132.29
265.192	29.97
265.406	21.17
265.619	66.23
265.832	73.59
266.046	-46.73
266.259	16.95
266.473	625.81
266.686	117.67
266.899	19.59
267.113	8840
267.326	102.47
267.539	37.89
267.752	69.4
267.966	118.81
268.179	93.73
268.392	109.63
268.605	-215.75
268.819	132.46
269.032	35.07
269.245	772.31
269.458	270.85
269.671	-574.68
269.885	-7.54
270.098	48.99
270.311	-316.46
270.524	132.21
270.737	123.27
270.95	287.42
271.163	181.1
271.376	1903.23
271.589	275.95
271.802	-44.86
272.016	149.19
272.229	135.34
272.442	-174.09
272.655	-41.04
272.868	-48.81
273.081	-15.73
273.294	37.95
273.506	119.43
273.719	68.27
273.932	99.18
274.145	7640
274.358	-27.97
274.571	64.87
274.784	132.08
274.997	67.84
275.21	-33.27
275.423	-79.92
275.635	157.79
275.848	51.6
276.061	-46.36
276.274	71.1
276.487	64.35
276.699	-70.97
276.912	129.41
277.125	169.36
277.338	-18.56
277.55	32.93
277.763	-120.96
277.976	212.02
278.189	-287.91
278.401	5.8
278.614	324.8
278.827	43.41
279.039	139.15
279.252	-17.52
279.464	21.99
279.677	62.36
279.89	67.83
280.102	-95.48
280.315	375.61
280.527	-178.95
280.74	-668.97
280.952	35.18
281.165	43.7
281.377	121.99
281.59	-44.51
281.802	70.55
282.015	-28.43
282.227	150.68
282.44	277.7
282.652	-191.01
282.865	387.68
283.077	64.1
283.29	149
283.502	9.7
283.714	165.88
283.927	50.4
284.139	-160.52
284.351	80.31
284.564	58.82
284.776	19.83
284.988	26.15
285.201	-158.21
285.413	1.78
285.625	-14.05
285.838	-16.18
286.05	-7.62
286.262	14.02
286.474	80.36
286.686	32.75
286.899	-79.82
287.111	-1.68
287.323	93.96
287.535	461.39
287.747	128.55
287.959	-10.79
288.172	25.45
288.384	25.99
288.596	-114.35
288.808	-184.91
289.02	86.79
289.232	131.51
289.444	25.04
289.656	-42.35
289.868	65.23
290.08	-131.29
290.292	-85.96
290.504	-58.15
290.716	41.15
290.928	81.59
291.14	506.98
291.352	42.62
291.564	1329.41
291.776	212.32
291.988	-87.12
292.2	-72.99
292.412	96.22
292.624	-0.66
292.835	1131.34
293.047	25.04
293.259	-70.85
293.471	53.39
293.683	141.46
293.895	107.53
294.106	-18.99
294.318	63.59
294.53	33.76
294.742	3096.55
294.953	5.17
295.165	91.04
295.377	42.99
295.589	54.99
295.8	-24.23
296.012	126.85
296.224	62.09
296.435	113.43
296.647	9.59
296.858	-93.53
297.07	1104.62
297.282	-61.57
297.493	66.94
297.705	-136
297.916	-23.61
298.128	52.86
298.34	33.24
298.551	86.51
298.763	-25.49
298.974	122.03
299.186	4.46
299.397	18.08
299.609	1400
299.82	202.82
300.031	12.13
300.243	894.74
300.454	222.09
300.666	25.03
300.877	188.63
301.089	256.17
301.3	20.46
301.511	58.2
301.723	43.02
301.934	325.37
302.145	33.23
302.357	138.81
302.568	-20.8
302.779	16.75
302.99	-36.77
303.202	37.69
303.413	16.83
303.624	29.15
303.835	313.21
304.047	20.24
304.258	9.13
304.469	43.28
304.68	-7.47
304.891	-28.82
305.103	153.67
305.314	88.69
305.525	371.43
305.736	-177.95
305.947	14.01
306.158	2952.94
306.369	64.2
306.58	124.39
306.791	156.72
307.002	120.29
307.213	-30.14
307.424	187.28
307.636	43.05
307.846	72.1
308.057	48.54
308.268	63.07
308.479	-11.91
308.69	16.78
308.901	179.52
309.112	-330.23
309.323	85.59
309.534	-3.86
309.745	95.8
309.956	-7.37
310.167	-64.2
310.377	101.29
310.588	3.47
310.799	63.97
311.01	-13.21
311.221	67.02
311.432	-36.69
311.642	45.89
311.853	114.51
312.064	-462.07
312.275	133.09
312.485	55.42
312.696	19.16
312.907	-53.27
313.117	81.52
313.328	32.42
313.539	-76.21
313.749	12.41
313.96	-221.98
314.171	99.55
314.381	23.14
314.592	-17.82
314.802	-28.5
315.013	36.51
315.224	69.4
315.434	-2263.16
315.645	10760
315.855	154.22
316.066	-339.33
316.276	34.63
316.487	521.95
316.697	82.65
316.908	-82.62
317.118	15.11
317.329	145.33
317.539	49.3
317.749	210.3
317.96	-301.49
318.17	-95.46
318.381	-50.55
318.591	-459.34
318.801	64.54
319.012	64.31
319.222	269.9
319.432	-29.28
319.643	49.56
319.853	65.47
320.063	55.42
320.273	-31.42
320.484	-50.55
320.694	106.94
320.904	0.68
321.114	644.94
321.325	1275.86
321.535	91.94
321.745	-61.57
321.955	52.16
322.165	-57.4
322.375	25.99
322.585	391.41
322.796	1317.24
323.006	189.86
323.216	118.82
323.426	51.12
323.636	228.71
323.846	779.31
324.056	73.12
324.266	-21.76
324.476	69.4
324.686	50.81
324.896	45.74
325.106	1196.23
325.316	7.92
325.526	-873.68
325.736	47.52
325.946	23.44
326.156	511.69
326.366	-269.57
326.576	75.49
326.785	163.82
326.995	128.61
327.205	-5.03
327.415	256.95
327.625	-80.29
327.835	-94.67
328.044	-11.06
328.254	325.22
328.464	13.43
328.674	112.2
328.884	-214.39
329.093	-24.6
329.303	73.27
329.513	185.09
329.722	-494.74
329.932	71.2
330.142	-18.55
330.351	64.15
330.561	680
330.771	-167.53
330.98	-110.63
331.19	218.46
331.4	-139.22
331.609	40.58
331.819	375.61
332.028	-115.43
332.238	106.44
332.447	55.71
332.657	81.35
332.866	35.83
333.076	78.39
333.285	106.19
333.495	-187.1
333.704	-9.87
333.914	80.13
334.123	-72.03
334.333	716.92
334.542	-61.58
334.752	1086.15
334.961	539.62
335.17	-89.45
335.38	39.78
335.589	32.47
335.798	153.18
336.008	503.3
336.217	-9.36
336.426	97.14
336.636	200
336.845	142.54
337.054	12.99
337.263	4.28
337.473	-10.49
337.682	28.01
337.891	38.18
338.1	182.73
338.309	-86.12
338.519	16.86
338.728	16.52
338.937	-206.3
339.146	225.9
339.355	-207.55
339.564	1526.32
339.773	115.58
339.983	-14.16
340.192	-196.52
340.401	157.49
340.61	-11.47
340.819	-5.29
341.028	-59.67
341.237	2670.59
341.446	51.96
341.655	24.32
341.864	12.32
342.073	13.63
342.282	-71.81
342.491	-54.48
342.699	-370.87
342.908	-96.1
343.117	-2.64
343.326	-149.8
343.535	374.55
343.744	-64.17
343.953	-19.43
344.162	37.87
344.37	-55.08
344.579	-211.94
344.788	18.93
344.997	-40
345.206	149.19
345.414	51.96
345.623	213.28
345.832	-44.5
346.041	236.55
346.249	-88.4
346.458	30.85
346.667	107.82
346.875	67.5
347.084	47.8
347.293	41.9
347.501	-78.67
347.71	-1.22
347.918	-70.11
348.127	54.95
348.336	-308.61
348.544	96.51
348.753	486.57
348.961	34.7
349.17	213.9
349.378	-25.19
349.587	-50.12
349.795	36.89
350.004	366.15
350.212	53.96
350.421	263.72
350.629	18.73
350.838	39.58
351.046	119.2
351.254	-70.75
351.463	5.8
351.671	-1126.32
351.879	-80.48
352.088	-34.5
352.296	231.86
352.504	162.43
352.713	63.97
352.921	-26.77
353.129	15.2
353.338	-13.41
353.546	-54.21
353.754	-87.12
353.962	-34.69
354.171	57.4
354.379	-1252.63
354.587	18.39
354.795	-97.07
355.003	51.66
355.212	51.36
355.42	-26.42
355.628	110.36
355.836	126.78
356.044	11.85
356.252	60.3
356.46	7.78
356.668	1455.38
356.876	83.62
357.084	117.56
357.292	36.45
357.5	-12.52
357.708	4.46
357.916	-32.15
358.124	168.51
358.332	-767.16
358.54	-61.82
358.748	-454.55
358.956	-33.26
359.164	21.97
359.372	118.71
359.58	-136.69
359.788	52.58
359.996	224.55
360.203	29.99
360.411	91.37
360.619	-222.11
360.827	50.67
361.035	-160.74
361.242	-25.22
361.45	-286.08
361.658	-72.99
361.866	-105.05
362.073	178.8
362.281	116.32
362.489	-33.81
362.697	189.07
362.904	0.6
363.112	92.58
363.32	54.27
363.527	-363.48
363.735	56.37
363.943	18.55
364.15	255.12
364.358	26.85
364.565	52.27
364.773	-2
364.98	-96.82
365.188	106.7
365.395	9.43
365.603	-109.15
365.81	-16.98
366.018	27.46
366.225	110.12
366.433	-20.35
366.64	40.56
366.848	80.93
367.055	-74.61
367.263	32.61
367.47	35.56
367.677	-529.11
367.885	21.73
368.092	26.94
368.299	-117.75
368.507	68.97
368.714	359.29
368.921	-55.12
369.129	45.59
369.336	64.98
369.543	-90.28
369.751	-44.47
369.958	-198.21
370.165	44.79
370.372	35.03
370.579	98.72
370.787	0.25
370.994	137.05
371.201	-35.42
371.408	6.99
371.615	-7.15
371.822	19.59
372.029	49.49
372.237	-355.43
372.444	200
372.651	13.89
372.858	2.93
373.065	45.66
373.272	28.13
373.479	489.66
373.686	-95.73
373.893	-79.61
374.1	125.36
374.307	-378.42
374.514	10.53
374.721	-33.79
374.928	683.12
375.135	-32.59
375.341	8600
375.548	42.73
375.755	-6.41
375.962	4.55
376.169	-66.98
376.376	-72.06
376.583	13.75
376.789	67.36
376.996	96.67
377.203	29.26
377.41	-19.83
377.617	50.63
377.823	-18.18
378.03	83.87
378.237	-39.01
378.443	49.14
378.65	-162.26
378.857	-61.25
379.063	32.91
379.27	64.35
379.477	69.21
379.683	-61.58
379.89	10.39
380.097	84.93
380.303	48.21
380.51	7.63
380.716	23.56
380.923	-36.22
381.129	-5.01
381.336	-149.61
381.542	30.67
381.749	9.35
381.955	74.52
382.162	62.93
382.368	10.8
382.575	-31.17
382.781	-1703.45
382.988	-43.21
383.194	-48.7
383.4	11.83
383.607	60.75
383.813	-34.69
384.02	26.84
384.226	-14.42
384.432	-41.32
384.639	54.41
384.845	-437.97
385.051	13.39
385.257	37.8
385.464	154.53
385.67	37.42
385.876	80.78
386.082	-170.17
386.289	11.57
386.495	-27.46
386.701	-108.79
386.907	9.72
387.113	-1.96
387.319	33.29
387.526	63.19
387.732	-111.81
387.938	65.6
388.144	22.61
388.35	47.47
388.556	99.26
388.762	46.99
388.968	-162.79
389.174	-28.29
389.38	93.74
389.586	-45.35
389.792	-65.65
389.998	-87.69
390.204	14.58
390.41	42.93
390.616	29.53
390.822	-37.76
391.028	31.23
391.234	43.72
391.439	-231.07
391.645	-3.85
391.851	117.4
392.057	-63.86
392.263	10.97
392.469	131.99
392.674	-20.79
392.88	-10.8
393.086	23.23
393.292	35.47
393.498	-110.63
393.703	-5.8
393.909	-2.02
394.115	95.87
394.32	21.28
394.526	-18.58
394.732	46.36
394.937	46.39
395.143	-67.21
395.349	-9.94
395.554	-270.35
395.76	54.77
395.965	-35.79
396.171	3.3
396.377	-63.01
396.582	18.59
396.788	-9.06
396.993	64.4
397.199	2.37
397.404	51.46
397.61	-55.32
397.815	-51.59
398.021	-56.56
398.226	11.64
398.431	-5.78
398.637	26.94
398.842	22.53
399.048	31.73
399.253	25.21
399.458	-0.64
399.664	-3.4
399.869	19.7
400.074	13.15
400.28	5.18
400.485	-44.36
400.69	0.12
400.896	-26.14
401.101	26.46
401.306	5.36
401.511	34.7
401.716	-1.2
401.922	-27.24
402.127	34.86
402.332	5.1
402.537	19.09
402.742	10.65
402.947	42.98
403.153	-17.84
403.358	-6.7
403.563	1.09
403.768	22.09
403.973	7.88
404.178	5.25
404.383	5.81
404.588	2.83
404.793	22.57
404.998	13.05
405.203	-16.1
405.408	5.06
405.613	22.75
405.818	9.07
406.023	5.72
406.228	-19.66
406.433	-0.91
406.638	9.35
406.842	-3.21
407.047	12.99
407.252	-7.9
407.457	6.03
407.662	6.09
407.867	7.27
408.071	4.51
408.276	5.07
408.481	5.48
408.686	0.44
408.891	8.08
409.095	6.59
409.3	3.01
409.505	6.56
409.709	2.38
409.914	10.93
410.119	8.45
410.323	-3.9
410.528	2.61
410.733	8.09
410.937	8.55
411.142	3.29
411.346	0.02
411.551	-0.47
411.756	5.59
411.96	5.73
412.165	-3.23
412.369	2.02
412.574	4.26
412.778	1.56
412.983	-1.28
413.187	3.68
413.392	-1.34
413.596	2.47
413.8	4.47
414.005	5.02
414.209	2.98
414.414	0.32
414.618	2.91
414.822	1.92
415.027	2.9
415.231	2.87
415.435	3.66
415.64	2.97
415.844	2.38
416.048	2.73
416.252	2.66
416.457	3.41
416.661	3.66
416.865	-0.15
417.069	1.66
417.274	1.79
417.478	1.78
417.682	2.57
417.886	0.92
418.09	2.08
418.294	3.11
418.498	2.48
418.702	3.92
418.907	1.86
419.111	1.34
419.315	1.93
419.519	3.38
419.723	0.3
419.927	2.6
420.131	5.17
420.335	1.6
420.539	1.57
420.743	4.92
420.947	1
421.151	2.88
421.355	2.66
421.558	3.19
421.762	3.25
421.966	3.15
422.17	2.89
422.374	1.87
422.578	3.85
422.782	3.74
422.985	2.22
423.189	2.28
423.393	2.8
423.597	2.92
423.801	3.01
424.004	2.35
424.208	2.43
424.412	2.5
424.615	2.21
424.819	3.01
425.023	3.16
425.226	2.53
425.43	3.47
425.634	2.72
425.837	1.43
426.041	3.56
426.245	2.89
426.448	2.89
426.652	2.22
426.855	1.76
427.059	1.63
427.262	2.07
427.466	2.08
427.669	1.84
427.873	2.07
428.076	2.32
428.28	2.04
428.483	2.24
428.687	2.11
428.89	2.92
429.094	1.65
429.297	2.22
429.5	2.53
429.704	1.69
429.907	2.68
430.11	1.3
430.314	3.22
430.517	2.28
430.72	2.21
430.924	2.21
431.127	2.51
431.33	2.14
431.533	2.15
431.737	2.38
431.94	2.74
432.143	2.86
432.346	2.23
432.549	1.77
432.752	1.74
432.956	2.61
433.159	1.83
433.362	1.87
433.565	1.91
433.768	2.44
433.971	1.63
434.174	2.41
434.377	1.9
434.58	2.22
434.783	2.05
434.986	2.23
435.189	2.51
435.392	2.12
435.595	2.48
435.798	1.92
436.001	2.55
436.204	2.2
436.407	1.88
436.61	2.28
436.813	2.79
437.016	2.78
437.219	2.23
437.421	2.5
437.624	2.53
437.827	2.2
438.03	2.44
438.233	2.15
438.435	2.19
438.638	2.78
438.841	2.29
439.044	2.57
439.246	1.94
439.449	1.93
439.652	2.18
439.854	2.66
440.057	2.23
440.26	2.27
440.462	2.47
440.665	2.03
440.868	2.19
441.07	2.58
441.273	2.51
441.475	2.28
441.678	2.2
441.88	2.6
442.083	1.83
442.286	2.24
442.488	1.87
442.69	2.21
442.893	2.33
443.095	1.9
443.298	2.15
443.5	2.25
443.703	2.13
443.905	1.89
444.108	2.18
444.31	2.03
444.512	1.86
444.715	2.4
444.917	2.31
445.119	2.16
445.322	2.42
445.524	2.4
445.726	2.03
445.928	2.27
446.131	2.29
446.333	2.35
446.535	2.22
446.737	2.3
446.94	2.59
447.142	1.99
447.344	2.41
447.546	2.16
447.748	2.23
447.95	2.27
448.152	2.53
448.354	2.67
448.557	2.81
448.759	2.53
448.961	2.32
449.163	2.37
449.365	2.41
449.567	2.55
449.769	2.4
449.971	2.35
450.173	2.21
450.375	2.44
450.577	2.5
450.779	2.37
450.981	2.4
451.182	2.26
451.384	2.43
451.586	2.74
451.788	2.06
451.99	2.58
452.192	2.31
452.394	2.65
452.595	2.92
452.797	2.19
452.999	2.68
453.201	2.25
453.402	2.11
453.604	2.16
453.806	2.29
454.008	2.85
454.209	2.7
454.411	2.78
454.613	2.88
454.814	2.84
455.016	2.77
455.218	2.34
455.419	2.6
455.621	2.4
455.822	2.29
456.024	2.53
456.225	2.82
456.427	2.72
456.629	1.84
456.83	2.9
457.032	3.12
457.233	2.12
457.435	2.61
457.636	3.07
457.837	3.07
458.039	2.11
458.24	2.73
458.442	2.55
458.643	2.06
458.844	3.07
459.046	2.01
459.247	3.52
459.448	2.73
459.65	2.95
459.851	3.18
460.052	2.53
460.254	3.13
460.455	3.22
460.656	2.93
460.857	2.89
461.059	1.98
461.26	2.07
461.461	3.06
461.662	2.27
461.863	2.94
462.065	2.67
462.266	2.69
462.467	2.36
462.668	2.68
462.869	3.08
463.07	2.96
463.271	3.01
463.472	2.26
463.673	3.08
463.874	2.9
464.075	2.96
464.276	3.17
464.477	2.69
464.678	3.32
464.879	2.02
465.08	3.18
465.281	3.16
465.482	2.67
465.683	2.56
465.884	3.89
466.085	3.14
466.285	2.35
466.486	4.16
466.687	3.23
466.888	3.82
467.089	3.02
467.29	2.37
467.49	3.23
467.691	2.62
467.892	1.99
468.093	2.95
468.293	2.17
468.494	2.84
468.695	2.96
468.895	2.3
469.096	1.84
469.297	2.24
469.497	1.89
469.698	3.73
469.898	1.4
470.099	4.13
470.3	4.03
470.5	1.77
470.701	4.11
470.901	3.51
471.102	3.53
471.302	3.35
471.503	4.51
471.703	3.76
471.904	3.53
472.104	2.95
472.305	4.24
472.505	3.1
472.705	2.45
472.906	4.86
473.106	4.55
473.306	2.26
473.507	4.07
473.707	2.78
473.907	1.87
474.108	1.98
474.308	3.21
474.508	3.14
474.709	2.65
474.909	3.74
475.109	2.22
475.309	3.64
475.51	2.82
475.71	4.15
475.91	3.79
476.11	2.24
476.31	2.48
476.51	3.75
476.71	3.07
476.911	4.16
477.111	2.84
477.311	3.6
477.511	2.89
477.711	3.01
477.911	3
478.111	3.49
478.311	3.12
478.511	3.07
478.711	3.63
478.911	2.14
479.111	3.32
479.311	3.27
479.511	3.84
479.711	2.82
479.91	2.32
480.11	3.84
480.31	3.15
480.51	5.27
480.71	3.13
480.91	2.76
481.109	3.68
481.309	3.57
481.509	1.69
481.709	3.58
481.909	3.65
482.108	2.22
482.308	3.46
482.508	3.82
482.707	4.82
482.907	3.04
483.107	1.36
483.306	4.24
483.506	4.42
483.706	2.38
483.905	2.18
484.105	3.52
484.304	2.3
484.504	1.21
484.704	2.55
484.903	2.84
485.103	4.15
485.302	2.33
485.502	3.41
485.701	2.8
485.901	2.33
486.1	4.17
486.299	3.22
486.499	2.05
486.698	2.9
486.898	3.31
487.097	1.79
487.296	1.66
487.496	2.81
487.695	2.13
487.894	3.06
488.094	2.69
488.293	3.13
488.492	2.6
488.692	2.45
488.891	3.58
489.09	4.09
489.289	1.67
489.489	1.42
489.688	1.43
489.887	2.74
490.086	2.1
490.285	2.33
490.484	3.97
490.683	3.67
490.883	3.39
491.082	3.59
491.281	2.83
491.48	2.37
491.679	3.61
491.878	3.4
492.077	4.15
492.276	3.91
492.475	3.4
492.674	2.9
492.873	4.24
493.072	2.16
493.271	4.42
493.47	2.69
493.669	2.64
493.867	2.52
494.066	3.65
494.265	3.87
494.464	3.31
494.663	2.85
494.862	1.5
495.06	3.1
495.259	2.76
495.458	3.39
495.657	3.77
495.856	3.53
496.054	3.03
496.253	2.91
496.452	2.1
496.65	2.51
496.849	2.68
497.048	2.79
497.246	2.73
497.445	2.77
497.644	4.1
497.842	2.91
498.041	3.11
498.239	2.18
498.438	3.24
498.636	2.99
498.835	3.34
499.034	3.45
499.232	3.1
499.431	2.73
499.629	2.7
499.827	4.05
500.026	3.29
500.224	2.34
500.423	2.72
500.621	2.07
500.82	3.03
501.018	3.51
501.216	3.38
501.415	3.51
501.613	2.17
501.811	2.6
502.01	3.58
502.208	2.87
502.406	4.01
502.604	4.16
502.803	3.75
503.001	4.38
503.199	3.43
503.397	3.68
503.595	3.08
503.794	3.26
503.992	3.45
504.19	3.74
504.388	4.28
504.586	3.2
504.784	3.09
504.982	3.08
505.18	2.41
505.378	3.11
505.576	3.78
505.774	3.63
505.972	3.77
506.17	4.01
506.368	3.69
506.566	3.39
506.764	3.94
506.962	3.53
507.16	3.98
507.358	3.56
507.556	3.44
507.754	4.04
507.952	3.94
508.15	3.47
508.347	3.91
508.545	4.24
508.743	3.83
508.941	3.95
509.139	4.47
509.336	3.68
509.534	4.47
509.732	4.28
509.93	4.35
510.127	3.97
510.325	3.6
510.523	4.19
510.72	4.07
510.918	4.27
511.116	4.36
511.313	3.78
511.511	4.17
511.708	3.53
511.906	4.65
512.104	4.35
512.301	4.54
512.499	4.31
512.696	4.15
512.894	3.47
513.091	4.06
513.289	4.39
513.486	4.15
513.683	3.88
513.881	3.63
514.078	4.18
514.276	4.55
514.473	4.32
514.67	4.09
514.868	4.07
515.065	4.07
515.262	4.48
515.46	4.02
515.657	4.78
515.854	4.65
516.052	4.13
516.249	4.63
516.446	4.56
516.643	4.61
516.84	4.93
517.038	4.22
517.235	4.09
517.432	4.6
517.629	4.72
517.826	4.64
518.023	4.69
518.221	5.15
518.418	5.27
518.615	4.92
518.812	4.68
519.009	4.47
519.206	4.53
519.403	5.02
519.6	4.16
519.797	4.78
519.994	4.94
520.191	5.04
520.388	5
520.585	4.66
520.782	4.87
520.978	4.45
521.175	4.81
521.372	5.07
521.569	4.8
521.766	4.59
521.963	4.75
522.159	5.16
522.356	5.27
522.553	5.4
522.75	5.29
522.947	4.99
523.143	4.55
523.34	5.16
523.537	5.15
523.733	5.01
523.93	5.43
524.127	5.1
524.323	5.38
524.52	5.19
524.717	4.71
524.913	4.63
525.11	4.8
525.306	5.18
525.503	5.18
525.7	5.04
525.896	5.01
526.093	5.08
526.289	5.49
526.486	5.21
526.682	5.2
526.878	5.44
527.075	5.55
527.271	5.67
527.468	5.38
527.664	5.1
527.861	5.78
528.057	5.16
528.253	5.73
528.45	4.87
528.646	5.55
528.842	5.52
529.039	5.27
529.235	5.83
529.431	5.18
529.627	5.72
529.824	5.5
530.02	5.33
530.216	5.11
530.412	5.91
530.608	5.57
530.804	5.63
531.001	5.99
531.197	5.66
531.393	5.48
531.589	5.48
531.785	5.84
531.981	5.59
532.177	5.85
532.373	5.83
532.569	5.86
532.765	5.25
532.961	5.65
533.157	5.26
533.353	5.47
533.549	5.63
533.745	5.98
533.941	5.64
534.137	5.7
534.333	5.5
534.529	5.92
534.725	5.97
534.92	6.02
535.116	5.58
535.312	5.84
535.508	5.84
535.704	5.75
535.899	5.49
536.095	5.81
536.291	5.76
536.487	5.53
536.682	5.78
536.878	5.89
537.074	5.95
537.269	5.79
537.465	5.88
537.661	5.91
537.856	5.87
538.052	6.09
538.248	5.87
538.443	6.31
538.639	5.91
538.834	5.98
539.03	5.82
539.225	6.24
539.421	6.13
539.616	6.03
539.812	6.19
540.007	6.18
540.203	5.86
540.398	6.55
540.593	6.12
540.789	6.16
540.984	6.24
541.18	6.28
541.375	5.97
541.57	6.55
541.766	6.24
541.961	6.3
542.156	6.47
542.352	6.37
542.547	6.03
542.742	6.14
542.937	6.21
543.133	6.68
543.328	6.42
543.523	6.2
543.718	6.29
543.913	6.54
544.108	6.13
544.304	6.39
544.499	6.56
544.694	6.09
544.889	6.47
545.084	6.74
545.279	6.57
545.474	6.33
545.669	6.71
545.864	6.33
546.059	6.35
546.254	6.3
546.449	6.48
546.644	6.3
546.839	6.82
547.034	6.34
547.229	6.45
547.424	6.63
547.618	7.1
547.813	6.32
548.008	6.4
548.203	6.6
548.398	6.72
548.593	6.53
548.787	6.9
548.982	6.78
549.177	6.55
549.372	6.86
549.566	6.94
549.761	6.48
549.956	6.71
550.15	6.49
550.345	7.21
550.54	6.97
550.734	6.94
550.929	6.7
551.124	7.09
551.318	7.02
551.513	6.78
551.707	7.72
551.902	6.87
552.096	7.04
552.291	7.07
552.485	6.91
552.68	6.87
552.874	7.17
553.069	7.31
553.263	7.6
553.458	7.04
553.652	7.18
553.847	6.9
554.041	7.49
554.235	7.11
554.43	7.49
554.624	7.46
554.818	6.98
555.013	7.24
555.207	7.16
555.401	7.24
555.595	7.39
555.79	7.12
555.984	7.35
556.178	7.03
556.372	7.62
556.566	7.57
556.761	7.55
556.955	7.55
557.149	7.4
557.343	7.54
557.537	7.37
557.731	7.52
557.925	7.33
558.119	7.57
558.313	7.25
558.507	7.32
558.701	7.79
558.895	7.51
559.089	7.98
559.283	7.74
559.477	7.88
559.671	7.49
559.865	7.61
560.059	7.5
560.253	7.54
560.447	7.64
560.641	7.75
560.835	7.9
561.028	8.06
561.222	7.85
561.416	7.91
561.61	7.43
561.804	7.8
561.997	7.69
562.191	7.6
562.385	7.7
562.579	7.73
562.772	8.21
562.966	7.82
563.16	7.93
563.353	7.75
563.547	8.04
563.741	7.75
563.934	8.31
564.128	7.95
564.321	7.86
564.515	8.27
564.708	7.79
564.902	7.88
565.095	8.27
565.289	8.17
565.482	8.21
565.676	8.14
565.869	8.17
566.063	8.31
566.256	7.61
566.45	7.77
566.643	8.47
566.836	8.21
567.03	8.69
567.223	7.83
567.416	8.27
567.61	8.4
567.803	8.61
567.996	8.28
568.19	8.3
568.383	8.28
568.576	8.42
568.769	8.5
568.963	8.16
569.156	8.38
569.349	8.89
569.542	8.87
569.735	8.67
569.928	8.65
570.121	8.57
570.315	9.02
570.508	8.76
570.701	8.66
570.894	8.58
571.087	8.63
571.28	8.89
571.473	8.48
571.666	8.39
571.859	8.72
572.052	8.97
572.245	8.93
572.438	8.9
572.631	8.87
572.824	9.23
573.016	8.81
573.209	8.97
573.402	8.74
573.595	8.85
573.788	8.97
573.981	8.94
574.173	9.17
574.366	9.08
574.559	8.88
574.752	8.8
574.944	8.93
575.137	9.05
575.33	8.91
575.523	9.2
575.715	9.11
575.908	9.24
576.101	9
576.293	9.42
576.486	9.02
576.678	9
576.871	9.2
577.063	9.39
577.256	9.07
577.449	8.96
577.641	9.13
577.834	8.75
578.026	9.17
578.219	9.18
578.411	9.01
578.603	9.5
578.796	8.71
578.988	9.5
579.181	9.24
579.373	9.4
579.565	9.24
579.758	9.65
579.95	9.35
580.142	9.27
580.335	9.56
580.527	9.55
580.719	9.54
580.912	9.41
581.104	9.72
581.296	9.05
581.488	9.42
581.68	9.48
581.873	9.84
582.065	9.74
582.257	9.44
582.449	9.51
582.641	9.22
582.833	9.98
583.025	9.06
583.217	9.46
583.41	9.71
583.602	10.12
583.794	9.42
583.986	9.97
584.178	9.85
584.37	9.98
584.562	9.79
584.753	9.64
584.945	9.41
585.137	9.35
585.329	9.42
585.521	10.52
585.713	9.96
585.905	9.83
586.097	9.71
586.289	10.01
586.48	9.82
586.672	9.69
586.864	9.78
587.056	10.11
587.247	9.59
587.439	10.14
587.631	9.44
587.823	10.24
588.014	9.9
588.206	10.31
588.398	10.17
588.589	10.16
588.781	9.83
588.972	10.27
589.164	10.36
589.356	9.7
589.547	10.22
589.739	10.2
589.93	10.03
590.122	9.98
590.313	10.17
590.505	10.1
590.696	9.73
590.888	10.28
591.079	10.14
591.271	10.37
591.462	10.41
591.653	10.59
591.845	10.61
592.036	10.33
592.227	10.03
592.419	10.5
592.61	10.48
592.801	10.32
592.993	10.68
593.184	10.74
593.375	10.16
593.566	10.43
593.758	10.35
593.949	10.21
594.14	10.98
594.331	10.11
594.522	10.59
594.713	10.49
594.905	10.39
595.096	11
595.287	10.78
595.478	10.98
595.669	10.81
595.86	10.11
596.051	10.55
596.242	11.02
596.433	10.41
596.624	10.73
596.815	10.87
597.006	11.17
597.197	10.96
597.388	10.98
597.579	11.36
597.77	11.24
597.96	11.3
598.151	11.48
598.342	10.78
598.533	11.22
598.724	11.63
598.915	11.33
599.105	11.01
599.296	11.29
599.487	10.87
599.678	11.65
599.868	11.13
600.059	10.9
600.25	11.51
600.44	11.3
600.631	11.67
600.822	11.55
601.012	11.53
601.203	11.66
601.394	11.3
601.584	11.73
601.775	11.42
601.965	11.7
602.156	11.12
602.346	11.95
602.537	11.66
602.727	11.95
602.918	11.98
603.108	11.29
603.299	11.78
603.489	11.88
603.679	11.68
603.87	12.2
604.06	12.23
604.251	11.48
604.441	11.81
604.631	11.47
604.822	11.77
605.012	11.61
605.202	11.76
605.392	11.92
605.583	11.77
605.773	12.14
605.963	12.53
606.153	11.35
606.344	11.87
606.534	11.65
606.724	11.96
606.914	12.04
607.104	12.13
607.294	12.45
607.484	12.58
607.674	11.66
607.864	12.35
608.054	12.21
608.245	12.04
608.435	12.37
608.625	12.17
608.814	12.24
609.004	11.91
609.194	12.67
609.384	12.24
609.574	12.36
609.764	11.89
609.954	12.16
610.144	12.96
610.334	12.74
610.524	13.05
610.713	12.72
610.903	12.4
611.093	12.75
611.283	12.99
611.473	12.68
611.662	13.33
611.852	12.57
612.042	13.12
612.231	12.37
612.421	12.34
612.611	12.2
612.8	12.76
612.99	12.68
613.18	12.44
613.369	12.9
613.559	12.42
613.748	13.08
613.938	13.08
614.128	12.37
614.317	12.59
614.507	12.82
614.696	13.4
614.886	12.76
615.075	12.44
615.264	13.29
615.454	13.03
615.643	12.58
615.833	12.25
616.022	12.8
616.211	12.5
616.401	12.2
616.59	13
616.779	13.49
616.969	13.06
617.158	12.98
617.347	12.8
617.537	13.27
617.726	12.68
617.915	13.15
618.104	12.9
618.293	12.9
618.483	12.49
618.672	12.77
618.861	13.38
619.05	13.82
619.239	13.13
619.428	12.8
619.617	13.58
619.806	13.57
619.995	12.53
620.184	12.8
620.373	13.12
620.562	13.79
620.751	13.32
620.94	13.68
621.129	13.08
621.318	13.88
621.507	12.78
621.696	13.16
621.885	12.6
622.074	13.36
622.263	13.54
622.452	14.24
622.64	12.94
622.829	13.18
623.018	13.17
623.207	13.45
623.396	12.93
623.584	13.4
623.773	13.62
623.962	13.22
624.15	14.17
624.339	13.6
624.528	13.71
624.716	14.27
624.905	14.27
625.094	13.63
625.282	13.98
625.471	13.87
625.659	13.39
625.848	13.92
626.037	14.05
626.225	14.94
626.414	14.34
626.602	13.96
626.791	14.09
626.979	14.16
627.167	13.5
627.356	13.83
627.544	13.81
627.733	14.01
627.921	14.41
628.109	14.15
628.298	13.57
628.486	13.69
628.674	14.03
628.863	14.72
629.051	14.81
629.239	14.15
629.428	13.98
629.616	14.74
629.804	14.82
629.992	14.64
630.18	14.25
630.369	14.7
630.557	13.5
630.745	13.54
630.933	15.41
631.121	14.64
631.309	14.25
631.497	15
631.685	14.43
631.873	14.22
632.061	14.75
632.249	14.83
632.437	15.11
632.625	13.66
632.813	14.99
633.001	14.05
633.189	14.25
633.377	15
633.565	14.29
633.753	13.97
633.941	14.31
634.129	14.94
634.316	15.3
634.504	14.85
634.692	14.35
634.88	14.03
635.068	14.71
635.255	14.75
635.443	15.16
635.631	14.05
635.818	15.33
636.006	14.31
636.194	14.23
636.382	14.39
636.569	15.21
636.757	15.37
636.944	14.33
637.132	14.94
637.32	14.96
637.507	15.76
637.695	14.82
637.882	15.26
638.07	15.71
638.257	14.78
638.445	15.1
638.632	13.61
638.82	14.62
639.007	13.88
639.194	14.5
639.382	14.63
639.569	14.66
639.757	15.65
639.944	14.57
640.131	14.64
640.319	15.01
640.506	15.09
640.693	15.82
640.88	14.44
641.068	15.46
641.255	15.07
641.442	14.88
641.629	13.27
641.817	15.21
642.004	14.86
642.191	15.04
642.378	15.6
642.565	14.77
642.752	15.18
642.939	14.32
643.126	14.16
643.313	14.99
643.501	14.72
643.688	15.01
643.875	15.22
644.062	15.5
644.249	14.49
644.435	13.99
644.622	13.62
644.809	14.69
644.996	13.99
645.183	15.1
645.37	14.97
645.557	15.23
645.744	14.73
645.931	15.17
646.117	15.49
646.304	14.75
646.491	14.37
646.678	15.23
646.865	14.4
647.051	15.44
647.238	15.21
647.425	14.21
647.611	14.17
647.798	14.82
647.985	14.11
648.171	15.62
648.358	15.56
648.545	14.24
648.731	13.53
648.918	15.35
649.104	13.64
649.291	14.7
649.477	15.23
649.664	15.59
649.85	14.91
650.037	15.52
650.223	13.99
650.41	13.52
650.596	14.04
650.783	15.15
650.969	14.28
651.155	14.44
651.342	15.09
651.528	13.7
651.714	13.44
651.901	15.6
652.087	13.83
652.273	13.24
652.46	14.66
652.646	16.23
652.832	15.07
653.018	14.19
653.204	15.17
653.391	14.63
653.577	14.97
653.763	15.04
653.949	13.83
654.135	15.39
654.321	13.58
654.507	14.53
654.693	13.35
654.879	14.93
655.065	14.02
655.252	13.01
655.438	14.27
655.624	15.01
655.809	13.88
655.995	14.28
656.181	14.64
656.367	15.19
656.553	16.53
656.739	15.1
656.925	15.69
657.111	13.8
657.297	16.6
657.482	14.53
657.668	15.75
657.854	13.26
658.04	12.77
658.226	13.71
658.411	13.05
658.597	15.53
658.783	14.57
658.968	15.27
659.154	13.52
659.34	14.39
659.525	14.13
659.711	14.05
659.897	15
660.082	14.68
660.268	13.79
660.453	13.78
660.639	13.98
660.824	12.78
661.01	15.4
661.195	13.37
661.381	13.5
661.566	13.03
661.752	12.11
661.937	12.94
662.123	12.61
662.308	14.37
662.494	13.45
662.679	12.43
662.864	14.22
663.05	13.91
663.235	13.44
663.42	14.04
663.605	13.17
663.791	11.63
663.976	13.64
664.161	13.79
664.346	12.82
664.532	12.55
664.717	11.45
664.902	13.33
665.087	15.37
665.272	13.63
665.457	10.58
665.642	11.35
665.828	11.89
666.013	12.35
666.198	10.94
666.383	13.41
666.568	11.77
666.753	14.15
666.938	12.74
667.123	14.29
667.308	12.48
667.493	13.82
667.677	13.06
667.862	12.76
668.047	13.97
668.232	12.93
668.417	14.02
668.602	12.43
668.787	12.18
668.971	13.01
669.156	12.69
669.341	11.88
669.526	14.19
669.711	13.01
669.895	14.45
670.08	10.11
670.265	14.13
670.449	15.06
670.634	12.63
670.819	11.38
671.003	12.72
671.188	12.97
671.372	10.53
671.557	14.54
671.742	13.64
671.926	13.35
672.111	13.47
672.295	11.13
672.48	12.45
672.664	12.93
672.849	10.38
673.033	13.26
673.217	11.85
673.402	14.15
673.586	9.83
673.771	13.5
673.955	14.86
674.139	12
674.324	12.04
674.508	12.24
674.692	13.59
674.876	13.4
675.061	14.85
675.245	15.15
675.429	11.48
675.613	11.29
675.798	13.1
675.982	14.77
676.166	11.3
676.35	14.36
676.534	13.07
676.718	15.49
676.902	16.25
677.087	9.67
677.271	11.58
677.455	15.85
677.639	12.23
677.823	14.33
678.007	15.73
678.191	13.97
678.375	16.31
678.559	14.03
678.742	11.83
678.926	17.29
679.11	18.99
679.294	13.12
679.478	12.24
679.662	13.96
679.846	16.17
680.029	15.77
680.213	12.66
680.397	12.51
680.581	14.59
680.765	15.97
680.948	14.16
681.132	15.91
681.316	11.44
681.499	13.71
681.683	17.95
681.867	15.87
682.05	17.83
682.234	11.59
682.417	15.44
682.601	17.51
682.785	16.91
682.968	15.13
683.152	17.41
683.335	16.24
683.519	16.65
683.702	14.95
683.886	13.03
684.069	19.45
684.253	16.75
684.436	19.55
684.619	15.21
684.803	18.4
684.986	18.49
685.169	20.58
685.353	14.91
685.536	16.27
685.719	18.25
685.903	17.51
686.086	16.52
686.269	19.32
686.452	17.8
686.636	18.62
686.819	18.31
687.002	21.36
687.185	18.22
687.368	16.72
687.551	18.25
687.734	19.27
687.918	24.42
688.101	20.51
688.284	18.29
688.467	20.62
688.65	22.35
688.833	20.36
689.016	20.5
689.199	18.52
689.382	18.96
689.565	26.21
689.748	21.53
689.93	16.19
690.113	25
690.296	22.37
690.479	22.42
690.662	23.56
690.845	18.23
691.028	19.58
691.21	25
691.393	21.74
691.576	21.54
691.759	22.23
691.941	23.13
692.124	21.7
692.307	17.12
692.489	20.16
692.672	20.83
692.855	23.53
693.037	28.67
693.22	24.66
693.403	23.26
693.585	28.2
693.768	26.82
693.95	23.59
694.133	20.32
694.315	21.25
694.498	26.62
694.68	17.79
694.863	23.89
695.045	23.32
695.228	26.93
695.41	22.96
695.592	24.95
695.775	23.18
695.957	26.45
696.139	23.22
696.322	23.78
696.504	28.34
696.686	18.51
696.869	24.01
697.051	26.82
697.233	31.02
697.415	26.08
697.597	21.2
697.78	22.37
697.962	25.91
698.144	27.99
698.326	25.5
698.508	25.13
698.69	26.59
698.872	23.23
699.055	28.65
699.237	21.67
699.419	23.33
699.601	24.77
699.783	30.73
699.965	23.25
700.147	20.9
700.329	30.74
700.51	27.61
700.692	29.01
700.874	24.94
701.056	28.08
701.238	30.68
701.42	30.97
701.602	21.36
701.783	23.58
701.965	25.73
702.147	24.88
702.329	27.63
702.511	32.23
702.692	26.9
702.874	21.33
703.056	23.79
703.237	25.5
703.419	30.15
703.601	30.38
703.782	23.16
703.964	30.81
704.146	27.44
704.327	29.3
704.509	27.58
704.69	30.42
704.872	28.87
705.053	26.3
705.235	31.16
705.416	24.16
705.598	21.02
705.779	23.4
705.961	28.65
706.142	21.69
706.323	25.93
706.505	29.45
706.686	27.79
706.867	27.46
707.049	28.8
707.23	26.02
707.411	25.81
707.593	29.87
707.774	22.59
707.955	21.97
708.136	31.08
708.318	31.38
708.499	33.89
708.68	21.21
708.861	33.91
709.042	19.73
709.223	32.91
709.404	22.19
709.585	21.56
709.767	25.66
709.948	29.81
710.129	29.4
710.31	23.47
710.491	20.86
710.672	25.4
710.853	17.01
711.034	26.68
711.214	23.53
711.395	21.52
711.576	31.23
711.757	34.64
711.938	34.16
712.119	25.96
712.3	29.66
712.481	19.8
712.661	33.67
712.842	26.79
713.023	29.26
713.204	25.21
713.384	29.38
713.565	24.96
713.746	20.67
713.926	18.99
714.107	23.66
714.288	32.6
714.468	31.08
714.649	34.18
714.83	31.32
715.01	38.49
715.191	21.9
715.371	28.21
715.552	31.41
715.732	35.68
715.913	23.65
716.093	27.31
716.274	26.77
716.454	32.12
716.635	30.56
716.815	38.62
716.995	24.52
717.176	34.49
717.356	19.88
717.536	33.53
717.717	41.07
717.897	27.53
718.077	22.61
718.258	28.57
718.438	25.52
718.618	27.63
718.798	24.21
718.978	19.87
719.159	32.74
719.339	46.22
719.519	15.59
719.699	47.71
719.879	18.39
720.059	28.02
720.239	31.95
720.419	28.24
720.599	33.59
720.779	44.22
720.959	26.19
721.139	27.05
721.319	23.4
721.499	33.05
721.679	11.49
721.859	31.89
722.039	17.07
722.219	31.56
722.399	24.86
722.579	33.96
722.759	34.72
722.938	23.03
723.118	33.23
723.298	28.57
723.478	23.44
723.658	44.35
723.837	31.07
724.017	23.14
724.197	25.76
724.376	31.16
724.556	24.77
724.736	17.17
724.915	33.71
725.095	17.83
725.275	20.21
725.454	39.59
725.634	25.43
725.813	30.26
725.993	20.33
726.172	37.59
726.352	33.42
726.531	36.92
726.711	25.48
726.89	35.11
727.07	36.63
727.249	38.41
727.428	35.13
727.608	25.76
727.787	31.8
727.966	36.42
728.146	29.33
728.325	37.92
728.504	17.57
728.684	33.72
728.863	18.9
729.042	33.06
729.221	13.66
729.4	21.22
729.58	37.45
729.759	26.87
729.938	30.03
730.117	49
730.296	27.82
730.475	41.19
730.654	44.11
730.833	34.37
731.013	27.69
731.192	28.83
731.371	39.05
731.55	22.98
731.729	29.46
731.907	30.14
732.086	43.57
732.265	44.72
732.444	24.06
732.623	57.07
732.802	16.63
732.981	25.87
733.16	26.32
733.339	17.12
733.517	33.18
733.696	50.13
733.875	55.28
734.054	10.8
734.232	59.43
734.411	52.91
734.59	26.3
734.768	41.49
734.947	37.72
735.126	23.42
735.304	39.6
735.483	33.18
735.662	40.05
735.84	42.34
736.019	34.58
736.197	37.59
736.376	36.35
736.554	61.52
736.733	54.84
736.911	34.72
737.09	9.19
737.268	25.62
737.447	44
737.625	27.95
737.803	31.78
737.982	53.06
738.16	41.78
738.338	23.49
738.517	27.28
738.695	45.39
738.873	4.33
739.052	17.68
739.23	32.45
739.408	42.18
739.586	35.53
739.764	21.49
739.943	40.9
740.121	48.04
740.299	15.77
740.477	39.72
740.655	60.3
740.833	24.75
741.011	42.35
741.189	33.85
741.367	22.3
741.545	15.34
741.723	23.52
741.901	17.82
742.079	56.95
742.257	55.58
742.435	41.63
742.613	28.26
742.791	29.16
742.969	33.15
743.147	11.41
743.325	63.16
743.503	26.35
743.68	27.06
743.858	39.94
744.036	29.99
744.214	36.77
744.391	6.35
744.569	11.38
744.747	46.31
744.925	39.95
745.102	32.46
745.28	25.84
745.458	25.21
745.635	41.88
745.813	71.09
745.99	40.21
746.168	23.51
746.345	66.03
746.523	34.31
746.7	47.8
746.878	60.91
747.055	32.83
747.233	53.89
747.41	60.3
747.588	13.47
747.765	48.4
747.943	31.8
748.12	31.39
748.297	21.63
748.475	34.06
748.652	39.15
748.829	72.74
749.007	48.78
749.184	54.76
749.361	43.43
749.538	65.97
749.716	24.85
749.893	60.75
750.07	41.99
750.247	28.28
750.424	28.28
750.601	45.6
750.778	60.36
750.956	39.55
751.133	22.09
751.31	33.51
751.487	30.53
751.664	25.51
751.841	21.63
752.018	37.94
752.195	17.82
752.372	41.99
752.549	12.02
752.726	47.89
752.902	47.29
753.079	39.06
753.256	51.86
753.433	55.07
753.61	54.39
753.787	-32.55
753.964	30.5
754.14	-24.38
754.317	62.14
754.494	1.15
754.671	36.17
754.847	21.61
755.024	54.11
755.201	24.19
755.377	60.6
755.554	26.27
755.73	17.18
755.907	28.57
756.084	77.31
756.26	26.67
756.437	29.92
756.613	35.93
756.79	63.83
756.966	15.91
757.143	25.03
757.319	32.42
757.496	37.06
757.672	-7.02
757.849	39.72
758.025	24.77
758.201	52.31
758.378	31.57
758.554	-24.95
758.73	-3.26
758.907	50.85
759.083	20.9
759.259	44.46
759.435	18.57
759.612	42.44
759.788	60.74
759.964	47.51
760.14	53.32
760.316	45.86
760.493	33.04
760.669	50.95
760.845	20.39
761.021	49.66
761.197	1.65
761.373	-3.31
761.549	51.15
761.725	16.57
761.901	31.71
762.077	61.21
762.253	10.37
762.429	46.2
762.605	36.89
762.781	43.58
762.957	14.77
763.133	42.5
763.308	47.79
763.484	35.67
763.66	15.13
763.836	-29.02
764.012	-6.77
764.187	17.88
764.363	56.37
764.539	48.37
764.715	5.97
764.89	23.33
765.066	42.53
765.242	-1.16
765.417	19.71
765.593	46.78
765.769	28.57
765.944	18.07
766.12	59.83
766.295	11.68
766.471	53.38
766.646	78.36
766.822	49.73
766.997	12.81
767.173	66.05
767.348	73.34
767.524	2.59
767.699	27.15
767.875	64.1
768.05	47
768.225	54.12
768.401	31.08
768.576	63.07
768.751	38.37
768.927	71.16
769.102	110.52
769.277	46.9
769.452	52.1
769.628	64.13
769.803	17.66
769.978	10.27
770.153	10.53
770.328	31.15
770.503	40.37
770.679	103.81
770.854	47.18
771.029	18.89
771.204	303.31
771.379	34.17
771.554	-16.49
771.729	-1.25
771.904	26.12
772.079	95.8
772.254	6.55
772.429	90.72
772.604	41.96
772.779	55.68
772.953	-18.71
773.128	43.86
773.303	-23.37
773.478	129.11
773.653	48.9
773.828	48.52
774.002	114.99
774.177	2.94
774.352	346.09
774.527	41.81
774.701	11.86
774.876	86.18
775.051	-306.95
775.225	-8.49
775.4	28.94
775.575	65.78
775.749	60.93
775.924	55.92
776.098	73.8
776.273	56.47
776.447	48.26
776.622	16.52
776.796	38.66
776.971	-37.53
777.145	65.51
777.32	90.68
777.494	95.07
777.669	82.07
777.843	-280.78
778.017	68.17
778.192	48.6
778.366	-3.36
778.54	95.8
778.715	-45.6
778.889	134.49
779.063	76.74
779.237	32.47
779.412	90.22
779.586	-23.33
779.76	53.87
779.934	39.64
780.108	0.26
780.282	-265.67
780.457	51.01
780.631	14.58
780.805	37.96
780.979	182.09
781.153	92.58
781.327	58.69
781.501	24.6
781.675	81.05
781.849	19.2
782.023	62.33
782.197	38.08
782.371	-33.14
782.545	67.48
782.718	-67.14
782.892	127.01
783.066	58.2
783.24	277.73
783.414	-33.68
783.588	126.08
783.761	36.7
783.935	19.59
784.109	44.71
784.283	-19.13
784.456	177.25
784.63	57.52
784.804	76.41
784.977	45.82
785.151	51.96
785.324	101.69
785.498	13.24
785.672	87.31
785.845	12.27
786.019	29.38
786.192	231.79
786.366	1.86
786.539	236.61
786.713	-15.8
786.886	9.43
787.06	-115.41
787.233	49.66
787.406	-59.11
787.58	27.15
787.753	29.4
787.926	34.94
788.1	104.29
788.273	-433.96
788.446	40.59
788.62	316.13
788.793	-74.15
788.966	19.38
789.139	71.55
789.313	13.62
789.486	2428.57
789.659	-26.29
789.832	56.93
790.005	86.11
790.178	338.05
790.351	70.57
790.524	53.56
790.697	54.91
790.87	-92.39
791.044	876.36
791.216	34.37
791.389	1.07
791.562	88.85
791.735	169.62
791.908	153.25
792.081	80.27
792.254	-156.04
792.427	-31.97
792.6	74.05
792.773	45.74
792.945	468.66
793.118	-41.19
793.291	-274.73
793.464	-70.64
793.637	141.1
793.809	59.1
793.982	29.3
794.155	114.07
794.327	52.53
794.5	273.85
794.673	-106.07
794.845	-28.79
795.018	-74.11
795.19	186.52
795.363	64.18
795.536	98.89
795.708	-496.77
795.881	11960
796.053	81.26
796.226	302.86
796.398	110.54
796.57	34.13
796.743	84.55
796.915	-64.47
797.088	10.53
797.26	86.61
797.432	-149.37
797.605	-172.19
797.777	-594.81
797.949	-31.66
798.122	36.3
798.294	-26.01
798.466	42.29
798.638	49.53
798.81	176.34
798.983	443.04
799.155	77.1
799.327	-92.05
799.499	93.16
799.671	98.23
799.843	19.18
800.015	101.95
800.187	-25.44
800.359	74.94
800.531	65.68
800.703	20.39
800.875	-51.06
801.047	108.83
801.219	-135.84
801.391	153.25
801.563	191.37
801.735	-100.98
801.907	-28.22
802.079	112.93
802.251	-235.16
802.422	379.53
802.594	-501.3
802.766	5.62
802.938	146.19
803.11	102.04
803.281	33.11
803.453	-20.72
803.625	49.86
803.796	15.7
803.968	141.84
804.14	-2.11
804.311	-3.03
804.483	77.97
804.654	61.9
804.826	211.29
804.998	328.34
805.169	51.74
805.341	-376
805.512	177.64
805.684	165.5
805.855	120.73
806.026	273.85
806.198	435.58
806.369	25.05
806.541	92.59
806.712	99.11
806.883	-25.61
807.055	16.07
807.226	75.14
807.397	94.51
807.569	189.38
807.74	121.48
807.911	160.82
808.082	-149.78
808.253	-108.91
808.425	27.1
808.596	65.17
808.767	-214.39
808.938	-36.07
809.109	69.31
809.28	-124.17
809.451	79.35
809.622	58.82
809.793	-767.74
809.964	-92.17
810.135	200
810.306	-119.08
810.477	175.84
810.648	76.64
810.819	181.64
810.99	2840
811.161	-18.59
811.332	154.59
811.503	2.35
811.674	-132.31
811.844	-575.38
812.015	54.35
812.186	391.41
812.357	236.05
812.527	55.82
812.698	-51.66
812.869	720.75
813.04	5.92
813.21	282.76
813.381	17.9
813.551	58.03
813.722	37.89
813.893	50.7
814.063	107.69
814.234	90.91
814.404	166.31
814.575	134.92
814.745	-352.21
814.916	82.31
815.086	-4.63
815.257	269.96
815.427	-28.22
815.598	24.97
815.768	71.25
815.938	87.78
816.109	311.74
816.279	25.62
816.449	-82.78
816.62	200
816.79	82.89
816.96	-841.51
817.13	18.45
817.301	-195.94
817.471	-10.25
817.641	295.71
817.811	156.2
817.981	1400
818.152	46.45
818.322	69.31
818.492	-48.4
818.662	144.88
818.832	75.03
819.002	8.94
819.172	41.99
819.342	144.51
819.512	50.29
819.682	49.76
819.852	29.98
820.022	61.64
820.192	119.1
820.362	-47.45
820.531	219.54
820.701	109.04
820.871	118.64
821.041	-38.91
821.211	57.2
821.381	155.11
821.55	36.6
821.72	-553.49
821.89	827.69
822.059	-57.32
822.229	16.79
822.399	38.57
822.568	222.57
822.738	609.76
822.908	-50.31
823.077	-87.82
823.247	114.17
823.416	764.71
823.586	20.32
823.756	129.01
823.925	-270.89
824.095	4.65
824.264	-321.97
824.433	-330.97
824.603	193.12
824.772	-38.69
824.942	-741.77
825.111	37.19
825.28	-113.04
825.45	-248.7
825.619	177.64
825.788	65.17
825.958	14.15
826.127	117.24
826.296	90.55
826.465	75.76
826.635	120.24
826.804	7.08
826.973	-83.39
827.142	-106.38
827.311	-146.31
827.48	131.79
827.649	143.57
827.818	-17.32
827.988	123.2
828.157	90.91
828.326	-80.11
828.495	30.03
828.664	-14.79
828.833	115.19
829.002	-314.29
829.17	304.7
829.339	55.28
829.508	-42.91
829.677	361.8
829.846	48.2
830.015	24.23
830.184	-34.95
830.352	-26.71
830.521	139.57
830.69	843.9
830.859	-1776.47
831.027	1968.42
831.196	17.1
831.365	63.4
831.533	17.42
831.702	49.39
831.871	-19.76
832.039	91.55
832.208	-133.91
832.377	114.96
832.545	33.42
832.714	94.9
832.882	34.02
833.051	110.41
833.219	3800
833.388	88.48
833.556	-111.37
833.724	81.27
833.893	0.4
834.061	1147.37
834.23	0.68
834.398	121.24
834.566	137.66
834.735	5514.29
834.903	-275.47
835.071	-3880
835.239	-20.33
835.408	73.68
835.576	339.53
835.744	-43.8
835.912	152
836.08	72.63
836.249	-366.04
836.417	232.09
836.585	134.74
836.753	88.83
836.921	109.19
837.089	200
837.257	-553.49
837.425	51.91
837.593	86.28
837.761	-2.34
837.929	125.73
838.097	46.11
838.265	34.7
838.433	-91.15
838.601	85.41
838.769	-331.65
838.936	105.62
839.104	111.72
839.272	64.43
839.44	130.95
839.608	-180.49
839.775	-61.57
839.943	96.13
840.111	101.31
840.279	35.65
840.446	-32.84
840.614	59.74
840.781	200
840.949	77.84
841.117	-250.68
841.284	14.59
841.452	132.92
841.619	31.51
841.787	22.88
841.954	283.72
842.122	-1.16
842.289	80.62
842.457	-146.74
842.624	175.4
842.792	-211.68
842.959	-204.57
843.126	-36.62
843.294	-77.2
843.461	18.73
843.629	-78.4
843.796	67.82
843.963	214.01
844.13	81.69
844.298	334.36
844.465	-27.41
844.632	6.21
844.799	-101.51
844.966	-137.02
845.134	33.29
845.301	5.95
845.468	-38.41
845.635	72.79
845.802	133.62
845.969	-70.08
846.136	58.12
846.303	-178.95
846.47	32.22
846.637	-76.92
846.804	-3147.37
846.971	-47.87
847.138	149.03
847.305	-320.35
847.472	65.05
847.639	135.36
847.805	21.75
847.972	-423.38
848.139	-26.61
848.306	1273.68
848.473	970.15
848.639	52.77
848.806	238.4
848.973	-31.74
849.14	207.57
849.306	-36.77
849.473	88.74
849.64	-243.08
849.806	-0.96
849.973	375.14
850.139	-173.51
850.306	23.13
850.472	45.02
850.639	26.89
850.806	-1189.47
850.972	220.87
851.139	5000
851.305	130.6
851.471	110.32
851.638	30.67
851.804	-104.48
851.971	-116.63
852.137	-28.02
852.303	62.13
852.47	-7.29
852.636	39.23
852.802	228.35
852.968	210.21
853.135	120.81
853.301	-49.71
853.467	62.3
853.633	26.12
853.8	100.81
853.966	-293.4
854.132	3971.43
854.298	-54.01
854.464	361.8
854.63	76.97
854.796	208.14
854.962	96.4
855.128	11.57
855.294	-74.64
855.46	62.76
855.626	9.43
855.792	-198.46
855.958	106.8
856.124	-109.2
856.29	-30.46
856.456	57.09
856.622	-19.57
856.787	558.44
856.953	10.53
857.119	93.07
857.285	97.63
857.45	68.55
857.616	95.12
857.782	-48.59
857.948	102.19
858.113	-115.36
858.279	84.26
858.445	-111.81
858.61	32.56
858.776	238.87
858.941	-144.55
859.107	97.78
859.273	157.65
859.438	-43.54
859.604	-242.11
859.769	313.39
859.935	-287.13
860.1	86.06
860.265	35.95
860.431	148.2
860.596	10314.29
860.762	46.06
860.927	108.22
861.092	57.08
861.258	-109.35
861.423	130.5
861.588	89.83
861.753	3457.14
861.919	-479.25
862.084	133.86
862.249	309.83
862.414	154.95
862.579	-80.2
862.745	34.23
862.91	142.44
863.075	-11.07
863.24	16.11
863.405	157.79
863.57	-42.35
863.735	152.58
863.9	61.95
864.065	114.13
864.23	19.53
864.395	392.17
864.56	102.11
864.725	2.53
864.89	105.62
865.055	57.25
865.22	-8.87
865.384	-123.6
865.549	491.26
865.714	132.55
865.879	3.28
866.044	-0.66
866.208	137.47
866.373	-10.99
866.538	48.24
866.702	3.28
866.867	58.7
867.032	70.12
867.196	87.34
867.361	497.6
867.526	-98.71
867.69	-86.03
867.855	226.37
868.019	505.45
868.184	39.58
868.348	44.37
868.513	-264.52
868.677	129.96
868.842	64.31
869.006	81.02
869.17	-773.58
869.335	287.8
869.499	-638.83
869.663	104.64
869.828	49.39
869.992	311.63
870.156	39.88
870.321	41.64
870.485	-36.81
870.649	3.69
870.813	-21.4
870.978	87.66
871.142	-427.69
871.306	12.32
871.47	383.94
871.634	181.1
871.798	-75.78
871.962	63.33
872.126	-1857.14
872.29	127.36
872.454	885.71
872.618	-23.92
872.782	-14.93
872.946	30.87
873.11	242.21
873.274	-28.9
873.438	-364.71
873.602	3.69
873.766	122.08
873.93	2.74
874.094	159.55
874.257	-6.9
874.421	345.66
874.585	221.82
874.749	-32.71
874.912	70.5
875.076	36.23
875.24	34.75
875.403	273.72
875.567	261.71
875.731	361.8
875.894	43.27
876.058	-121.53
876.222	-83.15
876.385	-228.14
876.549	45.47
876.712	1203.64
876.876	-183.81
877.039	130.5
877.203	96.02
877.366	-182.88
877.529	-130.74
877.693	5.21
877.856	160.55
878.02	20.12
878.183	154.86
878.346	-376.62
878.51	-246.02
878.673	200
878.836	-19.56
878.999	470.97
879.163	93.21
879.326	89.51
879.489	43.05
879.652	64.87
879.815	-3.77
879.978	-40
880.142	-17.45
880.305	-75.78
880.468	-2.41
880.631	193.63
880.794	-26.46
880.957	-297.56
881.12	-717.65
881.283	-15.25
881.446	24.5
881.609	-84.89
881.772	16.29
881.935	-2129.41
882.097	190.79
882.26	-569.81
882.423	85.43
882.586	169
882.749	46.06
882.912	-241.72
883.074	33.39
883.237	129.72
883.4	31.3
883.562	58.73
883.725	-126.4
883.888	48.82
884.05	-10600
884.213	66
884.376	106.45
884.538	-3.77
884.701	-3.77
884.863	-3.77
