181.954	68.83
182.172	68.83
182.39	68.83
182.608	6920
182.826	15.38
183.043	-34.89
183.261	-5.99
183.479	185.92
183.697	1470.59
183.914	243.72
184.132	122.99
184.35	286.1
184.567	61.41
184.785	-203.54
185.003	58.1
185.22	138.2
185.438	73.32
185.656	55.28
185.873	-316.92
186.091	42.76
186.309	-213.79
186.526	140.27
186.744	51.72
186.961	-81.55
187.179	-21.8
187.396	-36.33
187.614	716.92
187.831	1640
188.049	-300.61
188.266	99.31
188.484	-140.3
188.701	-137.86
188.919	59.31
189.136	65.34
189.354	167.57
189.571	-272.04
189.789	53.66
190.006	21.65
190.223	-241.08
190.441	-2.8
190.658	1057.14
190.876	51.83
191.093	-498.9
191.31	-1.4
191.528	-69.79
191.745	41.28
191.962	74.5
192.179	89.84
192.397	-72.06
192.614	256.03
192.831	-67.88
193.049	21.24
193.266	176.7
193.483	44.02
193.7	107.69
193.917	66.18
194.135	208.63
194.352	-156.76
194.569	81.99
194.786	158.53
195.003	115.69
195.221	9.55
195.438	-20.49
195.655	-113.57
195.872	-15.59
196.089	73.91
196.306	78.74
196.523	154.86
196.74	151.02
196.957	27.39
197.174	23.35
197.391	82.58
197.608	10.11
197.825	-225.81
198.042	-68.15
198.259	-172.41
198.476	214.59
198.693	5960
198.91	-88.41
199.127	2.99
199.344	-96.36
199.561	200
199.778	65.92
199.995	2.99
200.212	903.45
200.429	-181.04
200.646	-392.41
200.862	24.72
201.079	-29.55
201.296	295.36
201.513	421.36
201.73	-12.55
201.947	63.03
202.163	-148.7
202.38	-153.76
202.597	90.91
202.814	53.56
203.03	1400
203.247	-149.75
203.464	11.85
203.681	355.84
203.897	111.35
204.114	64.15
204.331	89.08
204.547	-693.02
204.764	114.44
204.981	1329.41
205.197	-14.47
205.414	13.9
205.63	324.14
205.847	-23.12
206.064	898.18
206.28	46.32
206.497	80.89
206.713	58.12
206.93	4.77
207.146	-26.05
207.363	532.31
207.579	-1118.68
207.796	-129.2
208.012	127.67
208.229	-1000
208.445	-2.72
208.662	68.91
208.878	73
209.095	-788.24
209.311	8.5
209.528	200
209.744	-22.39
209.96	-316.56
210.177	165.05
210.393	48.19
210.609	11720
210.826	52.76
211.042	106.09
211.258	20.9
211.475	-146.52
211.691	23.23
211.907	-210.13
212.124	-16.14
212.34	488
212.556	-81.03
212.772	-367.03
212.989	-101.99
213.205	-83.39
213.421	-354.77
213.637	-140.3
213.853	157.98
214.069	-1252.63
214.286	88.05
214.502	-32.84
214.718	-142.32
214.934	233.99
215.15	78.03
215.366	58.1
215.582	-113.78
215.798	57.11
216.015	-13.08
216.231	115.68
216.447	-32.79
216.663	-26.3
216.879	-143.72
217.095	280.54
217.311	245.28
217.527	114.48
217.743	-673.79
217.959	-320.75
218.175	-56.98
218.391	200
218.606	35.43
218.822	-238.26
219.038	33.16
219.254	131.79
219.47	-112.66
219.686	725.84
219.902	78.69
220.118	18.74
220.334	-13.74
220.549	109.13
220.765	14.04
220.981	-29.86
221.197	23.02
221.413	-459.34
221.628	93.67
221.844	471.7
222.06	258.25
222.276	-34.65
222.491	120.14
222.707	-12.46
222.923	46.98
223.139	131.32
223.354	-85.86
223.57	-149.61
223.786	43.48
224.001	-124.32
224.217	-156.85
224.432	61.27
224.648	161.12
224.864	84.34
225.079	-498.51
225.295	33.25
225.51	465.95
225.726	27.1
225.942	38.24
226.157	62.01
226.373	-65.53
226.588	-55.16
226.804	1463.16
227.019	91.46
227.235	-21.81
227.45	28.34
227.665	8360
227.881	20.47
228.096	-269.57
228.312	6.45
228.527	96.98
228.743	97.14
228.958	-121.87
229.173	-613.91
229.389	-7.96
229.604	78.56
229.819	101.91
230.035	-122.26
230.25	-51.9
230.465	87.66
230.681	4.56
230.896	-35.51
231.111	14.18
231.327	13.49
231.542	6440
231.757	-27.51
231.972	-24.73
232.187	-152.34
232.403	-1757.89
232.618	-72.54
232.833	44.95
233.048	-61.82
233.263	-1.91
233.478	-123.48
233.694	-525.58
233.909	548.39
234.124	37.16
234.339	-48.92
234.554	-89.66
234.769	-7.37
234.984	-241.26
235.199	58.48
235.414	-129.2
235.629	-255.7
235.844	-79.07
236.059	69.24
236.274	54.98
236.489	188.71
236.704	143.33
236.919	-72.89
237.134	35.08
237.349	41.64
237.564	61.59
237.779	-91.29
237.994	36.6
238.209	135.34
238.424	-42.94
238.639	13.37
238.853	-41.83
239.068	29.61
239.283	-42.9
239.498	130.34
239.713	47.08
239.928	14.38
240.142	79.43
240.357	-19.07
240.572	-23.1
240.787	-107.36
241.001	-19.57
241.216	15.94
241.431	285.41
241.646	104.65
241.86	-85.2
242.075	-1055.81
242.29	43.29
242.504	-16.03
242.719	155.28
242.934	-92.91
243.148	52.39
243.363	55.13
243.577	-56.18
243.792	29.96
244.007	68.09
244.221	-96.1
244.436	38.81
244.65	-263.8
244.865	74.88
245.079	87
245.294	-473.38
245.508	55.68
245.723	7.32
245.937	160.44
246.152	-112.94
246.366	70.33
246.581	2.5
246.795	-197.55
247.01	19.53
247.224	8.13
247.438	-103.51
247.653	48.7
247.867	149.3
248.081	66.94
248.296	1107.32
248.51	67.66
248.724	15.13
248.939	-104.48
249.153	57.96
249.367	-32.63
249.582	29.97
249.796	153.25
250.01	-6.62
250.224	50.73
250.439	-33.24
250.653	127.05
250.867	51.8
251.081	-181.04
251.295	-57.54
251.51	-106.38
251.724	-343.88
251.938	159.85
252.152	121.17
252.366	57.63
252.58	-367.27
252.794	61.98
253.008	414.57
253.223	-76.72
253.437	-59.56
253.651	22.58
253.865	76.1
254.079	-73.04
254.293	74.95
254.507	-389.09
254.721	-35.24
254.935	94.51
255.149	30.02
255.363	89.05
255.577	167.79
255.791	73.9
256.005	30.67
256.218	119.04
256.432	-97.7
256.646	2.4
256.86	-77.18
257.074	91.6
257.288	2120
257.502	-314.29
257.716	32.61
257.929	109.37
258.143	-4.88
258.357	34.63
258.571	107.01
258.785	-47.15
258.998	44.06
259.212	116.7
259.426	65.47
259.64	91.6
259.853	8.15
260.067	56.67
260.281	94.58
260.494	52.53
260.708	378.22
260.922	52.16
261.135	58.32
261.349	10.42
261.563	124.82
261.776	-858.82
261.99	50.79
262.203	18.43
262.417	-118.02
262.63	-3.39
262.844	132.58
263.058	-80.68
263.271	21.23
263.485	-17.9
263.698	46.42
263.912	-218.72
264.125	-110.74
264.339	-121.26
264.552	40.48
264.765	-499.13
264.979	113.48
265.192	105.18
265.406	-61.77
265.619	121.31
265.832	-14.35
266.046	-28.79
266.259	-7.46
266.473	-2393.55
266.686	88.85
266.899	60.59
267.113	6680
267.326	-62.9
267.539	77.43
267.752	18.05
267.966	1.89
268.179	142.44
268.392	10.86
268.605	-83.46
268.819	83.59
269.032	0.95
269.245	403.08
269.458	160.15
269.671	-12.66
269.885	13.75
270.098	32.75
270.311	321.52
270.524	-58.32
270.737	-2.56
270.95	88.74
271.163	360.63
271.376	935.48
271.589	-118.99
271.802	-24.02
272.016	24.1
272.229	44.06
272.442	136.84
272.655	-35.85
272.868	-38.44
273.081	-204.49
273.294	19.79
273.506	178.8
273.719	6.52
273.932	-5.6
274.145	5240
274.358	-8.97
274.571	119.33
274.784	1083.02
274.997	10.75
275.21	12.42
275.423	-11.09
275.635	97.49
275.848	69.92
276.061	-70.2
276.274	-20.97
276.487	-81.74
276.699	-65.01
276.912	-70.08
277.125	194.89
277.338	-41.68
277.55	34.05
277.763	-83.37
277.976	163.93
278.189	-169.23
278.401	-7.02
278.614	84.8
278.827	-6.13
279.039	-60.28
279.252	-42.9
279.464	31.2
279.677	37.16
279.89	-14.77
280.102	103.52
280.315	873.17
280.527	-1821.05
280.74	-6.9
280.952	101.69
281.165	-10.13
281.377	57.74
281.59	45.77
281.802	21.57
282.015	-16.87
282.227	82.58
282.44	424.46
282.652	321.35
282.865	-107.11
283.077	32.29
283.29	92.33
283.502	11.27
283.714	103.32
283.927	9.02
284.139	-340.77
284.351	15.86
284.564	13.9
284.776	132.01
284.988	-139.22
285.201	-623.88
285.413	32.27
285.625	5.41
285.838	31.45
286.05	38.08
286.262	31.73
286.474	-13.9
286.686	8.39
286.899	-90.58
287.111	-9.75
287.323	60.38
287.535	-97.03
287.747	71.8
287.959	-31.46
288.172	-563.64
288.384	53.06
288.596	11.39
288.808	562.26
289.02	381.13
289.232	51.12
289.444	-22.3
289.656	31.92
289.868	-59.18
290.08	-219.63
290.292	164.26
290.504	-7.73
290.716	-28.05
290.928	67.45
291.14	32.56
291.352	-61.36
291.564	-717.65
291.776	135.93
291.988	38.04
292.2	120.38
292.412	122.16
292.624	74.1
292.835	898.51
293.047	-22.68
293.259	154.86
293.471	80.54
293.683	404.88
293.895	-5.95
294.106	-55.98
294.318	26.03
294.53	50.52
294.742	1606.9
294.953	-87.82
295.165	57.51
295.377	206.73
295.589	4.55
295.8	22.59
296.012	71.5
296.224	82.68
296.435	24.45
296.647	129.15
296.858	424.46
297.07	920
297.282	14.15
297.493	22.59
297.705	97.14
297.916	-50.92
298.128	69.21
298.34	121.53
298.551	12.96
298.763	60.04
298.974	51.66
299.186	-30.53
299.397	-44.9
299.609	-1890.32
299.82	120.94
300.031	22.71
300.243	-1126.32
300.454	192.64
300.666	64.74
300.877	217.06
301.089	-4.26
301.3	-27.18
301.511	26.18
301.723	-105.99
301.934	20.9
302.145	-42.9
302.357	189.8
302.568	305.6
302.779	30.94
302.99	38.57
303.202	213.3
303.413	37.96
303.624	-162.03
303.835	698.11
304.047	29.96
304.258	3.83
304.469	34.64
304.68	79.76
304.891	-167.18
305.103	-50.19
305.314	93.27
305.525	714.29
305.736	-537.01
305.947	40.18
306.158	1894.12
306.369	61.59
306.58	105.01
306.791	247.21
307.002	85.82
307.213	-91.19
307.424	-7.77
307.636	114.99
307.846	45.77
308.057	25.24
308.268	-89.06
308.479	-36.55
308.69	69.6
308.901	65.15
309.112	-79.07
309.323	0.44
309.534	-13.13
309.745	29.81
309.956	30.03
310.167	-9.75
310.377	61.18
310.588	18.36
310.799	15.38
311.01	-103.42
311.221	29.02
311.432	-12.51
311.642	-22.32
311.853	-46.97
312.064	944.83
312.275	164.31
312.485	95.9
312.696	67.16
312.907	-95.48
313.117	40.18
313.328	71.32
313.539	-76.21
313.749	-47.15
313.96	-446.15
314.171	80.32
314.381	23.14
314.592	2.35
314.802	16.25
315.013	10.35
315.224	-0.93
315.434	-1000
315.645	3320
315.855	-35.42
316.066	388.76
316.276	250.88
316.487	53.66
316.697	18.39
316.908	9.35
317.118	65.86
317.329	30.52
317.539	32.56
317.749	266.95
317.96	-641.79
318.17	-90.28
318.381	68.13
318.591	-868.13
318.801	-6.66
319.012	17.67
319.222	60.19
319.432	-91.81
319.643	123.03
319.853	-117.49
320.063	73.28
320.273	69.36
320.484	-76.92
320.694	219.59
320.904	21.02
321.114	415.73
321.325	1151.72
321.535	-141.23
321.745	9.56
321.955	110.35
322.165	47.73
322.375	38.88
322.585	126.38
322.796	406.9
323.006	71.55
323.216	227.91
323.426	15.38
323.636	62.2
323.846	2268.97
324.056	54.04
324.266	49.02
324.476	27.52
324.686	-46.49
324.896	-54.94
325.106	901.89
325.316	17.43
325.526	-494.74
325.736	35.32
325.946	5.46
326.156	776.62
326.366	179.13
326.576	56.17
326.785	-35.18
326.995	-34.56
327.205	-101.51
327.415	183.73
327.625	270.07
327.835	29.4
328.044	-41.21
328.254	-81.74
328.464	98.23
328.674	122.84
328.884	1.44
329.093	103.74
329.303	72.3
329.513	-38.51
329.722	-2326.32
329.932	17.53
330.142	27.99
330.351	97.08
330.561	309.09
330.771	-202.95
330.98	-19.07
331.19	716.92
331.4	-50.18
331.609	36.21
331.819	1312.2
332.028	-197.71
332.238	151.19
332.447	10.02
332.657	27.28
332.866	129.64
333.076	2.69
333.285	-245.6
333.495	316.13
333.704	-273.54
333.914	36.31
334.123	59.6
334.333	716.92
334.542	46.32
334.752	458.46
334.961	177.36
335.17	37.19
335.38	-12.53
335.589	65.98
335.798	52.16
336.008	239.56
336.217	-65.53
336.426	56.95
336.636	-147.23
336.845	34.37
337.054	636.36
337.263	53.71
337.473	11.09
337.682	-54.07
337.891	111.73
338.1	-41.73
338.309	29.18
338.519	118
338.728	1.73
338.937	-319.69
339.146	53.24
339.355	-592.45
339.564	-3463.16
339.773	-143.72
339.983	98.02
340.192	-29.57
340.401	10.35
340.61	50.63
340.819	67.5
341.028	-12.46
341.237	764.71
341.446	16.07
341.655	27.3
341.864	-33.18
342.073	53.57
342.282	9.16
342.491	66.18
342.699	83.5
342.908	-205.19
343.117	32.19
343.326	-135.22
343.535	-236.36
343.744	14.52
343.953	62.86
344.162	60.7
344.37	-22.41
344.579	-588.06
344.788	6.65
344.997	30.59
345.206	192.18
345.414	150.65
345.623	62.73
345.832	-81.03
346.041	187.82
346.249	76.97
346.458	1.43
346.667	94.17
346.875	63.76
347.084	41.59
347.293	142.98
347.501	-306.16
347.71	6.08
347.918	5.17
348.127	-419.78
348.336	-260.93
348.544	96.51
348.753	-68.66
348.961	-6.08
349.17	-82.63
349.378	95.12
349.587	51.12
349.795	-91.26
350.004	236.92
350.212	23.65
350.421	83.19
350.629	152.87
350.838	19.13
351.046	95.26
351.254	9.56
351.463	-7.02
351.671	-2073.68
351.879	-5.3
352.088	29.62
352.296	295.58
352.504	75.54
352.713	146.56
352.921	67.72
353.129	-137.58
353.338	-69.39
353.546	-76.08
353.754	-50.31
353.962	129.15
354.171	39.85
354.379	-2642.11
354.587	-10.94
354.795	31.92
355.003	-14.9
355.212	-68.28
355.42	743.4
355.628	208.67
355.836	57.63
356.044	-8.8
356.252	1.63
356.46	-3.42
356.668	218.46
356.876	8.13
357.084	77.25
357.292	-11.09
357.5	-6.08
357.708	0.34
357.916	124.8
358.124	-51.9
358.332	-301.49
358.54	-61.82
358.748	-158.44
358.956	106.7
359.164	69.54
359.372	74.63
359.58	-326.62
359.788	37.43
359.996	58.82
360.203	20.08
360.411	13.05
360.619	-137.69
360.827	38.08
361.035	-57.67
361.242	182.4
361.45	-118.99
361.658	114.69
361.866	76.64
362.073	110.95
362.281	171.47
362.489	-18.32
362.697	164.46
362.904	-3.02
363.112	46.55
363.32	-8.7
363.527	-144.35
363.735	-73.36
363.943	6.35
364.15	89.75
364.358	-90.98
364.565	18.57
364.773	43.69
364.98	-109.54
365.188	10.8
365.395	3.47
365.603	143.05
365.81	4.19
366.018	33.28
366.225	69.12
366.433	77.92
366.64	23.78
366.848	66.37
367.055	8.15
367.263	93.11
367.47	34.2
367.677	108.86
367.885	-55.43
368.092	17.43
368.299	44.51
368.507	46.6
368.714	51.33
368.921	-92.91
369.129	48.95
369.336	2.22
369.543	0.43
369.751	-49.27
369.958	27.8
370.165	18.92
370.372	-28.82
370.579	86.45
370.787	37.8
370.994	50.49
371.201	-100.82
371.408	124.48
371.615	60.03
371.822	120.73
372.029	29.15
372.237	-293.71
372.444	-150.27
372.651	0.32
372.858	154.25
373.065	48.06
373.272	-36.32
373.479	-296.55
373.686	-101.42
373.893	-91.26
374.1	56.46
374.307	-309.35
374.514	0.81
374.721	-7.15
374.928	-96.1
375.135	18.87
375.341	-6280
375.548	28.57
375.755	4.08
375.962	36.17
376.169	-64.17
376.376	141.7
376.583	-87.36
376.789	99.63
376.996	101.37
377.203	-21.24
377.41	95.13
377.617	89.23
377.823	-24.6
378.03	45.16
378.237	5.34
378.443	302.86
378.65	-524.53
378.857	133.58
379.063	367.09
379.27	-342.61
379.477	137.87
379.683	-61.58
379.89	49.84
380.097	56.75
380.303	37.25
380.51	38.78
380.716	6.99
380.923	-225.2
381.129	49.78
381.336	96.06
381.542	27.28
381.749	40.75
381.955	63.92
382.162	19.64
382.368	-38.44
382.575	-33.27
382.781	-462.07
382.988	-100.57
383.194	-13.36
383.4	-26.13
383.607	97.07
383.813	62.73
384.02	63.17
384.226	72.1
384.432	-52.29
384.639	41.75
384.845	-407.59
385.051	21.17
385.257	73.84
385.464	47.78
385.67	104
385.876	117.06
386.082	0.68
386.289	71.07
386.495	20.66
386.701	-46.25
386.907	-82.35
387.113	21.55
387.319	74.55
387.526	-3.26
387.732	-357.48
387.938	334.4
388.144	210.43
388.35	69.67
388.556	70.99
388.762	86.66
388.968	1288.37
389.174	45.31
389.38	93.74
389.586	-6.03
389.792	-1.53
389.998	65.23
390.204	-23.91
390.41	57.94
390.616	81.12
390.822	29.53
391.028	-1.03
391.234	80.56
391.439	-56.31
391.645	6.19
391.851	45.95
392.057	-13.38
392.263	31.31
392.469	61.79
392.674	25.57
392.88	27.53
393.086	33.29
393.292	-50.09
393.498	33.24
393.703	26.01
393.909	29.99
394.115	140.26
394.32	49.81
394.526	-9.75
394.732	67.45
394.937	45.24
395.143	15.38
395.349	78.19
395.554	-390.95
395.76	33.06
395.965	33.29
396.171	-50.06
396.377	54.4
396.582	-8.38
396.788	-14.58
396.993	42.53
397.199	14.38
397.404	3.24
397.61	10.76
397.815	-21.09
398.021	52.23
398.226	-1.35
398.431	9.77
398.637	5.3
398.842	34.14
399.048	3.29
399.253	22.17
399.458	36.89
399.664	21.47
399.869	-27.92
400.074	29.76
400.28	9.62
400.485	-31.27
400.69	-2.71
400.896	5.71
401.101	19.05
401.306	6.86
401.511	8.41
401.716	-2.51
401.922	-2.69
402.127	14
402.332	-0.59
402.537	21.8
402.742	6.51
402.947	51.81
403.153	2.58
403.358	4.26
403.563	10.1
403.768	19.5
403.973	7.88
404.178	3.84
404.383	1.84
404.588	10.45
404.793	8.14
404.998	7.68
405.203	-2.3
405.408	-4.09
405.613	21.75
405.818	9.39
406.023	4.15
406.228	-12.78
406.433	3.58
406.638	0.05
406.842	8.17
407.047	1.04
407.252	4.81
407.457	22.76
407.662	19.21
407.867	7.04
408.071	11.54
408.276	2.88
408.481	4.27
408.686	17.19
408.891	6.12
409.095	5.62
409.3	5.47
409.505	6.56
409.709	-1.32
409.914	5
410.119	10.19
410.323	5.01
410.528	-1.04
410.733	11.99
410.937	5.14
411.142	-2.02
411.346	6.62
411.551	1.63
411.756	7.22
411.96	6.52
412.165	1.94
412.369	3.58
412.574	1.73
412.778	2.04
412.983	5.09
413.187	2.39
413.392	1.82
413.596	0.5
413.8	8.36
414.005	5.92
414.209	2.98
414.414	2.89
414.618	5.15
414.822	2.77
415.027	4.83
415.231	3.6
415.435	4.05
415.64	3.99
415.844	3.41
416.048	2.37
416.252	5.8
416.457	5.82
416.661	4.25
416.865	0.12
417.069	2.54
417.274	3.33
417.478	4.06
417.682	2.76
417.886	2.33
418.09	2.66
418.294	3.9
418.498	3.86
418.702	3.46
418.907	4.77
419.111	2.32
419.315	3.78
419.519	4.89
419.723	2.42
419.927	2.42
420.131	4.86
420.335	2.11
420.539	2.08
420.743	5.82
420.947	2.06
421.151	2.75
421.355	1.62
421.558	3.59
421.762	5.43
421.966	3.52
422.17	2.94
422.374	5.06
422.578	2.33
422.782	3.56
422.985	3.85
423.189	3.01
423.393	3.22
423.597	3.85
423.801	4.14
424.004	2.96
424.208	2.46
424.412	3
424.615	3.28
424.819	4.38
425.023	3.98
425.226	4.12
425.43	3.28
425.634	3.18
425.837	3.23
426.041	4.01
426.245	3.55
426.448	4.21
426.652	3.42
426.855	2.44
427.059	2.93
427.262	2.48
427.466	2.46
427.669	3.29
427.873	2.77
428.076	3.04
428.28	2.54
428.483	2.99
428.687	3.32
428.89	3.42
429.094	2.8
429.297	3
429.5	3.9
429.704	3.87
429.907	4.11
430.11	3.72
430.314	3.87
430.517	3.2
430.72	3.87
430.924	4.19
431.127	3.57
431.33	3.66
431.533	3.95
431.737	3.22
431.94	3.18
432.143	3.75
432.346	3.43
432.549	2.97
432.752	3.33
432.956	3.46
433.159	2.93
433.362	3.36
433.565	3.4
433.768	3.41
433.971	3.2
434.174	3.47
434.377	3.7
434.58	2.7
434.783	2.76
434.986	3.71
435.189	3.87
435.392	3.54
435.595	3.64
435.798	3.71
436.001	3.73
436.204	3.45
436.407	3.13
436.61	3.55
436.813	3.9
437.016	3.3
437.219	3.4
437.421	3.36
437.624	3.7
437.827	3.85
438.03	3.53
438.233	3.48
438.435	3.43
438.638	3.56
438.841	3.53
439.044	3.42
439.246	3.02
439.449	3.49
439.652	3.38
439.854	3.6
440.057	3.21
440.26	3.56
440.462	3.6
440.665	3
440.868	3.4
441.07	3.65
441.273	3.59
441.475	3.27
441.678	3.59
441.88	3.23
442.083	3.39
442.286	3.3
442.488	2.93
442.69	3.6
442.893	3.55
443.095	3.38
443.298	3.33
443.5	3.6
443.703	3.28
443.905	3.67
444.108	3.38
444.31	3.52
444.512	3.63
444.715	3.52
444.917	3.4
445.119	3.43
445.322	3.39
445.524	3.6
445.726	3.29
445.928	3.17
446.131	3.84
446.333	3.46
446.535	3.44
446.737	3.65
446.94	3.93
447.142	3.37
447.344	3.8
447.546	3.5
447.748	3.45
447.95	3.66
448.152	3.88
448.354	3.4
448.557	3.93
448.759	3.66
448.961	3.48
449.163	3.72
449.365	3.59
449.567	3.54
449.769	3.13
449.971	3.69
450.173	3.73
450.375	3.76
450.577	3.42
450.779	3.76
450.981	3.54
451.182	3.23
451.384	3.41
451.586	3.77
451.788	3.6
451.99	3.72
452.192	3.05
452.394	4.13
452.595	4.43
452.797	3.59
452.999	4.01
453.201	3.68
453.402	3.79
453.604	3.56
453.806	3.84
454.008	3.4
454.209	4.03
454.411	4
454.613	3.96
454.814	3.47
455.016	3.97
455.218	3.78
455.419	4.13
455.621	4.11
455.822	3.65
456.024	3.68
456.225	3.86
456.427	4.16
456.629	3.34
456.83	4.18
457.032	3.71
457.233	3.78
457.435	3.56
457.636	4.21
457.837	4.4
458.039	3.6
458.24	3.76
458.442	4.58
458.643	3.35
458.844	4.9
459.046	3.73
459.247	4.6
459.448	4.45
459.65	4.4
459.851	3.48
460.052	4.16
460.254	4
460.455	4.09
460.656	4.44
460.857	4.06
461.059	4.3
461.26	4.3
461.461	4.12
461.662	4.08
461.863	5.15
462.065	3.52
462.266	4.07
462.467	3.89
462.668	3.66
462.869	4.9
463.07	4.36
463.271	3.14
463.472	3.54
463.673	3.76
463.874	4.32
464.075	5.01
464.276	4
464.477	3.51
464.678	4.02
464.879	3.69
465.08	4.72
465.281	4.48
465.482	4.73
465.683	3.8
465.884	4.6
466.085	4.34
466.285	4.09
466.486	4.1
466.687	4.57
466.888	4.95
467.089	4.5
467.29	3.71
467.49	3.91
467.691	4.66
467.892	4.03
468.093	4.92
468.293	3.91
468.494	4.74
468.695	3.88
468.895	4.03
469.096	4.34
469.297	4.38
469.497	4.82
469.698	4.33
469.898	2.97
470.099	4.53
470.3	4.09
470.5	4.76
470.701	5.43
470.901	4.28
471.102	4.68
471.302	4
471.503	4.32
471.703	5.14
471.904	5.33
472.104	3.07
472.305	2.67
472.505	3.66
472.705	3.62
472.906	4.18
473.106	4.93
473.306	4.78
473.507	6.18
473.707	4.68
473.907	3.6
474.108	3.64
474.308	3.81
474.508	5.54
474.709	4.91
474.909	4.57
475.109	4.01
475.309	4.59
475.51	4.4
475.71	2.48
475.91	5.28
476.11	2.77
476.31	4.16
476.51	4.84
476.71	4.26
476.911	4.7
477.111	3.68
477.311	3.57
477.511	4.5
477.711	3.57
477.911	3
478.111	5.83
478.311	3.24
478.511	4.48
478.711	4.38
478.911	2.67
479.111	3.36
479.311	5.55
479.511	5.58
479.711	2.94
479.91	3.23
480.11	4.8
480.31	3.97
480.51	4.66
480.71	3.17
480.91	4.54
481.109	4.17
481.309	3.75
481.509	3.84
481.709	4.05
481.909	3.75
482.108	2.73
482.308	3.9
482.508	4.1
482.707	5.33
482.907	3.36
483.107	3.29
483.306	5.23
483.506	4.52
483.706	3.53
483.905	4.44
484.105	5.11
484.304	4.16
484.504	2.91
484.704	4.26
484.903	4.2
485.103	4.85
485.302	2.84
485.502	4.63
485.701	5.66
485.901	4.41
486.1	4.17
486.299	5.7
486.499	3.48
486.698	3.85
486.898	4.14
487.097	3.81
487.296	3.38
487.496	3.61
487.695	3.53
487.894	4.86
488.094	4.2
488.293	4.68
488.492	3.24
488.692	3.11
488.891	4.14
489.09	4.04
489.289	3.89
489.489	3.89
489.688	2.86
489.887	4.78
490.086	3.69
490.285	4.23
490.484	5.29
490.683	4.65
490.883	4.1
491.082	4.36
491.281	4.65
491.48	2.53
491.679	4.62
491.878	5.13
492.077	5.46
492.276	4.11
492.475	3.73
492.674	4.02
492.873	2.91
493.072	5.1
493.271	5.1
493.47	3.22
493.669	3.89
493.867	3.93
494.066	5.15
494.265	4.92
494.464	5.67
494.663	4.34
494.862	3.51
495.06	4.63
495.259	3.63
495.458	4.16
495.657	3.55
495.856	4.64
496.054	5.88
496.253	3.86
496.452	3.89
496.65	3.91
496.849	4.09
497.048	4.56
497.246	3.76
497.445	5.18
497.644	4.04
497.842	4.39
498.041	3.88
498.239	5.24
498.438	3.22
498.636	5.4
498.835	5.13
499.034	5.27
499.232	4.81
499.431	4.46
499.629	4.08
499.827	5.11
500.026	4.27
500.224	4.62
500.423	4.54
500.621	4.12
500.82	6.15
501.018	5.36
501.216	4.25
501.415	6.29
501.613	4.95
501.811	4.18
502.01	5.75
502.208	4.58
502.406	5.47
502.604	5.94
502.803	5.3
503.001	5.97
503.199	5.28
503.397	5.75
503.595	5.87
503.794	4.99
503.992	5.76
504.19	5.09
504.388	5.22
504.586	4.84
504.784	5.12
504.982	5.43
505.18	5.67
505.378	4.7
505.576	5.11
505.774	5.72
505.972	5.71
506.17	5.52
506.368	5.54
506.566	5.25
506.764	5.56
506.962	5.89
507.16	5.73
507.358	5.61
507.556	5.81
507.754	5.98
507.952	5.34
508.15	6.24
508.347	5.28
508.545	6.27
508.743	5.86
508.941	5.96
509.139	6.07
509.336	5.62
509.534	6.87
509.732	6.1
509.93	5.63
510.127	6.07
510.325	6.52
510.523	6.17
510.72	5.99
510.918	6.54
511.116	6.13
511.313	5.39
511.511	5.86
511.708	5.7
511.906	6.49
512.104	6.26
512.301	6.32
512.499	6.15
512.696	6.4
512.894	5.65
513.091	6.41
513.289	6.77
513.486	6.31
513.683	6.59
513.881	6.47
514.078	7.03
514.276	6.89
514.473	6.34
514.67	6.79
514.868	6.6
515.065	6.66
515.262	7.32
515.46	6.52
515.657	6.46
515.854	6.81
516.052	6.3
516.249	7.08
516.446	6.9
516.643	6.91
516.84	7.31
517.038	6.96
517.235	6.99
517.432	6.94
517.629	7.24
517.826	7.44
518.023	6.96
518.221	7.28
518.418	7.45
518.615	7.23
518.812	7.32
519.009	7.61
519.206	6.94
519.403	7.1
519.6	7.29
519.797	6.77
519.994	6.55
520.191	7.41
520.388	7.18
520.585	7.37
520.782	7.15
520.978	7.23
521.175	7.84
521.372	7.71
521.569	7.56
521.766	7.33
521.963	7.24
522.159	7.62
522.356	7.74
522.553	7.57
522.75	7.66
522.947	7.4
523.143	7.48
523.34	7.9
523.537	7.74
523.733	7.59
523.93	7.34
524.127	7.76
524.323	7.53
524.52	7.77
524.717	7.68
524.913	7.56
525.11	7.45
525.306	7.94
525.503	7.59
525.7	7.77
525.896	7.13
526.093	8.03
526.289	7.69
526.486	7.79
526.682	7.54
526.878	7.43
527.075	7.98
527.271	7.7
527.468	7.63
527.664	7.69
527.861	8.28
528.057	7.57
528.253	8.21
528.45	7.52
528.646	7.82
528.842	8.06
529.039	7.53
529.235	8.04
529.431	7.96
529.627	8.01
529.824	8.06
530.02	7.81
530.216	7.98
530.412	8.08
530.608	7.56
530.804	8.26
531.001	8.54
531.197	8.49
531.393	7.87
531.589	8.08
531.785	8.02
531.981	8.23
532.177	8.3
532.373	8.29
532.569	8.08
532.765	8.19
532.961	7.91
533.157	8
533.353	8.34
533.549	7.8
533.745	8.58
533.941	8.12
534.137	8.51
534.333	8.38
534.529	8.4
534.725	8.08
534.92	8.13
535.116	8.59
535.312	8.42
535.508	8.36
535.704	8.58
535.899	8.1
536.095	8.72
536.291	8.35
536.487	8.11
536.682	8.66
536.878	8.07
537.074	8.15
537.269	8.16
537.465	8.6
537.661	8.67
537.856	8.7
538.052	8.32
538.248	9.03
538.443	8.49
538.639	8.53
538.834	8.58
539.03	8.71
539.225	8.85
539.421	8.62
539.616	8.27
539.812	8.55
540.007	8.65
540.203	8.5
540.398	8.81
540.593	8.86
540.789	8.86
540.984	8.69
541.18	8.65
541.375	8.4
541.57	8.91
541.766	8.83
541.961	8.14
542.156	9.18
542.352	8.74
542.547	8.65
542.742	8.55
542.937	8.96
543.133	9.18
543.328	8.54
543.523	9
543.718	8.93
543.913	8.78
544.108	8.7
544.304	8.9
544.499	9.27
544.694	8.92
544.889	8.91
545.084	9.13
545.279	9.01
545.474	8.94
545.669	9.29
545.864	9.1
546.059	8.92
546.254	8.56
546.449	9.4
546.644	8.84
546.839	9.22
547.034	9.11
547.229	9.13
547.424	8.98
547.618	8.91
547.813	9.1
548.008	9.6
548.203	9.01
548.398	9
548.593	9.27
548.787	9.5
548.982	9.2
549.177	9.55
549.372	9.39
549.566	8.97
549.761	9.42
549.956	9.01
550.15	9.39
550.345	9.34
550.54	9.58
550.734	9.38
550.929	9.08
551.124	9.1
551.318	8.73
551.513	9.16
551.707	9.75
551.902	9.46
552.096	9.44
552.291	9.49
552.485	9.59
552.68	9.53
552.874	9.39
553.069	9.59
553.263	9.65
553.458	9.41
553.652	9.46
553.847	9.53
554.041	9.77
554.235	9.61
554.43	9.32
554.624	9.54
554.818	9.64
555.013	9.45
555.207	9.5
555.401	10.13
555.595	10
555.79	9.4
555.984	9.61
556.178	9.7
556.372	9.76
556.566	9.31
556.761	9.63
556.955	9.72
557.149	10.03
557.343	10.17
557.537	10.05
557.731	9.96
557.925	9.53
558.119	9.59
558.313	10.05
558.507	9.65
558.701	10.4
558.895	10.31
559.089	9.97
559.283	10.06
559.477	10.44
559.671	9.93
559.865	10.24
560.059	9.92
560.253	10.12
560.447	10.31
560.641	10.29
560.835	10.52
561.028	10.37
561.222	10.2
561.416	10.12
561.61	9.95
561.804	9.69
561.997	10.04
562.191	10.39
562.385	10.39
562.579	10.06
562.772	10.36
562.966	10.22
563.16	10.35
563.353	10.51
563.547	10.04
563.741	9.85
563.934	10.35
564.128	10.3
564.321	9.99
564.515	10.5
564.708	10.42
564.902	10.43
565.095	10.46
565.289	10.52
565.482	10.84
565.676	10.38
565.869	10.67
566.063	10.4
566.256	10.7
566.45	10.62
566.643	10.71
566.836	10.63
567.03	10.71
567.223	10.51
567.416	11.12
567.61	10.79
567.803	10.73
567.996	10.98
568.19	10.46
568.383	11.29
568.576	10.74
568.769	10.53
568.963	10.65
569.156	10.6
569.349	11.03
569.542	11.14
569.735	10.6
569.928	10.84
570.121	11.03
570.315	11.06
570.508	11.31
570.701	11.23
570.894	11.31
571.087	11.23
571.28	11.69
571.473	11.3
571.666	11.29
571.859	10.92
572.052	11.23
572.245	11.47
572.438	11.18
572.631	11.17
572.824	11.62
573.016	10.91
573.209	11.1
573.402	11.03
573.595	11.63
573.788	11.1
573.981	11.18
574.173	11.14
574.366	11.39
574.559	11.7
574.752	11.04
574.944	11.14
575.137	11.5
575.33	11.36
575.523	11.78
575.715	11.38
575.908	11.39
576.101	11.34
576.293	11.67
576.486	11.17
576.678	11.49
576.871	11.27
577.063	11.7
577.256	11.63
577.449	11.51
577.641	11.64
577.834	11.71
578.026	11.37
578.219	11.35
578.411	11.86
578.603	12.28
578.796	11.34
578.988	11.82
579.181	11.74
579.373	11.55
579.565	11.8
579.758	12.02
579.95	11.49
580.142	11.49
580.335	11.68
580.527	12.37
580.719	11.83
580.912	11.68
581.104	12.06
581.296	12.21
581.488	12.02
581.68	12.38
581.873	11.96
582.065	11.93
582.257	11.72
582.449	11.69
582.641	12.18
582.833	11.94
583.025	11.75
583.217	11.85
583.41	12.33
583.602	11.91
583.794	11.84
583.986	12.22
584.178	12.12
584.37	12.19
584.562	11.97
584.753	12.06
584.945	12.23
585.137	11.72
585.329	12.19
585.521	12.74
585.713	11.87
585.905	12.66
586.097	12.17
586.289	12.65
586.48	12.6
586.672	11.99
586.864	12.27
587.056	12.36
587.247	12.15
587.439	12.36
587.631	12.3
587.823	12.53
588.014	12.11
588.206	12.25
588.398	12.5
588.589	12.92
588.781	12.84
588.972	12.13
589.164	12.96
589.356	12.53
589.547	12.88
589.739	12.17
589.93	12.83
590.122	12.48
590.313	12.6
590.505	12.79
590.696	12.4
590.888	12.86
591.079	12.72
591.271	12.91
591.462	12.6
591.653	12.71
591.845	12.98
592.036	12.69
592.227	12.72
592.419	12.44
592.61	12.6
592.801	12.75
592.993	12.94
593.184	13.16
593.375	12.84
593.566	12.95
593.758	13.17
593.949	12.83
594.14	12.66
594.331	12.57
594.522	13.08
594.713	13.18
594.905	13.1
595.096	13.56
595.287	13.42
595.478	12.85
595.669	13.37
595.86	13.35
596.051	13.13
596.242	13.59
596.433	12.61
596.624	13.07
596.815	13.51
597.006	13.25
597.197	13.48
597.388	12.96
597.579	13.27
597.77	13.47
597.96	13.28
598.151	13.45
598.342	13.32
598.533	13.59
598.724	14.25
598.915	13.7
599.105	13.49
599.296	13.52
599.487	12.7
599.678	14.05
599.868	13.97
600.059	13.27
600.25	14.2
600.44	13.8
600.631	13.71
600.822	13.83
601.012	14.16
601.203	13.81
601.394	13.76
601.584	13.84
601.775	14.44
601.965	13.96
602.156	13.27
602.346	13.77
602.537	14.23
602.727	14.36
602.918	13.83
603.108	14.64
603.299	14.76
603.489	14.12
603.679	14.46
603.87	14.59
604.06	14.08
604.251	13.93
604.441	14.45
604.631	13.9
604.822	14.14
605.012	14.55
605.202	14.67
605.392	14.45
605.583	14.19
605.773	14.62
605.963	14.82
606.153	14.2
606.344	13.86
606.534	14.33
606.724	15.41
606.914	14.55
607.104	14.25
607.294	14.69
607.484	14.81
607.674	14.37
607.864	14.6
608.054	14.87
608.245	14.68
608.435	15.07
608.625	15.13
608.814	14.68
609.004	14.38
609.194	14.45
609.384	15.01
609.574	14.99
609.764	14.22
609.954	14.67
610.144	14.41
610.334	15.03
610.524	15.16
610.713	14.89
610.903	14.7
611.093	14.51
611.283	15.21
611.473	14.96
611.662	15.04
611.852	14.54
612.042	14.86
612.231	14.53
612.421	14.55
612.611	14.98
612.8	14.75
612.99	14.66
613.18	14.64
613.369	15.48
613.559	14.93
613.748	14.39
613.938	15.69
614.128	15.17
614.317	14.61
614.507	14.82
614.696	15.69
614.886	15.26
615.075	15.12
615.264	14.88
615.454	15.04
615.643	14.93
615.833	14.96
616.022	15.23
616.211	15.51
616.401	14.95
616.59	16.17
616.779	15.54
616.969	15.76
617.158	15.73
617.347	15.8
617.537	15.6
617.726	15.24
617.915	15.01
618.104	15.02
618.293	15.7
618.483	16.11
618.672	15.36
618.861	15.96
619.05	15.88
619.239	15.89
619.428	15.8
619.617	15.43
619.806	15.72
619.995	15.46
620.184	15.79
620.373	14.94
620.562	15.48
620.751	15.82
620.94	15.84
621.129	15.79
621.318	15.52
621.507	15.76
621.696	15.5
621.885	15.76
622.074	15.45
622.263	15.14
622.452	16.64
622.64	16.14
622.829	15.92
623.018	16.67
623.207	15.85
623.396	16.17
623.584	15.63
623.773	16.7
623.962	15.95
624.15	15.72
624.339	15.47
624.528	16.98
624.716	16.74
624.905	16.29
625.094	15.67
625.282	16.17
625.471	15.89
625.659	15.12
625.848	15.29
626.037	16.46
626.225	16.17
626.414	15.64
626.602	16.49
626.791	16.58
626.979	16.02
627.167	16
627.356	16.42
627.544	17
627.733	15.95
627.921	16.06
628.109	16.55
628.298	16.76
628.486	15.89
628.674	16.25
628.863	15.49
629.051	16.44
629.239	16.54
629.428	16.38
629.616	16.89
629.804	16.33
629.992	16.81
630.18	16.7
630.369	17.12
630.557	16.63
630.745	16.47
630.933	16.38
631.121	16.56
631.309	16.33
631.497	17.24
631.685	16.67
631.873	16.32
632.061	16.57
632.249	16.77
632.437	17.33
632.625	15.95
632.813	16.68
633.001	17.28
633.189	16.71
633.377	17.07
633.565	15.09
633.753	16.96
633.941	16.42
634.129	16.62
634.316	17.23
634.504	16.84
634.692	17.6
634.88	17.41
635.068	17.64
635.255	17.44
635.443	16.88
635.631	17.28
635.818	17.3
636.006	16.88
636.194	17.07
636.382	16.79
636.569	17.27
636.757	18.09
636.944	17.77
637.132	17.24
637.32	17.79
637.507	17.49
637.695	17.26
637.882	18.44
638.07	17.37
638.257	16.84
638.445	17.49
638.632	17.2
638.82	17.23
639.007	17.05
639.194	17.95
639.382	16.79
639.569	16.47
639.757	16.93
639.944	17.2
640.131	17.32
640.319	16.98
640.506	17.54
640.693	17.51
640.88	17.03
641.068	17.09
641.255	17.14
641.442	17.71
641.629	17.07
641.817	17.54
642.004	17.74
642.191	17.62
642.378	17.86
642.565	17.63
642.752	18.27
642.939	16.14
643.126	16.75
643.313	18.51
643.501	17.37
643.688	19.43
643.875	17.7
644.062	17.91
644.249	16.38
644.435	16.75
644.622	17.33
644.809	17.35
644.996	17.96
645.183	17.04
645.37	19.29
645.557	18.79
645.744	16.44
645.931	18.02
646.117	18.2
646.304	16.98
646.491	18.18
646.678	18.6
646.865	18.66
647.051	17.57
647.238	18.15
647.425	18.25
647.611	17.55
647.798	17.55
647.985	17.38
648.171	17.87
648.358	17.82
648.545	19.02
648.731	16.56
648.918	19.01
649.104	18.28
649.291	18.51
649.477	17.39
649.664	17.63
649.85	17.07
650.037	18.63
650.223	17.31
650.41	18
650.596	19.07
650.783	18.45
650.969	18.31
651.155	18.16
651.342	16.43
651.528	17.79
651.714	17.4
651.901	20.06
652.087	18.41
652.273	17.04
652.46	18.33
652.646	17.24
652.832	17.84
653.018	16.51
653.204	17.77
653.391	18.11
653.577	17.96
653.763	18.51
653.949	19.8
654.135	16.61
654.321	17.65
654.507	17.27
654.693	17.33
654.879	18.82
655.065	18.08
655.252	17.79
655.438	18.42
655.624	17.15
655.809	17.92
655.995	17.3
656.181	18.44
656.367	18.76
656.553	18.76
656.739	18.52
656.925	18.2
657.111	18.24
657.297	18.46
657.482	17.22
657.668	18.87
657.854	17.55
658.04	16.8
658.226	17.6
658.411	17.65
658.597	19.03
658.783	17.36
658.968	19.4
659.154	16.76
659.34	19.55
659.525	17.46
659.711	18
659.897	16.74
660.082	17.85
660.268	17.9
660.453	16.61
660.639	18.8
660.824	17.79
661.01	18.56
661.195	17.25
661.381	17.46
661.566	16.1
661.752	16.96
661.937	17.92
662.123	15.16
662.308	18.51
662.494	17.4
662.679	17.63
662.864	17.27
663.05	17.21
663.235	17.14
663.42	16.53
663.605	16.56
663.791	16
663.976	16.5
664.161	18.49
664.346	18.01
664.532	16.29
664.717	16.22
664.902	18.27
665.087	18.72
665.272	16.37
665.457	17.51
665.642	16.16
665.828	17.55
666.013	18.33
666.198	14.91
666.383	17.78
666.568	15.79
666.753	16.72
666.938	15.93
667.123	16.51
667.308	15.5
667.493	16.32
667.677	16.08
667.862	17.13
668.047	18.03
668.232	16.86
668.417	18.08
668.602	14.05
668.787	18.03
668.971	14.62
669.156	20.47
669.341	15.49
669.526	16.84
669.711	15.89
669.895	17.5
670.08	14.77
670.265	16.07
670.449	15.76
670.634	14.65
670.819	16.78
671.003	15.21
671.188	15.91
671.372	16.3
671.557	17.61
671.742	16.14
671.926	15.62
672.111	14.56
672.295	16.01
672.48	14.99
672.664	16.35
672.849	13.91
673.033	17.42
673.217	15.19
673.402	15.76
673.586	14.55
673.771	14.28
673.955	15.89
674.139	16.9
674.324	16.16
674.508	16.7
674.692	15.84
674.876	13.97
675.061	17.48
675.245	18.7
675.429	16.64
675.613	17.51
675.798	18.49
675.982	16.85
676.166	14.84
676.35	18.41
676.534	18.16
676.718	14.95
676.902	18.49
677.087	13.76
677.271	14.52
677.455	17.44
677.639	14.76
677.823	20.12
678.007	19.18
678.191	17.31
678.375	17.52
678.559	18.04
678.742	15.03
678.926	19.28
679.11	18.06
679.294	17.3
679.478	16.33
679.662	18.26
679.846	18.69
680.029	18.09
680.213	17.66
680.397	15.77
680.581	18.14
680.765	18.12
680.948	18.74
681.132	19.19
681.316	16.78
681.499	14.7
681.683	18.63
681.867	16.94
682.05	17.71
682.234	18.54
682.417	21.07
682.601	21.24
682.785	17.73
682.968	15.95
683.152	18.82
683.335	17.27
683.519	17.2
683.702	20.18
683.886	21.76
684.069	20.11
684.253	20.88
684.436	21.77
684.619	19.28
684.803	20.17
684.986	20.9
685.169	23.1
685.353	23.13
685.536	18.29
685.719	23.97
685.903	19.9
686.086	18.1
686.269	23.75
686.452	18.08
686.636	24.65
686.819	20.07
687.002	20.07
687.185	22.75
687.368	21.65
687.551	18.59
687.734	20.75
687.918	21.36
688.101	23.9
688.284	24.19
688.467	24.49
688.65	21.24
688.833	21.12
689.016	21.27
689.199	21.59
689.382	22.62
689.565	24.75
689.748	20.04
689.93	17.92
690.113	22.77
690.296	21.5
690.479	22
690.662	17.79
690.845	20.39
691.028	19.26
691.21	25.41
691.393	22.39
691.576	25.9
691.759	26.32
691.941	25.14
692.124	21.61
692.307	22.26
692.489	23.46
692.672	26.25
692.855	27.65
693.037	23.92
693.22	23.67
693.403	23.26
693.585	25.09
693.768	25.52
693.95	22.63
694.133	23.62
694.315	23.17
694.498	22.98
694.68	17.7
694.863	25.69
695.045	29.42
695.228	22.93
695.41	21.33
695.592	26.34
695.775	22.99
695.957	28.6
696.139	28
696.322	26.89
696.504	24.28
696.686	23.87
696.869	20.66
697.051	22.11
697.233	26.08
697.415	24.44
697.597	18.32
697.78	27.38
697.962	25.5
698.144	24.43
698.326	27.8
698.508	30.31
698.69	21.12
698.872	26.08
699.055	25.48
699.237	25.93
699.419	22.63
699.601	20.45
699.783	29.64
699.965	24.15
700.147	22.65
700.329	32.49
700.51	23.17
700.692	22.71
700.874	21.22
701.056	34.9
701.238	24.01
701.42	29.31
701.602	25.21
701.783	24.48
701.965	27.32
702.147	26.8
702.329	23.97
702.511	26.06
702.692	29.1
702.874	18.14
703.056	22.79
703.237	27.35
703.419	28.39
703.601	33.82
703.782	20.41
703.964	23.38
704.146	31.86
704.327	19.21
704.509	26.95
704.69	26.65
704.872	23.76
705.053	25.48
705.235	25.56
705.416	21.05
705.598	24.89
705.779	31.01
705.961	24.22
706.142	24.44
706.323	28.53
706.505	24.13
706.686	24.97
706.867	15.18
707.049	19.79
707.23	30.57
707.411	25.81
707.593	30.52
707.774	22.29
707.955	17.98
708.136	19.53
708.318	25.23
708.499	19.57
708.68	24.53
708.861	31.74
709.042	21.87
709.223	29.78
709.404	32.5
709.585	27.6
709.767	19.56
709.948	25.32
710.129	30.97
710.31	13.87
710.491	20.21
710.672	31.23
710.853	17.91
711.034	32.29
711.214	22.92
711.395	21.85
711.576	23.51
711.757	27.34
711.938	23.34
712.119	23.47
712.3	21.08
712.481	15.98
712.661	26.02
712.842	28.62
713.023	22.81
713.204	19.89
713.384	26.37
713.565	19.66
713.746	23.01
713.926	21.64
714.107	25.65
714.288	16.61
714.468	17.8
714.649	31.8
714.83	30.38
715.01	28.1
715.191	13.32
715.371	18.82
715.552	24.66
715.732	26.4
715.913	26.68
716.093	23.33
716.274	18
716.454	26.25
716.635	23.21
716.815	28.64
716.995	20.87
717.176	34.05
717.356	16.98
717.536	27.24
717.717	28.67
717.897	16.79
718.077	25.2
718.258	17.35
718.438	27.11
718.618	31.29
718.798	25.35
718.978	26.88
719.159	22.8
719.339	32.52
719.519	21.91
719.699	29.86
719.879	14.98
720.059	32.11
720.239	24.8
720.419	31.76
720.599	23.45
720.779	30.09
720.959	17.22
721.139	15.05
721.319	35.66
721.499	40.6
721.679	13.62
721.859	32.9
722.039	24.28
722.219	28.03
722.399	24.86
722.579	27.3
722.759	26.9
722.938	20.8
723.118	29.09
723.298	29.87
723.478	22.74
723.658	34.05
723.837	28.07
724.017	14.65
724.197	18.1
724.376	19.2
724.556	11.93
724.736	32.55
724.915	26.75
725.095	29.69
725.275	22.55
725.454	21.44
725.634	8.18
725.813	27.59
725.993	17.48
726.172	35.56
726.352	27.13
726.531	18.64
726.711	27.38
726.89	20.58
727.07	28.88
727.249	33.8
727.428	25.01
727.608	20.08
727.787	28.85
727.966	21.72
728.146	18.04
728.325	36
728.504	23.83
728.684	16.89
728.863	23.79
729.042	0.86
729.221	-18.77
729.4	24.81
729.58	38.06
729.759	25.86
729.938	25.1
730.117	31.4
730.296	28.15
730.475	24.82
730.654	28.91
730.833	22.64
731.013	15.94
731.192	14
731.371	36.95
731.55	38.73
731.729	9.73
731.907	24.64
732.086	31.59
732.265	20.97
732.444	16.91
732.623	39.89
732.802	25.45
732.981	16.41
733.16	25.45
733.339	-2.49
733.517	40.06
733.696	23.87
733.875	33.94
734.054	18.75
734.232	41.7
734.411	50.54
734.59	20.76
734.768	19.87
734.947	41.22
735.126	-8.93
735.304	41.44
735.483	42.21
735.662	43.94
735.84	19.94
736.019	18.59
736.197	26.2
736.376	25.82
736.554	43.39
736.733	22.82
736.911	23.49
737.09	13.02
737.268	26.61
737.447	49.94
737.625	25.34
737.803	49.59
737.982	52.49
738.16	5.97
738.338	22.19
738.517	-4.71
738.695	27.11
738.873	47.81
739.052	19.14
739.23	-25.12
739.408	13.72
739.586	29.44
739.764	21.49
739.943	39.97
740.121	32.85
740.299	12.23
740.477	12.59
740.655	6.57
740.833	18.45
741.011	42.89
741.189	44.04
741.367	39.86
741.545	3.9
741.723	22.66
741.901	17.09
742.079	41.62
742.257	51.52
742.435	39.67
742.613	8.06
742.791	9
742.969	26.95
743.147	36.19
743.325	47.4
743.503	15.1
743.68	40.55
743.858	5.11
744.036	7.23
744.214	3.57
744.391	15.68
744.569	22.66
744.747	24.04
744.925	53.96
745.102	7.8
745.28	25.18
745.458	73.08
745.635	20.73
745.813	63.62
745.99	8.88
746.168	22.17
746.345	104.72
746.523	30.5
746.7	46.13
746.878	32.19
747.055	17.57
747.233	33.32
747.41	66.03
747.588	28.66
747.765	7.44
747.943	52.92
748.12	14.12
748.297	60.38
748.475	27.94
748.652	22.43
748.829	35.46
749.007	16.71
749.184	31.24
749.361	65.64
749.538	37.75
749.716	26.15
749.893	12.31
750.07	38.62
750.247	33.09
750.424	66.44
750.601	43.03
750.778	16.73
750.956	21.5
751.133	-32.09
751.31	53.89
751.487	5.45
751.664	38.18
751.841	14.47
752.018	24.61
752.195	20.6
752.372	20.41
752.549	-24.63
752.726	51.54
752.902	21.83
753.079	46.14
753.256	50.29
753.433	28.28
753.61	51.11
753.787	17.12
753.964	10.26
754.14	15.44
754.317	50.23
754.494	45.45
754.671	53.29
754.847	55.59
755.024	55.8
755.201	15.07
755.377	-37.86
755.554	13.86
755.73	49.44
755.907	13.36
756.084	38.75
756.26	59.88
756.437	-14.76
756.613	41.16
756.79	25.01
756.966	61.2
757.143	38.68
757.319	44.53
757.496	61.14
757.672	36.89
757.849	22.62
758.025	5.09
758.201	42.24
758.378	16.59
758.554	16.03
758.73	56.27
758.907	32.28
759.083	33.79
759.259	25.02
759.435	26.86
759.612	21.88
759.788	41.75
759.964	85.4
760.14	25.21
760.316	5.53
760.493	-13.02
760.669	74.71
760.845	32.77
761.021	-81.55
761.197	-40.85
761.373	16.55
761.549	-6.55
761.725	38.09
761.901	7.67
762.077	24.02
762.253	-3.54
762.429	46.2
762.605	-8.3
762.781	26.99
762.957	51.37
763.133	55.92
763.308	1.59
763.484	28.57
763.66	58.05
763.836	50.44
764.012	-6.77
764.187	3.22
764.363	39.39
764.539	-31.97
764.715	-7.05
764.89	8.38
765.066	23.57
765.242	21.19
765.417	-50.08
765.593	12.46
765.769	-21.02
765.944	28.83
766.12	49.41
766.295	9.59
766.471	35.93
766.646	60.58
766.822	34.7
766.997	0.23
767.173	97.3
767.348	13.28
767.524	-47.66
767.699	8.74
767.875	17.91
768.05	12.75
768.225	12.45
768.401	3.48
768.576	17.43
768.751	67.34
768.927	-151.16
769.102	70.57
769.277	52.73
769.452	15.5
769.628	25.31
769.803	-14.37
769.978	94.05
770.153	30.74
770.328	96.89
770.503	74.98
770.679	65.33
770.854	33.29
771.029	25.9
771.204	-46.36
771.379	36.78
771.554	46.97
771.729	81.35
771.904	32.56
772.079	2.03
772.254	82.04
772.429	84.41
772.604	10.35
772.779	134.76
772.953	27.95
773.128	0.18
773.303	-27.09
773.478	54.35
773.653	13.81
773.828	29.35
774.002	20.16
774.177	4.3
774.352	-259.13
774.527	24.23
774.701	39.16
774.876	127.35
775.051	-69.52
775.225	135.14
775.4	25.03
775.575	51.86
775.749	47.48
775.924	37.39
776.098	32.5
776.273	1.73
776.447	74.98
776.622	-17.51
776.796	2.35
776.971	39.59
777.145	39.39
777.32	69.32
777.494	51.53
777.669	32.94
777.843	63.19
778.017	44.91
778.192	-20.89
778.366	46.11
778.54	95.8
778.715	34.11
778.889	173.2
779.063	64.42
779.237	69.7
779.412	111.56
779.586	-11.41
779.76	14.02
779.934	57.3
780.108	38.01
780.282	-641.79
780.457	57.94
780.631	-139.36
780.805	-20.74
780.979	683.58
781.153	166.24
781.327	47.48
781.501	-20.55
781.675	186.01
781.849	25.03
782.023	85.28
782.197	5.7
782.371	206.86
782.545	-197.55
782.718	81.27
782.892	47.58
783.066	49.05
783.24	131.98
783.414	32.93
783.588	62.01
783.761	-7.05
783.935	66.06
784.109	62.86
784.283	210.43
784.456	251.18
784.63	48.02
784.804	40.48
784.977	54.95
785.151	27.29
785.324	17.83
785.498	-27.55
785.672	-39.21
785.845	49.81
786.019	35.07
786.192	-340.4
786.366	9.85
786.539	8.81
786.713	-51.77
786.886	56.79
787.06	-42.9
787.233	30.52
787.406	34.61
787.58	-28.1
787.753	61.2
787.926	142.01
788.1	-35.58
788.273	-1000
788.446	-114.39
788.62	1090.32
788.793	-33.27
788.966	66.39
789.139	-6.2
789.313	82.29
789.486	-2028.57
789.659	-60.57
789.832	73.68
790.005	54.75
790.178	369.91
790.351	17.92
790.524	45.42
790.697	29.3
790.87	230.46
791.044	810.91
791.216	100.95
791.389	-127.27
791.562	12.69
791.735	230.38
791.908	-49.35
792.081	35.03
792.254	81.32
792.427	57.25
792.6	35.57
792.773	60.35
792.945	-247.76
793.118	128.54
793.291	-538.46
793.464	46.81
793.637	207.36
793.809	54.4
793.982	-20.2
794.155	132.48
794.327	69.88
794.5	772.31
794.673	-67.21
794.845	-140.86
795.018	-153.3
795.19	-29.21
795.363	62.58
795.536	146.78
795.708	122.58
795.881	-4600
796.053	-7.16
796.226	110.86
796.398	187.66
796.57	60.04
796.743	-93.88
796.915	30.88
797.088	127.13
797.26	105.51
797.432	351.9
797.605	-217.11
797.777	-922.08
797.949	107.34
798.122	31.79
798.294	226.91
798.466	-129.14
798.638	-21.94
798.81	139.15
798.983	306.33
799.155	49.79
799.327	12.05
799.499	73.03
799.671	178.8
799.843	0.39
800.015	22.57
800.187	66.14
800.359	32.37
800.531	72.75
800.703	31.23
800.875	15.74
801.047	25.05
801.219	171.33
801.391	-251.95
801.563	-15.83
801.735	24.1
801.907	96.93
802.079	71.29
802.251	186.81
802.422	-253.54
802.594	200
802.766	18.57
802.938	178.48
803.11	4.08
803.281	263.58
803.453	51.92
803.625	14.05
803.796	47.8
803.968	35.22
804.14	30.74
804.311	10.18
804.483	195.93
804.654	110.42
804.826	177.43
804.998	219.25
805.169	-59.46
805.341	228.8
805.512	237.27
805.684	116.22
805.855	103.12
806.026	735.38
806.198	60.12
806.369	-62.43
806.541	62.38
806.712	116.28
806.883	177.11
807.055	134.95
807.226	26.59
807.397	-10.99
807.569	327.43
807.74	83.93
807.911	175.51
808.082	-149.78
808.253	-263.37
808.425	39.45
808.596	-555.06
808.767	398.56
808.938	-47.87
809.109	81.19
809.28	-169.67
809.451	29.8
809.622	71.66
809.793	-303.23
809.964	116.52
810.135	208.14
810.306	255.49
810.477	304.7
810.648	40.75
810.819	89.87
810.99	-520
811.161	21.56
811.332	109.19
811.503	58.82
811.674	384.62
811.844	-575.38
812.015	35.36
812.186	-65.03
812.357	4.29
812.527	48.31
812.698	21.99
812.869	1128.3
813.04	33.26
813.21	-751.72
813.381	64.59
813.551	47.89
813.722	93.25
813.893	30.17
814.063	-26.3
814.234	-18.18
814.404	189.63
814.575	130.85
814.745	507.96
814.916	44.48
815.086	71.16
815.257	70.85
815.427	163.19
815.598	-5.83
815.768	82.81
815.938	90.73
816.109	243.72
816.279	-11.09
816.449	44.11
816.62	-1315.79
816.79	88.4
816.96	-796.23
817.13	-10.16
817.301	59.9
817.471	-61.82
817.641	-42.94
817.811	129.93
817.981	-6142.86
818.152	-61.61
818.322	-322.77
818.492	-16.91
818.662	93.99
818.832	26.65
819.002	28.26
819.172	131.67
819.342	109.83
819.512	103.26
819.682	-3.49
819.852	43.82
820.022	88.25
820.192	321.35
820.362	-66.08
820.531	-3.26
820.701	-72.89
820.871	86.1
821.041	118.55
821.211	-46.45
821.381	53.37
821.55	36.6
821.72	-469.77
821.89	15.38
822.059	63.92
822.229	35.11
822.399	-58.3
822.568	-18.18
822.738	1517.07
822.908	273.62
823.077	107.01
823.247	89.41
823.416	482.35
823.586	13.9
823.756	0.56
823.925	32.91
824.095	981.4
824.264	-31.39
824.433	476.11
824.603	60.04
824.772	-9.26
824.942	-437.97
825.111	-113.57
825.28	50.93
825.45	-133.91
825.619	36.02
825.788	-501.12
825.958	41.68
826.127	-74.61
826.296	67.1
826.465	53.18
826.635	87.61
826.804	-107.36
826.973	62.73
827.142	-142.13
827.311	208.05
827.48	96.42
827.649	169.91
827.818	143.31
827.988	-97.6
828.157	-3.13
828.326	9.02
828.495	-51.56
828.664	129.96
828.833	166.08
829.002	-254.66
829.17	-194.63
829.339	133.67
829.508	-38.06
829.677	-474.16
829.846	-10.92
830.015	14.08
830.184	114.11
830.352	141.37
830.521	156.83
830.69	785.37
830.859	1117.65
831.027	-1063.16
831.196	-18.59
831.365	27.67
831.533	20.07
831.702	39.68
831.871	-5.3
832.039	126.53
832.208	-300.87
832.377	29.92
832.545	153.73
832.714	82.19
832.882	53.1
833.051	100.98
833.219	3800
833.388	-156.88
833.556	-16.91
833.724	85.51
833.893	34.07
834.061	-2073.68
834.23	204.07
834.398	93.44
834.566	683.12
834.735	-3914.29
834.903	-26.42
835.071	-280
835.239	-276.07
835.408	175.29
835.576	311.63
835.744	3.69
835.912	169.68
836.08	87.37
836.249	132.08
836.417	-50.27
836.585	141.99
836.753	245.78
836.921	161.08
837.089	-6314.29
837.257	-1558.14
837.425	-91.06
837.593	-27.43
837.761	51.05
837.929	86.64
838.097	143.21
838.265	-6.08
838.433	223.61
838.601	72.68
838.769	534.18
838.936	577.53
839.104	-22.34
839.272	84.58
839.44	61.9
839.608	-92.68
839.775	-22.56
839.943	-18.68
840.111	78.88
840.279	13.13
840.446	-158.21
840.614	-361.04
840.781	-206.96
840.949	-4.07
841.117	-60.63
841.284	-155.36
841.452	-403.73
841.619	-30.27
841.787	-92.25
841.954	-79.07
842.122	-146.82
842.289	72.38
842.457	81.02
842.624	76.99
842.792	-1.46
842.959	-19.43
843.126	95.21
843.294	-58.97
843.461	15.11
843.629	36.8
843.796	31.53
843.963	-168.87
844.13	81.69
844.298	-101.16
844.465	133.53
844.632	162.73
844.799	133.67
844.966	154.04
845.134	90.78
845.301	66.49
845.468	-181.46
845.635	30.39
845.802	118.3
845.969	37.34
846.136	84.57
846.303	705.26
846.47	43.41
846.637	458.46
846.804	-747.37
846.971	46.56
847.138	42.47
847.305	-256.64
847.472	28.57
847.639	34.19
847.805	-0.53
847.972	-96.1
848.139	-31.76
848.306	894.74
848.473	-68.66
848.639	64.87
848.806	65.6
848.973	85.28
849.14	124.29
849.306	-95.96
849.473	-125.83
849.64	-21.54
849.806	-104.31
849.973	310.27
850.139	-101.99
850.306	91.74
850.472	200
850.639	42.62
850.806	-1000
850.972	126.96
851.139	2085.71
851.305	119.04
851.471	-34.88
851.638	-13.5
851.804	-247.76
851.971	-47.45
852.137	105.57
852.303	92.77
852.47	17.43
852.636	108.13
852.802	332.28
852.968	-75.74
853.135	200
853.301	68.21
853.467	46.56
853.633	77.64
853.8	58.02
853.966	-329.95
854.132	2942.86
854.298	313.87
854.464	537.08
854.63	70.92
854.796	216.27
854.962	441.73
855.128	110.74
855.294	-84.54
855.46	-67.45
855.626	-5.46
855.792	-203.09
855.958	188.35
856.124	-153.37
856.29	9.27
856.456	10.86
856.622	-40
856.787	371.43
856.953	46.81
857.119	81.19
857.285	74.88
857.45	187.28
857.616	-6.68
857.782	-51.66
857.948	128.53
858.113	-90.78
858.279	-98.48
858.445	181.1
858.61	925.58
858.776	209.72
858.941	342.57
859.107	80.98
859.273	84.24
859.438	-43.54
859.604	-810.53
859.769	143.31
859.935	-85.15
860.1	34.61
860.265	104.41
860.431	200
860.596	2771.43
860.762	60.06
860.927	84.42
861.092	22.59
861.258	-99.15
861.423	-8.49
861.588	-5.46
861.753	7571.43
861.919	426.42
862.084	218.9
862.249	191.86
862.414	27.99
862.579	254.82
862.745	-32.58
862.91	191.14
863.075	-18.89
863.24	49.12
863.405	91.46
863.57	215.64
863.735	-15.2
863.9	-65.49
864.065	96.51
864.23	67.02
864.395	212.81
864.56	-21.15
864.725	78.48
864.89	564.04
865.055	66.17
865.22	93.52
865.384	-258.43
865.549	409.71
865.714	-114.75
865.879	-36.07
866.044	30.82
866.208	140.45
866.373	-261.54
866.538	84.78
866.702	-59.67
866.867	62.92
867.032	39.06
867.196	20.77
867.361	488
867.526	251.5
867.69	2.74
867.855	252.75
868.019	527.27
868.184	15.99
868.348	-0.68
868.513	-1077.42
868.677	330.74
868.842	-126.5
869.006	138.81
869.17	-864.15
869.335	-4.88
869.499	-277.67
869.663	88.74
869.828	-38.06
869.992	646.51
870.156	54.27
870.321	48.68
870.485	48.34
870.649	-12.14
870.813	31.73
870.978	138.72
871.142	-132.31
871.306	-209.48
871.47	436.5
871.634	237.8
871.798	-232.3
871.962	-24.15
872.126	-10942.86
872.29	31.48
872.454	-1000
872.618	177.03
872.782	128.36
872.946	272.48
873.11	-17.09
873.274	-35.84
873.438	-1141.18
873.602	79.68
873.766	231.17
873.93	-72.88
874.094	119.1
874.257	133.16
874.421	588.44
874.585	-192.73
874.749	43.7
874.912	-464.75
875.076	15.38
875.24	133.11
875.403	286.01
875.567	227.43
875.731	361.8
875.894	97.14
876.058	280.38
876.222	-15.73
876.385	-95.48
876.549	53.1
876.712	352.73
876.876	-115.79
877.039	28.57
877.203	84.78
877.366	55.25
877.529	-75.62
877.693	5.21
877.856	193.42
878.02	-2.05
878.183	-14.42
878.346	231.17
878.51	136.28
878.673	-171.22
878.836	48.58
878.999	1245.16
879.163	56.67
879.326	-39.39
879.489	72.48
879.652	32.53
879.815	104.21
879.978	155.92
880.142	-9.4
880.305	-38.51
880.468	0.48
880.631	184.08
880.794	-5.64
880.957	112.2
881.12	-858.82
881.283	108.52
881.446	37.66
881.609	458.99
881.772	117.92
881.935	-576.47
882.097	98.72
882.26	-728.3
882.423	25.13
882.586	67.16
882.749	28.57
882.912	-72.39
883.074	-4.06
883.237	82.86
883.4	129.97
883.562	102.2
883.725	46.4
883.888	162.2
884.05	-2920
884.213	-73.95
884.376	-19.49
884.538	49.74
884.701	49.74
884.863	49.74
