181.954	-78.14
182.172	-78.14
182.39	-78.14
182.608	4340
182.826	-14.29
183.043	25.11
183.261	137.06
183.479	253.67
183.697	1488.24
183.914	38.46
184.132	108.56
184.35	306.28
184.567	165.35
184.785	0.88
185.003	92.8
185.22	180.69
185.438	43.95
185.656	-66.83
185.873	-183.08
186.091	74.38
186.309	210.34
186.526	-48.42
186.744	90.85
186.961	-150.57
187.179	-11.85
187.396	36.52
187.614	-164.62
187.831	-940
188.049	-81.6
188.266	39.48
188.484	-377.61
188.701	-105.83
188.919	73.2
189.136	122.94
189.354	110.81
189.571	-125.59
189.789	74.28
190.006	48.3
190.223	324.86
190.441	51.72
190.658	-3100
190.876	105.97
191.093	-700
191.31	90.49
191.528	137.47
191.745	7.01
191.962	75.05
192.179	102.62
192.397	-53.85
192.614	182.49
192.831	-22.1
193.049	34.07
193.266	325.24
193.483	30.28
193.7	93.85
193.917	107.31
194.135	120.14
194.352	-190.35
194.569	39.63
194.786	93.09
195.003	-8.67
195.221	26.19
195.438	-110.6
195.655	-121.11
195.872	170.51
196.089	52.36
196.306	-53.26
196.523	48.59
196.74	201.22
196.957	55.35
197.174	6.6
197.391	103.13
197.608	10.85
197.825	-235.48
198.042	-118.07
198.259	417.24
198.476	14.89
198.693	3380
198.91	-81.97
199.127	-126.87
199.344	-117
199.561	35.26
199.778	41.45
199.995	-1076.12
200.212	-1113.79
200.429	45.02
200.646	-487.34
200.862	405.62
201.079	7.31
201.296	-96.03
201.513	127.18
201.73	-124.35
201.947	20.6
202.163	-86.77
202.38	42.2
202.597	179.14
202.814	44.41
203.03	980
203.247	17.59
203.464	-7.07
203.681	422.08
203.897	82.06
204.114	658.49
204.331	116.81
204.547	-1034.88
204.764	-41.86
204.981	-3170.59
205.197	-102.55
205.414	5.88
205.63	-493.1
205.847	-6.53
206.064	-329.09
206.28	-32.97
206.497	-15.14
206.713	67.13
206.93	83.51
207.146	21.44
207.363	592.31
207.579	-185.71
207.796	117.7
208.012	-72.05
208.229	-91.04
208.445	-111.44
208.662	7.9
208.878	69.76
209.095	1417.65
209.311	-22.16
209.528	1871.43
209.744	-9.65
209.96	-207.28
210.177	-222.33
210.393	-0.09
210.609	9620
210.826	-169.94
211.042	218.26
211.258	446.27
211.475	-180.21
211.691	-10.18
211.907	-502.53
212.124	56.47
212.34	198.29
212.556	-19.91
212.772	-462.64
212.989	-32.45
213.205	-53.51
213.421	-259.8
213.637	-270.15
213.853	145.14
214.069	-194.74
214.286	101.17
214.502	-914.93
214.718	-64.26
214.934	-9.92
215.15	240.33
215.366	58.87
215.582	3.89
215.798	36.23
216.015	-89.91
216.231	156.22
216.447	31.41
216.663	92.06
216.879	-169.35
217.095	250.34
217.311	658.49
217.527	184.63
217.743	-630.1
217.959	1.89
218.175	-43.79
218.391	-0.72
218.606	-96.57
218.822	-32.17
219.038	-71.12
219.254	93.26
219.47	80.15
219.686	607.87
219.902	72.63
220.118	-55.52
220.334	82.31
220.549	64.37
220.765	-52.06
220.981	-13.8
221.197	-8.16
221.413	-502.2
221.628	-745.57
221.844	1156.6
222.06	-175.73
222.276	45.11
222.491	20.84
222.707	181.31
222.923	-152.35
223.139	74.56
223.354	-140.2
223.57	-66.93
223.786	20.25
224.001	-83.78
224.217	38.19
224.432	201.73
224.648	163.07
224.864	25.78
225.079	-843.28
225.295	11.66
225.51	272.97
225.726	-20.75
225.942	-109.4
226.157	38.55
226.373	81.28
226.588	-5.26
226.804	-2405.26
227.019	35.68
227.235	24.68
227.45	89
227.665	15380
227.881	112.6
228.096	-167.83
228.312	-27.05
228.527	118.44
228.743	-110.29
228.958	-73.76
229.173	-230.43
229.389	16.63
229.604	96.57
229.819	88.01
230.035	-203.89
230.25	-140.23
230.465	-31.06
230.681	-133.22
230.896	-94.39
231.111	78
231.327	197.36
231.542	-3340
231.757	138.66
231.972	-259.01
232.187	-77.02
232.403	-2721.05
232.618	3.73
232.833	88.35
233.048	-612.73
233.263	20.46
233.478	-53.04
233.694	-532.56
233.909	1196.77
234.124	-25.36
234.339	-54.21
234.554	1658.62
234.769	3.68
234.984	-11.21
235.199	123.91
235.414	-222.12
235.629	-259.49
235.844	68.52
236.059	47.79
236.274	-25.68
236.489	-56.74
236.704	98.36
236.919	20.7
237.134	70.95
237.349	214.96
237.564	37.76
237.779	-107.92
237.994	-15.74
238.209	112.04
238.424	-44.79
238.639	-46.81
238.853	9.01
239.068	-112.69
239.283	-232.33
239.498	192.88
239.713	160.48
239.928	-22.56
240.142	98.09
240.357	-13.35
240.572	-138.87
240.787	-10.08
241.001	137.45
241.216	4.74
241.431	179.72
241.646	3.45
241.86	-38.12
242.075	-951.16
242.29	16.99
242.504	8.75
242.719	306.21
242.934	-274.8
243.148	57.18
243.363	106.38
243.577	931.46
243.792	96.76
244.007	-11.15
244.221	-76.62
244.436	-502.99
244.65	58.28
244.865	39.34
245.079	58.74
245.294	-458.27
245.508	34.97
245.723	20
245.937	-581.32
246.152	34.29
246.366	98.63
246.581	-68.87
246.795	-125.77
247.01	-60.42
247.224	-15.86
247.438	-157.61
247.653	69.2
247.867	47.04
248.081	130.39
248.296	1026.83
248.51	71.16
248.724	79.09
248.939	-91.04
249.153	211.02
249.367	5.65
249.582	-55.86
249.796	157.14
250.01	-382.12
250.224	40.55
250.439	-81.41
250.653	131.61
250.867	53.34
251.081	39.34
251.295	80.09
251.51	-71.91
251.724	-156.12
251.938	218.96
252.152	-69.34
252.366	157.14
252.58	-416.36
252.794	6.36
253.008	380.79
253.223	-40.13
253.437	-0.31
253.651	-46.22
253.865	64.05
254.079	-78.2
254.293	-36.27
254.507	-394.55
254.721	-101.49
254.935	-67.03
255.149	89.01
255.363	73.26
255.577	274.5
255.791	105.42
256.005	176.07
256.218	30.43
256.432	36.57
256.646	1.89
256.86	16.62
257.074	-13.47
257.288	3140
257.502	-647.25
257.716	50.25
257.929	61.33
258.143	78.99
258.357	-59.72
258.571	79.34
258.785	-134.24
258.998	13.15
259.212	106.94
259.426	-48.88
259.64	20.76
259.853	-15.36
260.067	16.63
260.281	-27.1
260.494	-46.51
260.708	618.81
260.922	-113.55
261.135	-5.26
261.349	-68.74
261.563	60.48
261.776	1700
261.99	39.75
262.203	18.02
262.417	-47
262.63	-118.31
262.844	553.93
263.058	-81.69
263.271	37.29
263.485	180.82
263.698	78.42
263.912	-61.7
264.125	-98.74
264.339	-331.5
264.552	-36.56
264.765	-397.39
264.979	142.63
265.192	9.54
265.406	28.29
265.619	98.69
265.832	76.79
266.046	24.49
266.259	64.75
266.473	-700
266.686	28.64
266.899	-46.7
267.113	10100
267.326	20.85
267.539	72.98
267.752	64.65
267.966	58.32
268.179	39.48
268.392	98.6
268.605	-312.6
268.819	78.92
269.032	113.27
269.245	610.77
269.458	105.9
269.671	515.19
269.885	-16.19
270.098	38.84
270.311	-122.78
270.524	47.48
270.737	-46.29
270.95	-175.5
271.163	-331.5
271.376	-932.26
271.589	-912.66
271.802	8.54
272.016	-148.86
272.229	35.97
272.442	-14.98
272.655	41.25
272.868	-142.76
273.081	-79.78
273.294	61.35
273.506	114.13
273.719	-8.4
273.932	-53.54
274.145	-9580
274.358	-104.75
274.571	56.3
274.784	658.49
274.997	49.6
275.21	-7.41
275.423	-91.97
275.635	150.25
275.848	10.84
276.061	-96.03
276.274	-9.46
276.487	-282.61
276.699	-38.96
276.912	-80.05
277.125	25.11
277.338	-23.29
277.55	3.29
277.763	-75.42
277.976	83.97
278.189	38.46
278.401	27.33
278.614	480.8
278.827	-28.89
279.039	33.52
279.252	-7.55
279.464	-98.47
279.677	-13.73
279.89	23.9
280.102	-386.43
280.315	734.15
280.527	-3668.42
280.74	1451.72
280.952	-55.18
281.165	10.27
281.377	105.35
281.59	-45.45
281.802	59.18
282.015	20
282.227	121.92
282.44	189.21
282.652	607.87
282.865	50.71
283.077	46.02
283.29	116.06
283.502	12.45
283.714	113.27
283.927	48.01
284.139	-45.92
284.351	67.26
284.564	108.56
284.776	64.87
284.988	-38.52
285.201	-305.97
285.413	18.17
285.625	162.7
285.838	45.65
286.05	39.06
286.262	-88.93
286.474	50.45
286.686	-16.37
286.899	37.22
287.111	3.87
287.323	15.76
287.535	571.29
287.747	64.97
287.959	-11.14
288.172	-700
288.384	11.49
288.596	-38.5
288.808	952.83
289.02	-156.6
289.232	121.84
289.444	-55.75
289.656	-117.59
289.868	-2.81
290.08	-324.54
290.292	-97.45
290.504	5.88
290.716	39.19
290.928	-28.42
291.14	500
291.352	-25.53
291.564	-1688.24
291.776	120.53
291.988	-88.96
292.2	-205.21
292.412	311.89
292.624	-86.23
292.835	267.16
293.047	-86.75
293.259	-19.12
293.471	125.34
293.683	148.78
293.895	117.51
294.106	-47.47
294.318	23.56
294.53	65.54
294.742	2237.93
294.953	-133.21
295.165	96.27
295.377	-4.67
295.589	25.04
295.8	-10.06
296.012	13.67
296.224	18.35
296.435	120.04
296.647	-0.37
296.858	232.37
297.07	961.54
297.282	-25.43
297.493	-49.49
297.705	-178.86
297.916	27.17
298.128	48.77
298.34	107.63
298.551	62.87
298.763	-98.7
298.974	-3.96
299.186	-28.99
299.397	-87.76
299.609	1041.94
299.82	59.53
300.031	1.21
300.243	1194.74
300.454	-250.92
300.666	59.46
300.877	45.02
301.089	-128.09
301.3	10.84
301.511	22.74
301.723	-13.53
301.934	464.18
302.145	-29.31
302.357	126.06
302.568	135.2
302.779	-7.19
302.99	225.56
303.202	124.83
303.413	9.2
303.624	-41.02
303.835	703.77
304.047	-136.44
304.258	6.92
304.469	6.59
304.68	21.41
304.891	45.01
305.103	-46.72
305.314	54.76
305.525	-2414.29
305.736	-0.79
305.947	23.31
306.158	2829.41
306.369	11.64
306.58	59.94
306.791	63.28
307.002	110.05
307.213	-54.21
307.424	3.89
307.636	-13.35
307.846	-15.36
308.057	266.99
308.268	-24.88
308.479	-12.53
308.69	34.53
308.901	52.77
309.112	276.74
309.323	-16.19
309.534	-18.92
309.745	15.48
309.956	-6.52
310.167	-76.81
310.377	206.94
310.588	89.08
310.799	101.62
311.01	-22.1
311.221	21.9
311.432	44.43
311.642	-17.89
311.853	-3.43
312.064	582.76
312.275	178.81
312.485	-34.94
312.696	3.26
312.907	47.74
313.117	46.73
313.328	122.94
313.539	-70.84
313.749	-107.44
313.96	-185.71
314.171	61.89
314.381	-11.57
314.592	22.02
314.802	23.83
315.013	-75.48
315.224	47.91
315.434	-1521.05
315.645	5300
315.855	12.81
316.066	230.34
316.276	-0.35
316.487	558.54
316.697	30.62
316.908	44.67
317.118	14.2
317.329	48.97
317.539	12.19
317.749	293.99
317.96	-986.57
318.17	-181.64
318.381	354.95
318.591	-423.08
318.801	-0.14
319.012	-89.4
319.222	348.54
319.432	-47.89
319.643	13.7
319.853	91.03
320.063	28.84
320.273	-22.55
320.484	-53.85
320.694	186.53
320.904	-12.54
321.114	567.42
321.325	168.97
321.535	-165.4
321.745	4.4
321.955	26.61
322.165	-29.31
322.375	23.09
322.585	-118.4
322.796	417.24
323.006	124.79
323.216	45.88
323.426	-3.23
323.636	224.4
323.846	127.59
324.056	48.86
324.266	-15.86
324.476	83.57
324.686	97.84
324.896	27.47
325.106	-632.08
325.316	1.74
325.526	-1647.37
325.736	10.55
325.946	-49.78
326.156	328.57
326.366	-574.78
326.576	34.17
326.785	-24.62
326.995	-37.11
327.205	-48.74
327.415	174.58
327.625	158.39
327.835	5.65
328.044	-121.11
328.254	-282.61
328.464	67.49
328.674	13.08
328.884	-17.99
329.093	-26.2
329.303	61.33
329.513	522.36
329.722	-1836.84
329.932	62.08
330.142	68.97
330.351	61.58
330.561	-329.09
330.771	-390.04
330.98	-108.17
331.19	1146.15
331.4	-161.48
331.609	16.29
331.819	968.29
332.028	-69.14
332.238	7.8
332.447	-5.01
332.657	20.9
332.866	210.75
333.076	17.27
333.285	70.03
333.495	693.55
333.704	-145.74
333.914	50.16
334.123	-129.62
334.333	555.38
334.542	22.62
334.752	684.62
334.961	92.45
335.17	-66.83
335.38	-212.81
335.589	49.53
335.798	118.07
336.008	-172.53
336.217	4.68
336.426	63.74
336.636	-15.74
336.845	-47.61
337.054	281.82
337.263	-73.31
337.473	-52.32
337.682	-82.41
337.891	-111.56
338.1	249.64
338.309	43.06
338.519	191.12
338.728	-3.08
338.937	-246.46
339.146	146.04
339.355	-518.87
339.564	-2721.05
339.773	41.71
339.983	24.08
340.192	-324.35
340.401	78.2
340.61	21.68
340.819	3.58
341.028	145.9
341.237	-205.88
341.446	-18.13
341.655	-21.09
341.864	-256.4
342.073	-64.82
342.282	-40.72
342.491	54.66
342.699	220.39
342.908	-92.21
343.117	-82.59
343.326	9.31
343.535	-765.45
343.744	-28.34
343.953	-14.29
344.162	54.71
344.37	18.74
344.579	-592.54
344.788	-9.46
344.997	79.29
345.206	-12.05
345.414	102.99
345.623	97.05
345.832	-92.97
346.041	506.09
346.249	13.95
346.458	1.12
346.667	59.6
346.875	-3.89
347.084	40.29
347.293	-26.13
347.501	-222.27
347.71	14.46
347.918	-80.07
348.127	-660.44
348.336	-580.79
348.544	-22.38
348.753	-431.34
348.961	4.11
349.17	-167.18
349.378	166.84
349.587	11.66
349.795	-152.43
350.004	223.08
350.212	-37.31
350.421	308.85
350.629	43.2
350.838	94.23
351.046	122.94
351.254	-2.49
351.463	-14.81
351.671	-3100
351.879	-0.24
352.088	3.51
352.296	192.04
352.504	138.36
352.713	-204.45
352.921	-208.66
353.129	-5.13
353.338	66.18
353.546	5.24
353.754	-265.64
353.962	-155.35
354.171	72.21
354.379	-1773.68
354.587	-26.66
354.795	-117.59
355.003	16.96
355.212	-141.69
355.42	-315.09
355.628	37.35
355.836	-114.24
356.044	-66.73
356.252	40.4
356.46	-0.16
356.668	536.92
356.876	50.2
357.084	95.11
357.292	54.99
357.5	-6.62
357.708	20.41
357.916	-13.35
358.124	3.21
358.332	-449.25
358.54	-372.73
358.748	-61.04
358.956	-49.46
359.164	44.73
359.372	88.06
359.58	-104.32
359.788	23.31
359.996	-70.84
360.203	-11.69
360.411	-91.16
360.619	-398.49
360.827	73.61
361.035	-331.9
361.242	123.46
361.45	-578.48
361.658	50.71
361.866	33.46
362.073	-68.2
362.281	43.58
362.489	-37.29
362.697	13.44
362.904	-43.81
363.112	147.06
363.32	-72.11
363.527	-261.74
363.735	-171.81
363.943	-1.65
364.15	135.34
364.358	-7.41
364.565	30.89
364.773	57.52
364.98	-161.48
365.188	4.97
365.395	74.19
365.603	-146.78
365.81	-5.4
366.018	38.61
366.225	77.4
366.433	-74.69
366.64	-5.17
366.848	40.9
367.055	-7.84
367.263	-8.24
367.47	56.96
367.677	-16.46
367.885	-10.86
368.092	56.89
368.299	-149.01
368.507	82.96
368.714	531.86
368.921	-425.98
369.129	100.56
369.336	54.99
369.543	-0.22
369.751	-14.51
369.958	-312.56
370.165	-18.8
370.372	-61.42
370.579	79.54
370.787	11.89
370.994	141.97
371.201	-72.21
371.408	28.39
371.615	40.9
371.822	-49.43
372.029	-81.69
372.237	-288.57
372.444	370.27
372.651	63.81
372.858	141.06
373.065	80.06
373.272	33.5
373.479	913.79
373.686	-119.91
373.893	-70.87
374.1	333.49
374.307	-156.12
374.514	-146.15
374.721	-20.84
374.928	328.57
375.135	1.89
375.341	2420
375.548	-15.86
375.755	3.21
375.962	-25.99
376.169	-104.22
376.376	-92.71
376.583	26.39
376.789	47.42
376.996	117.22
377.203	-9.82
377.41	-82.86
377.617	35.1
377.823	70.05
378.03	35.48
378.237	-47.02
378.443	-206.29
378.65	1201.89
378.857	-44.65
379.063	-137.97
379.27	-199.13
379.477	97.82
379.683	-85.29
379.89	-9.01
380.097	-14.29
380.303	14.27
380.51	20
380.716	27.21
380.923	-331.5
381.129	61.71
381.336	329.92
381.542	-20.41
381.749	11.03
381.955	61.71
382.162	-81.96
382.368	-31.32
382.575	-10.68
382.781	1782.76
382.988	-4.78
383.194	-1.47
383.4	-23.25
383.607	12.01
383.813	-22.51
384.02	15.64
384.226	97.49
384.432	-85.74
384.639	26.15
384.845	-213.92
385.051	-33.91
385.257	-28.66
385.464	25.54
385.67	32.39
385.876	119.01
386.082	-106.1
386.289	4.13
386.495	18.83
386.701	-74.59
386.907	-116.88
387.113	9.53
387.319	29.57
387.526	42.67
387.732	-255.91
387.938	442.4
388.144	-240.87
388.35	27.92
388.556	17.53
388.762	35.3
388.968	-476.74
389.174	-10.64
389.38	38.66
389.586	-14.29
389.792	-5.65
389.998	-109.07
390.204	-143.73
390.41	9.14
390.616	-40.56
390.822	24.49
391.028	-2.59
391.234	37.86
391.439	-513.59
391.645	29.04
391.851	37.86
392.057	-9.37
392.263	34.6
392.469	80.99
392.674	-1.2
392.88	-10.11
393.086	-10.18
393.292	-76.97
393.498	-147.41
393.703	-2.07
393.909	-10.03
394.115	83.5
394.32	-16.65
394.526	19.78
394.732	29.04
394.937	11.45
395.143	-63.56
395.349	-49.46
395.554	-476.88
395.76	66.56
395.965	-33.17
396.171	-42.82
396.377	-44.81
396.582	-3.78
396.788	0.84
396.993	26.12
397.199	-41.58
397.404	6.93
397.61	-22.65
397.815	-62.64
398.021	-47.23
398.226	29.09
398.431	-20.44
398.637	18.98
398.842	-3.39
399.048	33.11
399.253	12.86
399.458	9.13
399.664	12.36
399.869	-19.63
400.074	9.44
400.28	14.54
400.485	-62.91
400.69	-9.95
400.896	-5.64
401.101	-1.71
401.306	-16.53
401.511	15.16
401.716	16.99
401.922	-4.97
402.127	-17.43
402.332	-14.29
402.537	37.21
402.742	-0.96
402.947	23.28
403.153	-14.29
403.358	-14.14
403.563	-13.07
403.768	16.8
403.973	5.67
404.178	-3.33
404.383	-11.95
404.588	15.56
404.793	33.07
404.998	6.22
405.203	6.67
405.408	9.53
405.613	-2.36
405.818	1.58
406.023	-3.18
406.228	-5.97
406.433	2.54
406.638	-9.89
406.842	14.61
407.047	1.72
407.252	-1.88
407.457	7.47
407.662	5.78
407.867	6.51
408.071	5.09
408.276	2.39
408.481	4.62
408.686	-1.24
408.891	11.56
409.095	5.96
409.3	-9.5
409.505	0.6
409.709	-3.2
409.914	6.72
410.119	5.8
410.323	-1.68
410.528	1.51
410.733	2.72
410.937	5.1
411.142	-5.19
411.346	6.46
411.551	-1.99
411.756	2.43
411.96	2.23
412.165	-3.26
412.369	-1.34
412.574	1.71
412.778	2.01
412.983	2.98
413.187	0.08
413.392	-2.08
413.596	2.37
413.8	4.7
414.005	5.25
414.209	1.44
414.414	4.16
414.618	1.22
414.822	1.2
415.027	2.82
415.231	1.46
415.435	3.45
415.64	1.47
415.844	0.66
416.048	2.84
416.252	5.08
416.457	3.83
416.661	2.68
416.865	0.86
417.069	0.72
417.274	2.03
417.478	1.07
417.682	1.78
417.886	1.32
418.09	2.51
418.294	2.31
418.498	1.92
418.702	2.62
418.907	2.01
419.111	1.09
419.315	0.56
419.519	2.48
419.723	-0.23
419.927	2.2
420.131	3.01
420.335	1.15
420.539	0.06
420.743	2.67
420.947	0.56
421.151	1.81
421.355	1.86
421.558	2.61
421.762	1.69
421.966	1.07
422.17	2.23
422.374	1.81
422.578	1.5
422.782	2.08
422.985	1.13
423.189	2.6
423.393	1.82
423.597	1.48
423.801	1.87
424.004	1.25
424.208	0.87
424.412	1.5
424.615	1.61
424.819	2.61
425.023	1.34
425.226	1.65
425.43	2.49
425.634	1.89
425.837	1.27
426.041	2.48
426.245	2.08
426.448	1.74
426.652	1.14
426.855	0.85
427.059	1.27
427.262	2.37
427.466	1.38
427.669	1.58
427.873	1.23
428.076	2.18
428.28	1.85
428.483	2.01
428.687	1.35
428.89	1.74
429.094	1.03
429.297	1.32
429.5	1.99
429.704	2.09
429.907	2.44
430.11	1.71
430.314	1.85
430.517	1.02
430.72	1.98
430.924	1.78
431.127	1.71
431.33	1.35
431.533	1.89
431.737	1.38
431.94	1.14
432.143	1.97
432.346	1.35
432.549	1.38
432.752	1.03
432.956	1.28
433.159	0.83
433.362	1.35
433.565	1.57
433.768	1.22
433.971	1.39
434.174	1.69
434.377	1.71
434.58	1.26
434.783	0.84
434.986	1.62
435.189	1.43
435.392	1.72
435.595	1.97
435.798	1.79
436.001	1.87
436.204	1.7
436.407	1.74
436.61	1.65
436.813	1.69
437.016	1.67
437.219	1.44
437.421	1.45
437.624	1.64
437.827	1.72
438.03	1.61
438.233	1.23
438.435	1.68
438.638	1.7
438.841	1.17
439.044	1.79
439.246	1.79
439.449	1.14
439.652	1.54
439.854	1.58
440.057	1.58
440.26	1.53
440.462	1.58
440.665	1.14
440.868	1.72
441.07	1.79
441.273	1.67
441.475	1.38
441.678	1.5
441.88	1.6
442.083	1.59
442.286	1.61
442.488	1.27
442.69	1.8
442.893	1.63
443.095	1.3
443.298	1.43
443.5	1.4
443.703	1.45
443.905	1.47
444.108	1.67
444.31	1.75
444.512	1.51
444.715	1.93
444.917	1.59
445.119	1.65
445.322	1.35
445.524	1.77
445.726	1.48
445.928	1.43
446.131	1.89
446.333	1.68
446.535	1.42
446.737	1.59
446.94	1.84
447.142	1.88
447.344	1.62
447.546	1.55
447.748	1.67
447.95	1.62
448.152	1.76
448.354	1.54
448.557	2.05
448.759	1.43
448.961	1.47
449.163	1.8
449.365	1.59
449.567	1.93
449.769	1.52
449.971	1.61
450.173	1.64
450.375	1.78
450.577	1.75
450.779	1.64
450.981	1.35
451.182	1.26
451.384	1.69
451.586	1.84
451.788	1.31
451.99	1.4
452.192	1.39
452.394	1.96
452.595	2.03
452.797	1.86
452.999	1.96
453.201	1.97
453.402	1.79
453.604	1.63
453.806	1.92
454.008	1.41
454.209	1.86
454.411	1.57
454.613	1.56
454.814	1.7
455.016	1.73
455.218	1.81
455.419	1.84
455.621	1.77
455.822	1.69
456.024	1.42
456.225	1.73
456.427	1.98
456.629	1.36
456.83	1.63
457.032	1.81
457.233	1.68
457.435	1.33
457.636	1.75
457.837	2.29
458.039	1.46
458.24	1.91
458.442	1.83
458.643	1.64
458.844	1.91
459.046	1.3
459.247	2.32
459.448	2.2
459.65	1.7
459.851	2.19
460.052	1.84
460.254	2.14
460.455	2.04
460.656	2.11
460.857	2.06
461.059	1.69
461.26	1.66
461.461	1.95
461.662	1.74
461.863	1.81
462.065	1.94
462.266	1.78
462.467	1.73
462.668	1.1
462.869	2.52
463.07	1.48
463.271	1.73
463.472	0.86
463.673	1.59
463.874	2.17
464.075	1.59
464.276	1.8
464.477	2.13
464.678	2.38
464.879	1.75
465.08	1.65
465.281	2.51
465.482	1.66
465.683	1.49
465.884	2.72
466.085	2.12
466.285	2.13
466.486	2.07
466.687	2.65
466.888	2.04
467.089	2.37
467.29	1.84
467.49	0.6
467.691	2.76
467.892	1.54
468.093	2.11
468.293	2.53
468.494	2.33
468.695	2.53
468.895	2
469.096	0.8
469.297	0.67
469.497	1.61
469.698	2.84
469.898	0.85
470.099	3.25
470.3	1.99
470.5	1.67
470.701	2.84
470.901	2.97
471.102	2.67
471.302	1.58
471.503	1.33
471.703	2.81
471.904	3.13
472.104	1.86
472.305	1.49
472.505	3.31
472.705	3.44
472.906	1.91
473.106	2.83
473.306	2.41
473.507	2.76
473.707	2.56
473.907	2.16
474.108	0.27
474.308	2.11
474.508	2.62
474.709	2.94
474.909	2.5
475.109	1
475.309	2.9
475.51	1.29
475.71	1.22
475.91	3.1
476.11	1.14
476.31	1.07
476.51	2.9
476.71	2.28
476.911	2.53
477.111	1.37
477.311	1.84
477.511	2.58
477.711	1.9
477.911	1.58
478.111	3.15
478.311	1.87
478.511	1.93
478.711	2.51
478.911	1.76
479.111	2.25
479.311	2.19
479.511	3.27
479.711	1.36
479.91	0.78
480.11	3.9
480.31	2.48
480.51	3.13
480.71	1.13
480.91	2.41
481.109	3.86
481.309	2.77
481.509	1.06
481.709	2.54
481.909	1.69
482.108	0.8
482.308	1.37
482.508	2.23
482.707	3.24
482.907	2.18
483.107	1.25
483.306	3.4
483.506	2.44
483.706	1.87
483.905	1.54
484.105	3.24
484.304	2.51
484.504	2.4
484.704	3.07
484.903	2.06
485.103	3.63
485.302	2.77
485.502	2.47
485.701	2.01
485.901	2.74
486.1	1.86
486.299	2.16
486.499	1.98
486.698	2.13
486.898	2.26
487.097	2.74
487.296	2.26
487.496	1.28
487.695	2.03
487.894	2.15
488.094	1.87
488.293	0.93
488.492	1.89
488.692	0.6
488.891	2.28
489.09	2.78
489.289	2
489.489	1.67
489.688	0.94
489.887	1.85
490.086	1.84
490.285	2.85
490.484	3.83
490.683	3.38
490.883	4.72
491.082	2.22
491.281	1.26
491.48	0.97
491.679	1.63
491.878	2.29
492.077	2.78
492.276	2.13
492.475	1.7
492.674	1.33
492.873	2.32
493.072	2.26
493.271	2.97
493.47	1.74
493.669	1.91
493.867	2.68
494.066	3.1
494.265	1.98
494.464	3.17
494.663	1.09
494.862	0.64
495.06	1.13
495.259	1.87
495.458	2.93
495.657	1.99
495.856	1.53
496.054	2.31
496.253	3.12
496.452	1.16
496.65	1.38
496.849	1.64
497.048	1.87
497.246	1.95
497.445	1.67
497.644	2.15
497.842	2.35
498.041	2.39
498.239	2.17
498.438	1.87
498.636	2.79
498.835	2.74
499.034	1.67
499.232	1.88
499.431	1.12
499.629	1.19
499.827	2.76
500.026	1.47
500.224	1.96
500.423	1.61
500.621	1.04
500.82	2.03
501.018	2.62
501.216	1.89
501.415	2.34
501.613	1.9
501.811	1.88
502.01	2.29
502.208	1.85
502.406	2.3
502.604	2.71
502.803	2.2
503.001	2.77
503.199	2.2
503.397	2.34
503.595	2.15
503.794	2.21
503.992	2.56
504.19	2.59
504.388	3.28
504.586	2.54
504.784	2.49
504.982	1.81
505.18	1.9
505.378	2.44
505.576	2.63
505.774	3.5
505.972	2.01
506.17	2.79
506.368	2.56
506.566	2.3
506.764	2.48
506.962	2.74
507.16	2.45
507.358	2.4
507.556	2.93
507.754	2.79
507.952	2.86
508.15	2.55
508.347	2.07
508.545	2.47
508.743	2.31
508.941	2.75
509.139	3.11
509.336	2.96
509.534	2.55
509.732	2.6
509.93	2.01
510.127	2.59
510.325	2.41
510.523	2.96
510.72	2.77
510.918	2.79
511.116	2.27
511.313	2.24
511.511	2.69
511.708	2.54
511.906	2.99
512.104	2.86
512.301	3.15
512.499	2.94
512.696	2.48
512.894	2.49
513.091	2.88
513.289	2.59
513.486	2.79
513.683	2.42
513.881	3.09
514.078	2.94
514.276	2.66
514.473	2.83
514.67	3.04
514.868	3.09
515.065	3.03
515.262	3.11
515.46	2.86
515.657	3.59
515.854	2.81
516.052	2.94
516.249	2.84
516.446	3.19
516.643	3.13
516.84	2.92
517.038	3.01
517.235	2.57
517.432	3.26
517.629	3.7
517.826	3.08
518.023	2.85
518.221	3.84
518.418	3.87
518.615	3.05
518.812	3.08
519.009	3.66
519.206	3.06
519.403	3.06
519.6	3.36
519.797	3.16
519.994	3.16
520.191	3.38
520.388	3.41
520.585	3.15
520.782	3.54
520.978	2.95
521.175	2.98
521.372	3.58
521.569	3.33
521.766	3.07
521.963	3.28
522.159	3.23
522.356	3.43
522.553	3.78
522.75	3.62
522.947	3.27
523.143	3.11
523.34	3.69
523.537	3.4
523.733	3.44
523.93	3.59
524.127	3.43
524.323	3.65
524.52	3.44
524.717	3.47
524.913	3.4
525.11	3.37
525.306	3.54
525.503	3.44
525.7	3.76
525.896	3.33
526.093	3.68
526.289	4.14
526.486	3.6
526.682	3.4
526.878	3.45
527.075	3.93
527.271	3.66
527.468	3.76
527.664	3.51
527.861	3.93
528.057	3.63
528.253	4.15
528.45	3.81
528.646	3.44
528.842	3.88
529.039	3.32
529.235	3.7
529.431	3.55
529.627	3.67
529.824	4.01
530.02	3.79
530.216	3.94
530.412	4.04
530.608	4.14
530.804	4.15
531.001	3.95
531.197	4.06
531.393	3.78
531.589	3.56
531.785	4
531.981	4.18
532.177	4.25
532.373	3.74
532.569	3.95
532.765	3.94
532.961	3.79
533.157	3.61
533.353	4.27
533.549	3.67
533.745	3.69
533.941	4.18
534.137	3.89
534.333	3.78
534.529	4.24
534.725	4.29
534.92	4.06
535.116	4.17
535.312	3.74
535.508	4.34
535.704	4.02
535.899	4
536.095	4.13
536.291	4.14
536.487	3.93
536.682	4.31
536.878	3.87
537.074	4.1
537.269	4.18
537.465	4.2
537.661	4.25
537.856	4.4
538.052	4.23
538.248	4.02
538.443	4.7
538.639	4.56
538.834	3.79
539.03	4.06
539.225	4.49
539.421	4.4
539.616	4.33
539.812	4
540.007	4.73
540.203	4.03
540.398	4.44
540.593	4.78
540.789	4.69
540.984	4.39
541.18	4.31
541.375	4.26
541.57	4.59
541.766	4.6
541.961	4.68
542.156	4.34
542.352	4.99
542.547	4.47
542.742	4.83
542.937	4.49
543.133	4.96
543.328	4.7
543.523	4.36
543.718	4.62
543.913	4.76
544.108	4.19
544.304	4.6
544.499	4.98
544.694	4.71
544.889	4.9
545.084	4.73
545.279	5.09
545.474	4.67
545.669	4.62
545.864	4.9
546.059	4.9
546.254	4.42
546.449	4.85
546.644	4.34
546.839	4.48
547.034	4.68
547.229	4.65
547.424	5.43
547.618	5.03
547.813	4.72
548.008	4.98
548.203	4.91
548.398	4.71
548.593	5.21
548.787	5.21
548.982	4.73
549.177	4.78
549.372	4.83
549.566	4.66
549.761	5
549.956	5.14
550.15	5.18
550.345	5.08
550.54	5.07
550.734	4.71
550.929	5.24
551.124	5.08
551.318	5.25
551.513	5.08
551.707	5.35
551.902	5.2
552.096	5.43
552.291	5.2
552.485	4.99
552.68	5.33
552.874	5.2
553.069	5.22
553.263	5.69
553.458	5.43
553.652	5.47
553.847	5.39
554.041	5.38
554.235	5.11
554.43	5.48
554.624	5.42
554.818	5.39
555.013	5.39
555.207	5.29
555.401	5.76
555.595	5.75
555.79	5.19
555.984	5.51
556.178	5.34
556.372	5.54
556.566	5.63
556.761	5.62
556.955	6.05
557.149	5.82
557.343	5.73
557.537	5.7
557.731	5.98
557.925	5.77
558.119	5.58
558.313	5.5
558.507	5.63
558.701	5.83
558.895	5.94
559.089	5.76
559.283	5.77
559.477	5.82
559.671	5.94
559.865	5.74
560.059	5.76
560.253	5.65
560.447	6
560.641	5.83
560.835	5.74
561.028	6.23
561.222	6.3
561.416	6.11
561.61	5.82
561.804	5.81
561.997	5.87
562.191	6.18
562.385	5.91
562.579	5.95
562.772	6.16
562.966	6.01
563.16	6.07
563.353	6.31
563.547	5.76
563.741	5.92
563.934	6.12
564.128	6.52
564.321	6.02
564.515	6.43
564.708	6.23
564.902	6.27
565.095	6.11
565.289	6.2
565.482	6.18
565.676	6.28
565.869	6.43
566.063	6.55
566.256	6.12
566.45	5.91
566.643	6.06
566.836	6.47
567.03	6.67
567.223	6.29
567.416	6.73
567.61	6.42
567.803	6.45
567.996	6.49
568.19	6.54
568.383	6.39
568.576	6.4
568.769	6.49
568.963	6.13
569.156	6.64
569.349	6.66
569.542	6.7
569.735	6.48
569.928	6.69
570.121	6.93
570.315	6.52
570.508	6.49
570.701	6.7
570.894	6.76
571.087	6.48
571.28	6.85
571.473	6.83
571.666	6.88
571.859	6.73
572.052	6.5
572.245	6.65
572.438	7
572.631	6.54
572.824	6.88
573.016	6.61
573.209	7.01
573.402	6.84
573.595	6.56
573.788	7.13
573.981	7.22
574.173	6.93
574.366	6.93
574.559	7.15
574.752	6.89
574.944	6.79
575.137	6.97
575.33	6.72
575.523	7.02
575.715	6.84
575.908	7.03
576.101	7.22
576.293	6.57
576.486	6.57
576.678	7.12
576.871	6.99
577.063	7.46
577.256	7.05
577.449	7.16
577.641	6.94
577.834	7.05
578.026	6.85
578.219	7.03
578.411	7.12
578.603	7.62
578.796	7.11
578.988	6.89
579.181	7.05
579.373	7.24
579.565	7.42
579.758	7.58
579.95	7.02
580.142	7.17
580.335	7.34
580.527	7.52
580.719	7.24
580.912	7.16
581.104	7.54
581.296	7.21
581.488	7.22
581.68	7.31
581.873	7.46
582.065	7.34
582.257	7.3
582.449	7.4
582.641	7.43
582.833	7.15
583.025	7.14
583.217	7.24
583.41	7.47
583.602	7.46
583.794	7.22
583.986	7.84
584.178	7.28
584.37	7.61
584.562	7.24
584.753	7.46
584.945	7.57
585.137	7.43
585.329	7.44
585.521	8.14
585.713	7.73
585.905	7.77
586.097	7.57
586.289	7.95
586.48	8
586.672	7.47
586.864	7.78
587.056	8.12
587.247	7.49
587.439	7.45
587.631	7.3
587.823	7.78
588.014	7.85
588.206	7.79
588.398	7.7
588.589	7.72
588.781	7.87
588.972	8.05
589.164	7.89
589.356	7.75
589.547	7.69
589.739	7.67
589.93	7.9
590.122	7.84
590.313	7.89
590.505	7.87
590.696	7.96
590.888	7.88
591.079	7.99
591.271	7.82
591.462	8.31
591.653	7.8
591.845	8.6
592.036	8.32
592.227	7.66
592.419	7.98
592.61	8.06
592.801	8.1
592.993	8.15
593.184	8.35
593.375	8.09
593.566	8.25
593.758	7.79
593.949	8.31
594.14	8.09
594.331	7.83
594.522	8.52
594.713	8.11
594.905	8.06
595.096	8.26
595.287	8.48
595.478	8.56
595.669	8.74
595.86	8.16
596.051	8.41
596.242	8.38
596.433	8.51
596.624	8.36
596.815	8.98
597.006	8.46
597.197	8.57
597.388	8.6
597.579	8.48
597.77	8.35
597.96	8.61
598.151	8.97
598.342	8.59
598.533	8.82
598.724	8.59
598.915	8.73
599.105	8.61
599.296	8.73
599.487	8.28
599.678	8.98
599.868	9.02
600.059	9.06
600.25	9.07
600.44	8.75
600.631	8.48
600.822	8.75
601.012	8.88
601.203	8.8
601.394	8.72
601.584	8.89
601.775	9.18
601.965	8.58
602.156	8.46
602.346	9.53
602.537	8.58
602.727	9.01
602.918	8.55
603.108	8.85
603.299	8.86
603.489	9.14
603.679	8.66
603.87	9.03
604.06	9.33
604.251	9.23
604.441	8.85
604.631	9.23
604.822	9.26
605.012	9.14
605.202	9.2
605.392	9.12
605.583	9.31
605.773	9.53
605.963	9.38
606.153	8.89
606.344	8.88
606.534	9.41
606.724	9.45
606.914	9.22
607.104	8.9
607.294	9.25
607.484	9.47
607.674	9.37
607.864	9.02
608.054	9.54
608.245	9.59
608.435	9.58
608.625	9.29
608.814	9
609.004	9.38
609.194	9.53
609.384	9.27
609.574	9.28
609.764	9.74
609.954	9.49
610.144	10.14
610.334	9.57
610.524	9.66
610.713	9.69
610.903	9.27
611.093	10.12
611.283	10.21
611.473	9.78
611.662	10.16
611.852	9.49
612.042	10.53
612.231	9.6
612.421	9.8
612.611	9.28
612.8	9.91
612.99	9.56
613.18	9.83
613.369	9.89
613.559	9.17
613.748	9.49
613.938	9.84
614.128	9.76
614.317	10.04
614.507	9.88
614.696	10.51
614.886	10.15
615.075	9.33
615.264	9.97
615.454	10.07
615.643	9.77
615.833	10.54
616.022	10.27
616.211	10.04
616.401	9.87
616.59	10.64
616.779	10.63
616.969	9.74
617.158	10.15
617.347	10.24
617.537	10.27
617.726	10.04
617.915	9.53
618.104	9.61
618.293	10.35
618.483	10.25
618.672	10.42
618.861	10.31
619.05	10.22
619.239	10.17
619.428	10.35
619.617	10.35
619.806	9.94
619.995	10.67
620.184	9.97
620.373	9.82
620.562	10.39
620.751	9.84
620.94	9.75
621.129	10.25
621.318	10.24
621.507	9.94
621.696	10.07
621.885	10.06
622.074	10.45
622.263	9.82
622.452	10.7
622.64	10.72
622.829	10.19
623.018	10.27
623.207	10.47
623.396	10.41
623.584	10.69
623.773	10.47
623.962	10.74
624.15	11.17
624.339	10.97
624.528	10.44
624.716	11.07
624.905	10.15
625.094	10.72
625.282	10.62
625.471	10.35
625.659	10.55
625.848	9.97
626.037	10.76
626.225	10.83
626.414	11.01
626.602	10.01
626.791	10.65
626.979	10.61
627.167	11.22
627.356	11.14
627.544	11.1
627.733	10.34
627.921	10.77
628.109	10.66
628.298	10.63
628.486	11.2
628.674	11.02
628.863	11.22
629.051	11.3
629.239	10.98
629.428	11.01
629.616	11.24
629.804	11.85
629.992	10.93
630.18	9.73
630.369	10.67
630.557	10.96
630.745	11.07
630.933	11.86
631.121	10.62
631.309	10.6
631.497	11.23
631.685	11.33
631.873	11.38
632.061	10.42
632.249	11.21
632.437	11.54
632.625	10.57
632.813	11.34
633.001	11.82
633.189	10.78
633.377	11.23
633.565	10.12
633.753	10.79
633.941	11.38
634.129	11.16
634.316	11.25
634.504	11.9
634.692	11.89
634.88	11.12
635.068	11.44
635.255	11.33
635.443	11.06
635.631	10.96
635.818	11.6
636.006	11.65
636.194	11.43
636.382	11.01
636.569	11.43
636.757	11.79
636.944	11.68
637.132	11.25
637.32	11.28
637.507	10.84
637.695	10.14
637.882	11.09
638.07	12.22
638.257	10.79
638.445	11.04
638.632	10.24
638.82	11.21
639.007	10.05
639.194	11.6
639.382	10.72
639.569	11.73
639.757	11.79
639.944	10.03
640.131	11.4
640.319	10.82
640.506	11.11
640.693	10.88
640.88	10.74
641.068	11.41
641.255	10.28
641.442	11.11
641.629	10.46
641.817	11.28
642.004	10.04
642.191	10.82
642.378	11.14
642.565	11.6
642.752	11.2
642.939	10.99
643.126	10.98
643.313	11.63
643.501	11.57
643.688	11.13
643.875	10.33
644.062	11.04
644.249	11.09
644.435	10.33
644.622	10.46
644.809	11.5
644.996	10.22
645.183	10.16
645.37	11.19
645.557	11.15
645.744	9.6
645.931	10.73
646.117	10.77
646.304	10.41
646.491	10.43
646.678	10.84
646.865	10.9
647.051	10.96
647.238	10.52
647.425	10.25
647.611	10.2
647.798	10.32
647.985	10.23
648.171	11.44
648.358	10.29
648.545	11.49
648.731	9.99
648.918	11.21
649.104	9.59
649.291	10.65
649.477	9.62
649.664	10.67
649.85	10.47
650.037	9.99
650.223	8.8
650.41	10.14
650.596	10.34
650.783	9.74
650.969	10.59
651.155	9.95
651.342	9.86
651.528	9.38
651.714	10.33
651.901	11.12
652.087	11.02
652.273	9.08
652.46	10.35
652.646	11.25
652.832	10.32
653.018	10.18
653.204	11.47
653.391	10.35
653.577	10.54
653.763	10.39
653.949	11.84
654.135	10.33
654.321	10.61
654.507	10.62
654.693	9.47
654.879	11.04
655.065	9.01
655.252	9.42
655.438	11.4
655.624	10.27
655.809	9.13
655.995	8.84
656.181	9.86
656.367	9.61
656.553	11.38
656.739	9.91
656.925	11.13
657.111	10.57
657.297	10.28
657.482	10.25
657.668	10.68
657.854	9.5
658.04	10.18
658.226	8.65
658.411	10.19
658.597	11.29
658.783	10.37
658.968	10.14
659.154	9
659.34	9.46
659.525	9.88
659.711	10.03
659.897	8.94
660.082	9.36
660.268	9.97
660.453	10.03
660.639	11.88
660.824	10.38
661.01	10.81
661.195	10.04
661.381	9.36
661.566	10.42
661.752	10.41
661.937	11.05
662.123	9.94
662.308	9.4
662.494	10.17
662.679	10.5
662.864	10.14
663.05	9.37
663.235	11.19
663.42	9.64
663.605	10.13
663.791	8.24
663.976	9.22
664.161	9.8
664.346	9.71
664.532	10.17
664.717	8.43
664.902	10.47
665.087	10.3
665.272	10.97
665.457	6.93
665.642	8.11
665.828	8.53
666.013	9.67
666.198	6.15
666.383	10.96
666.568	9.13
666.753	9.1
666.938	8.54
667.123	8.95
667.308	8.31
667.493	8.39
667.677	8.18
667.862	9.51
668.047	9.19
668.232	7.32
668.417	9.73
668.602	8.61
668.787	10.44
668.971	8.42
669.156	9.75
669.341	6.7
669.526	11.76
669.711	9.97
669.895	10.63
670.08	6.72
670.265	10.68
670.449	7.44
670.634	10.64
670.819	9.11
671.003	7.64
671.188	9.02
671.372	7.92
671.557	10.32
671.742	10.31
671.926	8.67
672.111	7.05
672.295	7.75
672.48	7.57
672.664	9.71
672.849	5.57
673.033	7.85
673.217	7.2
673.402	8
673.586	6.59
673.771	9.17
673.955	8.66
674.139	9.33
674.324	7.49
674.508	8.73
674.692	9.04
674.876	9.82
675.061	12.9
675.245	11.07
675.429	9.41
675.613	6.91
675.798	10.55
675.982	11.1
676.166	10.14
676.35	10.91
676.534	11.54
676.718	10.27
676.902	13.07
677.087	8.84
677.271	8.52
677.455	9.63
677.639	8.2
677.823	9.49
678.007	9.79
678.191	10.42
678.375	9.63
678.559	10.36
678.742	8.72
678.926	11.62
679.11	14.53
679.294	10.87
679.478	6.97
679.662	11.54
679.846	13.2
680.029	10.91
680.213	12.42
680.397	8.54
680.581	10.4
680.765	14.46
680.948	11.34
681.132	9.03
681.316	8.78
681.499	10.46
681.683	13.13
681.867	11.38
682.05	15.13
682.234	8.77
682.417	14.21
682.601	13.52
682.785	11.59
682.968	14.47
683.152	14.8
683.335	13.18
683.519	14.75
683.702	14.44
683.886	13.84
684.069	13.19
684.253	13.55
684.436	15.47
684.619	12.28
684.803	12.44
684.986	12.05
685.169	16.83
685.353	16.85
685.536	15.37
685.719	15.76
685.903	14.25
686.086	13.34
686.269	19.23
686.452	10.68
686.636	14.66
686.819	11.3
687.002	17.89
687.185	19.97
687.368	18
687.551	17.9
687.734	15.76
687.918	17.98
688.101	14.57
688.284	17.12
688.467	18.26
688.65	14.91
688.833	16.29
689.016	15.69
689.199	18.13
689.382	17.81
689.565	16.61
689.748	18.05
689.93	15.34
690.113	18.6
690.296	20.69
690.479	14.24
690.662	17.61
690.845	12.46
691.028	16.09
691.21	20.11
691.393	19.29
691.576	17.07
691.759	14.47
691.941	21.19
692.124	24.74
692.307	24.73
692.489	15.06
692.672	16.34
692.855	14.44
693.037	24.92
693.22	18.95
693.403	14.64
693.585	25.5
693.768	23.24
693.95	16.45
694.133	21.62
694.315	20.04
694.498	23.23
694.68	19.09
694.863	23.21
695.045	19.71
695.228	23.09
695.41	24.03
695.592	23.34
695.775	23.25
695.957	22.78
696.139	21.26
696.322	23.85
696.504	26.67
696.686	20.61
696.869	19.45
697.051	28.56
697.233	28.07
697.415	27.39
697.597	15.96
697.78	23.78
697.962	18.86
698.144	26.29
698.326	21.52
698.508	25
698.69	20.4
698.872	23.42
699.055	22.7
699.237	23.5
699.419	21.08
699.601	23.26
699.783	24.34
699.965	24.69
700.147	16.39
700.329	27.44
700.51	25.36
700.692	25
700.874	20.61
701.056	24.14
701.238	22.46
701.42	25.53
701.602	27.23
701.783	26.78
701.965	19
702.147	28.22
702.329	23.35
702.511	23.4
702.692	28.38
702.874	20.79
703.056	22.89
703.237	25.59
703.419	22.46
703.601	23.96
703.782	27.5
703.964	30.78
704.146	21.56
704.327	27.85
704.509	28.43
704.69	21.64
704.872	21.36
705.053	21.23
705.235	31.65
705.416	20.17
705.598	20.09
705.779	17.36
705.961	27.76
706.142	20.21
706.323	31.79
706.505	28.3
706.686	27.01
706.867	23.09
707.049	19.27
707.23	23.38
707.411	23.22
707.593	25.5
707.774	19.29
707.955	22.43
708.136	20.99
708.318	29.65
708.499	22.22
708.68	21.8
708.861	17.29
709.042	21.22
709.223	21.13
709.404	27.62
709.585	23.22
709.767	20.91
709.948	25.28
710.129	33.92
710.31	20.28
710.491	26.07
710.672	16.53
710.853	16.78
711.034	28.82
711.214	26.12
711.395	21.64
711.576	31.35
711.757	21.12
711.938	27.13
712.119	23.61
712.3	32.05
712.481	24.96
712.661	27
712.842	21.25
713.023	20.43
713.204	23.73
713.384	24.82
713.565	26.15
713.746	15.17
713.926	13.44
714.107	21.63
714.288	17.75
714.468	29.8
714.649	37.36
714.83	23.54
715.01	33.34
715.191	26.77
715.371	34.13
715.552	30.76
715.732	30.62
715.913	24.25
716.093	37.96
716.274	20.51
716.454	28
716.635	32.59
716.815	22
716.995	25.97
717.176	35.31
717.356	10.9
717.536	23.74
717.717	28.61
717.897	21.25
718.077	26.75
718.258	25
718.438	27.05
718.618	33.67
718.798	19.13
718.978	27.54
719.159	32.24
719.339	36.66
719.519	25.49
719.699	30.03
719.879	24.87
720.059	22.5
720.239	35.18
720.419	31.23
720.599	10.64
720.779	24.12
720.959	29.36
721.139	21.25
721.319	25.95
721.499	39.41
721.679	9.56
721.859	31.07
722.039	16.13
722.219	28.47
722.399	30.63
722.579	22.47
722.759	28.13
722.938	23.21
723.118	32.33
723.298	26.87
723.478	38.35
723.658	21.19
723.837	33.51
724.017	17.28
724.197	23.5
724.376	36.54
724.556	17.63
724.736	36.25
724.915	21.45
725.095	29.92
725.275	16.82
725.454	7.1
725.634	32.11
725.813	34.76
725.993	25.32
726.172	29.66
726.352	31.43
726.531	25.16
726.711	5.28
726.89	32.82
727.07	40.58
727.249	40.46
727.428	25.64
727.608	7.98
727.787	36.62
727.966	9.25
728.146	25.01
728.325	37.84
728.504	26.57
728.684	27.21
728.863	34.17
729.042	15.87
729.221	-3.59
729.4	17.92
729.58	20.37
729.759	32.56
729.938	43.34
730.117	31.96
730.296	24.1
730.475	28.53
730.654	27.64
730.833	14.4
731.013	14.27
731.192	28.27
731.371	30.14
731.55	30.5
731.729	35.16
731.907	42.53
732.086	29.5
732.265	11.83
732.444	24.38
732.623	27.63
732.802	24.3
732.981	16.3
733.16	10.9
733.339	0.82
733.517	55.43
733.696	37.44
733.875	27.33
734.054	21.83
734.232	23.05
734.411	28.75
734.59	11.8
734.768	8.62
734.947	29.47
735.126	4.73
735.304	28
735.483	19.31
735.662	44.21
735.84	29.13
736.019	25.64
736.197	29.88
736.376	25.73
736.554	45.78
736.733	29.4
736.911	35.08
737.09	15.3
737.268	18.62
737.447	34.73
737.625	32.63
737.803	13.14
737.982	44.95
738.16	50.73
738.338	30.76
738.517	24.48
738.695	31.04
738.873	45.56
739.052	11.69
739.23	-5.23
739.408	24.25
739.586	18.23
739.764	13.01
739.943	24.55
740.121	35.58
740.299	17.67
740.477	27.93
740.655	19.28
740.833	25.67
741.011	36.79
741.189	21.39
741.367	47.48
741.545	6.49
741.723	26.82
741.901	23.54
742.079	31.88
742.257	5.38
742.435	32.22
742.613	21.59
742.791	10.63
742.969	38.7
743.147	17.2
743.325	17.85
743.503	13.89
743.68	32.72
743.858	38.08
744.036	24.84
744.214	4.78
744.391	-25.73
744.569	10.6
744.747	19.44
744.925	19.11
745.102	35.65
745.28	14.46
745.458	28.06
745.635	31.18
745.813	52.88
745.99	19.37
746.168	22.67
746.345	76.6
746.523	14.76
746.7	27.53
746.878	33.74
747.055	16.66
747.233	27.38
747.41	45.79
747.588	51.59
747.765	43.96
747.943	22.56
748.12	11.45
748.297	25.78
748.475	23.9
748.652	38.95
748.829	19.23
749.007	-8.07
749.184	28.99
749.361	14.04
749.538	41.48
749.716	32.5
749.893	22.91
750.07	27.42
750.247	45.96
750.424	12.97
750.601	102.86
750.778	47.05
750.956	19.33
751.133	-10.31
751.31	39.03
751.487	66.05
751.664	14.54
751.841	16.66
752.018	24.48
752.195	-19.6
752.372	41.83
752.549	14.09
752.726	33.21
752.902	58.33
753.079	42.47
753.256	74.4
753.433	23.3
753.61	27.58
753.787	8.94
753.964	-12.72
754.14	36.69
754.317	34.41
754.494	35.36
754.671	51.3
754.847	34.5
755.024	49.68
755.201	48.03
755.377	34.04
755.554	-17.48
755.73	-24.27
755.907	3.97
756.084	24.44
756.26	13.23
756.437	25.8
756.613	16.51
756.79	34.14
756.966	2.87
757.143	-1.34
757.319	20.81
757.496	57.73
757.672	28.6
757.849	61.89
758.025	-23.71
758.201	-0.14
758.378	41.86
758.554	15.82
758.73	19.49
758.907	16.04
759.083	45.07
759.259	42.03
759.435	33.08
759.612	36.44
759.788	57.8
759.964	-0.08
760.14	22.74
760.316	-44.88
760.493	25.43
760.669	51.76
760.845	35.48
761.021	-95.9
761.197	6.97
761.373	60.66
761.549	9.97
761.725	-6.23
761.901	36.35
762.077	29.83
762.253	-5.19
762.429	66.23
762.605	15.25
762.781	27.58
762.957	9.46
763.133	54.33
763.308	6.68
763.484	42.52
763.66	85.69
763.836	17.43
764.012	29.9
764.187	33.12
764.363	57.34
764.539	-21.17
764.715	36.41
764.89	20.27
765.066	-46.78
765.242	25.03
765.417	3.72
765.593	51.38
765.769	22.55
765.944	14.26
766.12	30.23
766.295	-12.64
766.471	-7.05
766.646	73.21
766.822	64.22
766.997	-39.23
767.173	70.23
767.348	-21
767.524	-24.03
767.699	38.13
767.875	35.46
768.05	-25.21
768.225	20.69
768.401	15.82
768.576	34.07
768.751	21.22
768.927	25.05
769.102	90.95
769.277	40.7
769.452	105.08
769.628	39.87
769.803	-27.31
769.978	2.26
770.153	-28
770.328	73.36
770.503	-4.56
770.679	117.64
770.854	15.48
771.029	5.74
771.204	-40.4
771.379	-6.64
771.554	9.18
771.729	-4.63
771.904	-45.26
772.079	-31.4
772.254	69.07
772.429	31.35
772.604	46.19
772.779	-12.03
772.953	11.54
773.128	5.37
773.303	14.79
773.478	-22.02
773.653	29.16
773.828	88.44
774.002	-3.54
774.177	1.25
774.352	145.22
774.527	1.46
774.701	20.39
774.876	77.4
775.051	18.72
775.225	-5.02
775.4	-4.03
775.575	10.85
775.749	-132.52
775.924	-49.57
776.098	8.99
776.273	25.03
776.447	42.65
776.622	39.83
776.796	-8.24
776.971	71.21
777.145	19.48
777.32	75.29
777.494	71.35
777.669	78.53
777.843	-27.69
778.017	-0.16
778.192	-2.59
778.366	-1.98
778.54	36.32
778.715	92.82
778.889	44.42
779.063	69.48
779.237	17.27
779.412	25.79
779.586	127.79
779.76	97.05
779.934	46.09
780.108	-30.01
780.282	-341.79
780.457	39.17
780.631	-49.27
780.805	9.2
780.979	-628.36
781.153	-9.46
781.327	-27.1
781.501	31.11
781.675	76.68
781.849	1.34
782.023	-34.61
782.197	-30.73
782.371	-316
782.545	28.83
782.718	71.73
782.892	100.72
783.066	54.76
783.24	14.17
783.414	-17.03
783.588	36.76
783.761	-11.79
783.935	-35.76
784.109	11.93
784.283	-366.09
784.456	56.4
784.63	151.72
784.804	94.73
784.977	34.4
785.151	33.46
785.324	-17.59
785.498	-38.82
785.672	-8.07
785.845	11.89
786.019	-23.22
786.192	142.38
786.366	73.37
786.539	76.95
786.713	-65.67
786.886	42.64
787.06	112.08
787.233	-79.5
787.406	51.61
787.58	50.89
787.753	124.1
787.926	134.2
788.1	146.63
788.273	454.72
788.446	-49.08
788.62	-80.65
788.793	50.3
788.966	208.04
789.139	151.83
789.313	-10.08
789.486	-4814.29
789.659	-76
789.832	-11.71
790.005	54.33
790.178	478.76
790.351	-17.73
790.524	125.76
790.697	16.93
790.87	-103.05
791.044	-874.55
791.216	58.32
791.389	-116.04
791.562	100.69
791.735	-502.53
791.908	577.92
792.081	31.71
792.254	-475.82
792.427	102.97
792.6	-42.27
792.773	9.61
792.945	-37.31
793.118	133.75
793.291	-14.29
793.464	-36.17
793.637	-243.56
793.809	51.47
793.982	-15.5
794.155	-55.5
794.327	8.43
794.5	75.38
794.673	9.31
794.845	-139.69
795.018	225.89
795.19	162.92
795.363	44.61
795.536	5.1
795.708	-2093.55
795.881	8660
796.053	-25.47
796.226	157.14
796.398	28.02
796.57	-39.09
796.743	41.69
796.915	-36.13
797.088	-68.42
797.26	-340.94
797.432	348.1
797.605	191.98
797.777	-481.82
797.949	203.47
798.122	105.01
798.294	171.75
798.466	74.86
798.638	-98.12
798.81	101.13
798.983	439.24
799.155	4.98
799.327	11.33
799.499	54.06
799.671	97.17
799.843	-58.9
800.015	205.84
800.187	-47.16
800.359	31.71
800.531	17.53
800.703	55.61
800.875	175.24
801.047	21.97
801.219	106.83
801.391	266.23
801.563	223.74
801.735	-55.05
801.907	65.64
802.079	129.02
802.251	-106.59
802.422	8.66
802.594	297.4
802.766	-13.17
802.938	128.7
803.11	24.9
803.281	-199.34
803.453	23.63
803.625	13.76
803.796	-2.16
803.968	-7.92
804.14	70.53
804.311	-1.79
804.483	142.03
804.654	143.55
804.826	22.26
804.998	57.22
805.169	-55.98
805.341	-210.4
805.512	67.7
805.684	26.9
805.855	152.11
806.026	573.85
806.198	360.12
806.369	53.64
806.541	30.07
806.712	120.04
806.883	61.85
807.055	109.72
807.226	14.45
807.397	-343.96
807.569	319.47
807.74	23.76
807.911	-24.08
808.082	-108.07
808.253	143.56
808.425	98.63
808.596	216.85
808.767	25.18
808.938	110.49
809.109	-200.99
809.28	-279.15
809.451	43.27
809.622	191.98
809.793	-506.45
809.964	-178.26
810.135	129.83
810.306	-27.17
810.477	419.46
810.648	-9.16
810.819	-27.72
810.99	-2140
811.161	62.83
811.332	182.16
811.503	58.32
811.674	407.69
811.844	-238.46
812.015	-16.09
812.186	500
812.357	221.89
812.527	-3.13
812.698	-34.02
812.869	1088.68
813.04	24.37
813.21	1037.93
813.381	84.44
813.551	-172.68
813.722	39.37
813.893	72.63
814.063	-18.11
814.234	347.27
814.404	33.48
814.575	166.44
814.745	22.12
814.916	52.36
815.086	32.63
815.257	-81.17
815.427	-37.42
815.598	-13.89
815.768	84.04
815.938	42.25
816.109	-73.28
816.279	91.59
816.449	-72.81
816.62	-2784.21
816.79	123.88
816.96	-428.3
817.13	8.81
817.301	-224.87
817.471	39.83
817.641	205.52
817.811	123.36
817.981	157.14
818.152	-51.66
818.322	-212.87
818.492	24.2
818.662	3.89
818.832	84.77
819.002	25.58
819.172	260.85
819.342	347.4
819.512	39.35
819.682	47.39
819.852	-79.24
820.022	68.96
820.192	-403.37
820.362	-80.04
820.531	-35.5
820.701	69.68
820.871	-252.54
821.041	54.75
821.211	-18.23
821.381	149.88
821.55	-51.49
821.72	-1006.98
821.89	481.54
822.059	126.39
822.229	56.64
822.399	-134.98
822.568	97.49
822.738	178.05
822.908	404.29
823.077	-80.07
823.247	52.68
823.416	76.47
823.586	82.89
823.756	-155.77
823.925	-122.78
824.095	-197.67
824.264	-86.55
824.433	32.74
824.603	-62.14
824.772	-26.43
824.942	-988.61
825.111	162.31
825.28	246.58
825.45	-345.22
825.619	336.02
825.788	-403.37
825.958	-69.02
826.127	7.21
826.296	7.49
826.465	237.41
826.635	90.33
826.804	-82.02
826.973	-31.37
827.142	4.68
827.311	355.03
827.48	73.05
827.649	74.92
827.818	-142.52
827.988	336.8
828.157	127.59
828.326	22.55
828.495	10.48
828.664	173.15
828.833	-72.44
829.002	-88.82
829.17	24.83
829.339	-211.56
829.508	-107.29
829.677	621.35
829.846	28.63
830.015	30.14
830.184	-43.16
830.352	179.48
830.521	569.06
830.69	880.49
830.859	500
831.027	247.37
831.196	156.51
831.365	-0.18
831.533	26.35
831.702	-189.88
831.871	-37.83
832.039	59.18
832.208	-324.35
832.377	-227.56
832.545	52.7
832.714	27.62
832.882	-43.72
833.051	125.15
833.219	5642.86
833.388	80.67
833.556	-49.27
833.724	42.05
833.893	19.04
834.061	436.84
834.23	56.61
834.398	-0.39
834.566	32.47
834.735	6671.43
834.903	228.3
835.071	1940
835.239	98.69
835.408	96.34
835.576	-951.16
835.744	120.05
835.912	153.89
836.08	99.11
836.249	115.09
836.417	-64.71
836.585	137.46
836.753	173.02
836.921	-116.22
837.089	-10300
837.257	-1062.79
837.425	-184.26
837.593	15.21
837.761	84.07
837.929	34.85
838.097	45.65
838.265	-4.47
838.433	31.8
838.601	92.57
838.769	74.68
838.936	1012.36
839.104	176.29
839.272	115.27
839.44	78.23
839.608	-2485.37
839.775	11.28
839.943	-115.03
840.111	125.42
840.279	78.99
840.446	-377.61
840.614	609.09
840.781	-136.52
840.949	51.62
841.117	60.18
841.284	-112.88
841.452	172.05
841.619	22.62
841.787	-4.8
841.954	193.02
842.122	0.58
842.289	-35.16
842.457	204.25
842.624	103.64
842.792	70.8
842.959	-7.43
843.126	80.85
843.294	-43.47
843.461	83.08
843.629	29.6
843.796	87.9
843.963	14.4
844.13	53.8
844.298	-55.98
844.465	-115.74
844.632	134.78
844.799	53.77
844.966	-245.53
845.134	17.13
845.301	46.7
845.468	31.13
845.635	80.21
845.802	-107.66
845.969	39.64
846.136	57.52
846.303	-447.37
846.47	15.85
846.637	-220
846.804	-700
846.971	4.26
847.138	115.44
847.305	0.88
847.472	-3.34
847.639	86.89
847.805	127.59
847.972	609.09
848.139	5.58
848.306	563.16
848.473	34.33
848.639	108.74
848.806	624.8
848.973	119.12
849.14	132.81
849.306	150.22
849.473	-143.71
849.64	149.23
849.806	46.41
849.973	474.05
850.139	-143.71
850.306	68.49
850.472	163.47
850.639	-7.54
850.806	-2910.53
850.972	228.7
851.139	-871.43
851.305	-14.7
851.471	4.63
851.638	-81.6
851.804	231.34
851.971	15.74
852.137	101.54
852.303	101.7
852.47	81.62
852.636	17.7
852.802	55.91
852.968	-31.06
853.135	55.33
853.301	-54.91
853.467	75.08
853.633	111.45
853.8	142.14
853.966	-121.32
854.132	-1557.14
854.298	289.78
854.464	135.96
854.63	44.2
854.796	64.75
854.962	-87.05
855.128	43.8
855.294	-7.22
855.46	-108.8
855.626	-196.77
855.792	-111.58
855.958	-94.17
856.124	-192.02
856.29	142.38
856.456	-52.71
856.622	132.34
856.787	515.58
856.953	12.21
857.119	-260.4
857.285	79.15
857.45	25.09
857.616	61.95
857.782	-80.05
857.948	108.78
858.113	69.97
858.279	195.43
858.445	225.98
858.61	-588.37
858.776	-24.7
858.941	309.9
859.107	42.12
859.273	14.35
859.438	-62.36
859.604	-1015.79
859.769	84.25
859.935	-105.94
860.1	150.84
860.265	63.4
860.431	16.55
860.596	-5328.57
860.762	38.19
860.927	88.67
861.092	68.79
861.258	-37.11
861.423	59.85
861.588	202.23
861.753	3757.14
861.919	658.49
862.084	320.47
862.249	231.53
862.414	147.78
862.579	91.88
862.745	44.74
862.91	198.89
863.075	-152.77
863.24	134.58
863.405	-6.53
863.57	15.31
863.735	186.32
863.9	308.85
864.065	-26.24
864.23	-31.93
864.395	303.56
864.56	-61.93
864.725	-244.3
864.89	526.97
865.055	259.11
865.22	4.44
865.384	-106.74
865.549	-12.62
865.714	-126.7
865.879	63.28
866.044	-86.23
866.208	71.22
866.373	-370.33
866.538	123.42
866.702	12.13
866.867	92.97
867.032	127.29
867.196	88.62
867.361	240.8
867.526	-25.32
867.69	181.1
867.855	-106.59
868.019	412.73
868.184	43.91
868.348	-143
868.513	-583.87
868.677	28.4
868.842	-17.31
869.006	211.05
869.17	-632.08
869.335	-143.9
869.499	-105.83
869.663	285.43
869.828	67.61
869.992	193.02
870.156	34.03
870.321	-77.13
870.485	7.76
870.649	151.72
870.813	-186.35
870.978	101.7
871.142	-496.92
871.306	-136.97
871.47	281.02
871.634	140.94
871.798	388.2
871.962	-5.69
872.126	-8414.29
872.29	61.26
872.454	1014.29
872.618	230.14
872.782	446.27
872.946	467.79
873.11	204.52
873.274	160.12
873.438	-558.82
873.602	-123.75
873.766	-279.22
873.93	16.71
874.094	95.51
874.257	70.29
874.421	493.06
874.585	-438.18
874.749	6.8
874.912	-268.35
875.076	8.68
875.24	12.13
875.403	233.79
875.567	-21.14
875.731	257.3
875.894	10.2
876.058	-28.23
876.222	-241.57
876.385	-6.53
876.549	55.48
876.712	-23.64
876.876	-189.88
877.039	4.25
877.203	50.35
877.366	177.82
877.529	-153
877.693	59.92
877.856	227.12
878.02	26.9
878.183	165.2
878.346	-138.96
878.51	32.74
878.673	-69.78
878.836	15.46
878.999	577.42
879.163	75.64
879.326	-34.02
879.489	-6.81
879.652	51.88
879.815	97.68
879.978	-9.39
880.142	266.44
880.305	358.39
880.468	77.83
880.631	16.18
880.794	83.51
880.957	1290.24
881.12	-700
881.283	10.31
881.446	83.18
881.609	275.54
881.772	-109.77
881.935	-2182.35
882.097	94.88
882.26	567.92
882.423	180.4
882.586	-93.36
882.749	20.7
882.912	-103.68
883.074	52.57
883.237	179.83
883.4	83.02
883.562	153.82
883.725	586.4
883.888	-10.24
884.05	2900
884.213	50.37
884.376	66.42
884.538	28.64
884.701	28.64
884.863	28.64
