181.954	261.13
182.172	261.13
182.39	261.13
182.608	-2580
182.826	576.92
183.043	-159.57
183.261	172.48
183.479	92.38
183.697	1147.06
183.914	120.24
184.132	62.57
184.35	176.23
184.567	120.85
184.785	-135.4
185.003	108.74
185.22	176.39
185.438	58.16
185.656	88.94
185.873	23.08
186.091	45.81
186.309	1500
186.526	66.52
186.744	47.37
186.961	-60.82
187.179	-217.54
187.396	107.27
187.614	-50.77
187.831	-12180
188.049	-31.29
188.266	19.39
188.484	-488.06
188.701	-305.83
188.919	77.73
189.136	129.43
189.354	31.27
189.571	220.38
189.789	25.94
190.006	46.04
190.223	-50.27
190.441	51.46
190.658	-2957.14
190.876	62.28
191.093	-69.23
191.31	34.83
191.528	134.19
191.745	-19.84
191.962	35.78
192.179	40.33
192.397	-74.09
192.614	192.61
192.831	56.72
193.049	66.09
193.266	230.1
193.483	-20.83
193.7	595.38
193.917	122.3
194.135	-114.39
194.352	77.61
194.569	28.92
194.786	22.68
195.003	47.07
195.221	21.29
195.438	3.18
195.655	-1.51
195.872	-78.31
196.089	150.79
196.306	60
196.523	-42.32
196.74	300
196.957	50.06
197.174	178.17
197.391	161.45
197.608	36.54
197.825	-474.19
198.042	31.85
198.259	-775.86
198.476	318.24
198.693	5340
198.91	-3.86
199.127	-523.88
199.344	197.98
199.561	84.97
199.778	37.21
199.995	-380.6
200.212	258.62
200.429	-120.85
200.646	102.53
200.862	178.65
201.079	10.73
201.296	506.62
201.513	-783.5
201.73	-257.93
201.947	148.14
202.163	28.26
202.38	161.27
202.597	235.83
202.814	121.02
203.03	-4740
203.247	64.82
203.464	-57.93
203.681	471.43
203.897	132.19
204.114	481.13
204.331	70.08
204.547	-704.65
204.764	52.1
204.981	-264.71
205.197	157.02
205.414	370.59
205.63	1210.34
205.847	-188.44
206.064	-114.55
206.28	12.26
206.497	-18.61
206.713	172.55
206.93	55.31
207.146	98
207.363	613.85
207.579	-108.79
207.796	55.75
208.012	40.27
208.229	-22.39
208.445	-92.37
208.662	1.51
208.878	14.9
209.095	-335.29
209.311	-21.01
209.528	4242.86
209.744	-107.72
209.96	-415.23
210.177	-375.73
210.393	-3.63
210.609	12540
210.826	-97.55
211.042	300
211.258	550.75
211.475	-277.54
211.691	-10.42
211.907	-79.75
212.124	97.37
212.34	-132
212.556	21.78
212.772	-728.57
212.989	-311.92
213.205	-23.25
213.421	-31.66
213.637	-94.03
213.853	-3.5
214.069	1373.68
214.286	30.61
214.502	-1150.75
214.718	-12.23
214.934	72.24
215.15	24.59
215.366	105.66
215.582	-30.74
215.798	55.4
216.015	46.54
216.231	105.41
216.447	2.63
216.663	267.25
216.879	143.22
217.095	308.05
217.311	254.72
217.527	177.06
217.743	-142.72
217.959	798.11
218.175	72.85
218.391	343.17
218.606	121.71
218.822	70.43
219.038	24.06
219.254	22.11
219.47	-69.23
219.686	596.63
219.902	81.65
220.118	71.75
220.334	10.83
220.549	112.92
220.765	-19.61
220.981	49.86
221.197	13.07
221.413	-253.85
221.628	148.1
221.844	775.47
222.06	8.74
222.276	15.95
222.491	24.69
222.707	-38.36
222.923	-62.42
223.139	57.71
223.354	103.47
223.57	-68.5
223.786	27.68
224.001	31.27
224.217	90.09
224.432	182.08
224.648	74.51
224.864	-18.07
225.079	-255.22
225.295	46.9
225.51	274.05
225.726	-14.92
225.942	51.72
226.157	28.43
226.373	-77.87
226.588	-56.21
226.804	-1910.53
227.019	191.46
227.235	38.23
227.45	47.46
227.665	13980
227.881	186.61
228.096	-472.17
228.312	-75.19
228.527	42.45
228.743	-180
228.958	65.6
229.173	-440.87
229.389	33.02
229.604	44.77
229.819	-33.51
230.035	3.18
230.25	-133.82
230.465	24.26
230.681	-126.06
230.896	30.84
231.111	-14.33
231.327	204.99
231.542	540
231.757	112.64
231.972	-68.9
232.187	-77.87
232.403	-2289.47
232.618	23.39
232.833	19.38
233.048	-245.45
233.263	118.74
233.478	28.7
233.694	-900
233.909	377.42
234.124	115.83
234.339	-31.12
234.554	755.17
234.769	-9.35
234.984	-184.3
235.199	1.45
235.414	-390.27
235.629	-884.81
235.844	10.2
236.059	114.76
236.274	-95.17
236.489	-155.17
236.704	58.52
236.919	121.57
237.134	57.32
237.349	29.03
237.564	45.38
237.779	2.37
237.994	60
238.209	153.57
238.424	-288.96
238.639	36.86
238.853	-13.28
239.068	-135.05
239.283	78.85
239.498	205.01
239.713	84.88
239.928	10.34
240.142	35.89
240.357	31.88
240.572	-27.89
240.787	54.77
241.001	29.36
241.216	40.87
241.431	163.35
241.646	4.95
241.86	-334.98
242.075	1165.12
242.29	55.28
242.504	-62.52
242.719	344.72
242.934	318.9
243.148	-93.62
243.363	-28.02
243.577	-158.43
243.792	-156.68
244.007	43.51
244.221	-58.44
244.436	-4.48
244.65	79.14
244.865	129.38
245.079	79.37
245.294	-97.12
245.508	120.94
245.723	19.44
245.937	-161.54
246.152	11.7
246.366	13.89
246.581	38.1
246.795	-252.15
247.01	-54.62
247.224	84.53
247.438	-141.22
247.653	66.7
247.867	195.21
248.081	102.87
248.296	7.32
248.51	55.67
248.724	-33.43
248.939	-326.87
249.153	89.39
249.367	75.12
249.582	-43.32
249.796	-323.38
250.01	-33.77
250.224	42.16
250.439	29.58
250.653	-53.8
250.867	53
251.081	-86.73
251.295	-45.26
251.51	-210.64
251.724	-88.49
251.938	259.85
252.152	264.96
252.366	-2.18
252.58	38.18
252.794	54.8
253.008	443.05
253.223	-0.67
253.437	29.15
253.651	-22.7
253.865	-9.75
254.079	43.02
254.293	25.85
254.507	-1292.73
254.721	26.05
254.935	-227.47
255.149	41.23
255.363	42.25
255.577	372.48
255.791	31.53
256.005	-38.65
256.218	15.74
256.432	-83.63
256.646	-0.51
256.86	117.46
257.074	62.28
257.288	4380
257.502	234.07
257.716	-54.96
257.929	216.62
258.143	45.59
258.357	-26.5
258.571	149.45
258.785	8.19
258.998	39.46
259.212	96.96
259.426	-98.21
259.64	147.86
259.853	-298.12
260.067	-0.7
260.281	100.37
260.494	16.63
260.708	-210.89
260.922	-52.36
261.135	35.42
261.349	-2.52
261.563	97.59
261.776	-123.53
261.99	-76.18
262.203	93.67
262.417	32.86
262.63	-33.56
262.844	596.63
263.058	76.27
263.271	-4.97
263.485	88.24
263.698	122.33
263.912	-220.85
264.125	-8.21
264.339	82.68
264.552	-8.16
264.765	-211.3
264.979	228.53
265.192	-10.63
265.406	40.82
265.619	126.89
265.832	23.36
266.046	-7.29
266.259	-45.76
266.473	-2448.39
266.686	22.13
266.899	73.12
267.113	7740
267.326	92.23
267.539	9.39
267.752	52.19
267.966	61.3
268.179	56.46
268.392	142.38
268.605	-389.76
268.819	149.1
269.032	100.95
269.245	170.77
269.458	65.31
269.671	-550.63
269.885	71.18
270.098	-3.65
270.311	-18.99
270.524	-33.44
270.737	-89.77
270.95	117.22
271.163	167.72
271.376	-629.03
271.589	-459.49
271.802	29.09
272.016	-67.43
272.229	-0.48
272.442	-44.94
272.655	46
272.868	-109.5
273.081	394.38
273.294	34.58
273.506	206.71
273.719	-8.75
273.932	7.41
274.145	4140
274.358	75.2
274.571	60
274.784	300
274.997	-5.55
275.21	45.09
275.423	-39.58
275.635	167.34
275.848	3.21
276.061	-280.13
276.274	-9.97
276.487	-75.65
276.699	14.14
276.912	72.89
277.125	-205.53
277.338	26.8
277.55	44.87
277.763	-145.3
277.976	35.47
278.189	-201.1
278.401	1.37
278.614	645.6
278.827	25.17
279.039	-129.3
279.252	-15.41
279.464	-25.32
279.677	16.96
279.89	-13.89
280.102	-194.47
280.315	1090.24
280.527	-836.84
280.74	10.34
280.952	-9.4
281.165	49.93
281.377	104.97
281.59	78.06
281.802	-46.36
282.015	-23.86
282.227	107.44
282.44	101.44
282.652	488.76
282.865	83.89
283.077	140.96
283.29	95.99
283.502	67.23
283.714	-132.23
283.927	48.54
284.139	32.19
284.351	-9.97
284.564	197.33
284.776	34.84
284.988	-94.35
285.201	31.34
285.413	2.67
285.625	14.59
285.838	14.2
286.05	46.68
286.262	-9.96
286.474	-44.41
286.686	-26.39
286.899	-6.73
287.111	33.78
287.323	38.44
287.535	-151.49
287.747	64.62
287.959	-19.63
288.172	823.64
288.384	17.72
288.596	-25.28
288.808	526.42
289.02	775.47
289.232	29.03
289.444	11.84
289.656	-223.78
289.868	-55.08
290.08	130.67
290.292	-11.49
290.504	55.97
290.716	-6.68
290.928	80.85
291.14	383.72
291.352	27.4
291.564	652.94
291.776	115.2
291.988	-266.87
292.2	-115.17
292.412	-24.32
292.624	87.54
292.835	-58.21
293.047	4.86
293.259	-140.13
293.471	147.96
293.683	1587.8
293.895	94.05
294.106	-1.85
294.318	37.07
294.53	79.28
294.742	2741.38
294.953	-76.38
295.165	40.16
295.377	71.21
295.589	70.93
295.8	-20.33
296.012	39.04
296.224	18.01
296.435	122.04
296.647	87.45
296.858	-131.65
297.07	872.31
297.282	8.6
297.493	6.78
297.705	-186.86
297.916	-5.55
298.128	18.8
298.34	-56.4
298.551	37.3
298.763	97.84
298.974	12.84
299.186	40.65
299.397	-46.36
299.609	67.74
299.82	-21.88
300.031	10.25
300.243	3078.95
300.454	-68.1
300.666	86.56
300.877	129.38
301.089	-16.6
301.3	83.82
301.511	60.61
301.723	41.91
301.934	31.34
302.145	-58.91
302.357	211.61
302.568	31.2
302.779	36.35
302.99	-87.44
303.202	92.46
303.413	-33.46
303.624	-147.46
303.835	-175.47
304.047	23.08
304.258	47.28
304.469	6.47
304.68	111.39
304.891	-61.86
305.103	49.81
305.314	54.51
305.525	985.71
305.736	356.69
305.947	40.99
306.158	935.29
306.369	92.38
306.58	158.48
306.791	71.8
307.002	17.77
307.213	-26.42
307.424	54.06
307.636	25.34
307.846	-31.03
308.057	101.94
308.268	-27.1
308.479	120.12
308.69	70.56
308.901	93.46
309.112	-565.12
309.323	-21.95
309.534	82.24
309.745	53.4
309.956	58.64
310.167	-10.59
310.377	-2.31
310.588	23.08
310.799	3.64
311.01	2.05
311.221	18.21
311.432	31.5
311.642	-58.74
311.853	-16.62
312.064	382.76
312.275	81.41
312.485	169.88
312.696	17.58
312.907	-242.71
313.117	31.34
313.328	84.54
313.539	63.68
313.749	-39.45
313.96	141.76
314.171	47.82
314.381	54.68
314.592	-115.46
314.802	-43.54
315.013	-59.67
315.224	38.79
315.434	-268.42
315.645	6300
315.855	25.34
316.066	84.27
316.276	253.36
316.487	739.02
316.697	35.97
316.908	109.35
317.118	-73.41
317.329	73.12
317.539	57.77
317.749	320.6
317.96	-1186.57
318.17	-70.63
318.381	75.82
318.591	-148.35
318.801	44.72
319.012	-85.87
319.222	-632.04
319.432	-179.4
319.643	149.56
319.853	-184.3
320.063	56.77
320.273	-26.59
320.484	-121.98
320.694	157.96
320.904	47.8
321.114	394.38
321.325	1582.76
321.535	-18.48
321.745	6.31
321.955	20.05
322.165	-84.29
322.375	61.55
322.585	-23.93
322.796	-527.59
323.006	32.96
323.216	43.76
323.426	-33.5
323.636	93.3
323.846	2948.28
324.056	59.5
324.266	7.47
324.476	14.17
324.686	423.24
324.896	20.7
325.106	300
325.316	16.64
325.526	-2289.47
325.736	81.96
325.946	-4.49
326.156	362.34
326.366	-65.22
326.576	48.84
326.785	-134.17
326.995	85.84
327.205	155.28
327.415	169.83
327.625	-32.85
327.835	38.29
328.044	70.85
328.254	-294.78
328.464	-26.5
328.674	119.07
328.884	-425.18
329.093	4.81
329.303	68.97
329.513	210.56
329.722	-3363.16
329.932	3.76
330.142	-13.66
330.351	46.83
330.561	540
330.771	-76.38
330.98	-33.51
331.19	-50.77
331.4	-149.47
331.609	-5.73
331.819	1441.46
332.028	-262.29
332.238	-5.08
332.447	18.64
332.657	83.73
332.866	53.75
333.076	44.36
333.285	18.57
333.495	183.87
333.704	-71.3
333.914	33.19
334.123	58.68
334.333	-180
334.542	15.53
334.752	466.15
334.961	775.47
335.17	-128.14
335.38	123.43
335.589	53.05
335.798	93.02
336.008	471.43
336.217	-47.23
336.426	18.62
336.636	65.11
336.845	12.68
337.054	112.99
337.263	23.23
337.473	51.72
337.682	-55.7
337.891	60.42
338.1	576.26
338.309	-114.23
338.519	84.05
338.728	-21.09
338.937	-106.3
339.146	23.74
339.355	-175.47
339.564	1121.05
339.773	-134.17
339.983	85.84
340.192	-388.7
340.401	107.08
340.61	6.29
340.819	-22.86
341.028	16.72
341.237	2347.06
341.446	104.86
341.655	14.14
341.864	-86.73
342.073	-6.18
342.282	-73.01
342.491	-68.56
342.699	-678.64
342.908	-385.71
343.117	-26.12
343.326	23.08
343.535	-1140
343.744	-45.67
343.953	-358.29
344.162	67.08
344.37	41.15
344.579	-953.73
344.788	26.85
344.997	48.71
345.206	143.65
345.414	-47.66
345.623	-58.67
345.832	-110.3
346.041	31.98
346.249	70.08
346.458	36.47
346.667	74.68
346.875	148.83
347.084	61.86
347.293	79.7
347.501	-115.17
347.71	39
347.918	171.59
348.127	89.01
348.336	-431.13
348.544	125.05
348.753	156.72
348.961	-84.26
349.17	59.07
349.378	31.62
349.587	-30.52
349.795	-445.63
350.004	890.77
350.212	-0.34
350.421	45.13
350.629	-80.66
350.838	12.19
351.046	123.44
351.254	-34.99
351.463	-5.95
351.671	-2036.84
351.879	-78.8
352.088	83.82
352.296	98.23
352.504	168.49
352.713	-132.39
352.921	-559.84
353.129	88.09
353.338	-0.87
353.546	18.45
353.754	71.78
353.962	83.03
354.171	-81.72
354.379	-1342.11
354.587	-11.53
354.795	77.2
355.003	-91.76
355.212	28.1
355.42	50.94
355.628	193.01
355.836	-29.49
356.044	10.9
356.252	51.34
356.46	-4.2
356.668	1167.69
356.876	70.38
357.084	52.67
357.292	85.1
357.5	-120.75
357.708	69.47
357.916	-30.25
358.124	97.08
358.332	-4.48
358.54	-681.82
358.748	159.74
358.956	53.78
359.164	14.61
359.372	72.68
359.58	6.47
359.788	18.94
359.996	11.51
360.203	-25.17
360.411	-23.37
360.619	-284.92
360.827	-25.64
361.035	-347.85
361.242	71.26
361.45	-277.22
361.658	49.76
361.866	3.93
362.073	45.58
362.281	31.85
362.489	-12.77
362.697	37.59
362.904	-29.91
363.112	42.2
363.32	-22.04
363.527	-346.96
363.735	-84.56
363.943	-4.96
364.15	-68.9
364.358	1.8
364.565	-55.08
364.773	105.21
364.98	-200.35
365.188	48.6
365.395	163.03
365.603	-82.37
365.81	16.87
366.018	-35.38
366.225	76.08
366.433	-131.76
366.64	24.76
366.848	2.32
367.055	89.34
367.263	86.22
367.47	47.23
367.677	300
367.885	-43.24
368.092	31.85
368.299	-142.82
368.507	61.92
368.714	98.23
368.921	-238.58
369.129	106.99
369.336	64.18
369.543	-21.38
369.751	-29.16
369.958	36.32
370.165	44.19
370.372	-5.99
370.579	63.68
370.787	44.68
370.994	185.9
371.201	-89.1
371.408	46.57
371.615	40.59
371.822	-6.15
372.029	-70.17
372.237	176.57
372.444	280.54
372.651	-15.99
372.858	155.72
373.065	63.11
373.272	91.3
373.479	51.72
373.686	4.27
373.893	171.84
374.1	305.74
374.307	-485.61
374.514	32.79
374.721	-1.85
374.928	284.42
375.135	-49.91
375.341	3660
375.548	-52.29
375.755	-21.87
375.962	22.63
376.169	18.97
376.376	-74.09
376.583	-88.47
376.789	62.51
376.996	95.69
377.203	40.28
377.41	-40.84
377.617	-50.77
377.823	-1.6
378.03	416.13
378.237	14.17
378.443	-269.14
378.65	-84.91
378.857	-94.1
379.063	-125.32
379.27	-148.7
379.477	64.58
379.683	-89.1
379.89	-41.04
380.097	48.73
380.303	26.77
380.51	-38.93
380.716	32.9
380.923	-106.3
381.129	72.02
381.336	-314.17
381.542	44.87
381.749	21.87
381.955	91.46
382.162	126.85
382.368	-70.63
382.575	-40.46
382.781	-403.45
382.988	-16.63
383.194	-7.13
383.4	-28.47
383.607	68.72
383.813	87.45
384.02	-1.51
384.226	-57.37
384.432	-9.32
384.639	40.47
384.845	-79.75
385.051	12.31
385.257	13.14
385.464	52.88
385.67	86.32
385.876	-65.44
386.082	-110.85
386.289	32.23
386.495	-39.73
386.701	-90.88
386.907	-16.11
387.113	49.96
387.319	67.26
387.526	147.56
387.732	-96.85
387.938	434.4
388.144	-23.48
388.35	18.1
388.556	49.04
388.762	25.15
388.968	495.35
389.174	35.67
389.38	56.37
389.586	-33.42
389.792	36.18
389.998	-26.57
390.204	-46.36
390.41	99.04
390.616	102.62
390.822	-52.15
391.028	14.58
391.234	22.05
391.439	-352.43
391.645	1.76
391.851	39.91
392.057	52.2
392.263	63.11
392.469	25.78
392.674	15.18
392.88	-28.52
393.086	-24.79
393.292	3.84
393.498	-23.71
393.703	25.6
393.909	1.93
394.115	14.94
394.32	-21.4
394.526	-20.15
394.732	21.84
394.937	92.11
395.143	-10.93
395.349	66.74
395.554	-49.75
395.76	62.69
395.965	1.13
396.171	-43.07
396.377	13.5
396.582	8.27
396.788	9.9
396.993	31.71
397.199	-14.47
397.404	23.14
397.61	-46.93
397.815	-9.53
398.021	-55.62
398.226	-31.26
398.431	73.88
398.637	17.5
398.842	11.4
399.048	29.82
399.253	9.69
399.458	2.87
399.664	-12.66
399.869	-18.92
400.074	15.27
400.28	20.15
400.485	-18.55
400.69	-18.54
400.896	2.99
401.101	9.66
401.306	26.01
401.511	3.98
401.716	-11.96
401.922	-17.71
402.127	3.91
402.332	-15.12
402.537	14.74
402.742	29.3
402.947	64.16
403.153	-8.82
403.358	-5.87
403.563	22.92
403.768	26.23
403.973	-2.21
404.178	10.23
404.383	15.34
404.588	4.07
404.793	20.27
404.998	11.07
405.203	7
405.408	0.73
405.613	-1.08
405.818	6.04
406.023	6.22
406.228	-8.84
406.433	3.77
406.638	-3.17
406.842	9.93
407.047	11.64
407.252	7.08
407.457	9.17
407.662	11.54
407.867	8.57
408.071	8.89
408.276	0.16
408.481	4.19
408.686	10.16
408.891	1.13
409.095	4.97
409.3	8.38
409.505	8.17
409.709	0.63
409.914	5.73
410.119	2.87
410.323	3.14
410.528	6.04
410.733	2.96
410.937	8.92
411.142	-1.53
411.346	5.68
411.551	1.33
411.756	6.93
411.96	13.19
412.165	0.33
412.369	3.53
412.574	2.91
412.778	0.07
412.983	6.14
413.187	6.38
413.392	1.33
413.596	5.46
413.8	5.27
414.005	6.71
414.209	5.16
414.414	4.38
414.618	1.72
414.822	6.28
415.027	4.53
415.231	6.04
415.435	7.67
415.64	6.6
415.844	4.48
416.048	6.27
416.252	5.77
416.457	5.2
416.661	4.71
416.865	3.79
417.069	6.97
417.274	3.06
417.478	2.97
417.682	3.61
417.886	3.54
418.09	6.06
418.294	4.53
418.498	3.3
418.702	6.19
418.907	5.51
419.111	4.53
419.315	4.64
419.519	4.66
419.723	2.85
419.927	4.79
420.131	6.75
420.335	4.78
420.539	3.13
420.743	6.4
420.947	4.25
421.151	3.43
421.355	5.7
421.558	5.16
421.762	3.83
421.966	4.04
422.17	4.18
422.374	4.78
422.578	4.36
422.782	4.7
422.985	4.56
423.189	4.7
423.393	3.55
423.597	3.39
423.801	4.75
424.004	4.99
424.208	3.98
424.412	3.83
424.615	3.63
424.819	5.1
425.023	4.43
425.226	4.15
425.43	4.11
425.634	5.08
425.837	4.25
426.041	4.33
426.245	4.62
426.448	4.05
426.652	4.92
426.855	4.01
427.059	4.18
427.262	4.66
427.466	3.63
427.669	3.69
427.873	3.84
428.076	4.23
428.28	4.01
428.483	4.68
428.687	3.83
428.89	4.37
429.094	3.19
429.297	4.99
429.5	4.93
429.704	4.42
429.907	4.25
430.11	3.86
430.314	4.37
430.517	3.64
430.72	4.6
430.924	4.92
431.127	4.3
431.33	4.25
431.533	4.9
431.737	3.7
431.94	3.43
432.143	4.45
432.346	4.12
432.549	3.98
432.752	3.42
432.956	4.67
433.159	3.49
433.362	3.92
433.565	4.13
433.768	3.58
433.971	3.76
434.174	3.72
434.377	4
434.58	3.84
434.783	3.24
434.986	4.15
435.189	4.36
435.392	3.89
435.595	3.89
435.798	4.02
436.001	4.08
436.204	3.95
436.407	3.83
436.61	4.11
436.813	4.09
437.016	4.13
437.219	4.16
437.421	3.87
437.624	4.02
437.827	3.8
438.03	3.66
438.233	3.48
438.435	3.69
438.638	3.86
438.841	3.71
439.044	4.29
439.246	3.86
439.449	3.88
439.652	4.05
439.854	4.27
440.057	3.6
440.26	4.06
440.462	4.06
440.665	3.59
440.868	3.89
441.07	4.11
441.273	4.3
441.475	3.74
441.678	4.26
441.88	3.69
442.083	3.76
442.286	3.84
442.488	3.63
442.69	4.26
442.893	3.92
443.095	3.71
443.298	3.69
443.5	3.71
443.703	3.94
443.905	3.97
444.108	3.69
444.31	4.03
444.512	3.93
444.715	3.99
444.917	3.58
445.119	3.93
445.322	3.73
445.524	3.97
445.726	3.81
445.928	3.83
446.131	3.9
446.333	3.76
446.535	3.62
446.737	3.81
446.94	4.32
447.142	3.98
447.344	4.33
447.546	4.04
447.748	3.98
447.95	3.89
448.152	3.72
448.354	3.84
448.557	3.99
448.759	4.12
448.961	4.15
449.163	4.29
449.365	3.96
449.567	4.21
449.769	3.65
449.971	3.91
450.173	4.33
450.375	4.23
450.577	3.97
450.779	3.92
450.981	3.88
451.182	4.07
451.384	3.88
451.586	4.41
451.788	3.76
451.99	4.03
452.192	3.81
452.394	4.4
452.595	4.7
452.797	4.29
452.999	4.4
453.201	4.21
453.402	4.04
453.604	3.56
453.806	4.07
454.008	3.72
454.209	4.38
454.411	4.34
454.613	4.5
454.814	4.1
455.016	4.49
455.218	4.07
455.419	4.67
455.621	4.29
455.822	4.12
456.024	4.12
456.225	4.58
456.427	4.28
456.629	4.03
456.83	4.49
457.032	4.26
457.233	3.69
457.435	4.45
457.636	4.34
457.837	4.22
458.039	4.59
458.24	4.65
458.442	4.77
458.643	4.19
458.844	4.95
459.046	3.63
459.247	4.13
459.448	4.24
459.65	4.27
459.851	4.23
460.052	4.52
460.254	4.65
460.455	4.97
460.656	4.72
460.857	4.05
461.059	4.17
461.26	3.65
461.461	4.5
461.662	4.47
461.863	4.63
462.065	4.46
462.266	4.54
462.467	3.56
462.668	3.63
462.869	4.73
463.07	4.57
463.271	4.83
463.472	3.92
463.673	3.94
463.874	4.71
464.075	4.35
464.276	4.34
464.477	4.52
464.678	4.76
464.879	4.09
465.08	4.68
465.281	4.94
465.482	4.55
465.683	4.28
465.884	4.65
466.085	5.17
466.285	4.24
466.486	4.51
466.687	5.55
466.888	4.64
467.089	5.43
467.29	3.93
467.49	4.48
467.691	5.17
467.892	5.23
468.093	4.19
468.293	3.92
468.494	4.04
468.695	4.46
468.895	4.34
469.096	4.16
469.297	3.95
469.497	3.9
469.698	5.42
469.898	4.23
470.099	4.72
470.3	5.01
470.5	4.97
470.701	5.14
470.901	5.46
471.102	4.69
471.302	4.78
471.503	5.46
471.703	6.37
471.904	5.44
472.104	4.53
472.305	4.25
472.505	3.48
472.705	4.96
472.906	5.18
473.106	4.79
473.306	4.51
473.507	5.77
473.707	2.8
473.907	5.27
474.108	3.23
474.308	4.07
474.508	5.02
474.709	5.28
474.909	5.74
475.109	2.67
475.309	5.12
475.51	4.53
475.71	4.47
475.91	6.03
476.11	3.35
476.31	4.12
476.51	5.69
476.71	3.69
476.911	5.2
477.111	4.77
477.311	3.68
477.511	4.48
477.711	4.36
477.911	4.24
478.111	3.66
478.311	3.98
478.511	4.85
478.711	4.55
478.911	4.39
479.111	3.56
479.311	4.58
479.511	5.69
479.711	3.65
479.91	1.81
480.11	5.5
480.31	2.98
480.51	5.89
480.71	4.84
480.91	5
481.109	4.93
481.309	4.84
481.509	4.36
481.709	5.01
481.909	4.89
482.108	2.59
482.308	3.51
482.508	4.06
482.707	5.5
482.907	3.7
483.107	4.4
483.306	3.82
483.506	5.26
483.706	3.02
483.905	5.75
484.105	5.56
484.304	6.65
484.504	2.68
484.704	3.28
484.903	4.13
485.103	5.5
485.302	3.34
485.502	4.12
485.701	3.83
485.901	4.01
486.1	4.09
486.299	4.97
486.499	3.31
486.698	4.57
486.898	5.38
487.097	4.52
487.296	3.34
487.496	3.72
487.695	4.51
487.894	2.96
488.094	5.01
488.293	4.88
488.492	4.53
488.692	5.18
488.891	4.39
489.09	4.08
489.289	3.18
489.489	4.14
489.688	2.82
489.887	3.52
490.086	4.7
490.285	4.83
490.484	5.17
490.683	5
490.883	5.98
491.082	4.81
491.281	3.62
491.48	4.32
491.679	4.77
491.878	3.47
492.077	4.83
492.276	3.84
492.475	4.81
492.674	3.43
492.873	3.45
493.072	2.7
493.271	3.88
493.47	2.68
493.669	2.78
493.867	4.46
494.066	4.02
494.265	4.56
494.464	4.26
494.663	3.64
494.862	3.45
495.06	4.09
495.259	3.92
495.458	4.77
495.657	4.2
495.856	4.24
496.054	4.59
496.253	4.05
496.452	3.97
496.65	4.46
496.849	3.4
497.048	3.34
497.246	4.86
497.445	4.86
497.644	4.6
497.842	4.76
498.041	3.91
498.239	4.02
498.438	4.41
498.636	4.18
498.835	4.45
499.034	3.13
499.232	4.15
499.431	4.27
499.629	4.19
499.827	4.28
500.026	4.4
500.224	4.45
500.423	4.39
500.621	5.07
500.82	4.77
501.018	5.2
501.216	4.36
501.415	4.69
501.613	4.65
501.811	4.22
502.01	4.51
502.208	4.59
502.406	5.47
502.604	5.28
502.803	3.96
503.001	5.4
503.199	5.08
503.397	3.69
503.595	4.1
503.794	4.3
503.992	4.74
504.19	4.57
504.388	4.59
504.586	4.35
504.784	3.89
504.982	4.17
505.18	5.21
505.378	4.28
505.576	4.51
505.774	4.88
505.972	4.82
506.17	5.02
506.368	4.69
506.566	5.01
506.764	4.5
506.962	5.44
507.16	5.01
507.358	4.85
507.556	4.51
507.754	5.13
507.952	5.39
508.15	4.89
508.347	4.22
508.545	4.95
508.743	5.05
508.941	4.3
509.139	4.84
509.336	5.42
509.534	5.55
509.732	5.09
509.93	5.17
510.127	5.19
510.325	4.98
510.523	5.22
510.72	4.85
510.918	5.11
511.116	5.63
511.313	4.8
511.511	5.46
511.708	4.71
511.906	5.16
512.104	5.3
512.301	4.93
512.499	4.9
512.696	4.65
512.894	4.88
513.091	5.48
513.289	5.35
513.486	5.39
513.683	5.26
513.881	5.38
514.078	5.36
514.276	5.79
514.473	5.02
514.67	6
514.868	5.31
515.065	5.66
515.262	5.61
515.46	5.16
515.657	5.41
515.854	4.98
516.052	5.31
516.249	6.01
516.446	5.13
516.643	6.18
516.84	5.82
517.038	5.74
517.235	4.99
517.432	5.98
517.629	6.09
517.826	5.94
518.023	5.48
518.221	5.89
518.418	5.72
518.615	5.91
518.812	5.92
519.009	6.33
519.206	5.68
519.403	5.79
519.6	5.64
519.797	5.33
519.994	5.96
520.191	6.5
520.388	6
520.585	6.02
520.782	5.57
520.978	5.79
521.175	6.02
521.372	6.42
521.569	5.66
521.766	6.13
521.963	5.45
522.159	5.93
522.356	6.19
522.553	6.42
522.75	5.97
522.947	6.37
523.143	6
523.34	6.11
523.537	6.7
523.733	5.98
523.93	6.35
524.127	6.26
524.323	6.68
524.52	5.91
524.717	6.31
524.913	6.09
525.11	6.52
525.306	6.77
525.503	6.29
525.7	6.49
525.896	5.85
526.093	6.27
526.289	6.73
526.486	6.23
526.682	6.17
526.878	6.41
527.075	6.53
527.271	6.47
527.468	6.58
527.664	6.87
527.861	6.85
528.057	6.31
528.253	6.87
528.45	5.88
528.646	6.97
528.842	6.63
529.039	6.14
529.235	6.77
529.431	6.64
529.627	6.56
529.824	6.77
530.02	6.88
530.216	6.93
530.412	6.78
530.608	7.02
530.804	6.83
531.001	7.12
531.197	6.74
531.393	7
531.589	6.83
531.785	6.97
531.981	6.99
532.177	7.34
532.373	7.14
532.569	7.11
532.765	7.08
532.961	6.77
533.157	6.48
533.353	7
533.549	7.26
533.745	7.19
533.941	6.71
534.137	6.71
534.333	6.52
534.529	7.23
534.725	6.74
534.92	7.27
535.116	7.08
535.312	6.97
535.508	7.44
535.704	7.13
535.899	7.13
536.095	7.37
536.291	7.05
536.487	7.07
536.682	7.34
536.878	7.23
537.074	7.3
537.269	7.31
537.465	6.73
537.661	7.31
537.856	6.99
538.052	7.2
538.248	7.63
538.443	7.65
538.639	7.26
538.834	7.43
539.03	7.41
539.225	7.49
539.421	7.27
539.616	7.76
539.812	7.19
540.007	7.85
540.203	7.28
540.398	8.01
540.593	7.62
540.789	7.64
540.984	7.52
541.18	7.69
541.375	7.74
541.57	8.11
541.766	7.94
541.961	7.78
542.156	8
542.352	8.42
542.547	7.91
542.742	7.73
542.937	8.36
543.133	8.52
543.328	7.87
543.523	7.8
543.718	8.13
543.913	8.38
544.108	8.12
544.304	8.04
544.499	8.58
544.694	8.12
544.889	8.17
545.084	8.36
545.279	8.41
545.474	7.96
545.669	8.13
545.864	8.07
546.059	8.31
546.254	7.89
546.449	8.04
546.644	7.78
546.839	8.14
547.034	8.08
547.229	8.42
547.424	8.55
547.618	8.73
547.813	8.09
548.008	8.49
548.203	8.3
548.398	8.53
548.593	8.87
548.787	8.89
548.982	8.46
549.177	8.39
549.372	8.71
549.566	8.62
549.761	8.83
549.956	8.54
550.15	8.8
550.345	8.87
550.54	9.07
550.734	8.91
550.929	8.97
551.124	8.97
551.318	8.87
551.513	8.71
551.707	9
551.902	9.04
552.096	9.19
552.291	9.15
552.485	8.77
552.68	9.13
552.874	9.13
553.069	9.18
553.263	9.36
553.458	9.34
553.652	9.43
553.847	8.93
554.041	9.48
554.235	8.92
554.43	9.26
554.624	9.47
554.818	9.5
555.013	9.21
555.207	9.51
555.401	9.68
555.595	9.67
555.79	9.31
555.984	9.35
556.178	9.71
556.372	9.43
556.566	9.94
556.761	9.46
556.955	9.94
557.149	9.76
557.343	9.66
557.537	9.73
557.731	9.66
557.925	9.98
558.119	9.82
558.313	9.69
558.507	9.54
558.701	10.4
558.895	10.76
559.089	10.34
559.283	10.61
559.477	10.34
559.671	9.97
559.865	9.89
560.059	10.09
560.253	10.26
560.447	10.2
560.641	10
560.835	10.52
561.028	10.52
561.222	10.58
561.416	10.18
561.61	10.47
561.804	10.65
561.997	10.48
562.191	10.51
562.385	10.69
562.579	10.38
562.772	10.82
562.966	10.64
563.16	11.02
563.353	11.01
563.547	10.75
563.741	10.77
563.934	11.09
564.128	10.91
564.321	11
564.515	11.24
564.708	11.12
564.902	10.98
565.095	10.96
565.289	11.2
565.482	11.07
565.676	10.82
565.869	10.99
566.063	11.13
566.256	11.23
566.45	11.15
566.643	10.97
566.836	11.61
567.03	11.45
567.223	11.51
567.416	11.67
567.61	11.66
567.803	11.95
567.996	11.31
568.19	11.71
568.383	11.62
568.576	11.7
568.769	11.52
568.963	11.43
569.156	11.6
569.349	11.5
569.542	12.04
569.735	12
569.928	11.6
570.121	12.22
570.315	11.84
570.508	12.08
570.701	11.8
570.894	11.74
571.087	11.87
571.28	12.32
571.473	12.4
571.666	12.22
571.859	12.25
572.052	12.15
572.245	12.33
572.438	12.08
572.631	12.23
572.824	12.62
573.016	12.68
573.209	12.35
573.402	12.63
573.595	12.17
573.788	12.68
573.981	12.43
574.173	12.88
574.366	12.61
574.559	12.9
574.752	12.6
574.944	12.65
575.137	12.45
575.33	12.79
575.523	13.11
575.715	12.3
575.908	12.77
576.101	12.74
576.293	13.09
576.486	12.7
576.678	12.72
576.871	12.97
577.063	13.07
577.256	12.76
577.449	12.94
577.641	12.71
577.834	12.99
578.026	13.27
578.219	13.22
578.411	13.44
578.603	13.47
578.796	13.72
578.988	13.37
579.181	13.39
579.373	13.57
579.565	13.05
579.758	13.65
579.95	13.67
580.142	13.25
580.335	13.72
580.527	14.04
580.719	13.96
580.912	13.63
581.104	13.7
581.296	13.94
581.488	13.76
581.68	13.73
581.873	14.14
582.065	13.76
582.257	13.84
582.449	13.97
582.641	13.87
582.833	13.61
583.025	14.15
583.217	14.26
583.41	14.22
583.602	14.22
583.794	14.1
583.986	13.91
584.178	13.94
584.37	14.54
584.562	14.43
584.753	14.14
584.945	14.55
585.137	13.97
585.329	14.41
585.521	14.66
585.713	14.9
585.905	14.63
586.097	14.09
586.289	14.16
586.48	14.94
586.672	14.45
586.864	14.6
587.056	15.09
587.247	14.1
587.439	14.7
587.631	14.45
587.823	14.95
588.014	14.95
588.206	15.19
588.398	14.54
588.589	14.88
588.781	15.16
588.972	15.16
589.164	15.39
589.356	14.89
589.547	15.12
589.739	15.15
589.93	15.58
590.122	15.4
590.313	15.41
590.505	15.04
590.696	15.11
590.888	14.77
591.079	15.4
591.271	15.84
591.462	15.7
591.653	15.94
591.845	15.31
592.036	15.68
592.227	15.43
592.419	15.58
592.61	15.58
592.801	15.53
592.993	15.98
593.184	15.97
593.375	15.33
593.566	15.99
593.758	15.38
593.949	15.52
594.14	15.95
594.331	15.62
594.522	16.09
594.713	16.28
594.905	15.97
595.096	16.08
595.287	16.29
595.478	16.44
595.669	16.68
595.86	16.56
596.051	16.17
596.242	16.49
596.433	16.64
596.624	16.57
596.815	16.96
597.006	16.38
597.197	16.63
597.388	16.18
597.579	16.85
597.77	16.5
597.96	16.74
598.151	17.07
598.342	16.54
598.533	16.97
598.724	17.28
598.915	17.29
599.105	16.37
599.296	16.91
599.487	16.66
599.678	17.38
599.868	17.45
600.059	17.48
600.25	17.81
600.44	17.48
600.631	17.28
600.822	17.15
601.012	17.12
601.203	17.2
601.394	17.08
601.584	17.49
601.775	17.8
601.965	17.83
602.156	17.67
602.346	17.95
602.537	17.5
602.727	17.72
602.918	17.38
603.108	18.33
603.299	18.11
603.489	18.36
603.679	17.92
603.87	18.24
604.06	18.07
604.251	18.5
604.441	17.93
604.631	18.06
604.822	18.68
605.012	18.84
605.202	18.1
605.392	18.03
605.583	18.31
605.773	18.36
605.963	19.17
606.153	18.68
606.344	18.71
606.534	18.38
606.724	18.97
606.914	18.33
607.104	18.74
607.294	18.79
607.484	18.47
607.674	18.62
607.864	19.19
608.054	19.23
608.245	18.85
608.435	19.53
608.625	19.04
608.814	18.5
609.004	19.12
609.194	19.37
609.384	19.49
609.574	19.42
609.764	19.31
609.954	18.62
610.144	18.48
610.334	19.24
610.524	19.62
610.713	19.31
610.903	20.02
611.093	19.13
611.283	19.36
611.473	19.58
611.662	19.79
611.852	19.39
612.042	18.7
612.231	19.52
612.421	19.63
612.611	19.46
612.8	19.13
612.99	20.19
613.18	18.9
613.369	19.5
613.559	19.98
613.748	19.59
613.938	20.34
614.128	19.86
614.317	20.03
614.507	20.38
614.696	19.8
614.886	20.08
615.075	19.12
615.264	19.92
615.454	20.62
615.643	20.08
615.833	20.14
616.022	19.67
616.211	20.86
616.401	20.26
616.59	20.83
616.779	20.11
616.969	20.36
617.158	19.75
617.347	20.5
617.537	20.98
617.726	20.15
617.915	20.66
618.104	20.12
618.293	20.53
618.483	20.27
618.672	21.13
618.861	20.76
619.05	20.56
619.239	21.23
619.428	20.73
619.617	21.02
619.806	20.54
619.995	20.33
620.184	20.47
620.373	20.97
620.562	20.81
620.751	20.19
620.94	20.88
621.129	21.52
621.318	19.99
621.507	21.01
621.696	20.45
621.885	20.08
622.074	21.37
622.263	20.23
622.452	20.95
622.64	21.34
622.829	20.98
623.018	21.01
623.207	21.39
623.396	20.95
623.584	20.76
623.773	21.12
623.962	21.51
624.15	21.65
624.339	21.2
624.528	21.5
624.716	21.17
624.905	21.63
625.094	21.54
625.282	22
625.471	20.72
625.659	21.38
625.848	20.98
626.037	21.17
626.225	21.66
626.414	22.4
626.602	21.32
626.791	21.77
626.979	21.62
627.167	21.83
627.356	22.82
627.544	22.21
627.733	21.62
627.921	22.19
628.109	22.03
628.298	22.52
628.486	21.25
628.674	21.76
628.863	21.81
629.051	22.41
629.239	22.17
629.428	21.3
629.616	23.27
629.804	22.51
629.992	22.26
630.18	22.01
630.369	22.19
630.557	22.58
630.745	22.57
630.933	23.36
631.121	21.95
631.309	22.78
631.497	22.84
631.685	21.55
631.873	22.49
632.061	22.15
632.249	22.93
632.437	22.84
632.625	22.94
632.813	22.25
633.001	22.54
633.189	22.39
633.377	23.21
633.565	21.91
633.753	22.83
633.941	22.78
634.129	22.75
634.316	22.92
634.504	22.95
634.692	22.56
634.88	22.36
635.068	23.12
635.255	23.21
635.443	24.6
635.631	22.64
635.818	23.64
636.006	23.25
636.194	23.02
636.382	22.85
636.569	24.08
636.757	23.62
636.944	23.57
637.132	23.37
637.32	23.95
637.507	23.14
637.695	22.58
637.882	23.52
638.07	23.85
638.257	24.09
638.445	23.92
638.632	23.31
638.82	22.86
639.007	23.05
639.194	23.24
639.382	22.75
639.569	22.93
639.757	23.57
639.944	22.97
640.131	23.46
640.319	23.41
640.506	24.05
640.693	23.54
640.88	24.43
641.068	23.2
641.255	23.84
641.442	24.06
641.629	23.39
641.817	24.01
642.004	23.97
642.191	23.44
642.378	23.71
642.565	23.95
642.752	23.55
642.939	23.4
643.126	23.37
643.313	23.77
643.501	24.13
643.688	25.64
643.875	22.75
644.062	24.14
644.249	23.14
644.435	23.94
644.622	23.03
644.809	25.02
644.996	23.26
645.183	23.47
645.37	24.2
645.557	23.53
645.744	23.7
645.931	23.47
646.117	22.46
646.304	23.27
646.491	22.06
646.678	24.14
646.865	23.59
647.051	25.01
647.238	23.68
647.425	24.11
647.611	22.08
647.798	23.29
647.985	24.43
648.171	23.29
648.358	24.32
648.545	24.06
648.731	22.59
648.918	23.83
649.104	23.96
649.291	24.18
649.477	23.76
649.664	23.81
649.85	22.77
650.037	23.1
650.223	22.9
650.41	23.39
650.596	23.94
650.783	24.8
650.969	23.38
651.155	23.42
651.342	23.05
651.528	22.47
651.714	23.27
651.901	24.61
652.087	23.34
652.273	23.05
652.46	24.33
652.646	23.15
652.832	23.64
653.018	22.08
653.204	23.88
653.391	23.74
653.577	23.2
653.763	24.09
653.949	24.72
654.135	23.71
654.321	24.14
654.507	23.77
654.693	23.26
654.879	23.75
655.065	22.04
655.252	22.99
655.438	24.73
655.624	23.77
655.809	24.37
655.995	22.69
656.181	23.45
656.367	24.19
656.553	25.11
656.739	22.68
656.925	24.38
657.111	23.57
657.297	24.93
657.482	23.63
657.668	24.43
657.854	25.07
658.04	22.3
658.226	22.16
658.411	22.24
658.597	24.22
658.783	22.9
658.968	22.73
659.154	22.45
659.34	23.7
659.525	22.76
659.711	22.34
659.897	24.78
660.082	22.28
660.268	22.17
660.453	22.46
660.639	23.58
660.824	21.76
661.01	23.77
661.195	22.38
661.381	20.51
661.566	22.94
661.752	22.71
661.937	22
662.123	21.07
662.308	21.23
662.494	21.81
662.679	22.01
662.864	21.8
663.05	22.74
663.235	22.32
663.42	21.37
663.605	22.37
663.791	20.11
663.976	23.78
664.161	22.84
664.346	22.97
664.532	21.11
664.717	21.73
664.902	22.65
665.087	23.4
665.272	21.2
665.457	18.99
665.642	21.32
665.828	20.97
666.013	22.28
666.198	18.48
666.383	22.52
666.568	19.25
666.753	23.03
666.938	19.25
667.123	21.86
667.308	21.28
667.493	19.98
667.677	21.52
667.862	21.93
668.047	19.78
668.232	20.62
668.417	20.95
668.602	20.27
668.787	21.87
668.971	22.08
669.156	22.43
669.341	21.51
669.526	22.7
669.711	22.53
669.895	21.95
670.08	20.36
670.265	22.86
670.449	21.55
670.634	22.83
670.819	21.44
671.003	21.2
671.188	21.41
671.372	22.26
671.557	24.64
671.742	22.34
671.926	20.89
672.111	22.49
672.295	19.37
672.48	20.38
672.664	19.76
672.849	18.83
673.033	20.43
673.217	20.72
673.402	22.18
673.586	20.81
673.771	23.83
673.955	24.08
674.139	23.79
674.324	22.95
674.508	22.43
674.692	19.7
674.876	21.84
675.061	21.63
675.245	22.56
675.429	24.16
675.613	20.32
675.798	21.77
675.982	24.01
676.166	24
676.35	24.35
676.534	23.46
676.718	20.48
676.902	26.08
677.087	20.58
677.271	21.33
677.455	25.41
677.639	24.28
677.823	25.13
678.007	28.38
678.191	24.52
678.375	23.86
678.559	24.73
678.742	22.84
678.926	22.98
679.11	28.9
679.294	24.46
679.478	23.89
679.662	25.65
679.846	25.06
680.029	23.77
680.213	26.71
680.397	23.2
680.581	26.06
680.765	27.15
680.948	24.73
681.132	28.38
681.316	25.24
681.499	28.14
681.683	26.99
681.867	28.59
682.05	28.91
682.234	30.83
682.417	28.3
682.601	28.86
682.785	28.31
682.968	28.69
683.152	29.13
683.335	27.76
683.519	28.1
683.702	30.86
683.886	27.86
684.069	29.23
684.253	28.43
684.436	28.78
684.619	28.37
684.803	29.49
684.986	30.85
685.169	29.52
685.353	31.53
685.536	31.48
685.719	28.69
685.903	27.43
686.086	26.68
686.269	31.12
686.452	25.44
686.636	33.66
686.819	30.36
687.002	32.11
687.185	35.83
687.368	33.33
687.551	27.72
687.734	34.87
687.918	36.86
688.101	33.76
688.284	33.3
688.467	37.03
688.65	30.7
688.833	31.52
689.016	34.23
689.199	28.68
689.382	37.64
689.565	30.92
689.748	34.74
689.93	30.68
690.113	34.66
690.296	31.78
690.479	37.71
690.662	33.15
690.845	34.74
691.028	27.99
691.21	36.25
691.393	34.59
691.576	36.21
691.759	33.18
691.941	35.66
692.124	38.19
692.307	35.1
692.489	34.09
692.672	32.32
692.855	37.19
693.037	38.3
693.22	37.45
693.403	31.56
693.585	38.45
693.768	41.1
693.95	33.85
694.133	38.43
694.315	36.86
694.498	35.36
694.68	34.96
694.863	39.71
695.045	38.52
695.228	35.93
695.41	36.26
695.592	40.15
695.775	33.2
695.957	36.78
696.139	43.53
696.322	40.24
696.504	38.06
696.686	40.9
696.869	34.34
697.051	43.07
697.233	42.55
697.415	40.2
697.597	31.58
697.78	42.95
697.962	39.91
698.144	42.68
698.326	36.1
698.508	43.08
698.69	33.12
698.872	37.12
699.055	37.27
699.237	39.99
699.419	36.17
699.601	33.04
699.783	42.43
699.965	36.68
700.147	35.84
700.329	37.8
700.51	41.41
700.692	44.35
700.874	32
701.056	41.44
701.238	41.16
701.42	41.32
701.602	40.71
701.783	37.25
701.965	38.97
702.147	33.72
702.329	38.67
702.511	44.28
702.692	41.45
702.874	37.62
703.056	30.71
703.237	42.64
703.419	42.53
703.601	43.36
703.782	42.37
703.964	36.9
704.146	35.31
704.327	50.42
704.509	40.74
704.69	42.33
704.872	42.32
705.053	37.95
705.235	45.17
705.416	39.9
705.598	40.61
705.779	37.1
705.961	45.2
706.142	42.9
706.323	41.91
706.505	36.68
706.686	41.83
706.867	40.83
707.049	42.17
707.23	40.25
707.411	47.11
707.593	38.88
707.774	41.53
707.955	38.19
708.136	38.82
708.318	40.85
708.499	38.54
708.68	45.01
708.861	43.79
709.042	38.92
709.223	47.88
709.404	33.37
709.585	34.97
709.767	37.44
709.948	37.91
710.129	41.43
710.31	40.55
710.491	32.77
710.672	34.47
710.853	31.93
711.034	41.89
711.214	38.32
711.395	39.17
711.576	44.24
711.757	44.47
711.938	44.91
712.119	37.03
712.3	43.35
712.481	37.94
712.661	38.69
712.842	32.21
713.023	44.43
713.204	42.73
713.384	36.07
713.565	38.32
713.746	35.58
713.926	27.87
714.107	43.64
714.288	35.68
714.468	35.29
714.649	47.02
714.83	36.7
715.01	48.99
715.191	34.88
715.371	49.03
715.552	38.08
715.732	45.26
715.913	46.09
716.093	46.95
716.274	39.3
716.454	40.84
716.635	37.46
716.815	33.99
716.995	32.81
717.176	45.08
717.356	38.73
717.536	34.66
717.717	36.01
717.897	26.79
718.077	37.71
718.258	46.25
718.438	43.62
718.618	40.22
718.798	37.34
718.978	41.53
719.159	41.04
719.339	50.54
719.519	32.25
719.699	39.03
719.879	43.7
720.059	38.62
720.239	41.19
720.419	47.41
720.599	34
720.779	48.22
720.959	26.83
721.139	25.57
721.319	34.37
721.499	52.51
721.679	31.08
721.859	29.51
722.039	32.82
722.219	49.36
722.399	28.24
722.579	41.75
722.759	32.26
722.938	38
723.118	35.05
723.298	35.89
723.478	32.36
723.658	47.02
723.837	48.49
724.017	42.35
724.197	30.29
724.376	39.22
724.556	39.4
724.736	47.52
724.915	39.4
725.095	47.02
725.275	63.56
725.454	49.82
725.634	51.68
725.813	36.22
725.993	41.75
726.172	42.13
726.352	46.98
726.531	39.5
726.711	32.53
726.89	44.46
727.07	47.97
727.249	46.43
727.428	42.21
727.608	39.3
727.787	38.21
727.966	49.4
728.146	41.52
728.325	49.02
728.504	33.09
728.684	34.76
728.863	54
729.042	30.9
729.221	34.05
729.4	38.21
729.58	22.79
729.759	38.95
729.938	57.74
730.117	67.74
730.296	33.96
730.475	41.8
730.654	22.12
730.833	40.05
731.013	18.79
731.192	35.38
731.371	42.65
731.55	52.84
731.729	35.48
731.907	60.44
732.086	40.61
732.265	26.47
732.444	28.52
732.623	33.01
732.802	39.41
732.981	36.87
733.16	37.95
733.339	32.72
733.517	79.86
733.696	49.99
733.875	34.21
734.054	50.78
734.232	35.35
734.411	51.96
734.59	32.8
734.768	34.49
734.947	36.78
735.126	14.71
735.304	24.24
735.483	39.45
735.662	28.58
735.84	25.68
736.019	23.04
736.197	33.12
736.376	47.44
736.554	73.9
736.733	38.1
736.911	42.96
737.09	52.62
737.268	30.82
737.447	72.17
737.625	36.48
737.803	21.61
737.982	65.92
738.16	51.28
738.338	38.06
738.517	59.04
738.695	56.93
738.873	37.52
739.052	40.45
739.23	25.07
739.408	35.19
739.586	25.89
739.764	53.11
739.943	46.73
740.121	43.09
740.299	34.29
740.477	29.11
740.655	55.7
740.833	49.72
741.011	73
741.189	47.57
741.367	37.06
741.545	43.44
741.723	13.53
741.901	47.02
742.079	34.97
742.257	50.88
742.435	48.27
742.613	55.38
742.791	53.83
742.969	31.9
743.147	24.11
743.325	27.04
743.503	14.87
743.68	36.01
743.858	23.01
744.036	28.28
744.214	38.56
744.391	25.47
744.569	34.31
744.747	58.33
744.925	75.78
745.102	27.85
745.28	41.4
745.458	41.61
745.635	51.74
745.813	53.4
745.99	54.36
746.168	66.02
746.345	76.48
746.523	43.01
746.7	65.02
746.878	10.56
747.055	47.79
747.233	61.58
747.41	62.87
747.588	24.15
747.765	38.97
747.943	37.52
748.12	20.36
748.297	27.52
748.475	32.71
748.652	27.67
748.829	74.4
749.007	35.37
749.184	26.11
749.361	43.21
749.538	71.91
749.716	22.63
749.893	26.34
750.07	35.53
750.247	51.35
750.424	56.99
750.601	76.13
750.778	59.13
750.956	19.89
751.133	19.59
751.31	15.15
751.487	27.17
751.664	10.48
751.841	28.47
752.018	41.98
752.195	50.89
752.372	39.82
752.549	30.44
752.726	39.51
752.902	54.46
753.079	48.97
753.256	60.94
753.433	43.79
753.61	35.93
753.787	17.78
753.964	20.03
754.14	28.91
754.317	43.08
754.494	32.24
754.671	50.59
754.847	51.39
755.024	33.52
755.201	18.87
755.377	34.85
755.554	89.04
755.73	2.46
755.907	69.74
756.084	60.47
756.26	17.76
756.437	38.21
756.613	67.85
756.79	56.64
756.966	10.58
757.143	80.35
757.319	67.81
757.496	64.01
757.672	57.13
757.849	53.16
758.025	24.36
758.201	48.25
758.378	46.97
758.554	25.71
758.73	28.7
758.907	31.41
759.083	21.31
759.259	89.38
759.435	71.6
759.612	24.83
759.788	58.55
759.964	54.7
760.14	87.97
760.316	28.45
760.493	62.3
760.669	91.54
760.845	18.19
761.021	100.46
761.197	3.9
761.373	31.26
761.549	12.33
761.725	43.81
761.901	44.48
762.077	54.95
762.253	12.26
762.429	58.71
762.605	5.17
762.781	36.14
762.957	60.59
763.133	62.68
763.308	49.94
763.484	66.69
763.66	138.24
763.836	6.72
764.012	27.84
764.187	28.36
764.363	36.24
764.539	52.97
764.715	11.56
764.89	11.89
765.066	-55.77
765.242	62.51
765.417	15.02
765.593	46.27
765.769	44.98
765.944	39.21
766.12	85
766.295	23.8
766.471	34.69
766.646	43.21
766.822	-6.98
766.997	2.44
767.173	45.49
767.348	87.16
767.524	-6.28
767.699	37.9
767.875	60.18
768.05	-10.56
768.225	-14.33
768.401	14.01
768.576	88.91
768.751	56.04
768.927	-43.58
769.102	93.87
769.277	39
769.452	81.96
769.628	-19.7
769.803	112.73
769.978	24.02
770.153	12
770.328	58.97
770.503	65.58
770.679	-15.03
770.854	62.08
771.029	20.74
771.204	125.17
771.379	0.98
771.554	-48.99
771.729	46.18
771.904	38.1
772.079	49.93
772.254	89.25
772.429	66.73
772.604	-14.96
772.779	54.86
772.953	-3.28
773.128	6.28
773.303	-9
773.478	97.64
773.653	28.03
773.828	67.3
774.002	51.5
774.177	-3.06
774.352	-493.04
774.527	29.96
774.701	30.95
774.876	37.24
775.051	-258.29
775.225	-24.32
775.4	64.96
775.575	44.49
775.749	19.63
775.924	63.29
776.098	8.6
776.273	46.98
776.447	18.97
776.622	39.58
776.796	39.83
776.971	84.06
777.145	8.81
777.32	44.92
777.494	52.19
777.669	53.23
777.843	38.11
778.017	67.37
778.192	0.93
778.366	-5.95
778.54	48.19
778.715	30.7
778.889	20.1
779.063	53.48
779.237	40.64
779.412	56.04
779.586	94.54
779.76	-49.82
779.934	-1.7
780.108	26.34
780.282	-774.63
780.457	60.92
780.631	-133.82
780.805	-31.12
780.979	-613.43
781.153	128.13
781.327	89.16
781.501	-21.27
781.675	41.11
781.849	-3.28
782.023	91.2
782.197	55.32
782.371	-8.57
782.545	108.59
782.718	-60.42
782.892	61.72
783.066	-44.6
783.24	183.4
783.414	34.71
783.588	38.81
783.761	31.71
783.935	-14.35
784.109	100.34
784.283	331.3
784.456	-86.73
784.63	18.21
784.804	29.82
784.977	18.01
785.151	-7.29
785.324	22.41
785.498	-26.3
785.672	-24.22
785.845	68.71
786.019	4.27
786.192	-232.45
786.366	29.96
786.539	3.05
786.713	18.8
786.886	11.26
787.06	-51.66
787.233	-60.82
787.406	-5.05
787.58	30.81
787.753	91.81
787.926	143.87
788.1	263.19
788.273	186.79
788.446	7.75
788.62	-203.23
788.793	40.28
788.966	72.37
789.139	171.55
789.313	64.58
789.486	4585.71
789.659	-221.14
789.832	29.32
790.005	14.44
790.178	-92.92
790.351	131.08
790.524	-45.76
790.697	11.52
790.87	44.16
791.044	910.91
791.216	49.93
791.389	-271.12
791.562	106.52
791.735	41.77
791.908	128.57
792.081	89.8
792.254	-319.78
792.427	23.42
792.6	51.6
792.773	33.69
792.945	102.99
793.118	55.83
793.291	102.2
793.464	197.87
793.637	-141.72
793.809	-0.59
793.982	62.73
794.155	45.27
794.327	22.41
794.5	-32.31
794.673	-15.79
794.845	89.88
795.018	-10.66
795.19	-603.37
795.363	31.56
795.536	222.84
795.708	-629.03
795.881	-5700
796.053	62.53
796.226	73.71
796.398	232.13
796.57	38.23
796.743	-88.34
796.915	-25.64
797.088	61.94
797.26	139.37
797.432	117.72
797.605	139.57
797.777	-744.16
797.949	26.64
798.122	44.68
798.294	337.67
798.466	66.86
798.638	198.43
798.81	-7.61
798.983	-732.91
799.155	59.32
799.327	-12.29
799.499	38.32
799.671	126.15
799.843	-7.63
800.015	80.54
800.187	20.55
800.359	25.94
800.531	-0.44
800.703	-11.23
800.875	88.1
801.047	14.17
801.219	50.17
801.391	144.16
801.563	144.6
801.735	108.47
801.907	395.71
802.079	133.44
802.251	-451.65
802.422	-162.99
802.594	549.35
802.766	-62.85
802.938	-33.63
803.11	216.73
803.281	-152.98
803.453	56.93
803.625	70.16
803.796	22.52
803.968	36.35
804.14	57.47
804.311	-2.06
804.483	47.8
804.654	-4.2
804.826	74.29
804.998	145.99
805.169	-126.25
805.341	492
805.512	-162.11
805.684	16.63
805.855	79.82
806.026	373.85
806.198	226.38
806.369	-36.45
806.541	133.85
806.712	130.41
806.883	87.47
807.055	-29.72
807.226	-19.08
807.397	-649.45
807.569	-114.16
807.74	67.85
807.911	60
808.082	197.76
808.253	14.85
808.425	46.83
808.596	-91.01
808.767	369.06
808.938	-50.16
809.109	-436.63
809.28	-86.73
809.451	91.02
809.622	338.5
809.793	609.68
809.964	-127.83
810.135	88.47
810.306	126.59
810.477	340.27
810.648	24.11
810.819	29.25
810.99	-4260
811.161	143.87
811.332	157.3
811.503	9.58
811.674	-309.23
811.844	-696.92
812.015	78.36
812.186	182.21
812.357	207.3
812.527	62.7
812.698	36.06
812.869	-401.89
813.04	53.99
813.21	-113.79
813.381	215.95
813.551	-71.83
813.722	86.49
813.893	-6.07
814.063	94.54
814.234	-616.36
814.404	110.8
814.575	-70.17
814.745	-315.93
814.916	98.25
815.086	42.32
815.257	-6.73
815.427	270.55
815.598	33.96
815.768	75.52
815.938	17.47
816.109	251.42
816.279	-16.63
816.449	-33.53
816.62	-1278.95
816.79	115.38
816.96	254.72
817.13	7.77
817.301	19.8
817.471	38.18
817.641	-112.27
817.811	431.39
817.981	-4500
818.152	-1.42
818.322	-80.2
818.492	-0.87
818.662	32.86
818.832	16.46
819.002	14.49
819.172	103.56
819.342	64.16
819.512	58.16
819.682	85.1
819.852	-4.45
820.022	-8.65
820.192	-306.74
820.362	-37.92
820.531	42.02
820.701	76.09
820.871	47.8
821.041	50.23
821.211	-4.03
821.381	-8.23
821.55	70.21
821.72	-648.84
821.89	-420
822.059	45.15
822.229	80.15
822.399	181.61
822.568	2.82
822.738	-139.02
822.908	-16.56
823.077	-67.53
823.247	35.9
823.416	-1323.53
823.586	107.49
823.756	-7.61
823.925	330.38
824.095	830.23
824.264	-44.39
824.433	-220.35
824.603	-18.93
824.772	-7.36
824.942	-398.73
825.111	28.64
825.28	-363.35
825.45	-326.09
825.619	121.12
825.788	-77.53
825.958	-21.22
826.127	-57.37
826.296	49.84
826.465	172.94
826.635	49.85
826.804	-0.82
826.973	38.75
827.142	-220.85
827.311	98.66
827.48	95.37
827.649	63.01
827.818	-162.99
827.988	117.6
828.157	160.82
828.326	38.99
828.495	28.05
828.664	43.19
828.833	79.51
829.002	-780.75
829.17	171.14
829.339	76.88
829.508	-6.07
829.677	-50.56
829.846	-5.19
830.015	49.86
830.184	24.63
830.352	-106.51
830.521	6.47
830.69	592.68
830.859	794.12
831.027	-394.74
831.196	41.26
831.365	-13.13
831.533	56.56
831.702	-234.41
831.871	-93.25
832.039	9.62
832.208	-65.22
832.377	-248.03
832.545	-45.5
832.714	67.85
832.882	-26.23
833.051	99.61
833.219	1671.43
833.388	-39.03
833.556	-49.85
833.724	-43.46
833.893	-19.84
834.061	-521.05
834.23	31.53
834.398	258.3
834.566	190.91
834.735	-557.14
834.903	-107.55
835.071	-3060
835.239	-136.72
835.408	74.83
835.576	104.65
835.744	30.87
835.912	-10.74
836.08	74.75
836.249	367.92
836.417	56.15
836.585	180.36
836.753	94.01
836.921	-186.49
837.089	2871.43
837.257	-174.42
837.425	-31.91
837.593	75.56
837.761	33.02
837.929	-16.61
838.097	54.5
838.265	-22
838.433	-10.82
838.601	-8.75
838.769	375.95
838.936	569.66
839.104	-7.36
839.272	12.37
839.44	87.25
839.608	-958.54
839.775	13.19
839.943	75.85
840.111	55.51
840.279	81.61
840.446	13.43
840.614	-89.61
840.781	-33.91
840.949	15.45
841.117	158.82
841.284	-142.92
841.452	-266.46
841.619	15.44
841.787	277.86
841.954	216.28
842.122	161.27
842.289	22.13
842.457	-84.14
842.624	166.06
842.792	-59.12
842.959	121.71
843.126	110.7
843.294	-17.33
843.461	154.98
843.629	242.4
843.796	-57.67
843.963	-110.89
844.13	16.06
844.298	170.27
844.465	-18.37
844.632	1.86
844.799	-79.9
844.966	95.74
845.134	98.8
845.301	32.99
845.468	164.9
845.635	58.3
845.802	289.79
845.969	-56.01
846.136	69.14
846.303	-1278.95
846.47	9.19
846.637	-124.62
846.804	-268.42
846.971	-85.57
847.138	244.4
847.305	-422.12
847.472	-31.91
847.639	69.56
847.805	-43.77
847.972	-323.38
848.139	-86.27
848.306	-584.21
848.473	210.45
848.639	-20.67
848.806	-26.4
848.973	63.67
849.14	152.37
849.306	-135.87
849.473	-399.34
849.64	281.54
849.806	-61.72
849.973	332.43
850.139	77.48
850.306	36.21
850.472	184.87
850.639	87.54
850.806	-1910.53
850.972	60
851.139	-1585.71
851.305	57.11
851.471	-221
851.638	-134.36
851.804	-111.94
851.971	-83.15
852.137	-80.04
852.303	24.26
852.47	29.95
852.636	81.82
852.802	375.59
852.968	-1.28
853.135	-47.21
853.301	-157.8
853.467	150.49
853.633	40.25
853.8	76.34
853.966	-150.76
854.132	4242.86
854.298	89.78
854.464	165.17
854.63	84.2
854.796	165.76
854.962	-2.16
855.128	71.9
855.294	-115.67
855.46	0.88
855.626	-21.59
855.792	-228.19
855.958	148.54
856.124	-288.96
856.29	133.11
856.456	-2.63
856.622	172.34
856.787	627.27
856.953	20.49
857.119	2.97
857.285	-41.23
857.45	49.82
857.616	47.04
857.782	-43.73
857.948	70.53
858.113	46.08
858.279	31.98
858.445	139.37
858.61	495.35
858.776	76.52
858.941	264.36
859.107	42.36
859.273	48.71
859.438	-195.94
859.604	-205.26
859.769	318.9
859.935	-163.37
860.1	81.32
860.265	50.7
860.431	-235.25
860.596	2700
860.762	-42.86
860.927	92.63
861.092	-3.08
861.258	-29.75
861.423	12.74
861.588	61.79
861.753	-3471.43
861.919	526.42
862.084	337.8
862.249	222.71
862.414	-11.26
862.579	190.36
862.745	84.74
862.91	207.01
863.075	-63.52
863.24	-6.48
863.405	233.67
863.57	-94.79
863.735	106.69
863.9	-7.96
864.065	73.21
864.23	43.54
864.395	167.62
864.56	216.62
864.725	497.47
864.89	259.55
865.055	72.49
865.22	123.89
865.384	-279.78
865.549	-422.33
865.714	-54.1
865.879	-42.3
866.044	-30.49
866.208	2.23
866.373	-491.21
866.538	94.85
866.702	-42.3
866.867	70.12
867.032	113.65
867.196	16.64
867.361	232.8
867.526	-19.31
867.69	76.44
867.855	-16.48
868.019	1041.82
868.184	-14.55
868.348	-19.45
868.513	300
868.677	29.18
868.842	-5.3
869.006	75.64
869.17	-311.32
869.335	-782.93
869.499	-538.83
869.663	236.42
869.828	105.67
869.992	-453.49
870.156	13.94
870.321	-76.54
870.485	-75.17
870.649	-89.45
870.813	-40.96
870.978	136.6
871.142	-1361.54
871.306	-63.98
871.47	221.17
871.634	659.06
871.798	195.65
871.962	-38.95
872.126	-9300
872.29	32.69
872.454	3728.57
872.618	-21.53
872.782	532.84
872.946	275.84
873.11	-13.57
873.274	-67.63
873.438	-1605.88
873.602	-26.12
873.766	315.58
873.93	-84.66
874.094	30.34
874.257	147.21
874.421	300
874.585	234.55
874.749	27.35
874.912	-330.22
875.076	11.17
875.24	56.07
875.403	300
875.567	142.29
875.731	569.66
875.894	64.9
876.058	518.18
876.222	-428.09
876.385	-104.02
876.549	95.87
876.712	518.18
876.876	-10.93
877.039	-116.99
877.203	100.47
877.366	19.84
877.529	-81.63
877.693	47.49
877.856	184.93
878.02	26.49
878.183	-125.08
878.346	377.92
878.51	-156.64
878.673	-287.05
878.836	106.94
878.999	-435.48
879.163	69.56
879.326	79.03
879.489	71.12
879.652	70.16
879.815	111.9
879.978	-126.12
880.142	-46.31
880.305	-13.04
880.468	-32.53
880.631	74.01
880.794	-4.56
880.957	358.54
881.12	-2100
881.283	-33.63
881.446	82.82
881.609	118.71
881.772	96.74
881.935	-688.24
882.097	66.75
882.26	96.23
882.423	-110.05
882.586	131.73
882.749	146.06
882.912	-31.29
883.074	28.55
883.237	21.48
883.4	179.05
883.562	53.17
883.725	280.8
883.888	300
884.05	-11700
884.213	-15.63
884.376	31.93
884.538	75.64
884.701	75.64
884.863	75.64
