181.954	62.75
182.172	62.75
182.39	62.75
182.608	-5020
182.826	143.96
183.043	45.53
183.261	42.23
183.479	165.69
183.697	2617.65
183.914	57.89
184.132	262.57
184.35	198.65
184.567	246.48
184.785	128.32
185.003	80.46
185.22	98.28
185.438	99.23
185.656	5.53
185.873	-847.69
186.091	53.1
186.309	127.59
186.526	299.1
186.744	140.27
186.961	-63.1
187.179	323.7
187.396	130.59
187.614	20
187.831	7460
188.049	-169.94
188.266	84.04
188.484	-305.97
188.701	348.54
188.919	114.58
189.136	75.06
189.354	147.88
189.571	-11.85
189.789	63.64
190.006	133.6
190.223	143.24
190.441	21.22
190.658	-357.14
190.876	115.74
191.093	-40.66
191.31	-23.64
191.528	58.78
191.745	-7.41
191.962	33.21
192.179	200.98
192.397	-121.86
192.614	51.75
192.831	-63.1
193.049	47.39
193.266	546.6
193.483	32.05
193.7	-496.92
193.917	-6.76
194.135	180.58
194.352	-37.45
194.569	81.69
194.786	165.66
195.003	182.44
195.221	26.19
195.438	-93.64
195.655	132.16
195.872	194.92
196.089	-6.48
196.306	73.05
196.523	63.64
196.74	206.12
196.957	48.45
197.174	30.96
197.391	114.87
197.608	24.77
197.825	-41.94
198.042	13.15
198.259	1079.31
198.476	164.44
198.693	6980
198.91	165.24
199.127	-37.31
199.344	-19.84
199.561	319.65
199.778	64.25
199.995	-861.19
200.212	-1610.34
200.429	192.89
200.646	-153.16
200.862	243.82
201.079	22.24
201.296	460.26
201.513	-24.27
201.73	-173.06
201.947	80.15
202.163	19.04
202.38	-34.1
202.597	108.56
202.814	60.68
203.03	1460
203.247	77.89
203.464	29.64
203.681	-14.29
203.897	101.06
204.114	-88.68
204.331	98.66
204.547	-588.37
204.764	107.31
204.981	1700
205.197	331.49
205.414	147.06
205.63	-493.1
205.847	343.22
206.064	718.18
206.28	3
206.497	-59.8
206.713	187.37
206.93	-23.21
207.146	50.3
207.363	-275.38
207.579	-185.71
207.796	-253.98
208.012	23.29
208.229	-162.69
208.445	-65.67
208.662	40.17
208.878	144.92
209.095	-2605.88
209.311	118.37
209.528	8900
209.744	231.27
209.96	-40.4
210.177	127.18
210.393	65.77
210.609	-2140
210.826	80.37
211.042	333.04
211.258	607.46
211.475	12.3
211.691	70.3
211.907	393.67
212.124	40.71
212.34	109.14
212.556	-62.06
212.772	38.46
212.989	-32.45
213.205	4.06
213.421	-193.47
213.637	320.9
213.853	-18.29
214.069	-1584.21
214.286	-94.75
214.502	-610.45
214.718	-68.03
214.934	143.06
215.15	260
215.366	102.06
215.582	-30.04
215.798	82.24
216.015	94.02
216.231	415.68
216.447	50.94
216.663	26.55
216.879	-6.53
217.095	-112.08
217.311	-383.02
217.527	112.47
217.743	-152.43
217.959	47.17
218.175	36.52
218.391	508.63
218.606	191.43
218.822	103.48
219.038	-13.37
219.254	47.79
219.47	154.59
219.686	513.48
219.902	50.23
220.118	36.78
220.334	41.79
220.549	109.8
220.765	-86.92
220.981	-0.28
221.197	-6.82
221.413	-291.21
221.628	667.09
221.844	160.38
222.06	10.68
222.276	-28.99
222.491	79.68
222.707	118.36
222.923	-345.64
223.139	5.88
223.354	-9.18
223.57	159.84
223.786	40.62
224.001	-9.65
224.217	115.16
224.432	-6.36
224.648	157.88
224.864	25.78
225.079	88.06
225.295	26.55
225.51	97.84
225.726	88.34
225.942	78.68
226.157	38.55
226.373	35.32
226.588	118.53
226.804	-4173.68
227.019	162.31
227.235	57.75
227.45	-10.04
227.665	5780
227.881	-114.17
228.096	-126.09
228.312	-110.42
228.527	87.92
228.743	136.57
228.958	45.19
229.173	-543.48
229.389	112.18
229.604	59.52
229.819	107.63
230.035	-216.61
230.25	-10.79
230.465	-25.96
230.681	19.22
230.896	24.49
231.111	43.27
231.327	144.57
231.542	4340
231.757	31.6
231.972	50.53
232.187	-97.45
232.403	-636.84
232.618	68.81
232.833	70.88
233.048	-525.45
233.263	2.1
233.478	155.65
233.694	-811.63
233.909	-119.35
234.124	25.04
234.339	39.73
234.554	168.97
234.769	-94.9
234.984	-38.12
235.199	106.46
235.414	202.65
235.629	-259.49
235.844	-71.02
236.059	72.3
236.274	50.45
236.489	123.82
236.704	73.72
236.919	104.66
237.134	91.06
237.349	-6.74
237.564	79.54
237.779	-22.43
237.994	-36.17
238.209	165.29
238.424	-88.96
238.639	113.69
238.853	56.64
239.068	25.08
239.283	35.95
239.498	202.37
239.713	33.48
239.928	21.18
240.142	-33.97
240.357	88.01
240.572	-23.94
240.787	22.62
241.001	-20.85
241.216	18.06
241.431	-8.19
241.646	-1.95
241.86	-108.07
242.075	416.28
242.29	-0.18
242.504	44.27
242.719	104.97
242.934	-123.62
243.148	16.17
243.363	24.37
243.577	-389.89
243.792	38.46
244.007	69.47
244.221	312.99
244.436	-449.25
244.65	139.26
244.865	-85.78
245.079	252.47
245.294	-104.32
245.508	75.06
245.723	107.89
245.937	-383.52
246.152	29.36
246.366	131.56
246.581	77.1
246.795	-103.68
247.01	-12.93
247.224	45.48
247.438	72.83
247.653	55.34
247.867	23.38
248.081	103.29
248.296	1202.44
248.51	54.61
248.724	55.98
248.939	535.82
249.153	88.57
249.367	50.24
249.582	45.5
249.796	235.06
250.01	-127.81
250.224	34.73
250.439	87.61
250.653	95.14
250.867	22.47
251.081	73.46
251.295	18.51
251.51	-158.72
251.724	-61.15
251.938	276.95
252.152	-183.21
252.366	20.58
252.58	150.91
252.794	63.19
253.008	174.17
253.223	45.01
253.437	71.16
253.651	72.53
253.865	36.52
254.079	-57.55
254.293	108.02
254.507	390.91
254.721	44.42
254.935	328.57
255.149	96.62
255.363	124.47
255.577	338.93
255.791	24.07
256.005	212.88
256.218	-23.54
256.432	2.81
256.646	71.87
256.86	138.31
257.074	70.21
257.288	8660
257.502	407.69
257.716	11.93
257.929	97.58
258.143	-56.1
258.357	37.81
258.571	114.76
258.785	-9.18
258.998	-38.19
259.212	148.59
259.426	-16.59
259.64	93.03
259.853	86.21
260.067	221.78
260.281	102.99
260.494	-55.18
260.708	131.68
260.922	-10.06
261.135	64.72
261.349	5.88
261.563	158.8
261.776	1911.76
261.99	58.67
262.203	31.22
262.417	109.89
262.63	48.47
262.844	-93.26
263.058	113.56
263.271	2.24
263.485	2.81
263.698	27.23
263.912	-184.26
264.125	52.84
264.339	377.17
264.552	-11.18
264.765	197.39
264.979	-37.93
265.192	-108.17
265.406	-44.28
265.619	-11.48
265.832	32.82
266.046	-83.18
266.259	243.73
266.473	-1319.35
266.686	73.93
266.899	89.98
267.113	500
267.326	-63.96
267.539	57.17
267.752	23.35
267.966	46.96
268.179	30.63
268.392	77.58
268.605	386.61
268.819	104.79
269.032	50.71
269.245	924.62
269.458	207.75
269.671	-168.35
269.885	7.76
270.098	1.49
270.311	-62.03
270.524	3.51
270.737	-9.46
270.95	-302.65
271.163	-142.52
271.376	1312.9
271.589	-1064.56
271.802	36.32
272.016	77.85
272.229	115.85
272.442	-0.4
272.655	106.05
272.868	-13.17
273.081	-282.02
273.294	29.22
273.506	63.25
273.719	34.82
273.932	134.27
274.145	-2620
274.358	66.23
274.571	169.24
274.784	-247.17
274.997	35.86
275.21	-48.3
275.423	11.28
275.635	-66.83
275.848	113.44
276.061	110.6
276.274	143.99
276.487	343.48
276.699	-3.23
276.912	18.16
277.125	-0.43
277.338	96.5
277.55	57.48
277.763	-58.07
277.976	175.35
278.189	-93.41
278.401	38.32
278.614	-76
278.827	46.21
279.039	3.1
279.252	97.58
279.464	-58.57
279.677	34.73
279.89	25.41
280.102	-30.65
280.315	353.66
280.527	184.21
280.74	-410.34
280.952	135.66
281.165	3.33
281.377	54.88
281.59	52.35
281.802	125.66
282.015	46.02
282.227	84.34
282.44	491.37
282.652	108.99
282.865	107.58
283.077	150.12
283.29	116.06
283.502	58.06
283.714	164.45
283.927	191.25
284.139	-128.33
284.351	42.71
284.564	224.06
284.776	126.06
284.988	122.61
285.201	1270.15
285.413	82.21
285.625	-38.38
285.838	-73.44
286.05	45.59
286.262	35.06
286.474	184.59
286.686	-8.25
286.899	-167.26
287.111	56.3
287.323	132.4
287.535	214.85
287.747	92.29
287.959	-40.07
288.172	-547.27
288.384	66.92
288.596	-35.76
288.808	522.64
289.02	137.74
289.232	83.13
289.444	-2.23
289.656	-47.23
289.868	33.48
290.08	-59.51
290.292	-61.7
290.504	20
290.716	37.61
290.928	93.52
291.14	1058.14
291.352	36.3
291.564	2123.53
291.776	113.14
291.988	95.09
292.2	-0.47
292.412	-57.84
292.624	-35.08
292.835	858.21
293.047	8.69
293.259	-26.65
293.471	-102.71
293.683	-670.73
293.895	146.94
294.106	-19.36
294.318	80.89
294.53	30.62
294.742	996.55
294.953	-40.22
295.165	44.59
295.377	235.33
295.589	-12.78
295.8	61.4
296.012	43.33
296.224	8.06
296.435	59.92
296.647	216.61
296.858	-26.62
297.07	555.38
297.282	-7.07
297.493	46.61
297.705	-48.57
297.916	49.36
298.128	-0.27
298.34	9.54
298.551	54.47
298.763	95.68
298.974	165.29
299.186	-26.93
299.397	-77.26
299.609	-1280.65
299.82	132.94
300.031	47.52
300.243	1636.84
300.454	-118.4
300.666	17.27
300.877	391.94
301.089	45.53
301.3	43.82
301.511	88.31
301.723	-37.47
301.934	446.27
302.145	68.58
302.357	238.24
302.568	-47.2
302.779	56.65
302.99	-70.4
303.202	95.57
303.413	32.68
303.624	68.81
303.835	-1220.75
304.047	-117
304.258	93.52
304.469	36.47
304.68	11.98
304.891	-64.08
305.103	45.95
305.314	59.34
305.525	4100
305.736	37.01
305.947	23.31
306.158	288.24
306.369	96.52
306.58	54.12
306.791	141.97
307.002	49.73
307.213	-7.24
307.424	228.62
307.636	130.52
307.846	105.02
308.057	360.19
308.268	-24.88
308.479	17.04
308.69	57.63
308.901	76.67
309.112	444.19
309.323	37.03
309.534	305.41
309.745	20.69
309.956	78.47
310.167	30.08
310.377	71.21
310.588	-74.69
310.799	72.47
311.01	2.51
311.221	-57.26
311.432	3.71
311.642	-15.37
311.853	75.73
312.064	-1775.86
312.275	71.75
312.485	11.33
312.696	49.02
312.907	409.55
313.117	24.68
313.328	81.05
313.539	82.61
313.749	89.08
313.96	-264.84
314.171	83.26
314.381	39.78
314.592	-4.2
314.802	-3.33
315.013	-59.13
315.224	43.44
315.434	1321.05
315.645	-2140
315.855	58.58
316.066	149.44
316.276	220.14
316.487	-378.05
316.697	-15.48
316.908	-38.32
317.118	54.08
317.329	103.64
317.539	47.91
317.749	170.39
317.96	-646.27
318.17	82.72
318.381	-409.89
318.591	-317.58
318.801	-17.51
319.012	-195.41
319.222	500
319.432	-15.14
319.643	188.63
319.853	10.31
320.063	45.85
320.273	40.9
320.484	552.75
320.694	54.29
320.904	32.2
321.114	-160.67
321.325	1120.69
321.535	-80.09
321.745	-20.84
321.955	119.4
322.165	-25.68
322.375	21.8
322.585	257.06
322.796	996.55
323.006	145.07
323.216	220.93
323.426	44.42
323.636	103.83
323.846	2237.93
324.056	77.89
324.266	61.21
324.476	118.07
324.686	39.46
324.896	-5.01
325.106	522.64
325.316	125.36
325.526	-1331.58
325.736	28.84
325.946	-3.26
326.156	79.22
326.366	61.74
326.576	38.46
326.785	-0.5
326.995	3.68
327.205	-36.68
327.415	235.59
327.625	570.07
327.835	-17.61
328.044	132.16
328.254	40.87
328.464	75.97
328.674	95.57
328.884	-259.71
329.093	262.57
329.303	117.87
329.513	186.96
329.722	-257.89
329.932	57.78
330.142	91.23
330.351	55.4
330.561	85.45
330.771	-155.35
330.98	25.89
331.19	75.38
331.4	-8.83
331.609	85.08
331.819	1553.66
332.028	129.71
332.238	133.9
332.447	163.33
332.657	94.49
332.866	46.58
333.076	44.57
333.285	167.75
333.495	964.52
333.704	-215.7
333.914	41.14
334.123	-13.35
334.333	-404.62
334.542	74.93
334.752	721.54
334.961	-586.79
335.17	-72.86
335.38	22.62
335.589	42.09
335.798	145.17
336.008	341.76
336.217	25.11
336.426	66.11
336.636	285.53
336.845	141.69
337.054	63.64
337.263	41.35
337.473	-7.35
337.682	-4.23
337.891	52.36
338.1	51.08
338.309	-63.7
338.519	169.25
338.728	-35.64
338.937	-482.68
339.146	137.41
339.355	-541.51
339.564	1447.37
339.773	-0.5
339.983	44.48
340.192	-282.61
340.401	130.52
340.61	73.71
340.819	74.49
341.028	-46.89
341.237	-770.59
341.446	17.76
341.655	74.19
341.864	101.9
342.073	35.97
342.282	-0.24
342.491	107.31
342.699	383.5
342.908	983.12
343.117	177.04
343.326	82.19
343.535	-285.45
343.744	-87.35
343.953	143.43
344.162	12.46
344.37	53.93
344.579	714.93
344.788	82.61
344.997	76.47
345.206	218.57
345.414	134.39
345.623	30.63
345.832	-5.85
346.041	177.16
346.249	136.97
346.458	19.51
346.667	30.58
346.875	81.96
347.084	10.27
347.293	69.76
347.501	-68.72
347.71	-35.12
347.918	-102.21
348.127	-436.26
348.336	-175.5
348.544	61.4
348.753	-413.43
348.961	14.85
349.17	166.41
349.378	-2.83
349.587	163.52
349.795	-105.83
350.004	370.77
350.212	70.15
350.421	-222.12
350.629	14.2
350.838	69.07
351.046	152.87
351.254	13.58
351.463	74.96
351.671	1194.74
351.879	109.64
352.088	45.65
352.296	117.7
352.504	119.57
352.713	106.48
352.921	235.43
353.129	-56.88
353.338	52.19
353.546	54.44
353.754	161.35
353.962	-84.5
354.171	63.44
354.379	-3794.74
354.587	86.5
354.795	-74.59
355.003	-24.88
355.212	17.82
355.42	816.98
355.628	129.88
355.836	133.9
356.044	54.88
356.252	48.78
356.46	16.64
356.668	1607.69
356.876	86.37
357.084	91.45
357.292	102.54
357.5	19.14
357.708	-18.7
357.916	78.2
358.124	6.71
358.332	-288.06
358.54	-198.18
358.748	-154.55
358.956	28.29
359.164	48.81
359.372	23.31
359.58	-190.65
359.788	79.79
359.996	85.68
360.203	-34.8
360.411	52.84
360.619	-368.34
360.827	156.37
361.035	65.64
361.242	239.59
361.45	-532.91
361.658	124.64
361.866	94.02
362.073	-55.48
362.281	83.52
362.489	-7.87
362.697	48.97
362.904	-51.06
363.112	97.95
363.32	37.63
363.527	-230.43
363.735	203.47
363.943	42.57
364.15	186.22
364.358	117.64
364.565	56.8
364.773	86.37
364.98	-136.04
365.188	51.62
365.395	145.66
365.603	3.73
365.81	26.35
366.018	52.18
366.225	0.13
366.433	-128.29
366.64	72.03
366.848	99.12
367.055	-120.69
367.263	36.13
367.47	101.81
367.677	89.87
367.885	-16.19
368.092	47.39
368.299	97.75
368.507	134.09
368.714	500
368.921	55.91
369.129	105.59
369.336	-51.51
369.543	36.07
369.751	-33.69
369.958	-140.36
370.165	86.11
370.372	-98.67
370.579	45.78
370.787	47.93
370.994	39.67
371.201	81.47
371.408	3.22
371.615	25.97
371.822	38.04
372.029	52.54
372.237	33.71
372.444	396.22
372.651	-102.91
372.858	77.71
373.065	106.38
373.272	88.75
373.479	-1072.41
373.686	124.64
373.893	-501.94
374.1	-177.51
374.307	-441.01
374.514	67.61
374.721	42.79
374.928	-325.97
375.135	-24.87
375.341	7940
375.548	15.6
375.755	-59.77
375.962	-1.56
376.169	-121.08
376.376	9.31
376.583	15.74
376.789	82.37
376.996	154.79
377.203	-12.22
377.41	48.24
377.617	78.74
377.823	-160.96
378.03	1661.29
378.237	9.65
378.443	6.29
378.65	47.17
378.857	-9.23
379.063	241.77
379.27	-178.26
379.477	68.39
379.683	114.17
379.89	8.8
380.097	-47.16
380.303	58.96
380.51	23.66
380.716	64.26
380.923	-378.74
381.129	120.03
381.336	150.39
381.542	57.48
381.749	-36.07
381.955	36.97
382.162	76.75
382.368	-7.99
382.575	25.04
382.781	-79.31
382.988	-94.26
383.194	29.78
383.4	-24.9
383.607	96.77
383.813	-0.37
384.02	28.96
384.226	-22.88
384.432	54.66
384.639	19.82
384.845	-62.03
385.051	7.56
385.257	67.46
385.464	108.57
385.67	77.29
385.876	17.93
386.082	-130.51
386.289	-4.37
386.495	5.71
386.701	-62.87
386.907	-6.39
387.113	46.93
387.319	54.33
387.526	27.04
387.732	84.25
387.938	423.2
388.144	-251.3
388.35	62.67
388.556	59.94
388.762	77.8
388.968	667.44
389.174	52.44
389.38	116.41
389.586	4.59
389.792	-14.81
389.998	-46.87
390.204	-35.28
390.41	81.91
390.616	13.27
390.822	-4.67
391.028	47.05
391.234	43.44
391.439	-676.7
391.645	2.93
391.851	95.91
392.057	-64.44
392.263	98.01
392.469	56.86
392.674	-19.96
392.88	33.69
393.086	32.93
393.292	21.76
393.498	-32.97
393.703	27.75
393.909	42.96
394.115	13.51
394.32	14.89
394.526	-13.34
394.732	66.19
394.937	73.82
395.143	-5.26
395.349	7.56
395.554	-374.37
395.76	34.37
395.965	-10.64
396.171	-15.37
396.377	23.29
396.582	28.09
396.788	5.45
396.993	45.08
397.199	55.6
397.404	41.93
397.61	-6.13
397.815	-41.3
398.021	3.11
398.226	9.61
398.431	2.29
398.637	-11.56
398.842	28.96
399.048	56.81
399.253	47.82
399.458	37.46
399.664	-24.94
399.869	22.04
400.074	7.66
400.28	31.68
400.485	-11.42
400.69	17.6
400.896	16.66
401.101	22.14
401.306	12.66
401.511	12.39
401.716	3.22
401.922	-6.37
402.127	-2.37
402.332	-15
402.537	27.72
402.742	7.77
402.947	51.66
403.153	-0.05
403.358	14.57
403.563	28.52
403.768	21.12
403.973	16.05
404.178	2.31
404.383	12.32
404.588	7.25
404.793	-4.7
404.998	16.96
405.203	3.52
405.408	19.09
405.613	5.65
405.818	20.9
406.023	1.86
406.228	-7.85
406.433	12.49
406.638	6.46
406.842	14.61
407.047	13.68
407.252	0.51
407.457	6.97
407.662	13.09
407.867	11.65
408.071	17.02
408.276	9.62
408.481	-2.44
408.686	1
408.891	7.05
409.095	10.59
409.3	11.4
409.505	14.13
409.709	13.59
409.914	17.95
410.119	13.93
410.323	7.39
410.528	3.18
410.733	13.91
410.937	11.22
411.142	7.62
411.346	11.29
411.551	9.51
411.756	8.35
411.96	7.38
412.165	5.28
412.369	5.44
412.574	10
412.778	8.18
412.983	16.6
413.187	8.96
413.392	4.24
413.596	7.2
413.8	13.62
414.005	13.62
414.209	9.05
414.414	8.94
414.618	5.06
414.822	7.43
415.027	9.63
415.231	7.18
415.435	9.41
415.64	10.53
415.844	6.73
416.048	6.47
416.252	7.51
416.457	7.34
416.661	7.52
416.865	5.86
417.069	6.51
417.274	6.94
417.478	7.41
417.682	9.37
417.886	7.06
418.09	6.92
418.294	7.25
418.498	4.1
418.702	8.23
418.907	7.64
419.111	7.24
419.315	7.66
419.519	6.4
419.723	3.08
419.927	7.49
420.131	9.11
420.335	6.25
420.539	5.91
420.743	9.33
420.947	7.39
421.151	6.49
421.355	8.55
421.558	7.09
421.762	5.67
421.966	6.24
422.17	6.99
422.374	7.47
422.578	5.99
422.782	7.49
422.985	7.06
423.189	8.13
423.393	6.45
423.597	7.15
423.801	7.39
424.004	6.48
424.208	5.77
424.412	6.9
424.615	7.28
424.819	6.78
425.023	7.13
425.226	7.87
425.43	6.73
425.634	7.53
425.837	6.28
426.041	6.58
426.245	6.94
426.448	7.12
426.652	6.58
426.855	6.64
427.059	6.58
427.262	7.11
427.466	6.44
427.669	7.29
427.873	6.7
428.076	7.34
428.28	7.17
428.483	6.88
428.687	6.6
428.89	6.57
429.094	6.78
429.297	7
429.5	6.84
429.704	6.81
429.907	7.02
430.11	6.24
430.314	7.5
430.517	7.12
430.72	6.94
430.924	7.16
431.127	7
431.33	6.47
431.533	7.25
431.737	6.28
431.94	7.13
432.143	6.94
432.346	6.68
432.549	6.72
432.752	6.52
432.956	7.6
433.159	6.26
433.362	6.78
433.565	6.62
433.768	7.49
433.971	6.43
434.174	7.13
434.377	6.44
434.58	7.17
434.783	6.26
434.986	7.24
435.189	7.36
435.392	6.78
435.595	6.92
435.798	7.36
436.001	6.97
436.204	6.75
436.407	6.4
436.61	6.98
436.813	7.23
437.016	7
437.219	6.87
437.421	7.26
437.624	6.5
437.827	6.85
438.03	7.18
438.233	6.6
438.435	6.83
438.638	7.37
438.841	7.29
439.044	6.93
439.246	7.09
439.449	6.85
439.652	7.33
439.854	7.03
440.057	7.27
440.26	7.07
440.462	6.68
440.665	6.81
440.868	7.15
441.07	7.4
441.273	7.01
441.475	6.76
441.678	7.05
441.88	6.96
442.083	6.47
442.286	6.68
442.488	6.82
442.69	7.21
442.893	6.73
443.095	6.97
443.298	7.21
443.5	6.94
443.703	6.78
443.905	6.67
444.108	7.04
444.31	6.91
444.512	6.89
444.715	6.99
444.917	6.55
445.119	6.9
445.322	6.8
445.524	7.07
445.726	6.67
445.928	6.77
446.131	6.99
446.333	6.81
446.535	6.66
446.737	6.78
446.94	7.26
447.142	7.15
447.344	7.02
447.546	7.56
447.748	6.43
447.95	7.08
448.152	7.03
448.354	7.35
448.557	7.19
448.759	7.22
448.961	6.92
449.163	7.16
449.365	7.07
449.567	7.34
449.769	7.29
449.971	7.29
450.173	7.29
450.375	7.42
450.577	7.45
450.779	7.43
450.981	7.21
451.182	6.84
451.384	7.1
451.586	7.21
451.788	7.19
451.99	7.3
452.192	6.67
452.394	7.55
452.595	7.64
452.797	7.45
452.999	7.23
453.201	7.52
453.402	7.29
453.604	7.8
453.806	7.2
454.008	7.47
454.209	7.6
454.411	7.4
454.613	7.78
454.814	7
455.016	7.12
455.218	7.5
455.419	7.44
455.621	7.98
455.822	7.18
456.024	7.4
456.225	7.97
456.427	7.77
456.629	7.72
456.83	7.94
457.032	7.85
457.233	7.59
457.435	7.33
457.636	7.46
457.837	7.94
458.039	7.6
458.24	7.71
458.442	7.79
458.643	7.68
458.844	8.83
459.046	8.11
459.247	8.23
459.448	8.18
459.65	7.89
459.851	8.1
460.052	8.33
460.254	8.67
460.455	8.3
460.656	8.52
460.857	8.95
461.059	7.88
461.26	8.32
461.461	7.93
461.662	7.82
461.863	8.94
462.065	8.1
462.266	8.38
462.467	7.23
462.668	7.91
462.869	9.38
463.07	8.71
463.271	9.13
463.472	7.32
463.673	8.57
463.874	8.22
464.075	7.78
464.276	8.26
464.477	8.71
464.678	9.33
464.879	8.56
465.08	8.59
465.281	9.17
465.482	9.07
465.683	8.44
465.884	9.06
466.085	9.1
466.285	8.73
466.486	8.83
466.687	8.97
466.888	9.2
467.089	9.68
467.29	9.24
467.49	8.5
467.691	9.15
467.892	9.36
468.093	9.05
468.293	9.38
468.494	7.49
468.695	8.83
468.895	10.2
469.096	7.63
469.297	7.94
469.497	9.77
469.698	9.65
469.898	9.02
470.099	9.39
470.3	9.9
470.5	7.47
470.701	9.94
470.901	9.55
471.102	8.82
471.302	8.24
471.503	9.35
471.703	10.18
471.904	9.22
472.104	8.48
472.305	8.26
472.505	10.24
472.705	9.02
472.906	8.51
473.106	9.75
473.306	7.59
473.507	9.66
473.707	9.93
473.907	7.94
474.108	6.98
474.308	8.76
474.508	10.02
474.709	9.5
474.909	8.86
475.109	8.41
475.309	8.89
475.51	8.09
475.71	9.92
475.91	9.06
476.11	10.18
476.31	8.48
476.51	10.21
476.71	9.74
476.911	11.04
477.111	8.98
477.311	9.5
477.511	9.34
477.711	10.14
477.911	9.46
478.111	9.61
478.311	9.46
478.511	9.56
478.711	10.01
478.911	9.04
479.111	10.63
479.311	7.94
479.511	10.62
479.711	7.92
479.91	6.1
480.11	9.26
480.31	8.58
480.51	10.25
480.71	7.91
480.91	9.76
481.109	10.8
481.309	9.42
481.509	6.82
481.709	10.06
481.909	10.08
482.108	7.98
482.308	7.92
482.508	9.86
482.707	9.86
482.907	9.37
483.107	10.78
483.306	8.34
483.506	8.55
483.706	8.57
483.905	9.5
484.105	9.6
484.304	10
484.504	8.57
484.704	10.18
484.903	9.72
485.103	9.98
485.302	9.62
485.502	9.06
485.701	11.32
485.901	7.72
486.1	9.24
486.299	10.3
486.499	8.91
486.698	9.16
486.898	9.37
487.097	8.23
487.296	8.96
487.496	9.52
487.695	9.02
487.894	8.14
488.094	8.85
488.293	9.38
488.492	9.61
488.692	8.83
488.891	9.61
489.09	8.09
489.289	8.37
489.489	8.11
489.688	7.84
489.887	7.68
490.086	8.53
490.285	10.94
490.484	10.6
490.683	10.69
490.883	10.11
491.082	9.7
491.281	9.67
491.48	9.33
491.679	10.03
491.878	9.18
492.077	11.12
492.276	9.67
492.475	8.61
492.674	9.85
492.873	9.31
493.072	9.69
493.271	10.65
493.47	8.97
493.669	10.46
493.867	8.37
494.066	10.08
494.265	10.51
494.464	10.24
494.663	9.11
494.862	9.43
495.06	9.71
495.259	8.37
495.458	10.34
495.657	8.61
495.856	9.71
496.054	10.23
496.253	10.77
496.452	8.6
496.65	8.22
496.849	7.61
497.048	8.97
497.246	8.5
497.445	10.06
497.644	9.79
497.842	10
498.041	11.22
498.239	9.5
498.438	9.72
498.636	10.71
498.835	10.55
499.034	10.03
499.232	8.89
499.431	8.83
499.629	9.41
499.827	10.83
500.026	9.59
500.224	9.78
500.423	9.39
500.621	9.61
500.82	10.12
501.018	11.91
501.216	10.04
501.415	10.43
501.613	9.66
501.811	9.42
502.01	11.26
502.208	10.98
502.406	10.4
502.604	10.06
502.803	9.63
503.001	11.07
503.199	10.27
503.397	10.51
503.595	10.54
503.794	10.3
503.992	10.23
504.19	10.4
504.388	10.69
504.586	10.75
504.784	10.27
504.982	11.35
505.18	10.61
505.378	10.54
505.576	10.67
505.774	9.98
505.972	10.97
506.17	11.55
506.368	11.05
506.566	10.75
506.764	10.78
506.962	10.84
507.16	11.44
507.358	10.93
507.556	11.23
507.754	11.31
507.952	11.85
508.15	11.2
508.347	11.17
508.545	11.05
508.743	11.37
508.941	11.19
509.139	11.87
509.336	11.64
509.534	11.69
509.732	11.47
509.93	11.38
510.127	11.76
510.325	11.4
510.523	11.51
510.72	11.91
510.918	12.22
511.116	11.49
511.313	11.56
511.511	11.7
511.708	11.35
511.906	12.42
512.104	12.47
512.301	11.36
512.499	11.86
512.696	11.86
512.894	11.76
513.091	11.34
513.289	12.36
513.486	11.66
513.683	11.57
513.881	11.76
514.078	12.05
514.276	11.99
514.473	12.18
514.67	11.97
514.868	11.97
515.065	11.89
515.262	12.21
515.46	11.99
515.657	12.07
515.854	12.28
516.052	11.2
516.249	12.17
516.446	12.55
516.643	12.56
516.84	12.28
517.038	12.51
517.235	12.06
517.432	12.84
517.629	12.5
517.826	12.13
518.023	12.36
518.221	13.2
518.418	13.33
518.615	12.5
518.812	12.51
519.009	12.26
519.206	12.51
519.403	12.39
519.6	12.84
519.797	12.53
519.994	12.19
520.191	12.73
520.388	12.93
520.585	12.59
520.782	12.97
520.978	12.51
521.175	12.48
521.372	12.74
521.569	12.73
521.766	12.73
521.963	13.03
522.159	12.98
522.356	12.99
522.553	12.98
522.75	12.33
522.947	12.97
523.143	12.75
523.34	13
523.537	13
523.733	12.73
523.93	13.11
524.127	13.12
524.323	12.87
524.52	12.52
524.717	13.09
524.913	13.36
525.11	13.21
525.306	13.57
525.503	13.45
525.7	13.5
525.896	12.97
526.093	13.49
526.289	13.54
526.486	13.24
526.682	13.47
526.878	12.97
527.075	13.2
527.271	13.31
527.468	13.46
527.664	13.44
527.861	13.37
528.057	12.97
528.253	13.38
528.45	13.31
528.646	13.74
528.842	13.87
529.039	13.44
529.235	14.14
529.431	13.05
529.627	13.54
529.824	13.15
530.02	13.57
530.216	13.53
530.412	13.89
530.608	13.44
530.804	13.75
531.001	13.78
531.197	14.02
531.393	13.6
531.589	13.64
531.785	13.51
531.981	13.5
532.177	14.02
532.373	13.59
532.569	13.64
532.765	13.4
532.961	13.39
533.157	13.2
533.353	13.62
533.549	13.55
533.745	13.92
533.941	14
534.137	13.64
534.333	13.47
534.529	13.71
534.725	13.59
534.92	13.7
535.116	13.59
535.312	13.62
535.508	14.24
535.704	13.44
535.899	13.57
536.095	13.52
536.291	13.52
536.487	13.02
536.682	14.02
536.878	14.08
537.074	13.77
537.269	13.6
537.465	13.8
537.661	14.18
537.856	14.17
538.052	13.85
538.248	14.08
538.443	14.31
538.639	14.11
538.834	13.87
539.03	13.93
539.225	13.94
539.421	14.21
539.616	13.92
539.812	14.56
540.007	14.48
540.203	14.35
540.398	14.63
540.593	14.32
540.789	14.58
540.984	13.79
541.18	13.92
541.375	14.04
541.57	14.42
541.766	14.53
541.961	14.45
542.156	14.34
542.352	14.4
542.547	14.47
542.742	14.05
542.937	14.47
543.133	14.76
543.328	14.87
543.523	14.39
543.718	14.31
543.913	14.68
544.108	14.73
544.304	14.69
544.499	14.81
544.694	14.49
544.889	14.62
545.084	14.86
545.279	14.6
545.474	14.76
545.669	14.68
545.864	14.27
546.059	14.05
546.254	14.83
546.449	14.64
546.644	14.55
546.839	15.27
547.034	14.34
547.229	14.92
547.424	15.13
547.618	14.79
547.813	14.7
548.008	14.71
548.203	15.49
548.398	15.1
548.593	15.14
548.787	14.87
548.982	14.48
549.177	15
549.372	15.03
549.566	14.93
549.761	14.82
549.956	14.76
550.15	14.84
550.345	15.01
550.54	15.05
550.734	15.25
550.929	15.01
551.124	14.82
551.318	14.73
551.513	14.97
551.707	15.16
551.902	15.54
552.096	15.81
552.291	15.29
552.485	15.04
552.68	15.32
552.874	15.44
553.069	15.53
553.263	15.53
553.458	15.5
553.652	15.7
553.847	15.14
554.041	15.53
554.235	15.31
554.43	15.41
554.624	15.52
554.818	15.46
555.013	15.64
555.207	15.5
555.401	15.65
555.595	15.73
555.79	15.32
555.984	15.78
556.178	15.36
556.372	16.13
556.566	15.74
556.761	15.78
556.955	15.9
557.149	15.64
557.343	16.04
557.537	16.25
557.731	15.62
557.925	15.74
558.119	15.98
558.313	15.96
558.507	15.72
558.701	16.11
558.895	16.39
559.089	16.06
559.283	16
559.477	16.37
559.671	16.25
559.865	15.69
560.059	16.07
560.253	15.76
560.447	16.14
560.641	16.41
560.835	16.3
561.028	16.51
561.222	16.4
561.416	16.22
561.61	16.06
561.804	16.18
561.997	16.01
562.191	16.18
562.385	16.41
562.579	16.08
562.772	16.77
562.966	16.25
563.16	16.28
563.353	16.48
563.547	16.12
563.741	16.74
563.934	16.6
564.128	16.45
564.321	16.28
564.515	16.71
564.708	16.69
564.902	16.12
565.095	16.66
565.289	16.86
565.482	16.99
565.676	16.65
565.869	16.7
566.063	16.56
566.256	16.91
566.45	16.61
566.643	16.63
566.836	16.88
567.03	16.94
567.223	16.91
567.416	16.95
567.61	17.1
567.803	16.63
567.996	16.94
568.19	16.48
568.383	16.98
568.576	16.8
568.769	17.09
568.963	16.91
569.156	16.49
569.349	17.44
569.542	16.76
569.735	16.42
569.928	16.83
570.121	17.33
570.315	17.54
570.508	16.65
570.701	17.38
570.894	17.04
571.087	17.32
571.28	17.35
571.473	17.57
571.666	17.17
571.859	17.17
572.052	17.24
572.245	17.68
572.438	17.22
572.631	17.56
572.824	17.26
573.016	17.55
573.209	17.26
573.402	17.13
573.595	17.66
573.788	17.9
573.981	17.56
574.173	17.81
574.366	17.55
574.559	17.61
574.752	17.07
574.944	17.68
575.137	17.4
575.33	17.54
575.523	17.76
575.715	17.86
575.908	17.42
576.101	17.32
576.293	17.81
576.486	16.78
576.678	17.48
576.871	17.68
577.063	18.12
577.256	17.9
577.449	17.76
577.641	17.48
577.834	17.43
578.026	17.81
578.219	17.49
578.411	17.79
578.603	17.76
578.796	17.93
578.988	17.73
579.181	17.54
579.373	18.32
579.565	18.15
579.758	17.68
579.95	17.51
580.142	17.67
580.335	17.65
580.527	17.99
580.719	18.25
580.912	17.81
581.104	18.16
581.296	18.06
581.488	19.02
581.68	18.11
581.873	18.49
582.065	18.17
582.257	18.17
582.449	18.26
582.641	17.64
582.833	17.73
583.025	18.04
583.217	18.39
583.41	18.65
583.602	18.28
583.794	18.47
583.986	18.57
584.178	18.5
584.37	18.75
584.562	18.2
584.753	18.65
584.945	18.22
585.137	18.75
585.329	18.25
585.521	18.79
585.713	18.25
585.905	18.5
586.097	18.84
586.289	18.62
586.48	18.8
586.672	18.69
586.864	18.82
587.056	18.54
587.247	18.34
587.439	18.75
587.631	17.98
587.823	19.16
588.014	18.91
588.206	19.28
588.398	18.98
588.589	18.87
588.781	18.68
588.972	18.94
589.164	18.57
589.356	19.17
589.547	19.22
589.739	18.55
589.93	19.07
590.122	19.42
590.313	18.8
590.505	18.9
590.696	19.08
590.888	19.1
591.079	19.46
591.271	19.11
591.462	19.22
591.653	19.27
591.845	19.43
592.036	19.45
592.227	18.99
592.419	19.12
592.61	18.78
592.801	19.48
592.993	19.21
593.184	19.2
593.375	19.33
593.566	18.82
593.758	19.51
593.949	18.96
594.14	19.31
594.331	19.01
594.522	19.62
594.713	19.58
594.905	19.81
595.096	19.46
595.287	20.26
595.478	20.12
595.669	19.73
595.86	19.27
596.051	19.87
596.242	19.98
596.433	19.86
596.624	20.01
596.815	19.84
597.006	19.51
597.197	19.89
597.388	20.02
597.579	19.52
597.77	20.02
597.96	19.7
598.151	19.9
598.342	20.42
598.533	20.23
598.724	20.97
598.915	20.65
599.105	19.82
599.296	20.15
599.487	20.2
599.678	20.78
599.868	20.55
600.059	20.96
600.25	20.61
600.44	20.28
600.631	20.58
600.822	20.65
601.012	20.56
601.203	20.89
601.394	20.63
601.584	20.54
601.775	20.69
601.965	20.89
602.156	20.11
602.346	20.51
602.537	20.64
602.727	20.73
602.918	20.94
603.108	20.79
603.299	20.58
603.489	21.49
603.679	20.39
603.87	20.72
604.06	21.01
604.251	20.53
604.441	20.8
604.631	20.49
604.822	20.53
605.012	21.03
605.202	21.22
605.392	20.58
605.583	21.23
605.773	20.75
605.963	21.23
606.153	21.21
606.344	21.37
606.534	21.35
606.724	22.36
606.914	21.23
607.104	21.95
607.294	21.45
607.484	21.14
607.674	21.49
607.864	21.35
608.054	21.22
608.245	21.17
608.435	21.83
608.625	21.4
608.814	20.94
609.004	21.05
609.194	21.77
609.384	21.68
609.574	21.92
609.764	21.28
609.954	21.5
610.144	21.99
610.334	21.89
610.524	21.57
610.713	22.36
610.903	21.8
611.093	22.1
611.283	22.47
611.473	21.89
611.662	21.77
611.852	22.32
612.042	21.66
612.231	22.33
612.421	21.82
612.611	21.38
612.8	22.16
612.99	22.45
613.18	21.51
613.369	22.1
613.559	22.52
613.748	22.16
613.938	22.31
614.128	22.1
614.317	22.55
614.507	22.59
614.696	22.63
614.886	22.78
615.075	22.73
615.264	22.47
615.454	22.44
615.643	22.61
615.833	22.79
616.022	22.69
616.211	23.75
616.401	22.1
616.59	23.65
616.779	22.88
616.969	23.02
617.158	22.35
617.347	22.95
617.537	23.26
617.726	22.36
617.915	22.73
618.104	22.01
618.293	23.41
618.483	22.38
618.672	23.76
618.861	23.48
619.05	23.6
619.239	22.83
619.428	23.55
619.617	23.4
619.806	22.99
619.995	23.39
620.184	22.98
620.373	22.13
620.562	23.37
620.751	22.85
620.94	22.6
621.129	23.54
621.318	22.87
621.507	23.33
621.696	23.75
621.885	23.41
622.074	23.6
622.263	23.44
622.452	24.02
622.64	22.81
622.829	23.18
623.018	23.09
623.207	24.52
623.396	23.23
623.584	23.83
623.773	24.59
623.962	23.29
624.15	23.72
624.339	24
624.528	23.81
624.716	23.98
624.905	23.43
625.094	23.77
625.282	23.59
625.471	23.91
625.659	23.35
625.848	24.06
626.037	23.49
626.225	24.77
626.414	23.62
626.602	23.91
626.791	23.84
626.979	24.69
627.167	23.48
627.356	23.11
627.544	24.66
627.733	24.36
627.921	24.46
628.109	25.11
628.298	24.41
628.486	23.24
628.674	23.96
628.863	24.62
629.051	24.59
629.239	24.75
629.428	24.27
629.616	25.33
629.804	25.34
629.992	24.26
630.18	24.94
630.369	24.89
630.557	23.97
630.745	24.42
630.933	25.11
631.121	25.2
631.309	24.37
631.497	24.98
631.685	24.48
631.873	24
632.061	24.28
632.249	25.13
632.437	25.39
632.625	24.45
632.813	25.35
633.001	25.34
633.189	25.6
633.377	23.92
633.565	24.54
633.753	23.74
633.941	25.31
634.129	24.88
634.316	24.71
634.504	24.97
634.692	24.32
634.88	24.53
635.068	24.35
635.255	25.05
635.443	25.28
635.631	25.06
635.818	25.94
636.006	24.92
636.194	24.67
636.382	24.83
636.569	25.46
636.757	26.22
636.944	25.08
637.132	26
637.32	25.56
637.507	25.84
637.695	25.51
637.882	24.89
638.07	25.68
638.257	25.74
638.445	24.3
638.632	24.43
638.82	25.01
639.007	25.47
639.194	24.25
639.382	25.51
639.569	26.09
639.757	26.28
639.944	25.65
640.131	25.81
640.319	25.95
640.506	24.69
640.693	26.26
640.88	25.59
641.068	25.76
641.255	24.63
641.442	25.98
641.629	25.83
641.817	26.2
642.004	24.56
642.191	26.66
642.378	26.02
642.565	25.43
642.752	26.95
642.939	24.7
643.126	25.8
643.313	26.42
643.501	26.39
643.688	26.64
643.875	25.47
644.062	27.03
644.249	25.82
644.435	25.06
644.622	25.44
644.809	26.09
644.996	25.54
645.183	25.38
645.37	27.24
645.557	27.51
645.744	25.86
645.931	25.86
646.117	25.24
646.304	26.1
646.491	26.44
646.678	26.79
646.865	27.28
647.051	25.71
647.238	26.5
647.425	25.33
647.611	26.75
647.798	27.24
647.985	25.36
648.171	26.74
648.358	24.44
648.545	27.26
648.731	24.79
648.918	26.74
649.104	26.3
649.291	25.89
649.477	25.03
649.664	26.34
649.85	28.51
650.037	27.68
650.223	25.8
650.41	27.73
650.596	24.71
650.783	27.48
650.969	27.21
651.155	26.49
651.342	27.42
651.528	25.97
651.714	25.63
651.901	27.92
652.087	27.12
652.273	25.52
652.46	26.12
652.646	28.65
652.832	26.45
653.018	25.6
653.204	27.93
653.391	26.68
653.577	27.49
653.763	27.15
653.949	27.58
654.135	27.36
654.321	25.4
654.507	26.84
654.693	25.97
654.879	27.67
655.065	26.05
655.252	26.24
655.438	27.71
655.624	27.98
655.809	26.03
655.995	26.28
656.181	28.19
656.367	27.81
656.553	26.78
656.739	28.08
656.925	28.16
657.111	27.21
657.297	27.41
657.482	26.73
657.668	27.74
657.854	28.69
658.04	28.18
658.226	27.27
658.411	28.38
658.597	29.03
658.783	26.18
658.968	26.49
659.154	27.52
659.34	27.47
659.525	27.09
659.711	26.96
659.897	27.65
660.082	25.91
660.268	27.46
660.453	27.71
660.639	28.52
660.824	27.64
661.01	28.36
661.195	27.19
661.381	27.71
661.566	27.45
661.752	29.29
661.937	26.55
662.123	27.34
662.308	27.69
662.494	29.12
662.679	28.34
662.864	28.63
663.05	27.02
663.235	28.66
663.42	26.32
663.605	27.15
663.791	29.26
663.976	26.42
664.161	27.99
664.346	28.39
664.532	27.55
664.717	28.28
664.902	27.9
665.087	30.69
665.272	28.56
665.457	25.63
665.642	27.63
665.828	28.59
666.013	27.47
666.198	25.72
666.383	29.41
666.568	27.3
666.753	30.68
666.938	29.34
667.123	29.62
667.308	27.79
667.493	27.34
667.677	26.84
667.862	28
668.047	26.81
668.232	29.74
668.417	29.88
668.602	25.99
668.787	29.5
668.971	29.42
669.156	29.79
669.341	28.02
669.526	28.56
669.711	28.57
669.895	30.18
670.08	29.44
670.265	28.48
670.449	27.43
670.634	30.51
670.819	29.49
671.003	27.99
671.188	27.66
671.372	28.69
671.557	27.44
671.742	28.86
671.926	28.71
672.111	28.13
672.295	30.46
672.48	27.63
672.664	27.61
672.849	26.9
673.033	29.87
673.217	30.62
673.402	25.88
673.586	27.81
673.771	27.25
673.955	27.55
674.139	30.02
674.324	30.36
674.508	28.74
674.692	27.51
674.876	29.37
675.061	30.99
675.245	33.35
675.429	28.37
675.613	28.59
675.798	32.62
675.982	30.25
676.166	28.65
676.35	29.51
676.534	32.31
676.718	27.81
676.902	33.16
677.087	28.07
677.271	30.01
677.455	31.08
677.639	26.97
677.823	33.17
678.007	30.4
678.191	30.96
678.375	29.62
678.559	32.4
678.742	31.15
678.926	33.93
679.11	31.96
679.294	33.72
679.478	26.38
679.662	31.21
679.846	30.01
680.029	30.16
680.213	31.23
680.397	31.01
680.581	29.33
680.765	32.46
680.948	30.7
681.132	32.44
681.316	31.64
681.499	31.74
681.683	33.51
681.867	31.96
682.05	33.59
682.234	31.33
682.417	34.75
682.601	33.95
682.785	33.34
682.968	28.32
683.152	32.61
683.335	29.89
683.519	31.7
683.702	32.36
683.886	32.68
684.069	33.05
684.253	33.72
684.436	33.93
684.619	31.16
684.803	31.78
684.986	32.53
685.169	33.08
685.353	32.21
685.536	31.43
685.719	32.9
685.903	36.72
686.086	30.71
686.269	37.88
686.452	30.68
686.636	34.34
686.819	34.68
687.002	34.15
687.185	38.32
687.368	32.93
687.551	32.21
687.734	36.14
687.918	35.15
688.101	32.83
688.284	33.89
688.467	34.63
688.65	36.28
688.833	34.24
689.016	31.07
689.199	34.91
689.382	34.14
689.565	33.16
689.748	33.26
689.93	33.75
690.113	31.67
690.296	34.31
690.479	35.06
690.662	30.7
690.845	29.96
691.028	30.05
691.21	29.61
691.393	34.28
691.576	33.7
691.759	32.69
691.941	34.75
692.124	35.76
692.307	33.37
692.489	31.48
692.672	32.94
692.855	38.46
693.037	35.85
693.22	35.2
693.403	32.43
693.585	36.48
693.768	37.04
693.95	32.37
694.133	36.47
694.315	33.03
694.498	36.97
694.68	33.09
694.863	37.37
695.045	32.35
695.228	31.94
695.41	37.45
695.592	38.78
695.775	35.22
695.957	36.33
696.139	32.15
696.322	33.84
696.504	38.46
696.686	28.59
696.869	31.89
697.051	35.73
697.233	36.83
697.415	39.19
697.597	32.13
697.78	38.17
697.962	32.9
698.144	35.28
698.326	29.75
698.508	34.76
698.69	28.16
698.872	36.93
699.055	34.75
699.237	34.54
699.419	33.5
699.601	33.06
699.783	40.58
699.965	36.81
700.147	34.21
700.329	38.7
700.51	36.55
700.692	38.06
700.874	31.79
701.056	34.98
701.238	36.27
701.42	36.91
701.602	43.51
701.783	39.98
701.965	37.4
702.147	37.46
702.329	37.27
702.511	36.19
702.692	35.68
702.874	35.72
703.056	28.61
703.237	37.34
703.419	36.27
703.601	41.04
703.782	36.88
703.964	36.8
704.146	42.87
704.327	34.24
704.509	41.77
704.69	33.88
704.872	38.28
705.053	31.57
705.235	42.07
705.416	29.91
705.598	41.83
705.779	32.85
705.961	30.91
706.142	32.82
706.323	36.17
706.505	34.6
706.686	32.65
706.867	36.23
707.049	30.34
707.23	34.1
707.411	42.05
707.593	38.51
707.774	34.43
707.955	37.22
708.136	28.94
708.318	30.58
708.499	43.96
708.68	35.24
708.861	40.93
709.042	36.19
709.223	41.02
709.404	38.23
709.585	37.78
709.767	34.16
709.948	33.13
710.129	31.72
710.31	27.84
710.491	26.23
710.672	26.3
710.853	33.95
711.034	34.9
711.214	31.07
711.395	40.01
711.576	36.55
711.757	33.84
711.938	31.12
712.119	33.98
712.3	34.64
712.481	26.35
712.661	33.12
712.842	23.81
713.023	36.03
713.204	27.82
713.384	36.1
713.565	41
713.746	41.07
713.926	29.13
714.107	31.95
714.288	24.07
714.468	29.4
714.649	40.76
714.83	33.53
715.01	34.8
715.191	34.06
715.371	28.79
715.552	26
715.732	38.79
715.913	45.91
716.093	30.2
716.274	32.49
716.454	37.94
716.635	29.95
716.815	33.35
716.995	28.33
717.176	30.07
717.356	25.62
717.536	50.33
717.717	36.5
717.897	24.9
718.077	25.15
718.258	45.82
718.438	40.02
718.618	42.46
718.798	34.87
718.978	38.67
719.159	36.22
719.339	56.99
719.519	33.27
719.699	44.04
719.879	27.23
720.059	40.02
720.239	37.38
720.419	41.57
720.599	41.06
720.779	49.45
720.959	33.6
721.139	29.44
721.319	44.64
721.499	36.05
721.679	34.32
721.859	32.84
722.039	34.89
722.219	35.53
722.399	35.88
722.579	38.95
722.759	20.83
722.938	36.81
723.118	26.25
723.298	23.95
723.478	19.51
723.658	39.9
723.837	31.26
724.017	36.63
724.197	22.95
724.376	36.88
724.556	28.54
724.736	26.38
724.915	40.31
725.095	51.44
725.275	43.97
725.454	43.72
725.634	31.1
725.813	50.43
725.993	40.85
726.172	46.83
726.352	41.01
726.531	35.65
726.711	41.7
726.89	38.83
727.07	47.4
727.249	51.46
727.428	40.46
727.608	27.34
727.787	28.77
727.966	25.88
728.146	24.3
728.325	41.7
728.504	20.63
728.684	20.8
728.863	29.28
729.042	25.8
729.221	17.64
729.4	40.27
729.58	32.73
729.759	41.73
729.938	29.24
730.117	63.32
730.296	37.98
730.475	43.76
730.654	35.82
730.833	33.36
731.013	32.17
731.192	28.72
731.371	18.41
731.55	53.4
731.729	30.13
731.907	46.93
732.086	32.69
732.265	28.93
732.444	37.85
732.623	36.85
732.802	44.75
732.981	21.46
733.16	33.65
733.339	17.02
733.517	43.82
733.696	48.99
733.875	58.87
734.054	44.88
734.232	41.6
734.411	63.46
734.59	21.77
734.768	25.91
734.947	42.28
735.126	-1.63
735.304	14.21
735.483	53.28
735.662	48.45
735.84	29.13
736.019	40.79
736.197	7.56
736.376	40.25
736.554	52.83
736.733	44.9
736.911	36.95
737.09	31.6
737.268	36.31
737.447	53.49
737.625	33.94
737.803	19.74
737.982	48.93
738.16	31.2
738.338	49.84
738.517	20.75
738.695	40.91
738.873	13.21
739.052	42.48
739.23	11.59
739.408	24.25
739.586	42.59
739.764	28.66
739.943	25.01
740.121	31.3
740.299	27.79
740.477	50.47
740.655	74.45
740.833	48.75
741.011	60.63
741.189	52.48
741.367	63.5
741.545	27.73
741.723	19.15
741.901	25.02
742.079	28.69
742.257	27.94
742.435	39.06
742.613	32.41
742.791	56.3
742.969	29.4
743.147	27.44
743.325	21.43
743.503	14.43
743.68	40.43
743.858	30.62
744.036	34.08
744.214	25.53
744.391	20.16
744.569	24.39
744.747	48.4
744.925	61.89
745.102	48.41
745.28	36.23
745.458	63.77
745.635	49.31
745.813	68.45
745.99	41.93
746.168	44.07
746.345	59.4
746.523	22.37
746.7	46.76
746.878	31.49
747.055	31.19
747.233	59.03
747.41	56.54
747.588	42.48
747.765	73.31
747.943	39.16
748.12	6.51
748.297	24.55
748.475	47.84
748.652	34.17
748.829	53.29
749.007	22.29
749.184	36.6
749.361	64.42
749.538	43.83
749.716	59.85
749.893	7.16
750.07	33.2
750.247	54.89
750.424	31.05
750.601	50.54
750.778	33.09
750.956	34.04
751.133	12.39
751.31	49.79
751.487	39.46
751.664	10.64
751.841	3.12
752.018	46.33
752.195	26.88
752.372	46.27
752.549	-4.83
752.726	44.59
752.902	88.27
753.079	41.97
753.256	28.94
753.433	41.16
753.61	38.35
753.787	33.77
753.964	33.66
754.14	22.14
754.317	76.4
754.494	22.56
754.671	47.02
754.847	63.95
755.024	29.44
755.201	27.3
755.377	31.11
755.554	53.26
755.73	45.63
755.907	22.23
756.084	50.15
756.26	41.12
756.437	42.26
756.613	33.09
756.79	53.26
756.966	21.58
757.143	54.5
757.319	27.54
757.496	73.78
757.672	57.28
757.849	62.96
758.025	41.26
758.201	68.67
758.378	61.32
758.554	14.15
758.73	32.25
758.907	37.7
759.083	37.91
759.259	43.11
759.435	19.26
759.612	67.27
759.788	58.7
759.964	4.66
760.14	59.21
760.316	16.95
760.493	37.77
760.669	104.68
760.845	32.39
761.021	13.44
761.197	14.05
761.373	68.84
761.549	19.16
761.725	-42.1
761.901	34.97
762.077	58.38
762.253	-13.24
762.429	88.33
762.605	7.59
762.781	7.83
762.957	35.81
763.133	35.96
763.308	44.73
763.484	-5.16
763.66	102.2
763.836	57.16
764.012	35.2
764.187	23.86
764.363	86.07
764.539	40.08
764.715	35.76
764.89	-10.99
765.066	52.37
765.242	15.25
765.417	52.18
765.593	19.51
765.769	91.97
765.944	25.02
766.12	90.84
766.295	35.48
766.471	42.69
766.646	64.67
766.822	64.22
766.997	-5.7
767.173	26.7
767.348	14.25
767.524	-14.46
767.699	6.97
767.875	44.34
768.05	18.17
768.225	20.69
768.401	25.85
768.576	77.81
768.751	62.39
768.927	57.89
769.102	90.95
769.277	72.78
769.452	89.83
769.628	3.33
769.803	54
769.978	-2.67
770.153	-106.32
770.328	74.65
770.503	57.95
770.679	55.11
770.854	45.01
771.029	55.99
771.204	-111.92
771.379	3.81
771.554	74.49
771.729	14.89
771.904	36.31
772.079	90.16
772.254	59.63
772.429	130.12
772.604	15.71
772.779	80.89
772.953	71.32
773.128	52.32
773.303	11.07
773.478	60.47
773.653	65.23
773.828	26.39
774.002	169.75
774.177	80.07
774.352	82.61
774.527	3.06
774.701	39.89
774.876	112.51
775.051	-64.71
775.225	-28.19
775.4	40.37
775.575	52.61
775.749	-56.26
775.924	63.64
776.098	20.46
776.273	14.67
776.447	18.08
776.622	-14.92
776.796	44.2
776.971	-46.02
777.145	42.98
777.32	48.9
777.494	80.28
777.669	44.68
777.843	-78.5
778.017	32.79
778.192	9.82
778.366	52.98
778.54	53.69
778.715	103.59
778.889	74.19
779.063	54.51
779.237	28.44
779.412	57.81
779.586	-53.85
779.76	-66.79
779.934	1.25
780.108	84.8
780.282	-664.18
780.457	71.51
780.631	-66.76
780.805	-21.33
780.979	177.61
781.153	5.88
781.327	94.02
781.501	50.22
781.675	-56.27
781.849	-5.95
782.023	109.94
782.197	-25.34
782.371	-226.86
782.545	95.09
782.718	-97.88
782.892	47.05
783.066	36.47
783.24	223.08
783.414	7.81
783.588	145.17
783.761	-8.87
783.935	46.24
784.109	102.69
784.283	61.74
784.456	124.64
784.63	116.89
784.804	70.3
784.977	54.69
785.151	-31.59
785.324	-29.16
785.498	117.89
785.672	13.67
785.845	83.98
786.019	130.33
786.192	-64.24
786.366	57.39
786.539	146.1
786.713	45.5
786.886	41.48
787.06	115.71
787.233	-16.63
787.406	58.96
787.58	12.63
787.753	-3.13
787.926	-39.78
788.1	109.82
788.273	-858.49
788.446	12.92
788.62	-2093.55
788.793	21.44
788.966	118.97
789.139	87.61
789.313	182.83
789.486	-2071.43
789.659	33.71
789.832	68.21
790.005	36.18
790.178	415.04
790.351	91.96
790.524	44.41
790.697	66.43
790.87	-163.96
791.044	805.45
791.216	76.18
791.389	-77.54
791.562	45.11
791.735	-335.44
791.908	79.22
792.081	122.17
792.254	249.45
792.427	169.89
792.6	76.68
792.773	45.33
792.945	-55.22
793.118	35.48
793.291	196.7
793.464	-143.4
793.637	28.83
793.809	-40.12
793.982	69.84
794.155	140.92
794.327	92.29
794.5	-349.23
794.673	87.04
794.845	42.41
795.018	43.15
795.19	486.52
795.363	60.59
795.536	37.03
795.708	-1087.1
795.881	-1660
796.053	40.21
796.226	232.57
796.398	200.77
796.57	77.54
796.743	-77.26
796.915	-1.95
797.088	77.33
797.26	-227.56
797.432	196.2
797.605	82.89
797.777	-403.9
797.949	133.98
798.122	44.93
798.294	187.89
798.466	-34.86
798.638	157.68
798.81	145.07
798.983	-411.39
799.155	40.83
799.327	28.67
799.499	32.39
799.671	59.01
799.843	58.51
800.015	-4.28
800.187	39.73
800.359	130.16
800.531	61.71
800.703	13.81
800.875	53.17
801.047	46.61
801.219	135.49
801.391	-154.55
801.563	-95.68
801.735	19.22
801.907	146.63
802.079	30.6
802.251	-172.53
802.422	348.82
802.594	422.08
802.766	7.56
802.938	134.08
803.11	-9.39
803.281	-88.08
803.453	62.75
803.625	50.72
803.796	34.08
803.968	58
804.14	-7.79
804.311	44.43
804.483	231.53
804.654	83.83
804.826	214.11
804.998	95.72
805.169	-74.52
805.341	279.2
805.512	-81.37
805.684	100.82
805.855	163.12
806.026	389.23
806.198	117.18
806.369	31.21
806.541	68.67
806.712	147.94
806.883	65.12
807.055	123.18
807.226	-172.83
807.397	-383.52
807.569	-9.73
807.74	88.62
807.911	78.78
808.082	-91.93
808.253	-94.06
808.425	75.99
808.596	338.2
808.767	301.44
808.938	141.97
809.109	250.5
809.28	-63.03
809.451	4.49
809.622	166.31
809.793	-1358.06
809.964	-188.7
810.135	52.54
810.306	-131.21
810.477	145.64
810.648	24.49
810.819	144.36
810.99	-220
811.161	-26.39
811.332	214.59
811.503	40.17
811.674	629.23
811.844	-496.92
812.015	142.22
812.186	323.31
812.357	77.68
812.527	32.92
812.698	-61.64
812.869	432.08
813.04	7.97
813.21	-37.93
813.381	-186.38
813.551	138.31
813.722	152.06
813.893	40.9
814.063	-86.6
814.234	-154.55
814.404	152.7
814.575	85.08
814.745	-211.5
814.916	67.08
815.086	73.05
815.257	-118.83
815.427	257.06
815.598	54.73
815.768	46.08
815.938	89.5
816.109	208.5
816.279	-23.14
816.449	162.84
816.62	-1457.89
816.79	126.64
816.96	-1220.75
817.13	-7.36
817.301	-407.61
817.471	6.12
817.641	80.37
817.811	44.53
817.981	-7385.71
818.152	-23.22
818.322	-224.75
818.492	55.69
818.662	75.97
818.832	31.02
819.002	-6.62
819.172	85.77
819.342	132.37
819.512	-2.11
819.682	93.03
819.852	-41.68
820.022	7.76
820.192	122.47
820.362	-34.81
820.531	42.67
820.701	-7.29
820.871	-65.42
821.041	11.31
821.211	-36.66
821.381	119.95
821.55	229.36
821.72	-420.93
821.89	776.92
822.059	57.11
822.229	73.13
822.399	263.23
822.568	161.44
822.738	-992.68
822.908	301.23
823.077	-137.64
823.247	41.13
823.416	-700
823.586	-160.96
823.756	23.38
823.925	-16.46
824.095	695.35
824.264	-124.22
824.433	-423.89
824.603	96.18
824.772	117.44
824.942	-107.59
825.111	-78.89
825.28	-29.19
825.45	61.74
825.619	82.61
825.788	41.57
825.958	-4.78
826.127	44.83
826.296	230.29
826.465	87.76
826.635	32.33
826.804	-3.54
826.973	79.34
827.142	81.28
827.311	40.94
827.48	148.84
827.649	127.59
827.818	140.94
827.988	471.2
828.157	-60.5
828.326	-37.93
828.495	-13.31
828.664	121.79
828.833	25.09
829.002	-260.25
829.17	129.53
829.339	41.71
829.508	242.51
829.677	365.17
829.846	79.76
830.015	118.03
830.184	-50.74
830.352	-15.96
830.521	7.91
830.69	-231.71
830.859	2547.06
831.027	1068.42
831.196	-44.24
831.365	-77.93
831.533	64.72
831.702	-209.31
831.871	112.53
832.039	132.65
832.208	-167.83
832.377	405.51
832.545	-9
832.714	64.58
832.882	32.59
833.051	141.65
833.219	5814.29
833.388	-35.32
833.556	-84.26
833.724	135.34
833.893	67.13
834.061	-194.74
834.23	-20.68
834.398	152.51
834.566	453.25
834.735	9757.14
834.903	839.62
835.071	-460
835.239	-160.98
835.408	181.46
835.576	-197.67
835.744	-0.26
835.912	90.74
836.08	65.59
836.249	454.72
836.417	-96.79
836.585	293.35
836.753	58.58
836.921	7.03
837.089	-1728.57
837.257	-1034.88
837.425	-138.3
837.593	-50.62
837.761	-5.85
837.929	-23.78
838.097	51.15
838.265	-2.33
838.433	-27.21
838.601	219.89
838.769	272.15
838.936	473.03
839.104	38.96
839.272	120.76
839.44	123.02
839.608	-612.2
839.775	29.64
839.943	84.51
840.111	152.34
840.279	60.98
840.446	-91.04
840.614	-544.16
840.781	312.17
840.949	88.98
841.117	92.76
841.284	-9.87
841.452	-44.1
841.619	90.02
841.787	17.34
841.954	1560.47
842.122	-110.4
842.289	69.81
842.457	-54.11
842.624	150.11
842.792	-16.79
842.959	74.86
843.126	80.85
843.294	-50.76
843.461	64.95
843.629	-402.4
843.796	108.64
843.963	-135.02
844.13	16.62
844.298	83.01
844.465	34.69
844.632	-59.01
844.799	102.01
844.966	-36.17
845.134	53.05
845.301	6.34
845.468	-40.4
845.635	190.46
845.802	14.89
845.969	45.78
846.136	40.68
846.303	-5.26
846.47	71.77
846.637	-589.23
846.804	-5.26
846.971	-58.69
847.138	157.14
847.305	-73.45
847.472	3.95
847.639	117.8
847.805	13
847.972	390.91
848.139	-71.67
848.306	2900
848.473	858.21
848.639	36.13
848.806	0.8
848.973	233.84
849.14	64.67
849.306	-167.26
849.473	-32.45
849.64	-681.54
849.806	-143.06
849.973	156.22
850.139	23.18
850.306	54.76
850.472	128.04
850.639	67.21
850.806	2584.21
850.972	145.22
851.139	-1900
851.305	-14.7
851.471	-59.43
851.638	-22.7
851.804	88.06
851.971	-34.81
852.137	73.9
852.303	127.23
852.47	47.39
852.636	-51.2
852.802	74.8
852.968	9.79
853.135	-188.32
853.301	146.24
853.467	43.61
853.633	100.72
853.8	87.68
853.966	-84.77
854.132	1357.14
854.298	-113.14
854.464	405.62
854.63	60.34
854.796	272.2
854.962	197.84
855.128	69.59
855.294	27.42
855.46	-136.95
855.626	-0.25
855.792	-111.58
855.958	10.68
856.124	168.71
856.29	47.02
856.456	41.86
856.622	40.43
856.787	79.22
856.953	-18.7
857.119	119.8
857.285	-63.03
857.45	37.81
857.616	80.46
857.782	-61.64
857.948	236.68
858.113	-69.28
858.279	18.78
858.445	481.1
858.61	1002.33
858.776	106.48
858.941	-224.75
859.107	65.93
859.273	79.29
859.438	70.48
859.604	-573.68
859.769	490.55
859.935	179.21
860.1	95.71
860.265	5.27
860.431	258.27
860.596	1871.43
860.762	157.14
860.927	30.88
861.092	34.29
861.258	-57.51
861.423	83.01
861.588	139.7
861.753	-1042.86
861.919	409.43
862.084	84.25
862.249	260
862.414	82.25
862.579	67.51
862.745	74.43
862.91	30.63
863.075	124.76
863.24	106.29
863.405	-30.65
863.57	70.03
863.735	14.89
863.9	-540.71
864.065	-26.24
864.23	246.7
864.395	43.06
864.56	43.2
864.725	-183.54
864.89	634.83
865.055	18.22
865.22	-40.61
865.384	82.02
865.549	243.69
865.714	-115.46
865.879	-74.43
866.044	82.95
866.208	98.01
866.373	-409.89
866.538	61.59
866.702	-7.54
866.867	17.05
867.032	20
867.196	107.4
867.361	-95.2
867.526	-45.92
867.69	-114.79
867.855	170.33
868.019	390.91
868.184	4.59
868.348	135.49
868.513	-777.42
868.677	79.77
868.842	105.65
869.006	13.88
869.17	-903.77
869.335	-700
869.499	-466.99
869.663	86.75
869.828	-102.43
869.992	1644.19
870.156	-7.35
870.321	-48.97
870.485	-154.55
870.649	126.39
870.813	-195.2
870.978	168.09
871.142	-238.46
871.306	-40.28
871.47	351.09
871.634	433.86
871.798	-36.65
871.962	62.64
872.126	-185.71
872.29	-84.02
872.454	-4985.71
872.618	29.19
872.782	141.79
872.946	81.21
873.11	138.19
873.274	-401.73
873.438	-135.29
873.602	-50.92
873.766	219.48
873.93	-39.18
874.094	-79.78
874.257	3.45
874.421	201.73
874.585	609.09
874.749	-24.46
874.912	33.81
875.076	148.64
875.24	47.54
875.403	110.92
875.567	191.43
875.731	162.92
875.894	-102.45
876.058	-51.2
876.222	149.44
876.385	23.62
876.549	80.29
876.712	281.82
876.876	-14.98
877.039	13.51
877.203	22.25
877.366	-78.99
877.529	-38.52
877.693	-21.84
877.856	112.05
878.02	123
878.183	10.97
878.346	-341.56
878.51	149.56
878.673	-302.88
878.836	-132.18
878.999	693.55
879.163	176.81
879.326	-40.15
879.489	16.08
879.652	78.44
879.815	38.46
879.978	29.8
880.142	-15.44
880.305	82.61
880.468	74.94
880.631	83.02
880.794	104.34
880.957	792.68
881.12	500
881.283	-140.36
881.446	30.53
881.609	344.6
881.772	113.03
881.935	-911.76
882.097	223.79
882.26	-518.87
882.423	-217.59
882.586	207.75
882.749	-59.77
882.912	271.78
883.074	93.76
883.237	26.25
883.4	6.63
883.562	115.01
883.725	-104.8
883.888	112.6
884.05	-8860
884.213	44.42
884.376	39.43
884.538	90.39
884.701	90.39
884.863	90.39
