181.954	228.34
182.172	228.34
182.39	228.34
182.608	3600
182.826	-237.36
183.043	20.43
183.261	39.24
183.479	267.45
183.697	635.29
183.914	281.78
184.132	327.27
184.35	-26.91
184.567	70.99
184.785	361.06
185.003	-12.34
185.22	61.8
185.438	32.25
185.656	217.09
185.873	-221.54
186.091	69.75
186.309	-289.66
186.526	-32.58
186.744	57.67
186.961	-30.07
187.179	238.86
187.396	82.6
187.614	258.46
187.831	-12720
188.049	-51.53
188.266	105.64
188.484	519.4
188.701	372.82
188.919	95.76
189.136	209.48
189.354	-4.63
189.571	-108.06
189.789	82.48
190.006	75.61
190.223	-194.59
190.441	3.05
190.658	342.86
190.876	50.47
191.093	-197.8
191.31	6.71
191.528	33.72
191.745	125.05
191.962	92.48
192.179	27.54
192.397	-43.72
192.614	126.07
192.831	19.13
193.049	22.82
193.266	209.71
193.483	51.4
193.7	203.08
193.917	98.72
194.135	146.76
194.352	18.53
194.569	120.35
194.786	176.24
195.003	-19.67
195.221	57.29
195.438	-12.72
195.655	247.24
195.872	77.29
196.089	109.28
196.306	103.58
196.523	146.71
196.74	215.51
196.957	31.76
197.174	115.74
197.391	11.74
197.608	75.56
197.825	-1354.84
198.042	-13.31
198.259	-1241.38
198.476	178.72
198.693	-240
198.91	-92.7
199.127	232.84
199.344	126.32
199.561	242.77
199.778	38.88
199.995	823.88
200.212	2772.41
200.429	238.86
200.646	151.9
200.862	175.28
201.079	22.4
201.296	190.73
201.513	69.9
201.73	-97.42
201.947	184.62
202.163	-16.83
202.38	6.94
202.597	397.86
202.814	24.41
203.03	-8640
203.247	120.6
203.464	59.66
203.681	-155.84
203.897	183.64
204.114	-249.06
204.331	78.66
204.547	279.07
204.764	162.34
204.981	-3247.06
205.197	250.21
205.414	-38.5
205.63	82.76
205.847	48.24
206.064	87.27
206.28	68.66
206.497	83.37
206.713	115.43
206.93	-153.58
207.146	151.5
207.363	-184.62
207.579	-92.31
207.796	-95.58
208.012	-13.15
208.229	250.75
208.445	78.47
208.662	72.61
208.878	142.55
209.095	211.76
209.311	2.76
209.528	3942.86
209.744	88.03
209.96	71.52
210.177	-69.9
210.393	82.6
210.609	2640
210.826	-29.45
211.042	198.26
211.258	107.46
211.475	-12.83
211.691	14.37
211.907	-501.27
212.124	36.02
212.34	150.86
212.556	56.21
212.772	-105.49
212.989	7.95
213.205	22.14
213.421	36.18
213.637	698.51
213.853	-191.44
214.069	757.89
214.286	202.92
214.502	-179.1
214.718	-94.04
214.934	44.19
215.15	90.49
215.366	61.7
215.582	-84.81
215.798	59.33
216.015	56.07
216.231	337.3
216.447	61.58
216.663	116.13
216.879	-96.48
217.095	16.11
217.311	-22.64
217.527	37.42
217.743	-384.47
217.959	-520.75
218.175	137.67
218.391	310.79
218.606	246.86
218.822	41.74
219.038	-83.42
219.254	37.89
219.47	-32.75
219.686	444.94
219.902	110.11
220.118	-21.82
220.334	62.86
220.549	-5.35
220.765	-49.39
220.981	141.97
221.197	13.41
221.413	-474.73
221.628	394.94
221.844	249.06
222.06	326.21
222.276	16.47
222.491	98.77
222.707	141.64
222.923	-257.72
223.139	43.88
223.354	-86.35
223.57	170.08
223.786	57.26
224.001	106.56
224.217	115.45
224.432	-97.11
224.648	93.3
224.864	190.84
225.079	429.85
225.295	20.84
225.51	-103.78
225.726	-14.41
225.942	203.13
226.157	56.3
226.373	-296.17
226.588	-17.68
226.804	-1389.47
227.019	120.6
227.235	35.82
227.45	115.54
227.665	4320
227.881	-0
228.096	-281.74
228.312	11.91
228.527	76.31
228.743	-41.14
228.958	38.48
229.173	-240
229.389	19.67
229.604	104.97
229.819	130.79
230.035	12.72
230.25	0
230.465	280.85
230.681	-222.8
230.896	56.07
231.111	74.67
231.327	10.56
231.542	-8400
231.757	-0
231.972	46.64
232.187	30.64
232.403	-2021.05
232.618	178.98
232.833	53.5
233.048	872.73
233.263	-22.94
233.478	10.43
233.694	-809.3
233.909	-425.81
234.124	98.87
234.339	-42.27
234.554	703.45
234.769	33.99
234.984	80.72
235.199	9.69
235.414	-254.87
235.629	136.71
235.844	77.28
236.059	62.66
236.274	-29
236.489	-3.76
236.704	192.2
236.919	108.45
237.134	120.67
237.349	73.9
237.564	58.76
237.779	-82.32
237.994	204.26
238.209	171.16
238.424	-110.43
238.639	110.11
238.853	3.66
239.068	126.89
239.283	253.78
239.498	224.8
239.713	59.61
239.928	52.02
240.142	22.97
240.357	-71.93
240.572	16.9
240.787	130.79
241.001	178.72
241.216	18.16
241.431	162.28
241.646	30.58
241.86	-156.05
242.075	-641.86
242.29	60.11
242.504	-2.96
242.719	231.06
242.934	160.63
243.148	19.13
243.363	101.14
243.577	-350.56
243.792	19.43
244.007	97.1
244.221	-202.6
244.436	-107.46
244.65	-29.45
244.865	39.81
245.079	26.91
245.294	-353.96
245.508	5.35
245.723	98.03
245.937	-210.99
246.152	68.99
246.366	78.22
246.581	17.17
246.795	-139.88
247.01	47.49
247.224	51.9
247.438	-22.48
247.653	40.42
247.867	-10.14
248.081	142.92
248.296	-321.95
248.51	123.44
248.724	165.06
248.939	125.37
249.153	-19.59
249.367	102.75
249.582	130.79
249.796	-327.27
250.01	341.72
250.224	48.47
250.439	-13.52
250.653	171.43
250.867	24.7
251.081	-28.44
251.295	11.2
251.51	-86.81
251.724	284.89
251.938	156.13
252.152	-464.23
252.366	180.15
252.58	-567.27
252.794	-0
253.008	317.88
253.223	42.57
253.437	-45.14
253.651	-8.38
253.865	89.48
254.079	29.83
254.293	137.07
254.507	-196.36
254.721	-83.37
254.935	39.56
255.149	78.65
255.363	119.49
255.577	185.23
255.791	174.92
256.005	346.01
256.218	91.75
256.432	0
256.646	179.07
256.86	128.45
257.074	85.58
257.288	-3120
257.502	751.65
257.716	0
257.929	130.51
258.143	67.54
258.357	50.88
258.571	-39.85
258.785	-20.84
258.998	32.33
259.212	88.5
259.426	-48.43
259.64	60.86
259.853	52.66
260.067	134.89
260.281	67.29
260.494	-104.1
260.708	35.64
260.922	34.5
261.135	110.95
261.349	16.13
261.563	130.12
261.776	917.65
261.99	147.11
262.203	24.76
262.417	38.16
262.63	36.61
262.844	-498.88
263.058	235.93
263.271	64.26
263.485	-21.48
263.698	58.72
263.912	-45.96
264.125	-5.05
264.339	255.12
264.552	-7.25
264.765	323.48
264.979	-60.19
265.192	104.63
265.406	-18.14
265.619	165.25
265.832	86.11
266.046	29.16
266.259	44.75
266.473	-232.26
266.686	172.9
266.899	49.2
267.113	1440
267.326	29.68
267.539	122.57
267.752	68.09
267.966	152.64
268.179	17.71
268.392	27.32
268.605	113.39
268.819	136.53
269.032	193.36
269.245	1015.38
269.458	216.97
269.671	-136.71
269.885	127.72
270.098	71.45
270.311	364.56
270.524	64.12
270.737	-104.35
270.95	55.63
271.163	122.83
271.376	1045.16
271.589	-167.09
271.802	45.15
272.016	82.08
272.229	72.27
272.442	92.31
272.655	12.96
272.868	-72.57
273.081	-26.97
273.294	39.12
273.506	233.22
273.719	30.87
273.932	17.79
274.145	-3840
274.358	142.48
274.571	70.59
274.784	-611.32
274.997	75.07
275.21	40.88
275.423	-128.49
275.635	66.33
275.848	58.63
276.061	119.21
276.274	-30.69
276.487	553.04
276.699	47.64
276.912	150.38
277.125	76.6
277.338	58.84
277.55	36.12
277.763	43.37
277.976	132.26
278.189	13.19
278.401	78.78
278.614	163.2
278.827	-17.58
279.039	67.61
279.252	152.27
279.464	27.62
279.677	178.35
279.89	18.02
280.102	30.15
280.315	468.29
280.527	-1831.58
280.74	124.14
280.952	-8.67
281.165	60.78
281.377	112.43
281.59	206.9
281.802	41.98
282.015	109.88
282.227	119.77
282.44	328.06
282.652	337.08
282.865	108.06
283.077	109.88
283.29	70.84
283.502	72.35
283.714	210.43
283.927	-54.11
284.139	-144.21
284.351	-92.07
284.564	205.35
284.776	101.98
284.988	59.36
285.201	376.12
285.413	60.99
285.625	19.46
285.838	-3.66
286.05	33.95
286.262	17.71
286.474	279.15
286.686	24.36
286.899	129.15
287.111	48.4
287.323	51.25
287.535	-190.1
287.747	88.27
287.959	59.24
288.172	-196.36
288.384	58
288.596	35.54
288.808	362.26
289.02	973.58
289.232	181.64
289.444	82.33
289.656	-132.9
289.868	-28.51
290.08	29.45
290.292	56.17
290.504	-14.12
290.716	81.78
290.928	-8.84
291.14	1144.19
291.352	-2.81
291.564	-4376.47
291.776	105.95
291.988	176.69
292.2	-79.62
292.412	-155.68
292.624	102.3
292.835	841.79
293.047	15.91
293.259	-60.19
293.471	-81.45
293.683	643.9
293.895	126.09
294.106	-20.72
294.318	77.1
294.53	108.96
294.742	1075.86
294.953	181.55
295.165	22.35
295.377	58.32
295.589	8.41
295.8	73.92
296.012	53.38
296.224	2.06
296.435	192.38
296.647	22.14
296.858	120.86
297.07	203.08
297.282	128.49
297.493	125.67
297.705	185.14
297.916	-20.48
298.128	111.17
298.34	55.59
298.551	-54.64
298.763	69.98
298.974	20.92
299.186	-32.93
299.397	-20.99
299.609	774.19
299.82	22.59
300.031	18.52
300.243	-2463.16
300.454	117.79
300.666	58.32
300.877	301.42
301.089	81.7
301.3	47.63
301.511	22.87
301.723	50.55
301.934	1164.18
302.145	-10.88
302.357	81.59
302.568	19.2
302.779	3.55
302.99	258.3
303.202	31.93
303.413	82.19
303.624	105.76
303.835	-452.83
304.047	72.87
304.258	58.32
304.469	35.86
304.68	23.58
304.891	-23.95
305.103	139
305.314	102.16
305.525	9600
305.736	94.49
305.947	73.02
306.158	1694.12
306.369	79.65
306.58	44.59
306.791	86.56
307.002	15.08
307.213	-129.16
307.424	127.21
307.636	71.93
307.846	-15.05
308.057	116.5
308.268	53.25
308.479	44.35
308.69	-9.9
308.901	121.19
309.112	111.63
309.323	-77.16
309.534	-46.33
309.745	93.78
309.956	-10.2
310.167	22.18
310.377	166.58
310.588	17.87
310.799	-126.32
311.01	-79.27
311.221	25.33
311.432	0
311.642	55.58
311.853	170.98
312.064	-248.28
312.275	120.45
312.485	78.07
312.696	60.28
312.907	-24.12
313.117	60.62
313.328	-41.9
313.539	-52.17
313.749	11.91
313.96	-276.92
314.171	107.93
314.381	114.1
314.592	8.07
314.802	-36.75
315.013	71.93
315.224	27.91
315.434	-442.11
315.645	-6000
315.855	130.79
316.066	-107.87
316.276	97.53
316.487	117.07
316.697	100.58
316.908	-24.67
317.118	134.14
317.329	71.07
317.539	85.95
317.749	56.65
317.96	-895.52
318.17	-95.9
318.381	-26.37
318.591	-329.67
318.801	41.68
319.012	59.36
319.222	-198.06
319.432	-107.2
319.643	83.97
319.853	69.96
320.063	66.34
320.273	117.57
320.484	13.19
320.694	122.45
320.904	24.41
321.114	-26.97
321.325	-248.28
321.535	-56.87
321.745	-52.77
321.955	119.53
322.165	14.5
322.375	36.09
322.585	132.52
322.796	910.34
323.006	219.72
323.216	119.24
323.426	2.98
323.636	-11.48
323.846	662.07
324.056	71.32
324.266	0
324.476	177.41
324.686	-181.62
324.896	56.83
325.106	950.94
325.316	43.74
325.526	-442.11
325.736	80.81
325.946	13.74
326.156	155.84
326.366	-657.39
326.576	120.21
326.785	144.72
326.995	91.78
327.205	120.6
327.415	195.25
327.625	446.72
327.835	1.94
328.044	500.5
328.254	-240
328.464	122.97
328.674	125.06
328.884	69.06
329.093	269.52
329.303	70.19
329.513	216.15
329.722	-1010.53
329.932	57.96
330.142	-40.47
330.351	109.09
330.561	741.82
330.771	-101.85
330.98	19.62
331.19	424.62
331.4	-16.96
331.609	69.88
331.819	878.05
332.028	-233.14
332.238	89.49
332.447	36.07
332.657	91.61
332.866	125.08
333.076	64.53
333.285	7.82
333.495	-580.65
333.704	-26.91
333.914	58
334.123	50.46
334.333	664.62
334.542	55.59
334.752	-92.31
334.961	203.77
335.17	6.03
335.38	-94.82
335.589	70.73
335.798	-41.89
336.008	514.29
336.217	142.98
336.426	69.75
336.636	81.7
336.845	229.86
337.054	732.47
337.263	96.87
337.473	-0
337.682	168.08
337.891	-6.3
338.1	284.89
338.309	72.6
338.519	155.81
338.728	73.98
338.937	66.14
339.146	155.4
339.355	-45.28
339.564	947.37
339.773	-120.6
339.983	-101.98
340.192	-250.43
340.401	85.01
340.61	-10.07
340.819	113.84
341.028	39.34
341.237	-1482.35
341.446	49.35
341.655	-35.73
341.864	199.05
342.073	64.66
342.282	-92.53
342.491	153.56
342.699	-81.55
342.908	-93.51
343.117	6.33
343.326	92.31
343.535	829.09
343.744	-98.36
343.953	68.57
344.162	57.09
344.37	40.21
344.579	107.46
344.788	89
344.997	67.76
345.206	117.26
345.414	33.64
345.623	168.27
345.832	-53.4
346.041	-30.46
346.249	80.67
346.458	22.06
346.667	92.18
346.875	63.45
347.084	15.53
347.293	85.53
347.501	68.25
347.71	32.08
347.918	-17.71
348.127	-395.6
348.336	294.04
348.544	96.1
348.753	-179.1
348.961	-15.03
349.17	-27.8
349.378	21.59
349.587	5.96
349.795	256.31
350.004	590.77
350.212	5.51
350.421	53.1
350.629	87.01
350.838	37.75
351.046	146.63
351.254	39.01
351.463	14.66
351.671	63.16
351.879	26.02
352.088	14.66
352.296	223.01
352.504	166.73
352.713	-233.2
352.921	-444.09
353.129	2.46
353.338	62.97
353.546	54.67
353.754	139.88
353.962	163.84
354.171	120.66
354.379	378.95
354.587	26.54
354.795	140.72
355.003	32.33
355.212	-137.76
355.42	316.98
355.628	156.14
355.836	44.75
356.044	13.77
356.252	75.44
356.46	55.99
356.668	1144.62
356.876	66.06
357.084	43.97
357.292	34.23
357.5	-25.76
357.708	123.5
357.916	222.34
358.124	-10.5
358.332	71.64
358.54	109.09
358.748	-233.77
358.956	-18.14
359.164	21.74
359.372	117.11
359.58	-43.17
359.788	48.22
359.996	171.87
360.203	41.27
360.411	7.58
360.619	-301.51
360.827	75.56
361.035	-331.29
361.242	133.72
361.45	637.97
361.658	159.24
361.866	192.9
362.073	50.88
362.281	49.45
362.489	6.19
362.697	84.74
362.904	-50.76
363.112	107.42
363.32	-21.59
363.527	-219.13
363.735	13.9
363.943	-9.15
364.15	-25.44
364.358	-16.83
364.565	194.38
364.773	43.29
364.98	-144.17
365.188	41.47
365.395	199.5
365.603	24.41
365.81	71.44
366.018	34.89
366.225	67.81
366.433	29.78
366.64	67.13
366.848	89.97
367.055	90.28
367.263	135.13
367.47	40.77
367.677	440.51
367.885	-50.55
368.092	58.95
368.299	-47.32
368.507	108.66
368.714	159.29
368.921	226.77
369.129	75.52
369.336	26.62
369.543	12.96
369.751	-27.16
369.958	-231.39
370.165	77.6
370.372	-95.79
370.579	101.28
370.787	73.59
370.994	133.77
371.201	117.71
371.408	52.03
371.615	-22.4
371.822	51.94
372.029	113.9
372.237	-281.14
372.444	90.81
372.651	5.82
372.858	-31.67
373.065	20.34
373.272	42.97
373.479	0
373.686	119.43
373.893	-500.97
374.1	120.57
374.307	-241.73
374.514	121.46
374.721	19.24
374.928	-109.09
375.135	-12.35
375.341	-1200
375.548	-18.87
375.755	-59.48
375.962	51.74
376.169	67.45
376.376	82.59
376.583	2.66
376.789	77.97
376.996	133.86
377.203	69.74
377.41	-16.13
377.617	18.46
377.823	186.1
378.03	116.13
378.237	93.63
378.443	102.86
378.65	792.45
378.857	137.27
379.063	546.84
379.27	-125.22
379.477	107.9
379.683	-62.13
379.89	53.45
380.097	11.74
380.303	63.25
380.51	49.47
380.716	60.44
380.923	0
381.129	75.99
381.336	85.04
381.542	36.12
381.749	89.72
381.955	51.25
382.162	149.1
382.368	10.37
382.575	44.13
382.781	41.38
382.988	32.12
383.194	38.05
383.4	24.76
383.607	37.54
383.813	190.41
384.02	33.91
384.226	3.76
384.432	26.33
384.639	48.83
384.845	-121.52
385.051	-44.06
385.257	19.52
385.464	96.87
385.67	89.81
385.876	85.53
386.082	-89.49
386.289	89.26
386.495	2.92
386.701	46.91
386.907	6.14
387.113	8.55
387.319	80.88
387.526	-15.64
387.732	-47.24
387.938	460.8
388.144	260.87
388.35	-14.48
388.556	72.46
388.762	34
388.968	1813.95
389.174	-6.01
389.38	194.38
389.586	-29.88
389.792	-27.48
389.998	28.51
390.204	24.49
390.41	73.92
390.616	-29.16
390.822	-47.1
391.028	50.88
391.234	66.98
391.439	-524.27
391.645	32.13
391.851	83.72
392.057	64.24
392.263	51.45
392.469	2.19
392.674	-5.52
392.88	36.5
393.086	18.68
393.292	50.46
393.498	-32.7
393.703	14.91
393.909	18.77
394.115	51.21
394.32	58.57
394.526	-17.66
394.732	44.18
394.937	33.49
395.143	-0
395.349	31.1
395.554	-186.93
395.76	29.2
395.965	-33.04
396.171	50.32
396.377	-11.74
396.582	50.26
396.788	-0.92
396.993	55.41
397.199	-16.38
397.404	25.66
397.61	-3
397.815	15.25
398.021	-51.96
398.226	-29.23
398.431	21.54
398.637	2.55
398.842	41.47
399.048	22.91
399.253	24.32
399.458	13.78
399.664	8.88
399.869	-1.7
400.074	9.49
400.28	19.67
400.485	6.98
400.69	4.24
400.896	33.44
401.101	33.72
401.306	-14.97
401.511	14.52
401.716	14.42
401.922	-9.82
402.127	-12.75
402.332	32.01
402.537	7.45
402.742	11.95
402.947	34.05
403.153	-7.43
403.358	11.48
403.563	17.54
403.768	10.36
403.973	19.73
404.178	-10.82
404.383	1.77
404.588	19.41
404.793	19.95
404.998	23.26
405.203	6.31
405.408	14.55
405.613	20.36
405.818	6.44
406.023	9.13
406.228	10.33
406.433	6.42
406.638	8.74
406.842	8.59
407.047	9.21
407.252	2.65
407.457	16.73
407.662	9.33
407.867	12.6
408.071	13.84
408.276	5.69
408.481	9.28
408.686	5.31
408.891	6.67
409.095	13.88
409.3	8.08
409.505	14.29
409.709	1.01
409.914	9.94
410.119	2.76
410.323	-0.3
410.528	0.61
410.733	13.01
410.937	4.26
411.142	4.63
411.346	11.94
411.551	4.58
411.756	8.24
411.96	5.15
412.165	0.48
412.369	2.45
412.574	5.86
412.778	7.8
412.983	4.57
413.187	5.77
413.392	2.35
413.596	3.27
413.8	4.46
414.005	8.04
414.209	6.39
414.414	5.01
414.618	4.7
414.822	6.09
415.027	7.16
415.231	3.93
415.435	5.77
415.64	5.65
415.844	3.88
416.048	5.5
416.252	7.84
416.457	4.28
416.661	6.71
416.865	4.29
417.069	3
417.274	4.22
417.478	3.45
417.682	4.11
417.886	3.78
418.09	6.29
418.294	5.55
418.498	5.11
418.702	5.07
418.907	3.55
419.111	3.64
419.315	4.99
419.519	6.81
419.723	3.56
419.927	6.32
420.131	5.47
420.335	4.31
420.539	5.44
420.743	7.25
420.947	2.36
421.151	4.5
421.355	4.58
421.558	4.88
421.762	3.78
421.966	3.57
422.17	3.95
422.374	4.53
422.578	4.13
422.782	4.68
422.985	4.67
423.189	4.71
423.393	3.53
423.597	4.35
423.801	4.52
424.004	3.94
424.208	4.26
424.412	4.59
424.615	4.2
424.819	5.37
425.023	5.04
425.226	4.56
425.43	5.13
425.634	4.22
425.837	4.41
426.041	4.67
426.245	4.12
426.448	4.47
426.652	4.36
426.855	3.29
427.059	4.25
427.262	4.19
427.466	4.4
427.669	4.78
427.873	3.72
428.076	4.14
428.28	4.53
428.483	4.03
428.687	3.86
428.89	3.34
429.094	3.57
429.297	4.75
429.5	4.1
429.704	4.79
429.907	4.3
430.11	4.36
430.314	4.32
430.517	4.19
430.72	4.59
430.924	4.4
431.127	4.82
431.33	4.11
431.533	4.32
431.737	3.6
431.94	3.91
432.143	4.07
432.346	4.03
432.549	4.07
432.752	3.58
432.956	4.31
433.159	3.54
433.362	3.77
433.565	4.07
433.768	4.52
433.971	3.16
434.174	4.32
434.377	4.57
434.58	3.81
434.783	3.77
434.986	4.6
435.189	4.2
435.392	3.93
435.595	4.2
435.798	4.3
436.001	4.41
436.204	3.95
436.407	4.21
436.61	4.03
436.813	4.52
437.016	4.28
437.219	4.12
437.421	4.22
437.624	4.12
437.827	3.87
438.03	3.91
438.233	3.54
438.435	3.93
438.638	4.22
438.841	3.9
439.044	3.92
439.246	3.88
439.449	4.01
439.652	4.25
439.854	4
440.057	3.98
440.26	4.27
440.462	4.15
440.665	3.91
440.868	4.11
441.07	4.22
441.273	4.18
441.475	4.49
441.678	4.2
441.88	3.73
442.083	3.7
442.286	3.85
442.488	3.88
442.69	4.13
442.893	3.9
443.095	3.81
443.298	3.66
443.5	4.07
443.703	3.98
443.905	3.88
444.108	4.08
444.31	4.23
444.512	4.11
444.715	4.25
444.917	4.04
445.119	4.06
445.322	3.94
445.524	4.48
445.726	4.14
445.928	4.34
446.131	4.09
446.333	4.1
446.535	4.15
446.737	4.18
446.94	4.44
447.142	4.09
447.344	4.53
447.546	4.18
447.748	4.17
447.95	4.33
448.152	4.41
448.354	4.32
448.557	4.65
448.759	4.52
448.961	4.36
449.163	4.08
449.365	4.18
449.567	4.38
449.769	4.67
449.971	4.54
450.173	4.44
450.375	4.47
450.577	4.41
450.779	4.44
450.981	4.15
451.182	3.98
451.384	4.64
451.586	4.4
451.788	4.38
451.99	4.59
452.192	4
452.394	4.69
452.595	5.19
452.797	4.29
452.999	4.91
453.201	4.68
453.402	4.64
453.604	4.77
453.806	4.62
454.008	4.69
454.209	5.14
454.411	4.79
454.613	4.84
454.814	4.8
455.016	5.1
455.218	4.85
455.419	4.86
455.621	4.73
455.822	4.53
456.024	4.63
456.225	4.78
456.427	4.87
456.629	4.72
456.83	5.15
457.032	5.03
457.233	4.61
457.435	5.02
457.636	5.54
457.837	5.15
458.039	4.67
458.24	5.14
458.442	5.2
458.643	4.31
458.844	5.47
459.046	5.07
459.247	5.43
459.448	5.46
459.65	5.14
459.851	5.87
460.052	5.1
460.254	6.22
460.455	5.95
460.656	5.53
460.857	5.55
461.059	4.85
461.26	4.37
461.461	4.71
461.662	5.07
461.863	5.82
462.065	5.26
462.266	5.52
462.467	4.68
462.668	5.05
462.869	5.93
463.07	6.38
463.271	5.6
463.472	4.6
463.673	5.74
463.874	5.91
464.075	5.46
464.276	4.84
464.477	5.78
464.678	5.38
464.879	5.69
465.08	5.92
465.281	6.05
465.482	5.08
465.683	4.16
465.884	5.85
466.085	5.4
466.285	5.82
466.486	6
466.687	5.81
466.888	6.23
467.089	5.58
467.29	5.25
467.49	6.07
467.691	6.19
467.892	5.27
468.093	5.42
468.293	6.11
468.494	5.96
468.695	5.45
468.895	5.71
469.096	4.51
469.297	5.92
469.497	6.17
469.698	7.13
469.898	4.21
470.099	6.8
470.3	6.62
470.5	5.23
470.701	6.76
470.901	6.67
471.102	5.92
471.302	5.41
471.503	6.37
471.703	7.48
471.904	6.09
472.104	6.35
472.305	5.77
472.505	4.84
472.705	6.35
472.906	7.58
473.106	6
473.306	6.16
473.507	6.55
473.707	5.61
473.907	5.38
474.108	5.57
474.308	6.44
474.508	6.51
474.709	5.89
474.909	6.18
475.109	4.73
475.309	5.91
475.51	5.8
475.71	6.95
475.91	6.9
476.11	5.47
476.31	5.9
476.51	6.04
476.71	4.97
476.911	7.91
477.111	5.25
477.311	4.04
477.511	6.31
477.711	5.86
477.911	6.11
478.111	6.4
478.311	6.65
478.511	5.99
478.711	6.16
478.911	6.1
479.111	4.26
479.311	5.13
479.511	8.04
479.711	5.02
479.91	4.07
480.11	5.91
480.31	5.22
480.51	7.48
480.71	5.71
480.91	6.69
481.109	6.79
481.309	6.87
481.509	5.36
481.709	6.02
481.909	6.27
482.108	5.61
482.308	4.73
482.508	7.6
482.707	8.1
482.907	5.73
483.107	5.09
483.306	7.32
483.506	6.74
483.706	7.55
483.905	5.25
484.105	7.58
484.304	5.24
484.504	4.84
484.704	7.63
484.903	5.12
485.103	5.72
485.302	7.58
485.502	5.75
485.701	6.39
485.901	5.87
486.1	7.53
486.299	5.44
486.499	5.87
486.698	4.9
486.898	6.28
487.097	5.25
487.296	4.61
487.496	6.62
487.695	5.98
487.894	7.49
488.094	6.22
488.293	7.6
488.492	6.32
488.692	6.54
488.891	5.92
489.09	5.93
489.289	4.59
489.489	5.35
489.688	5.88
489.887	7.06
490.086	6.55
490.285	6.15
490.484	6.83
490.683	7.05
490.883	6.42
491.082	5.94
491.281	4.97
491.48	5.57
491.679	6.91
491.878	6.63
492.077	6.63
492.276	6.22
492.475	5.8
492.674	6.41
492.873	5.53
493.072	5.12
493.271	6.09
493.47	6.1
493.669	5.47
493.867	6.3
494.066	7.15
494.265	6.9
494.464	7.5
494.663	6.16
494.862	6.97
495.06	5.85
495.259	6.34
495.458	6
495.657	6.83
495.856	6.56
496.054	7.06
496.253	7.38
496.452	6.4
496.65	5.66
496.849	8.02
497.048	6.73
497.246	6.86
497.445	7.01
497.644	6.83
497.842	7.36
498.041	8.42
498.239	6.28
498.438	7.19
498.636	6.91
498.835	7.11
499.034	7.61
499.232	6.73
499.431	6.63
499.629	7.11
499.827	7.54
500.026	7.36
500.224	7.38
500.423	6.66
500.621	6.61
500.82	7.44
501.018	8.71
501.216	8.32
501.415	7.84
501.613	7.59
501.811	6.98
502.01	8.35
502.208	7.23
502.406	7.87
502.604	7.94
502.803	7.66
503.001	7.96
503.199	7.61
503.397	7.52
503.595	8.03
503.794	7.55
503.992	7.52
504.19	7.64
504.388	8.84
504.586	8.22
504.784	7.74
504.982	8.4
505.18	8.59
505.378	9.07
505.576	7.85
505.774	8.81
505.972	7.89
506.17	9.66
506.368	8.73
506.566	8.4
506.764	8.55
506.962	8.29
507.16	8.35
507.358	8.19
507.556	8.75
507.754	8.75
507.952	8.93
508.15	9.34
508.347	9.57
508.545	9.42
508.743	9.51
508.941	8.8
509.139	9.97
509.336	9.4
509.534	9.73
509.732	9.59
509.93	9.82
510.127	9.68
510.325	9.74
510.523	9.4
510.72	9.9
510.918	10.37
511.116	10.43
511.313	9.21
511.511	10.26
511.708	10.32
511.906	9.97
512.104	10.24
512.301	10.26
512.499	10.31
512.696	10.03
512.894	10.14
513.091	10.58
513.289	10.32
513.486	10.61
513.683	10.81
513.881	10.12
514.078	10.41
514.276	11.26
514.473	10.15
514.67	11.47
514.868	10.82
515.065	10.75
515.262	11.84
515.46	10.77
515.657	11.5
515.854	11.45
516.052	10.74
516.249	12.08
516.446	11.75
516.643	11.46
516.84	11.96
517.038	11.13
517.235	11.45
517.432	11.92
517.629	12.05
517.826	12.15
518.023	12.14
518.221	12.59
518.418	12.23
518.615	12.3
518.812	12.05
519.009	12.65
519.206	12.45
519.403	12.34
519.6	12.41
519.797	12.4
519.994	12.18
520.191	12.45
520.388	12.71
520.585	12.76
520.782	12.97
520.978	12.68
521.175	12.6
521.372	13.07
521.569	13.06
521.766	12.98
521.963	13.04
522.159	13.02
522.356	12.84
522.553	12.96
522.75	13.51
522.947	13.43
523.143	13.13
523.34	13.39
523.537	13.26
523.733	13.35
523.93	13.7
524.127	13.91
524.323	13.59
524.52	13.46
524.717	13.19
524.913	13.82
525.11	13.55
525.306	14.05
525.503	14.1
525.7	13.97
525.896	13.57
526.093	13.7
526.289	14.09
526.486	13.75
526.682	13.85
526.878	14.31
527.075	13.99
527.271	14.26
527.468	14.5
527.664	13.83
527.861	14.46
528.057	14.35
528.253	14.11
528.45	13.71
528.646	14.79
528.842	14.24
529.039	14.1
529.235	13.8
529.431	14.1
529.627	14.53
529.824	14.3
530.02	13.9
530.216	14.5
530.412	15.2
530.608	14.58
530.804	14.91
531.001	14.94
531.197	14.77
531.393	15.06
531.589	15.21
531.785	15.01
531.981	15.45
532.177	15.33
532.373	14.93
532.569	14.77
532.765	14.76
532.961	14.35
533.157	14.75
533.353	14.79
533.549	15.32
533.745	15.24
533.941	15.17
534.137	15.01
534.333	14.51
534.529	14.75
534.725	15.46
534.92	14.96
535.116	14.91
535.312	15.12
535.508	15.65
535.704	15.06
535.899	15.62
536.095	15.02
536.291	15.55
536.487	14.75
536.682	15.64
536.878	15.46
537.074	15.27
537.269	15.65
537.465	15.2
537.661	15.24
537.856	15.66
538.052	15.56
538.248	15.68
538.443	15.63
538.639	15.26
538.834	15.53
539.03	15.44
539.225	15.82
539.421	15.51
539.616	15.85
539.812	15.62
540.007	15.39
540.203	15.31
540.398	15.95
540.593	15.71
540.789	15.57
540.984	15.72
541.18	15.44
541.375	15.54
541.57	15.55
541.766	15.6
541.961	16.06
542.156	16.12
542.352	16.14
542.547	15.82
542.742	15.29
542.937	15.82
543.133	16.33
543.328	16.26
543.523	15.7
543.718	15.99
543.913	16.27
544.108	15.61
544.304	15.81
544.499	15.75
544.694	15.64
544.889	16.01
545.084	16.29
545.279	16.27
545.474	16.3
545.669	16.34
545.864	16.11
546.059	15.88
546.254	15.98
546.449	15.98
546.644	16.07
546.839	16.15
547.034	16.27
547.229	16.2
547.424	16.42
547.618	16.42
547.813	16.4
548.008	16.14
548.203	16.35
548.398	16.66
548.593	16.17
548.787	16.54
548.982	16.42
549.177	16.26
549.372	16.37
549.566	16.19
549.761	16.33
549.956	16.63
550.15	16.31
550.345	16.49
550.54	16.75
550.734	16.47
550.929	16.8
551.124	15.99
551.318	16.49
551.513	16.44
551.707	16.8
551.902	16.38
552.096	17.08
552.291	16.81
552.485	16.39
552.68	16.79
552.874	16.71
553.069	16.72
553.263	16.98
553.458	16.91
553.652	17.16
553.847	16.52
554.041	16.55
554.235	16.93
554.43	16.96
554.624	16.67
554.818	16.61
555.013	16.85
555.207	16.64
555.401	16.63
555.595	17.08
555.79	16.4
555.984	16.76
556.178	16.88
556.372	17.5
556.566	16.7
556.761	16.72
556.955	16.92
557.149	16.89
557.343	16.79
557.537	17.09
557.731	17.23
557.925	16.84
558.119	16.88
558.313	17.12
558.507	16.68
558.701	16.97
558.895	17.2
559.089	17.94
559.283	16.7
559.477	17.29
559.671	17.25
559.865	17.1
560.059	17.12
560.253	17.44
560.447	16.81
560.641	17.04
560.835	17.29
561.028	17.74
561.222	17.1
561.416	17.25
561.61	16.94
561.804	17.06
561.997	17.06
562.191	17.32
562.385	17.29
562.579	17.14
562.772	17.57
562.966	16.96
563.16	17.28
563.353	17.65
563.547	17.4
563.741	17.7
563.934	17.25
564.128	16.94
564.321	17.3
564.515	17.6
564.708	17.76
564.902	17.55
565.095	17.39
565.289	17.22
565.482	17.89
565.676	16.67
565.869	17.3
566.063	17.88
566.256	17.25
566.45	17.39
566.643	17.43
566.836	17.57
567.03	17.44
567.223	17.59
567.416	17.05
567.61	17.22
567.803	17.45
567.996	17.4
568.19	17.46
568.383	17.1
568.576	17.63
568.769	17.64
568.963	17.38
569.156	17.63
569.349	17.76
569.542	17.88
569.735	18.01
569.928	17.78
570.121	17.56
570.315	17.89
570.508	17.31
570.701	17.66
570.894	17.44
571.087	17.02
571.28	17.75
571.473	17.71
571.666	17.34
571.859	17.08
572.052	17.67
572.245	18.16
572.438	17.56
572.631	17.49
572.824	17.8
573.016	17.53
573.209	17.99
573.402	17.26
573.595	17.67
573.788	17.73
573.981	17.23
574.173	17.24
574.366	18.13
574.559	17.67
574.752	17.56
574.944	17.34
575.137	17.64
575.33	17.74
575.523	17.56
575.715	17.83
575.908	17.24
576.101	17.51
576.293	17.44
576.486	17.74
576.678	17.53
576.871	17.67
577.063	17.43
577.256	17.92
577.449	17.46
577.641	17.89
577.834	17.4
578.026	17.47
578.219	17.52
578.411	17.34
578.603	17.62
578.796	17.32
578.988	17.45
579.181	17.61
579.373	17.65
579.565	17.47
579.758	17.65
579.95	17.04
580.142	17.48
580.335	17.61
580.527	17.59
580.719	17.82
580.912	17.59
581.104	18.08
581.296	16.9
581.488	17.39
581.68	17.61
581.873	17.26
582.065	17.44
582.257	17.32
582.449	17.28
582.641	17.71
582.833	17.48
583.025	17.34
583.217	18.07
583.41	17.26
583.602	17.73
583.794	17.43
583.986	17.65
584.178	17.66
584.37	17.47
584.562	17.48
584.753	18.01
584.945	17.7
585.137	17.29
585.329	17.35
585.521	18.07
585.713	17.43
585.905	17.7
586.097	17.98
586.289	17.37
586.48	17.51
586.672	18.17
586.864	17.9
587.056	17.62
587.247	17.14
587.439	17.56
587.631	17.68
587.823	17.29
588.014	17.41
588.206	17.88
588.398	17.24
588.589	18.06
588.781	17.85
588.972	17.78
589.164	17.71
589.356	17.66
589.547	17.43
589.739	17.63
589.93	17.62
590.122	18.08
590.313	17.66
590.505	17.79
590.696	17.64
590.888	17.71
591.079	18
591.271	18.06
591.462	17.91
591.653	17.53
591.845	17.97
592.036	17.97
592.227	17.06
592.419	17.21
592.61	17.3
592.801	17.72
592.993	18.02
593.184	17.82
593.375	17.72
593.566	18.06
593.758	17.5
593.949	18.26
594.14	18.26
594.331	17.79
594.522	18.09
594.713	18.5
594.905	17.91
595.096	18.11
595.287	17.81
595.478	18.22
595.669	18.44
595.86	17.79
596.051	18.54
596.242	18.27
596.433	18.02
596.624	18
596.815	18.29
597.006	17.97
597.197	17.92
597.388	18.09
597.579	18.26
597.77	18.2
597.96	17.89
598.151	18.59
598.342	17.9
598.533	18.83
598.724	18.82
598.915	18.57
599.105	17.93
599.296	18.5
599.487	17.8
599.678	18.82
599.868	18.94
600.059	18.48
600.25	18.42
600.44	18.56
600.631	18.42
600.822	18.98
601.012	18.71
601.203	18.43
601.394	18.02
601.584	18.82
601.775	18.33
601.965	18.21
602.156	17.97
602.346	19.03
602.537	18.84
602.727	18.62
602.918	18.55
603.108	18.59
603.299	18.45
603.489	18.62
603.679	18.39
603.87	18.37
604.06	18.61
604.251	18.61
604.441	18.65
604.631	18.72
604.822	19.11
605.012	18.91
605.202	18.87
605.392	17.92
605.583	18.54
605.773	18.48
605.963	19.1
606.153	18.69
606.344	18.82
606.534	19.53
606.724	18.93
606.914	18.94
607.104	18.87
607.294	19.01
607.484	18.61
607.674	19.2
607.864	19.16
608.054	19.14
608.245	18.81
608.435	18.82
608.625	19.25
608.814	18.19
609.004	18.61
609.194	19.16
609.384	19.27
609.574	18.5
609.764	18.36
609.954	18.51
610.144	18.1
610.334	18.48
610.524	19.25
610.713	18.46
610.903	19.31
611.093	19.16
611.283	18.95
611.473	18.62
611.662	19.3
611.852	18.76
612.042	18.4
612.231	18.64
612.421	18.45
612.611	19.1
612.8	19.01
612.99	18.4
613.18	18.16
613.369	18.79
613.559	19.16
613.748	18.95
613.938	19.16
614.128	18.77
614.317	18.43
614.507	18.91
614.696	19.58
614.886	18.97
615.075	18.47
615.264	18.03
615.454	19.43
615.643	17.92
615.833	18.9
616.022	18.86
616.211	18.98
616.401	18.32
616.59	19.06
616.779	19.22
616.969	18.12
617.158	18.23
617.347	19.28
617.537	19.37
617.726	18.32
617.915	18.5
618.104	18.7
618.293	19.23
618.483	19.15
618.672	19.06
618.861	18.99
619.05	19.12
619.239	18.7
619.428	18.68
619.617	19.06
619.806	18.01
619.995	18.21
620.184	18.66
620.373	18.33
620.562	18.51
620.751	18.33
620.94	19.26
621.129	19.26
621.318	19.03
621.507	18.77
621.696	18.53
621.885	19.2
622.074	18.75
622.263	18.84
622.452	18.83
622.64	18.71
622.829	18.71
623.018	18.94
623.207	17.89
623.396	19.04
623.584	19.1
623.773	19.35
623.962	18.66
624.15	20.16
624.339	19.3
624.528	19.51
624.716	19.14
624.905	19.12
625.094	19.1
625.282	19.15
625.471	18.7
625.659	19.07
625.848	17.94
626.037	20.11
626.225	19.76
626.414	19.79
626.602	19.04
626.791	18.79
626.979	19
627.167	18.84
627.356	19.18
627.544	19.73
627.733	19.18
627.921	19.6
628.109	19.44
628.298	18.73
628.486	19.57
628.674	19.03
628.863	19.25
629.051	19.51
629.239	19.15
629.428	19.11
629.616	20.03
629.804	19.59
629.992	19.63
630.18	18.94
630.369	19.17
630.557	19.51
630.745	19.02
630.933	19.03
631.121	18.78
631.309	19.81
631.497	19.7
631.685	19.18
631.873	18.78
632.061	19.57
632.249	19.65
632.437	19.74
632.625	19.27
632.813	19.09
633.001	19.98
633.189	20.12
633.377	20.57
633.565	19.53
633.753	18.9
633.941	19.3
634.129	18.95
634.316	19.05
634.504	19.92
634.692	19.58
634.88	19.12
635.068	18.2
635.255	19.16
635.443	19.54
635.631	20.26
635.818	19.53
636.006	19.35
636.194	19.74
636.382	18.88
636.569	19.9
636.757	20.1
636.944	19.86
637.132	19.63
637.32	19.13
637.507	20.08
637.695	19.86
637.882	20.55
638.07	20.78
638.257	19.39
638.445	18.35
638.632	19.24
638.82	18.65
639.007	19.09
639.194	19.78
639.382	18.95
639.569	18.52
639.757	19.46
639.944	18.88
640.131	18.62
640.319	19.99
640.506	19.24
640.693	19.79
640.88	19.86
641.068	18.94
641.255	19.2
641.442	18.92
641.629	18.9
641.817	20.2
642.004	20.04
642.191	18.86
642.378	20.23
642.565	18.79
642.752	19.03
642.939	18.64
643.126	18.86
643.313	18.36
643.501	19.35
643.688	20.22
643.875	19.36
644.062	20.32
644.249	18.43
644.435	17.69
644.622	17.84
644.809	18.37
644.996	18.63
645.183	18.66
645.37	20.19
645.557	19.3
645.744	18.31
645.931	18.5
646.117	17.8
646.304	18.61
646.491	18.88
646.678	18.01
646.865	18.81
647.051	18.8
647.238	18.55
647.425	19.63
647.611	18.43
647.798	18.3
647.985	18.24
648.171	18.83
648.358	16.51
648.545	18.96
648.731	18.62
648.918	18.26
649.104	16.83
649.291	17.75
649.477	17.9
649.664	18.37
649.85	19.19
650.037	17.59
650.223	17.72
650.41	18.46
650.596	17.71
650.783	18.85
650.969	19.27
651.155	18.44
651.342	17.08
651.528	18.5
651.714	19.13
651.901	18.59
652.087	17.94
652.273	16.99
652.46	17.75
652.646	18.68
652.832	17.66
653.018	18.15
653.204	17.19
653.391	19.06
653.577	17.48
653.763	18.34
653.949	17.91
654.135	17.22
654.321	17.79
654.507	17.71
654.693	17.86
654.879	18.23
655.065	16.77
655.252	16.36
655.438	17.91
655.624	18.25
655.809	16.59
655.995	17.54
656.181	17.34
656.367	18.52
656.553	18.21
656.739	17.12
656.925	17.37
657.111	18.08
657.297	18.15
657.482	17.62
657.668	18.58
657.854	16.88
658.04	17.43
658.226	15.96
658.411	15.9
658.597	18.53
658.783	17.87
658.968	17.61
659.154	15.56
659.34	17.31
659.525	17.01
659.711	16.41
659.897	17.08
660.082	17.54
660.268	16.54
660.453	16.22
660.639	17.47
660.824	16.19
661.01	16.96
661.195	17.42
661.381	15.49
661.566	16.39
661.752	15.32
661.937	16.06
662.123	14.37
662.308	16.54
662.494	16.96
662.679	15.8
662.864	16.61
663.05	15.2
663.235	16.76
663.42	15.78
663.605	14.94
663.791	15.74
663.976	15.43
664.161	15.54
664.346	15.95
664.532	14.71
664.717	15.4
664.902	15.75
665.087	18.19
665.272	16.57
665.457	14.82
665.642	15.23
665.828	16.33
666.013	15.39
666.198	14.27
666.383	15.03
666.568	17.22
666.753	15.29
666.938	15.44
667.123	17.21
667.308	15.11
667.493	16.6
667.677	14.73
667.862	16.31
668.047	16.17
668.232	17.46
668.417	15.18
668.602	15.73
668.787	15.51
668.971	14.62
669.156	14.33
669.341	13.33
669.526	16.61
669.711	15.37
669.895	16.08
670.08	15.08
670.265	16.97
670.449	14.11
670.634	15.52
670.819	16.02
671.003	13.77
671.188	16.51
671.372	14.67
671.557	15.66
671.742	15.03
671.926	16.07
672.111	15.32
672.295	13.96
672.48	14.61
672.664	17.34
672.849	13.09
673.033	17.7
673.217	13.84
673.402	13.62
673.586	13.14
673.771	14.88
673.955	14.9
674.139	17.44
674.324	18
674.508	15.64
674.692	15.66
674.876	16.5
675.061	16.38
675.245	18.93
675.429	14.94
675.613	15.87
675.798	19.15
675.982	13.82
676.166	16.31
676.35	17.35
676.534	16.25
676.718	17.3
676.902	18.53
677.087	17.24
677.271	16.01
677.455	18.08
677.639	14.7
677.823	19.15
678.007	19.84
678.191	19.83
678.375	18.72
678.559	18.19
678.742	17.86
678.926	21.37
679.11	20.22
679.294	20.29
679.478	16.15
679.662	19.12
679.846	19.92
680.029	21.04
680.213	16.22
680.397	18.4
680.581	19.33
680.765	22.34
680.948	18.9
681.132	24.46
681.316	18.49
681.499	20.93
681.683	23.1
681.867	20.17
682.05	21.09
682.234	19.81
682.417	19.73
682.601	24.17
682.785	22.5
682.968	22.42
683.152	24.51
683.335	23.03
683.519	22.71
683.702	19.42
683.886	24.84
684.069	23.92
684.253	24.43
684.436	25.5
684.619	22.57
684.803	21.48
684.986	24.04
685.169	25.73
685.353	23.19
685.536	21.99
685.719	26.37
685.903	24.46
686.086	24.66
686.269	25.06
686.452	24.95
686.636	27.58
686.819	26.49
687.002	25.14
687.185	29.75
687.368	25.81
687.551	22.99
687.734	30.33
687.918	27.55
688.101	25.48
688.284	27.2
688.467	27.91
688.65	31.17
688.833	27.49
689.016	26.05
689.199	28.47
689.382	29.2
689.565	27.19
689.748	28.38
689.93	24.84
690.113	27.91
690.296	28.81
690.479	30.9
690.662	28.09
690.845	25.25
691.028	28.48
691.21	32.29
691.393	25.94
691.576	26.96
691.759	25.46
691.941	28.51
692.124	32.88
692.307	30.97
692.489	28.52
692.672	29.16
692.855	31.75
693.037	31.62
693.22	32.68
693.403	26.73
693.585	34.76
693.768	33.49
693.95	29.83
694.133	34.41
694.315	27.82
694.498	34.59
694.68	33.66
694.863	36.24
695.045	32.45
695.228	31.76
695.41	35.73
695.592	32.16
695.775	33.6
695.957	32.13
696.139	31.14
696.322	32.06
696.504	35.28
696.686	29.2
696.869	30.71
697.051	31.81
697.233	39.35
697.415	37.96
697.597	29.27
697.78	34.1
697.962	31.21
698.144	31.04
698.326	32.51
698.508	31.42
698.69	25.88
698.872	37.36
699.055	38.67
699.237	32.26
699.419	33.74
699.601	32.75
699.783	34.23
699.965	29.91
700.147	30.07
700.329	32.47
700.51	33.57
700.692	35.75
700.874	34.59
701.056	41.7
701.238	31.83
701.42	37.7
701.602	34.6
701.783	37.41
701.965	33.76
702.147	36.63
702.329	31.15
702.511	37.69
702.692	31.97
702.874	32.67
703.056	36.96
703.237	36.73
703.419	33.14
703.601	43.63
703.782	36.14
703.964	34.21
704.146	36.64
704.327	39.09
704.509	34.61
704.69	37.92
704.872	42.49
705.053	39.48
705.235	38.69
705.416	36.13
705.598	33.95
705.779	35.13
705.961	37.5
706.142	36.77
706.323	35.77
706.505	34.05
706.686	36.97
706.867	38.98
707.049	32.09
707.23	39.8
707.411	39.69
707.593	35.24
707.774	34.15
707.955	31.25
708.136	30.45
708.318	34.43
708.499	41.27
708.68	36.99
708.861	39.07
709.042	27.04
709.223	35.23
709.404	41.52
709.585	38.41
709.767	34.87
709.948	29.46
710.129	35.5
710.31	28.01
710.491	33.3
710.672	38.29
710.853	30.17
711.034	45.2
711.214	37.12
711.395	37.07
711.576	39.87
711.757	38.35
711.938	40.63
712.119	41.68
712.3	38.21
712.481	28.62
712.661	31.09
712.842	32.44
713.023	35.51
713.204	32.13
713.384	36.68
713.565	34.12
713.746	35.63
713.926	27.72
714.107	34.16
714.288	33.16
714.468	39.83
714.649	40.61
714.83	32.61
715.01	41.38
715.191	41.79
715.371	35.21
715.552	40.71
715.732	36.58
715.913	46.8
716.093	47
716.274	37.43
716.454	37.28
716.635	38.45
716.815	38.81
716.995	33.72
717.176	39.25
717.356	40.13
717.536	36.75
717.717	34.27
717.897	35.01
718.077	35.36
718.258	49.35
718.438	37.99
718.618	39.8
718.798	31.24
718.978	35.78
719.159	42.42
719.339	52.59
719.519	26.24
719.699	34.8
719.879	42.72
720.059	30.26
720.239	36.86
720.419	41.12
720.599	37.96
720.779	61.84
720.959	28.89
721.139	34.37
721.319	42.33
721.499	46.42
721.679	36.74
721.859	38.68
722.039	40.39
722.219	34.55
722.399	38.53
722.579	32.32
722.759	34.93
722.938	38.31
723.118	38.44
723.298	48.29
723.478	32.8
723.658	53.65
723.837	39.79
724.017	48.54
724.197	30.09
724.376	43.75
724.556	24.07
724.736	31.92
724.915	38.02
725.095	44.29
725.275	30.43
725.454	42.78
725.634	46.69
725.813	39.76
725.993	46.9
726.172	37.55
726.352	38.57
726.531	31.18
726.711	26.94
726.89	51.49
727.07	49.91
727.249	32.32
727.428	46.64
727.608	39.05
727.787	50.4
727.966	42.15
728.146	26.8
728.325	52.31
728.504	33.79
728.684	32.85
728.863	54.09
729.042	44.92
729.221	30.07
729.4	50.68
729.58	45.12
729.759	39.72
729.938	47.25
730.117	45.11
730.296	37.35
730.475	41.89
730.654	50.67
730.833	32.49
731.013	48.57
731.192	43.13
731.371	35.21
731.55	59.17
731.729	25.14
731.907	53.56
732.086	47.49
732.265	40.36
732.444	32.41
732.623	63.71
732.802	33.15
732.981	45.15
733.16	40.69
733.339	41.78
733.517	59.76
733.696	40.62
733.875	49.63
734.054	47.3
734.232	45.35
734.411	57.57
734.59	27.72
734.768	42.87
734.947	36.1
735.126	46.66
735.304	39.53
735.483	44.29
735.662	55.56
735.84	32.12
736.019	36.62
736.197	36.09
736.376	55.52
736.554	61.94
736.733	37.71
736.911	46.82
737.09	61.85
737.268	48.14
737.447	73.2
737.625	30.93
737.803	44.2
737.982	38.73
738.16	49.48
738.338	50.74
738.517	37.32
738.695	43.5
738.873	48.25
739.052	41.55
739.23	17.47
739.408	28.83
739.586	50.39
739.764	33.41
739.943	44.53
740.121	30.87
740.299	27.84
740.477	32.56
740.655	60.9
740.833	25.71
741.011	66.09
741.189	51.99
741.367	42.36
741.545	33.77
741.723	18.33
741.901	30.98
742.079	79.83
742.257	35.2
742.435	56.7
742.613	69.99
742.791	47.45
742.969	31.51
743.147	35.56
743.325	58.03
743.503	43.95
743.68	33.24
743.858	4.98
744.036	61.17
744.214	58.79
744.391	6.22
744.569	23.81
744.747	61.25
744.925	19.18
745.102	91.85
745.28	12.53
745.458	56.24
745.635	59.42
745.813	83.45
745.99	34.46
746.168	64.85
746.345	74.51
746.523	33.81
746.7	60.21
746.878	56.87
747.055	32.71
747.233	69.1
747.41	79.52
747.588	46.78
747.765	67.86
747.943	46.76
748.12	24.67
748.297	41.82
748.475	38.98
748.652	56.54
748.829	43.71
749.007	54.99
749.184	47.72
749.361	37.92
749.538	62.7
749.716	59.25
749.893	85.97
750.07	30.35
750.247	57.7
750.424	67.28
750.601	66.05
750.778	23.56
750.956	19.39
751.133	10.98
751.31	27.18
751.487	50.16
751.664	35.09
751.841	21.5
752.018	58.11
752.195	26.96
752.372	16.5
752.549	13
752.726	46.45
752.902	50.9
753.079	34.42
753.256	97.19
753.433	26.1
753.61	47.76
753.787	5.64
753.964	75.05
754.14	40.59
754.317	70.18
754.494	35.44
754.671	44.63
754.847	36.24
755.024	50.6
755.201	80.44
755.377	32.17
755.554	23.58
755.73	54.67
755.907	98.39
756.084	99.32
756.26	51.13
756.437	20.38
756.613	56.73
756.79	44.04
756.966	8.86
757.143	79.42
757.319	21.54
757.496	67.42
757.672	36.74
757.849	80.14
758.025	58.08
758.201	75.52
758.378	47.16
758.554	40.14
758.73	25.51
758.907	38.37
759.083	50.15
759.259	59.41
759.435	41.44
759.612	47.95
759.788	43.41
759.964	106.08
760.14	54.72
760.316	20.61
760.493	59.22
760.669	78.85
760.845	35.61
761.021	35.54
761.197	2.83
761.373	43.23
761.549	57.7
761.725	68.66
761.901	62.51
762.077	33.2
762.253	23.43
762.429	72.76
762.605	23.74
762.781	15.01
762.957	32.21
763.133	51.56
763.308	50.28
763.484	38.55
763.66	57.77
763.836	64.26
764.012	0
764.187	20.84
764.363	39.17
764.539	45.19
764.715	41.67
764.89	-9.51
765.066	-4.37
765.242	50.29
765.417	65.91
765.593	77.22
765.769	28.34
765.944	22.4
766.12	63.46
766.295	18.83
766.471	58.47
766.646	59.04
766.822	49.37
766.997	19.56
767.173	51.35
767.348	5.22
767.524	9.57
767.699	45.34
767.875	14.21
768.05	2.28
768.225	57.31
768.401	64.39
768.576	218.7
768.751	65.57
768.927	-40.42
769.102	86.28
769.277	-21.87
769.452	112.83
769.628	34.25
769.803	179.88
769.978	68.99
770.153	-70.74
770.328	56.71
770.503	73.67
770.679	74.55
770.854	71.2
771.029	52.58
771.204	278.15
771.379	10.45
771.554	29.86
771.729	105.13
771.904	60.11
772.079	19.1
772.254	121.1
772.429	123.99
772.604	-6.77
772.779	73.15
772.953	48.12
773.128	41.49
773.303	9.93
773.478	18.05
773.653	46.79
773.828	94.9
774.002	196.19
774.177	-23.1
774.352	417.39
774.527	14.38
774.701	73.11
774.876	69.02
775.051	-128.34
775.225	115.83
775.4	-9.14
775.575	62.63
775.749	22.43
775.924	80.27
776.098	39.01
776.273	102.1
776.447	73.73
776.622	68.06
776.796	-20.17
776.971	-30.85
777.145	61.37
777.32	74.14
777.494	62.51
777.669	41.49
777.843	-31.27
778.017	13.57
778.192	37.23
778.366	78.78
778.54	48.63
778.715	-45.24
778.889	62.53
779.063	47.54
779.237	79.42
779.412	4.57
779.586	44.67
779.76	106.27
779.934	16.31
780.108	86.5
780.282	-214.93
780.457	38.11
780.631	-17.49
780.805	58.71
780.979	-232.84
781.153	150.38
781.327	53.83
781.501	19.1
781.675	52.48
781.849	42.28
782.023	105.54
782.197	-16.19
782.371	-89.14
782.545	22.09
782.718	59.36
782.892	103.04
783.066	-4.57
783.24	223.48
783.414	37.25
783.588	73.92
783.761	48.12
783.935	16.4
784.109	133.11
784.283	114.78
784.456	261.61
784.63	199.47
784.804	120.72
784.977	36.52
785.151	42.62
785.324	-5.78
785.498	-17.17
785.672	53.38
785.845	55.57
786.019	147.87
786.192	365.56
786.366	20.77
786.539	134.24
786.713	55.59
786.886	60.06
787.06	21.75
787.233	62.87
787.406	1.84
787.58	21.25
787.753	72.29
787.926	-133.83
788.1	250.31
788.273	135.85
788.446	-128.41
788.62	1587.1
788.793	86.57
788.966	14.85
789.139	81.13
789.313	98.09
789.486	2742.86
789.659	-75.43
789.832	56.71
790.005	14.86
790.178	276.11
790.351	10.97
790.524	174.92
790.697	59.74
790.87	-6.09
791.044	-261.82
791.216	92.56
791.389	-83.42
791.562	82.33
791.735	258.23
791.908	607.79
792.081	34.59
792.254	-461.54
792.427	-66.91
792.6	69.97
792.773	76.32
792.945	53.73
793.118	154.84
793.291	-105.49
793.464	97.02
793.637	-176.69
793.809	96.28
793.982	63.16
794.155	70.59
794.327	121.45
794.5	-350.77
794.673	48.58
794.845	-4.67
795.018	-219.29
795.19	-404.49
795.363	99.07
795.536	149
795.708	541.94
795.881	5040
796.053	75.79
796.226	192
796.398	188.17
796.57	88.12
796.743	13.99
796.915	32.38
797.088	14.57
797.26	-75.59
797.432	-91.14
797.605	237.43
797.777	-872.73
797.949	97.3
798.122	4.51
798.294	279.82
798.466	-171.43
798.638	26.33
798.81	84.51
798.983	212.66
799.155	63.16
799.327	-121.45
799.499	164.13
799.671	97.53
799.843	-28.18
800.015	56.03
800.187	70.45
800.359	-5.32
800.531	67.16
800.703	72.77
800.875	99.04
801.047	-24.64
801.219	-8.19
801.391	-155.84
801.563	86.33
801.735	50.81
801.907	382.82
802.079	7.57
802.251	-527.47
802.422	170.08
802.594	-46.75
802.766	44.06
802.938	161.43
803.11	24.49
803.281	79.47
803.453	8.38
803.625	32.34
803.796	49.7
803.968	91.11
804.14	-20.21
804.311	19.81
804.483	158.64
804.654	87.71
804.826	157.99
804.998	378.61
805.169	-60.23
805.341	-96
805.512	-126.71
805.684	98.56
805.855	92.48
806.026	609.23
806.198	382.82
806.369	96.45
806.541	99.02
806.712	115.92
806.883	52.32
807.055	114.39
807.226	69.36
807.397	13.19
807.569	84.96
807.74	83.64
807.911	-127.35
808.082	-75.34
808.253	-451.49
808.425	84.39
808.596	269.66
808.767	707.91
808.938	-23.61
809.109	-213.86
809.28	-68.25
809.451	-40.93
809.622	-38.5
809.793	-309.68
809.964	229.57
810.135	166.78
810.306	-166.47
810.477	354.36
810.648	24.67
810.819	64.24
810.99	3360
811.161	13.38
811.332	45.41
811.503	42.35
811.674	-313.85
811.844	-664.62
812.015	66.49
812.186	419.63
812.357	82.4
812.527	45.06
812.698	-21.48
812.869	-90.57
813.04	43.74
813.21	372.41
813.381	121.4
813.551	-74.37
813.722	96.87
813.893	24.26
814.063	65.51
814.234	-1221.82
814.404	145.14
814.575	235.93
814.745	-339.82
814.916	-4.2
815.086	113.68
815.257	102.24
815.427	206.13
815.598	32.21
815.768	36.31
815.938	61.03
816.109	-29.15
816.279	20.65
816.449	65.26
816.62	1894.74
816.79	104.71
816.96	316.98
817.13	-19.9
817.301	-0
817.471	-51.57
817.641	154.6
817.811	17.52
817.981	4628.57
818.152	153.55
818.322	166.34
818.492	-7
818.662	0
818.832	47.03
819.002	36.49
819.172	222.06
819.342	41.62
819.512	94.43
819.682	121.71
819.852	21.75
820.022	-7.98
820.192	-674.16
820.362	-15.96
820.531	43
820.701	146.94
820.871	113.9
821.041	-141.18
821.211	41.46
821.381	-26.93
821.55	20.43
821.72	474.42
821.89	-664.62
822.059	74.23
822.229	-1.83
822.399	209.87
822.568	206.9
822.738	-497.56
822.908	220.86
823.077	-84.13
823.247	85.83
823.416	-705.88
823.586	-57.75
823.756	60.85
823.925	364.56
824.095	1088.37
824.264	21.52
824.433	-148.67
824.603	91.78
824.772	22.89
824.942	-941.77
825.111	-126.63
825.28	-89.44
825.45	-31.3
825.619	7.45
825.788	-377.53
825.958	-59.66
826.127	63.95
826.296	136.81
826.465	107.29
826.635	177.64
826.804	32.7
826.973	172.69
827.142	132.77
827.311	-209.4
827.48	30.32
827.649	-0
827.818	170.08
827.988	38.4
828.157	90.28
828.326	-130.5
828.495	-17
828.664	-9.34
828.833	38.16
829.002	-171.43
829.17	136.91
829.339	397.99
829.508	87.45
829.677	283.15
829.846	25.57
830.015	-57.46
830.184	45.47
830.352	15.64
830.521	319.42
830.69	-29.27
830.859	-70.59
831.027	378.95
831.196	-173.98
831.365	16.81
831.533	92.61
831.702	9.72
831.871	75.18
832.039	101.46
832.208	135.65
832.377	-151.18
832.545	55.53
832.714	76.23
832.882	40.06
833.051	139.1
833.219	-171.43
833.388	115.99
833.556	97.96
833.724	46.64
833.893	-2.4
834.061	631.58
834.23	48.81
834.398	152.9
834.566	46.75
834.735	6342.86
834.903	-362.26
835.071	-2640
835.239	-118.03
835.408	101.6
835.576	-0
835.744	22.16
835.912	53.05
836.08	144.8
836.249	-384.91
836.417	121.93
836.585	308.16
836.753	160.22
836.921	-84.32
837.089	1200
837.257	-920.93
837.425	0
837.593	-104.74
837.761	78.69
837.929	113.36
838.097	117.25
838.265	32.2
838.433	-59.02
838.601	54.11
838.769	881.01
838.936	337.08
839.104	107.9
839.272	38.47
839.44	61.59
839.608	175.61
839.775	-4.59
839.943	92.94
840.111	31.4
840.279	20.26
840.446	179.1
840.614	561.04
840.781	333.91
840.949	74.73
841.117	-92.31
841.284	-154.51
841.452	335.4
841.619	50.55
841.787	110.7
841.954	418.6
842.122	277.46
842.289	76.16
842.457	200.57
842.624	174.94
842.792	-315.33
842.959	102.86
843.126	108.17
843.294	-171.43
843.461	119.64
843.629	355.2
843.796	129.59
843.963	-88.72
844.13	74.37
844.298	129.73
844.465	-80.47
844.632	-268.32
844.799	114.57
844.966	20.43
845.134	122.16
845.301	34.15
845.468	103.31
845.635	-16.96
845.802	178.72
845.969	55.24
846.136	105.81
846.303	-1389.47
846.47	23.97
846.637	516.92
846.804	-884.21
846.971	59.02
847.138	213.13
847.305	-223.01
847.472	120.36
847.639	67.45
847.805	-28.65
847.972	-311.69
848.139	41.2
848.306	1010.53
848.473	268.66
848.639	-42.35
848.806	124.8
848.973	144.55
849.14	-41.64
849.306	-231.39
849.473	-103.31
849.64	-756.92
849.806	11.48
849.973	278.92
850.139	119.21
850.306	70.14
850.472	221.4
850.639	7.87
850.806	-1515.79
850.972	532.17
851.139	3428.57
851.305	115.66
851.471	-85.41
851.638	-154.6
851.804	107.46
851.971	55.88
852.137	57.58
852.303	107.23
852.47	-9.51
852.636	45.93
852.802	434.65
852.968	10.21
853.135	-134.01
853.301	-138.73
853.467	-90.49
853.633	64.4
853.8	31.12
853.966	-304.57
854.132	6342.86
854.298	-289.05
854.464	431.46
854.63	110.92
854.796	130.17
854.962	155.4
855.128	25.79
855.294	-2.47
855.46	0
855.626	-56.58
855.792	-166.8
855.958	104.85
856.124	-73.62
856.29	278.15
856.456	44.13
856.622	127.66
856.787	311.69
856.953	10.75
857.119	130.69
857.285	238.86
857.45	127.21
857.616	-89.46
857.782	-3.07
857.948	146.71
858.113	98.29
858.279	-158.38
858.445	47.24
858.61	2455.81
858.776	77.73
858.941	35.64
859.107	-11.2
859.273	28.24
859.438	-48.71
859.604	315.79
859.769	-47.24
859.935	249.5
860.1	62.48
860.265	37.46
860.431	233.09
860.596	514.29
860.762	139.94
860.927	-27.2
861.092	19.71
861.258	-74.79
861.423	152.9
861.588	44.67
861.753	3942.86
861.919	-1109.43
862.084	245.67
862.249	56.95
862.414	81.91
862.579	-73.1
862.745	-4.95
862.91	177.12
863.075	101.63
863.24	-58.94
863.405	-66.33
863.57	-31.27
863.735	-105.78
863.9	-637.17
864.065	-22.02
864.23	136.15
864.395	-29.89
864.56	119.64
864.725	75.95
864.89	53.93
865.055	-49.07
865.22	-4.1
865.384	121.35
865.549	163.11
865.714	47.78
865.879	43.28
866.044	-200.66
866.208	95.29
866.373	-184.62
866.538	73.07
866.702	-141.64
866.867	-2.11
867.032	70.59
867.196	88.76
867.361	76.8
867.526	-272.96
867.69	-13.15
867.855	553.85
868.019	501.82
868.184	-11.01
868.348	-65.53
868.513	-967.74
868.677	289.49
868.842	84.81
869.006	180.17
869.17	-1788.68
869.335	-234.15
869.499	-256.31
869.663	278.15
869.828	14.57
869.992	1088.37
870.156	120.54
870.321	-77.42
870.485	39.91
870.649	60.16
870.813	-61.99
870.978	209.36
871.142	-775.38
871.306	-79.62
871.47	-0
871.634	283.46
871.798	-81.99
871.962	76.54
872.126	5142.86
872.29	-101.69
872.454	9942.86
872.618	45.93
872.782	161.19
872.946	241.61
873.11	247.24
873.274	-180.35
873.438	2047.06
873.602	-60.16
873.766	-405.19
873.93	-55.89
874.094	80.9
874.257	165.52
874.421	291.33
874.585	174.55
874.749	71.2
874.912	-258.99
875.076	80.4
875.24	-7.87
875.403	282.59
875.567	123.43
875.731	-26.97
875.894	-78.37
876.058	-22.97
876.222	-161.8
876.385	-36.18
876.549	57.23
876.712	1069.09
876.876	24.29
877.039	180.69
877.203	179.86
877.366	233.46
877.529	-135.69
877.693	-36.07
877.856	144.66
878.02	61.6
878.183	165.52
878.346	-77.92
878.51	361.06
878.673	43.17
878.836	56.78
878.999	38.71
879.163	137.7
879.326	104.35
879.489	166.76
879.652	64.68
879.815	76.63
879.978	-78.37
880.142	64.43
880.305	350.31
880.468	147.47
880.631	111.41
880.794	-96.31
880.957	-380.49
881.12	-2047.06
881.283	26.91
881.446	26.33
881.609	94.96
881.772	136.81
881.935	-2611.76
882.097	168.8
882.26	-883.02
882.423	48.24
882.586	119.56
882.749	195.92
882.912	22.09
883.074	59.91
883.237	91.11
883.4	25.46
883.562	72.96
883.725	-518.4
883.888	330.71
884.05	-4080
884.213	134
884.376	75.56
884.538	28.82
884.701	28.82
884.863	28.82
