181.954	-14.57
182.172	-14.57
182.39	-14.57
182.608	2400
182.826	145.05
183.043	56.17
183.261	107.9
183.479	225.22
183.697	2188.24
183.914	72.87
184.132	115.51
184.35	193.72
184.567	-13.52
184.785	-63.72
185.003	3.08
185.22	-159.66
185.438	115.16
185.656	-12.06
185.873	461.54
186.091	8.28
186.309	-248.28
186.526	222.62
186.744	24.71
186.961	62.87
187.179	-17.06
187.396	-11.47
187.614	-295.38
187.831	-12480
188.049	-228.22
188.266	44.57
188.484	-71.64
188.701	302.91
188.919	101.67
189.136	122.69
189.354	50.97
189.571	-204.74
189.789	87.8
190.006	29.08
190.223	-259.46
190.441	-10.67
190.658	6514.29
190.876	27.68
191.093	316.48
191.31	30.21
191.528	106.79
191.745	64.93
191.962	13.21
192.179	15.74
192.397	121.46
192.614	60.7
192.831	60.14
193.049	55.15
193.266	46.6
193.483	1.77
193.7	166.15
193.917	54.84
194.135	112.23
194.352	-9.27
194.569	49.07
194.786	212.53
195.003	-11.24
195.221	58.84
195.438	-122.97
195.655	66.33
195.872	-69.15
196.089	58.84
196.306	-22.74
196.523	33.86
196.74	97.96
196.957	41.43
197.174	60.91
197.391	143.25
197.608	61.64
197.825	0
198.042	5.71
198.259	-703.45
198.476	124.01
198.693	-1200
198.91	-185.41
199.127	-161.19
199.344	228.34
199.561	-117.92
199.778	50.95
199.995	-214.93
200.212	1696.55
200.429	199.05
200.646	-744.3
200.862	-148.31
201.079	48.52
201.296	222.52
201.513	-279.61
201.73	-199.26
201.947	56.58
202.163	-69.74
202.38	-83.24
202.597	474.87
202.814	-8.14
203.03	-3600
203.247	229.15
203.464	-32.12
203.681	15.58
203.897	79.16
204.114	769.81
204.331	143.19
204.547	-1032.56
204.764	107.5
204.981	-705.88
205.197	178.72
205.414	211.76
205.63	-82.76
205.847	235.18
206.064	632.73
206.28	3.27
206.497	56.58
206.713	79.36
206.93	-65.08
207.146	-45.69
207.363	350.77
207.579	-303.3
207.796	286.73
208.012	-26.3
208.229	143.28
208.445	6.54
208.662	22.18
208.878	72.57
209.095	-1694.12
209.311	16.53
209.528	1200
209.744	-32.43
209.96	-333.77
210.177	-419.42
210.393	93.77
210.609	6720
210.826	88.34
211.042	177.39
211.258	286.57
211.475	-77.01
211.691	14.37
211.907	516.46
212.124	31.52
212.34	205.71
212.556	-89.93
212.772	-461.54
212.989	103.31
213.205	-190.41
213.421	66.33
213.637	644.78
213.853	65.37
214.069	315.79
214.286	-59.48
214.502	-411.94
214.718	-188.09
214.934	125.78
215.15	-43.28
215.366	-67.87
215.582	33.92
215.798	76.29
216.015	80.75
216.231	-77.84
216.447	79.6
216.663	196.53
216.879	-108.54
217.095	128.86
217.311	-679.25
217.527	136.3
217.743	337.86
217.959	-294.34
218.175	13.77
218.391	284.89
218.606	-75.43
218.822	250.43
219.038	147.59
219.254	93.47
219.47	56.58
219.686	970.79
219.902	29.86
220.118	33.57
220.334	20.95
220.549	53.45
220.765	52.3
220.981	-27.04
221.197	8.04
221.413	-553.85
221.628	455.7
221.844	-22.64
222.06	326.21
222.276	10.29
222.491	77.76
222.707	3.93
222.923	-153.02
223.139	57.23
223.354	-89.33
223.57	283.46
223.786	28
224.001	-139
224.217	17.49
224.432	117.92
224.648	215.12
224.864	14.46
225.079	-161.19
225.295	59.55
225.51	168.65
225.726	63.81
225.942	52.66
226.157	92.73
226.373	-51.06
226.588	68.21
226.804	-1136.84
227.019	319.6
227.235	13.78
227.45	31.36
227.665	-0
227.881	-368.5
228.096	73.04
228.312	-38.71
228.527	114.47
228.743	-137.14
228.958	3.5
229.173	-406.96
229.389	19.67
229.604	82.33
229.819	52.32
230.035	-148.41
230.25	-185.42
230.465	142.98
230.681	-39.09
230.896	-22.43
231.111	39.94
231.327	179.47
231.542	11040
231.757	120.45
231.972	250.18
232.187	25.53
232.403	-1326.32
232.618	85.42
232.833	89.54
233.048	196.36
233.263	-29.83
233.478	-177.39
233.694	-781.4
233.909	580.65
234.124	114.38
234.339	-35.23
234.554	-1034.48
234.769	88.39
234.984	-113
235.199	170.6
235.414	74.34
235.629	45.57
235.844	-10.73
236.059	36.78
236.274	-29
236.489	-67.71
236.704	59.14
236.919	17.49
237.134	99.22
237.349	147.8
237.564	53.54
237.779	-88.65
237.994	10.21
238.209	81.77
238.424	-154.6
238.639	-0
238.853	76.95
239.068	-3.63
239.283	29
239.498	231.13
239.713	93.3
239.928	-8.28
240.142	-223.92
240.357	-150.41
240.572	64.23
240.787	52.32
241.001	-5.11
241.216	54.49
241.431	158.01
241.646	109.75
241.86	-172.2
242.075	-390.7
242.29	34.35
242.504	8.88
242.719	0
242.934	-37.8
243.148	57.4
243.363	-60.14
243.577	-148.31
243.792	-97.17
244.007	14.66
244.221	-264.94
244.436	519.4
244.65	228.22
244.865	-22.75
245.079	-32.29
245.294	-483.45
245.508	130.96
245.723	104.79
245.937	290.11
246.152	46.82
246.366	57.63
246.581	27.91
246.795	-66.26
247.01	66.49
247.224	47.18
247.438	50.59
247.653	46.2
247.867	30.42
248.081	14.78
248.296	321.95
248.51	31.81
248.724	-3.3
248.939	465.67
249.153	14.69
249.367	-36.83
249.582	-94.82
249.796	-46.75
250.01	166.89
250.224	94.99
250.439	30.42
250.653	51.06
250.867	-20.58
251.081	5.69
251.295	-39.19
251.51	-10.21
251.724	198.56
251.938	209.67
252.152	-236.5
252.366	49.39
252.58	109.09
252.794	32.48
253.008	182.78
253.223	5.32
253.437	150.47
253.651	26.54
253.865	146.85
254.079	2.29
254.293	2.4
254.507	567.27
254.721	154.84
254.935	184.62
255.149	50.74
255.363	104.13
255.577	378.52
255.791	105.76
256.005	-66.26
256.218	7.2
256.432	42.97
256.646	24.7
256.86	64.23
257.074	76.07
257.288	-3840
257.502	-250.55
257.716	-36.3
257.929	351.66
258.143	90.06
258.357	-144.17
258.571	44.28
258.785	-110.17
258.998	41.84
259.212	-26.03
259.426	91.48
259.64	142.63
259.853	142.95
260.067	36.53
260.281	87.48
260.494	-5.78
260.708	427.72
260.922	71.46
261.135	20.48
261.349	26.22
261.563	124.34
261.776	-4094.12
261.99	92.47
262.203	56.12
262.417	-76.33
262.63	69.15
262.844	-67.42
263.058	244.07
263.271	15.19
263.485	58.31
263.698	132.5
263.912	20.43
264.125	-70.74
264.339	311.81
264.552	87.01
264.765	-333.91
264.979	127.9
265.192	130.79
265.406	-23.33
265.619	39.34
265.832	47.63
266.046	-47.1
266.259	8.14
266.473	-1006.45
266.686	137.91
266.899	101.14
267.113	3840
267.326	114.49
267.539	21.75
267.752	64.74
267.966	74.7
268.179	177.12
268.392	-8.41
268.605	-236.22
268.819	122.16
269.032	-164.93
269.245	1181.54
269.458	230.26
269.671	-288.61
269.885	-10.64
270.098	11.37
270.311	60.76
270.524	32.98
270.737	-12.28
270.95	222.52
271.163	377.95
271.376	-154.84
271.589	-75.95
271.802	38.21
272.016	-46.91
272.229	133.12
272.442	126.32
272.655	38.88
272.868	-101.08
273.081	-404.49
273.294	-46.1
273.506	131.45
273.719	-63.81
273.932	-1.98
274.145	3120
274.358	-69.66
274.571	104.87
274.784	-22.64
274.997	70.84
275.21	-110.62
275.423	-103.25
275.635	-0
275.848	40.31
276.061	-0
276.274	-3.07
276.487	-313.04
276.699	23.82
276.912	-33.76
277.125	306.38
277.338	48.34
277.55	21.45
277.763	11.57
277.976	177.96
278.189	-26.37
278.401	-1.83
278.614	249.6
278.827	57.52
279.039	145.35
279.252	83.38
279.464	-110.49
279.677	188.05
279.89	-9.01
280.102	-192.96
280.315	-848.78
280.527	-3031.58
280.74	206.9
280.952	26.02
281.165	76.41
281.377	119.31
281.59	-22.57
281.802	34.99
282.015	31.81
282.227	84.54
282.44	552.52
282.652	13.48
282.865	28.44
283.077	66.51
283.29	158.68
283.502	40.89
283.714	181.99
283.927	28.65
284.139	-103
284.351	-30.69
284.564	83.42
284.776	122.38
284.988	59.36
285.201	-35.82
285.413	-4.57
285.625	-90.81
285.838	21.98
286.05	66.59
286.262	154.98
286.474	-94.26
286.686	-27.6
286.899	10.76
287.111	-20.17
287.323	-3.53
287.535	392.08
287.747	73.56
287.959	15.15
288.172	-370.91
288.384	65.74
288.596	19.13
288.808	316.98
289.02	316.98
289.232	166.75
289.444	16.47
289.656	-93.81
289.868	59.61
290.08	-198.77
290.292	-81.7
290.504	20.17
290.716	18.87
290.928	47.72
291.14	167.44
291.352	5.62
291.564	-1623.53
291.776	137.99
291.988	-449.08
292.2	-164.93
292.412	175.14
292.624	-27.54
292.835	322.39
293.047	-35.35
293.259	15.05
293.471	135.75
293.683	673.17
293.895	44.13
294.106	-62.15
294.318	51.4
294.53	68.45
294.742	2689.66
294.953	35.42
295.165	113.15
295.377	114.39
295.589	48.34
295.8	68.99
296.012	11.86
296.224	49.4
296.435	101
296.647	31
296.858	293.53
297.07	1458.46
297.282	-32.12
297.493	-2.46
297.705	6.86
297.916	-56.33
298.128	101.36
298.34	120.98
298.551	10.51
298.763	-38.88
298.974	146.43
299.186	111.15
299.397	31.49
299.609	-2709.68
299.82	175.06
300.031	68.8
300.243	2842.11
300.454	36.81
300.666	31.02
300.877	62.56
301.089	194.04
301.3	75.11
301.511	76.24
301.723	18.63
301.934	53.73
302.145	-47.13
302.357	217.56
302.568	278.4
302.779	2.36
302.99	-43.05
303.202	37.25
303.413	9.39
303.624	40.68
303.835	-747.17
304.047	-29.15
304.258	90.13
304.469	31.88
304.68	35.36
304.891	7.98
305.103	97.3
305.314	50.32
305.525	-1371.43
305.736	-122.83
305.947	74.4
306.158	4023.53
306.369	53.54
306.58	38.77
306.791	161.31
307.002	53.86
307.213	46.97
307.424	-4.24
307.636	209.26
307.846	214.42
308.057	489.32
308.268	34.23
308.479	46.82
308.69	29.71
308.901	32.43
309.112	-1423.26
309.323	87.8
309.534	46.33
309.745	22.58
309.956	0
310.167	-46.39
310.377	160.41
310.588	74.44
310.799	24.29
311.01	-164.01
311.221	82.32
311.432	17.82
311.642	-25.26
311.853	113.98
312.064	-331.03
312.275	75.84
312.485	83.86
312.696	41.3
312.907	-156.78
313.117	52.35
313.328	59.85
313.539	33.76
313.749	89.33
313.96	-698.9
314.171	75.87
314.381	38.03
314.592	-38.32
314.802	52.73
315.013	22.89
315.224	36.84
315.434	-3789.47
315.645	5760
315.855	-55.59
316.066	-229.21
316.276	-42.4
316.487	526.83
316.697	69.85
316.908	-24.67
317.118	10.88
317.329	-19.13
317.539	74.79
317.749	272.96
317.96	-770.15
318.17	-54.43
318.381	52.75
318.591	-276.92
318.801	27.79
319.012	-76.33
319.222	302.91
319.432	-119.11
319.643	80.47
319.853	-64.57
320.063	79.09
320.273	13.06
320.484	-79.12
320.694	191.02
320.904	24.41
321.114	67.42
321.325	-372.41
321.535	-17.06
321.745	-11.47
321.955	77.06
322.165	174.02
322.375	18.05
322.585	-0
322.796	1241.38
323.006	77.75
323.216	106.55
323.426	32.75
323.636	57.42
323.846	620.69
324.056	69.66
324.266	-4.72
324.476	4.93
324.686	6.49
324.896	32.48
325.106	135.85
325.316	22.82
325.526	-2084.21
325.736	80.81
325.946	-27.49
326.156	296.1
326.366	-166.96
326.576	81.57
326.785	235.18
326.995	166.57
327.205	6.03
327.415	349.83
327.625	254.01
327.835	-11.63
328.044	18.09
328.254	260.87
328.464	233.22
328.674	98.45
328.884	-215.83
329.093	198.93
329.303	43.87
329.513	439.75
329.722	-757.89
329.932	57.96
330.142	66.78
330.351	121.44
330.561	741.82
330.771	-97.42
330.98	-140.6
331.19	73.85
331.4	-195.05
331.609	38.22
331.819	-965.85
332.028	61.71
332.238	113.9
332.447	64.93
332.657	49.56
332.866	-15.64
333.076	6.2
333.285	70.36
333.495	2787.1
333.704	-258.3
333.914	38.67
334.123	-83.36
334.333	461.54
334.542	91.55
334.752	0
334.961	566.04
335.17	-102.51
335.38	29.43
335.589	81.9
335.798	73.92
336.008	316.48
336.217	122.55
336.426	53.2
336.636	56.17
336.845	-98.03
337.054	810.39
337.263	19.77
337.473	-7.2
337.682	-62.54
337.891	39.93
338.1	-69.06
338.309	-4.27
338.519	98.41
338.728	26.63
338.937	-9.45
339.146	-51.8
339.355	135.85
339.564	3157.89
339.773	-90.45
339.983	-37.39
340.192	-31.3
340.401	166.76
340.61	21.82
340.819	85.85
341.028	169.18
341.237	-1058.82
341.446	65.05
341.655	56.58
341.864	-164.93
342.073	9.51
342.282	-46.27
342.491	85.56
342.699	46.6
342.908	-296.1
343.117	66.49
343.326	-68.02
343.535	-130.91
343.744	-5.62
343.953	329.14
344.162	17.13
344.37	-96.75
344.579	-591.04
344.788	-46.04
344.997	28.24
345.206	187.62
345.414	65.05
345.623	141.7
345.832	39.34
346.041	140.1
346.249	44.37
346.458	36.77
346.667	13.66
346.875	42.92
347.084	10.35
347.293	101.08
347.501	39.81
347.71	-2.92
347.918	-115.13
348.127	-567.03
348.336	166.89
348.544	103.49
348.753	-125.37
348.961	-19.32
349.17	13.9
349.378	24.68
349.587	110.17
349.795	-174.76
350.004	221.54
350.212	-19.29
350.421	403.54
350.629	58.01
350.838	47.18
351.046	35.91
351.254	57.36
351.463	-34.81
351.671	-3284.21
351.879	-72.29
352.088	58.63
352.296	-0
352.504	133.86
352.713	-48.58
352.921	28.35
353.129	-0
353.338	-55.98
353.546	-21.87
353.754	-125.15
353.962	172.69
354.171	17.55
354.379	-1010.53
354.587	16.76
354.795	-58.63
355.003	-13.31
355.212	43.5
355.42	633.96
355.628	179.28
355.836	-28.47
356.044	-61.95
356.252	78.23
356.46	33.59
356.668	646.15
356.876	100.66
357.084	32.98
357.292	79.87
357.5	-75.13
357.708	22.64
357.916	32.7
358.124	3.5
358.332	-411.94
358.54	-545.45
358.748	-62.34
358.956	23.33
359.164	66.59
359.372	136.39
359.58	-43.17
359.788	-49.6
359.996	64.45
360.203	-8.25
360.411	53.05
360.619	-162.81
360.827	61.17
361.035	-184.05
361.242	105.57
361.45	243.04
361.658	181.99
361.866	15.7
362.073	63.6
362.281	77.97
362.489	-55.74
362.697	54.67
362.904	-7.25
363.112	15.35
363.32	16.19
363.527	-208.7
363.735	55.6
363.943	-19.82
364.15	-0
364.358	-2.4
364.565	20.73
364.773	52.91
364.98	-89.05
365.188	-15.55
365.395	139.95
365.603	40.68
365.81	17.2
366.018	19.39
366.225	134.03
366.433	-62.53
366.64	72.17
366.848	80.71
367.055	-124.14
367.263	54.45
367.47	36.69
367.677	379.75
367.885	-7.98
368.092	34.23
368.299	-43.94
368.507	51.13
368.714	467.26
368.921	-103.94
369.129	115.8
369.336	34.23
369.543	-36.29
369.751	-41.54
369.958	145.29
370.165	41.68
370.372	87.8
370.579	46.04
370.787	-4.51
370.994	110.16
371.201	127.52
371.408	53.71
371.615	-11.2
371.822	153.08
372.029	154.58
372.237	-82.29
372.444	155.68
372.651	-5.82
372.858	98.53
373.065	70.59
373.272	92.07
373.479	-1572.41
373.686	85.31
373.893	69.9
374.1	-28.71
374.307	-492.09
374.514	63.16
374.721	-22.19
374.928	451.95
375.135	-65.87
375.341	5280
375.548	-1.57
375.755	-55.98
375.962	21.56
376.169	-61.83
376.376	34.01
376.583	-69.18
376.789	55.56
376.996	75.15
377.203	45.69
377.41	-8.07
377.617	95.66
377.823	314.44
378.03	-387.1
378.237	49.28
378.443	-192
378.65	837.74
378.857	-8.86
379.063	-106.33
379.27	-333.91
379.477	58.86
379.683	16.35
379.89	11.45
380.097	-23.48
380.303	37.1
380.51	-38.47
380.716	-34.12
380.923	255.12
381.129	111.34
381.336	0
381.542	19.19
381.749	-2.24
381.955	74.23
382.162	93.79
382.368	-0
382.575	12.61
382.781	-537.93
382.988	20.65
383.194	-39.41
383.4	3.3
383.607	25.43
383.813	13.28
384.02	67.81
384.226	112.85
384.432	37.29
384.639	54.26
384.845	-653.16
385.051	62.2
385.257	19.52
385.464	77.1
385.67	99.1
385.876	75.16
386.082	-211.53
386.289	34
386.495	-2.92
386.701	-257.98
386.907	-33.76
387.113	17.1
387.319	79.23
387.526	27.36
387.732	330.71
387.938	259.2
388.144	83.48
388.35	48.27
388.556	10.6
388.762	52.42
388.968	669.77
389.174	6.01
389.38	106.26
389.586	-14.15
389.792	16.49
389.998	-57.02
390.204	-41.98
390.41	85.47
390.616	47.1
390.822	-17.94
391.028	-26.06
391.234	55.81
391.439	-221.36
391.645	38.16
391.851	51.35
392.057	13.77
392.263	29.91
392.469	-2.19
392.674	20.98
392.88	-0.91
393.086	-21.56
393.292	-32.91
393.498	-85.01
393.703	17.9
393.909	41.95
394.115	42.67
394.32	19.52
394.526	-14.35
394.732	65.27
394.937	98.17
395.143	-140.89
395.349	51.84
395.554	-295.48
395.76	24.7
395.965	-46.56
396.171	-25.92
396.377	-46.97
396.582	23.29
396.788	-21.18
396.993	45.2
397.199	5.46
397.404	20.22
397.61	-15.02
397.815	15.25
398.021	1.62
398.226	-24.36
398.431	20.34
398.637	-1.27
398.842	-19.07
399.048	2.37
399.253	24.32
399.458	38.29
399.664	3.55
399.869	-4.25
400.074	26.1
400.28	10.15
400.485	-28.8
400.69	28.25
400.896	-2.39
401.101	1.64
401.306	-22.46
401.511	-3.46
401.716	-3.93
401.922	-6.31
402.127	5.21
402.332	-17.78
402.537	15.58
402.742	25.28
402.947	34.68
403.153	-6.19
403.358	13.57
403.563	12.03
403.768	15.11
403.973	2.6
404.178	-15.52
404.383	-5.74
404.588	4.85
404.793	23.77
404.998	-7.16
405.203	-0
405.408	-5.4
405.613	1.67
405.818	9.66
406.023	-0
406.228	-16.27
406.433	5.46
406.638	-7.33
406.842	8.59
407.047	5.48
407.252	0.53
407.457	18.47
407.662	8.32
407.867	7.23
408.071	11.29
408.276	8.98
408.481	5.85
408.686	2.66
408.891	9.03
409.095	4.44
409.3	3.69
409.505	10.19
409.709	7.05
409.914	8.5
410.119	0.73
410.323	-1.51
410.528	-0.46
410.733	8.46
410.937	-3.55
411.142	3.54
411.346	5.21
411.551	3.09
411.756	1.86
411.96	7.73
412.165	-0.84
412.369	5
412.574	0.91
412.778	2.7
412.983	2.19
413.187	4.58
413.392	0.81
413.596	3.6
413.8	2.97
414.005	5.83
414.209	2.66
414.414	4.1
414.618	0.14
414.822	4.25
415.027	3.03
415.231	1.86
415.435	4.55
415.64	3.4
415.844	0.36
416.048	2.66
416.252	4.65
416.457	2.52
416.661	3.76
416.865	0.27
417.069	2.28
417.274	2.03
417.478	2.56
417.682	3.91
417.886	1.32
418.09	2.07
418.294	3.41
418.498	2.68
418.702	4.37
418.907	3.7
419.111	1.45
419.315	4.34
419.519	1.56
419.723	2.3
419.927	3.66
420.131	4.47
420.335	4.01
420.539	1.5
420.743	4.88
420.947	1.99
421.151	2.94
421.355	2.96
421.558	4.19
421.762	2.63
421.966	3.2
422.17	3.4
422.374	3.16
422.578	2.97
422.782	3.83
422.985	0.8
423.189	3.33
423.393	2.73
423.597	2.25
423.801	3.23
424.004	2.8
424.208	3.01
424.412	2.82
424.615	2.88
424.819	3.37
425.023	3.45
425.226	3.41
425.43	3.85
425.634	3.42
425.837	1.99
426.041	3.2
426.245	3.74
426.448	2.42
426.652	3.21
426.855	1.99
427.059	2.39
427.262	3.16
427.466	2.75
427.669	2.67
427.873	3.56
428.076	3.34
428.28	2.66
428.483	2.83
428.687	2.88
428.89	2.34
429.094	2.21
429.297	2.52
429.5	3.26
429.704	3.49
429.907	2.45
430.11	2.46
430.314	3.47
430.517	2.59
430.72	2.96
430.924	3.58
431.127	2.5
431.33	2.92
431.533	3.47
431.737	2.29
431.94	2.97
432.143	3.22
432.346	2.85
432.549	3.08
432.752	1.81
432.956	3
433.159	2
433.362	2.17
433.565	2.48
433.768	2.6
433.971	2.49
434.174	2.69
434.377	2.93
434.58	2.59
434.783	2.81
434.986	2.85
435.189	2.66
435.392	2.89
435.595	2.96
435.798	2.71
436.001	2.89
436.204	2.85
436.407	2.62
436.61	3
436.813	3.09
437.016	2.76
437.219	2.5
437.421	2.76
437.624	2.91
437.827	3.31
438.03	2.63
438.233	2.3
438.435	3
438.638	3.01
438.841	2.54
439.044	2.69
439.246	2.41
439.449	2.61
439.652	3.16
439.854	3.14
440.057	2.77
440.26	2.77
440.462	2.71
440.665	2.37
440.868	3
441.07	3.12
441.273	3.24
441.475	2.72
441.678	3
441.88	2.56
442.083	2.52
442.286	2.68
442.488	2.35
442.69	2.61
442.893	2.6
443.095	2.66
443.298	2.8
443.5	2.85
443.703	2.96
443.905	2.95
444.108	2.67
444.31	2.73
444.512	2.52
444.715	2.89
444.917	2.95
445.119	2.94
445.322	2.54
445.524	2.92
445.726	2.52
445.928	2.51
446.131	3.02
446.333	2.81
446.535	2.64
446.737	2.76
446.94	3.01
447.142	2.81
447.344	2.83
447.546	3.05
447.748	2.34
447.95	3.15
448.152	2.67
448.354	2.76
448.557	3.12
448.759	3.15
448.961	3.12
449.163	3.11
449.365	2.78
449.567	3.11
449.769	3.06
449.971	2.83
450.173	2.83
450.375	3
450.577	3.14
450.779	3.09
450.981	3.18
451.182	2.93
451.384	2.58
451.586	3.32
451.788	2.86
451.99	3.22
452.192	2.97
452.394	3.33
452.595	3.57
452.797	3.16
452.999	3
453.201	3.38
453.402	2.66
453.604	2.98
453.806	3
454.008	3.48
454.209	3.11
454.411	3.65
454.613	3.22
454.814	3.08
455.016	3.67
455.218	3.43
455.419	3.73
455.621	3.22
455.822	3.03
456.024	3.28
456.225	3.45
456.427	3.44
456.629	2.68
456.83	3.25
457.032	3.52
457.233	3
457.435	2.97
457.636	3.1
457.837	3.51
458.039	3.35
458.24	3.2
458.442	3.72
458.643	3.12
458.844	3.31
459.046	2.79
459.247	3.81
459.448	3.56
459.65	3.7
459.851	3.31
460.052	3.36
460.254	4.07
460.455	3.64
460.656	4.08
460.857	3.42
461.059	3.77
461.26	4.05
461.461	3.73
461.662	3.24
461.863	3.88
462.065	3.38
462.266	3.57
462.467	3.19
462.668	3.62
462.869	3.72
463.07	4.49
463.271	3.72
463.472	3.15
463.673	3.61
463.874	3.17
464.075	3.13
464.276	2.97
464.477	4.2
464.678	3.97
464.879	3.72
465.08	4.6
465.281	3.93
465.482	3.25
465.683	3.43
465.884	3.58
466.085	3.95
466.285	4.27
466.486	4.44
466.687	3.97
466.888	4.21
467.089	4.05
467.29	3.84
467.49	3.54
467.691	3.74
467.892	3.09
468.093	2.89
468.293	3.48
468.494	3.4
468.695	3.89
468.895	3.14
469.096	3.6
469.297	3.78
469.497	4.23
469.698	4.07
469.898	2.99
470.099	3.76
470.3	5.04
470.5	4.23
470.701	3.53
470.901	4.44
471.102	4.08
471.302	3.74
471.503	3.72
471.703	4.64
471.904	3.8
472.104	3.04
472.305	3.54
472.505	4.13
472.705	3.75
472.906	3.6
473.106	5.11
473.306	4.13
473.507	4.27
473.707	3.53
473.907	4.05
474.108	2.52
474.308	3.83
474.508	3.43
474.709	4.19
474.909	4.57
475.109	3
475.309	4.39
475.51	3.1
475.71	3.11
475.91	4.87
476.11	2.21
476.31	3.68
476.51	4.03
476.71	2.54
476.911	4.38
477.111	2.48
477.311	3.19
477.511	3.52
477.711	3.69
477.911	3.44
478.111	4.25
478.311	4.14
478.511	5.13
478.711	3.97
478.911	3.19
479.111	3.23
479.311	1.98
479.511	5.3
479.711	3.08
479.91	2.82
480.11	6.04
480.31	4.62
480.51	5.02
480.71	2.79
480.91	4.85
481.109	3.55
481.309	5.01
481.509	2.21
481.709	4.04
481.909	4.16
482.108	3.11
482.308	2.94
482.508	5.09
482.707	4.38
482.907	5.16
483.107	3.61
483.306	3.83
483.506	4.2
483.706	3.43
483.905	2.86
484.105	4.89
484.304	3.47
484.504	4.02
484.704	4.75
484.903	1.39
485.103	4.96
485.302	3.25
485.502	5.25
485.701	4.81
485.901	3.06
486.1	4.04
486.299	3.81
486.499	2.73
486.698	4.17
486.898	3.86
487.097	3.98
487.296	2.2
487.496	3.18
487.695	3.62
487.894	2.9
488.094	4.29
488.293	4.01
488.492	4.13
488.692	3.92
488.891	4.98
489.09	3.82
489.289	3.07
489.489	3.73
489.688	1.63
489.887	3.84
490.086	4.59
490.285	2.63
490.484	5.84
490.683	4.9
490.883	5.57
491.082	4.52
491.281	4.32
491.48	4.09
491.679	4.48
491.878	4.26
492.077	4.79
492.276	3.9
492.475	4.91
492.674	2.55
492.873	4.82
493.072	3.22
493.271	5.4
493.47	3.26
493.669	3.69
493.867	4.08
494.066	5.01
494.265	4.68
494.464	5.41
494.663	2.86
494.862	3.2
495.06	4.97
495.259	2.29
495.458	4.84
495.657	2.47
495.856	5.16
496.054	4.04
496.253	4.63
496.452	4.87
496.65	5.83
496.849	5.36
497.048	4.15
497.246	3.51
497.445	4.99
497.644	5.25
497.842	4.82
498.041	4.61
498.239	3.83
498.438	5.15
498.636	5.43
498.835	4.34
499.034	4.44
499.232	4.49
499.431	4.28
499.629	4.17
499.827	4.43
500.026	4.69
500.224	4.2
500.423	3.46
500.621	4.01
500.82	4.42
501.018	5.65
501.216	5.16
501.415	4.98
501.613	4.86
501.811	4.99
502.01	5.54
502.208	4.55
502.406	5.26
502.604	5.09
502.803	5.58
503.001	5.39
503.199	4.23
503.397	4.97
503.595	4.33
503.794	4.95
503.992	4.99
504.19	5.37
504.388	5.93
504.586	4.81
504.784	4.86
504.982	5.78
505.18	5.18
505.378	4.76
505.576	5.07
505.774	5.18
505.972	5.16
506.17	6.1
506.368	6.14
506.566	4.48
506.764	5.6
506.962	6.12
507.16	6.27
507.358	4.96
507.556	5.05
507.754	6.1
507.952	6.09
508.15	5.96
508.347	5.31
508.545	5.98
508.743	5.87
508.941	5.95
509.139	6.09
509.336	5.71
509.534	6.49
509.732	5.98
509.93	5.77
510.127	5.7
510.325	5.67
510.523	5.88
510.72	6.3
510.918	6.62
511.116	6.13
511.313	5.68
511.511	6.26
511.708	5.77
511.906	6.57
512.104	7.04
512.301	6.59
512.499	6.43
512.696	6.5
512.894	6.05
513.091	6.11
513.289	6.82
513.486	6.3
513.683	6.52
513.881	6.73
514.078	6.78
514.276	6.65
514.473	6.62
514.67	7.3
514.868	6.22
515.065	6.28
515.262	7.43
515.46	6.56
515.657	7.01
515.854	7.23
516.052	5.98
516.249	6.71
516.446	6.99
516.643	7.18
516.84	6.96
517.038	6.98
517.235	7.17
517.432	7.07
517.629	7.23
517.826	7.23
518.023	7.16
518.221	6.96
518.418	6.77
518.615	7.27
518.812	7.2
519.009	7.36
519.206	6.95
519.403	7.67
519.6	7.25
519.797	6.97
519.994	7.29
520.191	7.74
520.388	7.39
520.585	7.54
520.782	7.62
520.978	6.8
521.175	7.54
521.372	7.49
521.569	7.43
521.766	7.09
521.963	7.12
522.159	7.49
522.356	7.38
522.553	8.08
522.75	7.69
522.947	7.53
523.143	7.88
523.34	8.21
523.537	8.01
523.733	8.06
523.93	7.62
524.127	7.74
524.323	7.98
524.52	8.15
524.717	7.95
524.913	7.63
525.11	7.32
525.306	7.68
525.503	7.56
525.7	8.11
525.896	7.51
526.093	7.78
526.289	7.96
526.486	7.5
526.682	7.78
526.878	7.8
527.075	8.3
527.271	8.23
527.468	8.4
527.664	7.89
527.861	8.47
528.057	7.88
528.253	7.89
528.45	8.16
528.646	8.05
528.842	8.45
529.039	7.84
529.235	8.26
529.431	8.18
529.627	7.85
529.824	8.18
530.02	8.04
530.216	7.88
530.412	8.29
530.608	8.15
530.804	7.96
531.001	8.55
531.197	8.35
531.393	8.66
531.589	8.23
531.785	8.22
531.981	8.23
532.177	8.64
532.373	8.57
532.569	8.32
532.765	8.11
532.961	8.39
533.157	8.3
533.353	8.39
533.549	8.22
533.745	8.44
533.941	8.43
534.137	8.31
534.333	8.05
534.529	8.44
534.725	8.45
534.92	8.31
535.116	8.23
535.312	8.24
535.508	8.31
535.704	8.3
535.899	8.38
536.095	8.58
536.291	8.51
536.487	7.93
536.682	8.26
536.878	8.07
537.074	8.67
537.269	8.3
537.465	8.47
537.661	8.19
537.856	8.58
538.052	8.26
538.248	8.56
538.443	9.32
538.639	8.66
538.834	8.33
539.03	8.71
539.225	8.22
539.421	8.31
539.616	8.73
539.812	8.68
540.007	8.69
540.203	8.08
540.398	8.42
540.593	8.64
540.789	8.88
540.984	8.84
541.18	8.41
541.375	8.28
541.57	8.84
541.766	8.82
541.961	8.91
542.156	8.82
542.352	9.18
542.547	8.41
542.742	8.62
542.937	9.02
543.133	9.38
543.328	8.78
543.523	8.74
543.718	9.21
543.913	9
544.108	8.72
544.304	9.24
544.499	9.06
544.694	8.66
544.889	8.82
545.084	9.12
545.279	8.99
545.474	8.99
545.669	9.26
545.864	8.85
546.059	8.78
546.254	9.05
546.449	9.13
546.644	8.62
546.839	9.05
547.034	9.47
547.229	9.04
547.424	9.14
547.618	9.34
547.813	8.96
548.008	9.1
548.203	8.83
548.398	9.09
548.593	9.1
548.787	9.12
548.982	8.83
549.177	9.02
549.372	9.02
549.566	9.21
549.761	8.92
549.956	9.19
550.15	8.92
550.345	9.13
550.54	9.57
550.734	9.26
550.929	9.2
551.124	9.5
551.318	9.27
551.513	9.24
551.707	9.2
551.902	9.52
552.096	9.69
552.291	9.39
552.485	9.02
552.68	9.21
552.874	9.85
553.069	9.89
553.263	9.9
553.458	9.35
553.652	9.81
553.847	9.38
554.041	9.72
554.235	9.02
554.43	10.07
554.624	9.25
554.818	9.33
555.013	9.67
555.207	9.49
555.401	9.96
555.595	9.74
555.79	9.55
555.984	9.77
556.178	9.88
556.372	9.54
556.566	10
556.761	9.39
556.955	9.81
557.149	9.53
557.343	9.74
557.537	10.08
557.731	9.79
557.925	9.63
558.119	9.59
558.313	9.82
558.507	9.72
558.701	9.9
558.895	9.75
559.089	10.26
559.283	9.88
559.477	10.03
559.671	10.16
559.865	9.89
560.059	9.99
560.253	9.74
560.447	10.12
560.641	10.05
560.835	10.03
561.028	10.11
561.222	10.16
561.416	10.06
561.61	9.79
561.804	9.99
561.997	9.93
562.191	10.05
562.385	10.02
562.579	9.91
562.772	10.09
562.966	9.95
563.16	9.95
563.353	10.37
563.547	10.66
563.741	10.11
563.934	10.24
564.128	10.18
564.321	9.87
564.515	10.44
564.708	9.8
564.902	10.27
565.095	10.36
565.289	10.54
565.482	10.05
565.676	10.2
565.869	10.11
566.063	10.36
566.256	10.15
566.45	10.4
566.643	10.32
566.836	10.49
567.03	10.31
567.223	10.36
567.416	10.72
567.61	10.92
567.803	10.6
567.996	10.52
568.19	10.21
568.383	10.36
568.576	10.11
568.769	10.5
568.963	10.7
569.156	10.58
569.349	10.98
569.542	10.76
569.735	10.57
569.928	10.55
570.121	10.8
570.315	10.99
570.508	10.49
570.701	10.92
570.894	10.6
571.087	10.84
571.28	11.43
571.473	10.76
571.666	10.5
571.859	11.02
572.052	10.61
572.245	10.57
572.438	10.73
572.631	10.69
572.824	10.77
573.016	10.81
573.209	11.11
573.402	11.11
573.595	10.56
573.788	11.08
573.981	10.71
574.173	10.58
574.366	11.13
574.559	11.02
574.752	10.72
574.944	11.21
575.137	11.12
575.33	10.75
575.523	11
575.715	11.24
575.908	10.94
576.101	10.69
576.293	10.93
576.486	11.23
576.678	10.94
576.871	10.88
577.063	11.04
577.256	10.87
577.449	10.93
577.641	10.85
577.834	11.12
578.026	10.6
578.219	10.89
578.411	11.42
578.603	11.82
578.796	11.09
578.988	11.15
579.181	11.13
579.373	11.43
579.565	11.16
579.758	11.56
579.95	10.75
580.142	11.21
580.335	11.54
580.527	11.25
580.719	11.27
580.912	11.43
581.104	11.71
581.296	11.43
581.488	11.65
581.68	11.36
581.873	11.5
582.065	11.58
582.257	11.42
582.449	11.36
582.641	11.3
582.833	11.15
583.025	11.06
583.217	11.78
583.41	11.57
583.602	11.55
583.794	11.89
583.986	11.64
584.178	11.31
584.37	11.7
584.562	11.38
584.753	11.57
584.945	11.86
585.137	11.4
585.329	11.94
585.521	12.5
585.713	11.69
585.905	12.06
586.097	11.76
586.289	11.72
586.48	11.83
586.672	12.39
586.864	11.29
587.056	11.74
587.247	11.34
587.439	11.38
587.631	12.18
587.823	11.89
588.014	12.15
588.206	11.88
588.398	11.84
588.589	12.38
588.781	11.68
588.972	11.72
589.164	12.21
589.356	12.27
589.547	12.27
589.739	11.82
589.93	12.22
590.122	11.8
590.313	11.79
590.505	12.11
590.696	12.07
590.888	11.79
591.079	12.75
591.271	12.34
591.462	12.3
591.653	12.46
591.845	12.42
592.036	12.21
592.227	12.51
592.419	11.96
592.61	12.33
592.801	12.49
592.993	12.37
593.184	12.46
593.375	12.28
593.566	12.62
593.758	12.32
593.949	12.6
594.14	12.46
594.331	12.82
594.522	13.09
594.713	12.02
594.905	12.77
595.096	12.84
595.287	12.43
595.478	12.79
595.669	12.63
595.86	12.64
596.051	12.82
596.242	12.69
596.433	12.63
596.624	12.9
596.815	13
597.006	13
597.197	12.44
597.388	12.52
597.579	12.87
597.77	12.46
597.96	12.69
598.151	13.22
598.342	12.97
598.533	12.91
598.724	13.52
598.915	13.24
599.105	12.85
599.296	13.21
599.487	12.51
599.678	13.05
599.868	13.27
600.059	13.67
600.25	13.36
600.44	13.49
600.631	13.39
600.822	13.22
601.012	13.17
601.203	12.96
601.394	13.33
601.584	13.75
601.775	13.05
601.965	12.92
602.156	13.4
602.346	13.42
602.537	13.45
602.727	14
602.918	13.32
603.108	14.08
603.299	12.97
603.489	13.61
603.679	13.28
603.87	13.82
604.06	14.2
604.251	13.57
604.441	13.04
604.631	13.59
604.822	14.11
605.012	13.69
605.202	13.67
605.392	13.25
605.583	13.89
605.773	13.99
605.963	14
606.153	13.93
606.344	13.96
606.534	13.61
606.724	14.33
606.914	13.64
607.104	13.49
607.294	14.28
607.484	13.89
607.674	14.67
607.864	14.12
608.054	13.98
608.245	13.79
608.435	14.41
608.625	14.62
608.814	14.02
609.004	14.25
609.194	13.85
609.384	13.92
609.574	14.55
609.764	14.35
609.954	14.14
610.144	13.9
610.334	13.96
610.524	14.16
610.713	14.88
610.903	14.06
611.093	13.77
611.283	14.44
611.473	14.34
611.662	14.33
611.852	14.14
612.042	14.27
612.231	14.33
612.421	14.69
612.611	14.44
612.8	14.57
612.99	14.2
613.18	14.63
613.369	14.03
613.559	14.18
613.748	14.37
613.938	14.57
614.128	14.29
614.317	14.06
614.507	14.58
614.696	14.97
614.886	14.76
615.075	13.71
615.264	14.7
615.454	15.16
615.643	13.84
615.833	14.55
616.022	14.91
616.211	14.47
616.401	14.06
616.59	14.39
616.779	14.59
616.969	14.67
617.158	14.69
617.347	14.59
617.537	15.17
617.726	15.13
617.915	14.08
618.104	14.6
618.293	15
618.483	14.14
618.672	14.77
618.861	15.46
619.05	15.62
619.239	14.9
619.428	14.23
619.617	15.15
619.806	14.56
619.995	14.81
620.184	14.21
620.373	14.67
620.562	15.18
620.751	14.02
620.94	14.53
621.129	15.23
621.318	15.13
621.507	15.31
621.696	14.75
621.885	13.96
622.074	14.52
622.263	14.6
622.452	16.34
622.64	15.31
622.829	14.86
623.018	15.4
623.207	14.75
623.396	15.38
623.584	14.91
623.773	15.52
623.962	14.79
624.15	15.71
624.339	15.59
624.528	15.26
624.716	15.02
624.905	14.62
625.094	15.15
625.282	15.46
625.471	15.17
625.659	14.72
625.848	15.43
626.037	15.95
626.225	15.91
626.414	16.17
626.602	15.38
626.791	14.95
626.979	15.33
627.167	15.13
627.356	15.39
627.544	15.91
627.733	15.37
627.921	16.15
628.109	15.53
628.298	15.22
628.486	15.3
628.674	15.94
628.863	15.11
629.051	16.71
629.239	15.5
629.428	15.43
629.616	16.68
629.804	15.62
629.992	15.54
630.18	16.46
630.369	16.53
630.557	15.02
630.745	15.98
630.933	16.11
631.121	16.59
631.309	15.55
631.497	16.17
631.685	16.75
631.873	15.66
632.061	15.98
632.249	16.67
632.437	16.71
632.625	16.26
632.813	15.46
633.001	15.82
633.189	15.78
633.377	16.61
633.565	15.05
633.753	15.92
633.941	15.61
634.129	16.32
634.316	15.95
634.504	16.51
634.692	16.1
634.88	16.3
635.068	16.65
635.255	16.1
635.443	16.65
635.631	16.94
635.818	17.01
636.006	15.56
636.194	15.89
636.382	16.15
636.569	16.47
636.757	17.23
636.944	17.07
637.132	16.89
637.32	17.17
637.507	16.48
637.695	16.74
637.882	16.59
638.07	16.44
638.257	16.49
638.445	16.05
638.632	16.04
638.82	15.47
639.007	15.96
639.194	16.36
639.382	15.9
639.569	16.48
639.757	16.39
639.944	15.31
640.131	16.3
640.319	16.39
640.506	16.46
640.693	16.95
640.88	15.83
641.068	17.28
641.255	16.63
641.442	16.75
641.629	16.04
641.817	17.25
642.004	17.21
642.191	16.75
642.378	18.24
642.565	17.63
642.752	17.86
642.939	16.73
643.126	16.95
643.313	15.61
643.501	17.78
643.688	17.44
643.875	15.97
644.062	16.81
644.249	16.31
644.435	16.36
644.622	15.91
644.809	16.83
644.996	15.07
645.183	16.79
645.37	16.7
645.557	16.01
645.744	15.14
645.931	15.66
646.117	15.78
646.304	16.47
646.491	16.93
646.678	15.98
646.865	16.62
647.051	15.82
647.238	16.76
647.425	15.49
647.611	16.11
647.798	15.45
647.985	15.74
648.171	16.46
648.358	15.42
648.545	16.66
648.731	14.4
648.918	16.33
649.104	15.42
649.291	15.57
649.477	15.43
649.664	16.79
649.85	17.19
650.037	15.36
650.223	15.61
650.41	16.22
650.596	15.57
650.783	16.05
650.969	17.06
651.155	15.88
651.342	14.17
651.528	15.45
651.714	15.11
651.901	16.42
652.087	16.7
652.273	14.51
652.46	14.94
652.646	16.68
652.832	16.64
653.018	15.89
653.204	17.24
653.391	16.69
653.577	15.15
653.763	15.45
653.949	15.69
654.135	16.89
654.321	15.81
654.507	15.9
654.693	14.64
654.879	16.25
655.065	15.81
655.252	14.61
655.438	15.37
655.624	15.99
655.809	15.05
655.995	15.52
656.181	16.77
656.367	15.69
656.553	16.05
656.739	16.07
656.925	16.49
657.111	16.19
657.297	17.97
657.482	15.37
657.668	16.32
657.854	15.6
658.04	14.69
658.226	15.15
658.411	14.74
658.597	16.28
658.783	17.63
658.968	16.14
659.154	14.45
659.34	14.9
659.525	16.13
659.711	15.02
659.897	14.52
660.082	14.31
660.268	14.47
660.453	16.19
660.639	15.81
660.824	13.94
661.01	16.5
661.195	14.78
661.381	14.27
661.566	15.34
661.752	13.83
661.937	13.97
662.123	13.71
662.308	15.05
662.494	14
662.679	14.43
662.864	14.15
663.05	14.88
663.235	14.79
663.42	13.97
663.605	13.96
663.791	13.55
663.976	15.88
664.161	14.01
664.346	15.32
664.532	13.11
664.717	13.54
664.902	16.82
665.087	16.49
665.272	13.96
665.457	12.14
665.642	13.12
665.828	12.58
666.013	14.33
666.198	12.02
666.383	14.55
666.568	13.44
666.753	15.15
666.938	13.49
667.123	14.99
667.308	12.33
667.493	13.92
667.677	11.27
667.862	14.04
668.047	14.37
668.232	12.43
668.417	13.94
668.602	11.18
668.787	14.47
668.971	13.37
669.156	13.98
669.341	11.05
669.526	14.26
669.711	13.67
669.895	14.33
670.08	13.37
670.265	14.76
670.449	13.44
670.634	14.64
670.819	13.72
671.003	11.36
671.188	14.13
671.372	12.23
671.557	14.45
671.742	14.29
671.926	12.85
672.111	12.2
672.295	10.84
672.48	10.7
672.664	10.75
672.849	12.28
673.033	10.64
673.217	13.27
673.402	11.18
673.586	11.44
673.771	12.98
673.955	13.55
674.139	12.77
674.324	12.87
674.508	12.37
674.692	13.14
674.876	13.87
675.061	13.48
675.245	15.85
675.429	15.86
675.613	13.97
675.798	14.04
675.982	14.72
676.166	13.68
676.35	14.73
676.534	12.35
676.718	14.2
676.902	16.53
677.087	12.1
677.271	14.86
677.455	15.49
677.639	12.48
677.823	14.73
678.007	17.16
678.191	15.03
678.375	14.63
678.559	16.51
678.742	14.45
678.926	16.81
679.11	17.69
679.294	15.39
679.478	14.49
679.662	15.47
679.846	17.02
680.029	15.45
680.213	13.47
680.397	15.53
680.581	15.44
680.765	15.48
680.948	16.5
681.132	15.19
681.316	14.44
681.499	17.87
681.683	16.7
681.867	17.69
682.05	18.87
682.234	15.54
682.417	18.33
682.601	19.21
682.785	18.19
682.968	15.18
683.152	18.28
683.335	13.73
683.519	15.85
683.702	17.05
683.886	19.49
684.069	19.44
684.253	20.04
684.436	20.55
684.619	18.43
684.803	18.7
684.986	19.89
685.169	20.57
685.353	20.49
685.536	18.82
685.719	23.27
685.903	19.02
686.086	18.81
686.269	23.93
686.452	19.79
686.636	23.5
686.819	16.74
687.002	22.16
687.185	23.17
687.368	20.95
687.551	19.26
687.734	23.47
687.918	22.54
688.101	23.82
688.284	23.53
688.467	25.14
688.65	25.23
688.833	21.55
689.016	24.35
689.199	21.43
689.382	24.56
689.565	23.13
689.748	23.57
689.93	19.89
690.113	24.99
690.296	24.56
690.479	24.57
690.662	24.7
690.845	25.33
691.028	22.64
691.21	26.29
691.393	23.91
691.576	23.36
691.759	24.18
691.941	28.67
692.124	27.81
692.307	26.9
692.489	21.5
692.672	24.94
692.855	21.33
693.037	28.74
693.22	28.71
693.403	22.22
693.585	29.83
693.768	31.67
693.95	25.25
694.133	30.75
694.315	29.2
694.498	26.96
694.68	24.21
694.863	34.83
695.045	28.51
695.228	27.29
695.41	28.3
695.592	29.29
695.775	27.19
695.957	27.93
696.139	23.92
696.322	26.78
696.504	31.51
696.686	26.68
696.869	27.45
697.051	29.55
697.233	30.6
697.415	31.71
697.597	27.88
697.78	26.85
697.962	26.89
698.144	29.26
698.326	27.45
698.508	33.04
698.69	28.97
698.872	29.76
699.055	34.86
699.237	24.6
699.419	22.38
699.601	21.27
699.783	35.65
699.965	26.85
700.147	26.79
700.329	28.43
700.51	32.02
700.692	29.77
700.874	24.46
701.056	31.63
701.238	29.49
701.42	35.93
701.602	31.22
701.783	26.02
701.965	26.2
702.147	31.95
702.329	29.85
702.511	29.12
702.692	32.66
702.874	23.99
703.056	31.24
703.237	39.33
703.419	32.76
703.601	38.35
703.782	30.02
703.964	33.51
704.146	32.62
704.327	26.29
704.509	35.99
704.69	29.59
704.872	30.69
705.053	31.04
705.235	37.13
705.416	31.19
705.598	27.4
705.779	32.73
705.961	31.78
706.142	28.76
706.323	28.78
706.505	28.87
706.686	28.06
706.867	26.13
707.049	34.46
707.23	32.33
707.411	33.41
707.593	35.1
707.774	27.02
707.955	35.74
708.136	30.45
708.318	25.36
708.499	31.34
708.68	30.19
708.861	38.21
709.042	28.42
709.223	32.73
709.404	32
709.585	31.6
709.767	28.59
709.948	38.91
710.129	33.15
710.31	29.11
710.491	28.22
710.672	29.31
710.853	25.47
711.034	38.03
711.214	34.03
711.395	41.01
711.576	34.51
711.757	37.6
711.938	32.63
712.119	28.43
712.3	39.99
712.481	25.15
712.661	33.3
712.842	28.96
713.023	31.56
713.204	27.43
713.384	38
713.565	33.59
713.746	33.68
713.926	26.09
714.107	24.82
714.288	29.41
714.468	43.51
714.649	42.3
714.83	25.26
715.01	40.1
715.191	34.72
715.371	31.8
715.552	30.78
715.732	40.66
715.913	33.36
716.093	30.01
716.274	29.94
716.454	30.5
716.635	31.66
716.815	31.55
716.995	32.86
717.176	34.45
717.356	22.29
717.536	41.82
717.717	26.83
717.897	24.49
718.077	32.96
718.258	27.6
718.438	36.17
718.618	47.37
718.798	23.03
718.978	27.81
719.159	22.32
719.339	45.3
719.519	34.26
719.699	36.83
719.879	31.19
720.059	30.03
720.239	28.88
720.419	46.29
720.599	29.9
720.779	37.99
720.959	25.9
721.139	30.01
721.319	30.07
721.499	51.74
721.679	25.83
721.859	37.92
722.039	26.83
722.219	37.07
722.399	27.15
722.579	30.74
722.759	37.8
722.938	26.69
723.118	36.78
723.298	31.11
723.478	19.54
723.658	39.3
723.837	34.04
724.017	30.21
724.197	32.28
724.376	27.34
724.556	27.92
724.736	45.85
724.915	31.05
725.095	38.99
725.275	31.84
725.454	30.79
725.634	29.43
725.813	32.49
725.993	34.86
726.172	45.4
726.352	41.3
726.531	38.37
726.711	49.32
726.89	30.64
727.07	46.5
727.249	34.45
727.428	34.71
727.608	29.04
727.787	32.72
727.966	19.72
728.146	12.69
728.325	50.07
728.504	28.79
728.684	14.42
728.863	60.37
729.042	26.23
729.221	15.33
729.4	31.93
729.58	33.38
729.759	39.04
729.938	34.91
730.117	42.55
730.296	29.74
730.475	37.32
730.654	39.75
730.833	40.62
731.013	39.88
731.192	28.3
731.371	46.52
731.55	51.05
731.729	36.74
731.907	53.19
732.086	44.3
732.265	28.49
732.444	23.99
732.623	28.5
732.802	17.28
732.981	35.26
733.16	25.37
733.339	37.94
733.517	28.38
733.696	49.37
733.875	36.64
734.054	36.17
734.232	53.18
734.411	42.2
734.59	32.89
734.768	44.67
734.947	40.38
735.126	10.08
735.304	39.07
735.483	54.6
735.662	38.93
735.84	38.04
736.019	36.2
736.197	23.27
736.376	37.74
736.554	71
736.733	57.34
736.911	54.78
737.09	39.31
737.268	25.54
737.447	42.09
737.625	37.02
737.803	48.82
737.982	42.71
738.16	46.88
738.338	68.52
738.517	35.18
738.695	36.92
738.873	35.53
739.052	36.17
739.23	13.58
739.408	28.45
739.586	19.38
739.764	20.36
739.943	51.49
740.121	44.16
740.299	9.11
740.477	43.83
740.655	32.96
740.833	48.8
741.011	55.8
741.189	42.34
741.367	37.71
741.545	14.71
741.723	19.61
741.901	22.86
742.079	59.39
742.257	54.16
742.435	45.46
742.613	12.27
742.791	39.74
742.969	26.86
743.147	30.18
743.325	12.9
743.503	30.55
743.68	22.16
743.858	51.42
744.036	28.45
744.214	25.59
744.391	9.33
744.569	41.98
744.747	35.08
744.925	61.95
745.102	41.67
745.28	18.47
745.458	54.72
745.635	34.75
745.813	83.45
745.99	51.38
746.168	28.08
746.345	73.07
746.523	38.04
746.7	37.63
746.878	25.34
747.055	9.45
747.233	64.88
747.41	72.36
747.588	40.1
747.765	70.91
747.943	47.52
748.12	28.79
748.297	13.53
748.475	65.15
748.652	3.19
748.829	56.56
749.007	41.24
749.184	32.51
749.361	41.17
749.538	28.22
749.716	48.18
749.893	50.86
750.07	40.95
750.247	43.96
750.424	60.25
750.601	79.77
750.778	65.45
750.956	14.04
751.133	13.18
751.31	45.3
751.487	26.6
751.664	38.02
751.841	-6.37
752.018	38.92
752.195	13.01
752.372	27.92
752.549	43.74
752.726	39.17
752.902	65.13
753.079	55.17
753.256	65.84
753.433	27.48
753.61	36.05
753.787	-6.77
753.964	68.31
754.14	26.04
754.317	61.41
754.494	47.25
754.671	65.41
754.847	31.15
755.024	39.63
755.201	9.12
755.377	7.8
755.554	70.73
755.73	46.6
755.907	-2.03
756.084	38.56
756.26	50.47
756.437	23.51
756.613	27.93
756.79	67.79
756.966	33.47
757.143	76.94
757.319	51.82
757.496	59.4
757.672	37.64
757.849	41.67
758.025	54.14
758.201	46.99
758.378	54.65
758.554	-2.51
758.73	46.78
758.907	21.66
759.083	42.99
759.259	27
759.435	69.99
759.612	14.84
759.788	48.83
759.964	71.98
760.14	42.56
760.316	-3.58
760.493	-5.76
760.669	87.49
760.845	30.97
761.021	27.33
761.197	-11.33
761.373	56.09
761.549	66.9
761.725	55.34
761.901	24.04
762.077	33.2
762.253	20.5
762.429	71.83
762.605	-0.77
762.781	20.54
762.957	27.09
763.133	63.57
763.308	39.41
763.484	13.19
763.66	107.29
763.836	0
764.012	12.37
764.187	16.98
764.363	69.21
764.539	55.23
764.715	15.63
764.89	39.41
765.066	18.96
765.242	11.18
765.417	3.88
765.593	41.68
765.769	38.25
765.944	59.15
766.12	77.66
766.295	34.52
766.471	46.25
766.646	55.48
766.822	135.24
766.997	-15.37
767.173	83.72
767.348	13.06
767.524	13.16
767.699	60.92
767.875	39.08
768.05	-1.14
768.225	53.84
768.401	21.74
768.576	87.48
768.751	106.73
768.927	30.32
769.102	83.09
769.277	27.7
769.452	83.86
769.628	76.5
769.803	108.42
769.978	68.99
770.153	-75.79
770.328	58
770.503	44.65
770.679	76.95
770.854	6.95
771.029	31.55
771.204	-166.89
771.379	36.56
771.554	63.45
771.729	45.06
771.904	-42.93
772.079	90.3
772.254	78.64
772.429	14.71
772.604	44.03
772.779	114.66
772.953	-14.58
773.128	33.85
773.303	26.06
773.478	32.22
773.653	36.07
773.828	44.71
774.002	68.66
774.177	9.51
774.352	250.43
774.527	54.33
774.701	16.57
774.876	182.85
775.051	-44.92
775.225	37.07
775.4	14.36
775.575	32.81
775.749	-53.83
775.924	102.92
776.098	55.07
776.273	63.63
776.447	41.67
776.622	71.02
776.796	42.35
776.971	-49.36
777.145	-6.53
777.32	43.98
777.494	82.6
777.669	26.21
777.843	-117.26
778.017	3.88
778.192	58.32
778.366	1.83
778.54	20.84
778.715	58.17
778.889	2.98
779.063	69.55
779.237	42.19
779.412	70.14
779.586	-47.64
779.76	13.28
779.934	12.23
780.108	89.65
780.282	-17.91
780.457	64.68
780.631	-20.99
780.805	16.44
780.979	197.01
781.153	18.41
781.327	76.26
781.501	-22.58
781.675	-3.5
781.849	-0
782.023	107.84
782.197	1.8
782.371	-41.14
782.545	191.41
782.718	-93.29
782.892	105.19
783.066	80.81
783.24	121.46
783.414	16.93
783.588	96.1
783.761	48.12
783.935	177.68
784.109	112.94
784.283	135.65
784.456	312.8
784.63	56.99
784.804	107.78
784.977	28.4
785.151	-24.67
785.324	46.27
785.498	27.91
785.672	43.49
785.845	75.09
786.019	11.37
786.192	111.26
786.366	27.16
786.539	20.34
786.713	-35.97
786.886	35.8
787.06	105.14
787.233	-76.54
787.406	51.45
787.58	73.67
787.753	34.7
787.926	-49.07
788.1	103.07
788.273	-135.85
788.446	26.57
788.62	232.26
788.793	74.55
788.966	96.49
789.139	-43.94
789.313	55.59
789.486	514.29
789.659	96
789.832	70.89
790.005	46.22
790.178	-138.05
790.351	6.58
790.524	134.24
790.697	47.8
790.87	-85.28
791.044	414.55
791.216	118.54
791.389	-147.59
791.562	131.73
791.735	258.23
791.908	467.53
792.081	133.04
792.254	145.05
792.427	-17.84
792.6	87.46
792.773	34.1
792.945	-125.37
793.118	89.33
793.291	-421.98
793.464	97.02
793.637	-73.62
793.809	-54.01
793.982	-5.12
794.155	55.24
794.327	101.2
794.5	-350.77
794.673	-24.29
794.845	46.69
795.018	6.09
795.19	-67.42
795.363	87.88
795.536	207.54
795.708	-580.65
795.881	-3360
796.053	75.79
796.226	233.14
796.398	194.34
796.57	124.41
796.743	66.47
796.915	-30.58
797.088	111.74
797.26	-226.77
797.432	-243.04
797.605	-160.43
797.777	31.17
797.949	-55.6
798.122	36.05
798.294	161.43
798.466	-6.86
798.638	3.76
798.81	114.93
798.983	60.76
799.155	90.47
799.327	-26.02
799.499	99.1
799.671	97.53
799.843	28.18
800.015	-107.39
800.187	39.92
800.359	37.25
800.531	22.97
800.703	49.55
800.875	108.25
801.047	22.18
801.219	53.24
801.391	529.87
801.563	-17.27
801.735	156.35
801.907	419.63
802.079	151.42
802.251	-356.04
802.422	179.53
802.594	0
802.766	-7.78
802.938	32.29
803.11	-73.47
803.281	-190.73
803.453	55.88
803.625	75.07
803.796	44.52
803.968	77.54
804.14	136.42
804.311	-16.51
804.483	61.02
804.654	76.52
804.826	112.85
804.998	314.44
805.169	-106.56
805.341	451.2
805.512	171.43
805.684	51.75
805.855	162.94
806.026	1273.85
806.198	73.62
806.369	-0
806.541	20.14
806.712	23.61
806.883	68.66
807.055	114.39
807.226	-208.09
807.397	-79.12
807.569	456.64
807.74	75.11
807.911	83.27
808.082	-102.24
808.253	83.17
808.425	72.04
808.596	485.39
808.767	189.93
808.938	78.69
809.109	-534.65
809.28	45.5
809.451	107.72
809.622	32.09
809.793	-77.42
809.964	114.78
810.135	40.68
810.306	-242.77
810.477	120.81
810.648	-2.24
810.819	117.02
810.99	-4080
811.161	4.46
811.332	207.57
811.503	44.37
811.674	-387.69
811.844	-775.38
812.015	53.83
812.186	382.82
812.357	-180.26
812.527	70.59
812.698	46.04
812.869	837.74
813.04	-16.4
813.21	82.76
813.381	-74.71
813.551	-209.58
813.722	140.36
813.893	72.78
814.063	50.62
814.234	130.91
814.404	75.16
814.575	227.8
814.745	-339.82
814.916	12.61
815.086	53.05
815.257	-199.1
815.427	117.79
815.598	47.61
815.768	77.58
815.938	67.92
816.109	208.91
816.279	50.48
816.449	-61.63
816.62	631.58
816.79	106.08
816.96	-339.62
817.13	41.04
817.301	146.19
817.471	-101.16
817.641	51.53
817.811	8.76
817.981	-3942.86
818.152	-170.62
818.322	-392.08
818.492	-7
818.662	-131.45
818.832	14.78
819.002	126.65
819.172	213.52
819.342	-104.05
819.512	69.1
819.682	51.35
819.852	49.42
820.022	45.23
820.192	242.7
820.362	18.63
820.531	-19.54
820.701	34.99
820.871	-36.61
821.041	16.29
821.211	-36.85
821.381	17.96
821.55	-66.38
821.72	446.51
821.89	498.46
822.059	-34.64
822.229	5.5
822.399	59.19
822.568	112.85
822.738	-263.41
822.908	198.77
823.077	8.86
823.247	70.98
823.416	776.47
823.586	-102.67
823.756	125.07
823.925	622.78
824.095	334.88
824.264	-75.34
824.433	-42.48
824.603	128.49
824.772	19.62
824.942	-941.77
825.111	18.09
825.28	-119.25
825.45	41.74
825.619	141.61
825.788	-13.48
825.958	-52.77
826.127	-0
826.296	109.45
826.465	237.18
826.635	58.01
826.804	13.08
826.973	123.99
827.142	-10.21
827.311	-16.11
827.48	101.05
827.649	90.28
827.818	302.36
827.988	-28.8
828.157	71.47
828.326	25.46
828.495	-108.78
828.664	121.4
828.833	97.53
829.002	-253.42
829.17	80.54
829.339	-12.06
829.508	53.44
829.677	175.28
829.846	36.75
830.015	-16.9
830.184	98.53
830.352	-93.81
830.521	552.52
830.69	0
830.859	-2964.71
831.027	1642.11
831.196	-0
831.365	-37.83
831.533	50.28
831.702	-34.01
831.871	-14.46
832.039	223.91
832.208	-386.09
832.377	85.04
832.545	58.61
832.714	48.51
832.882	-38.16
833.051	91.94
833.219	3257.14
833.388	102.6
833.556	-66.47
833.724	169.61
833.893	28.86
834.061	568.42
834.23	109.83
834.398	254.83
834.566	-93.51
834.735	4457.14
834.903	90.57
835.071	-5760
835.239	-47.21
835.408	140.05
835.576	27.91
835.744	-44.33
835.912	121.26
836.08	56.31
836.249	837.74
836.417	198.93
836.585	61.63
836.753	32.7
836.921	84.32
837.089	-3942.86
837.257	-837.21
837.425	97.02
837.593	-38.9
837.761	129.27
837.929	89.9
838.097	34.81
838.265	45.08
838.433	-19.67
838.601	41.38
838.769	30.38
838.936	350.56
839.104	120.98
839.272	119.08
839.44	55.99
839.608	-439.02
839.775	34.42
839.943	46.47
840.111	56.07
840.279	83.3
840.446	340.3
840.614	249.35
840.781	-125.22
840.949	17.25
841.117	206.33
841.284	41.2
841.452	-238.51
841.619	18.72
841.787	132.84
841.954	474.42
842.122	97.11
842.289	-16.47
842.457	64.59
842.624	90.21
842.792	-17.52
842.959	6.86
843.126	-13.52
843.294	58.36
843.461	-50.76
843.629	-163.2
843.796	36.29
843.963	-93.39
844.13	-13.52
844.298	-50.97
844.465	94.46
844.632	216.15
844.799	253.27
844.966	142.98
845.134	74.73
845.301	-12.42
845.468	79.47
845.635	-46.64
845.802	81.7
845.969	92.07
846.136	19.24
846.303	-568.42
846.47	41.54
846.637	221.54
846.804	-947.37
846.971	-7.87
847.138	310.42
847.305	-10.62
847.472	211.55
847.639	16.86
847.805	79.58
847.972	389.61
848.139	-56.65
848.306	-189.47
848.473	519.4
848.639	22.18
848.806	-105.6
848.973	-4.59
849.14	143.85
849.306	5.38
849.473	-381.46
849.64	221.54
849.806	200.96
849.973	45.41
850.139	190.73
850.306	73.19
850.472	256.83
850.639	31.48
850.806	947.37
850.972	-396.52
851.139	4800
851.305	37.59
851.471	307.47
851.638	287.12
851.804	232.84
851.971	47.89
852.137	18.43
852.303	40.85
852.47	45.64
852.636	132.06
852.802	-66.14
852.968	-102.13
853.135	60.91
853.301	41.62
853.467	141.64
853.633	-10.73
853.8	46.68
853.966	-176.65
854.132	6000
854.298	-0
854.464	-364.04
854.63	40.34
854.796	211.53
854.962	51.8
855.128	51.57
855.294	-7.42
855.46	-91.5
855.626	-77.42
855.792	-88.03
855.958	-34.95
856.124	103.07
856.29	23.84
856.456	35.73
856.622	102.13
856.787	202.6
856.953	12.09
857.119	47.52
857.285	164.93
857.45	76.33
857.616	144.99
857.782	-190.28
857.948	0
858.113	-155.63
858.279	-54.82
858.445	226.77
858.61	27.91
858.776	145.75
858.941	130.69
859.107	33.61
859.273	-67.76
859.438	-17.71
859.604	-442.11
859.769	226.77
859.935	-0
860.1	102.91
860.265	43.92
860.431	-86.33
860.596	7885.71
860.762	55.98
860.927	-88.39
861.092	81.31
861.258	-78.19
861.423	41.7
861.588	113.15
861.753	4628.57
861.919	67.92
862.084	226.77
862.249	223.73
862.414	94.2
862.579	188.83
862.745	81.65
862.91	221.4
863.075	183.71
863.24	2.36
863.405	72.36
863.57	78.18
863.735	54.71
863.9	-63.72
864.065	101.28
864.23	56.99
864.395	196.44
864.56	29
864.725	288.61
864.89	202.25
865.055	182.9
865.22	-20.48
865.384	-296.63
865.549	-279.61
865.714	-5.62
865.879	173.11
866.044	-94.43
866.208	44.67
866.373	-448.35
866.538	154.57
866.702	15.74
866.867	25.31
867.032	107.29
867.196	32.43
867.361	38.4
867.526	-133.91
867.69	85.48
867.855	-435.16
868.019	960
868.184	9.44
868.348	-36.86
868.513	-38.71
868.677	144.75
868.842	-0
869.006	214.16
869.17	22.64
869.335	-204.88
869.499	-442.72
869.663	413.25
869.828	-72.87
869.992	1060.47
870.156	34.18
870.321	-31.67
870.485	69.18
870.649	47.49
870.813	-101.85
870.978	40.85
871.142	-960
871.306	-199.05
871.47	-8.76
871.634	396.85
871.798	-178.88
871.962	185.88
872.126	-1200
872.29	8.72
872.454	3257.14
872.618	45.93
872.782	71.64
872.946	217.45
873.11	150.75
873.274	90.17
873.438	-1129.41
873.602	-50.66
873.766	327.27
873.93	-32.88
874.094	701.12
874.257	120.95
874.421	166.47
874.585	305.45
874.749	92.04
874.912	86.33
875.076	56.58
875.24	7.87
875.403	135.15
875.567	75.43
875.731	202.25
875.894	102.86
876.058	-5.74
876.222	-40.45
876.385	162.81
876.549	106.84
876.712	763.64
876.876	-14.57
877.039	69.5
877.203	47.78
877.366	56.03
877.529	-76.33
877.693	57.72
877.856	82.19
878.02	4.93
878.183	7.52
878.346	109.09
878.51	63.72
878.673	-233.09
878.836	-41.64
878.999	-812.9
879.163	146.14
879.326	-76.73
879.489	39.24
879.652	46.2
879.815	38.32
879.978	-19.59
880.142	-153.02
880.305	193.79
880.468	86.75
880.631	149.6
880.794	10.41
880.957	-263.41
881.12	494.12
881.283	-16.14
881.446	94.33
881.609	172.66
881.772	85.99
881.935	1270.59
882.097	36.83
882.26	-430.19
882.423	24.12
882.586	48.71
882.749	101.46
882.912	-44.17
883.074	46.8
883.237	114.53
883.4	-3.18
883.562	117.98
883.725	-201.6
883.888	340.16
884.05	-3360
884.213	142.93
884.376	3.6
884.538	14.41
884.701	14.41
884.863	14.41
