181.954	135.63
182.172	135.63
182.39	135.63
182.608	1700
182.826	25.27
183.043	-46.38
183.261	78.2
183.479	204.4
183.697	2617.65
183.914	91.9
184.132	63.64
184.35	419.28
184.567	168.73
184.785	22.12
185.003	37.28
185.22	108.58
185.438	94.63
185.656	-217.59
185.873	-201.54
186.091	23.55
186.309	-1155.17
186.526	-10.41
186.744	-29.98
186.961	43.51
187.179	22.27
187.396	36.52
187.614	223.08
187.831	-11980
188.049	279.14
188.266	150.07
188.484	-843.28
188.701	-140.78
188.919	36.55
189.136	113.97
189.354	-28.19
189.571	-108.53
189.789	71.62
190.006	92.89
190.223	-12.43
190.441	120.33
190.658	-5328.57
190.876	175.98
191.093	-383.52
191.31	36.78
191.528	5.39
191.745	31.06
191.962	90.46
192.179	86.89
192.397	-170.45
192.614	107.78
192.831	-199.77
193.049	-15.37
193.266	185.44
193.483	72.82
193.7	500
193.917	122.67
194.135	-26.62
194.352	-264.48
194.569	23.27
194.786	126.78
195.003	61.59
195.221	-10.97
195.438	-59.72
195.655	65.83
195.872	117.63
196.089	83.89
196.306	-28
196.523	-124.45
196.74	333.47
196.957	45.68
197.174	-54.31
197.391	166.54
197.608	27.75
197.825	-777.42
198.042	-34.39
198.259	-368.97
198.476	204.56
198.693	-5500
198.91	149.79
199.127	-305.97
199.344	150.2
199.561	298.84
199.778	88.38
199.995	-610.45
200.212	-493.1
200.429	67.77
200.646	-289.87
200.862	634.83
201.079	-24.42
201.296	213.91
201.513	500
201.73	-181.92
201.947	115.88
202.163	38.28
202.38	222.54
202.597	-26.2
202.814	56.61
203.03	1940
203.247	29.65
203.464	68.64
203.681	-294.81
203.897	126.39
204.114	341.51
204.331	110.76
204.547	-281.4
204.764	65.63
204.981	-276.47
205.197	290.64
205.414	102.14
205.63	86.21
205.847	-48.74
206.064	-198.18
206.28	61.85
206.497	2.73
206.713	69.54
206.93	52.28
207.146	110.42
207.363	1.54
207.579	-700
207.796	53.98
208.012	66.03
208.229	-628.36
208.445	91.28
208.662	40.17
208.878	-5.4
209.095	1064.71
209.311	34.33
209.528	5814.29
209.744	18.15
209.96	-0.66
210.177	80.58
210.393	90.33
210.609	-3340
210.826	43.56
211.042	-42.61
211.258	177.61
211.475	-32.62
211.691	42.99
211.907	-305.06
212.124	36.21
212.34	-96.57
212.556	-62.06
212.772	38.46
212.989	-8.61
213.205	-88.93
213.421	-54.77
213.637	-395.52
213.853	112.45
214.069	-1394.74
214.286	129.15
214.502	-73.13
214.718	-68.03
214.934	190.65
215.15	23.93
215.366	71.21
215.582	118.37
215.798	99.19
216.015	46.92
216.231	-103.24
216.447	82.48
216.663	20.6
216.879	-133.17
217.095	379.19
217.311	-428.3
217.527	181.96
217.743	-94.17
217.959	-700
218.175	84.7
218.391	310.07
218.606	102.29
218.822	-105.22
219.038	-13.37
219.254	93.26
219.47	-80.65
219.686	486.52
219.902	31.57
220.118	13.29
220.334	-37.83
220.549	136.53
220.765	113.56
220.981	-37.46
221.197	48.16
221.413	-489.01
221.628	-593.67
221.844	749.06
222.06	-35.92
222.276	-31.05
222.491	134.33
222.707	27.87
222.923	-579.19
223.139	131.8
223.354	-68.73
223.57	18.11
223.786	29.16
224.001	-42.08
224.217	-77.26
224.432	-75.72
224.648	188.98
224.864	-0.24
225.079	-288.06
225.295	-56.82
225.51	428.65
225.726	-55.75
225.942	255.49
226.157	69.46
226.373	-158.72
226.588	25.05
226.804	-1836.84
227.019	126.13
227.235	19.17
227.45	60.94
227.665	5300
227.881	112.6
228.096	9.57
228.312	-56.82
228.527	135.61
228.743	-7.43
228.958	45.19
229.173	-658.26
229.389	-104.22
229.604	30.7
229.819	-98.37
230.035	37.81
230.25	59.18
230.465	-41.28
230.681	-101.95
230.896	-13.64
231.111	57.16
231.327	116.42
231.542	3620
231.757	227.88
231.972	-38.52
232.187	280.43
232.403	-384.21
232.618	-61.36
232.833	22.84
233.048	85.45
233.263	-69.02
233.478	-136.52
233.694	-197.67
233.909	190.32
234.124	149.11
234.339	35.03
234.554	251.72
234.769	-118.7
234.984	80.27
235.199	28.92
235.414	192.04
235.629	-305.06
235.844	-30.23
236.059	60.05
236.274	-14.8
236.489	-116.93
236.704	51.54
236.919	-101.75
237.134	42.79
237.349	-10.26
237.564	108.27
237.779	53.56
237.994	-122.98
238.209	165.29
238.424	-280.37
238.639	59.56
238.853	12.67
239.068	10.57
239.283	-14.8
239.498	97.89
239.713	116.41
239.928	9.36
240.142	-22.49
240.357	-26.43
240.572	-121.97
240.787	35.69
241.001	-117.87
241.216	7.16
241.431	316.37
241.646	14.24
241.86	-172.65
242.075	-1258.14
242.29	-83.9
242.504	-20.84
242.719	343.48
242.934	122.05
243.148	-33.03
243.363	111.85
243.577	41.57
243.792	9.31
244.007	63.97
244.221	-575.32
244.436	-377.61
244.65	80.37
244.865	238.39
245.079	96.41
245.294	25.18
245.508	-58.57
245.723	53.8
245.937	-172.53
246.152	-49.49
246.366	57.46
246.581	-6.62
246.795	43.56
247.01	25.07
247.224	-30.01
247.438	-84.54
247.653	24.16
247.867	57.18
248.081	63.86
248.296	792.68
248.51	13.89
248.724	77.44
248.939	159.7
249.153	20
249.367	17.29
249.582	12.81
249.796	-497.4
250.01	-342.38
250.224	56.06
250.439	57.18
250.653	259.27
250.867	18.35
251.081	-85.78
251.295	12.91
251.51	-199.57
251.724	-95.68
251.938	245.72
252.152	97.08
252.366	145.52
252.58	-416.36
252.794	-21.24
253.008	39.07
253.223	18.4
253.437	-7.84
253.651	6.87
253.865	132.89
254.079	25.05
254.293	38.28
254.507	-67.27
254.721	-44.91
254.935	420.88
255.149	76.32
255.363	97.16
255.577	379.19
255.791	198.98
256.005	168.71
256.218	73.61
256.432	-34.02
256.646	22.47
256.86	178.87
257.074	56.89
257.288	9380
257.502	38.46
257.716	40.17
257.929	83.08
258.143	103.75
258.357	37.81
258.571	-44.65
258.785	-30.02
258.998	45.48
259.212	213.67
259.426	15.7
259.64	93.03
259.853	-7.84
260.067	-53.63
260.281	102.99
260.494	-104.34
260.708	345.54
260.922	-17.45
261.135	76.67
261.349	1.85
261.563	60.48
261.776	429.41
261.99	123.82
262.203	84.04
262.417	71.73
262.63	60.68
262.844	837.08
263.058	-73.56
263.271	25.61
263.485	64.19
263.698	39.27
263.912	96.6
264.125	14.95
264.339	-265.35
264.552	-18.43
264.765	-553.91
264.979	22.26
265.192	42.23
265.406	-13.17
265.619	47.54
265.832	47.48
266.046	-65.23
266.259	-77.63
266.473	-1706.45
266.686	14.24
266.899	62.64
267.113	-1900
267.326	-63.96
267.539	23.56
267.752	53.49
267.966	29.09
268.179	150.18
268.392	14.54
268.605	-322.05
268.819	8.5
269.032	96.21
269.245	-16.92
269.458	300.74
269.671	-654.43
269.885	7.76
270.098	-37.48
270.311	196.2
270.524	21.83
270.737	-95.4
270.95	-191.39
271.163	65.35
271.376	35.48
271.589	-502.53
271.802	43.27
272.016	-191.86
272.229	30.27
272.442	-73.28
272.655	4.97
272.868	-106.48
273.081	-376.4
273.294	12.46
273.506	122.61
273.719	-35.16
273.932	19.6
274.145	-6460
274.358	78.89
274.571	86.55
274.784	454.72
274.997	17.89
275.21	-62.73
275.423	-62.14
275.635	-60.8
275.848	-3.82
276.061	70.86
276.274	-61.64
276.487	-136.52
276.699	-27.05
276.912	-24.81
277.125	188.51
277.338	67.08
277.55	83.44
277.763	11.33
277.976	148.9
278.189	-436.26
278.401	10.84
278.614	173.6
278.827	36.62
279.039	-57.75
279.252	43.2
279.464	-129.16
279.677	17.29
279.89	-12.14
280.102	47.74
280.315	1114.63
280.527	-447.37
280.74	-1196.55
280.952	66.27
281.165	-7.09
281.377	98.47
281.59	48.59
281.802	-45.77
282.015	98.07
282.227	114.87
282.44	379.14
282.652	14.61
282.865	67.77
283.077	158.8
283.29	97.64
283.502	20.31
283.714	113.27
283.927	41.64
284.139	-143.78
284.351	33.5
284.564	95.72
284.776	71.67
284.988	-59.72
285.201	285.07
285.413	85.26
285.625	52.43
285.838	21.83
286.05	45.59
286.262	-4.8
286.474	64.95
286.686	45.33
286.899	26.46
287.111	-36.47
287.323	-7.22
287.535	72.28
287.747	188.97
287.959	-34.56
288.172	172.73
288.384	-13
288.596	-2.96
288.808	1.89
289.02	862.26
289.232	-21.09
289.444	20.41
289.656	-78.5
289.868	-41.68
290.08	131.9
290.292	-148.51
290.504	66.39
290.716	3.01
290.928	59.94
291.14	81.4
291.352	-5.85
291.564	923.53
291.776	61.4
291.988	-81.6
292.2	-182.46
292.412	71.89
292.624	-23.28
292.835	302.99
293.047	8.69
293.259	78.68
293.471	244.8
293.683	1026.83
293.895	98.6
294.106	-7.52
294.318	65.07
294.53	-8.5
294.742	2610.34
294.953	-97.79
295.165	44.59
295.377	109.72
295.589	25.04
295.8	135.32
296.012	-21.91
296.224	28.64
296.435	74.35
296.647	150.18
296.858	-346.04
297.07	795.38
297.282	-59.85
297.493	-5.13
297.705	-130.86
297.916	57.89
298.128	-68.94
298.34	3
298.551	-2.28
298.763	2.38
298.974	54.99
299.186	20.41
299.397	-17.78
299.609	-1706.45
299.82	144.24
300.031	32.97
300.243	1194.74
300.454	43.56
300.666	70.63
300.877	-40.28
301.089	-15.74
301.3	69.47
301.511	-16.9
301.723	-34.81
301.934	231.34
302.145	-90.94
302.357	309.63
302.568	-85.6
302.779	4.63
302.99	26.46
303.202	37.03
303.413	-49.51
303.624	3.73
303.835	47.17
304.047	-44.13
304.258	17.53
304.469	21.2
304.68	78
304.891	-48.12
305.103	-167.18
305.314	62.39
305.525	1185.71
305.736	-19.69
305.947	41.22
306.158	2758.82
306.369	50.82
306.58	65.75
306.791	208.85
307.002	45.42
307.213	-16.63
307.424	-144.52
307.636	16.08
307.846	172.73
308.057	92.23
308.268	-13.47
308.479	90.97
308.69	54.33
308.901	40.83
309.112	-811.63
309.323	-29.49
309.534	124.71
309.745	-19.25
309.956	30.88
310.167	36.13
310.377	21.85
310.588	148.64
310.799	53.04
311.01	-43.96
311.221	-47.76
311.432	-6.47
311.642	-118.95
311.853	18.73
312.064	582.76
312.275	147.58
312.485	51.81
312.696	59.07
312.907	174.37
313.117	2.64
313.328	96.01
313.539	79.54
313.749	20.6
313.96	-462.64
314.171	76.85
314.381	35.97
314.592	-90.92
314.802	-16.11
315.013	16.08
315.224	89.21
315.434	-3415.79
315.645	1460
315.855	-46.05
316.066	688.76
316.276	118.37
316.487	-173.17
316.697	64.14
316.908	6.54
317.118	83.08
317.329	152.85
317.539	47.91
317.749	304.29
317.96	-538.81
318.17	-52.05
318.381	-528.57
318.591	-554.95
318.801	-15.77
319.012	139.58
319.222	-59.22
319.432	-116.38
319.643	94.17
319.853	-43.5
320.063	58.61
320.273	-7.62
320.484	-14.29
320.694	206.12
320.904	-45.08
321.114	95.51
321.325	3396.55
321.535	-102.84
321.745	-50.67
321.955	61.21
322.165	-112.69
322.375	34.69
322.585	198.16
322.796	996.55
323.006	26.76
323.216	190.49
323.426	77.17
323.636	367.94
323.846	168.97
324.056	28.96
324.266	48.62
324.476	-34.7
324.686	383.24
324.896	51.83
325.106	952.83
325.316	79.71
325.526	-1394.74
325.736	16.65
325.946	36.92
326.156	998.7
326.366	-647.83
326.576	85.69
326.785	23.62
326.995	-74.5
327.205	5.53
327.415	398.31
327.625	210.95
327.835	36.67
328.044	29.65
328.254	-240.87
328.464	-0.35
328.674	132.82
328.884	-69.78
329.093	134.22
329.303	57.43
329.513	596.89
329.722	-1710.53
329.932	51.34
330.142	10.29
330.351	-16.64
330.561	-45.45
330.771	-111.07
330.98	-104.9
331.19	961.54
331.4	-63.96
331.609	42.49
331.819	2460.98
332.028	129.71
332.238	93.22
332.447	7.01
332.657	108.01
332.866	62.21
333.076	-17.48
333.285	93.49
333.495	2164.52
333.704	-140.36
333.914	-0.11
334.123	98.54
334.333	426.15
334.542	123.98
334.752	407.69
334.961	1.89
335.17	-151.26
335.38	-10.08
335.589	20.99
335.798	21.97
336.008	302.2
336.217	-41.28
336.426	31.82
336.636	76.17
336.845	-23.94
337.054	905.19
337.263	-59.47
337.473	-18.14
337.682	15.31
337.891	31.35
338.1	111.51
338.309	4.63
338.519	73.58
338.728	-17.88
338.937	-416.54
339.146	-43.88
339.355	771.7
339.564	-131.58
339.773	264.82
339.983	75.07
340.192	-334.78
340.401	153.41
340.61	-8.53
340.819	7.31
341.028	35.74
341.237	-2041.18
341.446	-40.56
341.655	-18.11
341.864	-45.97
342.073	-38.19
342.282	-60.96
342.491	56.86
342.699	-210.68
342.908	125.97
343.117	116.89
343.326	174.49
343.535	-350.91
343.744	-188.52
343.953	20
344.162	62.7
344.37	2.41
344.579	-198.51
344.788	-83.12
344.997	56.71
345.206	-31.6
345.414	51.4
345.623	252.03
345.832	64.4
346.041	238.07
346.249	104.71
346.458	34.22
346.667	39.12
346.875	119.28
347.084	-7.33
347.293	85.31
347.501	-102.84
347.71	8.63
347.918	-4.8
348.127	434.07
348.336	-247.02
348.544	-5.13
348.753	-180.6
348.961	25.58
349.17	87.64
349.378	28.02
349.587	-175.93
349.795	-280.58
350.004	241.54
350.212	52.24
350.421	64.6
350.629	-61.93
350.838	21.89
351.046	161.85
351.254	-30.02
351.463	60.31
351.671	-2657.89
351.879	-3.13
352.088	115.27
352.296	298.23
352.504	63.21
352.713	-107.29
352.921	-0.79
353.129	29.36
353.338	76.68
353.546	70.84
353.754	58.28
353.962	-26.94
354.171	-13.35
354.379	-3163.16
354.587	40.4
354.795	46.58
355.003	51.19
355.212	17.82
355.42	703.77
355.628	95.18
355.836	3.73
356.044	-13.96
356.252	4.07
356.46	9.18
356.668	1053.85
356.876	89.52
357.084	74.96
357.292	15.06
357.5	10.55
357.708	24.53
357.916	-62.4
358.124	-3.79
358.332	-413.43
358.54	238.18
358.748	-14.29
358.956	69.76
359.164	37.94
359.372	89.44
359.58	-35.25
359.788	-9.76
359.996	48.85
360.203	-34.8
360.411	32.63
360.619	-277.89
360.827	55.62
361.035	-140.49
361.242	141.06
361.45	-259.49
361.658	-17.54
361.866	22.24
362.073	-80.92
362.281	22.66
362.489	12.26
362.697	-13.9
362.904	-29.31
363.112	94.88
363.32	-37.93
363.527	-136.52
363.735	36.68
363.943	1.4
364.15	262.54
364.358	-14.63
364.565	25.7
364.773	-5.01
364.98	-165.72
365.188	33.48
365.395	38.46
365.603	-12.54
365.81	19.74
366.018	-52.5
366.225	86.86
366.433	-44.91
366.64	51.89
366.848	26.35
367.055	71.16
367.263	110.76
367.47	1.25
367.677	-1.27
367.885	-50.78
368.092	26.47
368.299	-81.41
368.507	94.14
368.714	298.23
368.921	-237.01
369.129	66.99
369.336	32.17
369.543	4.97
369.751	-32.09
369.958	-172.65
370.165	70.3
370.372	-45.45
370.579	15.09
370.787	31.41
370.994	35.74
371.201	-121.25
371.408	77.06
371.615	-9.49
371.822	35.31
372.029	-0.34
372.237	-261.14
372.444	396.22
372.651	26.98
372.858	102.35
373.065	41.77
373.272	137.85
373.479	251.72
373.686	181.52
373.893	371.84
374.1	69.38
374.307	-682.73
374.514	-175.3
374.721	-38.59
374.928	562.34
375.135	-24.87
375.341	4580
375.548	-30.01
375.755	-115.74
375.962	-5.87
376.169	25.06
376.376	-44.13
376.583	-29.49
376.789	33.98
376.996	100.78
377.203	-60.32
377.41	-12.27
377.617	14.97
377.823	50.8
378.03	-1783.87
378.237	29.36
378.443	-41.71
378.65	975.47
378.857	70.48
379.063	348.1
379.27	239.13
379.477	-65.67
379.683	-127.79
379.89	10.07
380.097	37.38
380.303	48.84
380.51	10.84
380.716	8.69
380.923	-66.93
381.129	52.87
381.336	131.5
381.542	41.67
381.749	69.35
381.955	1.62
382.162	180.16
382.368	-98.7
382.575	6.13
382.781	831.03
382.988	11.28
383.194	16.19
383.4	-67.81
383.607	94.35
383.813	-22.51
384.02	15.64
384.226	26.02
384.432	-127.42
384.639	-6.41
384.845	-639.24
385.051	-59.83
385.257	-18.15
385.464	106.59
385.67	32.39
385.876	36.07
386.082	-110.17
386.289	25.38
386.495	14.46
386.701	-113.68
386.907	5.88
387.113	28.76
387.319	-33.15
387.526	-78.5
387.732	225.98
387.938	0.8
388.144	-42.61
388.35	38.54
388.556	40.5
388.762	36.72
388.968	388.37
389.174	-10.64
389.38	129.37
389.586	18.74
389.792	51.15
389.998	-90.93
390.204	3.21
390.41	33.4
390.616	-9.16
390.822	31.21
391.028	30.92
391.234	16.65
391.439	-362.14
391.645	-22.18
391.851	37.86
392.057	25.05
392.263	71.68
392.469	-15.54
392.674	-60.81
392.88	19.09
393.086	22.87
393.292	-19.93
393.498	-29.7
393.703	30.74
393.909	25.3
394.115	66.43
394.32	-42.18
394.526	24.2
394.732	34.06
394.937	34.55
395.143	38.46
395.349	-31.32
395.554	-90.95
395.76	32.88
395.965	-3.13
396.171	45.62
396.377	-14.29
396.582	32.99
396.788	22.95
396.993	55.29
397.199	-18.65
397.404	-9.4
397.61	29.91
397.815	10.55
398.021	-27.74
398.226	-32.61
398.431	5.88
398.637	-39.55
398.842	-23.29
399.048	20.47
399.253	15.14
399.458	6.83
399.664	-4.52
399.869	4.18
400.074	11.81
400.28	-15.92
400.485	-58.55
400.69	2.77
400.896	-23.16
401.101	-23.1
401.306	5.93
401.511	10.32
401.716	5.84
401.922	-15.49
402.127	-1.79
402.332	-2.19
402.537	22.98
402.742	5.02
402.947	34.63
403.153	-8.1
403.358	1.52
403.563	32.03
403.768	31.05
403.973	-11.47
404.178	-3.8
404.383	32.62
404.588	3.44
404.793	20.76
404.998	-4.96
405.203	-13.05
405.408	18.67
405.613	8.65
405.818	4.16
406.023	0.29
406.228	-1.28
406.433	0.29
406.638	-7.07
406.842	9.5
407.047	6.7
407.252	3.95
407.457	3.72
407.662	-1.03
407.867	15.15
408.071	11.91
408.276	-3.96
408.481	14.11
408.686	12.03
408.891	11.17
409.095	2.11
409.3	-1.77
409.505	5.77
409.709	-3.04
409.914	4
410.119	10.73
410.323	-1.98
410.528	0.75
410.733	8.45
410.937	6.38
411.142	4.21
411.346	8.12
411.551	0.86
411.756	3.82
411.96	7.05
412.165	-7.23
412.369	5.66
412.574	-0.01
412.778	4.13
412.983	3.77
413.187	4.39
413.392	1.44
413.596	-0.17
413.8	3.79
414.005	6.23
414.209	6.24
414.414	2.27
414.618	2.96
414.822	3.53
415.027	7.22
415.231	4.52
415.435	3.52
415.64	5.07
415.844	1.09
416.048	4.29
416.252	5.35
416.457	6.14
416.661	3.54
416.865	1.9
417.069	2.89
417.274	3.07
417.478	3.17
417.682	5.46
417.886	0.82
418.09	5.17
418.294	4.41
418.498	3.47
418.702	4.78
418.907	4.05
419.111	3.44
419.315	4.72
419.519	4.07
419.723	1.04
419.927	3.41
420.131	6.2
420.335	3.16
420.539	3.9
420.743	7
420.947	2.2
421.151	4.18
421.355	1.49
421.558	3.64
421.762	2.85
421.966	2.86
422.17	5.11
422.374	4.55
422.578	4.13
422.782	4.04
422.985	3.25
423.189	3.53
423.393	2.99
423.597	2.18
423.801	3.95
424.004	3.11
424.208	2.7
424.412	3.44
424.615	3.4
424.819	3.99
425.023	4.05
425.226	3.67
425.43	4.55
425.634	3.13
425.837	3.17
426.041	3.68
426.245	4.08
426.448	3.13
426.652	2.98
426.855	1.79
427.059	2.66
427.262	3.63
427.466	3.19
427.669	2.67
427.873	3.28
428.076	3.88
428.28	2.96
428.483	2.95
428.687	3.98
428.89	3.83
429.094	2.88
429.297	3.67
429.5	4.21
429.704	2.9
429.907	3.83
430.11	3.12
430.314	3.45
430.517	3.42
430.72	3.35
430.924	3.42
431.127	2.67
431.33	3.25
431.533	3.91
431.737	3.33
431.94	3.06
432.143	3.62
432.346	2.86
432.549	3.66
432.752	3.13
432.956	3.56
433.159	3.09
433.362	2.84
433.565	3.31
433.768	3.11
433.971	2.99
434.174	3.25
434.377	3.34
434.58	3.2
434.783	2.95
434.986	3.13
435.189	3.91
435.392	3.38
435.595	3.24
435.798	3.18
436.001	3.53
436.204	3.31
436.407	3.38
436.61	3.56
436.813	3.73
437.016	3.36
437.219	3.44
437.421	3.41
437.624	3.45
437.827	3.22
438.03	3.56
438.233	3.11
438.435	3.55
438.638	3.53
438.841	2.91
439.044	3.11
439.246	3.1
439.449	3.13
439.652	3.36
439.854	3.59
440.057	3.63
440.26	3.55
440.462	3.55
440.665	3.11
440.868	3.42
441.07	3.95
441.273	3.8
441.475	3.33
441.678	3.05
441.88	3.17
442.083	3.3
442.286	3.55
442.488	3.43
442.69	3.5
442.893	3.67
443.095	3.52
443.298	3.35
443.5	3.63
443.703	3.12
443.905	3.31
444.108	3.47
444.31	3.6
444.512	3.46
444.715	3.35
444.917	3.31
445.119	3.33
445.322	3.25
445.524	3.67
445.726	3.38
445.928	3.43
446.131	3.58
446.333	3.73
446.535	3.7
446.737	3.71
446.94	3.62
447.142	3.56
447.344	3.56
447.546	3.62
447.748	3.59
447.95	3.42
448.152	3.68
448.354	3.63
448.557	3.93
448.759	3.85
448.961	3.6
449.163	3.6
449.365	3.81
449.567	3.95
449.769	3.41
449.971	3.67
450.173	3.74
450.375	3.63
450.577	3.72
450.779	3.93
450.981	3.52
451.182	3.73
451.384	3.55
451.586	4.24
451.788	3.48
451.99	3.81
452.192	3.51
452.394	3.88
452.595	4.35
452.797	3.35
452.999	4.22
453.201	3.46
453.402	3.63
453.604	3.94
453.806	3.69
454.008	4.16
454.209	4.13
454.411	3.76
454.613	3.91
454.814	4.29
455.016	4.3
455.218	3.82
455.419	4.48
455.621	4.05
455.822	3.56
456.024	3.79
456.225	4.15
456.427	4.02
456.629	3.8
456.83	3.85
457.032	3.91
457.233	3.93
457.435	3.7
457.636	4.6
457.837	4.29
458.039	3.89
458.24	4.5
458.442	4.63
458.643	3.76
458.844	4.33
459.046	3.96
459.247	4.77
459.448	3.59
459.65	4.33
459.851	4.22
460.052	4.46
460.254	5
460.455	4.79
460.656	4.75
460.857	4.82
461.059	3.89
461.26	3.58
461.461	3.85
461.662	4.3
461.863	4.62
462.065	5.11
462.266	4.45
462.467	3.96
462.668	4.27
462.869	5.19
463.07	4.88
463.271	4.3
463.472	4.17
463.673	4.49
463.874	4.86
464.075	4.48
464.276	3.94
464.477	4.41
464.678	4.68
464.879	3.78
465.08	4.35
465.281	5.5
465.482	3.89
465.683	2.92
465.884	4.6
466.085	4.14
466.285	3.78
466.486	5.43
466.687	5.74
466.888	4.28
467.089	4.4
467.29	4.44
467.49	4.64
467.691	5.01
467.892	5.23
468.093	3.67
468.293	5.07
468.494	4.07
468.695	4.13
468.895	5.67
469.096	3.9
469.297	4.69
469.497	5.54
469.698	6.14
469.898	4.3
470.099	5.79
470.3	5.62
470.5	4.39
470.701	4.91
470.901	4.51
471.102	5.11
471.302	4.11
471.503	5.2
471.703	6.17
471.904	5.47
472.104	4.39
472.305	3.66
472.505	5.4
472.705	3.77
472.906	5.69
473.106	5.16
473.306	4.21
473.507	5.87
473.707	5.05
473.907	4.42
474.108	4.47
474.308	4.16
474.508	4.89
474.709	6.08
474.909	5.8
475.109	2.27
475.309	4.34
475.51	3.64
475.71	4.47
475.91	5.95
476.11	4.12
476.31	4.16
476.51	5.52
476.71	3.96
476.911	7.08
477.111	4.71
477.311	3.04
477.511	3.61
477.711	5.32
477.911	2.72
478.111	5.64
478.311	4.14
478.511	5.3
478.711	5.02
478.911	3.53
479.111	4.6
479.311	3.68
479.511	4.98
479.711	3.2
479.91	4.63
480.11	6.69
480.31	4.15
480.51	7.3
480.71	5.15
480.91	5.63
481.109	4.57
481.309	5.35
481.509	3.96
481.709	4.89
481.909	5.34
482.108	4.17
482.308	4.47
482.508	5.58
482.707	6.14
482.907	3.73
483.107	4.47
483.306	3.95
483.506	4.76
483.706	3.61
483.905	4.81
484.105	5.01
484.304	5.82
484.504	4.2
484.704	4.5
484.903	3.92
485.103	4.02
485.302	5.95
485.502	5.09
485.701	6.36
485.901	3.89
486.1	4.01
486.299	5.38
486.499	4.22
486.698	5.56
486.898	4.29
487.097	4.82
487.296	3.83
487.496	5.19
487.695	5.56
487.894	5.78
488.094	5.25
488.293	4.62
488.492	4.57
488.692	4.97
488.891	5.89
489.09	4.32
489.289	5.18
489.489	4.26
489.688	3.28
489.887	4.12
490.086	5.35
490.285	4.42
490.484	5.09
490.683	6.38
490.883	6.14
491.082	5.8
491.281	4.32
491.48	3.57
491.679	6.11
491.878	5.81
492.077	6.39
492.276	5.59
492.475	5.34
492.674	5.08
492.873	5.88
493.072	6.5
493.271	5.48
493.47	3.93
493.669	4.72
493.867	4.22
494.066	5.72
494.265	6.4
494.464	6.02
494.663	4.92
494.862	5.24
495.06	5.5
495.259	3.65
495.458	5.66
495.657	5.25
495.856	6.23
496.054	5.55
496.253	5.69
496.452	5.04
496.65	6.11
496.849	5.51
497.048	5.64
497.246	4.9
497.445	5.24
497.644	5.79
497.842	4.98
498.041	6.03
498.239	5.92
498.438	6.07
498.636	5.43
498.835	5.89
499.034	5.87
499.232	5.81
499.431	5.53
499.629	5.27
499.827	6.02
500.026	5.04
500.224	5.49
500.423	5.1
500.621	5.69
500.82	6.51
501.018	6.83
501.216	6.6
501.415	5.87
501.613	5.64
501.811	6.19
502.01	6.02
502.208	5.48
502.406	7.01
502.604	7.15
502.803	6.66
503.001	6.87
503.199	6.71
503.397	5.52
503.595	6.53
503.794	7.16
503.992	6.71
504.19	6.46
504.388	7.1
504.586	6.76
504.784	6.37
504.982	6.35
505.18	7.15
505.378	7.04
505.576	7.03
505.774	7.68
505.972	7.17
506.17	7.52
506.368	7.02
506.566	7.31
506.764	6.86
506.962	7.31
507.16	7.71
507.358	7.6
507.556	6.97
507.754	7.99
507.952	7.37
508.15	7.45
508.347	6.98
508.545	7.8
508.743	7.11
508.941	7.31
509.139	8.3
509.336	7.81
509.534	7.94
509.732	7.73
509.93	7.65
510.127	7.64
510.325	7.52
510.523	7.87
510.72	8.34
510.918	7.87
511.116	8.15
511.313	7.06
511.511	7.81
511.708	8.45
511.906	8.47
512.104	7.87
512.301	8.43
512.499	8.67
512.696	8.22
512.894	7.48
513.091	8.35
513.289	9.16
513.486	8.28
513.683	7.9
513.881	8.8
514.078	8.73
514.276	8.65
514.473	8.26
514.67	9.06
514.868	8.06
515.065	9.13
515.262	9.3
515.46	8.76
515.657	8.43
515.854	9.05
516.052	9.27
516.249	9.27
516.446	9.36
516.643	9.38
516.84	9.42
517.038	9.46
517.235	9.17
517.432	9.75
517.629	9.47
517.826	9.59
518.023	9.57
518.221	8.87
518.418	9.74
518.615	9.11
518.812	9.66
519.009	9.72
519.206	9.36
519.403	9.89
519.6	9.48
519.797	9.63
519.994	9.78
520.191	10.08
520.388	10.12
520.585	10.11
520.782	9.79
520.978	9.5
521.175	10.02
521.372	9.84
521.569	10.55
521.766	9.93
521.963	10.12
522.159	10.17
522.356	10.42
522.553	10.22
522.75	10.64
522.947	10.62
523.143	10.18
523.34	10.78
523.537	10.47
523.733	10.74
523.93	10.35
524.127	10.97
524.323	10.41
524.52	10.71
524.717	10.1
524.913	10.59
525.11	10.22
525.306	10.37
525.503	10.79
525.7	10.97
525.896	10.36
526.093	10.87
526.289	10.8
526.486	10.85
526.682	10.84
526.878	11.18
527.075	11.1
527.271	11.02
527.468	11.35
527.664	10.87
527.861	11.5
528.057	10.91
528.253	11.44
528.45	11.01
528.646	11.6
528.842	11.29
529.039	10.95
529.235	11.69
529.431	10.68
529.627	11.68
529.824	11.31
530.02	11.9
530.216	11.94
530.412	11.4
530.608	11.33
530.804	11.6
531.001	11.7
531.197	11.85
531.393	11.83
531.589	11.36
531.785	11.36
531.981	11.18
532.177	11.81
532.373	11.7
532.569	11.57
532.765	11.29
532.961	11.18
533.157	11.69
533.353	11.66
533.549	11.8
533.745	11.82
533.941	11.83
534.137	11.88
534.333	11.47
534.529	11.85
534.725	11.79
534.92	11.88
535.116	11.97
535.312	11.81
535.508	11.83
535.704	11.81
535.899	11.75
536.095	12.38
536.291	11.82
536.487	11.25
536.682	12.53
536.878	11.82
537.074	11.28
537.269	11.55
537.465	11.41
537.661	11.97
537.856	11.62
538.052	11.89
538.248	12.11
538.443	12.26
538.639	11.88
538.834	12.15
539.03	11.83
539.225	12.33
539.421	12.69
539.616	12.47
539.812	12.35
540.007	12.48
540.203	12.25
540.398	12.33
540.593	12.19
540.789	13.03
540.984	12.23
541.18	12
541.375	12.44
541.57	12.73
541.766	12.29
541.961	12.4
542.156	12.8
542.352	12.3
542.547	12.14
542.742	12.41
542.937	12.34
543.133	13.01
543.328	12.64
543.523	12.85
543.718	12.51
543.913	12.64
544.108	12.7
544.304	13.13
544.499	12.99
544.694	13.08
544.889	12.8
545.084	13.19
545.279	12.64
545.474	12.57
545.669	12.58
545.864	12.5
546.059	12.68
546.254	12.97
546.449	13.21
546.644	12.54
546.839	12.58
547.034	12.64
547.229	12.89
547.424	13.18
547.618	13.25
547.813	13.03
548.008	13.43
548.203	13.18
548.398	12.96
548.593	12.94
548.787	13
548.982	12.94
549.177	13.28
549.372	12.87
549.566	13.29
549.761	13.16
549.956	12.99
550.15	13.13
550.345	12.81
550.54	13.35
550.734	12.94
550.929	13.23
551.124	13.33
551.318	13.3
551.513	13.4
551.707	13.63
551.902	13.4
552.096	13.67
552.291	13.21
552.485	13.64
552.68	13.7
552.874	13.01
553.069	13.45
553.263	13.58
553.458	13.72
553.652	13.65
553.847	13.52
554.041	13.62
554.235	13.41
554.43	13.74
554.624	13.78
554.818	13.63
555.013	13.42
555.207	13.55
555.401	13.59
555.595	13.82
555.79	13.3
555.984	13.32
556.178	13.77
556.372	13.71
556.566	13.72
556.761	14
556.955	13.98
557.149	13.76
557.343	13.76
557.537	14
557.731	14.15
557.925	14.36
558.119	14.12
558.313	13.76
558.507	14.17
558.701	13.95
558.895	13.79
559.089	14.08
559.283	14.04
559.477	14.52
559.671	14.07
559.865	14.16
560.059	13.61
560.253	13.92
560.447	13.91
560.641	13.99
560.835	14.55
561.028	14.63
561.222	14.08
561.416	14.37
561.61	13.97
561.804	14.44
561.997	13.91
562.191	14.18
562.385	14.38
562.579	14.29
562.772	14.52
562.966	14.26
563.16	14.13
563.353	14.03
563.547	14.38
563.741	14.56
563.934	14.12
564.128	14.11
564.321	14.28
564.515	14.01
564.708	14.12
564.902	14.08
565.095	14.38
565.289	15.06
565.482	14.49
565.676	14.44
565.869	14.51
566.063	14.47
566.256	14.35
566.45	14.92
566.643	14.39
566.836	14.74
567.03	14.2
567.223	13.96
567.416	14.68
567.61	14.6
567.803	14.54
567.996	14.29
568.19	14.86
568.383	14.36
568.576	14.27
568.769	14.45
568.963	14.43
569.156	14.91
569.349	14.8
569.542	14.86
569.735	14.42
569.928	14.76
570.121	14.63
570.315	14.51
570.508	14.78
570.701	14.49
570.894	14.78
571.087	14.2
571.28	15.17
571.473	14.87
571.666	14.86
571.859	14.46
572.052	14.35
572.245	14.68
572.438	15.09
572.631	14.65
572.824	14.66
573.016	14.84
573.209	14.73
573.402	14.74
573.595	14.6
573.788	14.65
573.981	15.05
574.173	14.79
574.366	14.77
574.559	14.53
574.752	14.38
574.944	14.7
575.137	14.82
575.33	14.54
575.523	14.79
575.715	14.97
575.908	14.58
576.101	14.51
576.293	15.12
576.486	14.74
576.678	14.85
576.871	14.61
577.063	15.38
577.256	14.87
577.449	14.92
577.641	15.03
577.834	14.69
578.026	14.71
578.219	14.54
578.411	14.57
578.603	15.59
578.796	14.42
578.988	14.71
579.181	14.82
579.373	15.07
579.565	14.87
579.758	14.87
579.95	14.76
580.142	14.78
580.335	14.46
580.527	14.79
580.719	14.86
580.912	14.7
581.104	14.8
581.296	14.85
581.488	14.81
581.68	14.8
581.873	15.07
582.065	14.63
582.257	14.87
582.449	14.64
582.641	14.84
582.833	14.72
583.025	14.48
583.217	15.12
583.41	14.94
583.602	14.79
583.794	14.78
583.986	15.02
584.178	14.93
584.37	14.99
584.562	14.59
584.753	15.07
584.945	15.17
585.137	15.12
585.329	14.89
585.521	15.26
585.713	15.24
585.905	15.36
586.097	14.69
586.289	14.67
586.48	15.23
586.672	14.63
586.864	15.59
587.056	15.71
587.247	15.22
587.439	15.1
587.631	15.08
587.823	15.26
588.014	15.06
588.206	15.55
588.398	15.61
588.589	15.81
588.781	14.87
588.972	15.09
589.164	15.31
589.356	15.01
589.547	14.96
589.739	14.65
589.93	15.3
590.122	14.92
590.313	15.44
590.505	14.88
590.696	14.93
590.888	15.28
591.079	15.67
591.271	15.24
591.462	14.93
591.653	14.91
591.845	15.47
592.036	15.33
592.227	15.25
592.419	15.47
592.61	15.16
592.801	15.4
592.993	15.26
593.184	15.71
593.375	15.06
593.566	15.37
593.758	15.21
593.949	15.64
594.14	15.23
594.331	15.64
594.522	15.95
594.713	15.67
594.905	16.2
595.096	15.7
595.287	15.74
595.478	16.12
595.669	16.06
595.86	15.21
596.051	15.79
596.242	15.64
596.433	15.36
596.624	15.28
596.815	15.53
597.006	15.81
597.197	15.68
597.388	15.49
597.579	14.93
597.77	15.67
597.96	15.69
598.151	15.6
598.342	15.59
598.533	16.16
598.724	16.29
598.915	16.17
599.105	15.5
599.296	16.26
599.487	15.85
599.678	16.38
599.868	15.81
600.059	16.18
600.25	16.4
600.44	16.06
600.631	15.79
600.822	15.88
601.012	16.22
601.203	16.08
601.394	15.89
601.584	15.85
601.775	16.23
601.965	15.47
602.156	15.83
602.346	15.95
602.537	16.13
602.727	16.1
602.918	15.98
603.108	15.98
603.299	15.98
603.489	16.71
603.679	15.79
603.87	16.2
604.06	16.69
604.251	16.77
604.441	15.97
604.631	16.36
604.822	15.86
605.012	16.2
605.202	16.29
605.392	15.62
605.583	16.07
605.773	16.56
605.963	16.22
606.153	16.07
606.344	16.16
606.534	16.73
606.724	16.73
606.914	16.46
607.104	15.98
607.294	15.75
607.484	16.29
607.674	16.54
607.864	16.52
608.054	16.4
608.245	16.6
608.435	16.4
608.625	16.88
608.814	15.62
609.004	16.92
609.194	15.91
609.384	16.22
609.574	16.23
609.764	16.56
609.954	16.26
610.144	16.83
610.334	16.01
610.524	16.76
610.713	16.1
610.903	16.43
611.093	16.76
611.283	16.47
611.473	16.21
611.662	16.69
611.852	16.63
612.042	15.83
612.231	16.16
612.421	17.06
612.611	16.01
612.8	16.15
612.99	16.91
613.18	16.48
613.369	16.43
613.559	16.55
613.748	15.96
613.938	16.23
614.128	16.64
614.317	16.94
614.507	16.44
614.696	17.51
614.886	17.15
615.075	16.44
615.264	16.4
615.454	17.17
615.643	16.18
615.833	16.23
616.022	16.98
616.211	17.22
616.401	16.37
616.59	16.88
616.779	16.69
616.969	15.84
617.158	16.63
617.347	16
617.537	16.66
617.726	16.56
617.915	16.66
618.104	16.25
618.293	16.65
618.483	16.05
618.672	17.6
618.861	16.2
619.05	16.49
619.239	16.47
619.428	17.03
619.617	16.78
619.806	16.63
619.995	16.49
620.184	16.7
620.373	16.63
620.562	16.28
620.751	16.39
620.94	15.99
621.129	16.85
621.318	16.54
621.507	16.64
621.696	16.5
621.885	16.76
622.074	16.5
622.263	17.03
622.452	17.05
622.64	16.48
622.829	16.81
623.018	17.41
623.207	16.49
623.396	16.4
623.584	17.03
623.773	17.22
623.962	16.63
624.15	16.43
624.339	16.87
624.528	16.4
624.716	17.38
624.905	16.77
625.094	16.76
625.282	16.91
625.471	16.87
625.659	17.17
625.848	17.01
626.037	16.85
626.225	17.3
626.414	16.83
626.602	17.32
626.791	17.28
626.979	17.07
627.167	16.82
627.356	17.22
627.544	17.03
627.733	17.53
627.921	17.5
628.109	17.1
628.298	17.44
628.486	16.61
628.674	17.42
628.863	16.61
629.051	17.41
629.239	17.66
629.428	17.28
629.616	17.58
629.804	17.72
629.992	17.27
630.18	17.76
630.369	17.63
630.557	17.46
630.745	17.31
630.933	17.17
631.121	17.36
631.309	16.64
631.497	16.81
631.685	16.94
631.873	16.48
632.061	15.75
632.249	17.87
632.437	17.88
632.625	16.99
632.813	16.38
633.001	17.84
633.189	17.42
633.377	16.9
633.565	17.27
633.753	17.68
633.941	17.26
634.129	17.43
634.316	17.26
634.504	17
634.692	17.72
634.88	18.47
635.068	16.84
635.255	17.46
635.443	18.01
635.631	17.74
635.818	17.91
636.006	17.41
636.194	17.25
636.382	17.39
636.569	17.93
636.757	17.58
636.944	18.37
637.132	17.58
637.32	18.16
637.507	17.23
637.695	17.06
637.882	16.82
638.07	18.53
638.257	16.98
638.445	16.96
638.632	17.42
638.82	17.05
639.007	17.49
639.194	17.19
639.382	17.22
639.569	17.09
639.757	17.01
639.944	15.75
640.131	16.11
640.319	17.96
640.506	18.01
640.693	17.87
640.88	17.95
641.068	18.4
641.255	17.13
641.442	16.66
641.629	16.55
641.817	17.63
642.004	16.57
642.191	17.29
642.378	17.39
642.565	17.53
642.752	18.25
642.939	17.74
643.126	17.17
643.313	17.5
643.501	17.09
643.688	17.81
643.875	17.34
644.062	17.31
644.249	17.6
644.435	16.88
644.622	16.82
644.809	17.91
644.996	16.69
645.183	16.25
645.37	17.91
645.557	17.28
645.744	16.49
645.931	17.56
646.117	16.49
646.304	16.88
646.491	17.13
646.678	16.87
646.865	17.17
647.051	17.85
647.238	16.61
647.425	17.04
647.611	15.92
647.798	17.93
647.985	16.29
648.171	17.63
648.358	16.96
648.545	17.21
648.731	16.23
648.918	17.11
649.104	15.74
649.291	16.02
649.477	17.24
649.664	17.51
649.85	17.51
650.037	17.01
650.223	16.72
650.41	17.25
650.596	15.32
650.783	16.92
650.969	16.11
651.155	17.21
651.342	16.36
651.528	16.25
651.714	17.57
651.901	18.43
652.087	16.06
652.273	16.42
652.46	17.41
652.646	16.04
652.832	15.66
653.018	16.62
653.204	16.86
653.391	16.56
653.577	16.81
653.763	18.15
653.949	16.89
654.135	16.94
654.321	16.57
654.507	16.24
654.693	15.42
654.879	16.11
655.065	15.61
655.252	16.39
655.438	16.95
655.624	16.85
655.809	15.29
655.995	17.36
656.181	18.35
656.367	17.69
656.553	16.99
656.739	16.5
656.925	15.92
657.111	18
657.297	16.54
657.482	17.6
657.668	17.08
657.854	17.62
658.04	15.74
658.226	16.44
658.411	16.89
658.597	16.1
658.783	15.73
658.968	16.41
659.154	16.78
659.34	16.34
659.525	15.88
659.711	16.13
659.897	16.43
660.082	16.98
660.268	15.39
660.453	15.37
660.639	16.58
660.824	16.59
661.01	15.92
661.195	15.13
661.381	15.64
661.566	14.87
661.752	15.1
661.937	14.58
662.123	14.97
662.308	16.72
662.494	17.21
662.679	14.49
662.864	16.67
663.05	16.11
663.235	16.57
663.42	14.84
663.605	13.64
663.791	16.16
663.976	15.04
664.161	15.73
664.346	14.27
664.532	16.08
664.717	14.09
664.902	16.11
665.087	17.25
665.272	15.45
665.457	15.42
665.642	14.24
665.828	16.29
666.013	16.11
666.198	12.61
666.383	15.57
666.568	13.4
666.753	15.11
666.938	14.1
667.123	16.01
667.308	12.01
667.493	15.7
667.677	13.45
667.862	13.22
668.047	15.12
668.232	14.18
668.417	15.36
668.602	13.45
668.787	17.32
668.971	15.75
669.156	16.69
669.341	13.24
669.526	16.38
669.711	15.37
669.895	14.37
670.08	14.64
670.265	15.11
670.449	14.11
670.634	15.35
670.819	14.31
671.003	13.12
671.188	14.25
671.372	15.03
671.557	15.05
671.742	17.15
671.926	15.08
672.111	14.79
672.295	12.79
672.48	13.69
672.664	13
672.849	10.91
673.033	14.42
673.217	14.22
673.402	14.48
673.586	12.7
673.771	13.19
673.955	15.61
674.139	14.96
674.324	15.04
674.508	14.07
674.692	13.71
674.876	15.88
675.061	17.47
675.245	16.6
675.429	13.61
675.613	12.71
675.798	17.29
675.982	17.34
676.166	16.16
676.35	16.44
676.534	16.77
676.718	16.41
676.902	16.92
677.087	13.55
677.271	17.6
677.455	18.52
677.639	13.67
677.823	19.71
678.007	15.76
678.191	16.64
678.375	16.19
678.559	16.91
678.742	14.55
678.926	17.28
679.11	18.87
679.294	16.15
679.478	15.43
679.662	14.98
679.846	17.82
680.029	18.82
680.213	17.21
680.397	17.65
680.581	18.64
680.765	18.69
680.948	16.21
681.132	20.35
681.316	14.86
681.499	20.29
681.683	17.83
681.867	19.1
682.05	18.22
682.234	16.15
682.417	16.24
682.601	21.53
682.785	20.8
682.968	17.9
683.152	17.21
683.335	19.5
683.519	19.06
683.702	20.35
683.886	21.27
684.069	19.79
684.253	22.84
684.436	21.75
684.619	18.1
684.803	20.03
684.986	20.35
685.169	24.11
685.353	23.32
685.536	18.14
685.719	20.44
685.903	21.54
686.086	15.78
686.269	23.46
686.452	21.29
686.636	22.83
686.819	19.84
687.002	21.88
687.185	24.51
687.368	20.6
687.551	19.19
687.734	22.9
687.918	22.99
688.101	21.93
688.284	19.93
688.467	26.74
688.65	21.51
688.833	21.85
689.016	20.71
689.199	20.9
689.382	28.3
689.565	26.04
689.748	19.54
689.93	21.45
690.113	27.06
690.296	27.62
690.479	24.4
690.662	23.69
690.845	24.84
691.028	18.22
691.21	23.52
691.393	22.77
691.576	26.42
691.759	21.11
691.941	24.65
692.124	24.48
692.307	24.48
692.489	26.31
692.672	25.88
692.855	23.76
693.037	24.83
693.22	23.11
693.403	21.96
693.585	26.88
693.768	29.32
693.95	21.55
694.133	24.91
694.315	25.07
694.498	27.84
694.68	20.51
694.863	28.4
695.045	27.15
695.228	24.49
695.41	20.94
695.592	28.79
695.775	24.02
695.957	26.15
696.139	28.28
696.322	25.07
696.504	27.64
696.686	24.85
696.869	23
697.051	28.17
697.233	29.58
697.415	28.52
697.597	24.15
697.78	26.23
697.962	25.28
698.144	29.94
698.326	29.09
698.508	27.65
698.69	26.37
698.872	26.16
699.055	28.94
699.237	31.81
699.419	24.71
699.601	20.74
699.783	29.5
699.965	26.28
700.147	26.45
700.329	27.11
700.51	26.47
700.692	31.97
700.874	23.75
701.056	32.86
701.238	24.91
701.42	27.41
701.602	27.59
701.783	24.84
701.965	27.65
702.147	32.78
702.329	29.37
702.511	30.03
702.692	24.66
702.874	25
703.056	26.74
703.237	27.07
703.419	25.85
703.601	30.23
703.782	30.88
703.964	30.43
704.146	27.8
704.327	28.41
704.509	32.96
704.69	27.69
704.872	29.23
705.053	25.58
705.235	30.87
705.416	29.2
705.598	26.79
705.779	27.24
705.961	22.03
706.142	25.33
706.323	34.25
706.505	29.28
706.686	25.97
706.867	32.04
707.049	20.38
707.23	27.44
707.411	28.99
707.593	34.7
707.774	26.27
707.955	33.07
708.136	25.94
708.318	24.89
708.499	24.41
708.68	24.81
708.861	28.82
709.042	30.39
709.223	28.49
709.404	28.24
709.585	27.09
709.767	27.18
709.948	27.2
710.129	32.03
710.31	23.43
710.491	26.89
710.672	27.56
710.853	19.67
711.034	38.17
711.214	27.05
711.395	32.14
711.576	27.41
711.757	32.35
711.938	22.8
712.119	29.18
712.3	30.75
712.481	16.46
712.661	32.1
712.842	30.96
713.023	29.22
713.204	17.58
713.384	27.83
713.565	31.28
713.746	18.48
713.926	21.59
714.107	23.02
714.288	27.22
714.468	34.09
714.649	35.66
714.83	28.82
715.01	36.44
715.191	16.49
715.371	37.54
715.552	27.39
715.732	33.22
715.913	25.55
716.093	32.09
716.274	29.92
716.454	26.87
716.635	25.62
716.815	30.85
716.995	24.25
717.176	34.44
717.356	19.15
717.536	29.01
717.717	30.64
717.897	25.54
718.077	26.75
718.258	31.79
718.438	20.91
718.618	34.4
718.798	25.52
718.978	30.45
719.159	28.26
719.339	42.85
719.519	29.86
719.699	33.2
719.879	28.54
720.059	30.01
720.239	37.93
720.419	30.06
720.599	25.46
720.779	36.79
720.959	25.63
721.139	22.62
721.319	15.45
721.499	43.32
721.679	24.21
721.859	36.38
722.039	27.1
722.219	28.98
722.399	28.58
722.579	29.13
722.759	28.92
722.938	24.45
723.118	29.29
723.298	22.98
723.478	27.89
723.658	33.66
723.837	27.01
724.017	21.02
724.197	25.69
724.376	19.79
724.556	10.56
724.736	37.7
724.915	18.55
725.095	46.14
725.275	34.14
725.454	32.7
725.634	21.96
725.813	23.67
725.993	18.99
726.172	30.54
726.352	25.42
726.531	36.85
726.711	23.11
726.89	23.98
727.07	38.72
727.249	40.1
727.428	23.83
727.608	26.34
727.787	35.97
727.966	25.1
728.146	19.37
728.325	40.73
728.504	30.01
728.684	15.59
728.863	33.12
729.042	30.97
729.221	7.03
729.4	23.11
729.58	35.82
729.759	31.2
729.938	38.76
730.117	52.76
730.296	33.02
730.475	23.58
730.654	19.06
730.833	18.92
731.013	36.26
731.192	20.18
731.371	28.05
731.55	45.29
731.729	29.36
731.907	38.12
732.086	51.45
732.265	20.85
732.444	27.74
732.623	28.89
732.802	38.41
732.981	24.47
733.16	24.46
733.339	32.36
733.517	22.75
733.696	35.34
733.875	28.26
734.054	21.43
734.232	30.06
734.411	48.47
734.59	6.25
734.768	22.67
734.947	28.7
735.126	13.21
735.304	18.35
735.483	22.75
735.662	38.9
735.84	36.32
736.019	36.58
736.197	29.88
736.376	37.35
736.554	50.82
736.733	35.08
736.911	1.83
737.09	27.77
737.268	1.92
737.447	42.51
737.625	34.81
737.803	23.69
737.982	34.12
738.16	39.66
738.338	30.76
738.517	-5.38
738.695	44.93
738.873	39.2
739.052	12.18
739.23	-27.22
739.408	29.56
739.586	47.58
739.764	20.31
739.943	42.17
740.121	35.1
740.299	-2.07
740.477	24.59
740.655	51.52
740.833	36.69
741.011	25.96
741.189	33.72
741.367	35.08
741.545	11.39
741.723	15.74
741.901	-3.01
742.079	40.82
742.257	57.73
742.435	49.33
742.613	22.31
742.791	31.98
742.969	29.92
743.147	10.73
743.325	16.42
743.503	28.9
743.68	19.23
743.858	-15
744.036	16.3
744.214	17.93
744.391	-17.95
744.569	31.91
744.747	29.47
744.925	48.62
745.102	54.36
745.28	25.67
745.458	44.02
745.635	35.71
745.813	55.37
745.99	41.31
746.168	18.66
746.345	50.09
746.523	29.55
746.7	44.25
746.878	11.22
747.055	27.56
747.233	45.32
747.41	30.75
747.588	44.3
747.765	23.18
747.943	16.53
748.12	28.72
748.297	29.47
748.475	38.38
748.652	34.97
748.829	48.79
749.007	42.34
749.184	7.55
749.361	57.92
749.538	37.56
749.716	40.97
749.893	15.64
750.07	34.64
750.247	28.79
750.424	10.96
750.601	46.25
750.778	32.22
750.956	28.69
751.133	-8.85
751.31	29.4
751.487	47.06
751.664	10.64
751.841	7.9
752.018	37.81
752.195	-12.16
752.372	40.56
752.549	-21.38
752.726	31.39
752.902	56.83
753.079	34.37
753.256	62.64
753.433	41.84
753.61	47.25
753.787	48.45
753.964	44.62
754.14	3
754.317	67
754.494	89.5
754.671	83.09
754.847	48.09
755.024	26.07
755.201	61.3
755.377	52.56
755.554	24.72
755.73	-6.35
755.907	16.15
756.084	52.48
756.26	28.5
756.437	9.34
756.613	-0.95
756.79	34.14
756.966	75.72
757.143	24.72
757.319	9.37
757.496	49.7
757.672	35.77
757.849	99.29
758.025	41.26
758.201	41.82
758.378	41.11
758.554	15.82
758.73	26.29
758.907	35.22
759.083	4.96
759.259	75.52
759.435	16.5
759.612	31.87
759.788	51.47
759.964	39.7
760.14	35.66
760.316	-8.14
760.493	38.59
760.669	91.72
760.845	-40.39
761.021	-82.23
761.197	-8.62
761.373	27.95
761.549	35.89
761.725	53.2
761.901	25.36
762.077	53.07
762.253	2.14
762.429	75.44
762.605	26.74
762.781	11.78
762.957	47.53
763.133	49.38
763.308	18.91
763.484	62.81
763.66	118.71
763.836	36.12
764.012	-35.49
764.187	8.42
764.363	70.4
764.539	10.96
764.715	29.9
764.89	13.48
765.066	11.54
765.242	48.78
765.417	26.98
765.593	72.22
765.769	79.22
765.944	39.36
766.12	56.75
766.295	27.11
766.471	20.87
766.646	26.26
766.822	68.52
766.997	2.68
767.173	8.84
767.348	31.23
767.524	-15.65
767.699	-25.62
767.875	22.13
768.05	29.59
768.225	-38.35
768.401	14.98
768.576	60.7
768.751	83.74
768.927	35.16
769.102	95.74
769.277	82.99
769.452	9.02
769.628	38.73
769.803	100.82
769.978	113.14
770.153	-53.26
770.328	52.74
770.503	15.53
770.679	156.11
770.854	46.74
771.029	58.33
771.204	-119.87
771.379	20.78
771.554	31.57
771.729	26.91
771.904	34.17
772.079	8.54
772.254	56.49
772.429	102.8
772.604	-24.93
772.779	96.71
772.953	42.16
773.128	29.39
773.303	20.99
773.478	32.12
773.653	8.69
773.828	62.89
774.002	156.68
774.177	44.73
774.352	-136.52
774.527	30.23
774.701	22.34
774.876	88.29
775.051	82.89
775.225	27.41
775.4	-5.33
775.575	17.81
775.749	-11.4
775.924	59.52
776.098	70.94
776.273	44.27
776.447	40.52
776.622	59.06
776.796	1.85
776.971	31.11
777.145	6.42
777.32	26.28
777.494	30.05
777.669	66.52
777.843	-148.86
778.017	25.04
778.192	53.26
778.366	-36.79
778.54	12.01
778.715	19.57
778.889	-50.87
779.063	102.05
779.237	39.61
779.412	-12.33
779.586	-30.02
779.76	43.91
779.934	10.76
780.108	28.18
780.282	-359.7
780.457	29.93
780.631	-126.24
780.805	-77.69
780.979	-144.78
781.153	113.3
781.327	116.45
781.501	64.11
781.675	-28.28
781.849	115.07
782.023	116.83
782.197	-37.93
782.371	-117.14
782.545	-81.6
782.718	160.78
782.892	25.58
783.066	54.76
783.24	125.91
783.414	59.74
783.588	100.82
783.761	-13.24
783.935	13.44
784.109	54.29
784.283	239.13
784.456	266.82
784.63	-38.26
784.804	15.69
784.977	28.32
785.151	-89.91
785.324	-69.64
785.498	42.75
785.672	19.6
785.845	76.47
786.019	101.9
786.192	7.28
786.366	-1.73
786.539	-16.61
786.713	-13.35
786.886	27.62
787.06	133.84
787.233	-71.3
787.406	40.58
787.58	14.05
787.753	60.48
787.926	76.21
788.1	-140.49
788.273	205.66
788.446	-62.36
788.62	654.84
788.793	-14.63
788.966	86.8
789.139	60.56
789.313	238.42
789.486	4271.43
789.659	-0.57
789.832	8.92
790.005	6.46
790.178	-94.69
790.351	37.11
790.524	137.97
790.697	-27.45
790.87	49.24
791.044	936.36
791.216	40.46
791.389	-218.72
791.562	139.79
791.735	332.91
791.908	998.7
792.081	92.9
792.254	236.26
792.427	-75.46
792.6	-140.23
792.773	-3.38
792.945	-395.52
793.118	-30.02
793.291	-198.9
793.464	-158.72
793.637	80.37
793.809	13.89
793.982	47.65
794.155	131.71
794.327	95.18
794.5	75.38
794.673	-126.72
794.845	56.42
795.018	-60.41
795.19	203.37
795.363	15.85
795.536	159.42
795.708	-738.71
795.881	20
796.053	93.26
796.226	-41.71
796.398	49.61
796.57	111.23
796.743	13.7
796.915	-1.95
797.088	-58.7
797.26	-340.94
797.432	120.25
797.605	-180.21
797.777	-715.58
797.949	-144.02
798.122	77.97
798.294	-81.17
798.466	-151.43
798.638	-128.21
798.81	138.31
798.983	-791.14
799.155	39.12
799.327	-89.88
799.499	32.39
799.671	3.89
799.843	-0.2
800.015	-55.64
800.187	30.33
800.359	103.55
800.531	93.52
800.703	46.32
800.875	92.32
801.047	31.83
801.219	-73.38
801.391	-419.48
801.563	-95.68
801.735	-23.78
801.907	183.44
802.079	98.74
802.251	-528.57
802.422	216.54
802.594	671.43
802.766	-44.28
802.938	-43.5
803.11	34.69
803.281	-286.75
803.453	71.13
803.625	39.17
803.796	49.61
803.968	1.78
804.14	-0.21
804.311	49.38
804.483	40.34
804.654	96.89
804.826	63.64
804.998	275.4
805.169	-74.52
805.341	68
805.512	-260.25
805.684	66.32
805.855	141.1
806.026	278.46
806.198	315.95
806.369	-9.16
806.541	30.07
806.712	150.09
806.883	55.31
807.055	102.99
807.226	-138.15
807.397	-554.95
807.569	-179.65
807.74	59.6
807.911	162.04
808.082	-167.26
808.253	-331.68
808.425	26.59
808.596	378.65
808.767	85.61
808.938	12.13
809.109	84.16
809.28	-40.28
809.451	-77.38
809.622	-295.72
809.793	-1125.81
809.964	-282.61
810.135	3.73
810.306	83.82
810.477	226.17
810.648	31.21
810.819	61.76
810.99	-2140
811.161	89.59
811.332	324.86
811.503	-12.27
811.674	-72.31
811.844	130.77
812.015	107.39
812.186	109.82
812.357	93.13
812.527	4.38
812.698	-21.74
812.869	273.58
813.04	59.91
813.21	-989.66
813.381	103.11
813.551	-57.75
813.722	130.31
813.893	18.51
814.063	89.08
814.234	-569.09
814.404	87.9
814.575	178.64
814.745	-20.35
814.916	60.77
815.086	45.26
815.257	128.7
815.427	-37.42
815.598	-5.48
815.768	14.72
815.938	60.95
816.109	213.36
816.279	109.94
816.449	10.57
816.62	-447.37
816.79	126.64
816.96	-179.25
817.13	53.58
817.301	24.87
817.471	6.12
817.641	389.57
817.811	0.73
817.981	-6700
818.152	-63.03
818.322	36.63
818.492	-24.78
818.662	67.49
818.832	39.08
819.002	27.73
819.172	124.2
819.342	-158.96
819.512	138.39
819.682	64.5
819.852	-25.86
820.022	52.99
820.192	162.92
820.362	-16.19
820.531	144.3
820.701	104.66
820.871	101.36
821.041	38.46
821.211	4.8
821.381	128.93
821.55	178.3
821.72	360.47
821.89	-90.77
822.059	133.81
822.229	1.68
822.399	42.6
822.568	191.54
822.738	-612.2
822.908	14.11
823.077	-208.49
823.247	22.97
823.416	570.59
823.586	-71.12
823.756	-57.75
823.925	74.68
824.095	53.49
824.264	-215.7
824.433	160.18
824.603	59.46
824.772	-153.95
824.942	-1049.37
825.111	126.13
825.28	-140.99
825.45	-126.09
825.619	172.05
825.788	-511.24
825.958	57.17
826.127	44.83
826.296	101.3
826.465	99.06
826.635	39.58
826.804	127.25
826.973	88.19
827.142	-66.81
827.311	121.48
827.48	45.26
827.649	67.4
827.818	74.8
827.988	308
828.157	168.97
828.326	28.91
828.495	41.08
828.664	-32.3
828.833	50.53
829.002	-170.81
829.17	129.53
829.339	-42.71
829.508	-87.85
829.677	189.89
829.846	35.02
830.015	-132.11
830.184	52.84
830.352	38.76
830.521	16.55
830.69	763.41
830.859	4170.59
831.027	-1078.95
831.196	76.21
831.365	16.64
831.533	50.17
831.702	33.6
831.871	-29.16
832.039	69.68
832.208	-386.96
832.377	292.13
832.545	86.63
832.714	55.34
832.882	-18.92
833.051	94.5
833.219	1700
833.388	4.83
833.556	-77.26
833.724	59.01
833.893	81.56
834.061	689.47
834.23	235.59
834.398	138.61
834.566	468.83
834.735	-1385.71
834.903	92.45
835.071	-1900
835.239	0.33
835.408	96.34
835.576	-253.49
835.744	-16.09
835.912	83.16
836.08	91.06
836.249	567.92
836.417	179.14
836.585	101.21
836.753	88.01
836.921	162.7
837.089	-700
837.257	-1202.33
837.425	-332.34
837.593	84.04
837.761	72.83
837.929	-105.86
838.097	89.62
838.265	81.4
838.433	-11.48
838.601	105.31
838.769	-46.84
838.936	500
839.104	117.44
839.272	91.45
839.44	93.16
839.608	909.76
839.775	-13.96
839.943	46.24
840.111	67.1
840.279	15.95
840.446	88.06
840.614	32.47
840.781	260
840.949	9.94
841.117	-113.57
841.284	-169.53
841.452	-29.19
841.619	61.93
841.787	159.04
841.954	-1034.88
842.122	-75.72
842.289	80.1
842.457	-54.11
842.624	35.31
842.792	-86.86
842.959	26.86
843.126	-34.08
843.294	-94.53
843.461	-25.68
843.629	-76
843.796	165.66
843.963	-102.33
844.13	70.7
844.298	272.97
844.465	-52.77
844.632	306.21
844.799	-24.62
844.966	188.51
845.134	-2.99
845.301	51.36
845.468	-32.45
845.635	118.37
845.802	-158.72
845.969	91.82
846.136	105.61
846.303	184.21
846.47	-0.13
846.637	56.92
846.804	-1268.42
846.971	-105.9
847.138	240.54
847.305	-243.36
847.472	25.84
847.639	-107.03
847.805	-18.83
847.972	250.65
848.139	113.73
848.306	184.21
848.473	-1.49
848.639	50.25
848.806	-114.4
848.973	4.4
849.14	60.88
849.306	-210.31
849.473	-231.13
849.64	167.69
849.806	75.12
849.973	214.59
850.139	150.33
850.306	91.36
850.472	176.75
850.639	63.28
850.806	752.63
850.972	228.7
851.139	-1557.14
851.305	48.92
851.471	-33.81
851.638	73.01
851.804	-843.28
851.971	-58.76
852.137	30.13
852.303	-31.06
852.47	15.06
852.636	63.64
852.802	-340.94
852.968	-296.6
853.135	-60.41
853.301	14.45
853.467	130.16
853.633	36.31
853.8	99.35
853.966	24.87
854.132	1700
854.298	193.43
854.464	284.27
854.63	163.19
854.796	105.42
854.962	223.74
855.128	81.49
855.294	-69.07
855.46	-158.06
855.626	-44.91
855.792	-120.85
855.958	208.74
856.124	6.75
856.29	-40.4
856.456	-52.71
856.622	137.45
856.787	749.35
856.953	12.21
857.119	96.04
857.285	45.02
857.45	42.05
857.616	117.48
857.782	-86.19
857.948	247.96
858.113	-97.95
858.279	171.07
858.445	311.02
858.61	-58.14
858.776	14.17
858.941	84.16
859.107	50.53
859.273	93.41
859.438	-226.2
859.604	-1268.42
859.769	348.82
859.935	-141.58
860.1	29.56
860.265	84.07
860.431	85.61
860.596	3585.71
860.762	6.71
860.927	-16.71
861.092	49.08
861.258	-9.92
861.423	-88.42
861.588	115.88
861.753	842.86
861.919	341.51
862.084	55.91
862.249	166.44
862.414	82.25
862.579	213.71
862.745	22.47
862.91	110.33
863.075	269.38
863.24	44.99
863.405	162.31
863.57	-23.78
863.735	-69
863.9	223.89
864.065	64.04
864.23	-0.26
864.395	111.39
864.56	-51.06
864.725	120.25
864.89	486.52
865.055	138.66
865.22	0.34
865.384	14.61
865.549	290.29
865.714	50.35
865.879	-19.34
866.044	126.23
866.208	-0.25
866.373	-225.27
866.538	112.18
866.702	27.87
866.867	61.34
867.032	48.24
867.196	78.38
867.361	778.4
867.526	-45.92
867.69	-65.48
867.855	104.4
868.019	-132.73
868.184	6.16
868.348	143.69
868.513	-1358.06
868.677	196.5
868.842	80.21
869.006	95.47
869.17	-745.28
869.335	-1900
869.499	-432.04
869.663	190.07
869.828	-83
869.992	862.79
870.156	1.65
870.321	-48.97
870.485	-29.49
870.649	-38.26
870.813	-212.92
870.978	249.79
871.142	-423.08
871.306	-324.64
871.47	596.35
871.634	18.11
871.798	37.89
871.962	65.38
872.126	-2071.43
872.29	3.15
872.454	2557.14
872.618	11.96
872.782	464.18
872.946	588.59
873.11	288.94
873.274	-165.9
873.438	641.18
873.602	-136.41
873.766	-123.38
873.93	-104.93
874.094	14.61
874.257	38.46
874.421	201.73
874.585	-503.64
874.749	-0.14
874.912	-121.58
875.076	5.71
875.24	23.93
875.403	143.69
875.567	157.14
875.731	365.17
875.894	-82.86
876.058	92.34
876.222	-12.36
876.385	95.98
876.549	89.83
876.712	500
876.876	-170.45
877.039	-106.95
877.203	55.97
877.366	107.78
877.529	-0.35
877.693	16.63
877.856	121.92
878.02	-64.27
878.183	-124.45
878.346	515.58
878.51	85.84
878.673	51.08
878.836	-56.47
878.999	306.45
879.163	84.07
879.326	-24.81
879.489	81.47
879.652	59.96
879.815	5.37
879.978	-9.39
880.142	48.99
880.305	-111.18
880.468	-6.02
880.631	-2.92
880.794	119.96
880.957	1026.83
881.12	-4088.24
881.283	-11.21
881.446	6.4
881.609	7.91
881.772	-168.4
881.935	1911.76
882.097	21.23
882.26	-88.68
882.423	-18.59
882.586	83.76
882.749	178.13
882.912	190.8
883.074	134.95
883.237	112.15
883.4	38.46
883.562	71.54
883.725	-258.4
883.888	178.74
884.05	-2140
884.213	-125.31
884.376	25.04
884.538	115.09
884.701	115.09
884.863	115.09
