181.954	121.46
182.172	121.46
182.39	121.46
182.608	960
182.826	237.36
183.043	-40.85
183.261	6.54
183.479	133.72
183.697	2258.82
183.914	208.91
184.132	115.51
184.35	123.77
184.567	98.03
184.785	84.96
185.003	9.25
185.22	128.76
185.438	2.3
185.656	-90.45
185.873	332.31
186.091	47.29
186.309	1489.66
186.526	266.06
186.744	-2.75
186.961	-73.8
187.179	159.24
187.396	45.89
187.614	36.92
187.831	-10800
188.049	73.62
188.266	0
188.484	-214.93
188.701	500.97
188.919	56.75
189.136	-26.93
189.354	111.2
189.571	-147.87
189.789	-37.25
190.006	120.19
190.223	-84.32
190.441	57.94
190.658	-171.43
190.876	70.01
191.093	-276.92
191.31	52.03
191.528	64.64
191.745	74.55
191.962	90.28
192.179	106.23
192.397	-189.47
192.614	70.04
192.831	-16.4
193.049	102.69
193.266	267.96
193.483	76.22
193.7	-295.38
193.917	129.43
194.135	353.96
194.352	176.06
194.569	68.94
194.786	191.79
195.003	8.43
195.221	-6.19
195.438	-46.64
195.655	168.84
195.872	77.29
196.089	117.69
196.306	50.53
196.523	127.9
196.74	68.57
196.957	11.05
197.174	-85.28
197.391	122.11
197.608	38.77
197.825	-193.55
198.042	-15.21
198.259	-1282.76
198.476	21.88
198.693	-3360
198.91	113.3
199.127	394.03
199.344	68.02
199.561	242.77
199.778	14.75
199.995	-53.73
200.212	124.14
200.429	85.31
200.646	-106.33
200.862	364.04
201.079	44.79
201.296	-39.74
201.513	-302.91
201.73	-177.12
201.947	226.3
202.163	24.05
202.38	104.05
202.597	160.43
202.814	16.27
203.03	-7680
203.247	54.27
203.464	-4.59
203.681	-46.75
203.897	139.31
204.114	271.7
204.331	106.89
204.547	-1590.7
204.764	10.97
204.981	-1694.12
205.197	153.19
205.414	0
205.63	1406.9
205.847	319.6
206.064	-567.27
206.28	107.9
206.497	35.73
206.713	117.84
206.93	31.24
207.146	98.6
207.363	-55.38
207.579	-237.36
207.796	116.81
208.012	105.21
208.229	-35.82
208.445	-94.82
208.662	70.59
208.878	46.65
209.095	-2400
209.311	-26.18
209.528	4971.43
209.744	-13.9
209.96	-71.52
210.177	570.87
210.393	104.93
210.609	-2160
210.826	132.52
211.042	135.65
211.258	985.07
211.475	96.26
211.691	-30.18
211.907	167.09
212.124	-54.03
212.34	123.43
212.556	-67.45
212.772	-857.14
212.989	-254.3
213.205	132.84
213.421	-295.48
213.637	214.93
213.853	-60.7
214.069	-2147.37
214.286	80.47
214.502	-304.48
214.718	-142.95
214.934	271.95
215.15	43.28
215.366	-12.34
215.582	114.49
215.798	69.02
216.015	13.46
216.231	227.03
216.447	33.04
216.663	83.37
216.879	6.03
217.095	394.63
217.311	-973.58
217.527	104.23
217.743	-815.53
217.959	-769.81
218.175	9.18
218.391	172.66
218.606	240
218.822	135.65
219.038	-211.76
219.254	207.16
219.47	83.37
219.686	552.81
219.902	14.93
220.118	43.64
220.334	-29.34
220.549	42.76
220.765	52.3
220.981	74.37
221.197	-22.79
221.413	-553.85
221.628	-212.66
221.844	158.49
222.06	174.76
222.276	-37.05
222.491	65.15
222.707	74.75
222.923	-330.2
223.139	49.6
223.354	38.71
223.57	85.04
223.786	69.99
224.001	-69.5
224.217	-38.48
224.432	166.47
224.648	129.59
224.864	40.48
225.079	931.34
225.295	-23.82
225.51	129.73
225.726	2.06
225.942	-48.9
226.157	61.82
226.373	-122.55
226.588	146.53
226.804	-947.37
227.019	0
227.235	104.71
227.45	36.31
227.665	9360
227.881	66.14
228.096	187.83
228.312	5.96
228.527	101.11
228.743	27.43
228.958	-13.99
229.173	-344.35
229.389	25.29
229.604	51.46
229.819	91.55
230.035	-245.94
230.25	-76.97
230.465	107.23
230.681	-27.36
230.896	-116.64
231.111	67.73
231.327	109.09
231.542	2160
231.757	17.84
231.972	110.25
232.187	-5.11
232.403	-3726.32
232.618	36.61
232.833	52.41
233.048	-327.27
233.263	-78.01
233.478	20.87
233.694	390.7
233.909	77.42
234.124	63.97
234.339	86.89
234.554	-124.14
234.769	-10.2
234.984	-16.14
235.199	63.97
235.414	-159.29
235.629	-334.18
235.844	-68.69
236.059	57.21
236.274	90.63
236.489	139.18
236.704	130.6
236.919	146.94
237.134	57.65
237.349	109.09
237.564	100.54
237.779	-158.31
237.994	45.96
238.209	102.69
238.424	154.6
238.639	14.93
238.853	-12.82
239.068	-10.88
239.283	10.88
239.498	272.3
239.713	108.86
239.928	44.93
240.142	126.32
240.357	75.2
240.572	-30.42
240.787	62.13
241.001	342.13
241.216	18.16
241.431	98.22
241.646	66.57
241.86	32.29
242.075	-55.81
242.29	-32.2
242.504	-1.48
242.719	89.44
242.934	66.14
243.148	68.34
243.363	46.47
243.577	67.42
243.792	-136.03
244.007	-31.15
244.221	202.6
244.436	-53.73
244.65	-110.43
244.865	136.49
245.079	16.14
245.294	-336.69
245.508	66.82
245.723	169.01
245.937	-105.49
246.152	64.07
246.366	49.4
246.581	45.08
246.795	-80.98
247.01	-19
247.224	-11.01
247.438	-28.1
247.653	-36.96
247.867	54.08
248.081	-7.39
248.296	1404.88
248.51	62.35
248.724	112.24
248.939	71.64
249.153	14.69
249.367	50.4
249.582	147.14
249.796	218.18
250.01	-63.58
250.224	40.71
250.439	118.31
250.653	25.53
250.867	59.69
251.081	-34.12
251.295	-5.6
251.51	35.74
251.724	-86.33
251.938	53.53
252.152	-183.94
252.366	75.54
252.58	152.73
252.794	112.04
253.008	254.3
253.223	29.27
253.437	56.43
253.651	16.76
253.865	110.13
254.079	-32.12
254.293	2.4
254.507	-632.73
254.721	-17.87
254.935	316.48
255.149	78.65
255.363	49.5
255.577	402.68
255.791	52.88
256.005	176.69
256.218	17.99
256.432	12.28
256.646	34.99
256.86	-27.04
257.074	98.89
257.288	1200
257.502	-448.35
257.716	4.03
257.929	195.77
258.143	166.6
258.357	101.77
258.571	119.56
258.785	-62.53
258.998	-74.17
259.212	23.43
259.426	129.15
259.64	55.15
259.853	135.42
260.067	143.33
260.281	183.93
260.494	-138.8
260.708	320.79
260.922	39.43
261.135	83.64
261.349	-22.18
261.563	133.01
261.776	-1976.47
261.99	92.47
262.203	62.72
262.417	127.21
262.63	174.92
262.844	0
263.058	89.49
263.271	50.24
263.485	89
263.698	115.93
263.912	51.06
264.125	42.95
264.339	-0
264.552	3.63
264.765	-281.74
264.979	63.95
265.192	26.16
265.406	25.92
265.619	70.82
265.832	53.13
266.046	-17.94
266.259	56.95
266.473	-1045.16
266.686	47.34
266.899	-32.8
267.113	2400
267.326	-148.41
267.539	122.57
267.752	17.86
267.966	113.67
268.179	48.71
268.392	111.38
268.605	-311.81
268.819	123.59
269.032	312.8
269.245	424.62
269.458	168.27
269.671	197.47
269.885	61.2
270.098	56.83
270.311	45.57
270.524	64.12
270.737	18.41
270.95	222.52
271.163	188.98
271.376	735.48
271.589	-455.7
271.802	-5.21
272.016	39.09
272.229	26.62
272.442	-68.02
272.655	-90.71
272.868	-54.43
273.081	175.28
273.294	-18.16
273.506	29.68
273.719	45.28
273.932	0
274.145	-4800
274.358	31.66
274.571	76.64
274.784	-158.49
274.997	19.03
275.21	-19.24
275.423	48.18
275.635	-198.99
275.848	86.11
276.061	7.95
276.274	67.52
276.487	135.65
276.699	-44.67
276.912	61.38
277.125	-45.96
277.338	132.4
277.55	82.41
277.763	14.46
277.976	28.86
278.189	-52.75
278.401	38.47
278.614	336
278.827	-20.77
279.039	40.56
279.252	152.27
279.464	-113.55
279.677	77.54
279.89	-27.03
280.102	-241.21
280.315	907.32
280.527	-63.16
280.74	-662.07
280.952	124.34
281.165	24.31
281.377	-0
281.59	67.71
281.802	76.97
282.015	80.96
282.227	100.98
282.44	155.4
282.652	148.31
282.865	51.18
283.077	80.96
283.29	123.26
283.502	55.05
283.714	301.42
283.927	111.41
284.139	-51.5
284.351	147.31
284.564	231.02
284.776	78.19
284.988	38.16
285.201	805.97
285.413	-0
285.625	-0
285.838	1.83
286.05	-5.22
286.262	22.14
286.474	261.03
286.686	25.98
286.899	26.91
287.111	16.13
287.323	-8.84
287.535	237.62
287.747	88.27
287.959	2.76
288.172	-480
288.384	68.31
288.596	27.33
288.808	-701.89
289.02	883.02
289.232	116.13
289.444	-30.87
289.656	3.91
289.868	-12.96
290.08	-125.15
290.292	-5.11
290.504	-40.34
290.716	62.91
290.928	83.06
291.14	809.3
291.352	11.24
291.564	705.88
291.776	68.99
291.988	-51.53
292.2	-96.68
292.412	-194.59
292.624	106.23
292.835	-250.75
293.047	33.58
293.259	-135.42
293.471	-70.59
293.683	-819.51
293.895	27.32
294.106	-14.8
294.318	146.29
294.53	78.23
294.742	1241.38
294.953	-35.42
295.165	54.48
295.377	145.79
295.589	-71.45
295.8	61.6
296.012	63.26
296.224	22.64
296.435	79.36
296.647	137.27
296.858	164.03
297.07	775.38
297.282	-13.77
297.493	17.25
297.705	-75.43
297.916	49.5
298.128	29.43
298.34	-16.35
298.551	27.32
298.763	49.24
298.974	87.48
299.186	59.69
299.397	-55.98
299.609	-851.61
299.82	93.18
300.031	19.85
300.243	-884.21
300.454	88.34
300.666	60.81
300.877	85.31
301.089	122.55
301.3	100.76
301.511	-9.15
301.723	7.98
301.934	197.01
302.145	-116.01
302.357	234.56
302.568	144
302.779	18.92
302.99	-118.39
303.202	-21.29
303.413	-18.79
303.624	93.56
303.835	-271.7
304.047	-82.59
304.258	21.21
304.469	46.49
304.68	21.22
304.891	-0
305.103	-32.43
305.314	131.13
305.525	857.14
305.736	-264.57
305.947	60.62
306.158	3176.47
306.369	56.15
306.58	34.89
306.791	180.98
307.002	-17.24
307.213	-70.45
307.424	67.84
307.636	120.98
307.846	199.37
308.057	0
308.268	-58.95
308.479	29.57
308.69	41.27
308.901	97.3
309.112	-279.07
309.323	58.54
309.534	-185.33
309.745	39.94
309.956	132.58
310.167	42.35
310.377	163.5
310.588	29.78
310.799	-0
311.01	-30.07
311.221	56.99
311.432	29.27
311.642	-22.74
311.853	12.66
312.064	-744.83
312.275	13.38
312.485	135.9
312.696	80.37
312.907	-36.18
313.117	34.44
313.328	68.83
313.539	-6.14
313.749	-65.51
313.96	-461.54
314.171	45.95
314.381	32.33
314.592	-14.12
314.802	62.32
315.013	-32.7
315.224	45.77
315.434	-821.05
315.645	2400
315.855	78.47
316.066	579.78
316.276	33.92
316.487	58.54
316.697	74.04
316.908	-22.43
317.118	-10.88
317.329	147.61
317.539	68.09
317.749	154.51
317.96	-1164.18
318.17	-31.1
318.381	408.79
318.591	-131.87
318.801	19.1
319.012	114.49
319.222	186.41
319.432	-5.96
319.643	59.48
319.853	129.15
320.063	74.84
320.273	7.47
320.484	303.3
320.694	284.08
320.904	187.12
321.114	296.63
321.325	1903.45
321.535	102.37
321.745	-6.88
321.955	-4.72
322.165	-119.64
322.375	9.02
322.585	228.22
322.796	951.72
323.006	43.94
323.216	43.13
323.426	20.84
323.636	206.7
323.846	1737.93
324.056	38.98
324.266	31.45
324.476	29.57
324.686	220.54
324.896	50.34
325.106	837.74
325.316	64.66
325.526	-1136.84
325.736	44.22
325.946	38.06
326.156	872.73
326.366	-219.13
326.576	53.67
326.785	90.45
326.995	40.79
327.205	-36.18
327.415	219.66
327.625	245.26
327.835	7.75
328.044	-72.36
328.254	427.83
328.464	-21.2
328.674	164.97
328.884	-0
329.093	243.85
329.303	49.72
329.513	231.06
329.722	-1073.68
329.932	42.93
330.142	119.39
330.351	78.22
330.561	829.09
330.771	-132.84
330.98	32.7
331.19	-276.92
331.4	-38.16
331.609	9.83
331.819	1317.07
332.028	34.29
332.238	81.36
332.447	62.53
332.657	21.03
332.866	27.36
333.076	63.29
333.285	70.36
333.495	425.81
333.704	-392.83
333.914	86.36
334.123	50.46
334.333	756.92
334.542	68.66
334.752	701.54
334.961	-203.77
335.17	-229.15
335.38	22.89
335.589	14.89
335.798	86.24
336.008	224.18
336.217	97.02
336.426	26.01
336.636	-51.06
336.845	-10.14
337.054	420.78
337.263	1.98
337.473	-37.78
337.682	3.91
337.891	-8.41
338.1	-34.53
338.309	25.62
338.519	133.94
338.728	32.55
338.937	-359.06
339.146	155.4
339.355	-249.06
339.564	-1515.79
339.773	259.3
339.983	30.59
340.192	-323.48
340.401	160.22
340.61	157.76
340.819	35.46
341.028	82.62
341.237	2894.12
341.446	4.49
341.655	110.17
341.864	-96.68
342.073	-11.41
342.282	-57.83
342.491	-10.97
342.699	-58.25
342.908	-140.26
343.117	110.82
343.326	68.02
343.535	-698.18
343.744	-171.43
343.953	294.86
344.162	66.22
344.37	-13.82
344.579	-1289.55
344.788	-27.62
344.997	96
345.206	50.81
345.414	71.78
345.623	53.14
345.832	-109.6
346.041	237.56
346.249	-4.03
346.458	66.19
346.667	13.66
346.875	24.26
347.084	26.92
347.293	23.33
347.501	-176.3
347.71	34.99
347.918	101.85
348.127	-619.78
348.336	-333.77
348.544	125.67
348.753	-752.24
348.961	-47.23
349.17	50.97
349.378	21.59
349.587	80.4
349.795	-361.17
350.004	-387.69
350.212	90.93
350.421	-148.67
350.629	-3.63
350.838	66.06
351.046	116.71
351.254	-52.77
351.463	-16.49
351.671	252.63
351.879	60.72
352.088	51.3
352.296	106.19
352.504	169.08
352.713	116.6
352.921	56.69
353.129	-73.92
353.338	122.45
353.546	-0
353.754	250.31
353.962	-57.56
354.171	54.84
354.379	-3284.21
354.587	-19.56
354.795	-35.18
355.003	-20.92
355.212	7.25
355.42	362.26
355.628	14.46
355.836	81.36
356.044	-11.47
356.252	46.1
356.46	22.4
356.668	683.08
356.876	72.35
357.084	56.79
357.292	38.03
357.5	-94.45
357.708	61.75
357.916	75.2
358.124	34.99
358.332	-71.64
358.54	43.64
358.748	888.31
358.956	129.59
359.164	63.87
359.372	82.66
359.58	25.9
359.788	55.11
359.996	82.86
360.203	-26.41
360.411	35.37
360.619	-102.51
360.827	25.19
361.035	-88.34
361.242	133.72
361.45	75.95
361.658	17.06
361.866	42.62
362.073	8.48
362.281	77.97
362.489	4.65
362.697	82
362.904	-36.25
363.112	70.59
363.32	52.17
363.527	146.09
363.735	88.03
363.943	1.52
364.15	122.97
364.358	21.64
364.565	85.53
364.773	122.65
364.98	-8.48
365.188	-15.55
365.395	5.96
365.603	203.39
365.81	25.14
366.018	25.2
366.225	80.42
366.433	-38.71
366.64	41.96
366.848	39.69
367.055	-0
367.263	104.87
367.47	36.69
367.677	516.46
367.885	7.98
368.092	-30.43
368.299	27.04
368.507	54.33
368.714	180.53
368.921	-94.49
369.129	100.7
369.336	3.8
369.543	18.14
369.751	-81.49
369.958	-69.96
370.165	22.99
370.372	-23.95
370.579	-33.76
370.787	10.51
370.994	228.2
371.201	104.63
371.408	25.17
371.615	-46.66
371.822	30.07
372.029	-158.64
372.237	-13.71
372.444	149.19
372.651	52.34
372.858	35.19
373.065	37.09
373.272	58.31
373.479	579.31
373.686	34.12
373.893	198.06
374.1	-51.67
374.307	-440.29
374.514	-111.74
374.721	39.95
374.928	-436.36
375.135	20.58
375.341	-4560
375.548	-20.45
375.755	-38.48
375.962	28.74
376.169	30.91
376.376	-43.72
376.583	106.43
376.789	88.72
376.996	103.33
377.203	-14.43
377.41	-0
377.617	30.21
377.823	-269.52
378.03	1083.87
378.237	135.52
378.443	-123.43
378.65	113.21
378.857	92.99
379.063	-334.18
379.27	229.57
379.477	-81.74
379.683	-42.51
379.89	15.27
380.097	49.32
380.303	49.75
380.51	27.48
380.716	27.29
380.923	-132.28
381.129	-7.07
381.336	264.57
381.542	-21.45
381.749	-22.43
381.955	12.37
382.162	177.96
382.368	20.73
382.575	33.63
382.781	2110.34
382.988	-18.36
383.194	-20.39
383.4	-13.2
383.607	43.59
383.813	-31
384.02	-7.27
384.226	56.43
384.432	-30.71
384.639	48.83
384.845	121.52
385.051	-54.43
385.257	25.53
385.464	57.33
385.67	75.87
385.876	-20.73
386.082	-101.69
386.289	70.84
386.495	68.53
386.701	-152.44
386.907	-18.41
387.113	18.17
387.319	54.47
387.526	78.18
387.732	-85.04
387.938	547.2
388.144	125.22
388.35	17.38
388.556	10.6
388.762	41.09
388.968	865.12
389.174	-24.03
389.38	7.78
389.586	-17.3
389.792	5.5
389.998	12.96
390.204	-69.97
390.41	88.93
390.616	44.86
390.822	-74.02
391.028	68.25
391.234	8.93
391.439	-419.42
391.645	20.08
391.851	11.16
392.057	-22.94
392.263	35.89
392.469	4.39
392.674	-22.08
392.88	-4.56
393.086	-7.19
393.292	-76.78
393.498	-29.43
393.703	41.76
393.909	110.4
394.115	51.21
394.32	-49.56
394.526	-0
394.732	59.25
394.937	80.85
395.143	-140.89
395.349	23.33
395.554	-217.09
395.76	23.96
395.965	34.54
396.171	-22.87
396.377	14.09
396.582	22.06
396.788	31.31
396.993	-0
397.199	15.29
397.404	62.99
397.61	-16.52
397.815	-47.27
398.021	-90.93
398.226	-86.06
398.431	8.37
398.637	16.54
398.842	19.07
399.048	-6.32
399.253	19
399.458	25.27
399.664	-9.77
399.869	-17.01
400.074	15.42
400.28	19.67
400.485	-31.42
400.69	-31.78
400.896	-1.59
401.101	0.82
401.306	-2.25
401.511	17.98
401.716	7.86
401.922	20.34
402.127	1.74
402.332	-12.09
402.537	25.07
402.742	14.71
402.947	25.22
403.153	-9.28
403.358	38.63
403.563	19.54
403.768	24.18
403.973	4.15
404.178	-7.06
404.383	3.09
404.588	11.44
404.793	18.68
404.998	14.31
405.203	1.18
405.408	-4.57
405.613	23.7
405.818	5.8
406.023	6.3
406.228	-15.96
406.433	0.64
406.638	-5.92
406.842	16.49
407.047	9.46
407.252	4.5
407.457	9.24
407.662	10.09
407.867	6.07
408.071	1.92
408.276	7.23
408.481	17.35
408.686	6.54
408.891	12.36
409.095	12.92
409.3	4.74
409.505	12.62
409.709	4.7
409.914	11.39
410.119	8.57
410.323	4.38
410.528	1.06
410.733	15.61
410.937	1.71
411.142	4.5
411.346	4.82
411.551	6.43
411.756	5.8
411.96	5.83
412.165	3.13
412.369	0.78
412.574	1.01
412.778	6.26
412.983	6.76
413.187	7.96
413.392	2.53
413.596	4.01
413.8	7.02
414.005	6.89
414.209	7.38
414.414	6.52
414.618	3.76
414.822	3.89
415.027	6.06
415.231	4.59
415.435	6.86
415.64	3.34
415.844	4.01
416.048	5.56
416.252	5.57
416.457	3.84
416.661	4.4
416.865	4.18
417.069	2.59
417.274	5.61
417.478	4.24
417.682	4.4
417.886	3.78
418.09	5.26
418.294	5.42
418.498	4.86
418.702	5.24
418.907	4.29
419.111	4.07
419.315	5.06
419.519	5.55
419.723	2.56
419.927	4.69
420.131	6.51
420.335	6.01
420.539	2.84
420.743	6.38
420.947	2.73
421.151	4.18
421.355	5.37
421.558	5.74
421.762	5.23
421.966	4.22
422.17	4.93
422.374	3.32
422.578	4.44
422.782	4.04
422.985	4.25
423.189	5.03
423.393	4.65
423.597	5.01
423.801	5.63
424.004	3.61
424.208	4.75
424.412	4.19
424.615	4.66
424.819	4.4
425.023	4.84
425.226	3.68
425.43	4.59
425.634	4.72
425.837	3.66
426.041	4.03
426.245	4.68
426.448	4.07
426.652	4.49
426.855	4.13
427.059	3.89
427.262	4.24
427.466	4
427.669	4.21
427.873	3.8
428.076	4.15
428.28	4.18
428.483	3.96
428.687	4.26
428.89	4.55
429.094	3.92
429.297	3.2
429.5	4.3
429.704	4.03
429.907	4.98
430.11	4.49
430.314	4.55
430.517	3.67
430.72	4.43
430.924	4.53
431.127	4.25
431.33	4.41
431.533	4.27
431.737	3.8
431.94	4.08
432.143	4
432.346	3.9
432.549	4.21
432.752	3.64
432.956	4.11
433.159	4
433.362	3.48
433.565	3.97
433.768	4.21
433.971	3.69
434.174	4.74
434.377	4.45
434.58	3.76
434.783	4.04
434.986	4.23
435.189	3.96
435.392	3.85
435.595	4.37
435.798	4.59
436.001	4.02
436.204	3.87
436.407	4.48
436.61	4.21
436.813	4.34
437.016	4.13
437.219	4.43
437.421	4.38
437.624	4.18
437.827	4.2
438.03	4.02
438.233	3.91
438.435	4.35
438.638	4.23
438.841	3.72
439.044	4.1
439.246	3.98
439.449	3.84
439.652	4.33
439.854	3.98
440.057	4.33
440.26	4.14
440.462	3.95
440.665	3.74
440.868	3.94
441.07	3.88
441.273	4.37
441.475	3.8
441.678	4.23
441.88	4.07
442.083	3.81
442.286	3.71
442.488	3.83
442.69	4.08
442.893	3.8
443.095	3.79
443.298	3.96
443.5	4.36
443.703	3.93
443.905	4.27
444.108	4.05
444.31	4.09
444.512	4.11
444.715	3.99
444.917	4.16
445.119	4.01
445.322	4.14
445.524	3.99
445.726	4.13
445.928	3.81
446.131	4.33
446.333	4.27
446.535	4.3
446.737	4.28
446.94	4.64
447.142	4.07
447.344	4.18
447.546	4.46
447.748	3.94
447.95	4.49
448.152	4.39
448.354	4.14
448.557	4.37
448.759	4.57
448.961	3.93
449.163	4.26
449.365	4.19
449.567	4
449.769	4.15
449.971	4.18
450.173	4.09
450.375	4.35
450.577	4.6
450.779	4.21
450.981	4.48
451.182	4.25
451.384	4.52
451.586	4.83
451.788	4.17
451.99	4.65
452.192	4.13
452.394	4.5
452.595	4.97
452.797	4.77
452.999	4.34
453.201	4.54
453.402	4.73
453.604	4.71
453.806	4.71
454.008	4.3
454.209	5
454.411	5.2
454.613	4.61
454.814	4.55
455.016	4.83
455.218	4.36
455.419	4.53
455.621	4.77
455.822	4.19
456.024	4.82
456.225	5.15
456.427	5.44
456.629	4.75
456.83	4.47
457.032	4.61
457.233	4.45
457.435	4.41
457.636	5.02
457.837	4.97
458.039	5.09
458.24	5.02
458.442	5.04
458.643	3.93
458.844	5.62
459.046	4.82
459.247	5.4
459.448	5.22
459.65	4.78
459.851	5.38
460.052	5.37
460.254	4.91
460.455	5.11
460.656	5.34
460.857	5.18
461.059	5.16
461.26	4.79
461.461	4.9
461.662	5.07
461.863	5.89
462.065	4.58
462.266	5.2
462.467	4.4
462.668	4.8
462.869	5.57
463.07	5.29
463.271	6.02
463.472	4.31
463.673	4.73
463.874	5.39
464.075	5.3
464.276	5.2
464.477	5.27
464.678	5.97
464.879	5.67
465.08	5.42
465.281	5.83
465.482	4.64
465.683	4.45
465.884	5.3
466.085	4.65
466.285	5.55
466.486	5.3
466.687	5.24
466.888	5.53
467.089	5.77
467.29	4.78
467.49	4.99
467.691	5.81
467.892	4.75
468.093	4.95
468.293	5.4
468.494	4.89
468.695	4.83
468.895	5.84
469.096	5.06
469.297	5.24
469.497	5.16
469.698	6.36
469.898	4.03
470.099	7.86
470.3	7.46
470.5	5.16
470.701	7.66
470.901	7.25
471.102	5.44
471.302	4.06
471.503	6.35
471.703	7.83
471.904	6.01
472.104	5.29
472.305	5.26
472.505	5.28
472.705	6.65
472.906	6.5
473.106	7.3
473.306	4.9
473.507	7.15
473.707	6.01
473.907	6.32
474.108	5.27
474.308	5.39
474.508	4.75
474.709	6.14
474.909	5.34
475.109	5.19
475.309	5.26
475.51	5.51
475.71	6.59
475.91	5.87
476.11	5
476.31	4.69
476.51	5.47
476.71	4.83
476.911	6.12
477.111	6.36
477.311	4.77
477.511	5.55
477.711	5.47
477.911	4.64
478.111	6.34
478.311	5.81
478.511	4.53
478.711	6.02
478.911	5.86
479.111	7.13
479.311	5.51
479.511	5.98
479.711	4.57
479.91	4.29
480.11	5.67
480.31	6.16
480.51	7.73
480.71	5.4
480.91	5.38
481.109	6.02
481.309	5.55
481.509	4.58
481.709	5.64
481.909	5.69
482.108	4.33
482.308	4.67
482.508	6.7
482.707	7.43
482.907	5.54
483.107	4.41
483.306	5.78
483.506	5.45
483.706	4.05
483.905	5
484.105	6.63
484.304	5.67
484.504	4.33
484.704	5.24
484.903	6.63
485.103	7.78
485.302	4.59
485.502	6.78
485.701	6.45
485.901	4.44
486.1	5.85
486.299	5.75
486.499	4.66
486.698	5.02
486.898	6.07
487.097	6.25
487.296	5.16
487.496	3.76
487.695	3.8
487.894	5.18
488.094	5.77
488.293	6.43
488.492	5.1
488.692	4.74
488.891	5.51
489.09	5.51
489.289	5.24
489.489	4.59
489.688	3.85
489.887	5.98
490.086	5.19
490.285	5.18
490.484	6.66
490.683	6.89
490.883	5.55
491.082	6.71
491.281	5.37
491.48	6.43
491.679	6.06
491.878	5.18
492.077	6.63
492.276	6.66
492.475	6.03
492.674	5.08
492.873	5.75
493.072	5.25
493.271	5.99
493.47	4.16
493.669	4.54
493.867	5.66
494.066	6.75
494.265	6.3
494.464	5.6
494.663	5.21
494.862	5.59
495.06	4.84
495.259	4.72
495.458	5.66
495.657	4.8
495.856	6.61
496.054	5.83
496.253	6.27
496.452	6.09
496.65	5.2
496.849	5.72
497.048	5.09
497.246	5.5
497.445	6.35
497.644	6.21
497.842	6.11
498.041	5.99
498.239	5.24
498.438	5.79
498.636	5.95
498.835	6.57
499.034	6.32
499.232	5.97
499.431	6.23
499.629	4.59
499.827	6.53
500.026	6.03
500.224	5.89
500.423	6.23
500.621	6.48
500.82	6.72
501.018	6.66
501.216	6.45
501.415	5.45
501.613	5.96
501.811	5.78
502.01	6.57
502.208	5.72
502.406	5.97
502.604	6.25
502.803	6.53
503.001	6.7
503.199	5.99
503.397	6.09
503.595	6.55
503.794	6.21
503.992	6.51
504.19	5.94
504.388	6.13
504.586	5.7
504.784	6.49
504.982	6.16
505.18	6.26
505.378	6.05
505.576	7.25
505.774	7.12
505.972	6.9
506.17	7.88
506.368	7.17
506.566	6.43
506.764	6.72
506.962	7
507.16	7.01
507.358	6.27
507.556	6.25
507.754	7.27
507.952	6.55
508.15	7.58
508.347	7.04
508.545	7.26
508.743	6.96
508.941	6.83
509.139	7.49
509.336	7.24
509.534	7.56
509.732	6.63
509.93	7.39
510.127	7.22
510.325	7.15
510.523	7.67
510.72	7.75
510.918	7.01
511.116	7.58
511.313	6.77
511.511	7.05
511.708	7.32
511.906	7.78
512.104	7.35
512.301	7.8
512.499	7.43
512.696	6.98
512.894	6.99
513.091	7.22
513.289	7.3
513.486	7.82
513.683	7.14
513.881	7.84
514.078	7.74
514.276	8.4
514.473	7.45
514.67	8.13
514.868	8.15
515.065	7.35
515.262	8.16
515.46	7.59
515.657	8.2
515.854	7.58
516.052	7.63
516.249	7.69
516.446	7.82
516.643	8.16
516.84	8.11
517.038	7.88
517.235	7.7
517.432	7.91
517.629	8.33
517.826	8
518.023	8.22
518.221	8.76
518.418	8.81
518.615	8.72
518.812	8.42
519.009	8.37
519.206	8.13
519.403	8.15
519.6	8.2
519.797	9.03
519.994	8.22
520.191	8.34
520.388	8.55
520.585	8.31
520.782	8.57
520.978	7.88
521.175	8.83
521.372	8.63
521.569	8.53
521.766	8.44
521.963	8.42
522.159	9.19
522.356	8.74
522.553	9.1
522.75	8.84
522.947	8.67
523.143	8.72
523.34	8.96
523.537	9.19
523.733	9.07
523.93	9.19
524.127	8.91
524.323	9.49
524.52	9.06
524.717	8.66
524.913	9.18
525.11	8.43
525.306	9.17
525.503	8.89
525.7	8.83
525.896	8.65
526.093	9.63
526.289	9.6
526.486	8.94
526.682	9.21
526.878	9.1
527.075	9.23
527.271	9.21
527.468	9.34
527.664	9.05
527.861	9.45
528.057	9.08
528.253	9.59
528.45	8.91
528.646	9.04
528.842	9.47
529.039	8.79
529.235	9.88
529.431	9.45
529.627	9.38
529.824	9.35
530.02	9.36
530.216	9.49
530.412	9.25
530.608	9.35
530.804	9.4
531.001	9.63
531.197	9.2
531.393	9.77
531.589	9.13
531.785	9.11
531.981	9.69
532.177	9.83
532.373	9.97
532.569	9.65
532.765	9.41
532.961	8.99
533.157	9.33
533.353	10.02
533.549	9.62
533.745	9.67
533.941	9.74
534.137	9.78
534.333	9.62
534.529	9.46
534.725	9.52
534.92	9.89
535.116	9.91
535.312	9.15
535.508	9.53
535.704	9.25
535.899	9.97
536.095	9.86
536.291	9.53
536.487	9.17
536.682	9.99
536.878	9.97
537.074	9.61
537.269	9.71
537.465	9.49
537.661	10.07
537.856	9.58
538.052	9.89
538.248	9.79
538.443	10.18
538.639	9.69
538.834	9.56
539.03	10.01
539.225	10.34
539.421	9.99
539.616	10.21
539.812	10.13
540.007	10.13
540.203	10.24
540.398	10.18
540.593	10.15
540.789	10.01
540.984	10.05
541.18	9.79
541.375	9.97
541.57	10.54
541.766	10.36
541.961	9.97
542.156	10.15
542.352	10.3
542.547	9.91
542.742	9.77
542.937	10.56
543.133	10.72
543.328	10.42
543.523	10.31
543.718	10.2
543.913	10.27
544.108	10.4
544.304	10.1
544.499	10.72
544.694	10.37
544.889	10.08
545.084	10.12
545.279	10.42
545.474	10.72
545.669	10.1
545.864	10
546.059	10.16
546.254	10.22
546.449	10.36
546.644	10.46
546.839	10.37
547.034	10.37
547.229	10.67
547.424	10.4
547.618	10.5
547.813	10.5
548.008	10.66
548.203	10.67
548.398	10.54
548.593	10.75
548.787	10.74
548.982	10.52
549.177	10.29
549.372	10.19
549.566	10.44
549.761	10.93
549.956	10.31
550.15	10.81
550.345	10.94
550.54	10.89
550.734	10.84
550.929	10.53
551.124	10.61
551.318	10.32
551.513	10.59
551.707	10.93
551.902	10.65
552.096	11.44
552.291	10.85
552.485	10.96
552.68	11.16
552.874	11.37
553.069	11.22
553.263	10.91
553.458	11.24
553.652	10.73
553.847	10.63
554.041	11.26
554.235	10.94
554.43	11.05
554.624	10.92
554.818	10.87
555.013	11.11
555.207	10.92
555.401	11.3
555.595	11.54
555.79	10.85
555.984	10.91
556.178	11.01
556.372	11.25
556.566	11.23
556.761	11.16
556.955	11.41
557.149	11.17
557.343	11.44
557.537	11.84
557.731	11.39
557.925	11.52
558.119	11.08
558.313	11.49
558.507	10.96
558.701	11.16
558.895	11.45
559.089	11.71
559.283	11.51
559.477	11.44
559.671	11.58
559.865	11.38
560.059	11.18
560.253	11.31
560.447	11.16
560.641	11.26
560.835	12.03
561.028	11.82
561.222	11.48
561.416	11.66
561.61	11.55
561.804	11.2
561.997	11.18
562.191	11.42
562.385	12.09
562.579	11.38
562.772	11.78
562.966	11.84
563.16	11.56
563.353	11.45
563.547	11.71
563.741	11.67
563.934	11.87
564.128	11.79
564.321	11.93
564.515	12.25
564.708	12.19
564.902	11.65
565.095	11.63
565.289	11.91
565.482	12.09
565.676	11.66
565.869	11.58
566.063	12.12
566.256	11.7
566.45	12.07
566.643	11.73
566.836	11.98
567.03	12.13
567.223	11.95
567.416	12.46
567.61	11.9
567.803	12.15
567.996	12.15
568.19	12.09
568.383	12.43
568.576	12.13
568.769	12.26
568.963	12.24
569.156	11.99
569.349	12.33
569.542	12.19
569.735	12.06
569.928	12.04
570.121	12.81
570.315	12.68
570.508	12.2
570.701	12.46
570.894	12.13
571.087	12.1
571.28	12.63
571.473	12.28
571.666	12.46
571.859	11.93
572.052	11.99
572.245	12.36
572.438	12.45
572.631	12.55
572.824	12.77
573.016	12.26
573.209	12.69
573.402	12.24
573.595	12.28
573.788	12.77
573.981	12.79
574.173	11.87
574.366	12.5
574.559	12.87
574.752	12.15
574.944	12.57
575.137	12.51
575.33	12.75
575.523	12.59
575.715	12.6
575.908	12.63
576.101	12.58
576.293	12.62
576.486	12.47
576.678	12.56
576.871	12.69
577.063	12.73
577.256	12.44
577.449	12.63
577.641	12.65
577.834	12.51
578.026	12.59
578.219	12.25
578.411	12.68
578.603	13.05
578.796	12.42
578.988	12.73
579.181	12.82
579.373	12.79
579.565	12.69
579.758	12.79
579.95	12.55
580.142	12.44
580.335	12.68
580.527	13.23
580.719	13.05
580.912	12.71
581.104	13.04
581.296	12.95
581.488	13.1
581.68	12.76
581.873	13.1
582.065	12.88
582.257	12.99
582.449	12.91
582.641	12.97
582.833	12.84
583.025	12.7
583.217	13.53
583.41	12.78
583.602	13.17
583.794	12.88
583.986	13.43
584.178	13.08
584.37	13.42
584.562	13.01
584.753	12.87
584.945	13.21
585.137	13.11
585.329	13.03
585.521	13.58
585.713	13.48
585.905	13.36
586.097	13.05
586.289	13.25
586.48	13.7
586.672	13.12
586.864	13.44
587.056	13.47
587.247	13.01
587.439	13.15
587.631	13.25
587.823	13.05
588.014	13.13
588.206	13.49
588.398	13.21
588.589	13.63
588.781	13.23
588.972	13.53
589.164	13.26
589.356	13.72
589.547	13.67
589.739	13.38
589.93	13.86
590.122	13.32
590.313	13.79
590.505	13.76
590.696	13.54
590.888	13.42
591.079	13.24
591.271	13.7
591.462	13.91
591.653	13.98
591.845	13.73
592.036	14.15
592.227	13.79
592.419	13.75
592.61	13.8
592.801	13.48
592.993	13.73
593.184	13.82
593.375	13.69
593.566	14.09
593.758	13.69
593.949	13.74
594.14	14.01
594.331	13.75
594.522	13.58
594.713	13.41
594.905	14.09
595.096	14.29
595.287	14.05
595.478	14.11
595.669	13.86
595.86	13.93
596.051	14.28
596.242	14.15
596.433	13.78
596.624	14.01
596.815	14.27
597.006	14.09
597.197	14.33
597.388	14.23
597.579	14.33
597.77	14.45
597.96	14.3
598.151	14.69
598.342	13.98
598.533	14.88
598.724	14.56
598.915	15.21
599.105	13.83
599.296	14.47
599.487	14.44
599.678	14.7
599.868	14.6
600.059	14.68
600.25	14.52
600.44	14.65
600.631	15.25
600.822	14.56
601.012	14.67
601.203	15.22
601.394	14.52
601.584	14.74
601.775	14.12
601.965	15.06
602.156	14.83
602.346	14.69
602.537	14.84
602.727	14.88
602.918	14.68
603.108	14.45
603.299	15.2
603.489	14.42
603.679	14.91
603.87	15.12
604.06	15.41
604.251	15.43
604.441	15.01
604.631	14.83
604.822	15.02
605.012	15.04
605.202	14.95
605.392	14.88
605.583	15.57
605.773	15.4
605.963	15.58
606.153	15.21
606.344	14.8
606.534	14.89
606.724	15.61
606.914	15.4
607.104	15.63
607.294	15.38
607.484	15.23
607.674	15.19
607.864	15.68
608.054	15.34
608.245	15.44
608.435	15.68
608.625	15.6
608.814	15.65
609.004	15.58
609.194	15.1
609.384	15.87
609.574	15.73
609.764	15.58
609.954	15.92
610.144	15.72
610.334	16.1
610.524	15.46
610.713	15.83
610.903	16.08
611.093	15.85
611.283	15.95
611.473	15.4
611.662	15.47
611.852	15.63
612.042	15.48
612.231	15.91
612.421	16.38
612.611	15.52
612.8	15.6
612.99	15.58
613.18	15.66
613.369	16.44
613.559	16.24
613.748	15.86
613.938	16.64
614.128	15.25
614.317	15.48
614.507	16.28
614.696	15.93
614.886	15.79
615.075	15.96
615.264	15.5
615.454	16.57
615.643	16.13
615.833	15.87
616.022	15.47
616.211	16.58
616.401	15.63
616.59	16.29
616.779	16.2
616.969	15.86
617.158	15.48
617.347	16.27
617.537	16.53
617.726	16.5
617.915	16.88
618.104	15.7
618.293	16.61
618.483	15.85
618.672	16.59
618.861	16.27
619.05	16.75
619.239	16.27
619.428	16.54
619.617	16.43
619.806	16.15
619.995	16.24
620.184	16.1
620.373	16.34
620.562	16.96
620.751	16.74
620.94	16.8
621.129	17.1
621.318	17.04
621.507	16.7
621.696	16.53
621.885	15.85
622.074	16.06
622.263	16.28
622.452	17.18
622.64	16.59
622.829	16.05
623.018	17.64
623.207	16.73
623.396	16.81
623.584	16.52
623.773	17.13
623.962	16.43
624.15	17.73
624.339	17.11
624.528	17.7
624.716	16.38
624.905	17.17
625.094	16.45
625.282	15.94
625.471	16.79
625.659	16.56
625.848	16.56
626.037	16.43
626.225	17.46
626.414	17.31
626.602	17.31
626.791	17.22
626.979	17.33
627.167	16.48
627.356	17.51
627.544	16.82
627.733	16.98
627.921	17.89
628.109	17.53
628.298	17.13
628.486	17.2
628.674	17.24
628.863	17.22
629.051	18
629.239	17.87
629.428	17.21
629.616	17.94
629.804	16.46
629.992	17.66
630.18	17.53
630.369	17.34
630.557	17.07
630.745	16.86
630.933	18.32
631.121	17.12
631.309	17.42
631.497	17.21
631.685	17.65
631.873	17.56
632.061	16.78
632.249	18.29
632.437	17.78
632.625	18.29
632.813	18.62
633.001	17.96
633.189	17.48
633.377	18.28
633.565	16.72
633.753	17.85
633.941	17.19
634.129	17.79
634.316	17.18
634.504	17.7
634.692	17.69
634.88	18.67
635.068	17.93
635.255	17.94
635.443	18.16
635.631	17.58
635.818	18.11
636.006	17.48
636.194	18.68
636.382	17.62
636.569	17.9
636.757	18.39
636.944	18.09
637.132	18.49
637.32	17.71
637.507	18.58
637.695	17.59
637.882	18.09
638.07	18.36
638.257	17.92
638.445	18.23
638.632	18.48
638.82	17.37
639.007	18.11
639.194	18.22
639.382	17.91
639.569	17.72
639.757	18.34
639.944	17.76
640.131	17.45
640.319	17.6
640.506	17.41
640.693	18.71
640.88	18.42
641.068	18.81
641.255	19.04
641.442	18.81
641.629	17.45
641.817	19.22
642.004	18.55
642.191	18.14
642.378	18.81
642.565	18.26
642.752	18.87
642.939	16.85
643.126	18.71
643.313	18.66
643.501	18.31
643.688	18.15
643.875	18.26
644.062	18.83
644.249	18.78
644.435	17.28
644.622	17.76
644.809	18.2
644.996	18.62
645.183	17.75
645.37	18.48
645.557	19.17
645.744	17.88
645.931	17.71
646.117	17.29
646.304	17.94
646.491	17.33
646.678	17.99
646.865	17.92
647.051	19.16
647.238	17.88
647.425	17.7
647.611	16.56
647.798	18.51
647.985	18.49
648.171	17.5
648.358	18.73
648.545	17.8
648.731	17.48
648.918	18.18
649.104	18.04
649.291	18.49
649.477	19.52
649.664	18.04
649.85	17.63
650.037	17.8
650.223	16.44
650.41	18.34
650.596	16.36
650.783	18.66
650.969	18.81
651.155	18.8
651.342	18.65
651.528	17.11
651.714	18.49
651.901	18.54
652.087	17.96
652.273	17.14
652.46	18.44
652.646	20.03
652.832	18.8
653.018	19.3
653.204	17.19
653.391	18.7
653.577	17.59
653.763	19.07
653.949	18.59
654.135	19.35
654.321	18.23
654.507	18.76
654.693	17.18
654.879	18.51
655.065	17.4
655.252	18.92
655.438	18.51
655.624	18.65
655.809	17.15
655.995	18.74
656.181	18.48
656.367	18.55
656.553	17.84
656.739	20.04
656.925	18.89
657.111	18.67
657.297	18.71
657.482	19.21
657.668	18.19
657.854	16.74
658.04	16.82
658.226	18.33
658.411	17.08
658.597	18.11
658.783	18.9
658.968	18.39
659.154	17.53
659.34	18.01
659.525	18.86
659.711	18.08
659.897	17.78
660.082	17.12
660.268	16.13
660.453	17.15
660.639	18.76
660.824	17.75
661.01	18.82
661.195	18.11
661.381	17.3
661.566	18.59
661.752	17.93
661.937	16.5
662.123	16.68
662.308	17.4
662.494	17.55
662.679	16.94
662.864	17.92
663.05	17.49
663.235	17.59
663.42	16.49
663.605	18.23
663.791	17.83
663.976	16.85
664.161	17.28
664.346	16.55
664.532	16.28
664.717	15.27
664.902	17.26
665.087	19.18
665.272	16.8
665.457	16.18
665.642	16.36
665.828	16.81
666.013	16.58
666.198	15.74
666.383	17.57
666.568	16.1
666.753	15.29
666.938	15.14
667.123	17.07
667.308	14.32
667.493	16.21
667.677	16.58
667.862	14.77
668.047	15.85
668.232	15.33
668.417	16.21
668.602	15.4
668.787	16.84
668.971	15.79
669.156	17.18
669.341	16.73
669.526	17.05
669.711	16.98
669.895	15.28
670.08	14.88
670.265	17.57
670.449	15.01
670.634	15.44
670.819	14.11
671.003	15.65
671.188	18.04
671.372	15.48
671.557	18.17
671.742	18.01
671.926	15.82
672.111	14.92
672.295	15.42
672.48	16.11
672.664	17.43
672.849	14.99
673.033	15.62
673.217	16.09
673.402	14.53
673.586	13.93
673.771	17.3
673.955	17.95
674.139	16.66
674.324	16.99
674.508	15.18
674.692	16.05
674.876	14.66
675.061	16.68
675.245	20.16
675.429	15.95
675.613	15.22
675.798	17.77
675.982	17.43
676.166	16.6
676.35	15.92
676.534	17.39
676.718	17.01
676.902	18.78
677.087	16.08
677.271	16.01
677.455	18.82
677.639	15.01
677.823	16.41
678.007	20.1
678.191	19.48
678.375	17.11
678.559	18.19
678.742	17.65
678.926	20.69
679.11	18.31
679.294	19.69
679.478	17.98
679.662	20.05
679.846	18.15
680.029	18.93
680.213	18.97
680.397	16.39
680.581	18.07
680.765	19.88
680.948	17.7
681.132	20.36
681.316	17.02
681.499	23.59
681.683	19.02
681.867	18.52
682.05	19.22
682.234	21.46
682.417	19.96
682.601	19.58
682.785	20.81
682.968	19.81
683.152	17.87
683.335	22
683.519	19.92
683.702	21.79
683.886	20.92
684.069	21.92
684.253	22.84
684.436	21.82
684.619	18.17
684.803	20.35
684.986	21.76
685.169	20.19
685.353	22.11
685.536	21.25
685.719	19.48
685.903	24.06
686.086	19.4
686.269	23.27
686.452	22.52
686.636	23.5
686.819	24.51
687.002	25.48
687.185	25.79
687.368	23.35
687.551	23.06
687.734	23.68
687.918	23.74
688.101	24.68
688.284	23.82
688.467	22.8
688.65	25.16
688.833	22.6
689.016	24.66
689.199	23.68
689.382	30.4
689.565	24.05
689.748	24.28
689.93	23.19
690.113	28.29
690.296	24.63
690.479	24.4
690.662	25.24
690.845	21.81
691.028	26.03
691.21	27.5
691.393	26.1
691.576	27.88
691.759	25.71
691.941	26.13
692.124	28.51
692.307	27.31
692.489	26.57
692.672	25.37
692.855	22.85
693.037	29.76
693.22	28.44
693.403	23.24
693.585	28.1
693.768	29.85
693.95	27.19
694.133	28.39
694.315	31.03
694.498	28.56
694.68	29.12
694.863	26.61
695.045	28.59
695.228	29.34
695.41	26.76
695.592	32.26
695.775	27.28
695.957	31.1
696.139	32.77
696.322	27.81
696.504	27.55
696.686	28.4
696.869	23.6
697.051	28.37
697.233	28.78
697.415	31.91
697.597	28.74
697.78	27.87
697.962	30.3
698.144	34.3
698.326	28.66
698.508	28.98
698.69	30.46
698.872	24.8
699.055	32.01
699.237	28.32
699.419	29.41
699.601	26.85
699.783	32.25
699.965	28.1
700.147	26.68
700.329	31.71
700.51	29.69
700.692	30.21
700.874	23.06
701.056	31.97
701.238	29.61
701.42	34.93
701.602	36.04
701.783	33.78
701.965	31.56
702.147	31.35
702.329	29.97
702.511	23.41
702.692	27.7
702.874	27.82
703.056	22.15
703.237	26.84
703.419	29.12
703.601	32.45
703.782	28.64
703.964	33.15
704.146	34.17
704.327	30.7
704.509	32.72
704.69	31.87
704.872	31.47
705.053	29.68
705.235	34.39
705.416	27.94
705.598	30.82
705.779	32.59
705.961	25.62
706.142	28.62
706.323	33.58
706.505	35.31
706.686	35.63
706.867	21.95
707.049	27.03
707.23	26.32
707.411	37.65
707.593	34.45
707.774	29.69
707.955	32.08
708.136	29.25
708.318	31.51
708.499	26.79
708.68	31.93
708.861	42.1
709.042	33.3
709.223	29.6
709.404	28.41
709.585	32.68
709.767	29.29
709.948	28.66
710.129	38.49
710.31	24.7
710.491	24.44
710.672	21.75
710.853	23.66
711.034	31.33
711.214	31.86
711.395	37.07
711.576	29.78
711.757	37.79
711.938	36.46
712.119	30.16
712.3	35.14
712.481	26.36
712.661	30.75
712.842	36.47
713.023	32.46
713.204	34.18
713.384	23.7
713.565	32.71
713.746	29.79
713.926	21.4
714.107	27.8
714.288	32.57
714.468	25.74
714.649	39.93
714.83	29.4
715.01	39.01
715.191	28.29
715.371	35.64
715.552	23.43
715.732	37.13
715.913	43.98
716.093	29.8
716.274	29.3
716.454	32.76
716.635	40.71
716.815	32.68
716.995	20.4
717.176	40.56
717.356	20.29
717.536	38.57
717.717	42.83
717.897	24.27
718.077	29.37
718.258	47.24
718.438	34.35
718.618	34.43
718.798	30.78
718.978	22.24
719.159	32.92
719.339	47.06
719.519	33.04
719.699	38.86
719.879	27.78
720.059	26.39
720.239	36.58
720.419	40.89
720.599	30.68
720.779	56.25
720.959	21.91
721.139	23.46
721.319	43.49
721.499	39.99
721.679	30.89
721.859	27.81
722.039	25.1
722.219	23.2
722.399	32.69
722.579	32.95
722.759	35.19
722.938	28.92
723.118	24.34
723.298	33.05
723.478	40.48
723.658	19.65
723.837	43.3
724.017	36.66
724.197	28.17
724.376	50.58
724.556	27.6
724.736	35.99
724.915	37.73
725.095	52.4
725.275	29.96
725.454	32.73
725.634	23.68
725.813	28.67
725.993	39.93
726.172	34.93
726.352	20.24
726.531	26.68
726.711	29.21
726.89	23.69
727.07	14.88
727.249	30.19
727.428	38.69
727.608	30.38
727.787	27.16
727.966	13.92
728.146	35.26
728.325	39.48
728.504	20.65
728.684	19.63
728.863	39.78
729.042	19.87
729.221	-7.08
729.4	27.54
729.58	31.52
729.759	28.85
729.938	29.97
730.117	41.59
730.296	31.4
730.475	26.28
730.654	41.7
730.833	23.02
731.013	46.53
731.192	26.06
731.371	63.71
731.55	21.47
731.729	36.35
731.907	29.72
732.086	34.72
732.265	21.84
732.444	26.1
732.623	44.01
732.802	34.21
732.981	25.8
733.16	30.19
733.339	26.86
733.517	37.84
733.696	45.17
733.875	42.67
734.054	39.75
734.232	45.35
734.411	51.27
734.59	23.28
734.768	36.03
734.947	33.39
735.126	22.8
735.304	47.34
735.483	49.01
735.662	49.54
735.84	42.69
736.019	13.47
736.197	24.69
736.376	53.34
736.554	48.34
736.733	50.11
736.911	34.65
737.09	9.59
737.268	36.35
737.447	47.58
737.625	35.72
737.803	17.81
737.982	43.28
738.16	17.58
738.338	30.36
738.517	33.59
738.695	40.21
738.873	36.06
739.052	21.51
739.23	40.75
739.408	40.97
739.586	31.56
739.764	38.63
739.943	39.89
740.121	11.4
740.299	23.28
740.477	38.4
740.655	27.94
740.833	30.96
741.011	41.17
741.189	48.77
741.367	40.29
741.545	11.98
741.723	19.18
741.901	26.55
742.079	50.45
742.257	51.9
742.435	47.41
742.613	32.47
742.791	48.64
742.969	40.81
743.147	30.71
743.325	14.33
743.503	60.56
743.68	62.14
743.858	58.05
744.036	17.78
744.214	30.43
744.391	35.77
744.569	39.48
744.747	36.19
744.925	32.45
745.102	-1.7
745.28	44.2
745.458	34.96
745.635	54.39
745.813	66.01
745.99	36.97
746.168	32.09
746.345	70.93
746.523	28.74
746.7	27.6
746.878	42.8
747.055	61.05
747.233	66.46
747.41	80.24
747.588	36.46
747.765	64.8
747.943	24.14
748.12	7.4
748.297	46.75
748.475	28.96
748.652	45.39
748.829	70.7
749.007	24.63
749.184	35.97
749.361	44.42
749.538	36.05
749.716	42.32
749.893	-3.63
750.07	38.54
750.247	52.89
750.424	41.17
750.601	40.31
750.778	14.84
750.956	29.42
751.133	6.59
751.31	38.51
751.487	48.64
751.664	19.5
751.841	50.96
752.018	45.31
752.195	42.76
752.372	50.77
752.549	21.28
752.726	35.52
752.902	57.64
753.079	52.13
753.256	59.57
753.433	6.18
753.61	46.35
753.787	19.19
753.964	25.3
754.14	24.51
754.317	46.37
754.494	46.27
754.671	45.24
754.847	62.86
755.024	48.91
755.201	24.05
755.377	50.69
755.554	-6.2
755.73	3.58
755.907	74.05
756.084	63.1
756.26	39.85
756.437	19.6
756.613	52.36
756.79	55.05
756.966	34.45
757.143	22.34
757.319	44.42
757.496	46.56
757.672	60.04
757.849	7.48
758.025	54.14
758.201	-11.75
758.378	72.61
758.554	1.67
758.73	29.77
758.907	47.65
759.083	32.24
759.259	65.89
759.435	48.81
759.612	30.83
759.788	82.29
759.964	97.55
760.14	54.72
760.316	23.3
760.493	24.67
760.669	46.44
760.845	-15.48
761.021	38.27
761.197	9.92
761.373	36.22
761.549	-7.53
761.725	56.36
761.901	24.04
762.077	25.24
762.253	5.86
762.429	61.7
762.605	55.14
762.781	25.28
762.957	27.09
763.133	55.09
763.308	40.77
763.484	26.37
763.66	128.75
763.836	14.02
764.012	-12.37
764.187	20.84
764.363	56.15
764.539	29.12
764.715	28.65
764.89	-21.74
765.066	37.91
765.242	90.8
765.417	60.1
765.593	44.13
765.769	68
765.944	-9.86
766.12	76.72
766.295	54.4
766.471	26.18
766.646	59.75
766.822	42.93
766.997	-8.38
767.173	78.14
767.348	45.7
767.524	33.5
767.699	19.83
767.875	9.77
768.05	5.71
768.225	71.2
768.401	5.02
768.576	161.65
768.751	10.67
768.927	63.16
769.102	49.53
769.277	39.37
769.452	64.04
769.628	14.84
769.803	137.99
769.978	22.18
770.153	10.11
770.328	32.22
770.503	48
770.679	57.72
770.854	-41.68
771.029	39.73
771.204	-373.51
771.379	39.17
771.554	67.19
771.729	60.08
771.904	19.32
772.079	102.46
772.254	124.25
772.429	71.45
772.604	27.09
772.779	88.96
772.953	26.25
773.128	-28.39
773.303	80.66
773.478	67.02
773.653	43.87
773.828	95.82
774.002	55.59
774.177	42.13
774.352	-125.22
774.527	44.74
774.701	78.96
774.876	122.3
775.051	-237.43
775.225	101.93
775.4	23.5
775.575	20.88
775.749	74.02
775.924	18.52
776.098	16.06
776.273	13.32
776.447	69.46
776.622	8.88
776.796	32.27
776.971	-6.17
777.145	47.01
777.32	12.57
777.494	81.49
777.669	39.31
777.843	89.9
778.017	96.93
778.192	33.51
778.366	-9.16
778.54	34.73
778.715	28.01
778.889	74.44
779.063	60.75
779.237	105.48
779.412	103.68
779.586	38.71
779.76	-13.28
779.934	78.82
780.108	106.95
780.282	-358.21
780.457	47.35
780.631	-45.48
780.805	-39.92
780.979	-322.39
781.153	-55.24
781.327	141.31
781.501	27.79
781.675	52.48
781.849	45.2
782.023	80.31
782.197	-14.39
782.371	-41.14
782.545	-88.34
782.718	84.81
782.892	109.48
783.066	94.54
783.24	228.34
783.414	-2.26
783.588	152.77
783.761	37.91
783.935	35.54
784.109	74.62
784.283	-219.13
784.456	267.3
784.63	47.49
784.804	67.54
784.977	21.3
785.151	13.46
785.324	5.78
785.498	36.49
785.672	15.82
785.845	118.65
786.019	290.05
786.192	119.21
786.366	36.75
786.539	260.34
786.713	-42.51
786.886	48.51
787.06	163.14
787.233	-2.73
787.406	29.4
787.58	43.92
787.753	2.89
787.926	120.45
788.1	169.33
788.273	-860.38
788.446	35.42
788.62	-0
788.793	-52.91
788.966	-17.32
789.139	165.63
789.313	52.32
789.486	-342.86
789.659	-75.43
789.832	69.6
790.005	37.96
790.178	84.96
790.351	-50.46
790.524	146.44
790.697	63.16
790.87	79.19
791.044	1134.55
791.216	81.19
791.389	64.17
791.562	69.98
791.735	288.61
791.908	342.86
792.081	167.63
792.254	250.55
792.427	200.74
792.6	55.98
792.773	66.58
792.945	17.91
793.118	17.87
793.291	250.55
793.464	51.06
793.637	-14.72
793.809	16.44
793.982	15.36
794.155	21.48
794.327	89.64
794.5	-240
794.673	-48.58
794.845	-0
795.018	-298.48
795.19	-121.35
795.363	67.11
795.536	178.27
795.708	464.52
795.881	6480
796.053	30.32
796.226	432
796.398	225.19
796.57	93.3
796.743	-13.99
796.915	-75.56
797.088	-68.02
797.26	-103.94
797.432	486.08
797.605	-64.17
797.777	-638.96
797.949	134.36
798.122	63.08
798.294	193.72
798.466	6.86
798.638	-3.76
798.81	-33.8
798.983	167.09
799.155	78.52
799.327	80.96
799.499	60.39
799.671	131.45
799.843	35.23
800.015	-42.02
800.187	70.45
800.359	180.93
800.531	58.32
800.703	32.52
800.875	59.88
801.047	56.67
801.219	172.01
801.391	0
801.563	51.8
801.735	144.63
801.907	117.79
802.079	117.35
802.251	-369.23
802.422	66.14
802.594	-405.19
802.766	98.49
802.938	156.05
803.11	29.39
803.281	47.68
803.453	57.28
803.625	70.45
803.796	33.13
803.968	48.47
804.14	83.37
804.311	52.82
804.483	61.02
804.654	63.45
804.826	180.56
804.998	44.92
805.169	-27.8
805.341	201.6
805.512	126.71
805.684	-0
805.855	129.91
806.026	276.92
806.198	110.43
806.369	-24.67
806.541	57.06
806.712	223.26
806.883	170.03
807.055	116.64
807.226	-166.47
807.397	-224.18
807.569	148.67
807.74	34.14
807.911	58.78
808.082	-107.62
808.253	-261.39
808.425	-2.06
808.596	107.87
808.767	379.86
808.938	-157.38
809.109	-297.03
809.28	-22.75
809.451	81.87
809.622	64.17
809.793	387.1
809.964	135.65
810.135	146.44
810.306	-187.28
810.477	604.03
810.648	-65.05
810.819	133.08
810.99	-4800
811.161	120.45
811.332	168.65
811.503	32.27
811.674	-129.23
811.844	-110.77
812.015	44.33
812.186	463.8
812.357	-41.2
812.527	81.1
812.698	-39.9
812.869	294.34
813.04	98.41
813.21	744.83
813.381	172.76
813.551	-20.28
813.722	120.59
813.893	-11.2
814.063	62.53
814.234	-872.73
814.404	111.45
814.575	-69.15
814.745	-414.16
814.916	67.25
815.086	20.21
815.257	-43.05
815.427	-147.24
815.598	56.01
815.768	95.74
815.938	47.25
816.109	9.72
816.279	100.96
816.449	-0
816.62	1705.26
816.79	79.91
816.96	-1426.42
817.13	-27.36
817.301	158.38
817.471	-73.39
817.641	125.15
817.811	8.76
817.981	171.43
818.152	119.43
818.322	-285.15
818.492	-3.5
818.662	224.73
818.832	55.1
819.002	79.43
819.172	256.23
819.342	-138.73
819.512	50.67
819.682	83.68
819.852	-19.77
820.022	15.96
820.192	-161.8
820.362	29.27
820.531	54.72
820.701	10.5
820.871	191.19
821.041	152.04
821.211	13.82
821.381	128.68
821.55	209.36
821.72	-55.81
821.89	-147.69
822.059	76.7
822.229	10.99
822.399	182.96
822.568	364.89
822.738	-702.44
822.908	125.15
823.077	101.85
823.247	47.87
823.416	-1976.47
823.586	12.83
823.756	27.04
823.925	546.84
824.095	530.23
824.264	-129.15
824.433	-159.29
824.603	36.71
824.772	6.54
824.942	15.19
825.111	-144.72
825.28	-67.08
825.45	-0
825.619	81.99
825.788	-26.97
825.958	9.18
826.127	37.62
826.296	179.8
826.465	141.18
826.635	90.63
826.804	91.55
826.973	137.27
827.142	35.74
827.311	265.77
827.48	68.21
827.649	105.33
827.818	103.94
827.988	192
828.157	-41.38
828.326	54.11
828.495	-61.19
828.664	-65.37
828.833	84.81
829.002	-231.06
829.17	330.2
829.339	162.81
829.508	140.89
829.677	161.8
829.846	-4.79
830.015	-108.17
830.184	-45.47
830.352	50.81
830.521	224.46
830.69	-321.95
830.859	705.88
831.027	821.05
831.196	-124.91
831.365	-52.54
831.533	60.86
831.702	4.86
831.871	37.59
832.039	160.93
832.208	-20.87
832.377	-236.22
832.545	33.93
832.714	79.69
832.882	-32.43
833.051	120.24
833.219	6171.43
833.388	-13.38
833.556	-188.92
833.724	72.08
833.893	-14.43
834.061	631.58
834.23	73.22
834.398	97.3
834.566	-545.45
834.735	-3600
834.903	113.21
835.071	-6960
835.239	-208.52
835.408	140.05
835.576	-279.07
835.744	75.99
835.912	83.37
836.08	61.68
836.249	-294.34
836.417	83.42
836.585	152.27
836.753	124.25
836.921	265.95
837.089	-3771.43
837.257	530.23
837.425	-25.53
837.593	32.92
837.761	33.72
837.929	-19.54
838.097	108.09
838.265	6.44
838.433	43.28
838.601	-6.37
838.769	486.08
838.936	215.73
839.104	163.49
839.272	93.44
839.44	46.66
839.608	-58.54
839.775	55.07
839.943	13.67
840.111	121.12
840.279	45.03
840.446	-555.22
840.614	93.51
840.781	41.74
840.949	61.8
841.117	-249.77
841.284	5.15
841.452	-305.59
841.619	48.67
841.787	26.57
841.954	251.16
842.122	-13.87
842.289	59.69
842.457	-57.79
842.624	248.75
842.792	-175.18
842.959	34.29
843.126	-3.38
843.294	-175.08
843.461	25.38
843.629	345.6
843.796	-31.1
843.963	0
844.13	6.76
844.298	240.93
844.465	-0
844.632	-104.35
844.799	168.84
844.966	-66.38
845.134	100.6
845.301	0
845.468	-55.63
845.635	178.09
845.802	-40.85
845.969	144.25
846.136	105.81
846.303	1073.68
846.47	46.34
846.637	-664.62
846.804	-1389.47
846.971	78.69
847.138	240.93
847.305	-371.68
847.472	-102.13
847.639	75.88
847.805	57.29
847.972	-124.68
848.139	-206.01
848.306	1010.53
848.473	-286.57
848.639	62.52
848.806	307.2
848.973	91.78
849.14	-37.85
849.306	43.05
849.473	95.36
849.64	184.62
849.806	-57.42
849.973	162.16
850.139	111.26
850.306	85.39
850.472	128.41
850.639	51.15
850.806	-505.26
850.972	281.74
851.139	-1371.43
851.305	2.89
851.471	21.35
851.638	-58.9
851.804	340.3
851.971	-69.18
852.137	-46.07
852.303	137.87
852.47	15.21
852.636	229.67
852.802	122.83
852.968	81.7
853.135	0
853.301	55.49
853.467	-39.34
853.633	19.32
853.8	77.8
853.966	-60.91
854.132	5142.86
854.298	-359.12
854.464	485.39
854.63	40.34
854.796	386.44
854.962	-77.7
855.128	23.8
855.294	-19.79
855.46	-84.46
855.626	-8.93
855.792	-166.8
855.958	605.83
856.124	-14.72
856.29	127.15
856.456	29.42
856.622	204.26
856.787	623.38
856.953	14.78
857.119	213.86
857.285	142.18
857.45	-101.77
857.616	111.05
857.782	82.86
857.948	-56.43
858.113	-24.57
858.279	-60.91
858.445	170.08
858.61	920.93
858.776	174.9
858.941	534.65
859.107	71.41
859.273	166.59
859.438	-88.56
859.604	505.26
859.769	198.43
859.935	-47.52
860.1	121.29
860.265	64.59
860.431	103.6
860.596	6000
860.762	7
860.927	-132.58
861.092	140.45
861.258	-88.39
861.423	101.93
861.588	14.89
861.753	3085.71
861.919	-249.06
862.084	330.71
862.249	191.19
862.414	106.48
862.579	42.64
862.745	79.18
862.91	119.56
863.075	175.9
863.24	49.51
863.405	-108.54
863.57	-15.64
863.735	-65.65
863.9	-307.96
864.065	105.69
864.23	129.82
864.395	256.23
864.56	32.63
864.725	-334.18
864.89	0
865.055	173.98
865.22	106.48
865.384	-215.73
865.549	11.65
865.714	16.86
865.879	-169.18
866.044	-35.41
866.208	29.78
866.373	197.8
866.538	182.67
866.702	39.34
866.867	86.47
867.032	81.88
867.196	138.26
867.361	470.4
867.526	-66.95
867.69	-92.05
867.855	276.92
868.019	370.91
868.184	102.23
868.348	53.24
868.513	-1858.06
868.677	158.75
868.842	135.69
869.006	108.78
869.17	-815.09
869.335	-702.44
869.499	-174.76
869.663	508.61
869.828	-97.17
869.992	948.84
870.156	93.55
870.321	-42.23
870.485	69.18
870.649	139.31
870.813	-172.69
870.978	132.77
871.142	-590.77
871.306	-358.29
871.47	-87.59
871.634	434.65
871.798	-216.15
871.962	98.41
872.126	6000
872.29	-37.77
872.454	4285.71
872.618	45.93
872.782	752.24
872.946	515.44
873.11	295.48
873.274	-55.49
873.438	1129.41
873.602	-22.16
873.766	0
873.93	26.3
874.094	377.53
874.257	114.59
874.421	62.43
874.585	785.45
874.749	55.57
874.912	51.8
875.076	107.2
875.24	70.82
875.403	270.31
875.567	-13.71
875.731	175.28
875.894	-9.8
876.058	120.57
876.222	-498.88
876.385	102.51
876.549	82.03
876.712	65.45
876.876	-184.62
877.039	185.33
877.203	118.03
877.366	-18.68
877.529	50.88
877.693	88.98
877.856	144.66
878.02	-36.96
878.183	15.05
878.346	62.34
878.51	-31.86
878.673	241.73
878.836	-7.57
878.999	-774.19
879.163	50.59
879.326	-46.04
879.489	91.55
879.652	72.76
879.815	101.02
879.978	34.29
880.142	128.86
880.305	208.7
880.468	-43.37
880.631	54.11
880.794	-7.81
880.957	-58.54
881.12	0
881.283	134.53
881.446	8.78
881.609	181.29
881.772	66.45
881.935	-1129.41
882.097	92.07
882.26	362.26
882.423	-84.42
882.586	137.27
882.749	20.99
882.912	-301.84
883.074	97.35
883.237	70.28
883.4	15.92
883.562	48.12
883.725	-316.8
883.888	283.46
884.05	-3840
884.213	38.71
884.376	23.39
884.538	67.92
884.701	67.92
884.863	67.92
