181.954	102.02
182.172	102.02
182.39	102.02
182.608	5040
182.826	-39.56
183.043	-56.17
183.261	62.13
183.479	84.46
183.697	1482.35
183.914	-126.32
184.132	295.19
184.35	382.06
184.567	33.8
184.785	392.92
185.003	12.34
185.22	-92.7
185.438	94.43
185.656	-54.27
185.873	720
186.091	17.73
186.309	1365.52
186.526	211.76
186.744	-8.24
186.961	32.8
187.179	96.68
187.396	-11.47
187.614	-110.77
187.831	6960
188.049	-184.05
188.266	-6.6
188.484	-770.15
188.701	-233.01
188.919	79.21
189.136	206.48
189.354	60.23
189.571	-159.24
189.789	-26.61
190.006	52.34
190.223	6.49
190.441	54.89
190.658	-1028.57
190.876	53.73
191.093	-224.18
191.31	38.6
191.528	30.91
191.745	-52.91
191.962	72.66
192.179	145.57
192.397	-228.34
192.614	219.46
192.831	-68.34
193.049	85.58
193.266	58.25
193.483	106.35
193.7	701.54
193.917	19.74
194.135	483.45
194.352	83.4
194.569	53.75
194.786	95.9
195.003	-33.72
195.221	54.19
195.438	8.48
195.655	-6.03
195.872	-56.95
196.089	25.22
196.306	-12.63
196.523	30.09
196.74	83.27
196.957	34.52
197.174	73.1
197.391	152.64
197.608	42.75
197.825	270.97
198.042	28.53
198.259	-496.55
198.476	72.95
198.693	4080
198.91	77.25
199.127	-340.3
199.344	48.58
199.561	194.22
199.778	-6.7
199.995	-429.85
200.212	1241.38
200.429	318.48
200.646	303.8
200.862	444.94
201.079	27.99
201.296	341.72
201.513	-256.31
201.73	48.71
201.947	-44.67
202.163	79.36
202.38	117.92
202.597	-154.01
202.814	117.97
203.03	-4800
203.247	-0
203.464	61.95
203.681	124.68
203.897	-25.33
204.114	1267.92
204.331	88.74
204.547	-418.6
204.764	195.25
204.981	-1764.71
205.197	234.89
205.414	-83.42
205.63	1820.69
205.847	205.03
206.064	829.09
206.28	-39.24
206.497	56.58
206.713	69.74
206.93	-10.41
207.146	36.07
207.363	73.85
207.579	-540.66
207.796	63.72
208.012	108.49
208.229	-483.58
208.445	-127.52
208.662	34.29
208.878	41.47
209.095	352.94
209.311	35.82
209.528	6514.29
209.744	-9.27
209.96	-95.36
210.177	-221.36
210.393	55.81
210.609	8880
210.826	-44.17
211.042	-114.78
211.258	644.78
211.475	-179.68
211.691	30.18
211.907	167.09
212.124	49.53
212.34	-164.57
212.556	78.69
212.772	-580.22
212.989	-55.63
213.205	-168.27
213.421	-186.93
213.637	250.75
213.853	32.68
214.069	631.58
214.286	73.47
214.502	394.03
214.718	-71.47
214.934	135.98
215.15	129.84
215.366	86.38
215.582	-33.92
215.798	65.39
216.015	35.89
216.231	-188.11
216.447	-1.5
216.663	35.73
216.879	138.69
217.095	64.43
217.311	-271.7
217.527	50.78
217.743	-815.53
217.959	158.49
218.175	55.07
218.391	448.92
218.606	288
218.822	-62.61
219.038	51.34
219.254	136.42
219.47	-0
219.686	242.7
219.902	55.99
220.118	23.5
220.334	-51.69
220.549	-101.56
220.765	-188.86
220.981	-87.89
221.197	24.13
221.413	-698.9
221.628	75.95
221.844	1358.49
222.06	267.96
222.276	59.69
222.491	14.71
222.707	228.2
222.923	-660.4
223.139	78.22
223.354	47.64
223.57	179.53
223.786	39.45
224.001	97.3
224.217	-17.49
224.432	326.01
224.648	220.3
224.864	31.81
225.079	-465.67
225.295	-139.95
225.51	272.43
225.726	-20.58
225.942	-94.04
226.157	14.35
226.373	132.77
226.588	-58.11
226.804	-2084.21
227.019	-198.99
227.235	85.42
227.45	89.13
227.665	6240
227.881	670.87
228.096	-344.35
228.312	-107.2
228.527	78.22
228.743	82.29
228.958	-31.49
229.173	-699.13
229.389	75.88
229.604	30.87
229.819	-117.71
230.035	-258.66
230.25	-83.97
230.465	76.6
230.681	-74.27
230.896	40.37
231.111	71.2
231.327	235.78
231.542	2640
231.757	169.52
231.972	-101.77
232.187	-10.21
232.403	-2147.37
232.618	73.22
232.833	30.57
233.048	283.64
233.263	25.24
233.478	20.87
233.694	-334.88
233.909	-580.65
234.124	139.58
234.339	-2.35
234.554	1572.41
234.769	17
234.984	-86.1
235.199	139.58
235.414	-392.92
235.629	-956.96
235.844	62.25
236.059	99.43
236.274	-108.76
236.489	-142.95
236.704	123.2
236.919	62.97
237.134	14.75
237.349	-3.52
237.564	108.38
237.779	37.99
237.994	81.7
238.209	62.76
238.424	-14.72
238.639	76.52
238.853	20.15
239.068	14.5
239.283	79.76
239.498	25.33
239.713	82.94
239.928	15.37
240.142	17.22
240.357	98.09
240.572	-13.52
240.787	16.35
241.001	20.43
241.216	21.8
241.431	68.33
241.646	109.75
241.86	-182.96
242.075	669.77
242.29	-77.28
242.504	29.59
242.719	14.91
242.934	-368.5
243.148	2.73
243.363	27.33
243.577	40.45
243.792	160.32
244.007	21.98
244.221	-93.51
244.436	-805.97
244.65	176.69
244.865	181.99
245.079	-166.82
245.294	-397.12
245.508	34.74
245.723	-3.38
245.937	-250.55
246.152	14.78
246.366	16.47
246.581	-23.61
246.795	-80.98
247.01	63.32
247.224	-20.45
247.438	30.91
247.653	64.68
247.867	60.85
248.081	105.95
248.296	1200
248.51	14
248.724	90.78
248.939	-107.46
249.153	171.43
249.367	44.59
249.582	3.27
249.796	-140.26
250.01	39.74
250.224	81.42
250.439	-10.14
250.653	87.54
250.867	98.8
251.081	-125.12
251.295	-39.19
251.51	-51.06
251.724	198.56
251.938	298.88
252.152	166.42
252.366	26.15
252.58	523.64
252.794	30.85
253.008	381.46
253.223	37.25
253.437	101.57
253.651	-36.32
253.865	75.72
254.079	-66.54
254.293	48.1
254.507	938.18
254.721	-68.49
254.935	-105.49
255.149	73.57
255.363	78.52
255.577	265.77
255.791	268.47
256.005	279.75
256.218	-26.99
256.432	67.52
256.646	2.06
256.86	-27.04
257.074	36.13
257.288	-4320
257.502	487.91
257.716	-16.13
257.929	39.88
258.143	47.28
258.357	-72.08
258.571	17.71
258.785	-14.89
258.998	39.94
259.212	132.75
259.426	69.96
259.64	58.95
259.853	-18.81
260.067	134.89
260.281	139.07
260.494	150.36
260.708	-11.88
260.922	-17.25
261.135	35.85
261.349	-12.1
261.563	98.31
261.776	141.18
261.99	46.23
262.203	19.81
262.417	33.92
262.63	48.81
262.844	40.45
263.058	284.75
263.271	25.71
263.485	144.25
263.698	82.81
263.912	-173.62
264.125	-88.42
264.339	160.63
264.552	-10.88
264.765	-333.91
264.979	188.09
265.192	-19.62
265.406	51.84
265.619	-39.34
265.832	58.63
266.046	-31.4
266.259	89.49
266.473	-1625.81
266.686	113.21
266.899	194.08
267.113	7920
267.326	-131.45
267.539	63.26
267.752	70.33
267.966	56.83
268.179	-48.71
268.392	71.45
268.605	47.24
268.819	76.17
269.032	176.3
269.245	332.31
269.458	-35.42
269.671	-243.04
269.885	79.82
270.098	-14.61
270.311	75.95
270.524	-5.5
270.737	101.28
270.95	23.84
271.163	160.63
271.376	387.1
271.589	-121.52
271.802	34.73
272.016	-11.73
272.229	41.84
272.442	-43.72
272.655	33.69
272.868	-20.73
273.081	107.87
273.294	57.28
273.506	131.45
273.719	-49.4
273.932	35.58
274.145	-1920
274.358	31.66
274.571	30.25
274.784	-181.13
274.997	21.15
275.21	-19.24
275.423	29.83
275.635	-18.09
275.848	12.82
276.061	-0
276.274	-12.28
276.487	-438.26
276.699	-47.64
276.912	33.76
277.125	-183.83
277.338	-44.13
277.55	37.25
277.763	115.66
277.976	93.79
278.189	-316.48
278.401	56.79
278.614	153.6
278.827	70.31
279.039	-64.23
279.252	-79.76
279.464	-46.04
279.677	141.52
279.89	36.05
280.102	-301.51
280.315	1170.73
280.527	-757.89
280.74	-248.28
280.952	-23.13
281.165	45.15
281.377	71.13
281.59	-173.04
281.802	-52.48
282.015	-28.92
282.227	143.25
282.44	60.43
282.652	498.88
282.865	102.37
283.077	57.83
283.29	87.84
283.502	61.34
283.714	119.43
283.927	35.01
284.139	-103
284.351	70.59
284.564	429.95
284.776	129.18
284.988	76.33
285.201	197.01
285.413	68.61
285.625	252.97
285.838	-34.81
286.05	86.18
286.262	22.14
286.474	-0
286.686	61.71
286.899	-204.48
287.111	-6.05
287.323	-10.6
287.535	-308.91
287.747	58.84
287.959	-35.82
288.172	-567.27
288.384	69.6
288.596	-43.74
288.808	815.09
289.02	701.89
289.232	98.26
289.444	-51.46
289.656	-117.26
289.868	-33.69
290.08	161.96
290.292	112.34
290.504	-6.05
290.716	3.15
290.928	83.06
291.14	613.95
291.352	-53.4
291.564	-847.06
291.776	83.78
291.988	139.88
292.2	-142.18
292.412	350.27
292.624	27.54
292.835	877.61
293.047	22.97
293.259	-26.33
293.471	-38.01
293.683	702.44
293.895	42.03
294.106	-14.8
294.318	-63.26
294.53	57.28
294.742	1986.21
294.953	-48.71
295.165	62.86
295.377	33.64
295.589	42.03
295.8	78.85
296.012	-3.95
296.224	-53.52
296.435	45.69
296.647	22.14
296.858	-172.66
297.07	387.69
297.282	-25.24
297.493	51.75
297.705	-137.14
297.916	-1.71
298.128	-49.05
298.34	-45.78
298.551	-37.83
298.763	20.73
298.974	100.79
299.186	78.22
299.397	59.48
299.609	-929.03
299.82	104.47
300.031	15.88
300.243	1010.53
300.454	-235.58
300.666	86.87
300.877	-28.44
301.089	81.7
301.3	18.32
301.511	53.37
301.723	29.27
301.934	-17.91
302.145	-101.51
302.357	190.37
302.568	259.2
302.779	22.46
302.99	48.43
303.202	95.79
303.413	-42.27
303.624	-73.22
303.835	747.17
304.047	-68.02
304.258	-70.69
304.469	15.94
304.68	-23.58
304.891	39.91
305.103	157.53
305.314	74.71
305.525	-4457.14
305.736	387.4
305.947	45.46
306.158	1200
306.369	135.8
306.58	96.93
306.791	133.77
307.002	25.85
307.213	-16.44
307.424	25.44
307.636	6.54
307.846	-7.52
308.057	-605.83
308.268	-15.21
308.479	-29.57
308.69	57.77
308.901	49.5
309.112	-223.26
309.323	55.88
309.534	92.66
309.745	57.31
309.956	40.79
310.167	-20.17
310.377	154.24
310.588	68.49
310.799	9.72
311.01	-76.54
311.221	6.33
311.432	43.27
311.642	-2.53
311.853	88.65
312.064	-951.72
312.275	191.82
312.485	11.57
312.696	25.67
312.907	42.21
313.117	-4.13
313.328	11.97
313.539	42.97
313.749	68.49
313.96	-408.79
314.171	61.98
314.381	49.45
314.592	-32.27
314.802	7.99
315.013	26.16
315.224	42.42
315.434	-2842.11
315.645	-1200
315.855	143.87
316.066	498.88
316.276	220.49
316.487	-439.02
316.697	13.97
316.908	-24.67
317.118	76.13
317.329	62.87
317.539	68.09
317.749	195.71
317.96	-537.31
318.17	-31.1
318.381	276.92
318.591	-685.71
318.801	33
319.012	-127.21
319.222	652.43
319.432	11.91
319.643	52.48
319.853	-80.72
320.063	31.47
320.273	-63.45
320.484	487.91
320.694	83.27
320.904	8.14
321.114	242.7
321.325	910.34
321.535	11.37
321.745	11.47
321.955	31.45
322.165	10.88
322.375	23.2
322.585	58.9
322.796	993.1
323.006	67.61
323.216	200.42
323.426	-47.64
323.636	137.8
323.846	1944.83
324.056	63.03
324.266	88.07
324.476	103.49
324.686	90.81
324.896	19.49
325.106	384.91
325.316	116.01
325.526	-2589.47
325.736	48.79
325.946	-27.49
326.156	825.97
326.366	-208.7
326.576	23.61
326.785	-24.12
326.995	27.2
327.205	-30.15
327.415	-56.95
327.625	429.2
327.835	-11.63
328.044	102.51
328.254	-10.43
328.464	63.6
328.674	247.45
328.884	112.23
329.093	-89.84
329.303	47.77
329.513	231.06
329.722	378.95
329.932	25.76
330.142	32.38
330.351	32.93
330.561	-261.82
330.771	13.28
330.98	22.89
331.19	664.62
331.4	-101.77
331.609	18.56
331.819	-87.8
332.028	61.71
332.238	138.31
332.447	81.76
332.657	87.11
332.866	-3.91
333.076	14.89
333.285	-3.91
333.495	-116.13
333.704	-301.35
333.914	34.8
334.123	15.36
334.333	572.31
334.542	-19.62
334.752	369.23
334.961	158.49
335.17	42.21
335.38	-78.47
335.589	59.57
335.798	150.31
336.008	210.99
336.217	-199.15
336.426	49.66
336.636	-214.47
336.845	-33.8
337.054	436.36
337.263	-31.63
337.473	86.36
337.682	-35.18
337.891	4.2
338.1	353.96
338.309	46.98
338.519	106.61
338.728	-10.36
338.937	-37.8
339.146	103.6
339.355	-452.83
339.564	-2336.84
339.773	-36.18
339.983	23.8
340.192	62.61
340.401	68.66
340.61	58.74
340.819	52.26
341.028	39.34
341.237	-917.65
341.446	76.26
341.655	122.08
341.864	-278.67
342.073	32.33
342.282	-86.75
342.491	63.62
342.699	256.31
342.908	-701.3
343.117	227.97
343.326	-82.59
343.535	-87.27
343.744	-95.55
343.953	27.43
344.162	43.39
344.37	-41.47
344.579	-859.7
344.788	12.28
344.997	-50.82
345.206	-43
345.414	33.64
345.623	-8.86
345.832	-8.43
346.041	615.23
346.249	24.2
346.458	35.55
346.667	13.66
346.875	52.26
347.084	13.46
347.293	62.2
347.501	-136.49
347.71	67.07
347.918	53.14
348.127	-448.35
348.336	-230.46
348.544	113.35
348.753	447.76
348.961	94.45
349.17	88.03
349.378	77.12
349.587	11.91
349.795	-186.41
350.004	-36.92
350.212	-20.67
350.421	180.53
350.629	-90.63
350.838	-1.57
351.046	98.75
351.254	4.59
351.463	27.48
351.671	-2589.47
351.879	153.25
352.088	49.47
352.296	488.5
352.504	115.07
352.713	218.62
352.921	-415.75
353.129	-130.6
353.338	69.97
353.546	-27.33
353.754	14.72
353.962	110.7
354.171	-85.56
354.379	-3031.58
354.587	78.23
354.795	15.64
355.003	34.23
355.212	166.77
355.42	792.45
355.628	66.51
355.836	8.14
356.044	34.42
356.252	93.6
356.46	100.78
356.668	1052.31
356.876	22.02
357.084	5.5
357.292	-5.71
357.5	-75.13
357.708	43.22
357.916	124.25
358.124	115.45
358.332	-286.57
358.54	960
358.748	405.19
358.956	75.16
359.164	48.92
359.372	66.13
359.58	-284.89
359.788	-1.38
359.996	-6.14
360.203	82.53
360.411	2.53
360.619	-66.33
360.827	26.99
361.035	-287.12
361.242	73.9
361.45	-607.59
361.658	170.62
361.866	29.16
362.073	33.92
362.281	-13.31
362.489	-30.97
362.697	95.67
362.904	-79.76
363.112	181.07
363.32	21.59
363.527	-20.87
363.735	41.7
363.943	-1.52
364.15	38.16
364.358	14.43
364.565	90.71
364.773	28.86
364.98	-250.18
365.188	-25.92
365.395	190.57
365.603	61.02
365.81	-9.26
366.018	-11.63
366.225	91.46
366.433	-56.58
366.64	62.1
366.848	31.75
367.055	-7.52
367.263	48.4
367.47	32.62
367.677	212.66
367.885	-85.14
368.092	-47.54
368.299	-37.18
368.507	118.24
368.714	106.19
368.921	-245.67
369.129	18.46
369.336	114.1
369.543	-124.41
369.751	-76.7
369.958	-113
370.165	47.43
370.372	-0
370.579	-21.48
370.787	3
370.994	129.84
371.201	-6.54
371.408	52.03
371.615	-11.2
371.822	-21.87
372.029	-215.59
372.237	-294.86
372.444	252.97
372.651	-7.75
372.858	98.53
373.065	8.37
373.272	202.56
373.479	-1986.21
373.686	-34.12
373.893	314.56
374.1	120.57
374.307	-276.26
374.514	-38.87
374.721	-38.47
374.928	857.14
375.135	10.29
375.341	9600
375.548	15.73
375.755	-27.99
375.962	-34.49
376.169	44.96
376.376	-72.87
376.583	71.84
376.789	73.49
376.996	122.11
377.203	48.1
377.41	-16.13
377.617	8.39
377.823	44.92
378.03	-425.81
378.237	-19.71
378.443	-109.71
378.65	498.11
378.857	31
379.063	-30.38
379.27	-0
379.477	26.16
379.683	124.25
379.89	41.99
380.097	4.7
380.303	65.78
380.51	-34.81
380.716	20.47
380.923	-56.69
381.129	3.53
381.336	9.45
381.542	56.44
381.749	-4.49
381.955	-19.44
382.162	129.86
382.368	-36.29
382.575	-16.81
382.781	579.31
382.988	-32.12
383.194	13.59
383.4	-62.72
383.607	81.13
383.813	-4.43
384.02	31.48
384.226	-11.29
384.432	-92.14
384.639	51.54
384.845	-562.03
385.051	-44.06
385.257	-30.04
385.464	13.84
385.67	52.65
385.876	101.08
386.082	-126.1
386.289	43.92
386.495	33.54
386.701	-66.45
386.907	21.48
387.113	61.98
387.319	47.87
387.526	-3.91
387.732	141.73
387.938	105.6
388.144	-208.7
388.35	46.34
388.556	22.97
388.762	7.08
388.968	893.02
389.174	48.06
389.38	116.63
389.586	-18.87
389.792	-3.66
389.998	-44.06
390.204	-69.97
390.41	110.88
390.616	-6.73
390.822	-49.35
391.028	3.72
391.234	-7.81
391.439	-244.66
391.645	30.13
391.851	41.3
392.057	-29.83
392.263	62.21
392.469	-10.97
392.674	-0
392.88	-5.48
393.086	15.81
393.292	-13.16
393.498	-81.74
393.703	27.84
393.909	12.14
394.115	66.57
394.32	40.55
394.526	-20.98
394.732	35.15
394.937	79.69
395.143	-92.31
395.349	69.98
395.554	-361.81
395.76	14.22
395.965	-87.11
396.171	9.15
396.377	72.8
396.582	-25.74
396.788	6.45
396.993	30.62
397.199	-30.57
397.404	3.89
397.61	-67.58
397.815	-22.87
398.021	16.24
398.226	-25.98
398.431	14.36
398.637	-1.27
398.842	8.29
399.048	29.23
399.253	35.72
399.458	3.83
399.664	-29.31
399.869	-4.25
400.074	36.78
400.28	10.79
400.485	-3.49
400.69	14.83
400.896	-19.91
401.101	-4.93
401.306	8.98
401.511	8.99
401.716	-10.49
401.922	-7.71
402.127	-8.69
402.332	-9.96
402.537	27.1
402.742	-5.52
402.947	26.48
403.153	-11.14
403.358	-8.87
403.563	19.04
403.768	20.3
403.973	17.65
404.178	2.35
404.383	-7.5
404.588	21.48
404.793	29.29
404.998	18.78
405.203	-1.58
405.408	3.74
405.613	17.02
405.818	8.37
406.023	-0.94
406.228	7.82
406.433	5.14
406.638	11
406.842	11.38
407.047	5.98
407.252	6.36
407.457	6.24
407.662	6.3
407.867	10.73
408.071	3.19
408.276	-0.44
408.481	9.69
408.686	-1.63
408.891	5.3
409.095	11.76
409.3	7.55
409.505	5.47
409.709	3.19
409.914	11.39
410.119	9.29
410.323	2.27
410.528	3.5
410.733	6.9
410.937	1.56
411.142	1.77
411.346	4.95
411.551	2.84
411.756	2.79
411.96	6.61
412.165	-3.61
412.369	4.56
412.574	4.14
412.778	3.47
412.983	5.27
413.187	4.39
413.392	-1.81
413.596	0.65
413.8	0.5
414.005	3.45
414.209	2.82
414.414	1.44
414.618	3.4
414.822	3.04
415.027	4.06
415.231	3.73
415.435	4.04
415.64	2.63
415.844	2.73
416.048	5.5
416.252	4.33
416.457	3.24
416.661	1.83
416.865	1.63
417.069	3.15
417.274	2.73
417.478	1.45
417.682	1.74
417.886	1.32
418.09	3.33
418.294	2.93
418.498	4.15
418.702	4.24
418.907	2.68
419.111	0.39
419.315	3.51
419.519	2.63
419.723	0.89
419.927	3.38
420.131	4.05
420.335	0.14
420.539	1.03
420.743	5.23
420.947	1.15
421.151	2.37
421.355	2.78
421.558	1.64
421.762	1.92
421.966	2.19
422.17	3.1
422.374	3.29
422.578	1.6
422.782	1.39
422.985	1.68
423.189	1.68
423.393	2.68
423.597	1.82
423.801	3.42
424.004	1.44
424.208	2.07
424.412	1.79
424.615	1.87
424.819	2.74
425.023	2.55
425.226	2.09
425.43	2.32
425.634	2.03
425.837	1.54
426.041	3.15
426.245	2.08
426.448	2.02
426.652	2.26
426.855	1.15
427.059	1.78
427.262	1.71
427.466	1.56
427.669	1.92
427.873	2.19
428.076	2.18
428.28	1.58
428.483	1.66
428.687	1.87
428.89	2.2
429.094	1.01
429.297	1.58
429.5	1.78
429.704	2.25
429.907	2.77
430.11	1.75
430.314	2.5
430.517	1.79
430.72	2.2
430.924	2.64
431.127	1.79
431.33	2.35
431.533	2.18
431.737	2.11
431.94	2.29
432.143	1.73
432.346	2.15
432.549	2.23
432.752	1.72
432.956	2.21
433.159	1.74
433.362	1.43
433.565	1.98
433.768	2.14
433.971	1.51
434.174	1.78
434.377	2.69
434.58	1.99
434.783	1.34
434.986	1.95
435.189	2.31
435.392	2.27
435.595	2.2
435.798	2.02
436.001	2.57
436.204	1.97
436.407	2.36
436.61	2.17
436.813	2.43
437.016	1.83
437.219	1.95
437.421	1.87
437.624	1.75
437.827	2.09
438.03	1.91
438.233	1.6
438.435	2.13
438.638	1.87
438.841	2.04
439.044	1.8
439.246	1.72
439.449	1.68
439.652	1.87
439.854	1.71
440.057	1.81
440.26	2.01
440.462	2.26
440.665	1.38
440.868	2.17
441.07	2.14
441.273	2.23
441.475	1.89
441.678	2.32
441.88	1.83
442.083	1.59
442.286	2.22
442.488	1.47
442.69	2.32
442.893	1.88
443.095	1.74
443.298	2.2
443.5	1.91
443.703	1.85
443.905	1.89
444.108	2.01
444.31	2.21
444.512	1.82
444.715	2.04
444.917	1.71
445.119	2.08
445.322	1.87
445.524	2.07
445.726	2.06
445.928	2.07
446.131	2.22
446.333	1.94
446.535	2.09
446.737	2.11
446.94	2.34
447.142	2.08
447.344	2.25
447.546	2.39
447.748	2.3
447.95	1.98
448.152	2.15
448.354	2.21
448.557	2.18
448.759	1.9
448.961	2.11
449.163	2.18
449.365	2.26
449.567	2.22
449.769	1.95
449.971	2.17
450.173	2.24
450.375	2.47
450.577	2.02
450.779	2.31
450.981	2.4
451.182	2.15
451.384	2.08
451.586	2.7
451.788	2.4
451.99	2.26
452.192	1.97
452.394	2.55
452.595	2.74
452.797	2.13
452.999	2.43
453.201	2.37
453.402	2.33
453.604	2.09
453.806	2.42
454.008	2.66
454.209	2.33
454.411	2.72
454.613	2.6
454.814	2.44
455.016	2.07
455.218	2.98
455.419	2.46
455.621	2.75
455.822	2.45
456.024	2.27
456.225	2.98
456.427	2.64
456.629	2.38
456.83	2.67
457.032	2.8
457.233	2
457.435	2.36
457.636	2.39
457.837	2.83
458.039	2.3
458.24	2.09
458.442	2.75
458.643	2.13
458.844	3.64
459.046	2.83
459.247	3.1
459.448	2.86
459.65	2.87
459.851	2.68
460.052	2.53
460.254	3.22
460.455	2.93
460.656	2.85
460.857	2.83
461.059	2.71
461.26	2.67
461.461	2.82
461.662	2.84
461.863	2.55
462.065	2.89
462.266	2.61
462.467	1.95
462.668	2.48
462.869	3.21
463.07	3.43
463.271	2.59
463.472	1.84
463.673	2.81
463.874	2.53
464.075	3.47
464.276	3.08
464.477	3.23
464.678	2.83
464.879	2.48
465.08	3.02
465.281	2.91
465.482	2.65
465.683	1.25
465.884	2.5
466.085	3.59
466.285	2.01
466.486	3.94
466.687	3.19
466.888	3.31
467.089	3.11
467.29	2.88
467.49	2.75
467.691	3.32
467.892	2.79
468.093	3.48
468.293	3.91
468.494	3.5
468.695	3.66
468.895	3.14
469.096	1.46
469.297	1.75
469.497	2.34
469.698	4.12
469.898	2.52
470.099	3.2
470.3	3.68
470.5	3.39
470.701	4.64
470.901	4
471.102	2.72
471.302	2.3
471.503	4.8
471.703	3.38
471.904	4.24
472.104	2.16
472.305	2.44
472.505	3.78
472.705	3.26
472.906	3.27
473.106	3.78
473.306	3
473.507	3.41
473.707	3.05
473.907	3.81
474.108	3.08
474.308	3.45
474.508	3.86
474.709	3.06
474.909	3.79
475.109	1.7
475.309	2.33
475.51	2.09
475.71	4.47
475.91	3.93
476.11	1.03
476.31	2.64
476.51	5.58
476.71	4.16
476.911	4.52
477.111	2.24
477.311	1.81
477.511	1.97
477.711	3.45
477.911	2.25
478.111	4.7
478.311	2.93
478.511	3.4
478.711	4.58
478.911	3.44
479.111	3.5
479.311	2.64
479.511	4.58
479.711	2.78
479.91	1.85
480.11	2.63
480.31	2.17
480.51	4.17
480.71	2.95
480.91	2.85
481.109	3.64
481.309	3.53
481.509	3.68
481.709	4.42
481.909	3.62
482.108	2.31
482.308	3.45
482.508	4.37
482.707	5.17
482.907	3.67
483.107	2.86
483.306	4.48
483.506	4.07
483.706	2.49
483.905	2.99
484.105	4.65
484.304	3.78
484.504	3.07
484.704	3.6
484.903	4.1
485.103	2.78
485.302	3.09
485.502	4.75
485.701	3.68
485.901	1.98
486.1	3.18
486.299	3.22
486.499	3.94
486.698	2.61
486.898	2.79
487.097	3.17
487.296	2.38
487.496	3.39
487.695	2.27
487.894	2.37
488.094	3.32
488.293	4.01
488.492	3.29
488.692	2.68
488.891	3.2
489.09	3.7
489.289	2.76
489.489	1.71
489.688	3.65
489.887	2.16
490.086	3.51
490.285	2.18
490.484	4.16
490.683	4.93
490.883	4.04
491.082	3.34
491.281	2.47
491.48	2.82
491.679	4.22
491.878	3.45
492.077	5.24
492.276	4.45
492.475	2.74
492.674	3.7
492.873	3.56
493.072	3.53
493.271	4.54
493.47	2.47
493.669	3.41
493.867	2.69
494.066	3.34
494.265	4.08
494.464	3.98
494.663	3.48
494.862	2.65
495.06	2.34
495.259	3.11
495.458	4.02
495.657	3.59
495.856	3.37
496.054	4.23
496.253	4.39
496.452	3.63
496.65	2.94
496.849	4.38
497.048	3.13
497.246	3.14
497.445	3.73
497.644	4.34
497.842	4.13
498.041	3.92
498.239	3.54
498.438	3.59
498.636	4.18
498.835	4.04
499.034	3.79
499.232	3.91
499.431	3.7
499.629	3.11
499.827	4.35
500.026	2.81
500.224	3.23
500.423	3.42
500.621	3.92
500.82	3.93
501.018	5.25
501.216	3.79
501.415	4.61
501.613	3.07
501.811	4.8
502.01	5.12
502.208	4.23
502.406	4.39
502.604	4.41
502.803	3.81
503.001	4.56
503.199	4.54
503.397	4.03
503.595	4.14
503.794	3.7
503.992	3.86
504.19	3.81
504.388	4.62
504.586	4.15
504.784	3.44
504.982	4.12
505.18	4.35
505.378	4.91
505.576	5.15
505.774	4.63
505.972	4.39
506.17	5.06
506.368	3.97
506.566	3.87
506.764	4.69
506.962	5.38
507.16	5.13
507.358	4.59
507.556	4.97
507.754	5.61
507.952	4.46
508.15	4.71
508.347	5.12
508.545	4.65
508.743	5.36
508.941	4.31
509.139	5.37
509.336	4.65
509.534	4.92
509.732	5.18
509.93	4.74
510.127	5.51
510.325	4.83
510.523	4.91
510.72	5.46
510.918	5.56
511.116	4.94
511.313	5.07
511.511	4.9
511.708	4.76
511.906	5.97
512.104	5.49
512.301	4.96
512.499	5.26
512.696	5.08
512.894	5.1
513.091	6.02
513.289	5.16
513.486	5.54
513.683	5.15
513.881	5.25
514.078	5.53
514.276	6.22
514.473	5.39
514.67	5.84
514.868	5.93
515.065	6.27
515.262	6.13
515.46	5.74
515.657	6.1
515.854	5.53
516.052	5.59
516.249	6.55
516.446	6.18
516.643	6.32
516.84	6.05
517.038	6.16
517.235	5.51
517.432	6.1
517.629	6.6
517.826	6.11
518.023	6.49
518.221	6.48
518.418	6.54
518.615	6.26
518.812	6.06
519.009	6.33
519.206	6.52
519.403	6.26
519.6	6.66
519.797	6.28
519.994	6.37
520.191	6.36
520.388	6.85
520.585	6.64
520.782	6.78
520.978	6.83
521.175	6.39
521.372	6.88
521.569	6.88
521.766	6.62
521.963	6.47
522.159	6.21
522.356	6.97
522.553	6.35
522.75	6.43
522.947	7.09
523.143	6.93
523.34	6.69
523.537	7.11
523.733	7.25
523.93	6.87
524.127	6.46
524.323	7.05
524.52	6.47
524.717	6.65
524.913	6.37
525.11	6.72
525.306	7.26
525.503	6.98
525.7	7.22
525.896	6.85
526.093	7.44
526.289	7.44
526.486	6.99
526.682	6.85
526.878	7.35
527.075	7.4
527.271	7.51
527.468	7.52
527.664	7.01
527.861	6.69
528.057	7.06
528.253	7.65
528.45	6.67
528.646	7.11
528.842	7.71
529.039	6.77
529.235	7.41
529.431	7.48
529.627	7.53
529.824	7.54
530.02	7.43
530.216	7.43
530.412	7.77
530.608	7.13
530.804	7.42
531.001	7.72
531.197	7.58
531.393	7.2
531.589	7.63
531.785	7.58
531.981	7.45
532.177	7.83
532.373	7.48
532.569	7.34
532.765	7.88
532.961	7.2
533.157	7.6
533.353	8.04
533.549	7.82
533.745	7.72
533.941	7.65
534.137	7.76
534.333	7.29
534.529	7.81
534.725	7.72
534.92	7.82
535.116	7.23
535.312	7.59
535.508	7.9
535.704	7.57
535.899	7.7
536.095	7.71
536.291	7.86
536.487	7.5
536.682	8.08
536.878	7.6
537.074	8.12
537.269	7.83
537.465	7.66
537.661	7.48
537.856	7.89
538.052	7.8
538.248	8.09
538.443	8
538.639	7.9
538.834	7.95
539.03	7.69
539.225	8.39
539.421	7.91
539.616	8.06
539.812	7.71
540.007	8.37
540.203	7.7
540.398	8.19
540.593	8.04
540.789	8.3
540.984	7.94
541.18	8.07
541.375	7.65
541.57	8.03
541.766	8.37
541.961	8.03
542.156	8.04
542.352	8.6
542.547	8.09
542.742	8.13
542.937	8.37
543.133	8.85
543.328	7.97
543.523	8.45
543.718	8.36
543.913	8.61
544.108	8.14
544.304	8.18
544.499	8.65
544.694	8.31
544.889	8.38
545.084	8.32
545.279	9.05
545.474	8.85
545.669	8.06
545.864	8.13
546.059	8.24
546.254	7.97
546.449	8.54
546.644	8.55
546.839	8.44
547.034	8.76
547.229	8.43
547.424	8.61
547.618	9.02
547.813	8.42
548.008	9.07
548.203	8.71
548.398	8.81
548.593	8.96
548.787	8.83
548.982	8.21
549.177	8.74
549.372	8.54
549.566	8.35
549.761	8.56
549.956	8.78
550.15	8.6
550.345	9.01
550.54	9.06
550.734	8.84
550.929	8.94
551.124	9.29
551.318	9.15
551.513	9.32
551.707	9.3
551.902	8.8
552.096	9.5
552.291	9.57
552.485	8.9
552.68	9.26
552.874	9.27
553.069	9.02
553.263	9.53
553.458	8.93
553.652	9.48
553.847	9.09
554.041	9.68
554.235	9.37
554.43	9.54
554.624	9.69
554.818	9.13
555.013	9.35
555.207	9.5
555.401	9.28
555.595	9.28
555.79	9.03
555.984	9.67
556.178	9.53
556.372	9.7
556.566	9.33
556.761	9.36
556.955	9.51
557.149	9.62
557.343	9.64
557.537	9.42
557.731	9.83
557.925	9.39
558.119	9.51
558.313	9.96
558.507	9.72
558.701	9.66
558.895	10
559.089	9.94
559.283	9.46
559.477	9.69
559.671	9.63
559.865	9.55
560.059	9.66
560.253	9.66
560.447	10
560.641	9.64
560.835	10.33
561.028	9.91
561.222	9.88
561.416	9.79
561.61	9.91
561.804	9.73
561.997	9.52
562.191	10.15
562.385	9.6
562.579	9.72
562.772	9.96
562.966	10.05
563.16	10.03
563.353	10.12
563.547	9.93
563.741	10.18
563.934	10.31
564.128	9.95
564.321	9.94
564.515	9.97
564.708	10.17
564.902	9.98
565.095	10.24
565.289	10.15
565.482	10.43
565.676	10.19
565.869	10.26
566.063	10.71
566.256	10.47
566.45	10.69
566.643	10.64
566.836	10.11
567.03	10.5
567.223	10.31
567.416	10.84
567.61	10.38
567.803	10.53
567.996	11.01
568.19	10.5
568.383	10.35
568.576	10.66
568.769	10.61
568.963	10.81
569.156	10.72
569.349	10.7
569.542	10.74
569.735	10.57
569.928	10.6
570.121	10.77
570.315	11.11
570.508	10.94
570.701	11.13
570.894	10.66
571.087	10.85
571.28	10.9
571.473	11
571.666	10.95
571.859	10.64
572.052	10.86
572.245	10.83
572.438	10.9
572.631	10.8
572.824	10.38
573.016	11.31
573.209	11.03
573.402	10.55
573.595	10.95
573.788	10.94
573.981	10.95
574.173	11.05
574.366	11.41
574.559	11.32
574.752	11.1
574.944	11.21
575.137	10.75
575.33	10.61
575.523	11.47
575.715	11.06
575.908	11.18
576.101	10.9
576.293	11.19
576.486	11.12
576.678	11.08
576.871	11.07
577.063	11.91
577.256	11.27
577.449	11.32
577.641	11.13
577.834	11.14
578.026	11.29
578.219	11.23
578.411	11.49
578.603	11.9
578.796	11.22
578.988	11.59
579.181	11.61
579.373	11.63
579.565	11.43
579.758	11.62
579.95	11.19
580.142	11.36
580.335	12.08
580.527	11.72
580.719	11.32
580.912	11.42
581.104	12.15
581.296	11.3
581.488	11.76
581.68	11.86
581.873	11.43
582.065	11.97
582.257	11.43
582.449	11.83
582.641	11.72
582.833	11.64
583.025	11.08
583.217	11.47
583.41	11.85
583.602	11.46
583.794	11.87
583.986	11.89
584.178	11.55
584.37	11.75
584.562	11.74
584.753	11.76
584.945	11.68
585.137	11.89
585.329	11.79
585.521	11.9
585.713	12.01
585.905	12.1
586.097	11.6
586.289	12.02
586.48	11.92
586.672	11.94
586.864	12.29
587.056	12.23
587.247	11.87
587.439	11.71
587.631	12.07
587.823	11.8
588.014	11.88
588.206	12.21
588.398	11.99
588.589	12.59
588.781	11.92
588.972	12.21
589.164	12.53
589.356	12.53
589.547	12.64
589.739	12.28
589.93	12.03
590.122	12.43
590.313	12.02
590.505	12.12
590.696	12.16
590.888	12.14
591.079	12.62
591.271	12.86
591.462	12.68
591.653	12.49
591.845	12.37
592.036	12.57
592.227	12.36
592.419	12.34
592.61	12.7
592.801	12.37
592.993	12.47
593.184	12.79
593.375	12.9
593.566	12.95
593.758	12.31
593.949	12.88
594.14	12.82
594.331	12.81
594.522	13.09
594.713	12.97
594.905	13.25
595.096	13.3
595.287	12.79
595.478	13.34
595.669	13.12
595.86	13.48
596.051	12.61
596.242	12.84
596.433	13.31
596.624	12.73
596.815	13.18
597.006	12.92
597.197	13.04
597.388	13.04
597.579	13.46
597.77	13.57
597.96	13.72
598.151	14.19
598.342	13.31
598.533	13.48
598.724	13.23
598.915	13.59
599.105	13.55
599.296	13.14
599.487	13.31
599.678	13.69
599.868	13.52
600.059	13.78
600.25	14.07
600.44	13.13
600.631	13.49
600.822	13.75
601.012	14.04
601.203	13.89
601.394	13.4
601.584	14.25
601.775	14.17
601.965	13.94
602.156	13.83
602.346	14.05
602.537	13.96
602.727	13.83
602.918	13.41
603.108	13.84
603.299	13.81
603.489	14.25
603.679	14.09
603.87	14.46
604.06	14.89
604.251	14.55
604.441	13.7
604.631	14.12
604.822	14.23
605.012	13.84
605.202	14.39
605.392	14.07
605.583	13.8
605.773	14.4
605.963	14.61
606.153	14.2
606.344	14.04
606.534	14.55
606.724	15.15
606.914	14.03
607.104	14.74
607.294	14.4
607.484	14.93
607.674	15.19
607.864	14.43
608.054	14.58
608.245	14.68
608.435	15.12
608.625	14.53
608.814	14.25
609.004	14.65
609.194	14.94
609.384	14.58
609.574	15
609.764	14.33
609.954	14.63
610.144	14.84
610.334	14.93
610.524	15.24
610.713	14.69
610.903	14.95
611.093	14.75
611.283	15.07
611.473	15.04
611.662	15.1
611.852	14.95
612.042	14.71
612.231	14.24
612.421	15.06
612.611	14.6
612.8	14.94
612.99	14.76
613.18	14.88
613.369	15.02
613.559	15.16
613.748	15.16
613.938	15.59
614.128	15.18
614.317	15.01
614.507	15.2
614.696	15.37
614.886	14.96
615.075	14.99
615.264	14.98
615.454	15.32
615.643	15.22
615.833	15.36
616.022	14.88
616.211	15.28
616.401	15.1
616.59	15.54
616.779	15.66
616.969	15.69
617.158	14.64
617.347	15.5
617.537	15.88
617.726	15.35
617.915	14.99
618.104	15.53
618.293	15.71
618.483	14.83
618.672	15.79
618.861	15.75
619.05	15.17
619.239	15.12
619.428	15.84
619.617	15.54
619.806	15.58
619.995	14.56
620.184	15.37
620.373	14.98
620.562	15.75
620.751	15.18
620.94	15.94
621.129	15.99
621.318	16.06
621.507	15.49
621.696	15.5
621.885	15.36
622.074	16.45
622.263	16
622.452	16.3
622.64	15.46
622.829	15.33
623.018	16.34
623.207	15.48
623.396	16.72
623.584	15.93
623.773	16.41
623.962	16.51
624.15	15.89
624.339	15.51
624.528	16.17
624.716	17.03
624.905	16.39
625.094	17.12
625.282	16.75
625.471	15.62
625.659	16.19
625.848	15.32
626.037	16.75
626.225	16.41
626.414	16.04
626.602	16.43
626.791	16.22
626.979	16.83
627.167	16.72
627.356	17.02
627.544	16.94
627.733	16.9
627.921	15.83
628.109	16.49
628.298	16.19
628.486	15.97
628.674	16.48
628.863	15.95
629.051	17.72
629.239	16.49
629.428	16.39
629.616	18.12
629.804	17.13
629.992	16.72
630.18	16.87
630.369	17.25
630.557	17.2
630.745	16.27
630.933	17.33
631.121	16.81
631.309	16.83
631.497	17.12
631.685	15.84
631.873	17.16
632.061	16.06
632.249	16.51
632.437	17.39
632.625	17.54
632.813	16.79
633.001	17.66
633.189	17.17
633.377	18.08
633.565	16.07
633.753	17.09
633.941	17.06
634.129	18.63
634.316	16.58
634.504	17.13
634.692	17.72
634.88	16.78
635.068	16.79
635.255	18.06
635.443	18.01
635.631	17.14
635.818	18.7
636.006	16.86
636.194	17.82
636.382	16.4
636.569	16.57
636.757	18.28
636.944	17.66
637.132	17.81
637.32	17.8
637.507	17.15
637.695	17.93
637.882	17.92
638.07	18.37
638.257	17.41
638.445	17.98
638.632	17.24
638.82	17.15
639.007	17.08
639.194	16.84
639.382	17.51
639.569	17.47
639.757	17.33
639.944	17.33
640.131	16.94
640.319	17.57
640.506	18.1
640.693	17.96
640.88	17.43
641.068	18.25
641.255	17.55
641.442	16.73
641.629	17.68
641.817	17.94
642.004	17.96
642.191	18.48
642.378	17.96
642.565	17.96
642.752	17.38
642.939	15.63
643.126	17.59
643.313	17.47
643.501	18.36
643.688	18.74
643.875	18.31
644.062	18.01
644.249	17.39
644.435	17.91
644.622	16.89
644.809	17.65
644.996	17.87
645.183	16.95
645.37	18.22
645.557	17.26
645.744	17.7
645.931	16.72
646.117	16.8
646.304	17.72
646.491	17.78
646.678	17.6
646.865	18.14
647.051	16.86
647.238	16.59
647.425	16.68
647.611	17.9
647.798	16.18
647.985	18.12
648.171	18.28
648.358	17.27
648.545	17.66
648.731	16.29
648.918	18.87
649.104	16.77
649.291	17.75
649.477	16.33
649.664	17.73
649.85	16.75
650.037	16.62
650.223	16.92
650.41	16.27
650.596	17.07
650.783	18.1
650.969	17.95
651.155	18.2
651.342	17.02
651.528	17.87
651.714	17.03
651.901	19.01
652.087	16.82
652.273	16.69
652.46	18.02
652.646	17.76
652.832	18.32
653.018	17.09
653.204	17.59
653.391	18.01
653.577	17.07
653.763	16.69
653.949	17.95
654.135	17.92
654.321	15.48
654.507	17.04
654.693	16.1
654.879	17.24
655.065	16.31
655.252	16.29
655.438	17.43
655.624	18.82
655.809	16.4
655.995	17.62
656.181	17.46
656.367	17.56
656.553	18.61
656.739	17.45
656.925	18.25
657.111	16.67
657.297	18.2
657.482	16.22
657.668	17.19
657.854	17.04
658.04	16.88
658.226	17.2
658.411	17.11
658.597	17.43
658.783	17.79
658.968	16.97
659.154	18.52
659.34	17.79
659.525	15.5
659.711	16.94
659.897	16.96
660.082	16.08
660.268	15.64
660.453	16.54
660.639	16.9
660.824	16.91
661.01	17.11
661.195	16.95
661.381	15.37
661.566	15.28
661.752	15.52
661.937	14.97
662.123	15.66
662.308	15.47
662.494	17.21
662.679	16.23
662.864	17.09
663.05	16.39
663.235	15.28
663.42	14.81
663.605	14.62
663.791	16.03
663.976	15.24
664.161	15.73
664.346	16.11
664.532	16.11
664.717	13.4
664.902	17.59
665.087	17.76
665.272	16.53
665.457	15.22
665.642	16.12
665.828	14.72
666.013	15.92
666.198	12.09
666.383	14.83
666.568	13.16
666.753	16.89
666.938	15.96
667.123	16.75
667.308	15
667.493	14.03
667.677	15.2
667.862	14.26
668.047	15.81
668.232	14.53
668.417	16.97
668.602	13.93
668.787	18.69
668.971	13.99
669.156	16.46
669.341	12.89
669.526	14.89
669.711	14.9
669.895	16.92
670.08	14.72
670.265	14.72
670.449	12.97
670.634	15.63
670.819	13.84
671.003	13.69
671.188	16.91
671.372	14.35
671.557	15.18
671.742	16.46
671.926	14.67
672.111	15.37
672.295	13.75
672.48	15.11
672.664	12.57
672.849	14.45
673.033	15
673.217	14.18
673.402	12.83
673.586	13.66
673.771	14.23
673.955	15.17
674.139	13.87
674.324	14.49
674.508	13.52
674.692	14.64
674.876	14.01
675.061	16.99
675.245	15.99
675.429	16.4
675.613	11.28
675.798	16.67
675.982	17.02
676.166	16.79
676.35	17.21
676.534	17.25
676.718	15.33
676.902	18.04
677.087	13.84
677.271	15.66
677.455	15.45
677.639	14.6
677.823	15.09
678.007	19.99
678.191	17.66
678.375	16.5
678.559	15.9
678.742	17.13
678.926	17.8
679.11	18.31
679.294	18.44
679.478	15.05
679.662	16.29
679.846	17.18
680.029	19.25
680.213	18.86
680.397	18.74
680.581	17.9
680.765	19.82
680.948	17.07
681.132	21.18
681.316	15.91
681.499	18.96
681.683	19.53
681.867	19.34
682.05	18.35
682.234	19.32
682.417	17
682.601	21.78
682.785	20.17
682.968	18.54
683.152	22.68
683.335	18.72
683.519	17.55
683.702	19.17
683.886	21.28
684.069	20.34
684.253	22.59
684.436	23.47
684.619	21.4
684.803	21.1
684.986	21.69
685.169	24.96
685.353	21.03
685.536	22.46
685.719	20.86
685.903	21.87
686.086	20.58
686.269	26.64
686.452	20.79
686.636	24.97
686.819	25.86
687.002	23.18
687.185	23.59
687.368	23.07
687.551	21.43
687.734	24.17
687.918	20.08
688.101	25.98
688.284	25.19
688.467	25.65
688.65	21.97
688.833	26.74
689.016	24.35
689.199	27.5
689.382	28.68
689.565	24.66
689.748	24.2
689.93	23.19
690.113	24.53
690.296	27
690.479	27.74
690.662	25.16
690.845	22.37
691.028	25.48
691.21	28.8
691.393	28.21
691.576	25.05
691.759	22.39
691.941	27.05
692.124	26.5
692.307	26.57
692.489	26.83
692.672	31.74
692.855	28.14
693.037	29.08
693.22	31.06
693.403	21.62
693.585	30.09
693.768	28.37
693.95	30.71
694.133	31.03
694.315	30.3
694.498	27.23
694.68	25.25
694.863	33.6
695.045	30.21
695.228	29.34
695.41	28.75
695.592	29.19
695.775	35.13
695.957	29.14
696.139	31.24
696.322	28.66
696.504	33.35
696.686	24.76
696.869	26.27
697.051	28.77
697.233	35.02
697.415	32.83
697.597	27.46
697.78	28.38
697.962	29.9
698.144	30.74
698.326	28.44
698.508	33.45
698.69	28.87
698.872	25.12
699.055	33.49
699.237	31.82
699.419	31.4
699.601	24.54
699.783	34.12
699.965	36.71
700.147	27.88
700.329	31.05
700.51	29.03
700.692	33.31
700.874	29.23
701.056	33.42
701.238	26.21
701.42	35.49
701.602	29.65
701.783	33.78
701.965	28.88
702.147	32.19
702.329	30.91
702.511	32.89
702.692	38.59
702.874	25.78
703.056	31.73
703.237	29.93
703.419	31.26
703.601	38.72
703.782	28.89
703.964	31.74
704.146	34.95
704.327	35.82
704.509	36.62
704.69	34.56
704.872	34.88
705.053	31.04
705.235	36.74
705.416	24.98
705.598	27.99
705.779	30.72
705.961	30.2
706.142	38.47
706.323	41.12
706.505	33.91
706.686	30.14
706.867	28.44
707.049	30.35
707.23	41.42
707.411	31.21
707.593	33.53
707.774	30.58
707.955	27.76
708.136	27.75
708.318	31.97
708.499	33.19
708.68	33.99
708.861	39.65
709.042	30.25
709.223	31.95
709.404	27.79
709.585	35.47
709.767	33.3
709.948	34.1
710.129	30.48
710.31	25.02
710.491	28.54
710.672	32.3
710.853	15.17
711.034	36.32
711.214	33.87
711.395	30.84
711.576	35.3
711.757	39.66
711.938	32.3
712.119	34.77
712.3	32.55
712.481	28.62
712.661	34.83
712.842	30.43
713.023	26.54
713.204	29.47
713.384	31.6
713.565	36.42
713.746	26.48
713.926	28.13
714.107	32.17
714.288	21.12
714.468	33.91
714.649	38.74
714.83	37.32
715.01	34.27
715.191	36.22
715.371	34.36
715.552	39.32
715.732	37.51
715.913	42.68
716.093	39.87
716.274	32.94
716.454	28.47
716.635	39.01
716.815	41.76
716.995	26.63
717.176	41.43
717.356	29.65
717.536	32.28
717.717	29.53
717.897	25.99
718.077	27.77
718.258	21.05
718.438	35.72
718.618	39.8
718.798	28.27
718.978	41.35
719.159	44.19
719.339	51.7
719.519	23.57
719.699	38.41
719.879	39.57
720.059	37.99
720.239	38.78
720.419	43.23
720.599	36.92
720.779	35.63
720.959	30.63
721.139	30.01
721.319	33.28
721.499	44.19
721.679	26.09
721.859	37.16
722.039	32.03
722.219	38.83
722.399	31.23
722.579	19.96
722.759	28.94
722.938	27.93
723.118	33.74
723.298	36.62
723.478	38.03
723.658	35.25
723.837	34.04
724.017	38.36
724.197	21.34
724.376	30.76
724.556	26.32
724.736	36.86
724.915	16.83
725.095	38.99
725.275	33.71
725.454	53.15
725.634	33.49
725.813	23.7
725.993	36.76
726.172	35.22
726.352	38.02
726.531	34.47
726.711	53.11
726.89	26.85
727.07	37.2
727.249	45.81
727.428	38.69
727.608	13.35
727.787	20.29
727.966	25.91
728.146	25.39
728.325	46.54
728.504	37.55
728.684	30.45
728.863	37.34
729.042	10.33
729.221	12.97
729.4	29.13
729.58	41.1
729.759	28.85
729.938	43.37
730.117	55.35
730.296	30.4
730.475	24.37
730.654	23.38
730.833	11.28
731.013	28.63
731.192	32.35
731.371	27.24
731.55	44.37
731.729	22.43
731.907	48.06
732.086	39.51
732.265	37.99
732.444	26.1
732.623	47.36
732.802	25.74
732.981	35.69
733.16	34.56
733.339	22.59
733.517	19.78
733.696	47.62
733.875	39.43
734.054	29.81
734.232	58.54
734.411	64.67
734.59	26.61
734.768	26.66
734.947	35.33
735.126	7.95
735.304	56.53
735.483	41.28
735.662	54.85
735.84	25.78
736.019	50.93
736.197	7.12
736.376	35.56
736.554	64.96
736.733	38.23
736.911	37.46
737.09	35
737.268	27.02
737.447	62.22
737.625	28.75
737.803	33.64
737.982	48.98
738.16	39.72
738.338	28.62
738.517	34.12
738.695	46.42
738.873	19.09
739.052	33.24
739.23	24.58
739.408	28.83
739.586	32.67
739.764	38.1
739.943	55.66
740.121	47.01
740.299	38.46
740.477	16.28
740.655	40.12
740.833	45.65
741.011	44.97
741.189	33.23
741.367	21.18
741.545	17.43
741.723	31.97
741.901	22.86
742.079	48.54
742.257	33.4
742.435	46.44
742.613	52.68
742.791	40.93
742.969	47.01
743.147	42.03
743.325	40.84
743.503	18.22
743.68	44.32
743.858	40.64
744.036	7.82
744.214	26.28
744.391	6.22
744.569	22.56
744.747	30.07
744.925	61.22
745.102	33.17
745.28	42.88
745.458	44.08
745.635	47.34
745.813	57.91
745.99	39.48
746.168	38.77
746.345	88.12
746.523	24.52
746.7	20.07
746.878	26.47
747.055	49.42
747.233	62.77
747.41	58.75
747.588	24.91
747.765	50.74
747.943	9.05
748.12	7.4
748.297	34.44
748.475	43.43
748.652	42.2
748.829	27
749.007	30.93
749.184	47.03
749.361	32.51
749.538	47.03
749.716	43.62
749.893	99.29
750.07	36.13
750.247	41.9
750.424	74.31
750.601	62.62
750.778	20.07
750.956	18.05
751.133	1.46
751.31	33.98
751.487	28.88
751.664	49.72
751.841	15.13
752.018	42.11
752.195	-0
752.372	24.75
752.549	50.84
752.726	24.14
752.902	71.12
753.079	46.56
753.256	27.43
753.433	57.01
753.61	39.33
753.787	7.9
753.964	23.61
754.14	22.21
754.317	50.76
754.494	48.24
754.671	47.07
754.847	45.3
755.024	16.87
755.201	41.47
755.377	27.29
755.554	64.53
755.73	8.96
755.907	22.32
756.084	109.83
756.26	23.24
756.437	52.51
756.613	22.69
756.79	48.09
756.966	13.78
757.143	1.24
757.319	61.25
757.496	61.81
757.672	24.2
757.849	70.53
758.025	29.53
758.201	48.67
758.378	49.41
758.554	29.27
758.73	27.21
758.907	35.89
759.083	10.03
759.259	65.89
759.435	56.18
759.612	35.39
759.788	28.03
759.964	46.41
760.14	77.52
760.316	-10.75
760.493	33.72
760.669	81.01
760.845	24.77
761.021	-16.4
761.197	32.59
761.373	49.07
761.549	47.67
761.725	61.49
761.901	15.11
762.077	24.57
762.253	6.59
762.429	62.62
762.605	26.04
762.781	8.69
762.957	26.36
763.133	56.5
763.308	84.26
763.484	66.95
763.66	34.66
763.836	40.9
764.012	-45.95
764.187	13.89
764.363	19.59
764.539	28.12
764.715	44.93
764.89	13.59
765.066	-1.46
765.242	68.45
765.417	42.65
765.593	39.22
765.769	43.92
765.944	34.95
766.12	53.04
766.295	38.71
766.471	27.93
766.646	43.39
766.822	105.19
766.997	-23.75
767.173	100.47
767.348	-11.75
767.524	7.18
767.699	17
767.875	11.55
768.05	-13.7
768.225	39.94
768.401	19.23
768.576	41.84
768.751	36.59
768.927	15.16
769.102	94.27
769.277	51.03
769.452	3.05
769.628	42.25
769.803	157.7
769.978	-36.96
770.153	-48
770.328	69.6
770.503	53.58
770.679	141.88
770.854	45.15
771.029	25.71
771.204	-246.36
771.379	-52.23
771.554	-16.8
771.729	79.6
771.904	36.49
772.079	41.68
772.254	64.48
772.429	98.77
772.604	-13.55
772.779	47.45
772.953	34.99
773.128	43.68
773.303	-21.1
773.478	58
773.653	19.5
773.828	45.63
774.002	75.2
774.177	-1.36
774.352	41.74
774.527	33.56
774.701	53.61
774.876	107.77
775.051	-96.26
775.225	50.97
775.4	52.23
775.575	34.8
775.749	-22.43
775.924	20.58
776.098	52.77
776.273	54.75
776.447	18.17
776.622	50.31
776.796	-12.1
776.971	-46.27
777.145	-0
777.32	55.29
777.494	39.07
777.669	15.29
777.843	50.81
778.017	73.67
778.192	3.72
778.366	60.46
778.54	109.41
778.715	90.48
778.889	-2.98
779.063	27.29
779.237	52.12
779.412	-28.97
779.586	23.82
779.76	92.99
779.934	20.39
780.108	47.18
780.282	-895.52
780.457	34.65
780.631	-188.92
780.805	-54.01
780.979	-125.37
781.153	-193.35
781.327	105.42
781.501	15.63
781.675	41.98
781.849	43.74
782.023	110.13
782.197	-30.58
782.371	-82.29
782.545	235.58
782.718	72.08
782.892	75.13
783.066	35.07
783.24	-34.01
783.414	33.87
783.588	59.14
783.761	18.96
783.935	123.01
784.109	40.34
784.283	62.61
784.456	39.81
784.63	69.66
784.804	86.23
784.977	52.75
785.151	-6.73
785.324	43.37
785.498	-98.75
785.672	35.58
785.845	45.06
786.019	45.5
786.192	-198.68
786.366	46.34
786.539	150.51
786.713	-26.16
786.886	18.48
787.06	83.38
787.233	-82
787.406	44.1
787.58	9.92
787.753	57.83
787.926	-40.15
788.1	368.1
788.273	-928.3
788.446	13.28
788.62	1122.58
788.793	48.1
788.966	103.92
789.139	162.25
789.313	147.14
789.486	-4457.14
789.659	-96
789.832	73.47
790.005	99.04
790.178	446.02
790.351	26.33
790.524	8.14
790.697	-20.48
790.87	18.27
791.044	196.36
791.216	79.57
791.389	-263.1
791.562	84.39
791.735	-546.84
791.908	716.88
792.081	111.75
792.254	-619.78
792.427	-35.69
792.6	48.98
792.773	25.98
792.945	465.67
793.118	5.96
793.291	276.92
793.464	-148.09
793.637	22.09
793.809	-35.23
793.982	8.53
794.155	128.9
794.327	66.51
794.5	-424.62
794.673	-97.17
794.845	18.68
795.018	-73.1
795.19	-391.01
795.363	68.71
795.536	159.65
795.708	-1470.97
795.881	-1920
796.053	75.79
796.226	116.57
796.398	169.67
796.57	119.22
796.743	52.48
796.915	-9
797.088	155.47
797.26	-188.98
797.432	637.97
797.605	224.6
797.777	-1012.99
797.949	-120.46
798.122	43.55
798.294	263.68
798.466	-61.71
798.638	-22.57
798.81	87.89
798.983	-0
799.155	40.97
799.327	-89.64
799.499	58.84
799.671	101.77
799.843	82.19
800.015	112.06
800.187	-37.57
800.359	87.8
800.531	15.91
800.703	51.1
800.875	85.22
801.047	34.5
801.219	-73.72
801.391	-716.88
801.563	-189.93
801.735	-121.17
801.907	154.6
802.079	-71.92
802.251	-52.75
802.422	207.87
802.594	-311.69
802.766	25.92
802.938	80.72
803.11	29.39
803.281	373.51
803.453	18.16
803.625	10.39
803.796	-9.32
803.968	79.48
804.14	42.95
804.311	46.22
804.483	146.44
804.654	46.66
804.826	203.13
804.998	-89.84
805.169	-55.6
805.341	297.6
805.512	-372.67
805.684	-0
805.855	74.86
806.026	221.54
806.198	29.45
806.369	35.89
806.541	102.38
806.712	94.45
806.883	88.28
807.055	44.86
807.226	436.99
807.397	-263.74
807.569	435.4
807.74	59.74
807.911	24.49
808.082	-204.48
808.253	-427.72
808.425	55.57
808.596	121.35
808.767	-233.09
808.938	-7.87
809.109	23.76
809.28	-210.43
809.451	23.7
809.622	-12.83
809.793	-2593.55
809.964	-114.78
810.135	183.05
810.306	124.86
810.477	217.45
810.648	67.29
810.819	-22.94
810.99	1440
811.161	169.52
811.332	207.57
811.503	42.35
811.674	-147.69
811.844	-627.69
812.015	-101.32
812.186	169.33
812.357	-41.2
812.527	81.1
812.698	18.41
812.869	452.83
813.04	-8.2
813.21	744.83
813.381	4.67
813.551	-104.79
813.722	85.01
813.893	52.26
814.063	-0
814.234	-981.82
814.404	134.77
814.575	12.2
814.745	-191.15
814.916	2.1
815.086	123.79
815.257	-64.57
815.427	-7.36
815.598	21
815.768	49.52
815.938	35.44
816.109	170.04
816.279	48.18
816.449	-65.26
816.62	-442.11
816.79	143.28
816.96	158.49
817.13	24.87
817.301	30.46
817.471	19.83
817.641	294.48
817.811	122.63
817.981	1200
818.152	39.81
818.322	380.2
818.492	-62.97
818.662	101.77
818.832	73.91
819.002	32.2
819.172	132.38
819.342	145.66
819.512	-25.34
819.682	64.66
819.852	41.52
820.022	170.29
820.192	417.98
820.362	-39.91
820.531	132.9
820.701	76.97
820.871	-0
821.041	21.72
821.211	-13.82
821.381	164.59
821.55	51.06
821.72	167.44
821.89	812.31
822.059	27.22
822.229	84.27
822.399	129.15
822.568	82.76
822.738	234.15
822.908	279.75
823.077	-101.85
823.247	57.77
823.416	282.35
823.586	6.42
823.756	20.28
823.925	-668.35
824.095	83.72
824.264	-166.82
824.433	-127.43
824.603	105.54
824.772	-101.36
824.942	75.95
825.111	144.72
825.28	37.27
825.45	10.43
825.619	327.95
825.788	0
825.958	-25.24
826.127	63.95
826.296	171.99
826.465	81.88
826.635	76.13
826.804	65.4
826.973	194.83
827.142	-97.02
827.311	40.27
827.48	106.11
827.649	11.29
827.818	-179.53
827.988	576
828.157	101.57
828.326	-89.12
828.495	3.4
828.664	74.71
828.833	165.37
829.002	171.43
829.17	265.77
829.339	138.69
829.508	-126.32
829.677	-40.45
829.846	-12.78
830.015	-57.46
830.184	-27.79
830.352	89.9
830.521	94.96
830.69	-409.76
830.859	3741.18
831.027	631.58
831.196	49.07
831.365	35.73
831.533	27.78
831.702	-92.31
831.871	-2.89
832.039	-7
832.208	-793.04
832.377	-340.16
832.545	-30.85
832.714	10.39
832.882	-38.16
833.051	124.95
833.219	342.86
833.388	-102.6
833.556	-181.92
833.724	59.36
833.893	2.4
834.061	631.58
834.23	61.02
834.398	185.33
834.566	-296.1
834.735	-342.86
834.903	724.53
835.071	1680
835.239	-70.82
835.408	145.54
835.576	-83.72
835.744	-31.66
835.912	65.68
836.08	96.54
836.249	611.32
836.417	179.68
836.585	68.88
836.753	52.32
836.921	168.65
837.089	-2057.14
837.257	-1172.09
837.425	-137.87
837.593	8.98
837.761	-14.05
837.929	39.09
838.097	-25.65
838.265	77.28
838.433	55.08
838.601	92.31
838.769	-227.85
838.936	525.84
839.104	235.42
839.272	78.78
839.44	69.05
839.608	-995.12
839.775	41.3
839.943	-27.33
840.111	96.45
840.279	18.01
840.446	-71.64
840.614	-140.26
840.781	125.22
840.949	58.92
841.117	-32.58
841.284	30.9
841.452	-119.25
841.619	11.23
841.787	-17.71
841.954	-279.07
842.122	173.41
842.289	20.58
842.457	122.38
842.624	71.07
842.792	-35.04
842.959	-130.29
843.126	-16.9
843.294	18.24
843.461	50.76
843.629	-211.2
843.796	72.57
843.963	-42.02
844.13	131.83
844.298	152.9
844.465	38.48
844.632	-134.16
844.799	192.96
844.966	-15.32
845.134	54.61
845.301	38.81
845.468	-405.3
845.635	80.57
845.802	-30.64
845.969	89
846.136	117.84
846.303	-884.21
846.47	71.9
846.637	73.85
846.804	-2400
846.971	-70.82
847.138	46.33
847.305	-148.67
847.472	65.65
847.639	123.65
847.805	50.93
847.972	-249.35
848.139	-25.75
848.306	1263.16
848.473	573.13
848.639	2.02
848.806	124.8
848.973	-9.18
849.14	3.79
849.306	86.1
849.473	-111.26
849.64	-424.62
849.806	-51.67
849.973	343.78
850.139	87.42
850.306	82.34
850.472	-4.43
850.639	15.74
850.806	-821.05
850.972	-198.26
851.139	-3600
851.305	-26.02
851.471	-183.63
851.638	125.15
851.804	-322.39
851.971	71.84
852.137	-29.94
852.303	260.43
852.47	-45.64
852.636	315.79
852.802	-179.53
852.968	122.55
853.135	18.27
853.301	-104.05
853.467	94.43
853.633	-30.05
853.8	134.2
853.966	36.55
854.132	-4971.43
854.298	70.07
854.464	215.73
854.63	74.62
854.796	32.54
854.962	267.63
855.128	13.88
855.294	-22.27
855.46	-154.84
855.626	56.58
855.792	-78.76
855.958	349.51
856.124	-0
856.29	182.78
856.456	-14.71
856.622	158.3
856.787	950.65
856.953	30.91
857.119	415.84
857.285	318.48
857.45	-89.05
857.616	114.14
857.782	-18.41
857.948	135.42
858.113	94.2
858.279	-79.19
858.445	330.71
858.61	558.14
858.776	92.31
858.941	403.96
859.107	5.6
859.273	144
859.438	-13.28
859.604	-568.42
859.769	170.08
859.935	106.93
860.1	132.31
860.265	31
860.431	25.9
860.596	5314.29
860.762	143.44
860.927	101.98
861.092	71.46
861.258	-30.59
861.423	-106.56
861.588	-23.82
861.753	-1200
861.919	407.55
862.084	-75.59
862.249	170.85
862.414	110.58
862.579	109.64
862.745	141.03
862.91	216.97
863.075	7.82
863.24	33.01
863.405	-108.54
863.57	66.45
863.735	109.42
863.9	265.49
864.065	72.66
864.23	37.99
864.395	222.06
864.56	-0
864.725	258.23
864.89	283.15
865.055	89.22
865.22	-40.96
865.384	-687.64
865.549	233.01
865.714	-25.29
865.879	86.56
866.044	-62.95
866.208	-20.84
866.373	131.87
866.538	-36.53
866.702	106.23
866.867	29.53
867.032	-45.18
867.196	109.25
867.361	105.6
867.526	185.41
867.69	75.62
867.855	92.31
868.019	392.73
868.184	-12.58
868.348	155.63
868.513	-2554.84
868.677	107.39
868.842	-67.84
869.006	112.18
869.17	-430.19
869.335	-409.76
869.499	-466.02
869.663	596.03
869.828	-111.74
869.992	-83.72
870.156	107.95
870.321	-52.79
870.485	45.23
870.649	63.32
870.813	-53.14
870.978	-30.64
871.142	-1052.31
871.306	-102.37
871.47	411.68
871.634	368.5
871.798	-104.35
871.962	98.41
872.126	-8400
872.29	11.62
872.454	-857.14
872.618	-11.48
872.782	89.55
872.946	281.88
873.11	120.6
873.274	-20.81
873.438	-2258.82
873.602	-50.66
873.766	810.39
873.93	-121.64
874.094	391.01
874.257	111.41
874.421	319.08
874.585	392.73
874.749	27.79
874.912	164.03
875.076	-0
875.24	27.54
875.403	159.73
875.567	288
875.731	660.67
875.894	161.63
876.058	-149.28
876.222	-458.43
876.385	265.33
876.549	74.4
876.712	1069.09
876.876	-111.74
877.039	-83.4
877.203	2.81
877.366	0
877.529	-16.96
877.693	-19.24
877.856	131.51
878.02	34.5
878.183	82.76
878.346	-311.69
878.51	297.35
878.673	198.56
878.836	219.56
878.999	-116.13
879.163	36.53
879.326	-46.04
879.489	68.66
879.652	61.21
879.815	76.63
879.978	88.16
880.142	273.83
880.305	119.25
880.468	69.4
880.631	-57.29
880.794	33.84
880.957	-702.44
881.12	-1341.18
881.283	43.05
881.446	46.07
881.609	25.9
881.772	113.36
881.935	-1905.88
882.097	89
882.26	-271.7
882.423	-271.36
882.586	185.98
882.749	129.45
882.912	14.72
883.074	129.17
883.237	75.49
883.4	-25.46
883.562	74.51
883.725	-249.6
883.888	198.43
884.05	-4080
884.213	-56.58
884.376	17.99
884.538	117.32
884.701	117.32
884.863	117.32
