181.954	147.77
182.172	147.77
182.39	147.77
182.608	-100
182.826	414.29
183.043	-38.72
183.261	151.77
183.479	185.04
183.697	2229.41
183.914	-61.13
184.132	285.03
184.35	276.68
184.567	163.66
184.785	80.53
185.003	88.17
185.22	111.16
185.438	65.83
185.656	38.69
185.873	-709.23
186.091	44.24
186.309	1017.24
186.526	209.5
186.744	-64.3
186.961	-127.33
187.179	-134.12
187.396	90.44
187.614	10.77
187.831	-4420
188.049	-100
188.266	109.63
188.484	7.46
188.701	226.21
188.919	119.9
189.136	151.37
189.354	34.36
189.571	-20.38
189.789	86.25
190.006	35.7
190.223	-87.03
190.441	8.26
190.658	-3357.14
190.876	80.73
191.093	-403.3
191.31	42.66
191.528	46.14
191.745	25.05
191.962	40.92
192.179	124.26
192.397	-27.13
192.614	-67.32
192.831	3.87
193.049	6.5
193.266	494.17
193.483	-66.32
193.7	786.15
193.917	-1.28
194.135	193.53
194.352	80.69
194.569	53.07
194.786	117.71
195.003	26.46
195.221	82.71
195.438	10.25
195.655	-75.88
195.872	50.51
196.089	74.43
196.306	76.84
196.523	-47.34
196.74	66.53
196.957	43.61
197.174	-270.56
197.391	125.44
197.608	69.01
197.825	674.19
198.042	54.04
198.259	-17.24
198.476	180.85
198.693	6380
198.91	75.11
199.127	-171.64
199.344	-95.14
199.561	101.16
199.778	35.42
199.995	-314.93
200.212	-224.14
200.429	-145.5
200.646	-343.04
200.862	439.33
201.079	28.77
201.296	27.15
201.513	366.02
201.73	-7.01
201.947	129.28
202.163	-92.79
202.38	-23.7
202.597	111.76
202.814	-51.19
203.03	5420
203.247	-100
203.464	17.02
203.681	-271.43
203.897	292.61
204.114	-439.62
204.331	125.88
204.547	123.26
204.764	57.95
204.981	-594.12
205.197	206.38
205.414	86.1
205.63	313.79
205.847	225.63
206.064	-34.55
206.28	-90.19
206.497	111.41
206.713	106.81
206.93	9.33
207.146	147.7
207.363	361.54
207.579	-231.87
207.796	38.05
208.012	-86.85
208.229	437.31
208.445	99.46
208.662	-37.48
208.878	94.38
209.095	-664.71
209.311	-49.02
209.528	4357.14
209.744	103.86
209.96	130.46
210.177	133.01
210.393	94.23
210.609	-1780
210.826	-4.29
211.042	87.83
211.258	1010.45
211.475	-87.17
211.691	-22.4
211.907	-54.43
212.124	44.09
212.34	71.43
212.556	65.81
212.772	-284.62
212.989	178.15
213.205	10.7
213.421	68.84
213.637	294.03
213.853	142.8
214.069	1226.32
214.286	-23.03
214.502	-404.48
214.718	61.76
214.934	141.36
215.15	163.61
215.366	57.33
215.582	120.49
215.798	107.06
216.015	97.38
216.231	405.95
216.447	72.72
216.663	132.26
216.879	-154.27
217.095	-373.83
217.311	-1345.28
217.527	132.52
217.743	51.46
217.959	-303.77
218.175	17.02
218.391	331.65
218.606	242.86
218.822	-183.48
219.038	-247.59
219.254	11.16
219.47	-49.38
219.686	655.06
219.902	36.24
220.118	22.52
220.334	-24.56
220.549	132.52
220.765	-47.7
220.981	45.35
221.197	22.01
221.413	-60.44
221.628	507.59
221.844	-688.68
222.06	505.83
222.276	17.32
222.491	72.33
222.707	37.7
222.923	-108.05
223.139	64.07
223.354	36.97
223.57	-5.51
223.786	70.52
224.001	-95.37
224.217	109.91
224.432	149.71
224.648	216.2
224.864	70.6
225.079	311.94
225.295	-102.98
225.51	-22.16
225.726	15.27
225.942	24.14
226.157	54.55
226.373	94.04
226.588	16.21
226.804	-3510.53
227.019	334.17
227.235	44.66
227.45	22.15
227.665	4940
227.881	306.3
228.096	-58.26
228.312	-46.4
228.527	115.58
228.743	229.14
228.958	43.44
229.173	-277.39
229.389	57.38
229.604	2.92
229.819	115.8
230.035	44.17
230.25	102.92
230.465	-28.51
230.681	-96.09
230.896	-17.01
231.111	117.08
231.327	125.22
231.542	-5140
231.757	-33.09
231.972	-74.56
232.187	-54.04
232.403	1163.16
232.618	83.05
232.833	58.33
233.048	30.91
233.263	-56.41
233.478	-68.7
233.694	-323.26
233.909	945.16
234.124	72.54
234.339	97.26
234.554	1058.62
234.769	-21.81
234.984	34.53
235.199	72.54
235.414	-100
235.629	-8.86
235.844	20.21
236.059	44.38
236.274	142.9
236.489	-13.48
236.704	143.94
236.919	64.43
237.134	47.49
237.349	160.41
237.564	97.17
237.779	-71.5
237.994	191.06
238.209	61.65
238.424	-269.33
238.639	92.22
238.853	70.38
239.068	99.4
239.283	-78.25
239.498	137.47
239.713	169.55
239.928	37.14
240.142	26.32
240.357	11.17
240.572	-5.35
240.787	7.9
241.001	288.09
241.216	35.62
241.431	292.88
241.646	114.09
241.86	18.39
242.075	346.51
242.29	61
242.504	-11.22
242.719	63.98
242.934	98.43
243.148	126.88
243.363	99.54
243.577	-571.91
243.792	21.46
244.007	-4.73
244.221	-177.92
244.436	-100
244.65	-63.19
244.865	263.98
245.079	34.53
245.294	-177.7
245.508	103.12
245.723	-56.06
245.937	-403.3
246.152	42.92
246.366	171.7
246.581	-50.63
246.795	98.77
247.01	-27.18
247.224	58.85
247.438	-97.19
247.653	48.99
247.867	102.82
248.081	156.26
248.296	924.39
248.51	115.06
248.724	94.77
248.939	276.12
249.153	-90.2
249.367	43.46
249.582	76.57
249.796	367.53
250.01	-28.48
250.224	111.31
250.439	85.92
250.653	-30.7
250.867	-3.26
251.081	-20.38
251.295	125.82
251.51	-69.36
251.724	-100
251.938	252.42
252.152	-248.91
252.366	36.56
252.58	-405.45
252.794	72.12
253.008	209.93
253.223	-52.11
253.437	91.85
253.651	49.48
253.865	83.56
254.079	-1.34
254.293	106.81
254.507	-121.82
254.721	66.75
254.935	242.86
255.149	-3.59
255.363	89.47
255.577	53.02
255.791	38.31
256.005	187.12
256.218	29.54
256.432	-23.27
256.646	79.07
256.86	102.82
257.074	74.96
257.288	-6340
257.502	480.22
257.716	31.09
257.929	142.9
258.143	-9.94
258.357	14.49
258.571	1.85
258.785	4.22
258.998	-31.54
259.212	45.77
259.426	50.67
259.64	149.13
259.853	27.9
260.067	164.17
260.281	160.19
260.494	93.73
260.708	-40.59
260.922	62.63
261.135	104.84
261.349	-13.28
261.563	145.78
261.776	3147.06
261.99	-15.94
262.203	43.6
262.417	-6.71
262.63	331.19
262.844	-113.48
263.058	99.32
263.271	29.7
263.485	78.01
263.698	98.75
263.912	-28.51
264.125	-64.63
264.339	504.72
264.552	-52.87
264.765	-110.43
264.979	125.71
265.192	-14.99
265.406	164.36
265.619	37.7
265.832	53.89
266.046	-21.5
266.259	217.29
266.473	-603.23
266.686	39.97
266.899	66.74
267.113	140
267.326	150.18
267.539	20.59
267.752	16.09
267.966	94.86
268.179	-91.14
268.392	38.7
268.605	-213.39
268.819	99.76
269.032	121.8
269.245	269.23
269.458	41.7
269.671	-145.57
269.885	144.79
270.098	-35.05
270.311	-434.18
270.524	143.66
270.737	-57.03
270.95	-68.21
271.163	183.46
271.376	674.19
271.589	-8.86
271.802	64.98
272.016	111.07
272.229	111.09
272.442	16.6
272.655	133.26
272.868	-53.35
273.081	-221.35
273.294	46.68
273.506	-23.67
273.719	-13.55
273.932	91.76
274.145	-12580
274.358	67.81
274.571	6.89
274.784	-620.75
274.997	41.67
275.21	10.62
275.423	44.55
275.635	14.57
275.848	97.86
276.061	98.68
276.274	93.35
276.487	-141.74
276.699	39.95
276.912	102.56
277.125	175.74
277.338	-1.23
277.55	60.3
277.763	9.88
277.976	241.48
278.189	-350.55
278.401	9.92
278.614	-13.6
278.827	29.43
279.039	96.06
279.252	26.89
279.464	-161.38
279.677	105.49
279.89	17.15
280.102	159.3
280.315	485.37
280.527	1857.89
280.74	24.14
280.952	186.27
281.165	-35.75
281.377	67.5
281.59	50.47
281.802	-40.52
282.015	1.2
282.227	90.22
282.44	357.55
282.652	466.29
282.865	25.12
283.077	122.65
283.29	106.85
283.502	43.12
283.714	144.55
283.927	94.16
284.139	-233.91
284.351	130.18
284.564	374.87
284.776	29.18
284.988	56.89
285.201	759.7
285.413	96.7
285.625	-203.78
285.838	19.08
286.05	39.72
286.262	59.41
286.474	41.39
286.686	44.52
286.899	-100
287.111	91.6
287.323	69.66
287.535	208.91
287.747	158.49
287.959	19.86
288.172	161.82
288.384	25.03
288.596	-39.86
288.808	-552.83
289.02	-1073.58
289.232	132.26
289.444	-7.38
289.656	-49.19
289.868	42.55
290.08	106.13
290.292	53.19
290.504	57.31
290.716	65.14
290.928	92.64
291.14	486.05
291.352	37.7
291.564	111.76
291.776	153.8
291.988	-26.38
292.2	-242.18
292.412	191.89
292.624	25.9
292.835	1064.18
293.047	0.74
293.259	-62.38
293.471	-29.41
293.683	-1065.85
293.895	91.24
294.106	42.05
294.318	178.75
294.53	50.87
294.742	727.59
294.953	147.97
295.165	89.99
295.377	110.84
295.589	-53.77
295.8	62.63
296.012	32.45
296.224	70.84
296.435	200.6
296.647	112.55
296.858	253.96
297.07	656.92
297.282	-51.82
297.493	-28.54
297.705	-202.86
297.916	-47.08
298.128	151.77
298.34	53.68
298.551	13.49
298.763	-27.43
298.974	118.7
299.186	39.97
299.397	22.45
299.609	519.35
299.82	89.18
300.031	89.2
300.243	1605.26
300.454	-63.19
300.666	16.65
300.877	252.61
301.089	175.74
301.3	-26.72
301.511	54
301.723	30.38
301.934	-279.1
302.145	-31.12
302.357	168.56
302.568	351.2
302.779	31.23
302.99	77.58
303.202	49
303.413	-85.91
303.624	42.37
303.835	-801.89
304.047	36.03
304.258	16.64
304.469	51.41
304.68	24.95
304.891	-62.75
305.103	62.16
305.314	89.07
305.525	-1471.43
305.736	164.57
305.947	41.91
306.158	2723.53
306.369	43.63
306.58	88.05
306.791	179.34
307.002	57.27
307.213	-76.52
307.424	-2.47
307.636	171.39
307.846	50.47
308.057	133.01
308.268	-29.64
308.479	52.77
308.69	53.51
308.901	145.8
309.112	-155.81
309.323	64.97
309.534	62.16
309.745	28.51
309.956	-11.61
310.167	47.23
310.377	-44.47
310.588	227.54
310.799	-17.41
311.01	-201.14
311.221	17.15
311.432	22.16
311.642	-19.16
311.853	153.3
312.064	355.17
312.275	172.12
312.485	30.12
312.696	33.95
312.907	147.24
313.117	61.19
313.328	37.66
313.539	120.97
313.749	-73.2
313.96	-521.98
314.171	45.33
314.381	73.06
314.592	-21.34
314.802	42.21
315.013	-5.18
315.224	99.81
315.434	-163.16
315.645	9500
315.855	37.33
316.066	-46.07
316.276	179.86
316.487	-568.29
316.697	39.7
316.908	110.84
317.118	52.27
317.329	64.01
317.539	35.07
317.749	111.16
317.96	-583.58
318.17	86.61
318.381	-218.68
318.591	-719.78
318.801	61.51
319.012	209.54
319.222	133.01
319.432	-10.67
319.643	169.39
319.853	-105.38
320.063	30.12
320.273	34.37
320.484	31.87
320.694	7.76
320.904	-22.71
321.114	-113.48
321.325	1431.03
321.535	8.06
321.745	17.02
321.955	58.85
322.165	45.02
322.375	26.32
322.585	61.96
322.796	479.31
323.006	207.61
323.216	125.79
323.426	-16.63
323.636	-82.78
323.846	1306.9
324.056	54.25
324.266	36.83
324.476	37.99
324.686	-87.03
324.896	36.4
325.106	1213.21
325.316	162.44
325.526	-1742.11
325.736	76.87
325.946	-13.3
326.156	102.6
326.366	-47.83
326.576	65.3
326.785	20.6
326.995	158.36
327.205	56.78
327.415	180.68
327.625	-64.96
327.835	58.97
328.044	14.57
328.254	578.26
328.464	264.66
328.674	30.38
328.884	-56.83
329.093	86.1
329.303	78.39
329.513	78.88
329.722	-668.42
329.932	82.47
330.142	-37.27
330.351	66.72
330.561	-165.45
330.771	-82.29
330.98	-34.6
331.19	-358.46
331.4	-125.44
331.609	92.17
331.819	309.76
332.028	-4
332.238	-22.71
332.447	75.55
332.657	111.76
332.866	103.26
333.076	50.16
333.285	44.63
333.495	635.48
333.704	-186.1
333.914	40.49
334.123	-7.86
334.333	398.46
334.542	-18.26
334.752	749.23
334.961	149.06
335.17	-178.39
335.38	24.25
335.589	1.76
335.798	92.2
336.008	572.53
336.217	-23.4
336.426	104.53
336.636	27.66
336.845	8.17
337.054	242.86
337.263	70.02
337.473	15.14
337.682	52.44
337.891	57.62
338.1	297.12
338.309	53.74
338.519	94.08
338.728	6.54
338.937	51.18
339.146	202.16
339.355	-258.49
339.564	-2436.84
339.773	26.63
339.983	86.97
340.192	-37.39
340.401	76.57
340.61	61.12
340.819	-6.69
341.028	80.98
341.237	-735.29
341.446	25.61
341.655	1.24
341.864	25.12
342.073	27.42
342.282	-105.78
342.491	0.91
342.699	167.96
342.908	-37.66
343.117	74.14
343.326	-7.69
343.535	-558.18
343.744	-24.12
343.953	284
344.162	100.95
344.37	52.04
344.579	419.4
344.788	-7.93
344.997	63.76
345.206	134.53
345.414	27.85
345.623	223.25
345.832	-4.45
346.041	308.12
346.249	71.43
346.458	47.09
346.667	57.04
346.875	28.77
347.084	37.7
347.293	125.49
347.501	99.05
347.71	10.81
347.918	-33.58
348.127	-416.48
348.336	19.21
348.544	42.92
348.753	329.85
348.961	65.3
349.17	103.86
349.378	-29.05
349.587	-40.45
349.795	-6.8
350.004	675.38
350.212	-3.56
350.421	675.22
350.629	12.39
350.838	-0.92
351.046	58.6
351.254	78.97
351.463	0.76
351.671	405.26
351.879	125.54
352.088	70.38
352.296	154.87
352.504	94.91
352.713	65.18
352.921	221.26
353.129	-6.37
353.338	-75.51
353.546	99.54
353.754	-63.19
353.962	50.55
354.171	9.69
354.379	-3447.37
354.587	-5.01
354.795	36.81
355.003	-4.91
355.212	-41.99
355.42	669.81
355.628	174.7
355.836	30.17
356.044	-47.23
356.252	48.08
356.46	-8.55
356.668	1063.08
356.876	80.87
357.084	2.6
357.292	21.71
357.5	-37.75
357.708	89.37
357.916	89.65
358.124	158.89
358.332	-314.93
358.54	-580
358.748	-380.52
358.956	-35.21
359.164	12.8
359.372	109.41
359.58	158.99
359.788	66.7
359.996	-100
360.203	-10.87
360.411	49.05
360.619	-112.06
360.827	54.72
361.035	-423.93
361.242	149.85
361.45	-859.49
361.658	81.99
361.866	30.09
362.073	141.7
362.281	103.49
362.489	-24.13
362.697	-23.46
362.904	-96.37
363.112	160.87
363.32	-4.65
363.527	-287.83
363.735	85.33
363.943	47.9
364.15	69.61
364.358	46.69
364.565	-24.84
364.773	70.74
364.98	39.93
365.188	42.55
365.395	51.86
365.603	-51.19
365.81	11.14
366.018	14.38
366.225	93.96
366.433	-4.71
366.64	94.69
366.848	16.43
367.055	65.52
367.263	105.71
367.47	69.88
367.677	856.96
367.885	27.72
368.092	116.8
368.299	-45.92
368.507	109.32
368.714	547.79
368.921	145.67
369.129	66.15
369.336	59.75
369.543	11.45
369.751	3.86
369.958	-83.86
370.165	66.71
370.372	1.11
370.579	7.42
370.787	92.24
370.994	21.97
371.201	83.11
371.408	61.12
371.615	84.76
371.822	-20.73
372.029	-83.73
372.237	-58.86
372.444	191.89
372.651	-34.09
372.858	90.03
373.065	31.61
373.272	47.31
373.479	-1713.79
373.686	-310.43
373.893	296.12
374.1	60.77
374.307	-678.42
374.514	-2.83
374.721	9.49
374.928	710.39
375.135	37.91
375.341	1100
375.548	10.09
375.755	-2.04
375.962	-23.83
376.169	-85.95
376.376	123.48
376.583	-17.52
376.789	91.78
376.996	127.79
377.203	41.88
377.41	-25.38
377.617	47.69
377.823	-247.59
378.03	519.35
378.237	42.92
378.443	-10.86
378.65	398.11
378.857	-42.44
379.063	-54.43
379.27	56.52
379.477	109.26
379.683	-34.6
379.89	55.25
380.097	85.52
380.303	14.69
380.51	-24.89
380.716	65.72
380.923	-430.71
381.129	64.36
381.336	32.28
381.542	19.66
381.749	-39.44
381.955	44.92
382.162	150.1
382.368	6.26
382.575	42.91
382.781	768.97
382.988	-1.34
383.194	-19.82
383.4	-37.28
383.607	51.36
383.813	112.55
384.02	-3.13
384.226	-32.29
384.432	-21.02
384.639	42.88
384.845	-236.71
385.051	-1.51
385.257	-3.88
385.464	70.02
385.67	96.65
385.876	94.38
386.082	-132.54
386.289	20.43
386.495	-48.97
386.701	-260.26
386.907	-11
387.113	25.02
387.319	114.58
387.526	-33.55
387.732	-270.08
387.938	130.4
388.144	-298.26
388.35	75.7
388.556	110.31
388.762	38.84
388.968	1881.4
389.174	-14.39
389.38	8.86
389.586	-16.64
389.792	44.73
389.998	-11.88
390.204	4.96
390.41	52.45
390.616	68.22
390.822	63.74
391.028	62.56
391.234	31.72
391.439	-204.85
391.645	13.47
391.851	51.81
392.057	17.02
392.263	24.43
392.469	3.11
392.674	18.12
392.88	17.72
393.086	-16.65
393.292	9.69
393.498	-54.22
393.703	12.34
393.909	29.16
394.115	51.92
394.32	-20.4
394.526	-23.83
394.732	56.65
394.937	36.28
395.143	16.6
395.349	76.24
395.554	-317.09
395.76	64.69
395.965	-50.44
396.171	60.1
396.377	-22.5
396.582	-17.88
396.788	19.72
396.993	7.9
397.199	21.2
397.404	27.54
397.61	2.13
397.815	-78.65
398.021	-44.79
398.226	0.68
398.431	60.32
398.637	11.98
398.842	5.32
399.048	12.97
399.253	32.24
399.458	51.63
399.664	-4.07
399.869	-12.4
400.074	29.91
400.28	21.21
400.485	-14.47
400.69	8.77
400.896	-6.04
401.101	6.1
401.306	-4.18
401.511	27.26
401.716	17.31
401.922	19.93
402.127	-7.87
402.332	2.43
402.537	-3.11
402.742	8.92
402.947	44.4
403.153	-6.55
403.358	3.35
403.563	15.24
403.768	36.02
403.973	17.35
404.178	12.9
404.383	-0.26
404.588	6.73
404.793	8.67
404.998	10.03
405.203	5.69
405.408	10.56
405.613	18.16
405.818	9.79
406.023	1.08
406.228	-9.57
406.433	7.19
406.638	3.22
406.842	5.9
407.047	12.31
407.252	10.44
407.457	19.83
407.662	13.72
407.867	8.26
408.071	7.76
408.276	-1.22
408.481	8.36
408.686	2.33
408.891	9.89
409.095	9.34
409.3	1.65
409.505	9.34
409.709	3.26
409.914	6.96
410.119	14.58
410.323	-1.75
410.528	5.84
410.733	8.51
410.937	4.04
411.142	1.97
411.346	1.58
411.551	-4.28
411.756	3.76
411.96	6.32
412.165	2.33
412.369	5.38
412.574	-0.46
412.778	1.58
412.983	3.42
413.187	6.9
413.392	-1.41
413.596	4.54
413.8	4.5
414.005	7.01
414.209	2.54
414.414	0.64
414.618	1.98
414.822	4.91
415.027	5.88
415.231	4.49
415.435	5.67
415.64	2.85
415.844	3
416.048	4.08
416.252	4.46
416.457	4.63
416.661	2.82
416.865	1.33
417.069	4
417.274	2.75
417.478	3.84
417.682	3.11
417.886	0.75
418.09	4.56
418.294	3.21
418.498	2.99
418.702	2.85
418.907	3.72
419.111	2.76
419.315	1.98
419.519	3.98
419.723	0.31
419.927	4.03
420.131	3.72
420.335	3.41
420.539	2.25
420.743	4.68
420.947	1.72
421.151	2.42
421.355	1.91
421.558	3.66
421.762	1.96
421.966	3.33
422.17	0.8
422.374	4.04
422.578	3.09
422.782	3.74
422.985	1.58
423.189	1.69
423.393	2.37
423.597	1.67
423.801	2.78
424.004	2.18
424.208	1.75
424.412	2.32
424.615	2.36
424.819	4.04
425.023	1.94
425.226	3.08
425.43	3.38
425.634	2.68
425.837	1.96
426.041	2.49
426.245	3.33
426.448	1.96
426.652	2.44
426.855	1.78
427.059	1.31
427.262	1.6
427.466	2.05
427.669	1.73
427.873	1.84
428.076	1.88
428.28	1.78
428.483	2.23
428.687	2.19
428.89	2.51
429.094	1.57
429.297	2.48
429.5	2.37
429.704	2.19
429.907	2.53
430.11	2.13
430.314	2.11
430.517	2.16
430.72	2.43
430.924	2.35
431.127	2.27
431.33	2.33
431.533	2.66
431.737	2.03
431.94	1.77
432.143	2.09
432.346	2.12
432.549	2.06
432.752	1.94
432.956	2.11
433.159	1.4
433.362	1.84
433.565	1.51
433.768	2.21
433.971	1.53
434.174	1.96
434.377	2.1
434.58	2.29
434.783	1.61
434.986	1.96
435.189	2.62
435.392	2.35
435.595	2.32
435.798	2.12
436.001	2.55
436.204	2.21
436.407	2.34
436.61	1.94
436.813	2.5
437.016	2.34
437.219	2.42
437.421	2.39
437.624	2.42
437.827	2.16
438.03	2.16
438.233	2.11
438.435	2.28
438.638	2.59
438.841	2.29
439.044	2.05
439.246	2.13
439.449	2.44
439.652	2.35
439.854	2.3
440.057	2.37
440.26	2.18
440.462	2.56
440.665	1.59
440.868	1.8
441.07	2.4
441.273	2.33
441.475	1.98
441.678	1.97
441.88	2.2
442.083	1.9
442.286	2.3
442.488	2.01
442.69	2.06
442.893	2.35
443.095	1.94
443.298	2.14
443.5	2.24
443.703	2.25
443.905	2.09
444.108	2.16
444.31	2.45
444.512	2.03
444.715	2.05
444.917	1.95
445.119	2.16
445.322	2.11
445.524	2.42
445.726	2.37
445.928	2.36
446.131	2.48
446.333	2.31
446.535	2.4
446.737	2.14
446.94	2.76
447.142	2.62
447.344	2.41
447.546	2.21
447.748	2.33
447.95	2.24
448.152	2.28
448.354	2.69
448.557	2.54
448.759	2.23
448.961	2.2
449.163	2.59
449.365	2.71
449.567	2.43
449.769	2.06
449.971	2.16
450.173	2.78
450.375	2.28
450.577	2.49
450.779	2.33
450.981	2.45
451.182	2.14
451.384	2.49
451.586	2.28
451.788	2.59
451.99	2.57
452.192	2.37
452.394	2.59
452.595	2.68
452.797	2.58
452.999	2.68
453.201	2.55
453.402	2.81
453.604	2.76
453.806	2.74
454.008	2.48
454.209	2.89
454.411	2.79
454.613	2.65
454.814	2.06
455.016	2.64
455.218	2.58
455.419	2.51
455.621	2.44
455.822	2.76
456.024	2.45
456.225	3.21
456.427	2.48
456.629	2.63
456.83	2.71
457.032	2.72
457.233	2.66
457.435	2.36
457.636	3.07
457.837	3.41
458.039	2.62
458.24	2.98
458.442	3.63
458.643	2.46
458.844	3.22
459.046	2.7
459.247	3.54
459.448	2.62
459.65	3.09
459.851	2.58
460.052	3.34
460.254	3.69
460.455	2.96
460.656	2.75
460.857	2.41
461.059	2.43
461.26	3.29
461.461	2.67
461.662	2.78
461.863	2.77
462.065	2.91
462.266	3.36
462.467	1.94
462.668	3.32
462.869	4.18
463.07	3.04
463.271	3.87
463.472	2.31
463.673	3.02
463.874	2.72
464.075	3.71
464.276	3.08
464.477	2.8
464.678	3.36
464.879	2.42
465.08	2.43
465.281	3
465.482	2.68
465.683	2.13
465.884	3.97
466.085	3.09
466.285	2.68
466.486	4.12
466.687	2.72
466.888	3.62
467.089	3.78
467.29	2.16
467.49	2.66
467.691	2.91
467.892	3.46
468.093	3.35
468.293	3.06
468.494	3.19
468.695	3.33
468.895	2.96
469.096	2.54
469.297	3.18
469.497	2.65
469.698	3.67
469.898	2.89
470.099	4.29
470.3	4.28
470.5	3.4
470.701	4.28
470.901	4.33
471.102	3.07
471.302	2.8
471.503	3.85
471.703	4.33
471.904	3.14
472.104	3.05
472.305	3.04
472.505	5.14
472.705	2.97
472.906	3.79
473.106	5.32
473.306	3.32
473.507	4.38
473.707	3.91
473.907	4.14
474.108	2.31
474.308	3.57
474.508	4.25
474.709	3.18
474.909	3.72
475.109	1.5
475.309	4.76
475.51	2.16
475.71	1.87
475.91	4.88
476.11	2.28
476.31	1.95
476.51	4.41
476.71	3.42
476.911	4.11
477.111	2.04
477.311	2.12
477.511	3.26
477.711	3.49
477.911	1.93
478.111	5.29
478.311	3.16
478.511	4.18
478.711	3.52
478.911	4.16
479.111	4.61
479.311	3.85
479.511	5.37
479.711	3.64
479.91	1.05
480.11	4.53
480.31	4.6
480.51	4.21
480.71	4.31
480.91	3.08
481.109	2.7
481.309	3.64
481.509	2.54
481.709	5.47
481.909	4.27
482.108	2.61
482.308	1.68
482.508	4.08
482.707	5.65
482.907	2.8
483.107	2.91
483.306	3.66
483.506	4.24
483.706	2.88
483.905	3.73
484.105	4.75
484.304	2.96
484.504	3.49
484.704	4.3
484.903	3.44
485.103	5.28
485.302	4.35
485.502	4.17
485.701	6.25
485.901	3.81
486.1	3.23
486.299	4.22
486.499	2.81
486.698	2.62
486.898	3.5
487.097	3.75
487.296	2.91
487.496	3.46
487.695	3.21
487.894	3.52
488.094	4.42
488.293	3.64
488.492	1.88
488.692	3.24
488.891	3.06
489.09	4.13
489.289	2.77
489.489	2.72
489.688	2.12
489.887	2.69
490.086	4.74
490.285	4.85
490.484	4.75
490.683	5.36
490.883	5.56
491.082	4.74
491.281	3.4
491.48	4.26
491.679	3.91
491.878	3.14
492.077	4.85
492.276	3.05
492.475	4.44
492.674	2.8
492.873	3.16
493.072	3.68
493.271	3.66
493.47	3.37
493.669	3.4
493.867	4.89
494.066	4.42
494.265	5.17
494.464	5.61
494.663	4.25
494.862	3.94
495.06	2.65
495.259	2.39
495.458	4.31
495.657	3.92
495.856	4.23
496.054	4.87
496.253	4.69
496.452	3.83
496.65	3.83
496.849	4.26
497.048	3.67
497.246	3.62
497.445	4.13
497.644	4.21
497.842	5.11
498.041	3.26
498.239	3.88
498.438	3.98
498.636	4.25
498.835	4.45
499.034	4.54
499.232	3.47
499.431	4.41
499.629	4.36
499.827	5.11
500.026	3.6
500.224	3.94
500.423	3.57
500.621	3.01
500.82	4.82
501.018	4.87
501.216	4.13
501.415	4.57
501.613	3.84
501.811	4.39
502.01	5.66
502.208	4.22
502.406	4.85
502.604	5.07
502.803	4.74
503.001	4.76
503.199	4.46
503.397	3.94
503.595	4.85
503.794	4.11
503.992	4.86
504.19	4.47
504.388	4.33
504.586	4.36
504.784	4.71
504.982	4.73
505.18	4.86
505.378	4.14
505.576	4.69
505.774	4.52
505.972	5.15
506.17	4.95
506.368	4.71
506.566	4.55
506.764	5.02
506.962	5.61
507.16	5.06
507.358	4.6
507.556	5.09
507.754	5.28
507.952	5.28
508.15	5.42
508.347	4.72
508.545	5.15
508.743	4.84
508.941	5.23
509.139	6.02
509.336	5.67
509.534	6.11
509.732	5.77
509.93	5.2
510.127	5.42
510.325	5.35
510.523	5.83
510.72	5.53
510.918	5.55
511.116	5.77
511.313	5.14
511.511	5.72
511.708	5.6
511.906	5.79
512.104	6.13
512.301	5.59
512.499	6.36
512.696	5.71
512.894	5.58
513.091	5.91
513.289	5.68
513.486	5.76
513.683	5.92
513.881	6.38
514.078	6.13
514.276	6.54
514.473	5.7
514.67	6.34
514.868	6
515.065	6.06
515.262	6.24
515.46	5.97
515.657	6.4
515.854	6.1
516.052	6.45
516.249	6.39
516.446	6.27
516.643	6.51
516.84	6.26
517.038	6.38
517.235	5.85
517.432	6.25
517.629	6.76
517.826	6.48
518.023	6.81
518.221	7.07
518.418	7.15
518.615	6.8
518.812	6.87
519.009	7.14
519.206	6.98
519.403	6.67
519.6	6.97
519.797	6.51
519.994	6.66
520.191	7.29
520.388	7.1
520.585	7.21
520.782	7.09
520.978	6.67
521.175	7.1
521.372	7.53
521.569	7.15
521.766	7.15
521.963	7.21
522.159	7.44
522.356	7.32
522.553	7.46
522.75	7.3
522.947	7.11
523.143	7.3
523.34	7.48
523.537	7.65
523.733	7.29
523.93	7.34
524.127	7.63
524.323	7.25
524.52	7.44
524.717	7.57
524.913	7.53
525.11	7.36
525.306	7.31
525.503	7.4
525.7	8.02
525.896	7.42
526.093	7.59
526.289	7.81
526.486	7.93
526.682	7.72
526.878	7.33
527.075	7.85
527.271	8.04
527.468	7.97
527.664	7.75
527.861	8.29
528.057	7.51
528.253	8.14
528.45	7.46
528.646	7.54
528.842	7.77
529.039	7.83
529.235	8.21
529.431	7.74
529.627	7.9
529.824	8.22
530.02	7.78
530.216	8.1
530.412	7.98
530.608	8.01
530.804	7.83
531.001	9.04
531.197	8.36
531.393	8.27
531.589	7.48
531.785	8.1
531.981	8.26
532.177	9.01
532.373	8.51
532.569	8.12
532.765	8.35
532.961	8.28
533.157	8.15
533.353	8.31
533.549	8.38
533.745	8.51
533.941	8.29
534.137	8.2
534.333	7.94
534.529	8.46
534.725	8.32
534.92	8.33
535.116	8.5
535.312	7.9
535.508	8.46
535.704	8.26
535.899	8.06
536.095	8.33
536.291	8.56
536.487	8.56
536.682	8.76
536.878	8.69
537.074	8.35
537.269	8.74
537.465	8.29
537.661	8.6
537.856	8.35
538.052	8.61
538.248	8.9
538.443	9.01
538.639	8.73
538.834	8.61
539.03	8.79
539.225	8.82
539.421	8.92
539.616	8.34
539.812	8.88
540.007	9.18
540.203	8.88
540.398	8.73
540.593	8.86
540.789	9.45
540.984	8.96
541.18	8.97
541.375	8.95
541.57	9.18
541.766	9.32
541.961	8.93
542.156	9.13
542.352	9.02
542.547	8.71
542.742	8.82
542.937	9.17
543.133	9.46
543.328	8.84
543.523	9.62
543.718	9.13
543.913	9.29
544.108	9.03
544.304	9.17
544.499	9.43
544.694	8.9
544.889	8.9
545.084	9.43
545.279	9.1
545.474	9.13
545.669	9.38
545.864	9.13
546.059	9.42
546.254	8.78
546.449	9.47
546.644	9.18
546.839	9.37
547.034	9.12
547.229	9.4
547.424	9.49
547.618	9.77
547.813	9.65
548.008	9.69
548.203	9.5
548.398	9.56
548.593	9.33
548.787	9.76
548.982	9.62
549.177	9.56
549.372	9.29
549.566	9.59
549.761	9.71
549.956	9.78
550.15	9.81
550.345	9.92
550.54	10.09
550.734	9.47
550.929	9.38
551.124	9.76
551.318	10.29
551.513	9.76
551.707	10.24
551.902	10.1
552.096	10.04
552.291	9.85
552.485	9.78
552.68	9.97
552.874	10.06
553.069	9.88
553.263	10.43
553.458	10.1
553.652	10.27
553.847	10.09
554.041	10.06
554.235	10.06
554.43	9.98
554.624	9.83
554.818	9.84
555.013	10.12
555.207	10.13
555.401	10.8
555.595	10.36
555.79	9.99
555.984	10.67
556.178	10.38
556.372	10.68
556.566	10.6
556.761	10.47
556.955	10.08
557.149	10.71
557.343	10.37
557.537	10.21
557.731	10.64
557.925	10.09
558.119	10.5
558.313	10.4
558.507	10.14
558.701	10.77
558.895	10.67
559.089	11.07
559.283	10.34
559.477	10.79
559.671	10.69
559.865	10.4
560.059	10.95
560.253	10.56
560.447	10.73
560.641	10.95
560.835	10.84
561.028	11.05
561.222	10.93
561.416	10.97
561.61	10.75
561.804	10.69
561.997	10.71
562.191	10.61
562.385	10.9
562.579	10.92
562.772	10.97
562.966	10.91
563.16	10.41
563.353	10.83
563.547	11.04
563.741	10.92
563.934	11.08
564.128	10.99
564.321	11.06
564.515	11.56
564.708	11.2
564.902	10.94
565.095	11.1
565.289	10.62
565.482	10.72
565.676	10.6
565.869	11.05
566.063	11.47
566.256	11.16
566.45	11.05
566.643	11.05
566.836	11.15
567.03	11.75
567.223	10.96
567.416	11.3
567.61	11.61
567.803	11.41
567.996	11.03
568.19	11.46
568.383	11.48
568.576	11.09
568.769	11.69
568.963	11.33
569.156	11.24
569.349	11.94
569.542	11.75
569.735	11.29
569.928	11.32
570.121	11.68
570.315	11.57
570.508	11.03
570.701	11.4
570.894	11.41
571.087	11.08
571.28	11.63
571.473	11.89
571.666	11.43
571.859	11.29
572.052	11.21
572.245	11.61
572.438	11.79
572.631	11.67
572.824	11.61
573.016	11.63
573.209	11.47
573.402	11.95
573.595	11.78
573.788	12.12
573.981	11.69
574.173	12.02
574.366	12.05
574.559	11.77
574.752	11.73
574.944	11.6
575.137	11.46
575.33	11.91
575.523	12.23
575.715	11.88
575.908	12.09
576.101	11.9
576.293	11.69
576.486	11.93
576.678	11.89
576.871	11.87
577.063	11.88
577.256	12.15
577.449	12.02
577.641	12.05
577.834	11.65
578.026	11.85
578.219	12.03
578.411	12.28
578.603	12.38
578.796	11.71
578.988	11.74
579.181	11.76
579.373	12.61
579.565	11.75
579.758	12.1
579.95	11.63
580.142	11.86
580.335	11.79
580.527	12.08
580.719	12.21
580.912	12.26
581.104	12.82
581.296	12.38
581.488	12.15
581.68	12.62
581.873	12.18
582.065	11.99
582.257	12.38
582.449	12.34
582.641	11.98
582.833	12.5
583.025	12.09
583.217	12.33
583.41	12.26
583.602	12.49
583.794	12.16
583.986	12.92
584.178	12.66
584.37	12.8
584.562	12.14
584.753	12.42
584.945	12.4
585.137	12.31
585.329	11.77
585.521	12.73
585.713	12.52
585.905	12.37
586.097	12.59
586.289	12.42
586.48	12.78
586.672	12.42
586.864	12.47
587.056	13.09
587.247	12.4
587.439	12.41
587.631	12.38
587.823	12.51
588.014	12.51
588.206	12.78
588.398	12.74
588.589	12.97
588.781	12.3
588.972	12.52
589.164	13.07
589.356	13.23
589.547	12.7
589.739	12.66
589.93	12.66
590.122	13
590.313	12.91
590.505	12.73
590.696	13.12
590.888	12.87
591.079	12.7
591.271	12.72
591.462	12.85
591.653	12.86
591.845	13.18
592.036	13.2
592.227	12.4
592.419	12.82
592.61	13.2
592.801	13.34
592.993	12.91
593.184	13.47
593.375	13.1
593.566	13.21
593.758	12.93
593.949	12.95
594.14	13.04
594.331	13.16
594.522	13.16
594.713	13.12
594.905	13.49
595.096	13.28
595.287	13.36
595.478	13.57
595.669	13.52
595.86	13.2
596.051	13.13
596.242	13.22
596.433	13.53
596.624	13.51
596.815	13.89
597.006	13.9
597.197	13.22
597.388	13.34
597.579	13.71
597.77	14.14
597.96	13.51
598.151	14.05
598.342	13.8
598.533	13.72
598.724	13.58
598.915	13.9
599.105	13.65
599.296	13.38
599.487	13.67
599.678	13.97
599.868	14.61
600.059	13.88
600.25	14.55
600.44	14.33
600.631	14.19
600.822	13.89
601.012	14.17
601.203	13.69
601.394	14.09
601.584	13.78
601.775	14.38
601.965	13.8
602.156	13.48
602.346	14.3
602.537	14.12
602.727	14.52
602.918	14.43
603.108	14.2
603.299	14.22
603.489	14.52
603.679	14.03
603.87	14.31
604.06	14.36
604.251	14.06
604.441	14.17
604.631	14.38
604.822	14.52
605.012	14.63
605.202	14.17
605.392	13.73
605.583	14.29
605.773	14.61
605.963	14.86
606.153	14.43
606.344	14.79
606.534	14.63
606.724	15.19
606.914	14.2
607.104	14.86
607.294	14.14
607.484	14.74
607.674	14.84
607.864	15.16
608.054	14.85
608.245	15.26
608.435	14.86
608.625	15.06
608.814	14.78
609.004	14.68
609.194	15.31
609.384	15.17
609.574	14.96
609.764	15.06
609.954	15.13
610.144	15.1
610.334	15.29
610.524	15.12
610.713	15.39
610.903	15.11
611.093	15.25
611.283	15.15
611.473	14.2
611.662	14.93
611.852	14.7
612.042	14.66
612.231	14.91
612.421	15.28
612.611	14.87
612.8	15.73
612.99	15.41
613.18	15.33
613.369	14.88
613.559	15.17
613.748	14.72
613.938	15.15
614.128	15.24
614.317	15.19
614.507	14.6
614.696	15.31
614.886	14.9
615.075	15.07
615.264	14.45
615.454	15.36
615.643	14.93
615.833	15.8
616.022	15.17
616.211	16.18
616.401	15.17
616.59	15.32
616.779	14.96
616.969	15.25
617.158	14.73
617.347	15.58
617.537	15.87
617.726	15.66
617.915	15.57
618.104	15.37
618.293	14.94
618.483	15.39
618.672	15.82
618.861	16.46
619.05	15.95
619.239	15.85
619.428	16.18
619.617	15.72
619.806	15.5
619.995	15.65
620.184	15.6
620.373	15.31
620.562	15.69
620.751	15.77
620.94	15.74
621.129	15.5
621.318	15.76
621.507	16.42
621.696	15.77
621.885	15.37
622.074	15.66
622.263	16.09
622.452	16.36
622.64	15.7
622.829	15.66
623.018	16.12
623.207	15.7
623.396	16.42
623.584	15.78
623.773	16.04
623.962	15.12
624.15	16.15
624.339	15.99
624.528	15.15
624.716	15.72
624.905	15.97
625.094	16
625.282	16.18
625.471	15.89
625.659	15.84
625.848	16.08
626.037	16.47
626.225	17.09
626.414	16.07
626.602	16.05
626.791	16.71
626.979	15.24
627.167	15.51
627.356	17.04
627.544	16.9
627.733	16.74
627.921	16.22
628.109	16.03
628.298	16.39
628.486	16.25
628.674	16.72
628.863	16.73
629.051	16.2
629.239	16.23
629.428	16.83
629.616	17.75
629.804	17.5
629.992	16.54
630.18	16.1
630.369	16.99
630.557	17.37
630.745	16.79
630.933	16.27
631.121	17.08
631.309	16.8
631.497	17.2
631.685	16.2
631.873	16.38
632.061	16.11
632.249	17.76
632.437	17.26
632.625	16.96
632.813	17.04
633.001	17.09
633.189	16.43
633.377	18.09
633.565	17.08
633.753	16.84
633.941	17.41
634.129	17
634.316	17.35
634.504	17.63
634.692	17.93
634.88	16.55
635.068	16.57
635.255	17.25
635.443	17.9
635.631	17.36
635.818	17.88
636.006	17.22
636.194	17.81
636.382	17.27
636.569	18.11
636.757	18.39
636.944	17.81
637.132	17.65
637.32	17.19
637.507	17.69
637.695	18.41
637.882	17.46
638.07	17.79
638.257	17.43
638.445	17.27
638.632	16.09
638.82	17.61
639.007	17.66
639.194	17.4
639.382	16.98
639.569	16.59
639.757	17.36
639.944	15.77
640.131	17.99
640.319	16.99
640.506	17.72
640.693	17.36
640.88	17.83
641.068	18.09
641.255	17.17
641.442	17.45
641.629	16.74
641.817	17.83
642.004	17.59
642.191	18.88
642.378	17.31
642.565	18.94
642.752	17.77
642.939	16.82
643.126	17.99
643.313	16.82
643.501	18.57
643.688	18.12
643.875	18.45
644.062	16.31
644.249	16.87
644.435	16.29
644.622	16.68
644.809	17.25
644.996	18.02
645.183	17.58
645.37	17.78
645.557	17.82
645.744	16
645.931	17.08
646.117	16.73
646.304	17.21
646.491	16.89
646.678	17.67
646.865	17.81
647.051	17.9
647.238	16.92
647.425	16.9
647.611	17.64
647.798	16
647.985	16.71
648.171	17.88
648.358	17.36
648.545	18.38
648.731	16.18
648.918	18.01
649.104	16.38
649.291	15.17
649.477	17.91
649.664	16.99
649.85	16.65
650.037	17.23
650.223	16.63
650.41	16.83
650.596	17.08
650.783	16.77
650.969	17.18
651.155	18.36
651.342	16.39
651.528	17.58
651.714	16.55
651.901	17.23
652.087	16.11
652.273	16.66
652.46	17.2
652.646	17.16
652.832	16.87
653.018	16.92
653.204	18.25
653.391	17.3
653.577	17.33
653.763	18.05
653.949	17.66
654.135	17.23
654.321	16.86
654.507	17.42
654.693	17.24
654.879	16.07
655.065	16.42
655.252	14.98
655.438	16.63
655.624	16.96
655.809	15.6
655.995	15.18
656.181	18.88
656.367	16.51
656.553	17.18
656.739	17.26
656.925	18.65
657.111	17.25
657.297	19.16
657.482	16.51
657.668	17.78
657.854	18.06
658.04	15.41
658.226	16.91
658.411	16.31
658.597	17.34
658.783	17.2
658.968	17.25
659.154	16.57
659.34	16.07
659.525	16.47
659.711	17.76
659.897	17.43
660.082	14.38
660.268	17.07
660.453	16.85
660.639	18.09
660.824	16.58
661.01	17.06
661.195	16.7
661.381	16.75
661.566	17.78
661.752	15.21
661.937	16.63
662.123	15.37
662.308	17.09
662.494	15.7
662.679	15.59
662.864	16.21
663.05	17.63
663.235	16.28
663.42	15.88
663.605	14.32
663.791	15.05
663.976	14.09
664.161	15.52
664.346	16.12
664.532	14.56
664.717	14.43
664.902	16.03
665.087	18.33
665.272	15.43
665.457	13.34
665.642	14.77
665.828	16.37
666.013	13.58
666.198	12.67
666.383	16.67
666.568	15.7
666.753	15.44
666.938	13.47
667.123	16.66
667.308	15.58
667.493	15.58
667.677	15.14
667.862	12.8
668.047	15.07
668.232	15.69
668.417	16.11
668.602	13.14
668.787	16.3
668.971	14.89
669.156	16.36
669.341	13.26
669.526	14.87
669.711	15.7
669.895	15.76
670.08	16.77
670.265	15.49
670.449	13.69
670.634	16.84
670.819	14.13
671.003	15.43
671.188	13.87
671.372	15.05
671.557	17.5
671.742	17.54
671.926	15.3
672.111	14.45
672.295	14.39
672.48	16.17
672.664	14.32
672.849	13.65
673.033	15.56
673.217	15.24
673.402	15.42
673.586	13.42
673.771	15.03
673.955	15.59
674.139	14.85
674.324	16.73
674.508	15.65
674.692	12.28
674.876	15.39
675.061	16.35
675.245	15.87
675.429	14.55
675.613	12.88
675.798	15.69
675.982	17.18
676.166	16.47
676.35	17.33
676.534	16.84
676.718	19.39
676.902	20.7
677.087	14.3
677.271	14.63
677.455	16.76
677.639	13.48
677.823	16.68
678.007	18.93
678.191	16.26
678.375	16.88
678.559	17.85
678.742	17.57
678.926	19.4
679.11	21.54
679.294	18.03
679.478	17.67
679.662	17.95
679.846	21.87
680.029	19.53
680.213	16.68
680.397	16.93
680.581	16.15
680.765	20.27
680.948	17.38
681.132	19.03
681.316	15.82
681.499	19.28
681.683	23.29
681.867	18.96
682.05	20.59
682.234	16.48
682.417	22.19
682.601	23.15
682.785	20.25
682.968	20.6
683.152	21.12
683.335	20.99
683.519	18.06
683.702	19.76
683.886	22.73
684.069	21.76
684.253	24.71
684.436	23.49
684.619	22.01
684.803	24.35
684.986	24.4
685.169	21.05
685.353	23.42
685.536	22.83
685.719	22.4
685.903	24.55
686.086	19.95
686.269	26.94
686.452	19.46
686.636	28.01
686.819	24.82
687.002	24.29
687.185	25.46
687.368	26.18
687.551	25.32
687.734	26.79
687.918	26.38
688.101	25.72
688.284	25.29
688.467	29.26
688.65	25.78
688.833	25.49
689.016	28.33
689.199	28.95
689.382	26.99
689.565	28.68
689.748	25.49
689.93	22.4
690.113	29.33
690.296	25.06
690.479	26.61
690.662	25.04
690.845	24.48
691.028	22.83
691.21	25.43
691.393	27.35
691.576	29.37
691.759	27.02
691.941	30.78
692.124	27.58
692.307	30.34
692.489	29.57
692.672	28.68
692.855	31.45
693.037	26.32
693.22	29.38
693.403	25.32
693.585	31.51
693.768	34.13
693.95	28.98
694.133	29.28
694.315	28.69
694.498	29.3
694.68	27.65
694.863	31.37
695.045	29.08
695.228	31.34
695.41	31.69
695.592	31.31
695.775	29.53
695.957	31.61
696.139	25.08
696.322	28.7
696.504	33.48
696.686	31.97
696.869	27
697.051	26.45
697.233	35.67
697.415	33.8
697.597	30.06
697.78	32.51
697.962	29.94
698.144	32.96
698.326	33.43
698.508	34.3
698.69	27.02
698.872	27.38
699.055	33.22
699.237	30.66
699.419	30.86
699.601	27
699.783	33.39
699.965	30.75
700.147	28.69
700.329	28.47
700.51	29.3
700.692	31.7
700.874	31.38
701.056	30.34
701.238	36.79
701.42	35.86
701.602	32.72
701.783	28.01
701.965	30.88
702.147	33.56
702.329	38.51
702.511	35.8
702.692	33.13
702.874	32.09
703.056	31.78
703.237	32.58
703.419	33.7
703.601	37.17
703.782	35.07
703.964	30.49
704.146	30.98
704.327	34.74
704.509	32.65
704.69	31.79
704.872	33.76
705.053	38.58
705.235	34.45
705.416	25.6
705.598	32.82
705.779	27.04
705.961	30.55
706.142	25.27
706.323	35.42
706.505	34.53
706.686	33.47
706.867	34.57
707.049	30.42
707.23	32.72
707.411	38.57
707.593	35.42
707.774	31.98
707.955	36.97
708.136	25.87
708.318	30.19
708.499	34.94
708.68	35.16
708.861	33.65
709.042	32.45
709.223	37.02
709.404	33.16
709.585	33.99
709.767	34.59
709.948	37.53
710.129	37.14
710.31	29.64
710.491	31.73
710.672	34.89
710.853	28.8
711.034	32.8
711.214	35.02
711.395	30.58
711.576	36.47
711.757	27.76
711.938	35.2
712.119	32.54
712.3	34.88
712.481	39.44
712.661	38.47
712.842	30.32
713.023	34.33
713.204	34.88
713.384	32.62
713.565	40.21
713.746	30.85
713.926	26.58
714.107	40.39
714.288	30.48
714.468	43.59
714.649	37.62
714.83	35.7
715.01	48.75
715.191	34.6
715.371	35.73
715.552	26.49
715.732	31.64
715.913	35.4
716.093	46.25
716.274	40.51
716.454	29.02
716.635	45.88
716.815	40.04
716.995	33.17
717.176	35.85
717.356	37.54
717.536	42.72
717.717	28.95
717.897	20.06
718.077	35.24
718.258	43.13
718.438	31.26
718.618	41.12
718.798	31.33
718.978	39.75
719.159	35.89
719.339	39.42
719.519	34.6
719.699	52.29
719.879	33.13
720.059	32.63
720.239	26.24
720.419	46.86
720.599	36.77
720.779	46.94
720.959	22.52
721.139	23.85
721.319	29.31
721.499	51.57
721.679	24.61
721.859	41.82
722.039	31.86
722.219	28.35
722.399	24.06
722.579	26.75
722.759	26.96
722.938	39.4
723.118	50.45
723.298	32.22
723.478	46.9
723.658	39.75
723.837	40.15
724.017	39.86
724.197	38.41
724.376	42.18
724.556	15.54
724.736	40.17
724.915	34.66
725.095	46.3
725.275	62.47
725.454	25.41
725.634	43.11
725.813	41.06
725.993	33.72
726.172	58.33
726.352	36.49
726.531	46.29
726.711	33.92
726.89	38.98
727.07	34.23
727.249	37.79
727.428	31.61
727.608	23.17
727.787	27.95
727.966	22.2
728.146	43.52
728.325	44.1
728.504	28.6
728.684	26.61
728.863	43.41
729.042	41.5
729.221	31.5
729.4	38.08
729.58	36.29
729.759	30.69
729.938	35.41
730.117	45.24
730.296	28.56
730.475	39.77
730.654	41.86
730.833	48.03
731.013	57.48
731.192	13.22
731.371	53.82
731.55	73.2
731.729	36.13
731.907	62.52
732.086	40.87
732.265	29.64
732.444	26.27
732.623	34.96
732.802	37.17
732.981	39.3
733.16	42.62
733.339	42.38
733.517	55.64
733.696	40.41
733.875	33.13
734.054	44.68
734.232	57.88
734.411	28.56
734.59	31.94
734.768	28.97
734.947	34.33
735.126	33.1
735.304	30.52
735.483	54.78
735.662	40.49
735.84	16.24
736.019	36.79
736.197	23.47
736.376	46.6
736.554	59.13
736.733	60.65
736.911	64.34
737.09	49.1
737.268	24.76
737.447	48.68
737.625	52.45
737.803	42.5
737.982	62.32
738.16	41.29
738.338	54.39
738.517	37.54
738.695	44.01
738.873	53.25
739.052	49.08
739.23	14.5
739.408	39.23
739.586	60.04
739.764	29.45
739.943	25.24
740.121	44.36
740.299	37.66
740.477	31.06
740.655	31.82
740.833	55.31
741.011	58.19
741.189	55.43
741.367	55.49
741.545	16.57
741.723	2.74
741.901	34.97
742.079	62.21
742.257	45.77
742.435	38.82
742.613	42.87
742.791	37.62
742.969	57.04
743.147	55.19
743.325	26.81
743.503	34.52
743.68	26.21
743.858	32.69
744.036	19.5
744.214	29.34
744.391	46.99
744.569	43.5
744.747	44.22
744.925	27.6
745.102	47.13
745.28	22.7
745.458	20.84
745.635	59.13
745.813	82.46
745.99	51.02
746.168	55.77
746.345	100.6
746.523	23.85
746.7	73.94
746.878	48.1
747.055	18.47
747.233	78.29
747.41	59.04
747.588	46.43
747.765	28.37
747.943	58.39
748.12	3.63
748.297	42.7
748.475	62.6
748.652	52.09
748.829	35.62
749.007	50.64
749.184	28.65
749.361	54.4
749.538	48.92
749.716	48.45
749.893	31.99
750.07	39.7
750.247	77.22
750.424	39.58
750.601	121.3
750.778	39.64
750.956	66.46
751.133	0.31
751.31	30.25
751.487	34.52
751.664	14.05
751.841	-2.06
752.018	55.66
752.195	44.07
752.372	22.47
752.549	1.67
752.726	35.71
752.902	90.14
753.079	50.82
753.256	76.36
753.433	42.87
753.61	46.55
753.787	47.88
753.964	27.34
754.14	53.92
754.317	61.04
754.494	50.62
754.671	44.88
754.847	45.54
755.024	45.05
755.201	31.86
755.377	62.79
755.554	27.82
755.73	27.26
755.907	42.01
756.084	64.75
756.26	46.76
756.437	54.41
756.613	29.16
756.79	59.92
756.966	17.15
757.143	24.1
757.319	20.47
757.496	83.01
757.672	51.46
757.849	70.97
758.025	36.83
758.201	82.94
758.378	50.47
758.554	6.2
758.73	79.45
758.907	36.15
759.083	41.13
759.259	47.97
759.435	86.03
759.612	91.82
759.788	57.35
759.964	60.06
760.14	45.92
760.316	16.5
760.493	36.53
760.669	53.38
760.845	37.81
761.021	88.61
761.197	16.17
761.373	-20.55
761.549	40.49
761.725	37.32
761.901	20.89
762.077	56.06
762.253	11.29
762.429	72.22
762.605	26.36
762.781	54.84
762.957	41.31
763.133	58.92
763.308	-11.66
763.484	50.13
763.66	74.97
763.836	28.53
764.012	29.01
764.187	21.16
764.363	74.97
764.539	51.63
764.715	27.62
764.89	-26.61
765.066	47.27
765.242	81.61
765.417	93.86
765.593	33.61
765.769	-10.74
765.944	18.3
766.12	79.01
766.295	63.21
766.471	47.49
766.646	48.67
766.822	99.64
766.997	10.36
767.173	27.26
767.348	46.25
767.524	55.53
767.699	30.34
767.875	49.22
768.05	30.16
768.225	117.08
768.401	31.29
768.576	21.71
768.751	93.65
768.927	74.32
769.102	64.58
769.277	-11.06
769.452	99.75
769.628	57.56
769.803	40.45
769.978	114.37
770.153	31.37
770.328	59.83
770.503	32.84
770.679	111.62
770.854	-1.01
771.029	65.92
771.204	-131.79
771.379	38.41
771.554	28.77
771.729	60.7
771.904	69.59
772.079	87.55
772.254	47.84
772.429	45.01
772.604	27.56
772.779	-7.08
772.953	2.07
773.128	32.12
773.303	20.37
773.478	95.92
773.653	43.3
773.828	59.7
774.002	204.09
774.177	14.16
774.352	473.91
774.527	74.17
774.701	40.37
774.876	108.27
775.051	-29.41
775.225	150.19
775.4	25.35
775.575	-8.53
775.749	83.93
775.924	35.85
776.098	78.97
776.273	55.36
776.447	83.79
776.622	-8.26
776.796	-67.73
776.971	-35.22
777.145	0.54
777.32	97.28
777.494	110.98
777.669	19.02
777.843	1.63
778.017	-26.33
778.192	27.82
778.366	8.09
778.54	106.66
778.715	29.26
778.889	57.82
779.063	34.7
779.237	65.05
779.412	46.38
779.586	129.28
779.76	170.11
779.934	-8.95
780.108	50.98
780.282	311.94
780.457	120.6
780.631	-93
780.805	26.81
780.979	-601.49
781.153	65.73
781.327	135.51
781.501	120.55
781.675	39.94
781.849	13.73
782.023	104.21
782.197	-28.04
782.371	133.14
782.545	209.2
782.718	6.01
782.892	73.88
783.066	64.68
783.24	385.83
783.414	11.76
783.588	84.8
783.761	72.05
783.935	42.14
784.109	135.97
784.283	-26.96
784.456	281.04
784.63	77.31
784.804	89.7
784.977	73.46
785.151	133.27
785.324	-152.05
785.498	30.95
785.672	113.51
785.845	99.75
786.019	-94.31
786.192	-187.42
786.366	66.18
786.539	87.12
786.713	-100
786.886	30.51
787.06	240.79
787.233	55.81
787.406	-15.47
787.58	54.43
787.753	67.71
787.926	20.45
788.1	430.06
788.273	-507.55
788.446	-11.44
788.62	-796.77
788.793	-63.93
788.966	26.19
789.139	72.39
789.313	164.85
789.486	71.43
789.659	-223.43
789.832	68.85
790.005	25.45
790.178	69.91
790.351	106.22
790.524	95.25
790.697	33.14
790.87	27.92
791.044	74.55
791.216	127.33
791.389	-22.99
791.562	159.35
791.735	-160.76
791.908	679.22
792.081	-49.45
792.254	-231.87
792.427	-68.77
792.6	-2.04
792.773	10.42
792.945	473.13
793.118	69.73
793.291	-7.69
793.464	-18.3
793.637	113.5
793.809	78.47
793.982	55.33
794.155	108.7
794.327	-16.14
794.5	66.15
794.673	-109.72
794.845	-1.95
795.018	-45.18
795.19	331.46
795.363	99.73
795.536	88.91
795.708	-138.71
795.881	-11140
796.053	140
796.226	284
796.398	122.11
796.57	73.65
796.743	102.92
796.915	58.32
797.088	-138.87
797.26	136.22
797.432	6.33
797.605	54.01
797.777	-879.22
797.949	140.93
798.122	86.23
798.294	475.78
798.466	-79.43
798.638	84.33
798.81	180.56
798.983	553.16
799.155	140.68
799.327	24.34
799.499	70.32
799.671	120.49
799.843	0.98
800.015	21.4
800.187	-22.5
800.359	184.7
800.531	39.62
800.703	74.97
800.875	52.02
801.047	33.06
801.219	80.2
801.391	-22.08
801.563	-151.8
801.735	25.08
801.907	437.42
802.079	149.84
802.251	-653.85
802.422	13.39
802.594	164.94
802.766	-9.29
802.938	109.87
803.11	-95.1
803.281	281.46
803.453	31.32
803.625	18.96
803.796	33.56
803.968	66.72
804.14	49.05
804.311	-0.96
804.483	302.71
804.654	30.64
804.826	155.8
804.998	439.04
805.169	-127.8
805.341	-13.6
805.512	-107.45
805.684	40.45
805.855	117.98
806.026	656.92
806.198	488.96
806.369	48.04
806.541	91.33
806.712	179.07
806.883	223.71
807.055	160.19
807.226	-266.47
807.397	-482.42
807.569	-57.52
807.74	68.99
807.911	42.04
808.082	-78.48
808.253	137.62
808.425	155.23
808.596	264.04
808.767	89.93
808.938	-17.38
809.109	-527.72
809.28	-145.5
809.451	7.72
809.622	9.09
809.793	-1764.52
809.964	275.65
810.135	135.93
810.306	149.71
810.477	117.45
810.648	-37.2
810.819	3.25
810.99	-4180
811.161	11.52
811.332	152.97
811.503	53.28
811.674	-376.92
811.844	-635.38
812.015	89.97
812.186	61.96
812.357	3
812.527	69.71
812.698	-149.1
812.869	-371.7
813.04	23.01
813.21	1306.9
813.381	-81.32
813.551	14.93
813.722	83.86
813.893	67.96
814.063	25.06
814.234	205.45
814.404	120.3
814.575	22.03
814.745	-514.16
814.916	42.91
815.086	109.68
815.257	126.01
815.427	-225.15
815.598	41.42
815.768	56.81
815.938	59.47
816.109	308.1
816.279	134.03
816.449	186.4
816.62	-1173.68
816.79	63.95
816.96	-122.64
817.13	-34.09
817.301	94.92
817.471	-60.33
817.641	216.56
817.811	-3.65
817.981	-2842.86
818.152	-77.25
818.322	197.03
818.492	144.9
818.662	196.82
818.832	-19.37
819.002	93.2
819.172	275.8
819.342	184.39
819.512	5.95
819.682	10.3
819.852	34.43
820.022	-20.18
820.192	-46.07
820.362	17.07
820.531	48.53
820.701	211.37
820.871	74.92
821.041	-100
821.211	-49.33
821.381	154.36
821.55	288.09
821.72	430.23
821.89	-136.92
822.059	45.98
822.229	92.37
822.399	195.96
822.568	170.85
822.738	221.95
822.908	349.08
823.077	139.11
823.247	122.83
823.416	-311.76
823.586	41.18
823.756	-22.25
823.925	-115.19
824.095	988.37
824.264	-83.86
824.433	-184.96
824.603	-17.4
824.772	20.98
824.942	416.46
825.111	255.78
825.28	-47.83
825.45	-162.61
825.619	257.76
825.788	-261.8
825.958	-15.11
826.127	-24.76
826.296	197.07
826.465	83.53
826.635	164.65
826.804	53.68
826.973	170.11
827.142	-74.47
827.311	165.77
827.48	69.26
827.649	197.18
827.818	32.28
827.988	24.8
828.157	-62.38
828.326	40.05
828.495	5.38
828.664	26.07
828.833	-40.64
829.002	-360.87
829.17	-11.41
829.339	-136.18
829.508	55.47
829.677	-693.26
829.846	7.06
830.015	-150.7
830.184	44
830.352	118.89
830.521	20.86
830.69	-1300
830.859	-876.47
831.027	1352.63
831.196	109.67
831.365	19.79
831.533	66.7
831.702	11.74
831.871	33.01
832.039	190.38
832.208	-298.26
832.377	126.77
832.545	-22.88
832.714	62.85
832.882	24.01
833.051	53.24
833.219	2985.71
833.388	167.66
833.556	-51.02
833.724	1.77
833.893	102
834.061	-100
834.23	70.85
834.398	173.36
834.566	274.03
834.735	-1471.43
834.903	-620.75
835.071	-5140
835.239	-257.38
835.408	94.97
835.576	179.07
835.744	102.64
835.912	134.95
836.08	121.23
836.249	103.77
836.417	124.6
836.585	81.27
836.753	145.23
836.921	-35.14
837.089	-6614.29
837.257	-267.44
837.425	-135.74
837.593	22.69
837.761	3.98
837.929	68.08
838.097	94.2
838.265	26.65
838.433	53.44
838.601	17.77
838.769	507.59
838.936	371.91
839.104	138.69
839.272	130.84
839.44	-4.82
839.608	280.49
839.775	111.09
839.943	206.15
840.111	162.43
840.279	107.13
840.446	240.3
840.614	-536.36
840.781	119.13
840.949	60.96
841.117	30.32
841.284	-89.7
841.452	-10.56
841.619	-4.52
841.787	68.27
841.954	1267.44
842.122	87.28
842.289	60.55
842.457	-127.2
842.624	148.75
842.792	-213.87
842.959	194.86
843.126	65.63
843.294	-118.24
843.461	41.39
843.629	15.2
843.796	58.1
843.963	-95.33
844.13	96.06
844.298	122.39
844.465	53.94
844.632	183.23
844.799	412.56
844.966	196.17
845.134	96.89
845.301	30.4
845.468	146.36
845.635	213.78
845.802	201.28
845.969	117.9
846.136	20.24
846.303	-2057.89
846.47	66.18
846.637	-432.31
846.804	468.42
846.971	-80.33
847.138	117.76
847.305	-397.35
847.472	5.78
847.639	144.5
847.805	30.5
847.972	679.22
848.139	3
848.306	847.37
848.473	759.7
848.639	10.92
848.806	111.2
848.973	138.62
849.14	13.56
849.306	126.01
849.473	-131.79
849.64	583.08
849.806	-197.61
849.973	-2.7
850.139	-4.64
850.306	54
850.472	90.41
850.639	222.62
850.806	-478.95
850.972	129.57
851.139	3157.14
851.305	12.77
851.471	28.11
851.638	165.03
851.804	222.39
851.971	35.7
852.137	12.86
852.303	175.74
852.47	78.76
852.636	123.92
852.802	202.36
852.968	-2.98
853.135	64.47
853.301	-30.64
853.467	80.98
853.633	41.68
853.8	71.15
853.966	-361.93
854.132	2814.29
854.298	-91.24
854.464	-180.9
854.63	97.65
854.796	217.29
854.962	-30.94
855.128	-30.58
855.294	-60.41
855.46	-29.62
855.626	-40.45
855.792	-294.59
855.958	307.77
856.124	47.24
856.29	3.31
856.456	32.4
856.622	257.45
856.787	-209.09
856.953	14.22
857.119	-218.81
857.285	207.11
857.45	234.98
857.616	-7.46
857.782	-1.79
857.948	27.9
858.113	104.78
858.279	-75.63
858.445	353.54
858.61	820.93
858.776	142.91
858.941	315.84
859.107	66.63
859.273	12.94
859.438	-122.14
859.604	2426.32
859.769	457.48
859.935	375.25
860.1	12.1
860.265	30.46
860.431	115.83
860.596	11385.71
860.762	239.36
860.927	56.37
861.092	-23.61
861.258	-123.8
861.423	173.36
861.588	42.93
861.753	2128.57
861.919	149.06
862.084	3.94
862.249	257.97
862.414	-13.99
862.579	-87.82
862.745	100.41
862.91	10.7
863.075	60.26
863.24	69.74
863.405	-75.88
863.57	79.8
863.735	24.01
863.9	-386.73
864.065	-25.14
864.23	162.8
864.395	15.3
864.56	74.02
864.725	796.2
864.89	371.91
865.055	24.91
865.22	-18.09
865.384	-706.74
865.549	98.06
865.714	63
865.879	-21.31
866.044	-56.72
866.208	-4.71
866.373	-179.12
866.538	-7.26
866.702	-44.92
866.867	22.32
867.032	-15.29
867.196	101.42
867.361	351.2
867.526	-151.5
867.69	-63.84
867.855	216.48
868.019	358.18
868.184	8.52
868.348	133.45
868.513	-448.39
868.677	138.13
868.842	52.65
869.006	148.16
869.17	-869.81
869.335	-421.95
869.499	39.81
869.663	464.24
869.828	-134.01
869.992	2048.84
870.156	85.31
870.321	-89.44
870.485	3.77
870.649	58.31
870.813	-95.57
870.978	63.4
871.142	-930.77
871.306	47.87
871.47	302.92
871.634	259.06
871.798	-152.17
871.962	69.48
872.126	71.43
872.29	-4.12
872.454	1614.29
872.618	-71.29
872.782	-422.39
872.946	431.54
873.11	92.96
873.274	-141.62
873.438	-452.94
873.602	-106.33
873.766	164.94
873.93	8.49
874.094	479.78
874.257	116.45
874.421	128.9
874.585	860
874.749	63.24
874.912	124.46
875.076	45.91
875.24	-60.66
875.403	112.97
875.567	98.86
875.731	331.46
875.894	-95.1
876.058	43.54
876.222	-221.35
876.385	-124.12
876.549	54.53
876.712	-318.18
876.876	2.02
877.039	57.53
877.203	138.88
877.366	-100
877.529	56.89
877.693	53.91
877.856	169.59
878.02	-3.9
878.183	-2.19
878.346	133.77
878.51	-15.04
878.673	158.99
878.836	62.78
878.999	93.55
879.163	155.74
879.326	44.25
879.489	174.66
879.652	113.67
879.815	67.2
879.978	-21.63
880.142	-91.95
880.305	302.48
880.468	4.1
880.631	84.62
880.794	66.59
880.957	-1270.73
881.12	323.53
881.283	147.53
881.446	42.6
881.609	461.15
881.772	146.25
881.935	-664.71
882.097	114.83
882.26	-349.06
882.423	-9.55
882.586	156.83
882.749	123.91
882.912	54.6
883.074	16.07
883.237	1.52
883.4	20.95
883.562	47.48
883.725	-301.6
883.888	797.64
884.05	-13780
884.213	156.08
884.376	-1.05
884.538	17.32
884.701	17.32
884.863	17.32
