181.954	-6.07
182.172	-6.07
182.39	-6.07
182.608	8460
182.826	234.07
183.043	54.89
183.261	-62.94
183.479	303.52
183.697	88.24
183.914	178.54
184.132	-142.78
184.35	359.19
184.567	87.04
184.785	-82.3
185.003	10.03
185.22	16.74
185.438	28.21
185.656	-13.57
185.873	4.62
186.091	41.08
186.309	548.28
186.526	164.25
186.744	44.62
186.961	-60.82
187.179	-92.42
187.396	8.6
187.614	-475.38
187.831	-4020
188.049	-200.61
188.266	70.56
188.484	-129.85
188.701	288.35
188.919	107.29
189.136	105.49
189.354	-1.16
189.571	-98.1
189.789	60.53
190.006	57.67
190.223	124.86
190.441	103.3
190.658	-8271.43
190.876	13.43
191.093	-398.9
191.31	14.69
191.528	33.02
191.745	-43.89
191.962	99.63
192.179	170.16
192.397	-171.26
192.614	103.89
192.831	-55.35
193.049	48.97
193.266	614.56
193.483	76.66
193.7	503.08
193.917	80.62
194.135	135.97
194.352	40.54
194.569	31.26
194.786	105.62
195.003	131.38
195.221	21.29
195.438	71.02
195.655	215.58
195.872	141.36
196.089	-4.73
196.306	47.37
196.523	10.34
196.74	358.78
196.957	5.87
197.174	-59.39
197.391	159.1
197.608	31.57
197.825	-1325.81
198.042	-42.31
198.259	-817.24
198.476	124.92
198.693	5580
198.91	124.89
199.127	-273.13
199.344	110.53
199.561	126.59
199.778	25.14
199.995	-4.48
200.212	-196.55
200.429	100.95
200.646	178.48
200.862	380.9
201.079	51.79
201.296	228.48
201.513	66.99
201.73	-54.24
201.947	124.32
202.163	57.11
202.38	8.67
202.597	210.16
202.814	43.73
203.03	-4020
203.247	28.64
203.464	26.96
203.681	19.48
203.897	87.86
204.114	843.4
204.331	106.39
204.547	-816.28
204.764	131.08
204.981	-1252.94
205.197	90.64
205.414	-46.52
205.63	-982.76
205.847	76.88
206.064	-223.64
206.28	-17.17
206.497	91.56
206.713	95.59
206.93	18.87
207.146	95.59
207.363	-327.69
207.579	-135.16
207.796	310.62
208.012	-94.52
208.229	31.34
208.445	-147.96
208.662	31.76
208.878	77.11
209.095	370.59
209.311	-19.63
209.528	-1757.14
209.744	91.51
209.96	-97.35
210.177	-49.51
210.393	85.67
210.609	60
210.826	-104.91
211.042	226.96
211.258	694.03
211.475	120.32
211.691	44.19
211.907	360.76
212.124	-1.69
212.34	217.71
212.556	-23.19
212.772	-662.64
212.989	-311.92
213.205	38.75
213.421	-194.47
213.637	443.28
213.853	-134.24
214.069	931.58
214.286	-81.34
214.502	-40.3
214.718	25.39
214.934	140.23
215.15	103.28
215.366	127.25
215.582	62.54
215.798	72.35
216.015	-22.99
216.231	53.51
216.447	92.74
216.663	17.12
216.879	16.58
217.095	130.87
217.311	-379.25
217.527	171.71
217.743	136.89
217.959	-447.17
218.175	107.27
218.391	179.14
218.606	252
218.822	-232.17
219.038	4.81
219.254	171.16
219.47	-9.68
219.686	664.04
219.902	94.71
220.118	14.69
220.334	1.05
220.549	99.55
220.765	76.27
220.981	-102.25
221.197	-28.49
221.413	-570.33
221.628	482.28
221.844	662.26
222.06	393.2
222.276	7.72
222.491	89.84
222.707	-124.92
222.923	-239.6
223.139	0.48
223.354	-18.61
223.57	300
223.786	21.31
224.001	-10.42
224.217	-161.81
224.432	202.89
224.648	154.86
224.864	106.27
225.079	264.18
225.295	-9.68
225.51	209.19
225.726	-21.1
225.942	-42.32
226.157	6.35
226.373	-16.6
226.588	-28.42
226.804	-4689.47
227.019	197.49
227.235	50.63
227.45	44.15
227.665	11340
227.881	-40.16
228.096	174.78
228.312	-104.96
228.527	53.9
228.743	87.43
228.958	-60.35
229.173	-305.22
229.389	30.21
229.604	-25.21
229.819	54.77
230.035	-94.35
230.25	48.1
230.465	80.43
230.681	-75.24
230.896	73.46
231.111	13.46
231.327	166.28
231.542	-1620
231.757	68.03
231.972	-47.7
232.187	-62.55
232.403	-2226.32
232.618	104.75
232.833	46.68
233.048	-507.27
233.263	-12.05
233.478	-75.65
233.694	-34.88
233.909	-1480.65
234.124	75.12
234.339	69.86
234.554	-444.83
234.769	0.85
234.984	-82.06
235.199	46.04
235.414	427.43
235.629	-368.35
235.844	40.25
236.059	15.32
236.274	-33.53
236.489	-204.08
236.704	149.69
236.919	97.08
237.134	11.73
237.349	14.96
237.564	41.46
237.779	129.02
237.994	-72.77
238.209	35.66
238.424	-244.79
238.639	25.66
238.853	92.98
239.068	-109.67
239.283	-87.92
239.498	5.54
239.713	-62.85
239.928	25.71
240.142	167.94
240.357	-33.51
240.572	-0.85
240.787	-98.91
241.001	8.94
241.216	11.81
241.431	30.96
241.646	46.33
241.86	-98.21
242.075	-174.42
242.29	35.96
242.504	30.7
242.719	68.94
242.934	54.33
243.148	62.19
243.363	45.79
243.577	205.62
243.792	-108.1
244.007	52.67
244.221	-276.62
244.436	-667.16
244.65	93.87
244.865	32.7
245.079	-114.35
245.294	-269.78
245.508	102.23
245.723	-4.23
245.937	-69.23
246.152	43.74
246.366	153.86
246.581	14.49
246.795	-16.56
247.01	106.86
247.224	-25.56
247.438	-34.43
247.653	43.6
247.867	198.59
248.081	115.2
248.296	241.46
248.51	70.94
248.724	73.87
248.939	-649.25
249.153	177.55
249.367	-37.32
249.582	-49.86
249.796	-198.7
250.01	-57.62
250.224	32.47
250.439	-10.99
250.653	19.15
250.867	96.23
251.081	-132.23
251.295	-6.07
251.51	-169.79
251.724	15.11
251.938	-16.73
252.152	221.17
252.366	67.55
252.58	256.36
252.794	61.3
253.008	101.32
253.223	-107.1
253.437	-19.75
253.651	45.75
253.865	84.32
254.079	10.9
254.293	-48.7
254.507	430.91
254.721	-45.41
254.935	-42.86
255.149	89.43
255.363	-8.96
255.577	493.29
255.791	68.14
256.005	314.72
256.218	-20.24
256.432	-68.29
256.646	28.3
256.86	29.58
257.074	18.54
257.288	5580
257.502	576.92
257.716	82.18
257.929	111.48
258.143	86.12
258.357	87.99
258.571	-18.82
258.785	-51.36
258.998	22.35
259.212	83.95
259.426	133.18
259.64	90.81
259.853	36.68
260.067	41.45
260.281	95.89
260.494	94.7
260.708	608.91
260.922	36.34
261.135	67.85
261.349	23.7
261.563	36.87
261.776	1923.53
261.99	96.15
262.203	35.9
262.417	-102.83
262.63	27.46
262.844	421.35
263.058	3.05
263.271	41.77
263.485	-0.77
263.698	39.52
263.912	-88.09
264.125	27.16
264.339	-30.71
264.552	2.72
264.765	-138.26
264.979	-46.08
265.192	123.43
265.406	110.8
265.619	12.79
265.832	87.48
266.046	48.79
266.259	-21.36
266.473	-938.71
266.686	137.39
266.899	141.46
267.113	6780
267.326	92.23
267.539	62.77
267.752	75.63
267.966	58.05
268.179	149.45
268.392	70.93
268.605	35.43
268.819	91.62
269.032	-103.79
269.245	466.15
269.458	-14.39
269.671	-854.43
269.885	63.19
270.098	-18.27
270.311	-64.56
270.524	5.04
270.737	97.44
270.95	-168.87
271.163	233.86
271.376	919.35
271.589	-398.73
271.802	36.03
272.016	45.93
272.229	77.5
272.442	-190.69
272.655	22.68
272.868	-23.97
273.081	124.72
273.294	56.93
273.506	62.54
273.719	-6.69
273.932	27.18
274.145	-5220
274.358	-29.29
274.571	100.34
274.784	526.42
274.997	30.4
275.21	52.3
275.423	-138.24
275.635	131.16
275.848	56.34
276.061	-57.62
276.274	85.17
276.487	49.57
276.699	97.52
276.912	66.75
277.125	167.23
277.338	-4.73
277.55	48.26
277.763	100.48
277.976	126.85
278.189	-148.35
278.401	-16.95
278.614	290.4
278.827	31.56
279.039	-71.83
279.252	111.48
279.464	23.79
279.677	98.38
279.89	73.22
280.102	-158.29
280.315	1470.73
280.527	-521.05
280.74	10.34
280.952	250.84
281.165	53.4
281.377	75.14
281.59	-140.13
281.802	2.62
282.015	5.06
282.227	-0.59
282.44	196.4
282.652	111.24
282.865	106.64
283.077	175.66
283.29	67.65
283.502	37.35
283.714	27.01
283.927	147.21
284.139	-158.37
284.351	2.3
284.564	171.66
284.776	17.85
284.988	168.55
285.201	640.3
285.413	13.34
285.625	-24.32
285.838	91.15
286.05	15.34
286.262	215.87
286.474	82.48
286.686	28.82
286.899	-12.11
287.111	13.61
287.323	22.53
287.535	-115.84
287.747	123.47
287.959	34.1
288.172	-485.45
288.384	-9.34
288.596	-36.22
288.808	-175.47
289.02	526.42
289.232	76.67
289.444	42.71
289.656	-0.98
289.868	-73.22
290.08	344.17
290.292	3.83
290.504	-2.52
290.716	9.04
290.928	49.04
291.14	774.42
291.352	69.56
291.564	158.82
291.776	80.7
291.988	-119.63
292.2	-18.48
292.412	176.76
292.624	138.69
292.835	765.67
293.047	40.21
293.259	10.34
293.471	61.09
293.683	446.34
293.895	7.88
294.106	-15.17
294.318	70.68
294.53	70.9
294.742	2037.93
294.953	52.03
295.165	35.97
295.377	39.81
295.589	7.88
295.8	-15.4
296.012	70.68
296.224	55.06
296.435	85.97
296.647	96.31
296.858	15.11
297.07	355.38
297.282	-142.83
297.493	56.06
297.705	-118.29
297.916	72.97
298.128	205.18
298.34	165.94
298.551	3.68
298.763	-42.12
298.974	52.77
299.186	94.17
299.397	111.08
299.609	338.71
299.82	91.06
300.031	36.71
300.243	47.37
300.454	226.38
300.666	77.87
300.877	9.95
301.089	-47.23
301.3	-13.28
301.511	66.71
301.723	-32.59
301.934	873.13
302.145	-95.17
302.357	126.63
302.568	-16.8
302.779	38.72
302.99	4.04
303.202	79.16
303.413	-42.86
303.624	-155.59
303.835	-741.51
304.047	52.23
304.258	-0.44
304.469	28.39
304.68	7.66
304.891	2
305.103	91.51
305.314	94.16
305.525	1671.43
305.736	422.83
305.947	53.39
306.158	935.29
306.369	64.96
306.58	32.47
306.791	28.52
307.002	47.94
307.213	-24.07
307.424	66.78
307.636	139.78
307.846	-57.37
308.057	43.69
308.268	26.15
308.479	73.31
308.69	35.9
308.901	-2.13
309.112	411.63
309.323	-56.54
309.534	110.04
309.745	9.99
309.956	-33.14
310.167	-109.41
310.377	204.37
310.588	52.85
310.799	95.95
311.01	64.92
311.221	72.03
311.432	-1.59
311.642	-18.32
311.853	62.53
312.064	-237.93
312.275	179.55
312.485	-6.51
312.696	12
312.907	-1.51
313.117	46.5
313.328	-32.17
313.539	11.51
313.749	23.08
313.96	-346.15
314.171	125.82
314.381	37.56
314.592	11.6
314.802	49.13
315.013	8.99
315.224	38.79
315.434	-78.95
315.645	7020
315.855	-0.82
316.066	3.37
316.276	202.47
316.487	65.85
316.697	30.38
316.908	53.27
317.118	2.72
317.329	92.26
317.539	34.33
317.749	37.34
317.96	-702.99
318.17	-70.63
318.381	458.24
318.591	-530.77
318.801	67.29
319.012	20.14
319.222	-177.67
319.432	118.36
319.643	27.11
319.853	52.47
320.063	89.09
320.273	16.33
320.484	102.2
320.694	89.39
320.904	72.2
321.114	16.85
321.325	2948.28
321.535	38.39
321.745	-9.75
321.955	45.22
322.165	-145.92
322.375	47.37
322.585	115.95
322.796	-1106.9
323.006	36.34
323.216	127.48
323.426	-15.63
323.636	76.08
323.846	1168.97
324.056	27.99
324.266	43.64
324.476	93.02
324.686	157.3
324.896	-16.64
325.106	933.96
325.316	48.97
325.526	-2794.74
325.736	100.25
325.946	42.03
326.156	346.75
326.366	-357.39
326.576	96.06
326.785	-97.99
326.995	116.43
327.205	22.61
327.415	210.51
327.625	221.17
327.835	13.09
328.044	125.13
328.254	216.52
328.464	87.99
328.674	127.05
328.884	-364.75
329.093	210.16
329.303	57.27
329.513	143.48
329.722	-5068.42
329.932	27.37
330.142	26.81
330.351	65.35
330.561	103.64
330.771	-147.23
330.98	-36.78
331.19	-106.15
331.4	-22.26
331.609	46.68
331.819	182.93
332.028	-159.43
332.238	104.75
332.447	119.64
332.657	104.76
332.866	-4.89
333.076	18.3
333.285	85.02
333.495	841.94
333.704	-189.69
333.914	89.9
334.123	17
334.333	1296.92
334.542	113.62
334.752	244.62
334.961	-107.55
335.17	-67.84
335.38	-128.34
335.589	39.4
335.798	127.52
336.008	273.63
336.217	-6.38
336.426	83.65
336.636	320.43
336.845	-21.13
337.054	268.83
337.263	50.91
337.473	-11.24
337.682	163.19
337.891	-36.25
338.1	49.64
338.309	22.42
338.519	73.12
338.728	36.62
338.937	-474.8
339.146	49.64
339.355	5.66
339.564	1373.68
339.773	-104.02
339.983	45.04
340.192	-253.04
340.401	103.81
340.61	34.83
340.819	81.65
341.028	111.15
341.237	-1605.88
341.446	12.9
341.655	37.97
341.864	180.57
342.073	-21.39
342.282	-99.04
342.491	91.59
342.699	32.04
342.908	-214.29
343.117	53.03
343.326	134.82
343.535	125.45
343.744	4.92
343.953	-180
344.162	69.36
344.37	-12.88
344.579	-76.12
344.788	-181.84
344.997	79.76
345.206	-67.43
345.414	149.72
345.623	-23.25
345.832	-70.96
346.041	263.45
346.249	23.7
346.458	60.98
346.667	105.41
346.875	85.38
347.084	29.77
347.293	141.9
347.501	-41.23
347.71	-14.95
347.918	-89.67
348.127	-148.35
348.336	-526.49
348.544	120.12
348.753	747.76
348.961	96.06
349.17	142.47
349.378	47.04
349.587	-9.68
349.795	-2.91
350.004	244.62
350.212	43.74
350.421	-347.79
350.629	96.98
350.838	24.77
351.046	12.72
351.254	26.96
351.463	-9.62
351.671	-1278.95
351.879	-6.51
352.088	83.82
352.296	172.57
352.504	83.95
352.713	-35.22
352.921	139.37
353.129	-64.68
353.338	-77.84
353.546	15.72
353.754	-9.2
353.962	-36.53
354.171	-15.9
354.379	-1405.26
354.587	48.54
354.795	-24.43
355.003	-34.71
355.212	-11.78
355.42	616.98
355.628	132.29
355.836	121.02
356.044	-32.7
356.252	48.54
356.46	12.6
356.668	1776.92
356.876	48.36
357.084	100.31
357.292	41.36
357.5	-60.64
357.708	22.13
357.916	123.43
358.124	-21.87
358.332	461.19
358.54	-420
358.748	-183.12
358.956	87.47
359.164	75.76
359.372	120.9
359.58	58.27
359.788	64.41
359.996	115.86
360.203	-44.98
360.411	105.47
360.619	-351.26
360.827	89.51
361.035	-119.63
361.242	25.51
361.45	-353.16
361.658	95.26
361.866	-20.75
362.073	-119.79
362.281	47.07
362.489	-23.61
362.697	94.99
362.904	158.61
363.112	158.82
363.32	-2.25
363.527	-117.39
363.735	-28.96
363.943	-1.91
364.15	92.23
364.358	-29.46
364.565	74.51
364.773	93.19
364.98	109.19
365.188	-34.34
365.395	148.14
365.603	206.44
365.81	-37.38
366.018	-4.36
366.225	76.08
366.433	55.83
366.64	60
366.848	117.42
367.055	55.49
367.263	35.8
367.47	43.15
367.677	664.56
367.885	33.92
368.092	7.13
368.299	-58.31
368.507	97.07
368.714	-103.54
368.921	-125.2
369.129	91.89
369.336	18.54
369.543	1.94
369.751	-40.35
369.958	-227.35
370.165	34.13
370.372	9.98
370.579	-22.25
370.787	62.7
370.994	111.15
371.201	-4.09
371.408	26.43
371.615	23.79
371.822	40.32
372.029	-66.1
372.237	94.29
372.444	-270.81
372.651	-29.56
372.858	-6.16
373.065	39.18
373.272	-9.97
373.479	-1189.66
373.686	-120.85
373.893	-154.37
374.1	167.94
374.307	-166.19
374.514	236.84
374.721	44.02
374.928	-27.27
375.135	36.54
375.341	-2100
375.548	-36.57
375.755	-102.33
375.962	-19.04
376.169	16.16
376.376	159.11
376.583	-13.97
376.789	71.47
376.996	-28.77
377.203	9.02
377.41	74.12
377.617	-13.85
377.823	81.82
378.03	1461.29
378.237	-42.51
378.443	18.86
378.65	-515.09
378.857	-58.67
379.063	102.53
379.27	-232.17
379.477	84.2
379.683	-20.44
379.89	50.58
380.097	32.29
380.303	43.64
380.51	-2.29
380.716	40.7
380.923	-238.58
381.129	93.23
381.336	-11.81
381.542	53.9
381.749	-0.56
381.955	49.04
382.162	131.66
382.368	-26.57
382.575	-55.17
382.781	755.17
382.988	-21.22
383.194	7.81
383.4	-31.77
383.607	44.5
383.813	-116.24
384.02	6.96
384.226	-53.61
384.432	-64.17
384.639	11.53
384.845	-262.03
385.051	82.29
385.257	40.18
385.464	58.81
385.67	53.81
385.876	123.76
386.082	-155.59
386.289	53.48
386.495	49.21
386.701	-32.25
386.907	-65.22
387.113	69.19
387.319	2.89
387.526	-55.7
387.732	177.17
387.938	-74.4
388.144	237.39
388.35	72.16
388.556	41.97
388.762	84.65
388.968	-565.12
389.174	50.69
389.38	-0.65
389.586	-41.28
389.792	27.02
389.998	-52.48
390.204	-49.85
390.41	59.77
390.616	-2.8
390.822	-45.42
391.028	92.76
391.234	41.02
391.439	-375.73
391.645	43.93
391.851	90.14
392.057	63.67
392.263	41.58
392.469	-11.52
392.674	12.97
392.88	18.94
393.086	-10.42
393.292	-13.71
393.498	-105.45
393.703	4.72
393.909	20.7
394.115	45.66
394.32	50.69
394.526	-5.8
394.732	77.07
394.937	55.15
395.143	-98.38
395.349	-8.42
395.554	-303.02
395.76	32
395.965	-46.93
396.171	-3.43
396.377	-26.42
396.582	30.34
396.788	42.13
396.993	56.5
397.199	-16.65
397.404	36.36
397.61	10.14
397.815	-14.1
398.021	-0.41
398.226	40.19
398.431	-17.05
398.637	2.23
398.842	49.55
399.048	38.51
399.253	62.89
399.458	12.83
399.664	6.88
399.869	14.25
400.074	-4.3
400.28	13.8
400.485	-41.24
400.69	28.78
400.896	-7.37
401.101	17.07
401.306	12.54
401.511	37.87
401.716	-17.86
401.922	-2.98
402.127	21.29
402.332	10.49
402.537	17.45
402.742	15.97
402.947	62.9
403.153	6.65
403.358	-5.35
403.563	24.93
403.768	-0.11
403.973	5.06
404.178	3.65
404.383	4.74
404.588	27.98
404.793	27.48
404.998	12.86
405.203	-13.9
405.408	9.87
405.613	9.6
405.818	40.17
406.023	24.17
406.228	-2.27
406.433	6.34
406.638	6.42
406.842	14.57
407.047	13.14
407.252	8.14
407.457	12.42
407.662	7
407.867	6.94
408.071	15.07
408.276	8.27
408.481	6.61
408.686	5.87
408.891	7.8
409.095	4.97
409.3	7.33
409.505	12.58
409.709	-1.22
409.914	15.68
410.119	7.08
410.323	2.53
410.528	-3.99
410.733	12.59
410.937	7.36
411.142	9.64
411.346	9.49
411.551	3.68
411.756	10.77
411.96	11.62
412.165	6.46
412.369	13.31
412.574	4.83
412.778	7.2
412.983	10.12
413.187	7.94
413.392	6.21
413.596	7.67
413.8	3.61
414.005	7.2
414.209	6.38
414.414	7.49
414.618	6.57
414.822	10.81
415.027	6.11
415.231	7.5
415.435	8.31
415.64	3.45
415.844	5.51
416.048	6.09
416.252	7.72
416.457	7.77
416.661	7.02
416.865	5.64
417.069	6.45
417.274	7.53
417.478	7.4
417.682	5.4
417.886	5.23
418.09	6.6
418.294	6.28
418.498	6.44
418.702	7.52
418.907	6.29
419.111	4.77
419.315	7.09
419.519	7.95
419.723	4.41
419.927	6.74
420.131	9.62
420.335	7.02
420.539	4.53
420.743	8.89
420.947	4.28
421.151	6.58
421.355	5.98
421.558	6.14
421.762	7
421.966	7.36
422.17	6.42
422.374	6.94
422.578	6.63
422.782	4.5
422.985	6.13
423.189	6.88
423.393	5.76
423.597	4.89
423.801	6.23
424.004	6.21
424.208	6.41
424.412	6.41
424.615	6.84
424.819	7.09
425.023	7.08
425.226	6.88
425.43	7.05
425.634	6.46
425.837	5.34
426.041	6.23
426.245	6.9
426.448	5.86
426.652	6.95
426.855	6.13
427.059	6.02
427.262	5.9
427.466	5.44
427.669	6.36
427.873	5.83
428.076	6.65
428.28	5.4
428.483	5.66
428.687	5.76
428.89	5.89
429.094	4.71
429.297	5.49
429.5	6.45
429.704	6.38
429.907	6.23
430.11	6
430.314	6.66
430.517	5.4
430.72	6.31
430.924	6.42
431.127	5.42
431.33	6.29
431.533	5.9
431.737	6.24
431.94	5.06
432.143	6.27
432.346	5.68
432.549	5.86
432.752	5.65
432.956	6.55
433.159	5.23
433.362	5.4
433.565	5.92
433.768	6.19
433.971	5.42
434.174	5.62
434.377	5.67
434.58	5.92
434.783	5.56
434.986	5.81
435.189	6.05
435.392	5.64
435.595	6
435.798	5.83
436.001	5.66
436.204	5.66
436.407	5.59
436.61	6.05
436.813	6.2
437.016	5.42
437.219	5.64
437.421	6.17
437.624	5.29
437.827	5.73
438.03	5.48
438.233	5.57
438.435	5.59
438.638	5.7
438.841	5.74
439.044	5.41
439.246	5.4
439.449	5.5
439.652	5.42
439.854	5.41
440.057	5.55
440.26	5.5
440.462	5.31
440.665	5.11
440.868	5.87
441.07	5.4
441.273	5.51
441.475	5.01
441.678	5.52
441.88	5.68
442.083	5.56
442.286	5.59
442.488	5.16
442.69	5.69
442.893	5.56
443.095	5.6
443.298	5.16
443.5	5.47
443.703	5.18
443.905	5.61
444.108	5.39
444.31	5.16
444.512	5.16
444.715	5.48
444.917	4.99
445.119	5.32
445.322	5.03
445.524	5.54
445.726	5.5
445.928	5.06
446.131	5.42
446.333	5.18
446.535	5.48
446.737	5.52
446.94	5.22
447.142	5.25
447.344	5.48
447.546	5.27
447.748	5.53
447.95	5.24
448.152	5.51
448.354	5.03
448.557	5.59
448.759	5.52
448.961	5.32
449.163	5.15
449.365	5.39
449.567	5.36
449.769	5.6
449.971	5.18
450.173	5.15
450.375	5.07
450.577	5.12
450.779	5.13
450.981	5.07
451.182	5.35
451.384	5.12
451.586	5.58
451.788	5.72
451.99	5.05
452.192	5.27
452.394	5.89
452.595	6.43
452.797	5.23
452.999	5.78
453.201	5.58
453.402	5.22
453.604	5.5
453.806	5.58
454.008	5.4
454.209	5.34
454.411	5.17
454.613	5.4
454.814	5.63
455.016	5.77
455.218	5.05
455.419	5.72
455.621	5.79
455.822	5.42
456.024	5.24
456.225	6.12
456.427	5.6
456.629	5.09
456.83	5.41
457.032	5.69
457.233	5.51
457.435	5.61
457.636	5.36
457.837	5.93
458.039	5.51
458.24	5.57
458.442	5.93
458.643	5.37
458.844	5.83
459.046	6.18
459.247	6.15
459.448	6.2
459.65	5.75
459.851	6.3
460.052	5.81
460.254	6.54
460.455	6.04
460.656	6.04
460.857	5.48
461.059	5.82
461.26	5.77
461.461	5.96
461.662	5.11
461.863	6.75
462.065	6.78
462.266	5.79
462.467	5.08
462.668	6.02
462.869	6.55
463.07	5.9
463.271	5.76
463.472	5.84
463.673	5.3
463.874	5.99
464.075	5.65
464.276	5.85
464.477	5.82
464.678	6.3
464.879	6.16
465.08	6.36
465.281	6.75
465.482	5.34
465.683	4.72
465.884	6.25
466.085	5.81
466.285	5.83
466.486	6.02
466.687	6.01
466.888	6.5
467.089	6.26
467.29	6.3
467.49	6.76
467.691	5.89
467.892	6.13
468.093	5.43
468.293	5.88
468.494	5.61
468.695	5.48
468.895	6.15
469.096	4.81
469.297	5.7
469.497	5.62
469.698	6.01
469.898	6.27
470.099	6.33
470.3	7.11
470.5	4.75
470.701	7.24
470.901	6.78
471.102	5.71
471.302	5.24
471.503	6.48
471.703	6.63
471.904	5.79
472.104	4.8
472.305	6.48
472.505	6.8
472.705	6.31
472.906	6.64
473.106	7.17
473.306	5.2
473.507	6.7
473.707	4.94
473.907	5.94
474.108	4.68
474.308	5.03
474.508	5.61
474.709	6.85
474.909	5.69
475.109	4.1
475.309	4.44
475.51	5.07
475.71	6.02
475.91	6.18
476.11	3.58
476.31	6.06
476.51	4.97
476.71	4.01
476.911	7.02
477.111	5.75
477.311	4.09
477.511	4.76
477.711	4.16
477.911	5.02
478.111	6.94
478.311	6.07
478.511	5.86
478.711	6.53
478.911	5.76
479.111	6.3
479.311	5.6
479.511	7.19
479.711	4.04
479.91	4.31
480.11	6.19
480.31	4.02
480.51	6.56
480.71	5.64
480.91	5.65
481.109	6.66
481.309	6.8
481.509	4.39
481.709	5.95
481.909	6.1
482.108	4.1
482.308	5.71
482.508	4.49
482.707	6.1
482.907	4.68
483.107	4.82
483.306	6.79
483.506	5.23
483.706	4.48
483.905	4.96
484.105	5.01
484.304	5.14
484.504	3.28
484.704	6.97
484.903	4.96
485.103	4.86
485.302	4.2
485.502	4.96
485.701	5.68
485.901	3.22
486.1	3.7
486.299	6.3
486.499	5.21
486.698	4.63
486.898	5.11
487.097	4.61
487.296	4.82
487.496	4.39
487.695	5.04
487.894	5.8
488.094	6.12
488.293	4.88
488.492	5.06
488.692	5.51
488.891	5.77
489.09	4.91
489.289	5.18
489.489	5.17
489.688	3.7
489.887	4.29
490.086	5.52
490.285	6.04
490.484	4.81
490.683	6.04
490.883	7.31
491.082	5.77
491.281	4.24
491.48	4.46
491.679	4.72
491.878	4.68
492.077	5.15
492.276	5.74
492.475	3.59
492.674	4.03
492.873	4.31
493.072	3.24
493.271	5.65
493.47	3.46
493.669	5.06
493.867	5.02
494.066	5.5
494.265	5.3
494.464	5.23
494.663	4.85
494.862	4.19
495.06	4.81
495.259	3.2
495.458	5.41
495.657	3.76
495.856	4.83
496.054	4.79
496.253	4.54
496.452	4.41
496.65	4.94
496.849	4.78
497.048	5.17
497.246	4.41
497.445	4.08
497.644	4.92
497.842	5.79
498.041	5.72
498.239	4.71
498.438	5.95
498.636	4.87
498.835	6.23
499.034	5.15
499.232	4.58
499.431	4.44
499.629	4.35
499.827	4.35
500.026	4.14
500.224	5.54
500.423	3.79
500.621	4.04
500.82	5.49
501.018	5.67
501.216	4.69
501.415	5.18
501.613	4.18
501.811	4.48
502.01	6.04
502.208	4.61
502.406	5.1
502.604	5.32
502.803	4.44
503.001	5.35
503.199	5.26
503.397	4.8
503.595	4.03
503.794	4.52
503.992	4.97
504.19	4.69
504.388	5.03
504.586	4.95
504.784	4.58
504.982	5.12
505.18	4.53
505.378	4.8
505.576	4.34
505.774	5.09
505.972	4.67
506.17	5.79
506.368	4.24
506.566	4.36
506.764	4.38
506.962	5.48
507.16	4.67
507.358	5.31
507.556	5.17
507.754	4.5
507.952	4.97
508.15	4.75
508.347	5.11
508.545	5.09
508.743	5.68
508.941	4.71
509.139	5.13
509.336	5.15
509.534	5.21
509.732	5.32
509.93	4.64
510.127	5.05
510.325	4.62
510.523	5.46
510.72	4.56
510.918	5.01
511.116	5.16
511.313	4.4
511.511	4.96
511.708	4.82
511.906	5.1
512.104	5.63
512.301	4.81
512.499	4.38
512.696	4.73
512.894	4.79
513.091	4.99
513.289	5.22
513.486	4.8
513.683	5.05
513.881	5.06
514.078	5.05
514.276	5.6
514.473	4.98
514.67	5.48
514.868	5.54
515.065	5.07
515.262	5.13
515.46	5.08
515.657	5.41
515.854	4.97
516.052	4.43
516.249	5.14
516.446	4.93
516.643	5.02
516.84	5.34
517.038	5.2
517.235	4.68
517.432	4.71
517.629	5.53
517.826	5.17
518.023	5.51
518.221	5.27
518.418	5.66
518.615	4.95
518.812	5.17
519.009	5.55
519.206	5.28
519.403	5.41
519.6	4.73
519.797	4.67
519.994	4.86
520.191	5.62
520.388	5.57
520.585	5.44
520.782	5.14
520.978	5.43
521.175	5.54
521.372	4.83
521.569	5.18
521.766	4.84
521.963	4.51
522.159	5.39
522.356	5.08
522.553	5.46
522.75	5.65
522.947	5.25
523.143	4.95
523.34	5.55
523.537	5.59
523.733	5.41
523.93	5.58
524.127	5.18
524.323	5.46
524.52	5.54
524.717	5.19
524.913	5.34
525.11	5.1
525.306	5.65
525.503	5.51
525.7	5.72
525.896	5.09
526.093	5.12
526.289	5.52
526.486	5.52
526.682	5.21
526.878	5.34
527.075	5.83
527.271	5.47
527.468	5.85
527.664	5.36
527.861	5.72
528.057	5.25
528.253	5.94
528.45	5.31
528.646	5.18
528.842	5.88
529.039	5.31
529.235	6.07
529.431	5.64
529.627	5.78
529.824	5.71
530.02	5.76
530.216	6.29
530.412	5.76
530.608	5.15
530.804	5.48
531.001	5.79
531.197	5.88
531.393	5.57
531.589	5.62
531.785	6.04
531.981	6.07
532.177	6.27
532.373	5.68
532.569	5.59
532.765	5.93
532.961	5.58
533.157	5.72
533.353	5.99
533.549	5.96
533.745	5.96
533.941	5.85
534.137	6.05
534.333	5.43
534.529	5.97
534.725	5.88
534.92	5.52
535.116	5.71
535.312	5.78
535.508	5.98
535.704	5.95
535.899	5.98
536.095	6.17
536.291	6.57
536.487	6.05
536.682	6.08
536.878	5.79
537.074	5.75
537.269	5.95
537.465	6.25
537.661	6.4
537.856	5.85
538.052	6.31
538.248	6.41
538.443	6.42
538.639	6.54
538.834	6.18
539.03	6.26
539.225	6.43
539.421	6.45
539.616	6.23
539.812	6.48
540.007	6.57
540.203	5.98
540.398	6.44
540.593	6.34
540.789	6.65
540.984	6.41
541.18	6.19
541.375	6.35
541.57	6.67
541.766	6.47
541.961	6.31
542.156	6.72
542.352	6.7
542.547	6.25
542.742	6.46
542.937	6.74
543.133	6.52
543.328	6.77
543.523	6.37
543.718	6.72
543.913	6.77
544.108	6.6
544.304	6.26
544.499	6.87
544.694	6.68
544.889	6.71
545.084	7.04
545.279	6.85
545.474	7.09
545.669	6.9
545.864	6.84
546.059	6.77
546.254	6.57
546.449	7.18
546.644	6.84
546.839	6.93
547.034	6.82
547.229	7.29
547.424	7.13
547.618	7.29
547.813	7.2
548.008	7.29
548.203	7.38
548.398	7.35
548.593	7.69
548.787	7.39
548.982	7.27
549.177	7.2
549.372	7.31
549.566	7.4
549.761	7.03
549.956	7.15
550.15	7.32
550.345	7.56
550.54	7.58
550.734	7.77
550.929	7.45
551.124	7.37
551.318	7.48
551.513	7.14
551.707	7.61
551.902	8.01
552.096	8.03
552.291	7.7
552.485	7.64
552.68	7.89
552.874	7.67
553.069	7.94
553.263	7.98
553.458	7.73
553.652	7.92
553.847	7.94
554.041	7.92
554.235	8.02
554.43	7.98
554.624	7.78
554.818	7.77
555.013	7.84
555.207	7.53
555.401	8.01
555.595	8.26
555.79	7.56
555.984	7.99
556.178	8.12
556.372	8.16
556.566	7.77
556.761	8.09
556.955	8.62
557.149	8.29
557.343	8.43
557.537	8.38
557.731	8.64
557.925	8.3
558.119	8.28
558.313	7.67
558.507	8.51
558.701	8.56
558.895	8.92
559.089	9.03
559.283	8.93
559.477	9.06
559.671	8.63
559.865	8.83
560.059	8.66
560.253	8.89
560.447	8.89
560.641	8.91
560.835	8.95
561.028	8.99
561.222	8.82
561.416	8.78
561.61	8.54
561.804	8.93
561.997	9.05
562.191	9.2
562.385	9.22
562.579	9.01
562.772	9.18
562.966	8.88
563.16	9.21
563.353	9.27
563.547	8.85
563.741	9.16
563.934	9.06
564.128	9
564.321	9.12
564.515	9.18
564.708	9.61
564.902	9.48
565.095	9.45
565.289	9.55
565.482	9.67
565.676	9.51
565.869	9.77
566.063	9.37
566.256	9.35
566.45	9.63
566.643	9.48
566.836	9.52
567.03	9.93
567.223	9.66
567.416	10.07
567.61	10.04
567.803	9.84
567.996	9.74
568.19	9.88
568.383	9.82
568.576	10.2
568.769	9.69
568.963	9.82
569.156	10.05
569.349	10.36
569.542	10.46
569.735	10.08
569.928	10.16
570.121	10.55
570.315	10.19
570.508	10.31
570.701	10.58
570.894	10.77
571.087	10.07
571.28	10.51
571.473	10.63
571.666	10.48
571.859	10.33
572.052	10.49
572.245	10.69
572.438	10.49
572.631	10.5
572.824	10.89
573.016	10.29
573.209	10.59
573.402	10.95
573.595	10.71
573.788	10.75
573.981	10.72
574.173	11.25
574.366	11
574.559	10.78
574.752	10.54
574.944	10.95
575.137	11.14
575.33	11.12
575.523	11.28
575.715	10.73
575.908	10.7
576.101	10.95
576.293	10.91
576.486	10.74
576.678	11.53
576.871	11.02
577.063	11.44
577.256	10.92
577.449	11.61
577.641	11.5
577.834	10.75
578.026	11.3
578.219	10.94
578.411	11.67
578.603	12.07
578.796	11.45
578.988	11.95
579.181	11.35
579.373	11.79
579.565	11.94
579.758	11.67
579.95	11.65
580.142	11.71
580.335	11.55
580.527	11.78
580.719	11.83
580.912	11.76
581.104	12.3
581.296	12.25
581.488	12.03
581.68	12.46
581.873	11.96
582.065	11.75
582.257	12.15
582.449	11.96
582.641	12.03
582.833	12.23
583.025	11.7
583.217	12.18
583.41	12.38
583.602	12.08
583.794	12.47
583.986	12.36
584.178	12.1
584.37	12.7
584.562	12.57
584.753	12.48
584.945	12.3
585.137	12.51
585.329	12.37
585.521	12.75
585.713	12.52
585.905	12.72
586.097	12.55
586.289	13.11
586.48	12.36
586.672	12.51
586.864	12.75
587.056	12.66
587.247	12.18
587.439	12.5
587.631	13.02
587.823	12.89
588.014	13.05
588.206	13.1
588.398	12.65
588.589	13.43
588.781	12.7
588.972	12.8
589.164	13.16
589.356	13.23
589.547	13.47
589.739	13.3
589.93	13.59
590.122	13.2
590.313	13.62
590.505	13.23
590.696	13.48
590.888	13.38
591.079	13.85
591.271	13.64
591.462	13.45
591.653	13.85
591.845	13.57
592.036	13.54
592.227	13.89
592.419	13.73
592.61	13.19
592.801	13.48
592.993	13.83
593.184	13.81
593.375	13.75
593.566	13.86
593.758	13.61
593.949	14.11
594.14	13.9
594.331	13.34
594.522	14.48
594.713	14.04
594.905	14.33
595.096	14.38
595.287	14.15
595.478	14.55
595.669	14.01
595.86	14.35
596.051	14.59
596.242	14.63
596.433	14.8
596.624	14.22
596.815	14.29
597.006	14.82
597.197	14.81
597.388	14.94
597.579	14.69
597.77	14.8
597.96	15.06
598.151	15.03
598.342	14.23
598.533	15.09
598.724	14.92
598.915	15.27
599.105	14.61
599.296	15.28
599.487	14.65
599.678	14.89
599.868	15.05
600.059	15.37
600.25	15.23
600.44	15.51
600.631	15.14
600.822	15.75
601.012	15.23
601.203	15.54
601.394	14.92
601.584	15.26
601.775	15.54
601.965	15.56
602.156	15.58
602.346	15.84
602.537	16.09
602.727	15.78
602.918	15.88
603.108	16.08
603.299	15.43
603.489	16.36
603.679	15.71
603.87	16.6
604.06	15.83
604.251	16.11
604.441	16.22
604.631	16.48
604.822	16.2
605.012	16.49
605.202	16.04
605.392	16.06
605.583	15.63
605.773	16.25
605.963	16.89
606.153	15.82
606.344	16.62
606.534	16.7
606.724	17.14
606.914	16.8
607.104	16.79
607.294	17.17
607.484	16.44
607.674	16.84
607.864	17.04
608.054	16.6
608.245	16.83
608.435	17.29
608.625	16.97
608.814	16.31
609.004	16.86
609.194	17.44
609.384	16.6
609.574	16.71
609.764	16.73
609.954	16.26
610.144	17.47
610.334	16.89
610.524	17.34
610.713	16.95
610.903	17.11
611.093	16.66
611.283	17.88
611.473	17.26
611.662	17.4
611.852	18.08
612.042	17.21
612.231	17.1
612.421	17.35
612.611	17.32
612.8	18.1
612.99	17.55
613.18	17.33
613.369	17.69
613.559	18.34
613.748	18
613.938	18.51
614.128	17.81
614.317	17.98
614.507	18.68
614.696	18.33
614.886	18.58
615.075	17.93
615.264	18.52
615.454	18.42
615.643	17.79
615.833	18.55
616.022	18.06
616.211	18.35
616.401	18.23
616.59	18.67
616.779	18.42
616.969	18.4
617.158	18.12
617.347	18.82
617.537	19.21
617.726	18.41
617.915	18.3
618.104	17.57
618.293	18.19
618.483	18.19
618.672	19.65
618.861	19.14
619.05	18.52
619.239	19.33
619.428	18.95
619.617	19.17
619.806	18.2
619.995	18.85
620.184	19.44
620.373	18.8
620.562	18.59
620.751	19.41
620.94	18.68
621.129	19.3
621.318	19.34
621.507	19.07
621.696	19.08
621.885	19.48
622.074	18.86
622.263	18.93
622.452	19.7
622.64	19
622.829	18.34
623.018	19.98
623.207	19.3
623.396	19.15
623.584	19
623.773	19.62
623.962	18.71
624.15	19.51
624.339	19.23
624.528	19.93
624.716	19.59
624.905	20.09
625.094	19.67
625.282	19.49
625.471	19.42
625.659	19.47
625.848	19.81
626.037	19.92
626.225	20.04
626.414	20.05
626.602	19.85
626.791	19.74
626.979	20.31
627.167	19.75
627.356	20.75
627.544	20.2
627.733	19.6
627.921	19.93
628.109	19.67
628.298	21.01
628.486	19.97
628.674	20.76
628.863	20.14
629.051	20.79
629.239	20.24
629.428	19.59
629.616	20.11
629.804	21.11
629.992	20.71
630.18	21.47
630.369	20.51
630.557	21
630.745	19.66
630.933	21.05
631.121	20.73
631.309	21.46
631.497	20.67
631.685	19.86
631.873	20.28
632.061	20.5
632.249	20.59
632.437	21.23
632.625	20.51
632.813	21.22
633.001	22.18
633.189	21.5
633.377	20.57
633.565	20.44
633.753	21.01
633.941	21.15
634.129	20.77
634.316	20.64
634.504	21.15
634.692	21.72
634.88	21.79
635.068	21.57
635.255	21.59
635.443	21.44
635.631	21.32
635.818	21.63
636.006	21.41
636.194	20.53
636.382	21.69
636.569	20.79
636.757	21.99
636.944	21.48
637.132	21.92
637.32	22.35
637.507	21.41
637.695	21.31
637.882	21.48
638.07	21.76
638.257	20.97
638.445	21.04
638.632	21.13
638.82	20.72
639.007	21.44
639.194	21.72
639.382	21.84
639.569	21.96
639.757	21.93
639.944	21.08
640.131	21.21
640.319	21.09
640.506	21.58
640.693	22.01
640.88	21.61
641.068	21.34
641.255	21.76
641.442	21.87
641.629	21.59
641.817	22.45
642.004	22.71
642.191	23.05
642.378	22.11
642.565	22.48
642.752	23.07
642.939	21.42
643.126	21.9
643.313	22.21
643.501	23.74
643.688	23.17
643.875	23.49
644.062	21.44
644.249	22.57
644.435	22.7
644.622	21.89
644.809	22.62
644.996	23.15
645.183	22.45
645.37	23.15
645.557	23.71
645.744	23.59
645.931	22.47
646.117	23.49
646.304	22.14
646.491	22.49
646.678	23.37
646.865	23.14
647.051	24.86
647.238	23.7
647.425	23.34
647.611	23.27
647.798	22.57
647.985	23.12
648.171	24.27
648.358	24.03
648.545	23.89
648.731	22.81
648.918	23.11
649.104	23.74
649.291	23.07
649.477	22.99
649.664	24.48
649.85	24.02
650.037	25.26
650.223	23.39
650.41	24.03
650.596	22.32
650.783	22.73
650.969	24.81
651.155	23.87
651.342	24.29
651.528	23.33
651.714	23.23
651.901	24.72
652.087	23.76
652.273	22.6
652.46	24.36
652.646	24.32
652.832	22.97
653.018	24.12
653.204	24.88
653.391	25.42
653.577	24.43
653.763	25.28
653.949	24.84
654.135	24.33
654.321	23.86
654.507	24.77
654.693	24.74
654.879	24.74
655.065	22.2
655.252	23.04
655.438	25.66
655.624	25.91
655.809	23.53
655.995	23.96
656.181	26.12
656.367	25.33
656.553	23.8
656.739	24.05
656.925	25.38
657.111	25.72
657.297	26.72
657.482	24.88
657.668	26.18
657.854	24.56
658.04	24.25
658.226	23.64
658.411	23.69
658.597	26.86
658.783	26.58
658.968	25.16
659.154	25.85
659.34	26.19
659.525	24.3
659.711	26.32
659.897	24.75
660.082	25.63
660.268	23.61
660.453	25.73
660.639	24.81
660.824	25.61
661.01	26
661.195	25.74
661.381	26.75
661.566	26.72
661.752	26.7
661.937	27.13
662.123	24.85
662.308	23.94
662.494	24.36
662.679	25.42
662.864	23.58
663.05	24.12
663.235	26.04
663.42	25.7
663.605	25.72
663.791	26
663.976	24.81
664.161	26.14
664.346	27.18
664.532	26.05
664.717	25.1
664.902	25.71
665.087	26.72
665.272	25.27
665.457	24.23
665.642	25.92
665.828	25.69
666.013	27.07
666.198	24.66
666.383	25.64
666.568	27.68
666.753	27.03
666.938	24.81
667.123	25.14
667.308	24.83
667.493	26.12
667.677	23.67
667.862	25.49
668.047	26.73
668.232	27.29
668.417	26.84
668.602	25.14
668.787	28.09
668.971	25.78
669.156	27.19
669.341	26.44
669.526	26.5
669.711	27.02
669.895	28.58
670.08	27.76
670.265	26.74
670.449	25.54
670.634	27.7
670.819	23.34
671.003	25.66
671.188	27.17
671.372	25.19
671.557	27.51
671.742	30.57
671.926	28.41
672.111	26.99
672.295	26.66
672.48	27.34
672.664	26.7
672.849	25.9
673.033	27.87
673.217	27.96
673.402	25.96
673.586	24.48
673.771	29.8
673.955	26.55
674.139	26.22
674.324	29.38
674.508	23.86
674.692	27.2
674.876	27.25
675.061	27.96
675.245	28.38
675.429	28.68
675.613	26.12
675.798	29.84
675.982	25.68
676.166	24.72
676.35	28.78
676.534	28.31
676.718	27.36
676.902	31.25
677.087	24.23
677.271	27.51
677.455	30.68
677.639	25.31
677.823	26.66
678.007	29.98
678.191	27.16
678.375	25.98
678.559	26.91
678.742	26.1
678.926	27.74
679.11	28.9
679.294	30.55
679.478	26.26
679.662	29.57
679.846	30.48
680.029	30.15
680.213	27.21
680.397	29.56
680.581	29.27
680.765	27.68
680.948	27.71
681.132	29.2
681.316	26.65
681.499	29.47
681.683	28.12
681.867	26.64
682.05	28.44
682.234	29.91
682.417	29.87
682.601	29.04
682.785	30.59
682.968	30.47
683.152	30.78
683.335	26.84
683.519	26.1
683.702	27.93
683.886	30.71
684.069	28.08
684.253	29.32
684.436	28.84
684.619	29.27
684.803	28.99
684.986	30.58
685.169	31.13
685.353	34.9
685.536	28.51
685.719	29.03
685.903	30.54
686.086	27.74
686.269	32.44
686.452	28.81
686.636	35.4
686.819	29.58
687.002	31.29
687.185	33.42
687.368	31.75
687.551	31.52
687.734	31.78
687.918	29.54
688.101	26.9
688.284	32.58
688.467	35.57
688.65	30.26
688.833	30.25
689.016	29.9
689.199	29.28
689.382	33.82
689.565	30.24
689.748	27.1
689.93	28.04
690.113	31.35
690.296	30.99
690.479	30.63
690.662	25.07
690.845	31.06
691.028	30.35
691.21	32.11
691.393	28.35
691.576	29.09
691.759	32.93
691.941	34.58
692.124	29.1
692.307	32.36
692.489	30.95
692.672	33.18
692.855	29.8
693.037	32.62
693.22	31.58
693.403	26.54
693.585	33.61
693.768	33.47
693.95	31.92
694.133	32.88
694.315	27.89
694.498	30.75
694.68	31.27
694.863	32.44
695.045	30.81
695.228	33.42
695.41	32.27
695.592	29.27
695.775	33.87
695.957	30.43
696.139	32.13
696.322	30.9
696.504	37.29
696.686	36.96
696.869	36.12
697.051	31.78
697.233	31.68
697.415	33.22
697.597	32.86
697.78	34.17
697.962	29.28
698.144	34.77
698.326	28.96
698.508	30.98
698.69	27.45
698.872	27.62
699.055	31.67
699.237	32.01
699.419	31.95
699.601	31.67
699.783	34.64
699.965	30.9
700.147	28.95
700.329	33.98
700.51	31.11
700.692	36.6
700.874	31.3
701.056	30.49
701.238	31.57
701.42	37.45
701.602	35.65
701.783	31.16
701.965	32.26
702.147	37.44
702.329	33.01
702.511	33.78
702.692	34.01
702.874	21.28
703.056	34.32
703.237	34.1
703.419	33.36
703.601	37.83
703.782	31.49
703.964	34.07
704.146	31.28
704.327	34.36
704.509	32.82
704.69	28.88
704.872	41.8
705.053	38.76
705.235	41.66
705.416	31.44
705.598	31.23
705.779	34.97
705.961	30.74
706.142	30.04
706.323	36.7
706.505	33.6
706.686	31.44
706.867	26.82
707.049	30.15
707.23	33.75
707.411	31.17
707.593	35.33
707.774	32.77
707.955	38.52
708.136	29.37
708.318	41
708.499	26.41
708.68	30.15
708.861	34.28
709.042	28.84
709.223	29.71
709.404	40.08
709.585	27.84
709.767	31.16
709.948	32.14
710.129	32.32
710.31	25.92
710.491	28.5
710.672	30.22
710.853	23.62
711.034	37.99
711.214	27.03
711.395	38.18
711.576	34.47
711.757	38.11
711.938	42.42
712.119	36.83
712.3	33.48
712.481	33.95
712.661	27.48
712.842	27.08
713.023	37.44
713.204	35.15
713.384	35.7
713.565	32.49
713.746	26.43
713.926	23.8
714.107	27.16
714.288	32.13
714.468	35.08
714.649	36.49
714.83	24.64
715.01	43.16
715.191	29.09
715.371	29.61
715.552	21.4
715.732	30.4
715.913	40.46
716.093	28.48
716.274	44
716.454	37
716.635	33.69
716.815	29.45
716.995	27.44
717.176	35.49
717.356	29.15
717.536	34.06
717.717	27.22
717.897	30.88
718.077	32.31
718.258	34.55
718.438	29.52
718.618	35.83
718.798	31.18
718.978	41.04
719.159	30.44
719.339	37.29
719.519	33.47
719.699	29.54
719.879	29.55
720.059	33.84
720.239	18.91
720.419	40.83
720.599	38.94
720.779	34.38
720.959	24.59
721.139	36.21
721.319	29.12
721.499	40.48
721.679	27.36
721.859	27.74
722.039	17.53
722.219	37.26
722.399	25.91
722.579	32.24
722.759	22.88
722.938	28.86
723.118	38.1
723.298	30.06
723.478	21.9
723.658	32.99
723.837	28.22
724.017	35.9
724.197	28.11
724.376	39.56
724.556	26.24
724.736	36.2
724.915	36.49
725.095	39.23
725.275	33.59
725.454	21.63
725.634	40.17
725.813	15.58
725.993	24.32
726.172	36.6
726.352	31.66
726.531	37.1
726.711	54.92
726.89	30.56
727.07	44.25
727.249	34
727.428	50.17
727.608	30.96
727.787	31.66
727.966	34.71
728.146	25.3
728.325	32.66
728.504	24.64
728.684	21.94
728.863	38.64
729.042	16.2
729.221	3.39
729.4	16.66
729.58	23.41
729.759	34.54
729.938	39.05
730.117	44.71
730.296	24.37
730.475	23.52
730.654	34.98
730.833	27.87
731.013	28.5
731.192	34.03
731.371	41.39
731.55	26.12
731.729	20.79
731.907	46.13
732.086	35.02
732.265	20.78
732.444	31.04
732.623	25.04
732.802	28.12
732.981	35.58
733.16	21.76
733.339	25.47
733.517	32.57
733.696	56.29
733.875	11.02
734.054	33.69
734.232	44.83
734.411	66.15
734.59	3.97
734.768	34.85
734.947	36.78
735.126	16.31
735.304	29.3
735.483	46.33
735.662	51.22
735.84	37.09
736.019	23.47
736.197	25.05
736.376	39.46
736.554	43.68
736.733	36.55
736.911	36.4
737.09	18.58
737.268	35.73
737.447	49.29
737.625	19.93
737.803	-2.14
737.982	40.86
738.16	10.91
738.338	41.09
738.517	29.19
738.695	33.9
738.873	36.99
739.052	19.92
739.23	5.01
739.408	34.05
739.586	36.96
739.764	15.01
739.943	38.38
740.121	25.05
740.299	32.26
740.477	33.29
740.655	53.55
740.833	38.7
741.011	41.58
741.189	37.92
741.367	33.45
741.545	28.19
741.723	17.37
741.901	22.68
742.079	11.34
742.257	37.34
742.435	43.87
742.613	58.27
742.791	46.12
742.969	26.22
743.147	60.22
743.325	39.22
743.503	14.34
743.68	42.27
743.858	18.04
744.036	16.18
744.214	30.26
744.391	2.92
744.569	24.28
744.747	16.01
744.925	75.05
745.102	14.25
745.28	26.22
745.458	37.81
745.635	27.57
745.813	76.44
745.99	51.85
746.168	41.95
746.345	87.22
746.523	41.32
746.7	38.26
746.878	33.65
747.055	17.26
747.233	32.57
747.41	69.31
747.588	41.77
747.765	23.08
747.943	36.77
748.12	3.91
748.297	31.21
748.475	42.74
748.652	1.39
748.829	45.47
749.007	22.2
749.184	6.74
749.361	53.5
749.538	42.91
749.716	55.83
749.893	-9.99
750.07	42.75
750.247	54.78
750.424	55.98
750.601	70.12
750.778	14.62
750.956	32.59
751.133	15.19
751.31	32.7
751.487	-0.19
751.664	29.98
751.841	26.08
752.018	40.92
752.195	14.64
752.372	51.24
752.549	-12.12
752.726	38.6
752.902	40.99
753.079	57.06
753.256	22.53
753.433	33.49
753.61	53.73
753.787	35.84
753.964	29.3
754.14	14.36
754.317	81.93
754.494	48.97
754.671	52.42
754.847	19.11
755.024	62.19
755.201	49.55
755.377	44.6
755.554	43.12
755.73	3.36
755.907	28.15
756.084	83.84
756.26	45.66
756.437	23.32
756.613	24.22
756.79	40.99
756.966	-17.97
757.143	40.64
757.319	31.46
757.496	21.47
757.672	66.09
757.849	37.13
758.025	47.99
758.201	53.29
758.378	53.71
758.554	46.62
758.73	32.1
758.907	20.27
759.083	4.84
759.259	59.14
759.435	42.13
759.612	9.99
759.788	18.76
759.964	52.8
760.14	27.17
760.316	-10.08
760.493	38.45
760.669	41.85
760.845	44.52
761.021	-6.15
761.197	23.73
761.373	67.48
761.549	9.83
761.725	45.86
761.901	12.88
762.077	78.86
762.253	-0.18
762.429	34.77
762.605	-17.8
762.781	31.4
762.957	13
763.133	74.69
763.308	34.99
763.484	19.02
763.66	96.97
763.836	28.92
764.012	-7.51
764.187	12.93
764.363	130.25
764.539	3.77
764.715	29.14
764.89	-46.55
765.066	21.51
765.242	13.62
765.417	51.86
765.593	15.63
765.769	67.65
765.944	12.32
766.12	67.96
766.295	24.85
766.471	33.82
766.646	56.02
766.822	66.01
766.997	22
767.173	23.16
767.348	31.01
767.524	4.49
767.699	44.98
767.875	47.74
768.05	30.54
768.225	72.5
768.401	2.3
768.576	39.46
768.751	-41.55
768.927	29.68
769.102	95.47
769.277	52.13
769.452	10.29
769.628	3.14
769.803	147.23
769.978	117.66
770.153	1.89
770.328	33.19
770.503	26.51
770.679	220.64
770.854	62.08
771.029	59.3
771.204	-65.56
771.379	-6.86
771.554	-34.06
771.729	64.21
771.904	3.76
772.079	-29.96
772.254	40.5
772.429	-19.44
772.604	-0.28
772.779	102.31
772.953	14.22
773.128	36.85
773.303	4.65
773.478	38.35
773.653	14.38
773.828	39.92
774.002	-4.09
774.177	6.46
774.352	320.87
774.527	69.91
774.701	45.57
774.876	60.24
775.051	145.99
775.225	-19.69
775.4	15.34
775.575	5.72
775.749	-76.82
775.924	48.89
776.098	17.78
776.273	-3.33
776.447	23.24
776.622	75.09
776.796	-36.81
776.971	53.21
777.145	32.32
777.32	58.74
777.494	33.21
777.669	40.13
777.843	-63.52
778.017	51.86
778.192	34.44
778.366	-70.08
778.54	18.67
778.715	4.85
778.889	23.08
779.063	36.76
779.237	35.68
779.412	57.56
779.586	-15.63
779.76	-49.82
779.934	3.74
780.108	57.8
780.282	192.54
780.457	38.98
780.631	-25.36
780.805	-19.37
780.979	-22.39
781.153	79.03
781.327	-36.45
781.501	1.3
781.675	97.08
781.849	11.3
782.023	91.2
782.197	-88.61
782.371	60
782.545	285.28
782.718	20.14
782.892	141.14
783.066	-0.38
783.24	295.14
783.414	31.33
783.588	-27.72
783.761	40.46
783.935	105.92
784.109	126.55
784.283	-211.3
784.456	-18.48
784.63	68.87
784.804	91.62
784.977	62.64
785.151	-2.8
785.324	65.78
785.498	5.9
785.672	80.56
785.845	89.74
786.019	237.44
786.192	268.21
786.366	-22.77
786.539	157.63
786.713	38.42
786.886	48.22
787.06	-84.29
787.233	78.59
787.406	40.89
787.58	8.15
787.753	109.16
787.926	255.39
788.1	373.62
788.273	-1058.49
788.446	87.45
788.62	648.39
788.793	33.07
788.966	35.26
789.139	195.21
789.313	90.74
789.486	1842.86
789.659	-42.86
789.832	-15.79
790.005	49.11
790.178	225.66
790.351	65.27
790.524	60
790.697	18.35
790.87	178.17
791.044	125.45
791.216	62.92
791.389	-194.12
791.562	147.68
791.735	87.34
791.908	222.08
792.081	73.84
792.254	-108.79
792.427	-119.33
792.6	-126.82
792.773	79.16
792.945	317.91
793.118	91.56
793.291	23.08
793.464	-108.51
793.637	211.66
793.809	32.29
793.982	54.2
794.155	51.41
794.327	103.37
794.5	355.38
794.673	-30.36
794.845	57.2
795.018	92.89
795.19	138.2
795.363	42.74
795.536	111.09
795.708	-822.58
795.881	1260
796.053	47.37
796.226	66.86
796.398	201.29
796.57	87.47
796.743	6.12
796.915	-32.83
797.088	134.82
797.26	-96.85
797.432	41.77
797.605	68.98
797.777	-681.82
797.949	77.61
798.122	13.14
798.294	224.66
798.466	-1.71
798.638	-64.89
798.81	56.62
798.983	102.53
799.155	64.44
799.327	-191.57
799.499	77.03
799.671	87.99
799.843	83.95
800.015	-26.85
800.187	67.51
800.359	84.48
800.531	-9.28
800.703	-3.48
800.875	35.12
801.047	90.55
801.219	164.85
801.391	66.23
801.563	-269.78
801.735	42.02
801.907	461.96
802.079	-116.4
802.251	-557.14
802.422	290.55
802.594	-245.45
802.766	-62.85
802.938	-55.16
803.11	138.37
803.281	-176.82
803.453	49.94
803.625	35.51
803.796	-5.44
803.968	24.72
804.14	42.32
804.311	16.09
804.483	234.92
804.654	48.06
804.826	160.82
804.998	261.5
805.169	100.77
805.341	146.4
805.512	359.63
805.684	93.02
805.855	152.48
806.026	484.62
806.198	182.21
806.369	-14.02
806.541	18.04
806.712	145.44
806.883	100.54
807.055	118.32
807.226	-130.06
807.397	-187.91
807.569	-18.58
807.74	16.64
807.911	123.67
808.082	-12.11
808.253	-472.28
808.425	69.47
808.596	-185.39
808.767	-312.95
808.938	-144.59
809.109	490.1
809.28	-217.54
809.451	2.69
809.622	120.32
809.793	-512.9
809.964	226.96
810.135	88.47
810.306	-220.23
810.477	-94.63
810.648	-5.05
810.819	88.91
810.99	-2340
811.161	117.1
811.332	287.03
811.503	72.1
811.674	4.62
811.844	-50.77
812.015	-155.94
812.186	498.77
812.357	16.74
812.527	43.18
812.698	-31.46
812.869	730.19
813.04	18.45
813.21	1210.34
813.381	-78.21
813.551	39.72
813.722	114.17
813.893	44.32
814.063	-42.43
814.234	-987.27
814.404	209.29
814.575	31.53
814.745	-241.59
814.916	31
815.086	19.58
815.257	47.09
815.427	300
815.598	-33.26
815.768	49.11
815.938	67.68
816.109	91.09
816.279	6.31
816.449	-164.05
816.62	-1026.32
816.79	91.96
816.96	141.51
817.13	30.16
817.301	-35.03
817.471	-11.4
817.641	439.88
817.811	-146.72
817.981	-4157.14
818.152	271.56
818.322	-294.06
818.492	-53.35
818.662	147.35
818.832	74.24
819.002	-45.62
819.172	124.91
819.342	216.76
819.512	37.43
819.682	85.1
819.852	-55.85
820.022	116.41
820.192	16.85
820.362	-64.52
820.531	18.57
820.701	181.05
820.871	-13.22
821.041	-63.8
821.211	-103.07
821.381	27.68
821.55	162.13
821.72	244.19
821.89	-309.23
822.059	57.53
822.229	-15.11
822.399	170.85
822.568	123.2
822.738	-197.56
822.908	417.79
823.077	56.46
823.247	32.6
823.416	88.24
823.586	229.41
823.756	-44.79
823.925	163.29
824.095	411.63
824.264	-1.35
824.433	193.81
824.603	-0.57
824.772	-13.9
824.942	-246.84
825.111	-7.54
825.28	39.13
825.45	216.52
825.619	-50.31
825.788	-374.16
825.958	40.73
826.127	-15.99
826.296	34.2
826.465	181.41
826.635	223.87
826.804	67.85
826.973	87.45
827.142	-128.94
827.311	163.09
827.48	140.84
827.649	213.48
827.818	375.59
827.988	2.4
828.157	172.1
828.326	-62.86
828.495	-111.33
828.664	173.93
828.833	66.78
829.002	-57.76
829.17	-14.09
829.339	-67.84
829.508	76.52
829.677	542.7
829.846	121.04
830.015	87.04
830.184	57.47
830.352	18.57
830.521	248.2
830.69	1851.22
830.859	582.35
831.027	110.53
831.196	-56.88
831.365	47.81
831.533	8.93
831.702	42.51
831.871	39.76
832.039	79.59
832.208	39.13
832.377	-266.93
832.545	-39.33
832.714	69.01
832.882	23.37
833.051	123.18
833.219	2528.57
833.388	59.11
833.556	-56.85
833.724	62.54
833.893	61.92
834.061	2131.58
834.23	72.2
834.398	105.41
834.566	845.45
834.735	10585.71
834.903	-16.98
835.071	-2340
835.239	-22.62
835.408	118.76
835.576	-118.6
835.744	-73.61
835.912	9.47
836.08	84.13
836.249	481.13
836.417	492.51
836.585	133.23
836.753	25.34
836.921	131.35
837.089	3728.57
837.257	-258.14
837.425	24.26
837.593	-95.01
837.761	2.11
837.929	-63.52
838.097	58.17
838.265	78.89
838.433	107.21
838.601	-8.75
838.769	-201.27
838.936	286.52
839.104	67.85
839.272	49.01
839.44	55.52
839.608	-460.98
839.775	-32.7
839.943	62.19
840.111	107.1
840.279	20.83
840.446	-76.12
840.614	128.57
840.781	-148.7
840.949	22.63
841.117	-9.5
841.284	-34.76
841.452	-109.94
841.619	64.12
841.787	145.02
841.954	-425.58
842.122	84.97
842.289	127.1
842.457	194.62
842.624	105.92
842.792	10.95
842.959	5.14
843.126	127.61
843.294	-42.86
843.461	-87.92
843.629	-208.8
843.796	95.25
843.963	-166.93
844.13	80.28
844.298	-24.32
844.465	-98.83
844.632	24.22
844.799	149.25
844.966	-1.28
845.134	25.51
845.301	29.88
845.468	-264.24
845.635	181.27
845.802	85.53
845.969	29.92
846.136	45.09
846.303	-1278.95
846.47	57.12
846.637	-272.31
846.804	1121.05
846.971	71.8
847.138	249.03
847.305	-7.96
847.472	59.27
847.639	159.48
847.805	163.13
847.972	-790.91
848.139	-65.67
848.306	-1026.32
848.473	1410.45
848.639	-63.03
848.806	-16.8
848.973	65.97
849.14	8.52
849.306	-12.11
849.473	-311.92
849.64	226.15
849.806	110.53
849.973	-11.35
850.139	339.74
850.306	56.04
850.472	242.44
850.639	91.48
850.806	742.11
850.972	143.48
851.139	-5014.29
851.305	-41.2
851.471	30.96
851.638	57.06
851.804	514.93
851.971	-27.27
852.137	90.4
852.303	228.51
852.47	47.07
852.636	30.14
852.802	356.69
852.968	238.72
853.135	-102.03
853.301	-157.8
853.467	-14.75
853.633	33.81
853.8	19.94
853.966	-199.49
854.132	3385.71
854.298	-164.23
854.464	165.17
854.63	64.03
854.796	190.17
854.962	541.73
855.128	8.43
855.294	64.95
855.46	-90.62
855.626	-72.21
855.792	-103.09
855.958	8.74
856.124	57.06
856.29	307.95
856.456	45.71
856.622	95.74
856.787	455.84
856.953	27.21
857.119	-187.13
857.285	-24.17
857.45	-136.75
857.616	43.96
857.782	106.65
857.948	172.1
858.113	-23.55
858.279	-41.12
858.445	-181.89
858.61	48.84
858.776	246.56
858.941	216.83
859.107	17.15
859.273	14.82
859.438	83.03
859.604	363.16
859.769	-68.5
859.935	-92.08
860.1	92.34
860.265	13.24
860.431	179.14
860.596	14185.71
860.762	-7.87
860.927	96.03
861.092	41.27
861.258	-77.34
861.423	-75.29
861.588	37.97
861.753	5957.14
861.919	-198.11
862.084	167.72
862.249	190.17
862.414	62.46
862.579	-108.12
862.745	62.47
862.91	145.02
863.075	147.56
863.24	144.4
863.405	16.58
863.57	-94.79
863.735	208.81
863.9	-528.32
864.065	13.76
864.23	-64.12
864.395	150.53
864.56	165.86
864.725	467.09
864.89	650.56
865.055	-21.19
865.22	-52.22
865.384	-171.91
865.549	-235.92
865.714	-23.19
865.879	44.26
866.044	91.48
866.208	14.14
866.373	-42.86
866.538	125.76
866.702	-73.77
866.867	141.83
867.032	26.12
867.196	107.11
867.361	300
867.526	11.59
867.69	-87.95
867.855	-267.03
868.019	1347.27
868.184	16.91
868.348	58.36
868.513	-474.19
868.677	253.31
868.842	79.51
869.006	75.64
869.17	-447.17
869.335	-870.73
869.499	-131.07
869.663	411.26
869.828	-195.55
869.992	20.93
870.156	66.12
870.321	-37.83
870.485	2
870.649	-29.29
870.813	-85.24
870.978	167.23
871.142	-401.54
871.306	-63.98
871.47	89.78
871.634	63.78
871.798	143.48
871.962	78.59
872.126	-1585.71
872.29	-5.08
872.454	1671.43
872.618	-27.27
872.782	228.36
872.946	211.41
873.11	70.85
873.274	-171.68
873.438	511.76
873.602	15.04
873.766	627.27
873.93	53.42
874.094	475.28
874.257	80.37
874.421	369.36
874.585	365.45
874.749	-17.8
874.912	75.54
875.076	58.81
875.24	-132.79
875.403	242.66
875.567	80.57
875.731	-10.11
875.894	-135.92
876.058	70.33
876.222	340.45
876.385	119.1
876.549	101.59
876.712	823.64
876.876	42.51
877.039	147.1
877.203	156.67
877.366	-17.51
877.529	-145.23
877.693	117.23
877.856	132.33
878.02	43.74
878.183	-42.32
878.346	284.42
878.51	55.75
878.673	-174.82
878.836	-33.12
878.999	29.03
879.163	58.31
879.326	-0.77
879.489	97.28
879.652	81.71
879.815	92.74
879.978	113.88
880.142	163.09
880.305	-221.74
880.468	74.46
880.631	128.12
880.794	-54.01
880.957	182.93
881.12	-2029.41
881.283	63.23
881.446	41.13
881.609	-10.79
881.772	206.19
881.935	-2452.94
882.097	91.3
882.26	96.23
882.423	58.79
882.586	-5.54
882.749	41.11
882.912	-119.63
883.074	56.63
883.237	96.96
883.4	32.63
883.562	46.96
883.725	156
883.888	35.43
884.05	-5220
884.213	79.65
884.376	35.53
884.538	87.99
884.701	87.99
884.863	87.99
