181.954	146.96
182.172	146.96
182.39	146.96
182.608	-780
182.826	860.44
183.043	-197.87
183.261	0.82
183.479	-50.15
183.697	-229.41
183.914	69.23
184.132	399.47
184.35	92.83
184.567	146.2
184.785	262.83
185.003	30.08
185.22	-32.19
185.438	202.11
185.656	176.38
185.873	87.69
186.091	71.23
186.309	858.62
186.526	177.83
186.744	-11.67
186.961	25.28
187.179	234.6
187.396	117.59
187.614	-650.77
187.831	-4860
188.049	340.49
188.266	96.15
188.484	-192.54
188.701	-311.65
188.919	67.68
189.136	8.23
189.354	158.69
189.571	-44.08
189.789	112.42
190.006	35.38
190.223	-170.27
190.441	73.57
190.658	-1328.57
190.876	183.58
191.093	121.98
191.31	25.59
191.528	48.48
191.745	22.24
191.962	58.9
192.179	-0.98
192.397	-265.99
192.614	120.23
192.831	-26.65
193.049	53.72
193.266	282.52
193.483	42.1
193.7	-410.77
193.917	15.9
194.135	312.95
194.352	-54.44
194.569	117.14
194.786	231.32
195.003	104.68
195.221	79.35
195.438	64.66
195.655	110.05
195.872	49.83
196.089	156.04
196.306	3.16
196.523	-2.82
196.74	326.94
196.957	43.84
197.174	126.4
197.391	113.31
197.608	44.99
197.825	1170.97
198.042	36.61
198.259	-1375.86
198.476	53.8
198.693	-1500
198.91	75.97
199.127	416.42
199.344	108.1
199.561	81.5
199.778	29.83
199.995	-31.34
200.212	610.34
200.429	228.91
200.646	-269.62
200.862	158.43
201.079	-3.27
201.296	145.03
201.513	445.63
201.73	-52.03
201.947	81.14
202.163	-37.88
202.38	12.14
202.597	194.12
202.814	41.69
203.03	1140
203.247	-167.34
203.464	55.64
203.681	-549.35
203.897	130.61
204.114	650.94
204.331	105.38
204.547	-1109.3
204.764	138.76
204.981	-1570.59
205.197	180
205.414	149.2
205.63	72.41
205.847	164.32
206.064	332.73
206.28	43.32
206.497	104.96
206.713	164.13
206.93	106.07
207.146	-21.04
207.363	-4.62
207.579	-405.49
207.796	188.5
208.012	-56.71
208.229	-49.25
208.445	10.63
208.662	121.51
208.878	145.79
209.095	-2135.29
209.311	0.34
209.528	-4242.86
209.744	33.59
209.96	240.4
210.177	224.27
210.393	99.63
210.609	-10380
210.826	259.51
211.042	545.22
211.258	702.99
211.475	129.95
211.691	42.04
211.907	170.89
212.124	15.2
212.34	200.57
212.556	11.94
212.772	82.42
212.989	152.98
213.205	1.11
213.421	-251.76
213.637	-31.34
213.853	110.89
214.069	-552.63
214.286	112.83
214.502	-67.16
214.718	-25.39
214.934	192.92
215.15	89.51
215.366	-6.94
215.582	132.51
215.798	97.17
216.015	168.79
216.231	76.22
216.447	114.52
216.663	9.68
216.879	1.51
217.095	70.47
217.311	266.04
217.527	132.96
217.743	200.97
217.959	-798.11
218.175	44.17
218.391	-15.11
218.606	145.71
218.822	-18.26
219.038	33.69
219.254	78.95
219.47	3.72
219.686	374.16
219.902	93.78
220.118	-13.01
220.334	4.54
220.549	132.96
220.765	-64.65
220.981	81.97
221.197	15.08
221.413	-431.87
221.628	140.51
221.844	718.87
222.06	96.12
222.276	56.09
222.491	69.88
222.707	61.97
222.923	-340.27
223.139	64.39
223.354	-43.92
223.57	285.83
223.786	81.76
224.001	-86.87
224.217	168.8
224.432	123.12
224.648	78.4
224.864	-5.06
225.079	291.04
225.295	-43.92
225.51	251.35
225.726	-32.42
225.942	128.84
226.157	51.06
226.373	42.13
226.588	51.16
226.804	-1500
227.019	31.66
227.235	-10.68
227.45	77.99
227.665	6660
227.881	134.65
228.096	44.35
228.312	-32.01
228.527	31.96
228.743	159.43
228.958	-65.6
229.173	-487.83
229.389	17.56
229.604	60.21
229.819	174.11
230.035	-75.27
230.25	0.87
230.465	159.57
230.681	-85.02
230.896	45.42
231.111	50.8
231.327	23.75
231.542	-11340
231.757	150.56
231.972	73.14
232.187	-39.57
232.403	-363.16
232.618	94.58
232.833	70.15
233.048	5.45
233.263	46.46
233.478	-373.04
233.694	-579.07
233.909	822.58
234.124	12.12
234.339	7.63
234.554	196.55
234.769	-51.84
234.984	55.16
235.199	110.99
235.414	71.68
235.629	-862.03
235.844	-14.49
236.059	16
236.274	80.66
236.489	83.7
236.704	136.14
236.919	77.84
237.134	116.98
237.349	23.75
237.564	59.09
237.779	-27.7
237.994	134.04
238.209	135.5
238.424	75.46
238.639	15.4
238.853	57.25
239.068	11.78
239.283	48.04
239.498	197.1
239.713	99.14
239.928	48.77
240.142	61.72
240.357	7.36
240.572	-29.58
240.787	13.9
241.001	93.19
241.216	51.16
241.431	127.05
241.646	52.62
241.86	-95.52
242.075	146.51
242.29	-29.52
242.504	-60.3
242.719	266.46
242.934	87.4
243.148	44.42
243.363	-29.38
243.577	10.11
243.792	-57.09
244.007	51.76
244.221	-315.58
244.436	-783.58
244.65	-123.31
244.865	194.79
245.079	60.54
245.294	-127.34
245.508	20.71
245.723	152.96
245.937	56.04
246.152	-65.91
246.366	54.03
246.581	-66.01
246.795	-42.33
247.01	95.78
247.224	50.72
247.438	45.67
247.653	21.08
247.867	61.69
248.081	104.11
248.296	782.93
248.51	121.21
248.724	-22.7
248.939	255.22
249.153	101.63
249.367	-11.15
249.582	-152.86
249.796	-190.91
250.01	73.51
250.224	95.48
250.439	-22.82
250.653	57.45
250.867	70.5
251.081	-55.45
251.295	-51.79
251.51	144.26
251.724	-75.54
251.938	177.32
252.152	-151.09
252.366	71.91
252.58	27.27
252.794	70.23
253.008	192.72
253.223	5.99
253.437	-40.44
253.651	17.11
253.865	71.7
254.079	-43.02
254.293	87.17
254.507	-256.36
254.721	60.3
254.935	359.34
255.149	9.51
255.363	10.67
255.577	545.64
255.791	-23.39
256.005	171.17
256.218	67.02
256.432	92.84
256.646	35.51
256.86	-46.48
257.074	143.11
257.288	-4380
257.502	121.98
257.716	-15.63
257.929	44.41
258.143	114.26
258.357	90.11
258.571	151.66
258.785	21.59
258.998	44.22
259.212	113.88
259.426	108.97
259.64	167.83
259.853	64.89
260.067	-24.59
260.281	108.22
260.494	3.61
260.708	353.47
260.922	-33.88
261.135	84.07
261.349	-126.55
261.563	174.22
261.776	-2135.29
261.99	29.95
262.203	115.96
262.417	-32.86
262.63	-116.95
262.844	279.78
263.058	-80.34
263.271	29.5
263.485	-32.99
263.698	106.52
263.912	37.02
264.125	30.95
264.339	304.72
264.552	0.91
264.765	-185.22
264.979	94.98
265.192	128.34
265.406	62.85
265.619	-52.13
265.832	108.55
266.046	-21.87
266.259	200.34
266.473	-1616.13
266.686	119.9
266.899	74.49
267.113	180
267.326	-202.47
267.539	71.66
267.752	77.3
267.966	99.46
268.179	147.23
268.392	76.18
268.605	11.81
268.819	152.69
269.032	-21.33
269.245	623.08
269.458	102.95
269.671	186.08
269.885	16.63
270.098	-10.96
270.311	-193.67
270.524	57.25
270.737	-82.1
270.95	152.98
271.163	607.09
271.376	745.16
271.589	201.27
271.802	62.95
272.016	-26.38
272.229	72.74
272.442	-207.69
272.655	21.38
272.868	31.75
273.081	-165.17
273.294	-1.05
273.506	60.42
273.719	-1.54
273.932	-27.18
274.145	-1980
274.358	48.28
274.571	46.89
274.784	515.09
274.997	48.9
275.21	-33.07
275.423	-75.14
275.635	140.2
275.848	59.08
276.061	264.24
276.274	16.11
276.487	-133.04
276.699	-79.65
276.912	-5.37
277.125	93.19
277.338	38.35
277.55	64.63
277.763	64.34
277.976	154.51
278.189	-36.26
278.401	37.1
278.614	132
278.827	2
279.039	173.24
279.252	8.16
279.464	-48.34
279.677	182.71
279.89	81.48
280.102	-209.55
280.315	460.98
280.527	-1436.84
280.74	-1375.86
280.952	15.18
281.165	28.22
281.377	90.06
281.59	-51.72
281.802	-34.11
282.015	23.86
282.227	113.31
282.44	-6.47
282.652	37.08
282.865	86.73
283.077	73.01
283.29	81.11
283.502	11.4
283.714	274.41
283.927	-35.81
284.139	-197
284.351	6.91
284.564	187.7
284.776	148.73
284.988	30.74
285.201	362.69
285.413	65.95
285.625	-92.43
285.838	18.78
286.05	79.98
286.262	-87.45
286.474	-24.47
286.686	13.4
286.899	-326.91
287.111	125.55
287.323	-24.3
287.535	-98.02
287.747	95.1
287.959	4.48
288.172	-365.45
288.384	38.99
288.596	-29.38
288.808	130.19
289.02	424.53
289.232	134.74
289.444	-100.34
289.656	0.98
289.868	83.59
290.08	222.7
290.292	-162.13
290.504	2.52
290.716	20.84
290.928	69.37
291.14	1123.26
291.352	152.46
291.564	405.88
291.776	79.47
291.988	-49.69
292.2	103.79
292.412	-131.35
292.624	-119.02
292.835	577.61
293.047	-41.97
293.259	110.03
293.471	74.66
293.683	226.83
293.895	116.11
294.106	83.23
294.318	20.26
294.53	28.29
294.742	1313.79
294.953	23.25
295.165	92.55
295.377	94.77
295.589	71.98
295.8	5.54
296.012	83.53
296.224	58.15
296.435	123.25
296.647	107.38
296.858	321.58
297.07	309.23
297.282	-36.14
297.493	96.71
297.705	-60
297.916	7.25
298.128	82.56
298.34	-67.85
298.551	44.66
298.763	49.89
298.974	89.86
299.186	21.1
299.397	179.3
299.609	706.45
299.82	24.71
300.031	43.99
300.243	3173.68
300.454	156.44
300.666	13.96
300.877	245.97
301.089	134.04
301.3	57.25
301.511	36.98
301.723	61.86
301.934	-13.43
302.145	-67.98
302.357	124.93
302.568	45.6
302.779	29.85
302.99	-47.09
303.202	11.31
303.413	-44.03
303.624	78.31
303.835	-866.04
304.047	-42.51
304.258	-20.77
304.469	2.82
304.68	15.91
304.891	8.65
305.103	-31.27
305.314	123.89
305.525	42.86
305.736	-243.31
305.947	87.14
306.158	1252.94
306.369	76.06
306.58	122.62
306.791	117.05
307.002	-75.94
307.213	7.63
307.424	-3.18
307.636	-41.69
307.846	121.32
308.057	364.08
308.268	36.61
308.479	91.79
308.69	68.09
308.901	133.57
309.112	146.51
309.323	45.9
309.534	112.36
309.745	80.32
309.956	-174.22
310.167	-96.3
310.377	246.02
310.588	27.54
310.799	-61.94
311.01	69.02
311.221	98.94
311.432	52.49
311.642	-34.74
311.853	200.26
312.064	-1003.45
312.275	181.78
312.485	-10.84
312.696	79.53
312.907	-76.88
313.117	14.12
313.328	-39.65
313.539	25.32
313.749	33.5
313.96	-168.13
314.171	80.41
314.381	30.9
314.592	26.72
314.802	30.76
315.013	102.18
315.224	99.63
315.434	-3142.11
315.645	-2940
315.855	43.32
316.066	-70.79
316.276	60.42
316.487	-95.12
316.697	61.82
316.908	14.02
317.118	153.17
317.329	17.08
317.539	115.26
317.749	34.76
317.96	22.39
318.17	-97.84
318.381	187.91
318.591	-827.47
318.801	10.85
319.012	153.71
319.222	480.58
319.432	-157.07
319.643	245.77
319.853	125.11
320.063	46.14
320.273	-18.2
320.484	359.34
320.694	135.92
320.904	94.58
321.114	144.94
321.325	1396.55
321.535	143.6
321.745	9.75
321.955	83.75
322.165	-100.6
322.375	31.26
322.585	399.39
322.796	-506.9
323.006	27.89
323.216	123.68
323.426	9.68
323.636	84.69
323.846	-134.48
324.056	73.19
324.266	30.28
324.476	81.93
324.686	231.89
324.896	76.73
325.106	198.11
325.316	-35.66
325.526	-2257.89
325.736	117.79
325.946	41.5
326.156	229.87
326.366	-185.22
326.576	34.88
326.785	1.51
326.995	63.74
327.205	170.35
327.415	143.39
327.625	234.31
327.835	97.42
328.044	266.83
328.254	232.17
328.464	115.55
328.674	43.24
328.884	114.39
329.093	-43.32
329.303	61.66
329.513	-262.73
329.722	-678.95
329.932	47.76
330.142	31.87
330.351	109.61
330.561	638.18
330.771	-114.02
330.98	92.37
331.19	327.69
331.4	-126.15
331.609	102.91
331.819	665.85
332.028	-135.43
332.238	-19.32
332.447	128.06
332.657	24.41
332.866	86.97
333.076	74.77
333.285	137.79
333.495	241.94
333.704	-122.42
333.914	72.5
334.123	2.74
334.333	530.77
334.542	85.83
334.752	844.62
334.961	107.55
335.17	37.69
335.38	-126.7
335.589	52.43
335.798	113.96
336.008	-9.89
336.217	37.02
336.426	83.05
336.636	-34.47
336.845	48.17
337.054	635.06
337.263	26.19
337.473	47.23
337.682	8.79
337.891	151.84
338.1	200.72
338.309	-77.94
338.519	66.29
338.728	95.07
338.937	-139.37
339.146	114.39
339.355	356.6
339.564	963.16
339.773	-16.58
339.983	107.93
340.192	-268.7
340.401	265.67
340.61	82.66
340.819	-21.93
341.028	-60
341.237	-1782.35
341.446	90.28
341.655	84.12
341.864	-72.51
342.073	67.04
342.282	46.99
342.491	26.87
342.699	72.82
342.908	261.04
343.117	136.94
343.326	40.08
343.535	-1172.73
343.744	-94.85
343.953	-169.71
344.162	37.96
344.37	39.27
344.579	488.06
344.788	37.6
344.997	-20.47
345.206	180.78
345.414	61.12
345.623	182.66
345.832	-13.35
346.041	114.21
346.249	97.31
346.458	119.2
346.667	41.39
346.875	13.53
347.084	18.9
347.293	88.77
347.501	92.42
347.71	29.53
347.918	-100.74
348.127	-234.07
348.336	-204.64
348.544	158.32
348.753	-67.16
348.961	94.99
349.17	126.25
349.378	67.1
349.587	45.41
349.795	-113.59
350.004	-410.77
350.212	56.83
350.421	-151.33
350.629	193.05
350.838	-18.48
351.046	139.9
351.254	0.57
351.463	-6.87
351.671	394.74
351.879	171.33
352.088	81.07
352.296	305.31
352.504	132.09
352.713	64.37
352.921	30.71
353.129	15.4
353.338	46.36
353.546	85.42
353.754	237.42
353.962	-56.46
354.171	31.26
354.379	-2131.58
354.587	18.51
354.795	20.52
355.003	97.46
355.212	-28.1
355.42	1171.7
355.628	99.04
355.836	-88.47
356.044	57.93
356.252	98.14
356.46	-25.66
356.668	826.15
356.876	82.18
357.084	84.73
357.292	80.35
357.5	-96.06
357.708	43.74
357.916	89.1
358.124	109.33
358.332	-335.82
358.54	376.36
358.748	-66.23
358.956	44.71
359.164	50.62
359.372	83.01
359.58	19.42
359.788	88.52
359.996	-103.58
360.203	-82.12
360.411	58.74
360.619	-215.58
360.827	38.23
361.035	-344.17
361.242	37.83
361.45	-710.13
361.658	132.23
361.866	22.99
362.073	272.44
362.281	38.51
362.489	34.45
362.697	52.62
362.904	84.29
363.112	175.7
363.32	-42.73
363.527	33.91
363.735	33.59
363.943	44.6
364.15	102.83
364.358	-4.21
364.565	49.89
364.773	195.39
364.98	9.54
365.188	-53.78
365.395	173.45
365.603	151.53
365.81	26.79
366.018	-9.21
366.225	98.95
366.433	-17.12
366.64	64.2
366.848	95.59
367.055	57.37
367.263	81.18
367.47	11.21
367.677	34.18
367.885	-9.98
368.092	13.79
368.299	44.79
368.507	115.45
368.714	252.21
368.921	77.95
369.129	89.37
369.336	23.3
369.543	13.61
369.751	5.19
369.958	55.16
370.165	80.84
370.372	-100.44
370.579	0.77
370.787	101
370.994	2.95
371.201	-38.42
371.408	54.13
371.615	26.59
371.822	36.22
372.029	13.22
372.237	-368.57
372.444	199.46
372.651	31.5
372.858	111.73
373.065	49.35
373.272	135.81
373.479	-2575.86
373.686	81.04
373.893	107.77
374.1	182.3
374.307	-265.47
374.514	103.24
374.721	-17.39
374.928	338.96
375.135	-5.66
375.341	3300
375.548	19.27
375.755	-2.62
375.962	37.72
376.169	-44.26
376.376	69.23
376.583	11.31
376.789	78.19
376.996	17.03
377.203	-66.73
377.41	75.13
377.617	-7.97
377.823	-94.65
378.03	-1422.58
378.237	113.96
378.443	111.43
378.65	469.81
378.857	-87.45
379.063	-375.95
379.27	-300
379.477	66.21
379.683	-54.77
379.89	52.49
380.097	7.63
380.303	31.41
380.51	24.27
380.716	30.46
380.923	172.44
381.129	48.16
381.336	-73.23
381.542	-8.75
381.749	119.44
381.955	94.11
382.162	75.15
382.368	31.75
382.575	11.03
382.781	1893.1
382.988	9.75
383.194	-49.94
383.4	-14.44
383.607	85.07
383.813	-3.32
384.02	8.78
384.226	-168.34
384.432	-58.68
384.639	45.44
384.845	-710.13
385.051	-33.05
385.257	22.9
385.464	16.31
385.67	57.68
385.876	62.85
386.082	-35.59
386.289	18.77
386.495	79.1
386.701	-38.11
386.907	86.7
387.113	7.75
387.319	53.23
387.526	-2.93
387.732	503.15
387.938	189.6
388.144	138.26
388.35	34.03
388.556	90.57
388.762	23.02
388.968	1039.53
389.174	39.42
389.38	127.65
389.586	-35.78
389.792	44.43
389.998	-77.11
390.204	32.36
390.41	53.42
390.616	112.71
390.822	25.23
391.028	26.37
391.234	71.72
391.439	-439.81
391.645	32.38
391.851	66.14
392.057	138.24
392.263	35
392.469	24.68
392.674	10.21
392.88	-13.46
393.086	54.97
393.292	-74.04
393.498	-48.23
393.703	12.18
393.909	44.43
394.115	5.55
394.32	4.88
394.526	-1.93
394.732	67.53
394.937	38.4
395.143	-207.69
395.349	86.18
395.554	25.63
395.76	66.81
395.965	27.41
396.171	-39.26
396.377	-32.29
396.582	55.46
396.788	-8.98
396.993	115.55
397.199	85.44
397.404	39.86
397.61	-2.63
397.815	-66.71
398.021	-66.17
398.226	76.73
398.431	-5.68
398.637	27.04
398.842	15.13
399.048	7.31
399.253	17.67
399.458	-2.11
399.664	9.1
399.869	21.47
400.074	3.71
400.28	24.91
400.485	-12
400.69	9.36
400.896	22.5
401.101	6.79
401.306	-9.54
401.511	19.54
401.716	23.76
401.922	29.63
402.127	25.64
402.332	26.5
402.537	21.17
402.742	18.5
402.947	61.95
403.153	15.63
403.358	6.39
403.563	18.66
403.768	17.81
403.973	3.25
404.178	5.76
404.383	-8.28
404.588	17.41
404.793	20.48
404.998	4.58
405.203	14.3
405.408	12.57
405.613	31.79
405.818	17.15
406.023	-4.64
406.228	3.52
406.433	2.01
406.638	5.43
406.842	16.32
407.047	11.52
407.252	8.28
407.457	20.03
407.662	4.35
407.867	-1.11
408.071	9.85
408.276	0.71
408.481	11.55
408.686	0.05
408.891	13.98
409.095	5.64
409.3	10.75
409.505	6.43
409.709	5.25
409.914	11.11
410.119	8.17
410.323	2.76
410.528	3.99
410.733	8.23
410.937	5.15
411.142	7.26
411.346	10.44
411.551	1.89
411.756	6.88
411.96	6.64
412.165	-1.89
412.369	7.03
412.574	3.56
412.778	6.28
412.983	7.28
413.187	7.62
413.392	1.02
413.596	3.54
413.8	6.63
414.005	6.26
414.209	4.97
414.414	4.19
414.618	3.56
414.822	5.4
415.027	6.63
415.231	4.68
415.435	7.26
415.64	4.77
415.844	4.87
416.048	4.61
416.252	7.42
416.457	7.03
416.661	4.31
416.865	3.44
417.069	1.2
417.274	8.25
417.478	4.35
417.682	4.8
417.886	3.34
418.09	4.01
418.294	3.94
418.498	4.79
418.702	6.54
418.907	5.13
419.111	2.44
419.315	6.28
419.519	4.38
419.723	3.13
419.927	5.05
420.131	5.93
420.335	3.78
420.539	2.75
420.743	6.42
420.947	2.34
421.151	3.22
421.355	4.68
421.558	5.41
421.762	4.67
421.966	4.53
422.17	3.9
422.374	4.69
422.578	3.29
422.782	5.51
422.985	4.18
423.189	5.39
423.393	3.68
423.597	3.58
423.801	4.02
424.004	4.54
424.208	4.13
424.412	4.57
424.615	3.87
424.819	5.48
425.023	3.96
425.226	4.83
425.43	4.18
425.634	4.48
425.837	3.64
426.041	3.74
426.245	4.36
426.448	4.79
426.652	4.38
426.855	4.34
427.059	3.47
427.262	4.04
427.466	3.68
427.669	4.61
427.873	4.39
428.076	4.94
428.28	4.23
428.483	4.38
428.687	4.21
428.89	4.26
429.094	3.21
429.297	3.42
429.5	4.49
429.704	4.52
429.907	4.23
430.11	3.86
430.314	4.05
430.517	3.96
430.72	4.05
430.924	4.93
431.127	3.93
431.33	4.35
431.533	4.24
431.737	4.38
431.94	4.08
432.143	4.44
432.346	3.82
432.549	4.04
432.752	3.69
432.956	3.98
433.159	3.03
433.362	3.35
433.565	4.25
433.768	3.89
433.971	4.04
434.174	4.15
434.377	4.19
434.58	3.73
434.783	3.48
434.986	3.96
435.189	4.48
435.392	4.1
435.595	4.07
435.798	4.45
436.001	4.48
436.204	3.79
436.407	3.96
436.61	4.07
436.813	4.07
437.016	3.88
437.219	3.96
437.421	4.27
437.624	3.96
437.827	4.08
438.03	3.88
438.233	3.88
438.435	3.67
438.638	4.19
438.841	3.92
439.044	3.47
439.246	3.67
439.449	4.18
439.652	4.16
439.854	4.15
440.057	3.74
440.26	3.98
440.462	4.2
440.665	3.39
440.868	4.08
441.07	3.9
441.273	3.9
441.475	3.8
441.678	3.92
441.88	3.94
442.083	4.13
442.286	3.67
442.488	4
442.69	3.96
442.893	3.97
443.095	3.81
443.298	3.79
443.5	3.8
443.703	4.19
443.905	4.25
444.108	4.19
444.31	4.18
444.512	3.87
444.715	3.99
444.917	3.72
445.119	3.96
445.322	3.92
445.524	4.39
445.726	4.09
445.928	3.7
446.131	4.2
446.333	3.96
446.535	4.15
446.737	4.14
446.94	4.03
447.142	4.2
447.344	4.21
447.546	3.83
447.748	3.66
447.95	3.94
448.152	4.39
448.354	4.11
448.557	4.28
448.759	4.41
448.961	4.05
449.163	4.07
449.365	4.11
449.567	3.79
449.769	4.31
449.971	4.31
450.173	4.07
450.375	4.15
450.577	4.28
450.779	4.47
450.981	4.12
451.182	4.17
451.384	4.14
451.586	4.51
451.788	4.54
451.99	4.57
452.192	3.92
452.394	4.77
452.595	4.83
452.797	4.53
452.999	4.77
453.201	4.53
453.402	4.39
453.604	4.31
453.806	4.61
454.008	4.15
454.209	4.72
454.411	4.65
454.613	4.79
454.814	4.44
455.016	4.56
455.218	4.61
455.419	4.82
455.621	4.35
455.822	4.48
456.024	4.47
456.225	5.12
456.427	4.52
456.629	4.1
456.83	4.86
457.032	4.7
457.233	4.65
457.435	4.5
457.636	4.91
457.837	4.55
458.039	4.67
458.24	5.38
458.442	4.95
458.643	4.24
458.844	5.31
459.046	5.1
459.247	5.32
459.448	5.08
459.65	5.27
459.851	4.97
460.052	4.91
460.254	5.5
460.455	5.96
460.656	5.63
460.857	4.82
461.059	4.64
461.26	5.33
461.461	5.89
461.662	5.26
461.863	5.47
462.065	4.92
462.266	5.46
462.467	4.58
462.668	4.92
462.869	5.88
463.07	4.86
463.271	4.98
463.472	4.1
463.673	4.83
463.874	5.84
464.075	5.28
464.276	4.94
464.477	5.35
464.678	5.84
464.879	4.87
465.08	5.21
465.281	5.38
465.482	4.61
465.683	5.14
465.884	4.54
466.085	5.07
466.285	4.65
466.486	6.59
466.687	5.3
466.888	6.22
467.089	5.91
467.29	5.45
467.49	4.95
467.691	5.52
467.892	5.68
468.093	5.6
468.293	5.63
468.494	4.42
468.695	5.77
468.895	5.8
469.096	5.11
469.297	5.6
469.497	4.93
469.698	6.36
469.898	4.21
470.099	5.35
470.3	6.83
470.5	4.35
470.701	6.67
470.901	4.82
471.102	6.34
471.302	5.25
471.503	5.59
471.703	6.76
471.904	5.6
472.104	4.44
472.305	5.9
472.505	7.1
472.705	5.36
472.906	6.23
473.106	6.7
473.306	5.42
473.507	6.78
473.707	6.44
473.907	5.79
474.108	4.66
474.308	5.51
474.508	5.41
474.709	6.56
474.909	5.7
475.109	5.04
475.309	5.7
475.51	5.69
475.71	5.84
475.91	6.56
476.11	5.48
476.31	4.9
476.51	6.11
476.71	5.93
476.911	7.43
477.111	4.9
477.311	6.03
477.511	6.02
477.711	4.05
477.911	4.98
478.111	7.17
478.311	5.6
478.511	5.82
478.711	6.05
478.911	5.52
479.111	5.46
479.311	6.12
479.511	7.2
479.711	4.09
479.91	2.86
480.11	5.98
480.31	5.7
480.51	6.3
480.71	3.84
480.91	6.17
481.109	5.93
481.309	5.87
481.509	5.09
481.709	7.66
481.909	5.19
482.108	5.68
482.308	5.79
482.508	7.79
482.707	6.81
482.907	6.15
483.107	5.22
483.306	6.49
483.506	5.62
483.706	6.06
483.905	6.55
484.105	6.21
484.304	6.02
484.504	5.48
484.704	5.75
484.903	5.28
485.103	5.06
485.302	4.56
485.502	5.76
485.701	6.52
485.901	5.4
486.1	4.57
486.299	6.84
486.499	4.51
486.698	5.6
486.898	5.4
487.097	5.92
487.296	5.26
487.496	6.36
487.695	5.36
487.894	5.94
488.094	5.66
488.293	6.35
488.492	5.1
488.692	5.65
488.891	8.39
489.09	5.85
489.289	4.86
489.489	6.04
489.688	4.26
489.887	5.75
490.086	6.41
490.285	6.75
490.484	7.61
490.683	7.12
490.883	6.54
491.082	5.89
491.281	6.45
491.48	4.95
491.679	6.7
491.878	6.66
492.077	7.55
492.276	4.92
492.475	5.78
492.674	5.76
492.873	6.31
493.072	4.24
493.271	7.52
493.47	5.01
493.669	7.23
493.867	5.67
494.066	7.61
494.265	6.67
494.464	7.34
494.663	6.14
494.862	6.48
495.06	5.58
495.259	5.36
495.458	7.35
495.657	6.65
495.856	7.05
496.054	7.22
496.253	7.1
496.452	6.14
496.65	6.07
496.849	6.56
497.048	6.87
497.246	6.37
497.445	7.43
497.644	7
497.842	7.16
498.041	7.23
498.239	7.07
498.438	7.04
498.636	7.45
498.835	7.53
499.034	6.81
499.232	6.36
499.431	6.56
499.629	6.86
499.827	7.27
500.026	6.74
500.224	6.25
500.423	7.17
500.621	7.53
500.82	6.88
501.018	8.06
501.216	7.61
501.415	7.29
501.613	6.85
501.811	7.56
502.01	8.56
502.208	7.15
502.406	8.12
502.604	7.6
502.803	7.5
503.001	8.56
503.199	7.68
503.397	7.94
503.595	6.51
503.794	7.57
503.992	7.5
504.19	8.15
504.388	8.22
504.586	8.03
504.784	7.7
504.982	7.36
505.18	7.54
505.378	7.92
505.576	8.06
505.774	8.24
505.972	8.17
506.17	8.3
506.368	8.82
506.566	8.15
506.764	8.14
506.962	8.09
507.16	8
507.358	8.63
507.556	8.86
507.754	8.87
507.952	9.17
508.15	8.91
508.347	8.46
508.545	9.23
508.743	9.26
508.941	9
509.139	9.02
509.336	8.77
509.534	9.34
509.732	9.52
509.93	9.22
510.127	9.29
510.325	9.25
510.523	9.81
510.72	9.72
510.918	9.5
511.116	9.89
511.313	9.25
511.511	8.88
511.708	9.14
511.906	10.04
512.104	10.18
512.301	9.64
512.499	10.04
512.696	9.92
512.894	9.34
513.091	9.96
513.289	10.14
513.486	10.05
513.683	10.84
513.881	10.02
514.078	9.93
514.276	10.31
514.473	9.44
514.67	10.99
514.868	10.49
515.065	10.61
515.262	11.2
515.46	9.76
515.657	11.01
515.854	10.64
516.052	10.34
516.249	11.18
516.446	10.99
516.643	11.05
516.84	11.84
517.038	11.29
517.235	10.51
517.432	11.05
517.629	11.17
517.826	11.13
518.023	11.27
518.221	11.59
518.418	11.87
518.615	11.44
518.812	11.24
519.009	11.62
519.206	11.4
519.403	11.39
519.6	11.92
519.797	11.53
519.994	11.02
520.191	11.93
520.388	12.13
520.585	11.81
520.782	12.2
520.978	12.22
521.175	12.62
521.372	12.2
521.569	12.31
521.766	12.52
521.963	11.73
522.159	12.35
522.356	12.13
522.553	12.87
522.75	12.27
522.947	12.68
523.143	12.55
523.34	13.02
523.537	12.49
523.733	12.91
523.93	12.93
524.127	12.24
524.323	11.92
524.52	12.55
524.717	12.67
524.913	12.39
525.11	12.69
525.306	13.2
525.503	12.83
525.7	12.95
525.896	12.53
526.093	13.05
526.289	13.26
526.486	12.8
526.682	12.9
526.878	12.93
527.075	13.25
527.271	13.25
527.468	12.94
527.664	13.29
527.861	12.56
528.057	12.92
528.253	13.36
528.45	13.22
528.646	13.64
528.842	13.89
529.039	12.87
529.235	14.05
529.431	13.11
529.627	13.28
529.824	13.6
530.02	14.07
530.216	13.71
530.412	14.07
530.608	13.47
530.804	13.53
531.001	13.65
531.197	13.51
531.393	13.64
531.589	13.53
531.785	14.11
531.981	13.85
532.177	14.15
532.373	14.08
532.569	14.2
532.765	13.46
532.961	13.88
533.157	13.61
533.353	14.06
533.549	14.23
533.745	14.05
533.941	14.28
534.137	14.09
534.333	14.06
534.529	13.84
534.725	13.93
534.92	14.44
535.116	14.07
535.312	13.8
535.508	14.07
535.704	14.08
535.899	13.86
536.095	14.51
536.291	14.29
536.487	14.29
536.682	14.79
536.878	14.23
537.074	14.09
537.269	14.3
537.465	14.18
537.661	14.39
537.856	14.33
538.052	14.35
538.248	15.05
538.443	14.95
538.639	14.64
538.834	14.51
539.03	14.16
539.225	14.46
539.421	14.47
539.616	14.84
539.812	14.53
540.007	14.63
540.203	14.69
540.398	14.47
540.593	14.71
540.789	14.71
540.984	15.08
541.18	14.76
541.375	14.32
541.57	14.77
541.766	14.51
541.961	14.65
542.156	15.04
542.352	14.91
542.547	14.55
542.742	15.26
542.937	14.52
543.133	14.93
543.328	14.74
543.523	14.93
543.718	14.95
543.913	15.44
544.108	14.77
544.304	14.92
544.499	14.94
544.694	14.75
544.889	15.19
545.084	15.02
545.279	14.58
545.474	15.03
545.669	15.01
545.864	14.81
546.059	15.31
546.254	14.72
546.449	15.23
546.644	14.69
546.839	15.1
547.034	15.33
547.229	15.15
547.424	15.68
547.618	15.27
547.813	15.37
548.008	15.57
548.203	15.42
548.398	15.68
548.593	15.04
548.787	15.76
548.982	15.55
549.177	15.31
549.372	15.35
549.566	15.39
549.761	15.45
549.956	15.47
550.15	15.49
550.345	16.11
550.54	15.68
550.734	15.56
550.929	15.66
551.124	15.55
551.318	15.58
551.513	15.46
551.707	15.7
551.902	15.59
552.096	15.93
552.291	15.54
552.485	15.52
552.68	15.7
552.874	16.02
553.069	16.04
553.263	15.92
553.458	15.69
553.652	15.71
553.847	15.79
554.041	16.11
554.235	15.61
554.43	15.35
554.624	15.83
554.818	15.65
555.013	15.88
555.207	15.91
555.401	16.18
555.595	15.83
555.79	15.63
555.984	16.08
556.178	15.8
556.372	16.11
556.566	16.07
556.761	15.89
556.955	16.2
557.149	15.94
557.343	16.22
557.537	15.79
557.731	16.12
557.925	16.17
558.119	15.9
558.313	15.8
558.507	16.05
558.701	16.07
558.895	16.4
559.089	16.49
559.283	16.32
559.477	16.47
559.671	15.98
559.865	16.15
560.059	15.82
560.253	16.02
560.447	16.72
560.641	15.76
560.835	16.02
561.028	16.77
561.222	16.29
561.416	16.12
561.61	15.79
561.804	15.92
561.997	16.29
562.191	16.27
562.385	16.54
562.579	16.4
562.772	16.63
562.966	15.93
563.16	16.37
563.353	16.54
563.547	16.28
563.741	16.25
563.934	16.42
564.128	16.61
564.321	16.43
564.515	16.52
564.708	16.27
564.902	16.37
565.095	16.79
565.289	16.71
565.482	16.75
565.676	16.51
565.869	16.34
566.063	16.41
566.256	16.3
566.45	16.2
566.643	16.74
566.836	15.95
567.03	16.84
567.223	16.37
567.416	16.54
567.61	16.75
567.803	16.55
567.996	16.69
568.19	16.92
568.383	16.49
568.576	16.37
568.769	16.56
568.963	16.6
569.156	17.26
569.349	16.82
569.542	16.95
569.735	16.83
569.928	16.42
570.121	17.12
570.315	16.83
570.508	16.85
570.701	16.73
570.894	16.93
571.087	16.61
571.28	17.23
571.473	17.14
571.666	17
571.859	16.33
572.052	16.69
572.245	16.56
572.438	17.02
572.631	16.88
572.824	16.79
573.016	16.87
573.209	16.94
573.402	16.98
573.595	16.45
573.788	16.89
573.981	16.63
574.173	16.74
574.366	17.03
574.559	16.69
574.752	16.42
574.944	17.08
575.137	16.62
575.33	16.31
575.523	16.82
575.715	17.03
575.908	16.51
576.101	16.62
576.293	16.83
576.486	16.71
576.678	16.83
576.871	16.81
577.063	17.28
577.256	17.22
577.449	17.14
577.641	16.47
577.834	16.46
578.026	16.85
578.219	16.62
578.411	16.52
578.603	16.96
578.796	17.18
578.988	16.93
579.181	16.57
579.373	17.17
579.565	17.09
579.758	17.07
579.95	16.98
580.142	16.74
580.335	16.81
580.527	17.06
580.719	16.67
580.912	17.16
581.104	17.37
581.296	17.3
581.488	16.85
581.68	17.22
581.873	16.9
582.065	17.58
582.257	16.87
582.449	17.2
582.641	17.08
582.833	16.93
583.025	16.6
583.217	17.21
583.41	17.18
583.602	17.16
583.794	16.95
583.986	17.16
584.178	17.01
584.37	17.28
584.562	16.72
584.753	17.27
584.945	16.73
585.137	16.98
585.329	16.6
585.521	17.34
585.713	17.28
585.905	17.04
586.097	17.26
586.289	16.95
586.48	17.32
586.672	16.59
586.864	16.87
587.056	17.33
587.247	16.99
587.439	16.91
587.631	16.77
587.823	17.09
588.014	17.12
588.206	16.89
588.398	16.86
588.589	17.61
588.781	17.21
588.972	17.27
589.164	17.03
589.356	17.04
589.547	17.43
589.739	16.59
589.93	16.61
590.122	16.97
590.313	17.03
590.505	16.96
590.696	17.2
590.888	16.69
591.079	17.56
591.271	17.3
591.462	17.21
591.653	17.98
591.845	17.26
592.036	17.74
592.227	17.26
592.419	17.74
592.61	17.61
592.801	17.16
592.993	17.39
593.184	17.21
593.375	16.89
593.566	17.01
593.758	17.39
593.949	17.29
594.14	17.68
594.331	17.3
594.522	17.46
594.713	17.48
594.905	17.31
595.096	17.38
595.287	17.43
595.478	17.62
595.669	17.73
595.86	16.84
596.051	17.38
596.242	17.53
596.433	17.41
596.624	17.17
596.815	18.11
597.006	17.79
597.197	17.78
597.388	17.61
597.579	17.77
597.77	17.85
597.96	17.71
598.151	17.84
598.342	18.08
598.533	17.94
598.724	17.69
598.915	17.99
599.105	17.74
599.296	17.91
599.487	17.81
599.678	17.8
599.868	18.19
600.059	17.84
600.25	18.61
600.44	18.36
600.631	18.15
600.822	17.99
601.012	17.85
601.203	17.7
601.394	17.65
601.584	18.28
601.775	18.47
601.965	17.86
602.156	17.72
602.346	18.05
602.537	18.19
602.727	18.11
602.918	18.16
603.108	18.93
603.299	17.96
603.489	17.96
603.679	18.36
603.87	17.98
604.06	18.21
604.251	18.35
604.441	18.31
604.631	18.06
604.822	17.82
605.012	18.28
605.202	17.78
605.392	17.42
605.583	19.07
605.773	18.09
605.963	18.3
606.153	17.55
606.344	18.6
606.534	18.46
606.724	18.52
606.914	18.01
607.104	18.93
607.294	18.41
607.484	18.61
607.674	18
607.864	18.71
608.054	18.35
608.245	18.87
608.435	18.99
608.625	18.43
608.814	18.36
609.004	18.36
609.194	18.02
609.384	18.31
609.574	18.72
609.764	18.37
609.954	18.83
610.144	17.84
610.334	18.39
610.524	18.64
610.713	18.76
610.903	18.79
611.093	18.55
611.283	18.81
611.473	18.55
611.662	18.45
611.852	18.24
612.042	18.18
612.231	18.23
612.421	18.8
612.611	17.82
612.8	18.98
612.99	18.63
613.18	18.01
613.369	18.9
613.559	18.86
613.748	18.99
613.938	19.63
614.128	18.34
614.317	18.44
614.507	18.32
614.696	18.03
614.886	18.65
615.075	17.83
615.264	18.57
615.454	18.45
615.643	18.47
615.833	18.49
616.022	19.39
616.211	19.24
616.401	18.14
616.59	19.1
616.779	18.86
616.969	18.74
617.158	17.82
617.347	18.51
617.537	19.76
617.726	18.46
617.915	18.62
618.104	18.44
618.293	18.93
618.483	18.64
618.672	18.51
618.861	18.97
619.05	18.13
619.239	18.3
619.428	18.46
619.617	18.54
619.806	18.49
619.995	18.54
620.184	19.41
620.373	18.57
620.562	18.6
620.751	18.4
620.94	19.01
621.129	19.11
621.318	18.36
621.507	18.08
621.696	18.29
621.885	18.73
622.074	18.76
622.263	18.9
622.452	18.71
622.64	18.88
622.829	18.61
623.018	19.6
623.207	18.62
623.396	19.13
623.584	18.24
623.773	19.67
623.962	19.12
624.15	19.94
624.339	18.94
624.528	19.09
624.716	18.52
624.905	19.65
625.094	19.65
625.282	18.58
625.471	19.25
625.659	18.67
625.848	18.6
626.037	19.75
626.225	19.33
626.414	19.26
626.602	18.55
626.791	19.44
626.979	19.31
627.167	19.43
627.356	19.56
627.544	19.23
627.733	19.01
627.921	18.64
628.109	18.92
628.298	19.55
628.486	19.48
628.674	19.21
628.863	19.26
629.051	20.04
629.239	20.35
629.428	19.3
629.616	19.29
629.804	19.39
629.992	20.16
630.18	19.72
630.369	19.71
630.557	19.47
630.745	19.53
630.933	19.32
631.121	20.02
631.309	19.16
631.497	20.12
631.685	19.45
631.873	19.15
632.061	19.16
632.249	20.1
632.437	20.24
632.625	19.27
632.813	20.17
633.001	19.74
633.189	19.58
633.377	19.82
633.565	19.56
633.753	18.71
633.941	19.04
634.129	19.9
634.316	20.22
634.504	19.16
634.692	19.1
634.88	20.75
635.068	19.86
635.255	20.74
635.443	19.98
635.631	18.95
635.818	19.89
636.006	19.45
636.194	19.63
636.382	18.61
636.569	19.82
636.757	19.85
636.944	20.23
637.132	20.11
637.32	20.98
637.507	19.59
637.695	19.35
637.882	19.87
638.07	21.05
638.257	20.2
638.445	19.2
638.632	19.45
638.82	19.05
639.007	19.66
639.194	19.75
639.382	20.28
639.569	19.4
639.757	20.42
639.944	19.45
640.131	19.02
640.319	19.01
640.506	20.71
640.693	19.48
640.88	20.06
641.068	19.72
641.255	19.37
641.442	19.28
641.629	20.09
641.817	20.67
642.004	19.18
642.191	20.39
642.378	20.57
642.565	20.8
642.752	19.55
642.939	18.78
643.126	19.67
643.313	20.22
643.501	20.09
643.688	20.16
643.875	19.17
644.062	19.45
644.249	18.99
644.435	19.51
644.622	18.64
644.809	19.49
644.996	18.87
645.183	18.34
645.37	19.19
645.557	19.01
645.744	18.74
645.931	18.85
646.117	18.6
646.304	19.19
646.491	19.63
646.678	20.39
646.865	19.52
647.051	19.11
647.238	19.71
647.425	18.82
647.611	19.41
647.798	18.67
647.985	18.3
648.171	19.83
648.358	18.56
648.545	19.74
648.731	18
648.918	19.6
649.104	19.57
649.291	18.92
649.477	19.38
649.664	19.27
649.85	19.17
650.037	19.63
650.223	18.51
650.41	19.41
650.596	18.28
650.783	19.06
650.969	20.25
651.155	18.83
651.342	17.3
651.528	18.63
651.714	18.77
651.901	19.22
652.087	19.02
652.273	19.46
652.46	19.25
652.646	19.27
652.832	18.68
653.018	18.99
653.204	19.18
653.391	20.07
653.577	19.38
653.763	20.94
653.949	20.15
654.135	18.11
654.321	19.56
654.507	18.69
654.693	18.76
654.879	18.84
655.065	18.35
655.252	17.46
655.438	19.24
655.624	19.22
655.809	17.72
655.995	18.67
656.181	17.75
656.367	19.39
656.553	18.92
656.739	18.43
656.925	18.64
657.111	18.86
657.297	19.38
657.482	19.24
657.668	19.48
657.854	18.24
658.04	16.96
658.226	18.2
658.411	18.11
658.597	18.43
658.783	18.9
658.968	18.39
659.154	17.23
659.34	19.44
659.525	15.42
659.711	18.28
659.897	18.91
660.082	18.64
660.268	17.31
660.453	17.31
660.639	18.45
660.824	16.81
661.01	17.96
661.195	17.63
661.381	18.08
661.566	18.71
661.752	18.8
661.937	17.48
662.123	16.54
662.308	17.2
662.494	17.53
662.679	17.26
662.864	17.87
663.05	17.34
663.235	18.58
663.42	17.34
663.605	16.09
663.791	15.94
663.976	16.05
664.161	17.1
664.346	17.54
664.532	17.02
664.717	14.75
664.902	17.77
665.087	20.52
665.272	17.25
665.457	16.12
665.642	14.83
665.828	18.68
666.013	17.38
666.198	15.47
666.383	15.65
666.568	16.85
666.753	17.59
666.938	17.34
667.123	19.72
667.308	15.29
667.493	17.93
667.677	14.92
667.862	15.81
668.047	16.55
668.232	14.84
668.417	16.11
668.602	15.7
668.787	16.59
668.971	13.86
669.156	18.22
669.341	15.1
669.526	18.11
669.711	17.07
669.895	16.02
670.08	16.04
670.265	15.91
670.449	16.78
670.634	17.35
670.819	16.7
671.003	16.65
671.188	15.83
671.372	16.31
671.557	18.71
671.742	18.6
671.926	14.76
672.111	15.9
672.295	13.76
672.48	14.54
672.664	16.4
672.849	15.96
673.033	18
673.217	16.71
673.402	15.06
673.586	14.11
673.771	18.18
673.955	18.23
674.139	16.03
674.324	16.86
674.508	15.97
674.692	18.44
674.876	18.44
675.061	16.96
675.245	19.41
675.429	17.15
675.613	18.58
675.798	18.07
675.982	19.47
676.166	18.71
676.35	17.79
676.534	18.4
676.718	15.89
676.902	19.57
677.087	14.73
677.271	18.56
677.455	17.64
677.639	15.75
677.823	18.6
678.007	16.66
678.191	18.73
678.375	16.72
678.559	17.79
678.742	17.19
678.926	19.86
679.11	19.77
679.294	22.26
679.478	18.71
679.662	17.39
679.846	20.58
680.029	20.63
680.213	16.62
680.397	19.62
680.581	19.4
680.765	20.53
680.948	19.21
681.132	21.31
681.316	18.57
681.499	21.58
681.683	20.22
681.867	21.54
682.05	21.69
682.234	20.74
682.417	20.09
682.601	25.59
682.785	21.35
682.968	21.29
683.152	23.35
683.335	22.93
683.519	20.79
683.702	19.68
683.886	22.18
684.069	23.27
684.253	22.67
684.436	25.01
684.619	22.45
684.803	25.67
684.986	25.99
685.169	26.01
685.353	24.15
685.536	24.1
685.719	22.67
685.903	24.41
686.086	21.13
686.269	27.12
686.452	21.24
686.636	25.99
686.819	26.93
687.002	25.63
687.185	26.51
687.368	27.27
687.551	25.11
687.734	30.84
687.918	30.1
688.101	27.08
688.284	27.87
688.467	27.35
688.65	29.4
688.833	28.78
689.016	26.23
689.199	25.12
689.382	30.04
689.565	28.67
689.748	29.11
689.93	26.18
690.113	28.54
690.296	26.62
690.479	30.09
690.662	28.49
690.845	26.87
691.028	27.55
691.21	28.98
691.393	29.2
691.576	28.9
691.759	28.03
691.941	27.3
692.124	30.1
692.307	31.9
692.489	30.32
692.672	26.34
692.855	31.85
693.037	31.9
693.22	36.86
693.403	26.67
693.585	30.46
693.768	33.42
693.95	27.74
694.133	32.93
694.315	29.49
694.498	30.44
694.68	28.2
694.863	35.79
695.045	33.64
695.228	34.3
695.41	28.77
695.592	31.99
695.775	31.71
695.957	31.88
696.139	34.22
696.322	28.5
696.504	32.4
696.686	28.22
696.869	29.85
697.051	36.05
697.233	30.12
697.415	33.37
697.597	31
697.78	29.02
697.962	32.24
698.144	35.51
698.326	33.19
698.508	32.46
698.69	33.77
698.872	33.37
699.055	37.11
699.237	31.63
699.419	25.92
699.601	30.25
699.783	36.01
699.965	30.73
700.147	28.24
700.329	31.3
700.51	35.15
700.692	30.35
700.874	32.76
701.056	38.37
701.238	26.59
701.42	37.39
701.602	32.7
701.783	31.87
701.965	33.54
702.147	37.38
702.329	35.31
702.511	29.38
702.692	34.63
702.874	32.32
703.056	29.77
703.237	36.27
703.419	28.9
703.601	33.34
703.782	37.8
703.964	31.29
704.146	33.04
704.327	40.54
704.509	39.42
704.69	37.02
704.872	39.64
705.053	37.74
705.235	35.73
705.416	26.28
705.598	33.24
705.779	33.43
705.961	32.39
706.142	34.57
706.323	38.96
706.505	32.13
706.686	30.17
706.867	29.64
707.049	38.14
707.23	36.59
707.411	36.68
707.593	36.19
707.774	40.42
707.955	28.97
708.136	30.94
708.318	32.62
708.499	34.24
708.68	37.03
708.861	31.76
709.042	31.05
709.223	31.05
709.404	35.48
709.585	32.41
709.767	32.65
709.948	36.06
710.129	36.96
710.31	28.2
710.491	36.46
710.672	32.03
710.853	29.67
711.034	32.93
711.214	32.36
711.395	34.16
711.576	27.93
711.757	35.21
711.938	35.84
712.119	31.94
712.3	38.74
712.481	28.83
712.661	35.21
712.842	29.56
713.023	38.6
713.204	35.87
713.384	41.43
713.565	27.8
713.746	23.02
713.926	29.61
714.107	35.99
714.288	33.8
714.468	38.86
714.649	35.89
714.83	26.81
715.01	39.06
715.191	31.99
715.371	32.7
715.552	35.2
715.732	37.18
715.913	36.02
716.093	37.4
716.274	38.55
716.454	29.88
716.635	32.09
716.815	36.6
716.995	31.41
717.176	32.98
717.356	30.37
717.536	35.17
717.717	28.46
717.897	28.41
718.077	23.02
718.258	35.61
718.438	39.64
718.618	34.49
718.798	28.33
718.978	30.28
719.159	35.63
719.339	39.39
719.519	29.7
719.699	38.92
719.879	39.38
720.059	40.55
720.239	44.35
720.419	35.07
720.599	40.89
720.779	50.72
720.959	28.7
721.139	27.89
721.319	40.94
721.499	47.61
721.679	35.74
721.859	37.22
722.039	36.14
722.219	42.17
722.399	41.81
722.579	23.21
722.759	36.82
722.938	30.22
723.118	29.66
723.298	26.33
723.478	18.93
723.658	49.99
723.837	37.35
724.017	21.47
724.197	35.08
724.376	37
724.556	7.14
724.736	47.67
724.915	35.19
725.095	36.89
725.275	47.41
725.454	44.15
725.634	26.81
725.813	44.44
725.993	38.74
726.172	40.82
726.352	42.47
726.531	42.94
726.711	35.38
726.89	36.72
727.07	54.95
727.249	29.56
727.428	32.27
727.608	33.46
727.787	33.79
727.966	33.35
728.146	27.95
728.325	36.03
728.504	39.5
728.684	21.34
728.863	39.17
729.042	20.37
729.221	33.17
729.4	22.45
729.58	45.2
729.759	42.18
729.938	51.22
730.117	48.71
730.296	40.4
730.475	41.99
730.654	55.44
730.833	24.48
731.013	31.32
731.192	23.92
731.371	31.96
731.55	65.01
731.729	32.19
731.907	50.72
732.086	41.6
732.265	21.96
732.444	16.52
732.623	35.73
732.802	49.1
732.981	40.52
733.16	56.11
733.339	26.96
733.517	47.4
733.696	33.35
733.875	38.15
734.054	33.89
734.232	49.98
734.411	36.38
734.59	25.59
734.768	37.2
734.947	24.17
735.126	41.49
735.304	20.8
735.483	49.98
735.662	48.57
735.84	37.72
736.019	34.2
736.197	33.36
736.376	50.17
736.554	56.53
736.733	65.22
736.911	47.87
737.09	44.23
737.268	38.93
737.447	52.73
737.625	47.15
737.803	27.87
737.982	91.27
738.16	13.84
738.338	58.66
738.517	48.65
738.695	44.32
738.873	48.39
739.052	27.49
739.23	5.98
739.408	26.27
739.586	47.76
739.764	30.93
739.943	33.51
740.121	37.16
740.299	32.52
740.477	38.5
740.655	42.45
740.833	38.43
741.011	52.69
741.189	52.66
741.367	40.42
741.545	7.22
741.723	23.13
741.901	50.34
742.079	62.75
742.257	59.68
742.435	37.27
742.613	45.64
742.791	61.25
742.969	39.39
743.147	21.15
743.325	23.82
743.503	44.62
743.68	35.29
743.858	28.4
744.036	17.96
744.214	30.61
744.391	10.3
744.569	16.45
744.747	44.69
744.925	62.14
745.102	42.74
745.28	22.59
745.458	41.99
745.635	53
745.813	65.54
745.99	56.55
746.168	52.98
746.345	73.97
746.523	29.69
746.7	33.66
746.878	16.47
747.055	22.71
747.233	44.97
747.41	58.93
747.588	44.51
747.765	38.05
747.943	-2.07
748.12	28.17
748.297	21.07
748.475	65.85
748.652	13.74
748.829	46.44
749.007	51.12
749.184	29.91
749.361	56.48
749.538	51.93
749.716	41.83
749.893	2.72
750.07	33.36
750.247	69.55
750.424	37.41
750.601	77.41
750.778	46.47
750.956	52.31
751.133	38.26
751.31	42.05
751.487	16.15
751.664	13.89
751.841	16.12
752.018	47.05
752.195	25.33
752.372	28.08
752.549	21.58
752.726	40.65
752.902	55.58
753.079	57.32
753.256	60.55
753.433	31.77
753.61	62.86
753.787	44.31
753.964	47.43
754.14	20.1
754.317	56.55
754.494	43.56
754.671	55.78
754.847	42.05
755.024	51.65
755.201	68.21
755.377	50.93
755.554	58.63
755.73	45.93
755.907	63.14
756.084	44.69
756.26	42
756.437	24.49
756.613	74.4
756.79	43.6
756.966	82.94
757.143	43.74
757.319	46.61
757.496	51.57
757.672	90.74
757.849	50.49
758.025	28.79
758.201	80.98
758.378	29.38
758.554	16.93
758.73	62.3
758.907	41
759.083	48.9
759.259	64
759.435	63.78
759.612	73.36
759.788	64.43
759.964	49.49
760.14	54.15
760.316	-10.53
760.493	23.24
760.669	72.64
760.845	-8.9
761.021	3.42
761.197	47.11
761.373	36.51
761.549	37.84
761.725	50.47
761.901	44.13
762.077	51.96
762.253	28.74
762.429	40.75
762.605	33.89
762.781	30.22
762.957	59.49
763.133	54.56
763.308	73.73
763.484	80.39
763.66	44.98
763.836	93.77
764.012	-59.65
764.187	23.34
764.363	69.53
764.539	51.46
764.715	30.77
764.89	22.08
765.066	60.15
765.242	25.49
765.417	14.05
765.593	48.11
765.769	91.03
765.944	23.53
766.12	103.47
766.295	15.95
766.471	-7.64
766.646	25.79
766.822	43.47
766.997	31.08
767.173	90.7
767.348	22.52
767.524	11.07
767.699	58.44
767.875	58.85
768.05	34.54
768.225	132.42
768.401	42.02
768.576	38.51
768.751	49.17
768.927	185.05
769.102	96.27
769.277	93.68
769.452	93.39
769.628	65.37
769.803	74.54
769.978	111.5
770.153	30.95
770.328	72.5
770.503	67.26
770.679	144.89
770.854	42.11
771.029	42.36
771.204	33.77
771.379	47.33
771.554	50.86
771.729	75.47
771.904	60.64
772.079	45.59
772.254	80.6
772.429	132.92
772.604	37.54
772.779	67.71
772.953	45.57
773.128	27.57
773.303	13.96
773.478	69.92
773.653	92.85
773.828	54.07
774.002	111.99
774.177	47.9
774.352	586.96
774.527	27.56
774.701	3.17
774.876	95.96
775.051	-197.33
775.225	79.92
775.4	60.39
775.575	33.06
775.749	65.61
775.924	82.85
776.098	78.59
776.273	9.25
776.447	57.97
776.622	68.43
776.796	-25.71
776.971	-22.37
777.145	55.17
777.32	58.12
777.494	81.77
777.669	-0.82
777.843	-10.75
778.017	60.58
778.192	64.84
778.366	11.45
778.54	40.38
778.715	-103.95
778.889	93.05
779.063	64.49
779.237	27.61
779.412	78.14
779.586	128.78
779.76	76.38
779.934	43.83
780.108	91.61
780.282	22.39
780.457	49.95
780.631	-167.06
780.805	-60.47
780.979	-514.93
781.153	49.87
781.327	74.58
781.501	31.69
781.675	-48.1
781.849	60.15
782.023	174.95
782.197	4.05
782.371	324
782.545	200.61
782.718	60.42
782.892	122.9
783.066	50.7
783.24	-3.64
783.414	14.96
783.588	148.46
783.761	-55.04
783.935	213.9
784.109	87.23
784.283	420
784.456	120.85
784.63	26.12
784.804	21.92
784.977	-4.82
785.151	-71.21
785.324	122.17
785.498	19.86
785.672	53.87
785.845	52.94
786.019	177.73
786.192	200.66
786.366	51.53
786.539	5.08
786.713	-61.31
786.886	-12.42
787.06	-13.6
787.233	107.29
787.406	-18.84
787.58	51.36
787.753	110.6
787.926	16.73
788.1	200.61
788.273	-96.23
788.446	142.8
788.62	-609.68
788.793	-16.23
788.966	61.24
789.139	88.73
789.313	4.09
789.486	2100
789.659	-162.86
789.832	73.79
790.005	68.09
790.178	103.54
790.351	116.82
790.524	-19.32
790.697	51.64
790.87	-50.25
791.044	900
791.216	136.81
791.389	-338.5
791.562	124.01
791.735	565.82
791.908	401.3
792.081	72.51
792.254	148.35
792.427	132.71
792.6	-20.12
792.773	32.88
792.945	308.96
793.118	93.05
793.291	530.77
793.464	-3.83
793.637	-123.31
793.809	103.91
793.982	107.97
794.155	145.01
794.327	119.28
794.5	-244.62
794.673	195.55
794.845	50.19
795.018	-80.71
795.19	-273.03
795.363	86.68
795.536	229.49
795.708	-67.74
795.881	420
796.053	33.47
796.226	132
796.398	11.57
796.57	166.52
796.743	-13.12
796.915	4.05
797.088	-61.94
797.26	200.79
797.432	778.48
797.605	213.37
797.777	-362.34
797.949	33.59
798.122	66.46
798.294	6.73
798.466	180
798.638	72.41
798.81	78.59
798.983	262.03
799.155	109.67
799.327	0.72
799.499	119.61
799.671	56.18
799.843	75.73
800.015	-47.86
800.187	-34.64
800.359	69.84
800.531	42.86
800.703	60.77
800.875	17.85
801.047	69.61
801.219	105.46
801.391	-19.48
801.563	10.79
801.735	28.34
801.907	384.66
802.079	-110.73
802.251	267.03
802.422	-167.72
802.594	105.19
802.766	47.3
802.938	141.26
803.11	204.49
803.281	343.71
803.453	78.58
803.625	82.29
803.796	29.25
803.968	21.81
804.14	84
804.311	15.27
804.483	151.53
804.654	76.98
804.826	125.08
804.998	181.28
805.169	-54.44
805.341	112.8
805.512	-240.37
805.684	-9.24
805.855	19.27
806.026	106.15
806.198	244.79
806.369	52.15
806.541	62.52
806.712	148.66
806.883	20.44
807.055	162.06
807.226	241.04
807.397	187.91
807.569	-151.33
807.74	72.12
807.911	13.47
808.082	-95.52
808.253	32.67
808.425	56.09
808.596	-151.69
808.767	278.42
808.938	-56.07
809.109	-145.54
809.28	-209
809.451	92.1
809.622	-62.57
809.793	-261.29
809.964	232.17
810.135	94.58
810.306	109.25
810.477	360.4
810.648	63.36
810.819	60.23
810.99	-2700
811.161	-23.42
811.332	264.32
811.503	81.18
811.674	512.31
811.844	-466.15
812.015	114.78
812.186	509.82
812.357	-351.5
812.527	39.42
812.698	6.91
812.869	311.32
813.04	55.35
813.21	-2575.86
813.381	68.87
813.551	31.27
813.722	138.88
813.893	56.45
814.063	42.43
814.234	-605.45
814.404	-9.72
814.575	102.71
814.745	475.22
814.916	34.15
815.086	30.95
815.257	119.73
815.427	1.84
815.598	37.46
815.768	58.18
815.938	84.91
816.109	292.71
816.279	76.29
816.449	-28.1
816.62	-300
816.79	128.47
816.96	-933.96
817.13	14.61
817.301	-159.9
817.471	-81.82
817.641	237.42
817.811	-457.66
817.981	900
818.152	52.61
818.322	-288.12
818.492	70.85
818.662	107.07
818.832	56.1
819.002	90.7
819.172	54.45
819.342	-182.08
819.512	86.95
819.682	51.82
819.852	20.26
820.022	13.97
820.192	-70.79
820.362	-100.44
820.531	122.15
820.701	42.86
820.871	-88.47
821.041	-66.52
821.211	-25.91
821.381	115.96
821.55	118.72
821.72	-244.19
821.89	401.54
822.059	130.52
822.229	62.75
822.399	103.59
822.568	87.46
822.738	-1500
822.908	568.71
823.077	49.82
823.247	130.81
823.416	52.94
823.586	8.02
823.756	-26.2
823.925	565.82
824.095	1262.79
824.264	-187
824.433	-406.19
824.603	99.24
824.772	-12.26
824.942	-786.08
825.111	-131.16
825.28	-285.09
825.45	-91.3
825.619	132.3
825.788	-583.15
825.958	46.46
826.127	-29.15
826.296	247.23
826.465	112.24
826.635	164.05
826.804	49.86
826.973	32.1
827.142	67.66
827.311	-42.28
827.48	101.68
827.649	260.5
827.818	484.25
827.988	55.2
828.157	173.98
828.326	-29.44
828.495	-21.25
828.664	124.9
828.833	196.11
829.002	-24.22
829.17	46.31
829.339	164.32
829.508	-18.22
829.677	-300
829.846	91.48
830.015	-43.1
830.184	68.84
830.352	118.24
830.521	28.06
830.69	519.51
830.859	-2205.88
831.027	584.21
831.196	61.34
831.365	23.64
831.533	-14.22
831.702	239.27
831.871	-22.41
832.039	60.35
832.208	-153.91
832.377	-111.02
832.545	5.4
832.714	111.16
832.882	-15.74
833.051	-14.73
833.219	5185.71
833.388	-85.87
833.556	-9.62
833.724	34.98
833.893	111.22
834.061	521.05
834.23	13.22
834.398	103.09
834.566	525.97
834.735	900
834.903	107.55
835.071	-780
835.239	-60
835.408	175.06
835.576	-104.65
835.744	73.61
835.912	119.37
836.08	95.53
836.249	-1047.17
836.417	181.28
836.585	84.29
836.753	134.88
836.921	69.73
837.089	1414.29
837.257	-1555.81
837.425	-105.96
837.593	-78.55
837.761	96.25
837.929	0.98
838.097	123.21
838.265	45.62
838.433	105.25
838.601	18.3
838.769	520.25
838.936	360.67
839.104	118.53
839.272	147.02
839.44	132.97
839.608	-1821.95
839.775	37.28
839.943	71.75
840.111	130.65
840.279	-43.34
840.446	326.87
840.614	-35.06
840.781	86.09
840.949	52.1
841.117	-71.95
841.284	-171.24
841.452	-39.13
841.619	48.21
841.787	204.8
841.954	-997.67
842.122	-237.57
842.289	-3.6
842.457	-14.45
842.624	227.56
842.792	-221.17
842.959	104.57
843.126	58.31
843.294	-70.21
843.461	316.31
843.629	-40.8
843.796	18.79
843.963	-1.17
844.13	125.92
844.298	135.52
844.465	-83.09
844.632	169.57
844.799	13.57
844.966	93.19
845.134	54.97
845.301	8.93
845.468	192.72
845.635	145.23
845.802	67.66
845.969	71.36
846.136	75.15
846.303	3047.37
846.47	32.36
846.637	401.54
846.804	331.58
846.971	73.77
847.138	181.85
847.305	61.06
847.472	2.74
847.639	-10.54
847.805	113.79
847.972	-19.48
848.139	127.47
848.306	1973.68
848.473	255.22
848.639	67.06
848.806	-40.8
848.973	122.18
849.14	86.12
849.306	-79.37
849.473	176.82
849.64	512.31
849.806	-219.62
849.973	102.16
850.139	-29.8
850.306	64.42
850.472	213.65
850.639	93.44
850.806	-236.84
850.972	190.43
851.139	-5271.43
851.305	52.77
851.471	88.61
851.638	68.1
851.804	76.12
851.971	37.92
852.137	-23.61
852.303	-95.74
852.47	65.13
852.636	-242.58
852.802	484.25
852.968	42.13
853.135	35.03
853.301	-182.08
853.467	-103.28
853.633	6.98
853.8	-91.9
853.966	-348.73
854.132	6728.57
854.298	304.38
854.464	10.11
854.63	-33.78
854.796	-39.66
854.962	-23.74
855.128	126.45
855.294	1.86
855.46	-194.43
855.626	-166
855.792	19.69
855.958	212.62
856.124	-108.59
856.29	-5.96
856.456	11.03
856.622	128.94
856.787	977.92
856.953	66.85
857.119	103.96
857.285	-112.32
857.45	-41.34
857.616	42.42
857.782	-51.41
857.948	79.94
858.113	-218.09
858.279	150.76
858.445	-54.33
858.61	1709.3
858.776	-27.94
858.941	-74.26
859.107	20.65
859.273	7.76
859.438	-34.32
859.604	1531.58
859.769	153.54
859.935	-430.69
860.1	87.75
860.265	6.14
860.431	45.32
860.596	3471.43
860.762	4.37
860.927	39.94
861.092	126.28
861.258	-164.02
861.423	158.69
861.588	101.99
861.753	4842.86
861.919	-73.58
862.084	361.42
862.249	208.47
862.414	113.65
862.579	89.85
862.745	71.13
862.91	204.8
863.075	114.33
863.24	37.13
863.405	-167.34
863.57	-65.47
863.735	112.16
863.9	-236.28
864.065	-88.62
864.23	-2.37
864.395	148.4
864.56	116.92
864.725	550.63
864.89	-3.37
865.055	-23.42
865.22	-9.22
865.384	-178.65
865.549	352.43
865.714	-2.11
865.879	-56.07
866.044	-63.93
866.208	113.9
866.373	-220.88
866.538	82.2
866.702	-122.95
866.867	-34.27
867.032	69.88
867.196	111.38
867.361	36
867.526	-191.85
867.69	38.63
867.855	227.47
868.019	1401.82
868.184	8.26
868.348	-66.55
868.513	-1461.29
868.677	250.97
868.842	166.43
869.006	94.33
869.17	-911.32
869.335	-300
869.499	-206.8
869.663	168.87
869.828	49.8
869.992	900
870.156	-3.15
870.321	-113.49
870.485	69.84
870.649	54.62
870.813	-12.18
870.978	353.62
871.142	-1056.92
871.306	-9.95
871.47	243.07
871.634	361.42
871.798	-150.93
871.962	33.49
872.126	1585.71
872.29	-6.54
872.454	1757.14
872.618	50.24
872.782	201.49
872.946	416.78
873.11	91.96
873.274	-182.08
873.438	-370.59
873.602	29.29
873.766	-3.9
873.93	-155.34
874.094	684.27
874.257	31.03
874.421	136.99
874.585	-561.82
874.749	144.57
874.912	53.96
875.076	12.66
875.24	117.05
875.403	248.81
875.567	36
875.731	212.36
875.894	180
876.058	-30.14
876.222	-70.79
876.385	290.95
876.549	24.32
876.712	332.73
876.876	40.08
877.039	149.42
877.203	37.24
877.366	-24.51
877.529	-11.66
877.693	104.01
877.856	120.82
878.02	-14.17
878.183	15.99
878.346	-471.43
878.51	177.88
878.673	338.85
878.836	127.76
878.999	-145.16
879.163	113.11
879.326	-14.58
879.489	154.5
879.652	100.77
879.815	41.36
879.978	-148.16
880.142	86.58
880.305	-128.57
880.468	67.23
880.631	43.77
880.794	-3.25
880.957	-1119.51
881.12	-1852.94
881.283	243.5
881.446	143.14
881.609	278.42
881.772	126.06
881.935	-582.35
882.097	172.63
882.26	-322.64
882.423	176.38
882.586	63.1
882.749	189.8
882.912	119.63
883.074	134.32
883.237	-47.51
883.4	5.57
883.562	71.02
883.725	-127.2
883.888	380.31
884.05	1380
884.213	90.07
884.376	13.04
884.538	62.26
884.701	62.26
884.863	62.26
