181.954	68.83
182.172	68.83
182.39	68.83
182.608	-3160
182.826	2.2
183.043	-60.43
183.261	124.8
183.479	284.46
183.697	1541.18
183.914	78.54
184.132	167.91
184.35	479.82
184.567	115.49
184.785	115.04
185.003	-0.51
185.22	200
185.438	91.75
185.656	19.1
185.873	33.85
186.091	45.12
186.309	613.79
186.526	259.73
186.744	-11.44
186.961	-13.21
187.179	97.63
187.396	0.38
187.614	292.31
187.831	-6280
188.049	-344.79
188.266	87.76
188.484	253.73
188.701	-300.97
188.919	60.49
189.136	128.18
189.354	102.7
189.571	-61.61
189.789	-2.22
190.006	37.16
190.223	-124.32
190.441	87.17
190.658	-485.71
190.876	152.78
191.093	-208.79
191.31	43.92
191.528	39.81
191.745	72.55
191.962	103.12
192.179	30.82
192.397	-13.77
192.614	-80.16
192.831	46.92
193.049	44.06
193.266	747.57
193.483	65.29
193.7	107.69
193.917	99.09
194.135	174.1
194.352	56.37
194.569	39.92
194.786	142.98
195.003	96.02
195.221	25.03
195.438	0.71
195.655	272.36
195.872	-68.47
196.089	10.86
196.306	0.42
196.523	8.15
196.74	-5.71
196.957	41.2
197.174	-43.65
197.391	117.81
197.608	32.97
197.825	-535.48
198.042	47.86
198.259	1068.97
198.476	112.46
198.693	680
198.91	-273.82
199.127	683.58
199.344	-23.48
199.561	297.11
199.778	40.45
199.995	-749.25
200.212	-710.34
200.429	177.25
200.646	-43.04
200.862	226.97
201.079	65.63
201.296	279.47
201.513	-114.56
201.73	-149.82
201.947	33.25
202.163	50.9
202.38	130.64
202.597	33.16
202.814	4.75
203.03	6920
203.247	-53.27
203.464	37.09
203.681	137.66
203.897	79.68
204.114	-230.19
204.331	93.11
204.547	562.79
204.764	68.37
204.981	-294.12
205.197	302.13
205.414	110.16
205.63	1151.72
205.847	37.19
206.064	309.09
206.28	-68.12
206.497	-79.9
206.713	86.97
206.93	-44.69
207.146	46.09
207.363	-3.08
207.579	-314.29
207.796	-511.5
208.012	71.78
208.229	-623.88
208.445	-58.31
208.662	0.34
208.878	161.12
209.095	58.82
209.311	29.16
209.528	2942.86
209.744	-8.49
209.96	152.32
210.177	491.26
210.393	40.37
210.609	5960
210.826	-6.13
211.042	387.83
211.258	164.18
211.475	90.91
211.691	34.73
211.907	-817.72
212.124	-9.38
212.34	200
212.556	3.28
212.772	-287.91
212.989	-54.3
213.205	-96.68
213.421	-155.78
213.637	56.72
213.853	-33.46
214.069	1968.42
214.286	67.06
214.502	-373.13
214.718	-127.27
214.934	2.83
215.15	-71.48
215.366	67.35
215.582	21.91
215.798	110.39
216.015	112.52
216.231	-33.51
216.447	16.77
216.663	116.63
216.879	-83.42
217.095	38.93
217.311	471.7
217.527	133.18
217.743	-347.57
217.959	381.13
218.175	55.45
218.391	398.56
218.606	-184
218.822	366.96
219.038	-50.27
219.254	91.37
219.47	-20.35
219.686	375.28
219.902	46.97
220.118	13.71
220.334	30.97
220.549	82.41
220.765	46
220.981	-12.96
221.197	16.31
221.413	-406.59
221.628	382.28
221.844	-275.47
222.06	1.94
222.276	-24.36
222.491	-1.75
222.707	-0.66
222.923	-532.89
223.139	37.84
223.354	60.05
223.57	-310.24
223.786	7.85
224.001	-142.86
224.217	14.58
224.432	137.57
224.648	106.7
224.864	32.29
225.079	110.45
225.295	-76.92
225.51	232.43
225.726	45.63
225.942	-40.75
226.157	34.41
226.373	-157.45
226.588	91.37
226.804	-1442.11
227.019	-125.63
227.235	37.43
227.45	59.7
227.665	13880
227.881	86.61
228.096	43.48
228.312	-8.44
228.527	95.07
228.743	-280
228.958	-79.88
229.173	-353.04
229.389	101.64
229.604	43.57
229.819	7.08
230.035	-181.63
230.25	-2.92
230.465	123.4
230.681	-89.25
230.896	-19.81
231.111	26.34
231.327	80.35
231.542	-1000
231.757	231.23
231.972	-139.22
232.187	-75.74
232.403	-1315.79
232.618	114.58
232.833	78.8
233.048	-498.18
233.263	-52.39
233.478	53.91
233.694	172.09
233.909	1400
234.124	130.21
234.339	0.39
234.554	-1496.55
234.769	77.62
234.984	-20.63
235.199	112.76
235.414	-405.31
235.629	-605.06
235.844	49.73
236.059	40.64
236.274	33.23
236.489	-236.36
236.704	20.12
236.919	53.06
237.134	87.37
237.349	-32.26
237.564	45.92
237.779	-37.47
237.994	57.02
238.209	127.73
238.424	-168.1
238.639	-9.02
238.853	-29.01
239.068	-137.16
239.283	-28.4
239.498	171.5
239.713	31.53
239.928	-16.35
240.142	108.13
240.357	-64.85
240.572	71.55
240.787	-91.01
241.001	5.96
241.216	58.32
241.431	298.22
241.646	-14.09
241.86	-235.87
242.075	-2032.56
242.29	86.23
242.504	-1.23
242.719	281.99
242.934	322.83
243.148	-78.82
243.363	-21.41
243.577	523.6
243.792	63.97
244.007	-27.18
244.221	-33.77
244.436	-462.69
244.65	45.4
244.865	154.5
245.079	259.19
245.294	-76.26
245.508	157.24
245.723	159.44
245.937	-274.73
246.152	5.34
246.366	-1.72
246.581	-51.16
246.795	96.93
247.01	-88.13
247.224	23.85
247.438	25.76
247.653	16.36
247.867	-6.2
248.081	103.9
248.296	-151.22
248.51	58.75
248.724	114.17
248.939	-480.6
249.153	-15.51
249.367	10.02
249.582	88.83
249.796	-283.12
250.01	-38.41
250.224	42.97
250.439	-110.99
250.653	79.64
250.867	-9.95
251.081	114.69
251.295	-65.01
251.51	302.13
251.724	217.27
251.938	173.23
252.152	-36.5
252.366	109.93
252.58	-454.55
252.794	102.57
253.008	104.64
253.223	74.94
253.437	72.1
253.651	0.23
253.865	112.81
254.079	-4.21
254.293	149.5
254.507	25.45
254.721	-53.1
254.935	-248.35
255.149	47.78
255.363	87.34
255.577	216.11
255.791	45.42
256.005	8.59
256.218	-21.29
256.432	64.96
256.646	62.09
256.86	-2.82
257.074	120.13
257.288	5240
257.502	-10.99
257.716	38.66
257.929	-53.78
258.143	53.66
258.357	-79.86
258.571	49.45
258.785	-50.12
258.998	11.73
259.212	-52.49
259.426	-128.25
259.64	89.7
259.853	-21.94
260.067	70.73
260.281	22.8
260.494	17.83
260.708	473.27
260.922	2.87
261.135	75.39
261.349	-86.39
261.563	66.99
261.776	-435.29
261.99	67.6
262.203	46.49
262.417	-41.7
262.63	-117.29
262.844	-582.02
263.058	-23.73
263.271	25.9
263.485	46.55
263.698	61.48
263.912	-24.68
264.125	-27.37
264.339	-140.16
264.552	7.85
264.765	-217.39
264.979	57.05
265.192	52.86
265.406	60.04
265.619	-4.59
265.832	18.63
266.046	96.82
266.259	138.98
266.473	-2548.39
266.686	130.02
266.899	30.52
267.113	-4840
267.326	-28.98
267.539	37.89
267.752	67.16
267.966	73.34
268.179	27.31
268.392	27.67
268.605	200
268.819	103.71
269.032	114.69
269.245	15.38
269.458	71.59
269.671	124.05
269.885	5.76
270.098	0.27
270.311	367.09
270.524	18.63
270.737	-36.32
270.95	-6.62
271.163	-36.22
271.376	470.97
271.589	17.72
271.802	87.12
272.016	-38.44
272.229	-30.11
272.442	0.81
272.655	47.08
272.868	-85.1
273.081	-743.82
273.294	5.82
273.506	77.03
273.719	-26.42
273.932	-62.93
274.145	5720
274.358	101.85
274.571	-21.85
274.784	177.36
274.997	-4.05
275.21	-28.46
275.423	0.38
275.635	-41.21
275.848	40.61
276.061	-30.46
276.274	-48.59
276.487	22.61
276.699	101.74
276.912	-8.7
277.125	-9.36
277.338	-8.06
277.55	30.67
277.763	9.16
277.976	159.12
278.189	120.88
278.401	-29.01
278.614	36.8
278.827	131.29
279.039	118.87
279.252	11.48
279.464	-85.42
279.677	116.64
279.89	61.83
280.102	25.13
280.315	317.07
280.527	-115.79
280.74	-172.41
280.952	182.65
281.165	-6.66
281.377	41.68
281.59	-18.18
281.802	56.56
282.015	29.4
282.227	113.11
282.44	597.12
282.652	725.84
282.865	239.81
283.077	171.08
283.29	156.08
283.502	11.27
283.714	154.5
283.927	136.34
284.139	-93.56
284.351	46.55
284.564	-24.6
284.776	189.8
284.988	-130.74
285.201	558.21
285.413	49.05
285.625	-156.76
285.838	-32.67
286.05	23.72
286.262	195.57
286.474	73.11
286.686	0.27
286.899	6.28
287.111	58.82
287.323	70.99
287.535	-25.74
287.747	54.99
287.959	5.74
288.172	-236.36
288.384	41.46
288.596	8.66
288.808	109.43
289.02	901.89
289.232	152.36
289.444	37.39
289.656	-77.52
289.868	-79.91
290.08	354.6
290.292	36.6
290.504	2.35
290.716	-9.17
290.928	35.64
291.14	506.98
291.352	84.78
291.564	-929.41
291.776	121.15
291.988	-28.22
292.2	74.88
292.412	5.41
292.624	-32.13
292.835	880.6
293.047	10.9
293.259	-93.42
293.471	85.97
293.683	931.71
293.895	46.58
294.106	-101.85
294.318	8.24
294.53	42.14
294.742	2889.66
294.953	-136.53
295.165	58.91
295.377	112.52
295.589	44.48
295.8	165.5
296.012	103.13
296.224	14.75
296.435	142.28
296.647	80.44
296.858	-84.89
297.07	1510.77
297.282	-27.15
297.493	-14.37
297.705	90.29
297.916	-45.8
298.128	36.51
298.34	98.64
298.551	-69
298.763	54.86
298.974	91.6
299.186	66.21
299.397	88.05
299.609	-496.77
299.82	78.59
300.031	47.85
300.243	768.42
300.454	111.66
300.666	12.62
300.877	137.44
301.089	123.4
301.3	25.95
301.511	47.52
301.723	-28.82
301.934	182.09
302.145	0.6
302.357	247.59
302.568	507.2
302.779	27.39
302.99	81.61
303.202	-15.52
303.413	9.78
303.624	138.98
303.835	-2018.87
304.047	-106.07
304.258	2.06
304.469	29.33
304.68	82.12
304.891	29.71
305.103	135.14
305.314	82.59
305.525	714.29
305.736	105.51
305.947	49.83
306.158	1894.12
306.369	64.2
306.58	31.34
306.791	34.75
307.002	72.89
307.213	-44.23
307.424	-88.34
307.636	-12.53
307.846	200
308.057	-266.02
308.268	-1.58
308.479	7.8
308.69	49.79
308.901	63.44
309.112	590.7
309.323	56.32
309.534	93.44
309.745	43.7
309.956	125.21
310.167	-86.39
310.377	-0.51
310.588	113.65
310.799	34.82
311.01	-54.21
311.221	-12.14
311.432	51.11
311.642	18.11
311.853	-53.3
312.064	-834.48
312.275	240.15
312.485	46.75
312.696	35.91
312.907	-149.75
313.117	25.03
313.328	110.22
313.539	12.79
313.749	-29.28
313.96	-116.48
314.171	50.4
314.381	76.39
314.592	16.47
314.802	11.45
315.013	-28.88
315.224	25.86
315.434	-1631.58
315.645	2840
315.855	150.95
316.066	-69.66
316.276	174.56
316.487	141.46
316.697	72.88
316.908	20.56
317.118	40.48
317.329	87.93
317.539	54.88
317.749	236.05
317.96	-1125.37
318.17	-28.08
318.381	2.2
318.591	-815.38
318.801	29.81
319.012	-109.54
319.222	200
319.432	-5.46
319.643	207
319.853	135.43
320.063	62.23
320.273	-9.02
320.484	-63.74
320.694	62.86
320.904	-44.07
321.114	334.83
321.325	531.03
321.535	103.32
321.745	9.56
321.955	88.34
322.165	-35.65
322.375	94.31
322.585	347.24
322.796	406.9
323.006	20.85
323.216	179.7
323.426	36.23
323.636	56.46
323.846	613.79
324.056	103.8
324.266	45.87
324.476	-9.45
324.686	303.78
324.896	-6.22
325.106	1218.87
325.316	11.73
325.526	-2389.47
325.736	6.35
325.946	2.29
326.156	293.51
326.366	-342.61
326.576	15.38
326.785	121.61
326.995	172.8
327.205	-5.03
327.415	98.31
327.625	252.55
327.835	-57.84
328.044	85.43
328.254	126.96
328.464	9.19
328.674	141.46
328.884	-248.92
329.093	212.83
329.303	70.35
329.513	170.19
329.722	-3147.37
329.932	58.32
330.142	44.18
330.351	20.93
330.561	178.18
330.771	-163.1
330.98	49.59
331.19	680
331.4	-45.94
331.609	26.39
331.819	1926.83
332.028	-328
332.238	41.36
332.447	-6.81
332.657	99.37
332.866	200
333.076	29.99
333.285	20.2
333.495	1516.13
333.704	6.28
333.914	1.5
334.123	-56.67
334.333	-206.15
334.542	23.43
334.752	384.62
334.961	-3.77
335.17	175.88
335.38	-48.5
335.589	36.19
335.798	81.72
336.008	345.05
336.217	-75.74
336.426	79.41
336.636	169.36
336.845	20.85
337.054	729.87
337.263	-82.7
337.473	-26.69
337.682	-65.8
337.891	-31.17
338.1	312.23
338.309	157.3
338.519	159
338.728	19.48
338.937	1.57
339.146	122.3
339.355	154.72
339.564	-1315.79
339.773	25.13
339.983	67.42
340.192	-655.65
340.401	85.56
340.61	72.45
340.819	78.69
341.028	-8.52
341.237	-788.24
341.446	65.42
341.655	-41.19
341.864	29.38
342.073	9.83
342.282	-74.7
342.491	2.56
342.699	13.59
342.908	-314.29
343.117	117.68
343.326	63.97
343.535	25.45
343.744	-78.22
343.953	-108.57
344.162	78.97
344.37	32.88
344.579	56.72
344.788	-24.04
344.997	16.47
345.206	98.37
345.414	20.56
345.623	89.3
345.832	-55.74
346.041	260.91
346.249	-15.8
346.458	-4.7
346.667	61.74
346.875	45.1
347.084	18.81
347.293	161.12
347.501	148.82
347.71	35.24
347.918	-52.4
348.127	-406.59
348.336	-483.44
348.544	81.72
348.753	74.63
348.961	47.58
349.17	125.87
349.378	212.34
349.587	-35.24
349.795	234.95
350.004	89.23
350.212	-19.06
350.421	-224.78
350.629	44.11
350.838	12.84
351.046	83.29
351.254	94.46
351.463	-14.35
351.671	-2894.74
351.879	98.8
352.088	-10.69
352.296	359.29
352.504	145.99
352.713	-4.05
352.921	-7.87
353.129	-16.84
353.338	-9.91
353.546	-40.55
353.754	-57.67
353.962	-56.83
354.171	31.08
354.379	831.58
354.587	8.61
354.795	133.55
355.003	36.45
355.212	112.99
355.42	41.51
355.628	182.65
355.836	21.02
356.044	-45.51
356.252	86.85
356.46	-5.29
356.668	920
356.876	50.59
357.084	80.92
357.292	-28.21
357.5	-36.14
357.708	35.33
357.916	72.48
358.124	-6.41
358.332	-158.21
358.54	-170.91
358.748	355.84
358.956	-74.73
359.164	36.92
359.372	71.87
359.58	-240.29
359.788	20.9
359.996	-48.59
360.203	-45.94
360.411	30.74
360.619	-228.14
360.827	48.88
361.035	-307.98
361.242	175.37
361.45	-513.92
361.658	-61.61
361.866	-37.76
362.073	-12.01
362.281	47.86
362.489	29.68
362.697	79.73
362.904	-137.16
363.112	117.14
363.32	-23.09
363.527	-206.96
363.735	-13.13
363.943	35.32
364.15	106.71
364.358	-14.03
364.565	-41.04
364.773	19.64
364.98	-181.63
365.188	-108.42
365.395	140.45
365.603	155.25
365.81	-20.95
366.018	33.28
366.225	118
366.433	-14.39
366.64	112.73
366.848	47.85
367.055	60.82
367.263	36.64
367.47	64.1
367.677	-255.7
367.885	-26.16
368.092	-3.49
368.299	-131.27
368.507	22.64
368.714	200
368.921	200
369.129	35.52
369.336	36.45
369.543	23.76
369.751	-79.63
369.958	-230.49
370.165	102.28
370.372	80.27
370.579	117.14
370.787	22.78
370.994	144.92
371.201	7.08
371.408	75.8
371.615	58.16
371.822	30.52
372.029	45.42
372.237	-197.71
372.444	76.76
372.651	-44.26
372.858	27.57
373.065	0.2
373.272	-39.39
373.479	158.62
373.686	120.38
373.893	-184.47
374.1	-58.37
374.307	-525.18
374.514	-47.77
374.721	18
374.928	122.08
375.135	-1.72
375.341	-1480
375.548	-45.35
375.755	0.58
375.962	-2.63
376.169	-134.43
376.376	-130.36
376.583	11.09
376.789	61.09
376.996	96.67
377.203	-4.41
377.41	50.76
377.617	60.7
377.823	129.41
378.03	1245.16
378.237	106.37
378.443	-74.29
378.65	675.47
378.857	-52.4
379.063	-88.61
379.27	-144.35
379.477	160.76
379.683	-153.13
379.89	-7.42
380.097	-44.23
380.303	53.27
380.51	0.31
380.716	18.68
380.923	-140.16
381.129	17.97
381.336	-111.81
381.542	70.18
381.749	-13.08
381.955	-5.01
382.162	12.42
382.368	-108.42
382.575	-1.75
382.781	200
382.988	34.8
383.194	2.94
383.4	-4.68
383.607	64.38
383.813	89.3
384.02	-5.85
384.226	4.39
384.432	-8.41
384.639	32.71
384.845	-88.61
385.051	-35.85
385.257	30.29
385.464	51.73
385.67	139.61
385.876	18.57
386.082	-11.53
386.289	62.57
386.495	7.53
386.701	-229.97
386.907	-73.15
387.113	0.18
387.319	33.29
387.526	-18.89
387.732	11.02
387.938	190.4
388.144	64.35
388.35	63.88
388.556	63.92
388.762	28.57
388.968	-218.6
389.174	58.82
389.38	60.04
389.586	-2.88
389.792	-21.68
389.998	-51.4
390.204	-125.36
390.41	89.12
390.616	7.1
390.822	13.83
391.028	7.65
391.234	69.4
391.439	-137.86
391.645	-20.92
391.851	97.3
392.057	53.15
392.263	66
392.469	-43.51
392.674	-7.54
392.88	4.71
393.086	51.98
393.292	48.63
393.498	-123.71
393.703	1.16
393.909	12.33
394.115	99.29
394.32	-16.27
394.526	-18.58
394.732	50.38
394.937	86.81
395.143	15.38
395.349	-46.22
395.554	-173.87
395.76	41.3
395.965	-2.75
396.171	62.77
396.377	120.16
396.582	23.49
396.788	-27.48
396.993	103.77
397.199	11.1
397.404	57.68
397.61	30.29
397.815	-1.27
398.021	-7.85
398.226	-63.06
398.431	10.97
398.637	-30.33
398.842	23.36
399.048	19.09
399.253	15.33
399.458	30.76
399.664	10.81
399.869	-10.06
400.074	27.39
400.28	29.3
400.485	-17.31
400.69	15.66
400.896	-34.9
401.101	-5.62
401.306	33.81
401.511	4.27
401.716	8.63
401.922	-19.52
402.127	-2.8
402.332	-2.02
402.537	17.05
402.742	6.05
402.947	45.51
403.153	-10.42
403.358	4.78
403.563	24.63
403.768	19.07
403.973	16.7
404.178	-1.8
404.383	-6.99
404.588	18.77
404.793	24.69
404.998	10.81
405.203	4.8
405.408	5.89
405.613	18.41
405.818	22.91
406.023	8.24
406.228	-7.46
406.433	18.99
406.638	-3.62
406.842	14.9
407.047	12.74
407.252	-1.54
407.457	14.77
407.662	5.59
407.867	12.17
408.071	7.49
408.276	16.46
408.481	4.67
408.686	4.32
408.891	3.96
409.095	3.5
409.3	10.21
409.505	5.5
409.709	5.07
409.914	5.16
410.119	8.59
410.323	1.39
410.528	-1.8
410.733	10.3
410.937	5.42
411.142	2.07
411.346	4.08
411.551	2
411.756	8.03
411.96	5.73
412.165	1.58
412.369	3.35
412.574	2.24
412.778	7.43
412.983	5.09
413.187	6.24
413.392	2.99
413.596	2.88
413.8	5.38
414.005	7.89
414.209	4.88
414.414	3.5
414.618	3.85
414.822	6.88
415.027	5.52
415.231	6.93
415.435	6.74
415.64	4.06
415.844	2.62
416.048	6.18
416.252	4.77
416.457	5.66
416.661	6.08
416.865	4.74
417.069	3.89
417.274	3.28
417.478	3.41
417.682	4.55
417.886	3.92
418.09	4.05
418.294	4.33
418.498	5.07
418.702	3.79
418.907	6.03
419.111	3.18
419.315	4.73
419.519	4.97
419.723	1.83
419.927	3.13
420.131	6.35
420.335	3.37
420.539	2.58
420.743	5.51
420.947	2.37
421.151	2.91
421.355	3.33
421.558	4.77
421.762	4.66
421.966	4.22
422.17	5.04
422.374	6.11
422.578	4.37
422.782	4.97
422.985	3.12
423.189	3.98
423.393	3.17
423.597	3.33
423.801	4.62
424.004	4.49
424.208	3.93
424.412	3.47
424.615	3.59
424.819	4.36
425.023	4.76
425.226	4.42
425.43	4.63
425.634	3.86
425.837	4.17
426.041	4.5
426.245	4.49
426.448	4.58
426.652	3.14
426.855	4.1
427.059	3.98
427.262	3.91
427.466	3.31
427.669	3.13
427.873	3.53
428.076	4.56
428.28	4.09
428.483	4.15
428.687	4.19
428.89	3.93
429.094	2.9
429.297	3.42
429.5	4.45
429.704	3.65
429.907	4.4
430.11	3.26
430.314	4.53
430.517	3.97
430.72	4.33
430.924	3.91
431.127	4.15
431.33	4.86
431.533	3.84
431.737	3.96
431.94	3.9
432.143	4.07
432.346	4
432.549	3.82
432.752	3.63
432.956	3.63
433.159	3.04
433.362	3.64
433.565	3.85
433.768	3.84
433.971	3.61
434.174	3.7
434.377	4.04
434.58	4.18
434.783	3.14
434.986	4.05
435.189	4.16
435.392	3.32
435.595	4.18
435.798	3.81
436.001	3.98
436.204	4.03
436.407	3.92
436.61	3.98
436.813	3.81
437.016	3.83
437.219	4.19
437.421	4.11
437.624	4.04
437.827	3.77
438.03	4.18
438.233	3.64
438.435	3.73
438.638	3.96
438.841	3.97
439.044	3.89
439.246	4.02
439.449	3.64
439.652	3.68
439.854	4.1
440.057	4.3
440.26	3.44
440.462	3.99
440.665	3.47
440.868	4
441.07	4.07
441.273	4.28
441.475	3.55
441.678	4.25
441.88	4.05
442.083	3.47
442.286	4.02
442.488	3.29
442.69	4.11
442.893	3.65
443.095	3.78
443.298	3.87
443.5	4.02
443.703	3.97
443.905	3.83
444.108	3.64
444.31	3.87
444.512	3.92
444.715	3.74
444.917	3.83
445.119	4.02
445.322	3.9
445.524	4.13
445.726	3.74
445.928	3.84
446.131	4.39
446.333	4.13
446.535	3.95
446.737	3.89
446.94	4.45
447.142	4.5
447.344	4.11
447.546	4.39
447.748	3.98
447.95	4.08
448.152	4.27
448.354	4.33
448.557	4.33
448.759	4.19
448.961	3.89
449.163	4.28
449.365	4.56
449.567	3.92
449.769	4.12
449.971	4.22
450.173	3.95
450.375	3.78
450.577	4.43
450.779	3.99
450.981	4.37
451.182	4.07
451.384	4.33
451.586	4.29
451.788	4
451.99	4.36
452.192	4.06
452.394	4.46
452.595	4.39
452.797	4.44
452.999	4.93
453.201	3.81
453.402	4.34
453.604	4.21
453.806	4.34
454.008	4.45
454.209	4.32
454.411	5.03
454.613	4.35
454.814	4.51
455.016	4.8
455.218	4.72
455.419	4.62
455.621	4.81
455.822	4.08
456.024	4.57
456.225	5.15
456.427	5.05
456.629	4.62
456.83	4.57
457.032	4.72
457.233	4.44
457.435	4.35
457.636	4.55
457.837	5.25
458.039	4.52
458.24	4.87
458.442	4.94
458.643	4.14
458.844	5.57
459.046	4.62
459.247	5.55
459.448	5.12
459.65	4.77
459.851	4.65
460.052	5.72
460.254	4.85
460.455	5.39
460.656	5.91
460.857	5.49
461.059	4.25
461.26	4.75
461.461	4.84
461.662	5.06
461.863	5.32
462.065	4.93
462.266	5.51
462.467	4.15
462.668	4.55
462.869	5.19
463.07	5.66
463.271	5.38
463.472	3.9
463.673	4.86
463.874	5.15
464.075	5.51
464.276	5.53
464.477	5.71
464.678	4.7
464.879	5.26
465.08	5.66
465.281	6
465.482	4.85
465.683	3.83
465.884	5.37
466.085	5.97
466.285	4.7
466.486	6.63
466.687	5.67
466.888	5.64
467.089	5.97
467.29	5.33
467.49	5.17
467.691	4.66
467.892	5.66
468.093	5.32
468.293	5.36
468.494	5.18
468.695	5.32
468.895	5.67
469.096	4.47
469.297	5.69
469.497	5.44
469.698	6.58
469.898	4.57
470.099	5.04
470.3	5.79
470.5	4.33
470.701	6.53
470.901	5.82
471.102	5.81
471.302	4.93
471.503	6.26
471.703	6.5
471.904	6.04
472.104	4.22
472.305	3.65
472.505	5.82
472.705	4.52
472.906	6.73
473.106	5.42
473.306	4.55
473.507	6.18
473.707	6.55
473.907	5.34
474.108	4.45
474.308	4.61
474.508	5.43
474.709	5.59
474.909	5.81
475.109	4.3
475.309	5.16
475.51	4.51
475.71	5.15
475.91	6.39
476.11	5.39
476.31	4.81
476.51	5.01
476.71	5.64
476.911	6.89
477.111	4.33
477.311	4.48
477.511	5.8
477.711	4.23
477.911	4.05
478.111	6.77
478.311	5.6
478.511	5.49
478.711	7.33
478.911	5.98
479.111	5.46
479.311	5.28
479.511	6.49
479.711	5.42
479.91	4.29
480.11	6.69
480.31	4.22
480.51	6.27
480.71	5.04
480.91	6.2
481.109	5.87
481.309	5.65
481.509	4.09
481.709	6.59
481.909	4.71
482.108	3.37
482.308	5.25
482.508	6.02
482.707	5.58
482.907	5.29
483.107	5.54
483.306	5.5
483.506	5.49
483.706	5.15
483.905	4.38
484.105	7.1
484.304	4.93
484.504	3.55
484.704	6.3
484.903	5.41
485.103	6.78
485.302	4.59
485.502	5.63
485.701	5.51
485.901	4.89
486.1	5.64
486.299	6.01
486.499	3.85
486.698	6.68
486.898	5.37
487.097	3.93
487.296	5.34
487.496	5.93
487.695	4.58
487.894	4.74
488.094	5.11
488.293	5.82
488.492	3.82
488.692	5.01
488.891	6.07
489.09	5.19
489.289	4.68
489.489	4.71
489.688	5.62
489.887	4.81
490.086	6.61
490.285	5.24
490.484	5.95
490.683	6.41
490.883	7.19
491.082	5.41
491.281	5.46
491.48	4.47
491.679	6.54
491.878	6.71
492.077	6.98
492.276	7.42
492.475	5.7
492.674	3.96
492.873	5.43
493.072	5.38
493.271	5.23
493.47	4.94
493.669	5.43
493.867	5.84
494.066	6.2
494.265	6.33
494.464	6.89
494.663	5.4
494.862	5.81
495.06	6.81
495.259	5.15
495.458	5.87
495.657	6.04
495.856	6.06
496.054	6.63
496.253	6.48
496.452	6.71
496.65	5.79
496.849	5.75
497.048	5.78
497.246	6.12
497.445	5.28
497.644	6.64
497.842	6.07
498.041	6.6
498.239	5.78
498.438	5.98
498.636	6.43
498.835	6.98
499.034	6.38
499.232	6.53
499.431	5.92
499.629	5.74
499.827	7.08
500.026	6.12
500.224	6.84
500.423	5.6
500.621	6.86
500.82	7.29
501.018	7.84
501.216	6.65
501.415	7.53
501.613	6.56
501.811	6.29
502.01	7.95
502.208	6.8
502.406	7.44
502.604	8.18
502.803	7.33
503.001	8.02
503.199	6.76
503.397	6.58
503.595	6.7
503.794	7.38
503.992	6.9
504.19	7.3
504.388	7.72
504.586	8.3
504.784	6.3
504.982	8.21
505.18	8.09
505.378	7.08
505.576	7.43
505.774	8.06
505.972	7.35
506.17	7.82
506.368	7.73
506.566	7.63
506.764	7.66
506.962	7.89
507.16	8.24
507.358	7.59
507.556	7.75
507.754	8.6
507.952	8.75
508.15	8.42
508.347	7.98
508.545	8.67
508.743	8.52
508.941	8.06
509.139	8.78
509.336	8.77
509.534	8.85
509.732	9.21
509.93	7.93
510.127	9.18
510.325	8.78
510.523	8.67
510.72	9.82
510.918	8.92
511.116	9.87
511.313	8.67
511.511	9.53
511.708	9.39
511.906	9.46
512.104	9.31
512.301	9.64
512.499	10.22
512.696	8.66
512.894	9.93
513.091	9.38
513.289	9.71
513.486	9.52
513.683	9.48
513.881	9.61
514.078	10.12
514.276	9.7
514.473	9.38
514.67	10.94
514.868	10.19
515.065	10.54
515.262	10.16
515.46	10.43
515.657	10.19
515.854	10.16
516.052	9.84
516.249	10.29
516.446	11.12
516.643	10.74
516.84	10.85
517.038	10.2
517.235	11.04
517.432	11.06
517.629	10.75
517.826	11.05
518.023	10.74
518.221	11.06
518.418	11.11
518.615	11.16
518.812	11.16
519.009	11.1
519.206	11.18
519.403	11.32
519.6	11.04
519.797	11.27
519.994	11.28
520.191	11.62
520.388	11.79
520.585	10.7
520.782	11.24
520.978	11.75
521.175	11.45
521.372	11.43
521.569	11.6
521.766	11.71
521.963	11.23
522.159	12
522.356	11.89
522.553	12.18
522.75	12.19
522.947	11.53
523.143	12.17
523.34	12.51
523.537	12.04
523.733	11.69
523.93	11.92
524.127	11.73
524.323	12.13
524.52	12.4
524.717	12.15
524.913	12.04
525.11	12.02
525.306	12.31
525.503	12.57
525.7	12.42
525.896	12.59
526.093	12.67
526.289	12.44
526.486	12.59
526.682	12.45
526.878	12.64
527.075	12.82
527.271	12.8
527.468	12.88
527.664	12.68
527.861	12.68
528.057	12.75
528.253	12.98
528.45	11.78
528.646	12.94
528.842	13.2
529.039	12.71
529.235	12.67
529.431	13.05
529.627	12.95
529.824	12.83
530.02	12.56
530.216	12.97
530.412	13.48
530.608	12.74
530.804	13.55
531.001	13.51
531.197	13.19
531.393	13.82
531.589	12.93
531.785	13
531.981	12.84
532.177	12.87
532.373	13.2
532.569	13.17
532.765	13.17
532.961	12.85
533.157	12.98
533.353	13.21
533.549	13.5
533.745	13.38
533.941	12.84
534.137	13.17
534.333	13.36
534.529	13.47
534.725	13.03
534.92	13.41
535.116	13.18
535.312	13.34
535.508	13.28
535.704	13.75
535.899	13.59
536.095	13.12
536.291	13.74
536.487	13.51
536.682	13.64
536.878	13.57
537.074	13.61
537.269	13.41
537.465	13.34
537.661	13.66
537.856	13.51
538.052	13.59
538.248	13.55
538.443	13.49
538.639	13.63
538.834	13.99
539.03	13.96
539.225	14.23
539.421	13.82
539.616	14.28
539.812	13.65
540.007	13.93
540.203	13.44
540.398	13.79
540.593	13.59
540.789	14.07
540.984	13.68
541.18	13.82
541.375	13.48
541.57	14.11
541.766	14.07
541.961	14.05
542.156	14.13
542.352	14.6
542.547	13.85
542.742	14.18
542.937	14.3
543.133	14.38
543.328	13.89
543.523	13.88
543.718	14.05
543.913	14.58
544.108	14.22
544.304	14.42
544.499	14.47
544.694	14.55
544.889	14.38
545.084	14.56
545.279	14.4
545.474	14.67
545.669	13.96
545.864	14.49
546.059	14.35
546.254	14.37
546.449	14.3
546.644	13.94
546.839	14.72
547.034	14.11
547.229	14.27
547.424	14.67
547.618	14.76
547.813	14.37
548.008	14.48
548.203	14.46
548.398	14.39
548.593	14.31
548.787	14.92
548.982	14.07
549.177	14.35
549.372	14.95
549.566	14.86
549.761	14.39
549.956	14.44
550.15	14.64
550.345	14.33
550.54	14.55
550.734	14.64
550.929	14.27
551.124	14.97
551.318	14.72
551.513	14.73
551.707	14.49
551.902	14.76
552.096	15.47
552.291	14.7
552.485	14.91
552.68	15.01
552.874	14.77
553.069	14.71
553.263	14.62
553.458	14.82
553.652	14.9
553.847	15.02
554.041	15.57
554.235	15.2
554.43	15.13
554.624	15.2
554.818	14.8
555.013	15.05
555.207	15.27
555.401	15.45
555.595	14.78
555.79	14.64
555.984	15.3
556.178	15.21
556.372	15.25
556.566	15.19
556.761	15.58
556.955	15.68
557.149	15.17
557.343	15.12
557.537	15.65
557.731	15.45
557.925	15.29
558.119	15.24
558.313	15.23
558.507	15.54
558.701	15.3
558.895	15.17
559.089	15.23
559.283	15.26
559.477	15.47
559.671	15.31
559.865	15.53
560.059	15.4
560.253	15.43
560.447	15.38
560.641	15.37
560.835	15.66
561.028	15.94
561.222	15.75
561.416	15.32
561.61	15.63
561.804	15.31
561.997	15.42
562.191	15.67
562.385	15.66
562.579	15.44
562.772	15.92
562.966	15.45
563.16	15.49
563.353	15.5
563.547	15.91
563.741	16.34
563.934	15.92
564.128	16.18
564.321	16.16
564.515	15.84
564.708	15.56
564.902	15.64
565.095	15.82
565.289	16.05
565.482	15.69
565.676	15.74
565.869	15.76
566.063	15.98
566.256	16.15
566.45	15.51
566.643	16.44
566.836	16.46
567.03	15.79
567.223	16.07
567.416	16.24
567.61	16.18
567.803	15.81
567.996	16.43
568.19	15.48
568.383	16.32
568.576	15.77
568.769	16.14
568.963	15.87
569.156	16.65
569.349	16.71
569.542	16.22
569.735	15.98
569.928	16.12
570.121	16.38
570.315	16.53
570.508	15.86
570.701	16.03
570.894	15.88
571.087	15.99
571.28	16.37
571.473	16.47
571.666	15.97
571.859	15.69
572.052	16.08
572.245	16.34
572.438	15.93
572.631	16.32
572.824	16.57
573.016	15.87
573.209	16.42
573.402	16.1
573.595	16.02
573.788	16.55
573.981	16.24
574.173	16.63
574.366	16.12
574.559	16.6
574.752	16.06
574.944	16.01
575.137	16.18
575.33	15.9
575.523	16.62
575.715	16.41
575.908	16.1
576.101	16.64
576.293	16.15
576.486	16.17
576.678	16.28
576.871	16.66
577.063	16.15
577.256	16.37
577.449	16.62
577.641	16.18
577.834	15.72
578.026	16.49
578.219	16.32
578.411	16.57
578.603	16.73
578.796	16.23
578.988	16
579.181	16.48
579.373	16.49
579.565	16.19
579.758	16.22
579.95	16.34
580.142	16.05
580.335	16.23
580.527	16.43
580.719	16.62
580.912	16.4
581.104	17.19
581.296	16.34
581.488	16.61
581.68	16.33
581.873	16.35
582.065	16.14
582.257	16.58
582.449	16.34
582.641	16.55
582.833	16.14
583.025	16.17
583.217	16.45
583.41	16.27
583.602	16.53
583.794	15.99
583.986	17.01
584.178	16.38
584.37	16.94
584.562	16.38
584.753	16.74
584.945	16.78
585.137	16.68
585.329	16.15
585.521	17.13
585.713	17.11
585.905	16.72
586.097	16.52
586.289	16.98
586.48	17.31
586.672	16.15
586.864	16.75
587.056	16.91
587.247	16.42
587.439	16.86
587.631	16.83
587.823	16.33
588.014	16.37
588.206	16.58
588.398	16.62
588.589	16.95
588.781	16.63
588.972	17.22
589.164	16.7
589.356	17.16
589.547	16.88
589.739	17.28
589.93	17.26
590.122	17.25
590.313	16.65
590.505	16.83
590.696	16.14
590.888	16.87
591.079	17.07
591.271	17.05
591.462	17.35
591.653	17.09
591.845	17.1
592.036	17.08
592.227	16.96
592.419	17.21
592.61	16.52
592.801	16.74
592.993	17.08
593.184	16.87
593.375	17.09
593.566	17.42
593.758	17.02
593.949	17.52
594.14	17.22
594.331	17.19
594.522	17.18
594.713	17.47
594.905	17.11
595.096	17.71
595.287	16.94
595.478	18
595.669	17.2
595.86	17.46
596.051	17.06
596.242	17.26
596.433	17.02
596.624	17.28
596.815	17.68
597.006	17.54
597.197	17.47
597.388	17.77
597.579	17.32
597.77	17.48
597.96	17.39
598.151	18.02
598.342	17.52
598.533	17.86
598.724	17.36
598.915	17.5
599.105	17.64
599.296	18.62
599.487	17.8
599.678	18.03
599.868	17.88
600.059	18.19
600.25	17.81
600.44	17.49
600.631	18.07
600.822	18.16
601.012	18.39
601.203	17.87
601.394	17.79
601.584	17.71
601.775	18.19
601.965	17.9
602.156	17.96
602.346	18.61
602.537	18.06
602.727	18.33
602.918	18.2
603.108	18.47
603.299	17.74
603.489	18.57
603.679	17.66
603.87	18.75
604.06	18.47
604.251	18.47
604.441	18.49
604.631	18.87
604.822	18.38
605.012	18.14
605.202	18.18
605.392	17.91
605.583	18.36
605.773	18.58
605.963	18.49
606.153	17.62
606.344	18.48
606.534	18.8
606.724	18.85
606.914	18.4
607.104	18.45
607.294	17.96
607.484	18.3
607.674	18.86
607.864	18.41
608.054	19.06
608.245	18.52
608.435	19.01
608.625	18.3
608.814	18.02
609.004	19.09
609.194	18.68
609.384	18.92
609.574	18.64
609.764	18.31
609.954	18.23
610.144	18.36
610.334	19.44
610.524	19.63
610.713	18.7
610.903	18.7
611.093	18.59
611.283	19.2
611.473	18.24
611.662	18.54
611.852	19.11
612.042	18.09
612.231	19.43
612.421	18.55
612.611	18.4
612.8	18.65
612.99	17.97
613.18	17.79
613.369	18.81
613.559	18.5
613.748	18.25
613.938	19.09
614.128	18.26
614.317	18.71
614.507	18.52
614.696	18.76
614.886	19.4
615.075	18.34
615.264	18.94
615.454	19.1
615.643	18.58
615.833	18.69
616.022	18.33
616.211	19.12
616.401	18.41
616.59	18.8
616.779	19.15
616.969	18.79
617.158	19.37
617.347	19.21
617.537	19.17
617.726	19.14
617.915	18.78
618.104	18.51
618.293	19.09
618.483	19.14
618.672	19.08
618.861	19.19
619.05	19.17
619.239	19.07
619.428	18.01
619.617	19.18
619.806	18.77
619.995	19.38
620.184	18.88
620.373	18.69
620.562	19.09
620.751	18.46
620.94	18.88
621.129	19.57
621.318	18.98
621.507	19.5
621.696	19.46
621.885	18.89
622.074	19.2
622.263	18.88
622.452	20.16
622.64	19.41
622.829	19.2
623.018	19.87
623.207	18.92
623.396	19.33
623.584	19.15
623.773	19.63
623.962	19.39
624.15	19.83
624.339	19.55
624.528	18.93
624.716	19.78
624.905	19.4
625.094	19.77
625.282	19.73
625.471	19.52
625.659	19.66
625.848	19.22
626.037	19.36
626.225	20.18
626.414	19.24
626.602	19.97
626.791	19.79
626.979	19.28
627.167	19.61
627.356	19.89
627.544	19.43
627.733	19.85
627.921	20.14
628.109	20.07
628.298	20.02
628.486	19.04
628.674	20.34
628.863	20.12
629.051	19.5
629.239	19.57
629.428	20.01
629.616	20.6
629.804	20.49
629.992	20.46
630.18	20.4
630.369	20.33
630.557	19.86
630.745	19.67
630.933	20.08
631.121	19.88
631.309	20.25
631.497	19.97
631.685	20.01
631.873	19.77
632.061	19.5
632.249	20.46
632.437	21.33
632.625	20.02
632.813	19.91
633.001	19.68
633.189	20.55
633.377	20.2
633.565	19.44
633.753	20.01
633.941	19.37
634.129	20.66
634.316	19.87
634.504	20.02
634.692	20.43
634.88	19.69
635.068	20.47
635.255	19.93
635.443	20.91
635.631	20.3
635.818	20.83
636.006	19.19
636.194	20.2
636.382	19.3
636.569	20.24
636.757	20.75
636.944	20.89
637.132	20.41
637.32	20.89
637.507	20.53
637.695	19.65
637.882	20.48
638.07	20.86
638.257	20.21
638.445	20.96
638.632	21.31
638.82	19.74
639.007	20.48
639.194	19.88
639.382	20.62
639.569	19.79
639.757	21.25
639.944	20.6
640.131	21.03
640.319	20.44
640.506	20.31
640.693	20.97
640.88	20.88
641.068	20.05
641.255	19.86
641.442	19.67
641.629	19.96
641.817	20.44
642.004	20.37
642.191	21.4
642.378	19.74
642.565	20.22
642.752	19.96
642.939	20.29
643.126	20.33
643.313	20
643.501	20.52
643.688	20.93
643.875	19.34
644.062	19.55
644.249	18.81
644.435	19.36
644.622	19.48
644.809	19.69
644.996	19.74
645.183	19.7
645.37	21.03
645.557	20.82
645.744	18.49
645.931	19.93
646.117	18.53
646.304	19.43
646.491	19.66
646.678	20.48
646.865	19.66
647.051	18.93
647.238	19.23
647.425	18.42
647.611	19.17
647.798	19.5
647.985	19.57
648.171	18.66
648.358	19.46
648.545	20.56
648.731	19.41
648.918	20.4
649.104	18.68
649.291	19.21
649.477	19.22
649.664	19.65
649.85	18.34
650.037	20.87
650.223	18.67
650.41	18.64
650.596	18.94
650.783	19.06
650.969	19.53
651.155	18.7
651.342	18.76
651.528	19.37
651.714	18.79
651.901	19.68
652.087	18.94
652.273	17.17
652.46	19.73
652.646	18.75
652.832	18.87
653.018	18.17
653.204	20.46
653.391	19.86
653.577	19.63
653.763	18.16
653.949	20.53
654.135	19.76
654.321	19.28
654.507	18.74
654.693	18.69
654.879	20.23
655.065	17.7
655.252	17.1
655.438	20.1
655.624	18.7
655.809	17.33
655.995	17.05
656.181	19.05
656.367	18.58
656.553	18.76
656.739	19.72
656.925	20.14
657.111	18.45
657.297	20.76
657.482	18.29
657.668	18.98
657.854	18.61
658.04	19.02
658.226	17.31
658.411	17.57
658.597	19.03
658.783	19.58
658.968	18.6
659.154	18.22
659.34	19.92
659.525	18.72
659.711	17.92
659.897	17.95
660.082	18.64
660.268	17.66
660.453	17.57
660.639	18.74
660.824	17.21
661.01	18.91
661.195	16.21
661.381	17.4
661.566	19.53
661.752	16.12
661.937	17.39
662.123	16.41
662.308	17.17
662.494	17.06
662.679	17.01
662.864	17.72
663.05	16.93
663.235	19.01
663.42	17.62
663.605	16.56
663.791	15.36
663.976	15.79
664.161	16.87
664.346	16.62
664.532	16.55
664.717	15.76
664.902	16.96
665.087	18.43
665.272	18.33
665.457	16.92
665.642	17.76
665.828	16.02
666.013	15.69
666.198	13.96
666.383	16.87
666.568	15.9
666.753	17.35
666.938	13.67
667.123	17.57
667.308	15.89
667.493	16.6
667.677	14.66
667.862	16.58
668.047	17.63
668.232	18.31
668.417	17.2
668.602	15.29
668.787	17
668.971	14.29
669.156	17.3
669.341	15.17
669.526	17.69
669.711	17.07
669.895	18.34
670.08	15.48
670.265	15.99
670.449	15.72
670.634	15.8
670.819	15.31
671.003	15.09
671.188	15.31
671.372	16.18
671.557	16.4
671.742	16.92
671.926	15.29
672.111	17.03
672.295	15.38
672.48	14.78
672.664	16.22
672.849	15.27
673.033	15.8
673.217	15.58
673.402	13.84
673.586	14.81
673.771	16.23
673.955	17.42
674.139	17.4
674.324	16.16
674.508	14.17
674.692	17.29
674.876	17.59
675.061	18.1
675.245	18.98
675.429	17.55
675.613	15.7
675.798	18.88
675.982	17.89
676.166	17.18
676.35	17.27
676.534	17.64
676.718	20.36
676.902	18.34
677.087	15.7
677.271	19.01
677.455	18.73
677.639	15.02
677.823	15.25
678.007	22.58
678.191	19.08
678.375	18.68
678.559	18.09
678.742	19.13
678.926	19.02
679.11	22.97
679.294	20.41
679.478	18.27
679.662	21.69
679.846	22.67
680.029	23
680.213	21.29
680.397	20.36
680.581	22.83
680.765	21.6
680.948	19.6
681.132	21.25
681.316	18.5
681.499	20.88
681.683	21.52
681.867	20.83
682.05	22.39
682.234	21.22
682.417	23.57
682.601	25.34
682.785	22.45
682.968	18.11
683.152	25.16
683.335	22.07
683.519	22.3
683.702	21.55
683.886	25.03
684.069	24.59
684.253	26.93
684.436	24.68
684.619	26.2
684.803	25.29
684.986	24.32
685.169	24.71
685.353	23.74
685.536	28.68
685.719	27.96
685.903	25.07
686.086	24.34
686.269	31.48
686.452	26.9
686.636	29.14
686.819	27.07
687.002	27.05
687.185	25.66
687.368	27.81
687.551	25.78
687.734	32.93
687.918	29.13
688.101	24.62
688.284	28.73
688.467	27.49
688.65	27.54
688.833	29.38
689.016	31.24
689.199	27.74
689.382	32.96
689.565	31.72
689.748	30.52
689.93	28.57
690.113	34.07
690.296	28.82
690.479	32.25
690.662	30.25
690.845	28.86
691.028	30.62
691.21	31.9
691.393	35.76
691.576	33.48
691.759	30.32
691.941	33.31
692.124	35.95
692.307	31.31
692.489	33.02
692.672	29.6
692.855	33.44
693.037	33.25
693.22	34.78
693.403	29.39
693.585	35.12
693.768	33.76
693.95	30.1
694.133	33.58
694.315	31.96
694.498	34.87
694.68	34.24
694.863	36.92
695.045	32.55
695.228	38.76
695.41	40.1
695.592	38.11
695.775	34.96
695.957	33.36
696.139	37.06
696.322	36.32
696.504	33.07
696.686	36.9
696.869	31.72
697.051	34.38
697.233	37.76
697.415	37.47
697.597	35.57
697.78	34.52
697.962	34.23
698.144	36.89
698.326	39.55
698.508	40.79
698.69	36.15
698.872	38.22
699.055	37.42
699.237	36.54
699.419	29.42
699.601	35.61
699.783	41.37
699.965	36.39
700.147	34.46
700.329	35.44
700.51	36.69
700.692	36.65
700.874	34.73
701.056	42.5
701.238	41.44
701.42	38.93
701.602	40.52
701.783	30.44
701.965	39.5
702.147	34.49
702.329	38.95
702.511	34.97
702.692	35.86
702.874	36.52
703.056	35.74
703.237	40.71
703.419	39.82
703.601	44.76
703.782	38.92
703.964	39.19
704.146	41.73
704.327	43.37
704.509	40.29
704.69	38.22
704.872	37
705.053	36.1
705.235	40.8
705.416	37
705.598	39.93
705.779	39.7
705.961	34.95
706.142	45.85
706.323	47.04
706.505	40.66
706.686	40.55
706.867	41.61
707.049	32.75
707.23	44.05
707.411	39.21
707.593	43.54
707.774	35.95
707.955	35.1
708.136	30.18
708.318	37.84
708.499	41.13
708.68	32.43
708.861	41.11
709.042	35.93
709.223	39.02
709.404	46.86
709.585	36.74
709.767	45.36
709.948	41.33
710.129	36.63
710.31	32.75
710.491	37.1
710.672	37.22
710.853	36.34
711.034	43.51
711.214	35.91
711.395	44.16
711.576	38.79
711.757	42.12
711.938	38.99
712.119	41.14
712.3	40.83
712.481	36.62
712.661	38.09
712.842	37.24
713.023	38.59
713.204	27.87
713.384	34.83
713.565	48.83
713.746	37.61
713.926	34.69
714.107	41.73
714.288	34.78
714.468	36.8
714.649	43.01
714.83	43.57
715.01	45.06
715.191	40.33
715.371	33.75
715.552	36.37
715.732	44.41
715.913	38.38
716.093	47.88
716.274	46.44
716.454	35.96
716.635	36.59
716.815	45.21
716.995	34.83
717.176	35.8
717.356	36.15
717.536	46.52
717.717	39.04
717.897	29.46
718.077	35.59
718.258	44.71
718.438	41.44
718.618	47.16
718.798	40.4
718.978	39.45
719.159	32.52
719.339	48.43
719.519	35.03
719.699	45.45
719.879	39.09
720.059	36.66
720.239	41.85
720.419	46.56
720.599	43.21
720.779	45.4
720.959	48.6
721.139	47.51
721.319	38.87
721.499	54.02
721.679	28
721.859	46.3
722.039	28.61
722.219	40.39
722.399	30.7
722.579	36.49
722.759	32.37
722.938	35.39
723.118	40.42
723.298	44.77
723.478	45.77
723.658	39.36
723.837	47.09
724.017	46.56
724.197	35.88
724.376	48.93
724.556	31.18
724.736	50.54
724.915	43.29
725.095	43.72
725.275	40.81
725.454	46.72
725.634	44.38
725.813	38.29
725.993	52.02
726.172	46.33
726.352	43.81
726.531	48.01
726.711	33.45
726.89	40.48
727.07	43.76
727.249	49.07
727.428	48.51
727.608	49.46
727.787	36.05
727.966	32.55
728.146	51.19
728.325	42.74
728.504	44.49
728.684	41.34
728.863	49.61
729.042	29.88
729.221	18.38
729.4	36.38
729.58	33.74
729.759	42.49
729.938	48.02
730.117	57
730.296	33.1
730.475	36.62
730.654	30.85
730.833	45.2
731.013	33.32
731.192	40.51
731.371	39.47
731.55	40.64
731.729	48.02
731.907	31.61
732.086	54.74
732.265	32.85
732.444	41.32
732.623	47.01
732.802	40.61
732.981	32.32
733.16	41.2
733.339	26.07
733.517	65.42
733.696	51.18
733.875	40.43
734.054	38.62
734.232	48.3
734.411	58.43
734.59	35.17
734.768	40.41
734.947	47.82
735.126	27.13
735.304	35.92
735.483	44.79
735.662	53.14
735.84	47.41
736.019	56.47
736.197	59.44
736.376	37.8
736.554	66.05
736.733	60.01
736.911	43.62
737.09	27.89
737.268	32.5
737.447	49.94
737.625	29.69
737.803	35.73
737.982	72.43
738.16	33.32
738.338	59.49
738.517	52.33
738.695	50.14
738.873	38.8
739.052	35.27
739.23	53.15
739.408	31.55
739.586	39.41
739.764	17.83
739.943	65.95
740.121	46.14
740.299	46.65
740.477	41.39
740.655	59.58
740.833	50.98
741.011	59.14
741.189	52.61
741.367	58.98
741.545	46.94
741.723	25.65
741.901	47.33
742.079	33.95
742.257	61
742.435	51.41
742.613	53.52
742.791	59.42
742.969	30.05
743.147	51.28
743.325	45.97
743.503	38.14
743.68	23.2
743.858	62.34
744.036	51.33
744.214	43
744.391	8.68
744.569	36.45
744.747	51.88
744.925	91.58
745.102	57.12
745.28	48.27
745.458	76.88
745.635	31.31
745.813	76.08
745.99	65.9
746.168	55.6
746.345	76.78
746.523	30.08
746.7	26.06
746.878	35.57
747.055	27.01
747.233	40.18
747.41	61.01
747.588	23.8
747.765	32.5
747.943	49.15
748.12	21.52
748.297	66.53
748.475	59.12
748.652	37.56
748.829	54.74
749.007	37.33
749.184	43
749.361	68.89
749.538	49.51
749.716	35.92
749.893	53.48
750.07	55.48
750.247	50.26
750.424	56.4
750.601	89.35
750.778	5.38
750.956	18.83
751.133	9.64
751.31	42
751.487	35.09
751.664	42.08
751.841	1.73
752.018	32.61
752.195	34.55
752.372	64.2
752.549	29.75
752.726	53.36
752.902	69.74
753.079	72.46
753.256	94.19
753.433	38.58
753.61	61.41
753.787	21.64
753.964	47.36
754.14	29.23
754.317	67.78
754.494	70.06
754.671	54.51
754.847	40.87
755.024	58.33
755.201	59.85
755.377	37.21
755.554	39.92
755.73	25.24
755.907	35.67
756.084	65.63
756.26	56.56
756.437	14.24
756.613	45.53
756.79	63.83
756.966	31.67
757.143	58.53
757.319	53.28
757.496	43.48
757.672	47.65
757.849	13
758.025	40.53
758.201	62.38
758.378	14.35
758.554	56.17
758.73	27.36
758.907	55.8
759.083	28.06
759.259	49.86
759.435	58.17
759.612	50.43
759.788	64.36
759.964	56.99
760.14	51.04
760.316	-22.26
760.493	62.65
760.669	66.07
760.845	21.94
761.021	-13.21
761.197	66.82
761.373	72.64
761.549	33.59
761.725	25.79
761.901	28.28
762.077	39.96
762.253	3.78
762.429	83.04
762.605	48.37
762.781	29.36
762.957	27.94
763.133	55.21
763.308	61.38
763.484	-0.85
763.66	124.07
763.836	41.09
764.012	26.8
764.187	-6.05
764.363	73.34
764.539	62.43
764.715	37.22
764.89	28.77
765.066	-11.42
765.242	17
765.417	95.32
765.593	36.98
765.769	32.82
765.944	28.83
766.12	96.76
766.295	28.42
766.471	20.22
766.646	89.75
766.822	77.64
766.997	7.22
767.173	60.47
767.348	30.25
767.524	49.25
767.699	93.74
767.875	23.24
768.05	26.45
768.225	71.49
768.401	27.74
768.576	85.9
768.751	29.22
768.927	5.47
769.102	78.56
769.277	-46.42
769.452	33.8
769.628	40.15
769.803	175.36
769.978	89.12
770.153	-19.79
770.328	27.28
770.503	93.95
770.679	156.71
770.854	3.76
771.029	42.26
771.204	200
771.379	28.94
771.554	45.1
771.729	76.85
771.904	13.24
772.079	40.23
772.254	83.62
772.429	59.19
772.604	-4.33
772.779	81.38
772.953	-23.09
773.128	-0.91
773.303	34.95
773.478	87.86
773.653	42.08
773.828	20.23
774.002	114.99
774.177	-16.08
774.352	-165.22
774.527	46.6
774.701	30.38
774.876	106.76
775.051	-11.76
775.225	186.1
775.4	78.56
775.575	61.81
775.749	36.26
775.924	35.33
776.098	50.86
776.273	38.72
776.447	52.54
776.622	18
776.796	-7.73
776.971	95.12
777.145	-19.37
777.32	75.6
777.494	71.63
777.669	54.78
777.843	-26.71
778.017	141.84
778.192	52.33
778.366	88.24
778.54	92.33
778.715	8.26
778.889	98.76
779.063	29.2
779.237	0.21
779.412	24.65
779.586	-11.41
779.76	102.58
779.934	38.28
780.108	47.44
780.282	-498.51
780.457	71.8
780.631	-62.39
780.805	33.27
780.979	-408.96
781.153	74.17
781.327	92.34
781.501	81.91
781.675	39.07
781.849	-44.96
782.023	37.09
782.197	-37.48
782.371	-286.86
782.545	-101.84
782.718	-71.38
782.892	94.81
783.066	49.05
783.24	248.58
783.414	10.35
783.588	42.3
783.761	-40.58
783.935	49.66
784.109	159.66
784.283	-394.78
784.456	114.69
784.63	44.85
784.804	73.53
784.977	46.83
785.151	-6.36
785.324	-63.13
785.498	32.56
785.672	16.14
785.845	37.8
786.019	205.69
786.192	390.73
786.366	-28.5
786.539	252.88
786.713	-32.15
786.886	11.74
787.06	131.12
787.233	-29.61
787.406	-9.49
787.58	-15.35
787.753	-13.98
787.926	52.79
788.1	192.64
788.273	-773.58
788.446	-39.11
788.62	1283.87
788.793	53.31
788.966	105.98
789.139	44.51
789.313	16.89
789.486	8428.57
789.659	-88
789.832	19.55
790.005	67.95
790.178	284.96
790.351	110.05
790.524	102.37
790.697	0.28
790.87	84.26
791.044	1072.73
791.216	70.09
791.389	-172.19
791.562	62.09
791.735	48.1
791.908	729.87
792.081	-39.47
792.254	173.63
792.427	48.33
792.6	-41.4
792.773	-25.71
792.945	647.76
793.118	104.71
793.291	28.57
793.464	-19.57
793.637	133.74
793.809	28.57
793.982	102.7
794.155	9.72
794.327	75.66
794.5	-132.31
794.673	-174.09
794.845	73.93
795.018	-7.11
795.19	38.2
795.363	132.89
795.536	112.2
795.708	238.71
795.881	5000
796.053	25.68
796.226	110.86
796.398	144.47
796.57	8.21
796.743	-121.87
796.915	-23.09
797.088	68.83
797.26	77.17
797.432	78.48
797.605	90.91
797.777	-501.3
797.949	-31.66
798.122	-32.79
798.294	156.95
798.466	76.57
798.638	68.34
798.81	68.17
798.983	139.24
799.155	87.34
799.327	-8.19
799.499	63.74
799.671	229.68
799.843	-46.58
800.015	-28.79
800.187	23.87
800.359	24.39
800.531	72.75
800.703	49.81
800.875	61.8
801.047	-31.62
801.219	89.42
801.391	-2.6
801.563	105.04
801.735	8.47
801.907	413.5
802.079	71.29
802.251	-340.66
802.422	266.14
802.594	262.34
802.766	26.35
802.938	210.76
803.11	180.41
803.281	80.79
803.453	77.07
803.625	40.62
803.796	1.21
803.968	101.13
804.14	-62.74
804.311	15.13
804.483	73.9
804.654	-44.48
804.826	60.82
804.998	219.25
805.169	-22.39
805.341	449.6
805.512	58.39
805.684	-19.3
805.855	125.14
806.026	-446.15
806.198	266.26
806.369	27.29
806.541	100.98
806.712	118.43
806.883	111.72
807.055	18.32
807.226	54.34
807.397	213.19
807.569	369.91
807.74	63.44
807.911	-98.78
808.082	33.18
808.253	-500.99
808.425	80.62
808.596	-96.63
808.767	-67.63
808.938	81.97
809.109	57.43
809.28	-55.92
809.451	40.57
809.622	321.93
809.793	-922.58
809.964	377.39
810.135	-44.07
810.306	-56.65
810.477	522.15
810.648	4.86
810.819	55.45
810.99	-1720
811.161	-9.67
811.332	342.7
811.503	2.35
811.674	70.77
811.844	-95.38
812.015	111.35
812.186	553.37
812.357	24.89
812.527	-2.75
812.698	49.62
812.869	584.91
813.04	-15.95
813.21	-1000
813.381	13.23
813.551	156.06
813.722	61.61
813.893	5.91
814.063	0.5
814.234	-61.82
814.404	18.57
814.575	-64.41
814.745	-1.77
814.916	59.19
815.086	13.05
815.257	216.14
815.427	280.98
815.598	2.57
815.768	69.6
815.938	50.37
816.109	97.98
816.279	76.1
816.449	-90.03
816.62	1463.16
816.79	110.45
816.96	177.36
817.13	-6.42
817.301	-220.3
817.471	-10.25
817.641	192.64
817.811	-369.34
817.981	-1685.71
818.152	-67.3
818.322	-97.03
818.492	4.08
818.662	-28.98
818.832	19.93
819.002	60.47
819.172	161.57
819.342	-21.97
819.512	50.29
819.682	97.31
819.852	-27.35
820.022	51
820.192	-2.25
820.362	-7.54
820.531	129.64
820.701	46.06
820.871	-72.54
821.041	64.25
821.211	75.62
821.381	50.37
821.55	154.04
821.72	200
821.89	-113.85
822.059	44.12
822.229	49.77
822.399	70.85
822.568	192.48
822.738	-326.83
822.908	376.69
823.077	239.85
823.247	109.22
823.416	-1776.47
823.586	20.32
823.756	-83.94
823.925	412.66
824.095	144.19
824.264	-160.54
824.433	-309.73
824.603	154.11
824.772	-22.34
824.942	-422.78
825.111	-234.17
825.28	162.73
825.45	732.17
825.619	80.75
825.788	-164.04
825.958	50.86
826.127	-33.23
826.296	82.74
826.465	208.47
826.635	181.87
826.804	147.68
826.973	111.44
827.142	-91.06
827.311	-234.9
827.48	104
827.649	98.43
827.818	20.47
827.988	-126.4
828.157	-21.94
828.326	37.67
828.495	-37.96
828.664	171.98
828.833	119.43
829.002	-38.51
829.17	240.27
829.339	-95.48
829.508	146.56
829.677	-2.25
829.846	41.81
830.015	-56.9
830.184	-70.32
830.352	67.1
830.521	1.44
830.69	-736.59
830.859	-858.82
831.027	1778.95
831.196	88.48
831.365	76.01
831.533	-1.1
831.702	59.11
831.871	139.28
832.039	189.5
832.208	-248.7
832.377	-64.57
832.545	98.2
832.714	74.11
832.882	-25.12
833.051	-0.39
833.219	3285.71
833.388	-45.35
833.556	-90.38
833.724	21.91
833.893	29.26
834.061	452.63
834.23	12.88
834.398	5.41
834.566	293.51
834.735	8257.14
834.903	154.72
835.071	-7720
835.239	-138.36
835.408	131.35
835.576	-330.23
835.744	-27.97
835.912	162.11
836.08	114.19
836.249	-230.19
836.417	155.08
836.585	174.62
836.753	-25.61
836.921	122.16
837.089	-8371.43
837.257	-1390.7
837.425	-101.28
837.593	5.49
837.761	81.97
837.929	8.47
838.097	68.09
838.265	64.76
838.433	-43.93
838.601	24.93
838.769	139.24
838.936	226.97
839.104	43.05
839.272	102.9
839.44	63.76
839.608	346.34
839.775	-43.21
839.943	183.6
840.111	54.21
840.279	-2.63
840.446	1113.43
840.614	-80.52
840.781	241.74
840.949	37.6
841.117	-212.67
841.284	-273.82
841.452	-8.7
841.619	100.78
841.787	261.99
841.954	534.88
842.122	213.87
842.289	51.8
842.457	57.22
842.624	60.59
842.792	235.04
842.959	-74.29
843.126	-43.38
843.294	3.04
843.461	-10.27
843.629	-30.4
843.796	0.43
843.963	-0.78
844.13	30.99
844.298	218.53
844.465	-48.4
844.632	356.52
844.799	145.73
844.966	133.62
845.134	27.54
845.301	-42.17
845.468	-46.36
845.635	51.59
845.802	-34.89
845.969	117.14
846.136	86.97
846.303	-1947.37
846.47	13.05
846.637	-40
846.804	-1568.42
846.971	30.82
847.138	176.83
847.305	-86.73
847.472	61.4
847.639	93.21
847.805	101.33
847.972	449.35
848.139	-237.77
848.306	3357.89
848.473	235.82
848.639	-31.93
848.806	161.6
848.973	131.17
849.14	-30.91
849.306	-101.35
849.473	-284.77
849.64	144.62
849.806	90.91
849.973	50.81
850.139	271.52
850.306	64.29
850.472	27.31
850.639	109.51
850.806	-494.74
850.972	74.78
851.139	4314.29
851.305	84.34
851.471	50.53
851.638	177.91
851.804	-158.21
851.971	104.21
852.137	-28.02
852.303	11.06
852.47	7.92
852.636	-35.41
852.802	1.57
852.968	-101.28
853.135	126.9
853.301	-139.88
853.467	-12.46
853.633	43.29
853.8	42.46
853.966	-135.03
854.132	3114.29
854.298	-159.12
854.464	240.45
854.63	91.09
854.796	191.86
854.962	96.4
855.128	-2.31
855.294	26.8
855.46	126.1
855.626	-20.35
855.792	-258.69
855.958	153.4
856.124	185.28
856.29	17.22
856.456	130.65
856.622	102.98
856.787	636.36
856.953	64.28
857.119	128.71
857.285	52.13
857.45	-58.66
857.616	125.96
857.782	-30.18
857.948	0.63
858.113	-33.45
858.279	102.54
858.445	332.28
858.61	534.88
858.776	263.16
858.941	45.54
859.107	43.17
859.273	16.47
859.438	-233.95
859.604	-1568.42
859.769	114.96
859.935	211.88
860.1	75.04
860.265	55.33
860.431	79.14
860.596	5171.43
860.762	18.08
860.927	47.03
861.092	153.18
861.258	-34.56
861.423	135.14
861.588	66
861.753	3971.43
861.919	18.87
862.084	-140.16
862.249	289.49
862.414	216.38
862.579	90.36
862.745	123.3
862.91	195.57
863.075	20.2
863.24	-42.83
863.405	157.79
863.57	28.01
863.735	167.17
863.9	-12.39
864.065	41.47
864.23	92.35
864.395	118.86
864.56	-3.02
864.725	427.85
864.89	-204.49
865.055	182.16
865.22	113.99
865.384	-608.99
865.549	118.45
865.714	-52.93
865.879	-16.39
866.044	78.03
866.208	48.14
866.373	-90.11
866.538	121.31
866.702	-24.26
866.867	-8.79
867.032	72.94
867.196	31.01
867.361	305.6
867.526	55.79
867.69	-125.48
867.855	331.87
868.019	112.73
868.184	56.88
868.348	44.37
868.513	-496.77
868.677	232.68
868.842	136.4
869.006	210.2
869.17	-298.11
869.335	492.68
869.499	-126.21
869.663	398.68
869.828	-33.2
869.992	-79.07
870.156	41.68
870.321	-63.93
870.485	-28.82
870.649	60.69
870.813	0.74
870.978	143.83
871.142	-1055.38
871.306	-21.8
871.47	743.07
871.634	133.86
871.798	281.99
871.962	27.79
872.126	-3742.86
872.29	-6.3
872.454	-6314.29
872.618	62.2
872.782	-122.39
872.946	-41.61
873.11	67.34
873.274	89.02
873.438	835.29
873.602	-37.47
873.766	-18.18
873.93	-122.19
874.094	51.69
874.257	133.16
874.421	68.21
874.585	243.64
874.749	38.49
874.912	-102.16
875.076	63.03
875.24	137.05
875.403	302.39
875.567	-60.57
875.731	159.55
875.894	-98.78
876.058	-64.11
876.222	65.17
876.385	163.82
876.549	83.62
876.712	134.55
876.876	-154.66
877.039	33.2
877.203	98.83
877.366	27.24
877.529	-54.42
877.693	-18.84
877.856	127.67
878.02	37.37
878.183	-3.13
878.346	184.42
878.51	359.29
878.673	-102.16
878.836	-42.27
878.999	-1000
879.163	6.09
879.326	-39.39
879.489	111.72
879.652	81.04
879.815	46.73
879.978	33.47
880.142	441.61
880.305	140.37
880.468	142.17
880.631	110.88
880.794	-65.51
880.957	53.66
881.12	-2411.76
881.283	103.14
881.446	85.92
881.609	122.3
881.772	231.27
881.935	341.18
882.097	34.27
882.26	-569.81
882.423	-65.33
882.586	53.87
882.749	63.56
882.912	-13.5
883.074	104.52
883.237	72.45
883.4	12.2
883.562	50.97
883.725	-11.2
883.888	-244.09
884.05	-3880
884.213	-100.74
884.376	108.25
884.538	60.03
884.701	60.03
884.863	60.03
