181.954	227.13
182.172	227.13
182.39	227.13
182.608	8220
182.826	181.32
183.043	80.43
183.261	71.12
183.479	106.45
183.697	2558.82
183.914	47.37
184.132	30.48
184.35	117.04
184.567	195.21
184.785	-156.64
185.003	99.49
185.22	109.44
185.438	60.46
185.656	-134.17
185.873	-401.54
186.091	38.72
186.309	-775.86
186.526	-128.96
186.744	-87.19
186.961	-17.08
187.179	4.27
187.396	59.08
187.614	318.46
187.831	-180
188.049	-75.46
188.266	68.91
188.484	-971.64
188.701	300
188.919	81.28
189.136	192.27
189.354	230.5
189.571	-24.17
189.789	63.19
190.006	5.33
190.223	-264.32
190.441	97.2
190.658	2871.43
190.876	125.78
191.093	-16.48
191.31	66.71
191.528	97.66
191.745	69.14
191.962	134.86
192.179	63.93
192.397	-54.66
192.614	-17.51
192.831	4.78
193.049	39.46
193.266	311.65
193.483	46.53
193.7	-715.38
193.917	122.3
194.135	464.03
194.352	49.81
194.569	72.15
194.786	178.19
195.003	210.07
195.221	89.42
195.438	-128.27
195.655	215.58
195.872	11.19
196.089	9.98
196.306	70.11
196.523	96.87
196.74	84.49
196.957	54.2
197.174	38.07
197.391	137.96
197.608	47.47
197.825	-1016.13
198.042	35.66
198.259	-734.48
198.476	59.27
198.693	-660
198.91	32.19
199.127	-577.61
199.344	37.65
199.561	-296.53
199.778	31.84
199.995	-613.43
200.212	1706.9
200.429	140.76
200.646	-292.41
200.862	394.38
201.079	3.27
201.296	450.99
201.513	-119.42
201.73	127.31
201.947	183.87
202.163	148.5
202.38	64.16
202.597	113.9
202.814	88.47
203.03	-8580
203.247	191.46
203.464	-32.7
203.681	159.74
203.897	195.51
204.114	-515.09
204.331	154.79
204.547	-844.19
204.764	131.08
204.981	-970.59
205.197	310.21
205.414	120.32
205.63	1003.45
205.847	113.07
206.064	-660
206.28	54.77
206.497	43.92
206.713	122.04
206.93	26.68
207.146	52.3
207.363	-844.62
207.579	-29.67
207.796	246.9
208.012	-170.14
208.229	102.99
208.445	116.89
208.662	-32.77
208.878	121.17
209.095	652.94
209.311	-14.12
209.528	128.57
209.744	-52.12
209.96	-25.83
210.177	-131.07
210.393	30.98
210.609	60
210.826	226.38
211.042	425.22
211.258	31.34
211.475	-162.03
211.691	-36.29
211.907	558.23
212.124	-10.69
212.34	66.86
212.556	41.45
212.772	260.44
212.989	141.06
213.205	56.46
213.421	-327.14
213.637	335.82
213.853	43.19
214.069	2510.53
214.286	195.04
214.502	-613.43
214.718	-49.84
214.934	157.22
215.15	-18.69
215.366	114.91
215.582	66.78
215.798	59.03
216.015	62.24
216.231	-11.35
216.447	23.65
216.663	14.14
216.879	-61.81
217.095	219.46
217.311	186.79
217.527	40.76
217.743	-166.02
217.959	-537.74
218.175	63.67
218.391	196.4
218.606	-125.14
218.822	247.83
219.038	-149.2
219.254	123.16
219.47	14.14
219.686	812.36
219.902	27.53
220.118	33.15
220.334	66.71
220.549	134.3
220.765	32.69
220.981	66.76
221.197	41.23
221.413	-280.22
221.628	694.94
221.844	28.3
222.06	32.04
222.276	-43.74
222.491	22.59
222.707	119.02
222.923	-666.44
223.139	36.72
223.354	23.08
223.57	-21.26
223.786	45.49
224.001	123.94
224.217	30.61
224.432	341.62
224.648	118.57
224.864	-67.23
225.079	-183.58
225.295	-3.72
225.51	150.81
225.726	77.7
225.942	115.67
226.157	54.92
226.373	19.15
226.588	4.42
226.804	-900
227.019	28.64
227.235	87.83
227.45	77.17
227.665	6780
227.881	262.2
228.096	80.87
228.312	-45.41
228.527	48.17
228.743	293.14
228.958	-130.32
229.173	-284.35
229.389	114.52
229.604	28.3
229.819	-43.32
230.035	3.18
230.25	-42.86
230.465	-93.19
230.681	-110.42
230.896	15.14
231.111	34.3
231.327	102.93
231.542	540
231.757	85.87
231.972	134.63
232.187	54.89
232.403	-3994.74
232.618	121.02
232.833	20.47
233.048	365.45
233.263	102.68
233.478	-346.96
233.694	-286.05
233.909	-396.77
234.124	-15.99
234.339	25.24
234.554	1665.52
234.769	62.04
234.984	170.85
235.199	90.63
235.414	-135.4
235.629	-565.82
235.844	-0.54
236.059	83.43
236.274	133.23
236.489	-207.84
236.704	154.62
236.919	128.57
237.134	13.07
237.349	127.57
237.564	98.91
237.779	-38.79
237.994	136.6
238.209	109.83
238.424	196.93
238.639	34.99
238.853	118.63
239.068	-11.78
239.283	-0.91
239.498	138.52
239.713	193.74
239.928	48.18
240.142	110.53
240.357	8.99
240.572	-58.31
240.787	38.42
241.001	60
241.216	39.66
241.431	60.85
241.646	107.5
241.86	-146.64
242.075	-90.7
242.29	44.54
242.504	-41.8
242.719	322.36
242.934	111.02
243.148	94.99
243.363	15.72
243.577	-279.78
243.792	95.95
244.007	49.01
244.221	-167.53
244.436	-362.69
244.65	152.76
244.865	220.38
245.079	246.19
245.294	-53.96
245.508	-60.8
245.723	70.14
245.937	49.45
246.152	58.52
246.366	-29.33
246.581	-0.54
246.795	-23.93
247.01	78.36
247.224	38.93
247.438	89.23
247.653	14.73
247.867	144.51
248.081	110.27
248.296	446.34
248.51	51.86
248.724	44.15
248.939	425.37
249.153	69.8
249.367	-15.99
249.582	-85.83
249.796	-744.16
250.01	-200.66
250.224	73.18
250.439	-65.07
250.653	30.09
250.867	59.18
251.081	265.88
251.295	18.2
251.51	-67.66
251.724	196.4
251.938	210.78
252.152	-76.64
252.366	-28.33
252.58	1041.82
252.794	59.68
253.008	61.59
253.223	-59.2
253.437	36.68
253.651	9.43
253.865	139.39
254.079	65.97
254.293	28.26
254.507	518.18
254.721	37.97
254.935	339.56
255.149	104.65
255.363	66.15
255.577	251.68
255.791	88.47
256.005	263.19
256.218	-36.43
256.432	-56.01
256.646	22.13
256.86	73.52
257.074	12.84
257.288	7980
257.502	49.45
257.716	31.76
257.929	245.62
258.143	2.81
258.357	316.96
258.571	47.6
258.785	-27.54
258.998	-13.79
259.212	55.31
259.426	20.18
259.64	212.52
259.853	123.2
260.067	38.64
260.281	82.43
260.494	-55.66
260.708	513.86
260.922	6.78
261.135	23.47
261.349	-63.03
261.563	68.67
261.776	1217.65
261.99	91.94
262.203	45.8
262.417	-5.3
262.63	60
262.844	124.72
263.058	238.98
263.271	45.28
263.485	115.86
263.698	87.7
263.912	19.15
264.125	17.05
264.339	-427.56
264.552	78.85
264.765	-586.96
264.979	40.44
265.192	90.74
265.406	17.49
265.619	48.2
265.832	129.62
266.046	-22.99
266.259	108.81
266.473	-745.16
266.686	125.04
266.899	70.39
267.113	2940
267.326	28.62
267.539	17.3
267.752	53.3
267.966	84.03
268.179	100.74
268.392	119.26
268.605	-200.79
268.819	101.68
269.032	140.76
269.245	300
269.458	180.44
269.671	-611.39
269.885	63.19
270.098	92.15
270.311	-231.65
270.524	49.01
270.737	131.2
270.95	260.26
271.163	-2.36
271.376	-745.16
271.589	72.15
271.802	63.82
272.016	-110.42
272.229	66.09
272.442	-108.1
272.655	79.7
272.868	-166.52
273.081	-64.04
273.294	42.96
273.506	41.34
273.719	3.6
273.932	72.65
274.145	-2820
274.358	154.35
274.571	108.4
274.784	549.06
274.997	106.52
275.21	-46.29
275.423	45.32
275.635	-25.63
275.848	133.28
276.061	29.8
276.274	-37.6
276.487	-263.48
276.699	-51.36
276.912	42.2
277.125	3.83
277.338	52.01
277.55	41.49
277.763	-9.4
277.976	153.31
278.189	-319.78
278.401	-27.94
278.614	328.8
278.827	76.3
279.039	164.79
279.252	-55.29
279.464	-19.18
279.677	173.99
279.89	25.16
280.102	-85.93
280.315	914.63
280.527	868.42
280.74	-237.93
280.952	62.89
281.165	41.24
281.377	139.39
281.59	44.2
281.802	83.09
282.015	62.89
282.227	44.03
282.44	567.63
282.652	43.82
282.865	243.13
283.077	51.33
283.29	141.32
283.502	9.04
283.714	260.19
283.927	93.1
284.139	-390.13
284.351	-59.08
284.564	-27.27
284.776	89.24
284.988	155.83
285.201	-129.85
285.413	39.26
285.625	47.03
285.838	-15.11
286.05	63.66
286.262	34.32
286.474	-22.66
286.686	-47.5
286.899	-146.64
287.111	-8.57
287.323	89.69
287.535	335.64
287.747	138.18
287.959	31.34
288.172	-27.27
288.384	33.19
288.596	-41.69
288.808	96.23
289.02	979.25
289.232	20.1
289.444	-33.45
289.656	-110.42
289.868	12.31
290.08	277.91
290.292	-134.04
290.504	21.68
290.716	73.53
290.928	68.48
291.14	439.53
291.352	49.88
291.564	-758.82
291.776	216.22
291.988	248.47
292.2	-177.73
292.412	53.51
292.624	-93.44
292.835	765.67
293.047	-11.05
293.259	-91.22
293.471	93.67
293.683	-21.95
293.895	70.93
294.106	-3.33
294.318	64.74
294.53	83.47
294.742	-651.72
294.953	-142.8
295.165	52.74
295.377	136.26
295.589	56.22
295.8	159.55
296.012	1.48
296.224	44.77
296.435	138.88
296.647	-63.1
296.858	-19.42
297.07	1075.38
297.282	-55.64
297.493	4.31
297.705	25.71
297.916	-3.84
298.128	-59.67
298.34	28.61
298.551	16.29
298.763	-44.71
298.974	45.17
299.186	40.65
299.397	-28.86
299.609	-590.32
299.82	147.53
300.031	8.93
300.243	2447.37
300.454	226.38
300.666	66.7
300.877	83.89
301.089	146.81
301.3	78.32
301.511	69.76
301.723	-37.92
301.934	282.09
302.145	6.34
302.357	55.24
302.568	117.6
302.779	16.26
302.99	57.85
303.202	137.69
303.413	-40.51
303.624	-110.85
303.835	-39.62
304.047	-229.55
304.258	79.09
304.469	1.16
304.68	64.24
304.891	73.84
305.103	123.94
305.314	89.58
305.525	4757.14
305.736	167.72
305.947	53.39
306.158	-900
306.369	105.44
306.58	125.53
306.791	166.23
307.002	86.71
307.213	-14.68
307.424	177.03
307.636	94.01
307.846	51.72
308.057	148.54
308.268	33.76
308.479	58.52
308.69	92.02
308.901	64.44
309.112	-62.79
309.323	9.98
309.534	31.27
309.745	25.62
309.956	14.45
310.167	35.8
310.377	-26.99
310.588	-84.12
310.799	-93.52
311.01	40.32
311.221	100.53
311.432	54.4
311.642	118.11
311.853	27.7
312.064	-1065.52
312.275	362.45
312.485	74.46
312.696	29.86
312.907	137.19
313.117	32.72
313.328	39.65
313.539	-31.46
313.749	70.72
313.96	-29.67
314.171	58.5
314.381	58.48
314.592	11.6
314.802	-5.19
315.013	58.04
315.224	-2.51
315.434	-1342.11
315.645	-900
315.855	-33.51
316.066	-482.02
316.276	202.47
316.487	739.02
316.697	59.72
316.908	12.9
317.118	2.72
317.329	127.79
317.539	115.81
317.749	413.3
317.96	-577.61
318.17	1.94
318.381	-135.16
318.591	-1045.05
318.801	-26.48
319.012	54.06
319.222	-26.21
319.432	-137.72
319.643	114.58
319.853	-76.68
320.063	50.82
320.273	89.11
320.484	-29.67
320.694	329.39
320.904	-57.97
321.114	43.82
321.325	962.07
321.535	21.33
321.745	-0.57
321.955	59.37
322.165	-15.41
322.375	49.95
322.585	-97.55
322.796	-362.07
323.006	39.72
323.216	69.13
323.426	17.12
323.636	179.43
323.846	465.52
324.056	71.94
324.266	18.48
324.476	93.02
324.686	157.3
324.896	-18.27
325.106	684.91
325.316	5.23
325.526	-2794.74
325.736	123.13
325.946	3.96
326.156	564.94
326.366	70.43
326.576	104.65
326.785	82.91
326.995	92.63
327.205	257.79
327.415	247.12
327.625	168.61
327.835	22.78
328.044	221.61
328.254	320.87
328.464	253.36
328.674	220.18
328.884	144.6
329.093	312.83
329.303	41.67
329.513	173.29
329.722	1878.95
329.932	31.66
330.142	-62.23
330.351	116.81
330.561	60
330.771	-9.96
330.98	12.26
331.19	-456.92
331.4	15.9
331.609	106.73
331.819	885.37
332.028	-77.14
332.238	121.02
332.447	155.71
332.657	131.79
332.866	-24.43
333.076	36.92
333.285	186.64
333.495	687.1
333.704	-318.83
333.914	15.15
334.123	91.59
334.333	650.77
334.542	116.89
334.752	336.92
334.961	-379.25
335.17	34.67
335.38	8.99
335.589	53.05
335.798	83.16
336.008	471.43
336.217	80.43
336.426	45.81
336.636	14.04
336.845	-75.21
337.054	19.48
337.263	48.93
337.473	10.34
337.682	42.02
337.891	112.96
338.1	256.83
338.309	-131.32
338.519	179.73
338.728	44.02
338.937	73.23
339.146	394.96
339.355	-220.75
339.564	1247.37
339.773	-97.99
339.983	-2.55
340.192	39.13
340.401	136.51
340.61	115.38
340.819	139.5
341.028	28.52
341.237	-1464.71
341.446	8.41
341.655	124.32
341.864	-35.55
342.073	48.97
342.282	-6.51
342.491	67.46
342.699	66.99
342.908	-525.97
343.117	94.2
343.326	222.27
343.535	-289.09
343.744	-40.05
343.953	-42.86
344.162	102.47
344.37	24.82
344.579	49.25
344.788	54.48
344.997	-10.59
345.206	249.19
345.414	55.51
345.623	224.72
345.832	38.64
346.041	141.62
346.249	82.18
346.458	86.72
346.667	95.16
346.875	100.31
347.084	42.19
347.293	108.21
347.501	146.45
347.71	9.84
347.918	7.75
348.127	-69.23
348.336	-240.4
348.544	171.87
348.753	49.25
348.961	85.33
349.17	235.14
349.378	56.3
349.587	100.5
349.795	218.45
350.004	318.46
350.212	61.65
350.421	-379.65
350.629	78.85
350.838	65.66
351.046	51.62
351.254	33.84
351.463	-13.28
351.671	-521.05
351.879	276.87
352.088	47.18
352.296	-61.06
352.504	229.55
352.713	129.96
352.921	196.06
353.129	-25.26
353.338	-7.87
353.546	-33.49
353.754	-23.93
353.962	-85.24
354.171	8.23
354.379	-3300
354.587	84.87
354.795	-20.52
355.003	28.05
355.212	53.47
355.42	28.3
355.628	135.18
355.836	287.8
356.044	-30.4
356.252	62.51
356.46	-9.8
356.668	1315.38
356.876	93.97
357.084	36.18
357.292	73.69
357.5	-11.27
357.708	36.54
357.916	179.02
358.124	72.59
358.332	-22.39
358.54	278.18
358.748	596.1
358.956	126.35
359.164	56.74
359.372	80.94
359.58	23.74
359.788	40.99
359.996	29.92
360.203	16.09
360.411	130.74
360.619	-73.87
360.827	17.54
361.035	-266.87
361.242	36.07
361.45	193.67
361.658	118.01
361.866	-27.48
362.073	11.66
362.281	37.56
362.489	15.1
362.697	141.46
362.904	82.48
363.112	201.79
363.32	15.74
363.527	164.35
363.735	-70.66
363.943	77.38
364.15	143.11
364.358	-34.27
364.565	-23.97
364.773	102.81
364.98	-51.94
365.188	40.82
365.395	148.14
365.603	267.46
365.81	47.3
366.018	82.88
366.225	11.43
366.433	82.63
366.64	63.36
366.848	88.31
367.055	89.34
367.263	66.05
367.47	158.66
367.677	269.62
367.885	124.39
368.092	138.35
368.299	-139.44
368.507	111.45
368.714	384.96
368.921	177.17
369.129	110.35
369.336	31.85
369.543	30.45
369.751	17.18
369.958	133.18
370.165	137.6
370.372	-48.56
370.579	149.62
370.787	61.2
370.994	71.8
371.201	67.85
371.408	110.35
371.615	92.85
371.822	105.92
372.029	47.8
372.237	-385.71
372.444	-192.97
372.651	57.67
372.858	-44.87
373.065	58.33
373.272	125.06
373.479	-1065.52
373.686	260.19
373.893	288.35
374.1	76.08
374.307	-494.24
374.514	-10.93
374.721	38.1
374.928	-136.36
375.135	3.6
375.341	-2580
375.548	34.21
375.755	-35.86
375.962	72.93
376.169	83.61
376.376	-117.81
376.583	-11.31
376.789	96.56
376.996	39.33
377.203	47.49
377.41	49.92
377.617	51.61
377.823	235.83
378.03	-590.32
378.237	115.2
378.443	-125.14
378.65	-424.53
378.857	38.75
379.063	436.71
379.27	550.43
379.477	58.04
379.683	5.72
379.89	118.03
380.097	142.66
380.303	55.45
380.51	-0.46
380.716	40.7
380.923	111.02
381.129	40.21
381.336	-191.34
381.542	39.23
381.749	39.81
381.955	110.9
382.162	42.69
382.368	48.6
382.575	24.69
382.781	424.14
382.988	84.32
383.194	-22.08
383.4	-43.33
383.607	68.72
383.813	78.6
384.02	71.14
384.226	-87.46
384.432	30.16
384.639	67.6
384.845	391.14
385.051	74.51
385.257	91.24
385.464	102.31
385.67	35.23
385.876	113.39
386.082	51.86
386.289	63.4
386.495	47.75
386.701	-59.61
386.907	-9.97
387.113	54.23
387.319	29.3
387.526	-94.79
387.732	507.87
387.938	98.4
388.144	686.09
388.35	57.68
388.556	36.67
388.762	64.82
388.968	1053.49
389.174	56.7
389.38	95.25
389.586	70.38
389.792	25.19
389.998	61.56
390.204	104.08
390.41	58.61
390.616	113.83
390.822	98.13
391.028	58.01
391.234	39.91
391.439	-119.42
391.645	33.89
391.851	92.37
392.057	6.31
392.263	43.97
392.469	12.61
392.674	21.8
392.88	7.07
393.086	21.2
393.292	-75.14
393.498	-105.45
393.703	56.42
393.909	31.74
394.115	127.6
394.32	50.69
394.526	47.19
394.732	50.96
394.937	70.16
395.143	42.51
395.349	9.72
395.554	-49.75
395.76	49.97
395.965	-24.41
396.171	43.84
396.377	-2.94
396.582	47.5
396.788	20.95
396.993	56.5
397.199	-25.39
397.404	48.8
397.61	-19.9
397.815	11.82
398.021	-29.63
398.226	-42.63
398.431	15.25
398.637	56.95
398.842	42.09
399.048	56.68
399.253	22.61
399.458	17.42
399.664	21.1
399.869	29.55
400.074	55.02
400.28	44.26
400.485	22.47
400.69	25.96
400.896	23.69
401.101	26.94
401.306	41.73
401.511	-5.71
401.716	-0.16
401.922	19.46
402.127	18.4
402.332	7.65
402.537	15.42
402.742	18.73
402.947	47.14
403.153	10.37
403.358	12.92
403.563	35.45
403.768	33.14
403.973	24.79
404.178	15.88
404.383	22.4
404.588	24.86
404.793	28.76
404.998	20.01
405.203	4.63
405.408	22.34
405.613	16.94
405.818	22.78
406.023	2.44
406.228	-1.64
406.433	9.55
406.638	14.03
406.842	6.68
407.047	15.63
407.252	12.91
407.457	21.91
407.662	13.05
407.867	10.67
408.071	16.56
408.276	2.14
408.481	9.03
408.686	11.18
408.891	12.9
409.095	8.05
409.3	12.6
409.505	11.22
409.709	10.37
409.914	7.02
410.119	11.87
410.323	4.65
410.528	6.04
410.733	11.94
410.937	7.5
411.142	7.05
411.346	11.65
411.551	4.54
411.756	7.05
411.96	7.25
412.165	4.9
412.369	5.42
412.574	4.02
412.778	6.91
412.983	10.81
413.187	0.62
413.392	5.21
413.596	8.08
413.8	8.16
414.005	8.35
414.209	5.92
414.414	4.08
414.618	7.65
414.822	8.55
415.027	6.18
415.231	6.64
415.435	7.16
415.64	6.28
415.844	5.2
416.048	3.61
416.252	5.88
416.457	6.07
416.661	5.79
416.865	4.66
417.069	5
417.274	6.88
417.478	5.68
417.682	3.81
417.886	5.45
418.09	5.65
418.294	6.63
418.498	5.27
418.702	6.93
418.907	6.96
419.111	3.98
419.315	5.47
419.519	4.8
419.723	3.41
419.927	4.93
420.131	7.13
420.335	4.88
420.539	3.13
420.743	7.8
420.947	3.88
421.151	3.43
421.355	5.03
421.558	4.87
421.762	4.48
421.966	5.22
422.17	4.35
422.374	5.02
422.578	3.97
422.782	4.5
422.985	3.5
423.189	4.22
423.393	4.69
423.597	3.96
423.801	4.75
424.004	4.7
424.208	4.45
424.412	3.87
424.615	4.74
424.819	5.14
425.023	5.72
425.226	5.8
425.43	4.44
425.634	5
425.837	3.78
426.041	4.44
426.245	4.39
426.448	4.61
426.652	4.16
426.855	3.64
427.059	3.62
427.262	4.9
427.466	4.62
427.669	4.21
427.873	3.95
428.076	4.04
428.28	4.6
428.483	4.16
428.687	4.57
428.89	4.57
429.094	3.41
429.297	4.89
429.5	4.4
429.704	4.73
429.907	5.1
430.11	4.39
430.314	3.66
430.517	4.58
430.72	4.06
430.924	4.39
431.127	3.82
431.33	4.21
431.533	4.5
431.737	4.28
431.94	4.49
432.143	4.67
432.346	4
432.549	4.07
432.752	4.09
432.956	4.79
433.159	3.81
433.362	3.43
433.565	4.13
433.768	3.72
433.971	3.68
434.174	4.48
434.377	4.04
434.58	4.62
434.783	3.51
434.986	4.3
435.189	4.5
435.392	4.46
435.595	4.54
435.798	4.11
436.001	4.4
436.204	4.24
436.407	4.34
436.61	4.28
436.813	4.36
437.016	4.61
437.219	4.28
437.421	4.05
437.624	4.43
437.827	4.1
438.03	3.89
438.233	4.26
438.435	4.27
438.638	4.26
438.841	4.23
439.044	4.4
439.246	4.19
439.449	4.38
439.652	4.49
439.854	4.08
440.057	4.45
440.26	4.14
440.462	4.64
440.665	3.84
440.868	4.18
441.07	4.67
441.273	4.45
441.475	4.22
441.678	4.65
441.88	4.37
442.083	4.06
442.286	3.95
442.488	4.21
442.69	4.73
442.893	4.23
443.095	4.21
443.298	4.44
443.5	4.35
443.703	4.45
443.905	4.17
444.108	4.42
444.31	4.22
444.512	3.67
444.715	4.5
444.917	4.15
445.119	4.54
445.322	4.16
445.524	4.65
445.726	4.08
445.928	4.2
446.131	4.65
446.333	4.16
446.535	4.25
446.737	4.45
446.94	4.87
447.142	4.67
447.344	4.29
447.546	4.47
447.748	4.3
447.95	4.33
448.152	4.57
448.354	4.68
448.557	4.74
448.759	4.67
448.961	4.31
449.163	4.4
449.365	4.21
449.567	4.45
449.769	4.89
449.971	4.41
450.173	4.26
450.375	4.75
450.577	4.6
450.779	4.58
450.981	4.61
451.182	4.4
451.384	4.35
451.586	4.75
451.788	4.33
451.99	5.04
452.192	4.44
452.394	4.83
452.595	5.42
452.797	4.74
452.999	4.86
453.201	4.49
453.402	4.41
453.604	4.72
453.806	4.86
454.008	5.03
454.209	5.11
454.411	4.93
454.613	4.54
454.814	5
455.016	4.78
455.218	5.23
455.419	5.22
455.621	4.83
455.822	4.3
456.024	4.62
456.225	5.51
456.427	5.74
456.629	4.49
456.83	5.41
457.032	5.24
457.233	5.09
457.435	5.14
457.636	5.59
457.837	5.12
458.039	5.11
458.24	4.97
458.442	5.91
458.643	4.56
458.844	5.82
459.046	4.79
459.247	6.69
459.448	5.5
459.65	4.8
459.851	5.71
460.052	5.12
460.254	5.46
460.455	5.45
460.656	5.86
460.857	5.48
461.059	4.78
461.26	5.27
461.461	5.95
461.662	5.45
461.863	6.07
462.065	5.26
462.266	5.64
462.467	5.19
462.668	5.92
462.869	5.65
463.07	5.55
463.271	6.01
463.472	5.13
463.673	5.82
463.874	5.38
464.075	5.2
464.276	5.18
464.477	6.28
464.678	5.61
464.879	5.31
465.08	5.72
465.281	6.13
465.482	6.38
465.683	4.83
465.884	5.45
466.085	6.48
466.285	5.47
466.486	6.26
466.687	5.68
466.888	5.45
467.089	5.3
467.29	5.73
467.49	5.23
467.691	4.55
467.892	5.13
468.093	6.13
468.293	6.17
468.494	5.43
468.695	6.53
468.895	6.68
469.096	5.34
469.297	6.16
469.497	5.8
469.698	5.25
469.898	5.62
470.099	6.38
470.3	6.43
470.5	5.06
470.701	6.57
470.901	6.04
471.102	4.69
471.302	5.96
471.503	5.98
471.703	6.77
471.904	5.44
472.104	5.95
472.305	4.28
472.505	5.72
472.705	6.01
472.906	6.74
473.106	5.94
473.306	5.92
473.507	6.65
473.707	6.91
473.907	5.14
474.108	4.46
474.308	5.03
474.508	6.07
474.709	5.14
474.909	7.08
475.109	4.86
475.309	7.01
475.51	5.67
475.71	6.05
475.91	5.83
476.11	6.14
476.31	5.27
476.51	6.84
476.71	6.7
476.911	7.85
477.111	6.23
477.311	4.23
477.511	6
477.711	6.33
477.911	4.99
478.111	6
478.311	6.59
478.511	5.36
478.711	7.21
478.911	5.76
479.111	6.14
479.311	6.17
479.511	6.25
479.711	5.62
479.91	5.62
480.11	6.56
480.31	5.84
480.51	8.24
480.71	4.66
480.91	6.16
481.109	7.12
481.309	5.73
481.509	6.13
481.709	7.61
481.909	6.01
482.108	5.12
482.308	6.58
482.508	6.26
482.707	7.9
482.907	5.34
483.107	7.23
483.306	7.59
483.506	5.38
483.706	5.64
483.905	6.69
484.105	6.54
484.304	4.95
484.504	5.08
484.704	6.01
484.903	7
485.103	6.71
485.302	4.67
485.502	6.62
485.701	6.32
485.901	4.78
486.1	6.6
486.299	5.56
486.499	6.36
486.698	6.51
486.898	6.49
487.097	5.51
487.296	4.06
487.496	5.95
487.695	5.52
487.894	6.07
488.094	6.82
488.293	6.05
488.492	5.82
488.692	6.36
488.891	7.5
489.09	6.33
489.289	5.43
489.489	5.43
489.688	6.07
489.887	6.11
490.086	5.55
490.285	6.01
490.484	6.88
490.683	8
490.883	6.14
491.082	6.97
491.281	5.2
491.48	5.69
491.679	6.88
491.878	6.44
492.077	6.3
492.276	7.48
492.475	6.45
492.674	5.26
492.873	6.38
493.072	6.73
493.271	6.77
493.47	5.57
493.669	6.27
493.867	7.24
494.066	6.36
494.265	7.3
494.464	7.35
494.663	6.95
494.862	6.23
495.06	6.38
495.259	5.51
495.458	6.93
495.657	7.53
495.856	6.8
496.054	6.62
496.253	7.07
496.452	5.72
496.65	6.64
496.849	6.72
497.048	6.73
497.246	6.26
497.445	6.76
497.644	7.57
497.842	7.69
498.041	8.21
498.239	7.16
498.438	6.76
498.636	7.36
498.835	7.73
499.034	7.21
499.232	7.99
499.431	6.8
499.629	7.42
499.827	7.75
500.026	7.21
500.224	7.48
500.423	6.88
500.621	8.14
500.82	8.36
501.018	8.2
501.216	7.36
501.415	8.09
501.613	6.83
501.811	8.02
502.01	8.13
502.208	7.64
502.406	8.58
502.604	9.08
502.803	7.86
503.001	8.7
503.199	8.16
503.397	7.92
503.595	8.84
503.794	8.68
503.992	8.94
504.19	8.49
504.388	8.74
504.586	8.37
504.784	8.09
504.982	8.21
505.18	8.75
505.378	7.84
505.576	8.19
505.774	8.82
505.972	8.8
506.17	9.27
506.368	9.42
506.566	9.19
506.764	8.96
506.962	9.18
507.16	9.57
507.358	9.12
507.556	9.93
507.754	9.29
507.952	9.76
508.15	8.84
508.347	9.91
508.545	9.54
508.743	10.35
508.941	9.85
509.139	10.39
509.336	9.26
509.534	10.55
509.732	10.18
509.93	9.76
510.127	9.82
510.325	10.21
510.523	10.5
510.72	10.83
510.918	10.2
511.116	10.54
511.313	10.38
511.511	10.61
511.708	10.66
511.906	10.67
512.104	10.81
512.301	11.35
512.499	11.09
512.696	10.56
512.894	10.57
513.091	11.02
513.289	11.3
513.486	11.4
513.683	10.95
513.881	10.44
514.078	11.43
514.276	12.03
514.473	11.23
514.67	11.56
514.868	11.51
515.065	11.37
515.262	12.19
515.46	11.87
515.657	12.3
515.854	11.82
516.052	11.94
516.249	11.83
516.446	11.83
516.643	12.2
516.84	12.36
517.038	12.18
517.235	12.12
517.432	12.99
517.629	13.03
517.826	12.37
518.023	13.18
518.221	13.02
518.418	12.53
518.615	12.92
518.812	13.4
519.009	12.85
519.206	12.64
519.403	13.06
519.6	13.22
519.797	13.71
519.994	13.38
520.191	13.33
520.388	13.58
520.585	13.6
520.782	13.34
520.978	13
521.175	14.05
521.372	13.93
521.569	13.8
521.766	13.57
521.963	13.69
522.159	13.83
522.356	13.67
522.553	14.53
522.75	14.09
522.947	13.76
523.143	14.47
523.34	14.59
523.537	14.62
523.733	14.01
523.93	14.55
524.127	14.71
524.323	13.54
524.52	14.51
524.717	14.38
524.913	14.42
525.11	14.32
525.306	15.03
525.503	15
525.7	13.99
525.896	14.92
526.093	14.45
526.289	15.27
526.486	14.07
526.682	14.86
526.878	14.71
527.075	14.72
527.271	15.16
527.468	15.39
527.664	14.76
527.861	15.35
528.057	15.13
528.253	15.46
528.45	15.16
528.646	14.92
528.842	15.09
529.039	15.31
529.235	15.88
529.431	15.17
529.627	15.69
529.824	16.08
530.02	15.55
530.216	15.29
530.412	15.44
530.608	15.43
530.804	15.59
531.001	15.88
531.197	15.49
531.393	16.02
531.589	15.66
531.785	16.16
531.981	15.54
532.177	15.92
532.373	16.1
532.569	15.49
532.765	16.22
532.961	15.87
533.157	15.34
533.353	16.2
533.549	15.99
533.745	16.14
533.941	16.15
534.137	16.1
534.333	16.03
534.529	16.17
534.725	16.24
534.92	16.16
535.116	15.98
535.312	16.29
535.508	16.18
535.704	16.02
535.899	16.14
536.095	16.56
536.291	16.06
536.487	16.3
536.682	15.9
536.878	16.12
537.074	16.47
537.269	16.46
537.465	16.35
537.661	16.44
537.856	16.59
538.052	16.48
538.248	16.36
538.443	16.69
538.639	16.77
538.834	16.1
539.03	16.29
539.225	16.69
539.421	16.03
539.616	16.76
539.812	16.8
540.007	16.89
540.203	16.75
540.398	16.89
540.593	17.39
540.789	17.04
540.984	16.77
541.18	16.87
541.375	16.29
541.57	16.84
541.766	17.1
541.961	16.96
542.156	17.32
542.352	17.15
542.547	16.63
542.742	17.08
542.937	17.47
543.133	17.03
543.328	16.82
543.523	16.99
543.718	16.92
543.913	17.36
544.108	17.01
544.304	17.16
544.499	16.99
544.694	16.71
544.889	17.08
545.084	17.8
545.279	17.09
545.474	17.31
545.669	17.19
545.864	17.02
546.059	16.89
546.254	16.79
546.449	17.34
546.644	17.16
546.839	17.42
547.034	17.32
547.229	17.34
547.424	17.79
547.618	17.75
547.813	17.33
548.008	17.72
548.203	17.59
548.398	17.46
548.593	17.6
548.787	17.7
548.982	17.45
549.177	17.56
549.372	17.34
549.566	17.57
549.761	17.53
549.956	17.56
550.15	17.68
550.345	17.62
550.54	17.76
550.734	17.5
550.929	17.61
551.124	17.61
551.318	17.75
551.513	17.53
551.707	17.65
551.902	17.66
552.096	18.07
552.291	18.02
552.485	18.49
552.68	18.02
552.874	17.9
553.069	17.61
553.263	18.23
553.458	17.71
553.652	17.86
553.847	18.44
554.041	18.44
554.235	17.91
554.43	17.93
554.624	17.99
554.818	17.99
555.013	18.17
555.207	18.12
555.401	17.86
555.595	17.92
555.79	17.71
555.984	18.14
556.178	17.9
556.372	18.36
556.566	18.36
556.761	18.43
556.955	18.07
557.149	18.46
557.343	17.41
557.537	18.12
557.731	18.16
557.925	18.32
558.119	18.34
558.313	18.28
558.507	17.7
558.701	18.29
558.895	18.44
559.089	18.03
559.283	18.5
559.477	18.73
559.671	18.25
559.865	18.9
560.059	18.37
560.253	18.4
560.447	18.61
560.641	18.51
560.835	18.93
561.028	19.08
561.222	18.83
561.416	18.58
561.61	18.48
561.804	18.54
561.997	18.8
562.191	18.47
562.385	18.96
562.579	18.32
562.772	19.02
562.966	19.07
563.16	18.82
563.353	19.02
563.547	18.8
563.741	18.8
563.934	18.36
564.128	18.73
564.321	18.4
564.515	19.04
564.708	19.12
564.902	18.38
565.095	18.56
565.289	19.2
565.482	19.15
565.676	18.63
565.869	18.62
566.063	18.77
566.256	18.99
566.45	18.57
566.643	18.66
566.836	18.96
567.03	18.93
567.223	18.81
567.416	18.89
567.61	18.75
567.803	18.78
567.996	19.14
568.19	18.88
568.383	18.83
568.576	19.15
568.769	18.83
568.963	18.91
569.156	18.96
569.349	18.79
569.542	18.75
569.735	19.01
569.928	18.69
570.121	19.26
570.315	19.31
570.508	18.79
570.701	19.19
570.894	19.28
571.087	18.37
571.28	18.94
571.473	19.34
571.666	19.21
571.859	18.98
572.052	18.99
572.245	19.47
572.438	18.67
572.631	18.49
572.824	19
573.016	19.14
573.209	19.61
573.402	18.6
573.595	18.84
573.788	18.7
573.981	18.99
574.173	19.1
574.366	19.25
574.559	18.67
574.752	19.03
574.944	18.65
575.137	19.15
575.33	19.29
575.523	18.95
575.715	19.35
575.908	19.3
576.101	19.25
576.293	19.2
576.486	19.01
576.678	19.11
576.871	18.92
577.063	19.6
577.256	19.04
577.449	18.89
577.641	19.26
577.834	19.12
578.026	18.99
578.219	18.99
578.411	18.95
578.603	19.18
578.796	18.7
578.988	19.66
579.181	19.15
579.373	19.06
579.565	19.18
579.758	19.43
579.95	18.95
580.142	18.91
580.335	18.4
580.527	19.06
580.719	19.29
580.912	18.68
581.104	19.31
581.296	19.34
581.488	19.36
581.68	19.26
581.873	19.37
582.065	19.04
582.257	19.14
582.449	19.12
582.641	19.32
582.833	19.65
583.025	19.08
583.217	19.31
583.41	19.64
583.602	19.66
583.794	19.19
583.986	19.56
584.178	19.44
584.37	19.08
584.562	18.87
584.753	19.34
584.945	18.81
585.137	19.19
585.329	19.2
585.521	19.51
585.713	19.75
585.905	19.16
586.097	19.19
586.289	19.38
586.48	19.37
586.672	18.91
586.864	19.67
587.056	19.67
587.247	19.05
587.439	19.53
587.631	19.66
587.823	19.1
588.014	19.34
588.206	19.61
588.398	19.45
588.589	20.24
588.781	19.41
588.972	19.74
589.164	19.33
589.356	19.97
589.547	19.9
589.739	19.1
589.93	19.49
590.122	19.53
590.313	19.8
590.505	19.14
590.696	19.24
590.888	19.37
591.079	20.24
591.271	19.69
591.462	19.6
591.653	19.99
591.845	19.89
592.036	19.43
592.227	19.51
592.419	19.71
592.61	19.65
592.801	19.69
592.993	19.83
593.184	19.96
593.375	19.06
593.566	19.86
593.758	19.47
593.949	19.28
594.14	19.79
594.331	20.02
594.522	20.27
594.713	20.43
594.905	20.19
595.096	20.1
595.287	20.08
595.478	20.46
595.669	19.86
595.86	19.83
596.051	19.68
596.242	20.21
596.433	19.67
596.624	19.85
596.815	20.19
597.006	20.09
597.197	20
597.388	19.83
597.579	19.61
597.77	20.2
597.96	20.06
598.151	20.84
598.342	20.09
598.533	20.28
598.724	20.24
598.915	20.99
599.105	20.48
599.296	20.7
599.487	20.03
599.678	20.44
599.868	20.65
600.059	21.14
600.25	21.12
600.44	20.8
600.631	20.93
600.822	20.47
601.012	20.75
601.203	20.76
601.394	20.59
601.584	20.22
601.775	21.19
601.965	20.39
602.156	20.48
602.346	20.58
602.537	20.36
602.727	20.5
602.918	20.66
603.108	20.87
603.299	20.66
603.489	21.03
603.679	20.73
603.87	21.52
604.06	20.98
604.251	21.12
604.441	20.08
604.631	20.97
604.822	21.07
605.012	21.6
605.202	20.98
605.392	20.58
605.583	20.22
605.773	20.91
605.963	21.43
606.153	20.77
606.344	20.57
606.534	21.2
606.724	21.03
606.914	21.12
607.104	20.78
607.294	21.15
607.484	21.5
607.674	21.4
607.864	20.96
608.054	21.47
608.245	20.52
608.435	20.78
608.625	21.33
608.814	20.81
609.004	21.58
609.194	20.29
609.384	20.96
609.574	21.46
609.764	21.32
609.954	21.44
610.144	20.89
610.334	21.27
610.524	21.17
610.713	20.94
610.903	21.57
611.093	21.44
611.283	21.07
611.473	21.46
611.662	21.15
611.852	21.46
612.042	20.66
612.231	20.47
612.421	21.87
612.611	20.92
612.8	20.82
612.99	21.77
613.18	20.96
613.369	21.14
613.559	21.28
613.748	21.17
613.938	21.06
614.128	20.96
614.317	21.15
614.507	21.3
614.696	21.24
614.886	21.94
615.075	20.78
615.264	21.58
615.454	21.79
615.643	20.58
615.833	21.01
616.022	21.3
616.211	21.64
616.401	20.23
616.59	21.68
616.779	21.34
616.969	21.5
617.158	20.93
617.347	20.9
617.537	20.91
617.726	21.55
617.915	20.39
618.104	21.25
618.293	21.61
618.483	21
618.672	21.61
618.861	20.67
619.05	20.82
619.239	21.12
619.428	21.45
619.617	21.84
619.806	20.87
619.995	20.74
620.184	21.42
620.373	20.53
620.562	21.57
620.751	21.05
620.94	21.38
621.129	22.17
621.318	20.82
621.507	22.19
621.696	21.14
621.885	20.99
622.074	21
622.263	21.23
622.452	21.77
622.64	21.01
622.829	22.02
623.018	21.85
623.207	21.37
623.396	21.5
623.584	21.25
623.773	21.47
623.962	21.38
624.15	21.62
624.339	22.1
624.528	21.22
624.716	21.28
624.905	21.24
625.094	21.88
625.282	21.19
625.471	21.24
625.659	21.4
625.848	20.8
626.037	22.09
626.225	21
626.414	21.72
626.602	21.67
626.791	22.14
626.979	21.67
627.167	20.78
627.356	22.54
627.544	22.2
627.733	21.92
627.921	21.57
628.109	21.92
628.298	22.65
628.486	21.09
628.674	22.5
628.863	21.87
629.051	22.17
629.239	22.42
629.428	21.58
629.616	23.27
629.804	22.48
629.992	21.61
630.18	21.61
630.369	22.7
630.557	22.65
630.745	21.41
630.933	22.55
631.121	21.88
631.309	21.9
631.497	22.69
631.685	21.86
631.873	21.9
632.061	21.87
632.249	22.42
632.437	23.66
632.625	21.95
632.813	22.49
633.001	22.82
633.189	22.74
633.377	23.4
633.565	21.29
633.753	21.34
633.941	22.08
634.129	21.82
634.316	23.2
634.504	22.61
634.692	23.38
634.88	22.22
635.068	23.18
635.255	22.84
635.443	22.89
635.631	23
635.818	22.99
636.006	21.96
636.194	23.1
636.382	21.56
636.569	22.97
636.757	23.57
636.944	23.26
637.132	22.72
637.32	22.33
637.507	22.74
637.695	21.56
637.882	22.15
638.07	22.06
638.257	22.8
638.445	22.49
638.632	21.93
638.82	21.2
639.007	23.29
639.194	22.53
639.382	22.61
639.569	22.49
639.757	22.48
639.944	21.2
640.131	21.98
640.319	22.24
640.506	21.95
640.693	22.37
640.88	21.83
641.068	22.07
641.255	22.06
641.442	23.59
641.629	21.17
641.817	21.91
642.004	22.99
642.191	22.52
642.378	23.48
642.565	22.28
642.752	21.73
642.939	21.07
643.126	22.22
643.313	21.77
643.501	23.66
643.688	21.75
643.875	21.84
644.062	21.3
644.249	22.23
644.435	21.5
644.622	21.15
644.809	21.64
644.996	21.71
645.183	21.51
645.37	23.39
645.557	21.09
645.744	20.98
645.931	21.11
646.117	21.79
646.304	20.86
646.491	20.16
646.678	22.33
646.865	21.32
647.051	21.98
647.238	20.55
647.425	20.93
647.611	21.25
647.798	21.3
647.985	20.49
648.171	20.98
648.358	19.99
648.545	21.95
648.731	19.51
648.918	21.3
649.104	20.53
649.291	21.67
649.477	20.37
649.664	21.28
649.85	21.06
650.037	20.7
650.223	20.67
650.41	20.04
650.596	19.49
650.783	20.62
650.969	20.68
651.155	19.74
651.342	21.49
651.528	21.24
651.714	19.38
651.901	20.64
652.087	20.72
652.273	18.6
652.46	20.88
652.646	20.79
652.832	19.95
653.018	20.75
653.204	19.68
653.391	20.28
653.577	20.74
653.763	21.32
653.949	20.47
654.135	19.27
654.321	20.74
654.507	21.45
654.693	20.11
654.879	21.35
655.065	21.19
655.252	18.85
655.438	18.77
655.624	21.34
655.809	18.62
655.995	18.95
656.181	21.28
656.367	20.44
656.553	19.57
656.739	21.26
656.925	21.19
657.111	20.87
657.297	21.15
657.482	19.82
657.668	21.17
657.854	19.32
658.04	18.61
658.226	19.85
658.411	19.41
658.597	19.62
658.783	19.87
658.968	19.95
659.154	18.6
659.34	19.99
659.525	19.18
659.711	19.72
659.897	19.15
660.082	19.53
660.268	18.57
660.453	20.04
660.639	19.42
660.824	18.24
661.01	17.3
661.195	18.05
661.381	17.74
661.566	19.49
661.752	17.87
661.937	17.05
662.123	17.69
662.308	18.91
662.494	18.6
662.679	18.42
662.864	19.48
663.05	18.74
663.235	19.34
663.42	18.48
663.605	17.11
663.791	18.86
663.976	15.84
664.161	16.37
664.346	14.42
664.532	16.2
664.717	17.39
664.902	18.29
665.087	19.21
665.272	18.12
665.457	15.51
665.642	16.79
665.828	17.58
666.013	18.09
666.198	14.72
666.383	15.9
666.568	16.69
666.753	17.65
666.938	15.54
667.123	17.34
667.308	16.77
667.493	16.37
667.677	17.63
667.862	17
668.047	17.03
668.232	16.42
668.417	15.65
668.602	15.21
668.787	18.94
668.971	16.37
669.156	17.59
669.341	16.18
669.526	16.34
669.711	16.97
669.895	16.91
670.08	14.87
670.265	17.24
670.449	15.12
670.634	16.57
670.819	16.12
671.003	16.01
671.188	16.86
671.372	17.47
671.557	17.96
671.742	17.14
671.926	15.73
672.111	15.4
672.295	16.16
672.48	17.43
672.664	14.47
672.849	14.44
673.033	17.57
673.217	17.29
673.402	15.17
673.586	13.7
673.771	16.21
673.955	17.26
674.139	18.44
674.324	17.25
674.508	16.91
674.692	15.29
674.876	16.39
675.061	17.9
675.245	18.44
675.429	17.95
675.613	16.98
675.798	18.43
675.982	19.99
676.166	16.35
676.35	17.39
676.534	17.38
676.718	19.84
676.902	19.93
677.087	16.6
677.271	16.49
677.455	20.35
677.639	18.71
677.823	20.41
678.007	19.67
678.191	17.95
678.375	21.18
678.559	20.05
678.742	18.58
678.926	22.09
679.11	23.05
679.294	19.29
679.478	19.24
679.662	19.38
679.846	20.28
680.029	22.66
680.213	20.77
680.397	20.91
680.581	20.4
680.765	20.34
680.948	22.44
681.132	21.46
681.316	17.86
681.499	22.36
681.683	21.67
681.867	22.1
682.05	21.84
682.234	23.39
682.417	23.19
682.601	22.93
682.785	23.01
682.968	21.83
683.152	24.14
683.335	23.26
683.519	23.06
683.702	21.4
683.886	24.65
684.069	23.24
684.253	25.95
684.436	29.22
684.619	23.97
684.803	26.02
684.986	23.62
685.169	29.33
685.353	28.09
685.536	26.63
685.719	25.66
685.903	25.97
686.086	22.94
686.269	31.65
686.452	27.02
686.636	30.31
686.819	26.19
687.002	28.04
687.185	31.29
687.368	28.6
687.551	25.35
687.734	29.05
687.918	27.3
688.101	27.55
688.284	27.18
688.467	30.38
688.65	30.93
688.833	29.57
689.016	31.83
689.199	28.6
689.382	32.25
689.565	29.7
689.748	29.46
689.93	32.42
690.113	32.58
690.296	30.83
690.479	35.71
690.662	29.37
690.845	29.06
691.028	28.78
691.21	32.19
691.393	33.3
691.576	35.37
691.759	30.88
691.941	35.28
692.124	35.48
692.307	33.77
692.489	30.45
692.672	34.99
692.855	35.42
693.037	37.11
693.22	39.07
693.403	31.39
693.585	35.77
693.768	40.41
693.95	36.4
694.133	41.16
694.315	36.59
694.498	35.81
694.68	37.8
694.863	40.56
695.045	37.63
695.228	36.21
695.41	31.81
695.592	39.85
695.775	35.97
695.957	36.5
696.139	40.07
696.322	37.88
696.504	39.8
696.686	39.89
696.869	33.26
697.051	36.89
697.233	42.04
697.415	42.97
697.597	39.78
697.78	36.21
697.962	39.61
698.144	38.92
698.326	36.43
698.508	39.02
698.69	38.6
698.872	38.81
699.055	43.71
699.237	41.85
699.419	34.77
699.601	36.09
699.783	42.43
699.965	40.76
700.147	39.88
700.329	43.27
700.51	43.07
700.692	42.58
700.874	38.76
701.056	43.12
701.238	38.47
701.42	44.63
701.602	41.44
701.783	43.59
701.965	40.18
702.147	41.05
702.329	42.09
702.511	43.94
702.692	42.41
702.874	36.98
703.056	39.29
703.237	49.07
703.419	46.54
703.601	40.65
703.782	43.24
703.964	44.45
704.146	47.79
704.327	41.04
704.509	43.39
704.69	41.66
704.872	44.95
705.053	41.76
705.235	47.13
705.416	37.08
705.598	41.66
705.779	40.31
705.961	42.34
706.142	35.68
706.323	49.31
706.505	38.78
706.686	43.91
706.867	44
707.049	45.96
707.23	40.41
707.411	52.71
707.593	43.22
707.774	41.68
707.955	47.5
708.136	41.52
708.318	46.84
708.499	50.16
708.68	41.06
708.861	38.32
709.042	42.13
709.223	41.62
709.404	38.36
709.585	44.11
709.767	37.96
709.948	47.51
710.129	49.91
710.31	33.95
710.491	41.13
710.672	40.62
710.853	44.93
711.034	54.2
711.214	36.31
711.395	46.88
711.576	46.92
711.757	47.84
711.938	40.09
712.119	37.99
712.3	48.86
712.481	40.54
712.661	39.88
712.842	38.63
713.023	47.3
713.204	42.52
713.384	45.48
713.565	38.68
713.746	44.73
713.926	36.84
714.107	47.81
714.288	41.8
714.468	49.79
714.649	46.51
714.83	46.88
715.01	57.74
715.191	37.45
715.371	51.81
715.552	45.23
715.732	56.21
715.913	57.79
716.093	53.24
716.274	50.42
716.454	43.1
716.635	37.46
716.815	39.66
716.995	42.04
717.176	52.5
717.356	50.1
717.536	43.19
717.717	43.23
717.897	47.84
718.077	46.3
718.258	42.97
718.438	56.13
718.618	53.9
718.798	48.51
718.978	37.42
719.159	44.8
719.339	54.74
719.519	56.55
719.699	54.17
719.879	41.87
720.059	41.8
720.239	49.16
720.419	43.65
720.599	37.64
720.779	56.17
720.959	44.51
721.139	52.31
721.319	39.04
721.499	59.5
721.679	44.4
721.859	53.53
722.039	41.19
722.219	54.91
722.399	34.95
722.579	41.43
722.759	35.65
722.938	41.96
723.118	41.97
723.298	34.59
723.478	38.3
723.658	60.75
723.837	49.49
724.017	52.53
724.197	42.33
724.376	40.93
724.556	38.11
724.736	44.04
724.915	54.2
725.095	52.01
725.275	56.54
725.454	48.53
725.634	38.14
725.813	54.95
725.993	48.72
726.172	57.26
726.352	48.62
726.531	50.89
726.711	35.95
726.89	41.62
727.07	49.83
727.249	56.02
727.428	48.36
727.608	33.63
727.787	43.44
727.966	40.51
728.146	42.93
728.325	66.68
728.504	29.96
728.684	28.35
728.863	47.02
729.042	40.44
729.221	31.11
729.4	38.61
729.58	40.1
729.759	49.14
729.938	57.04
730.117	54.95
730.296	38.25
730.475	31.13
730.654	38.1
730.833	39.6
731.013	63.78
731.192	29.09
731.371	53.55
731.55	59.05
731.729	66.03
731.907	55.3
732.086	51.38
732.265	50.69
732.444	54.19
732.623	41.39
732.802	36.94
732.981	44.61
733.16	48.01
733.339	30.59
733.517	45.47
733.696	53.84
733.875	50.44
734.054	52.37
734.232	45.65
734.411	43.28
734.59	45.73
734.768	62.59
734.947	60.08
735.126	22.67
735.304	61.47
735.483	36.44
735.662	61.49
735.84	39.2
736.019	44.09
736.197	41.67
736.376	56.52
736.554	67.35
736.733	73.22
736.911	64.03
737.09	34.88
737.268	32.79
737.447	67.59
737.625	46.06
737.803	25.56
737.982	61.37
738.16	61.69
738.338	56.7
738.517	62.77
738.695	66.8
738.873	59.79
739.052	53.16
739.23	19.25
739.408	49.98
739.586	51.36
739.764	33.8
739.943	66.68
740.121	39.77
740.299	35.81
740.477	52.9
740.655	57.13
740.833	62.31
741.011	77.34
741.189	69
741.367	67.54
741.545	38.54
741.723	45.08
741.901	54.39
742.079	46.46
742.257	73.9
742.435	64.4
742.613	44.56
742.791	78.15
742.969	47.91
743.147	51.06
743.325	56.42
743.503	34.17
743.68	25.41
743.858	34.62
744.036	21.87
744.214	74.52
744.391	55.02
744.569	41.2
744.747	42.18
744.925	52.92
745.102	56.77
745.28	59.21
745.458	74.29
745.635	44.69
745.813	57.76
745.99	42.45
746.168	50.64
746.345	74.33
746.523	34.13
746.7	65.02
746.878	40.97
747.055	25.26
747.233	61.58
747.41	75.04
747.588	60.61
747.765	59.14
747.943	80.52
748.12	25.29
748.297	39.83
748.475	59.44
748.652	87.39
748.829	53.19
749.007	31.36
749.184	35.79
749.361	54.04
749.538	65.64
749.716	60.39
749.893	52.98
750.07	48.53
750.247	70.58
750.424	71.05
750.601	85.56
750.778	58.25
750.956	35.93
751.133	40.09
751.31	62.15
751.487	58.33
751.664	30.95
751.841	81.02
752.018	28.12
752.195	1.63
752.372	27.76
752.549	62.36
752.726	50.89
752.902	46.23
753.079	68.71
753.256	99.35
753.433	36.23
753.61	54.66
753.787	47.13
753.964	76.53
754.14	33.5
754.317	65.64
754.494	49.96
754.671	65.87
754.847	50.26
755.024	68.1
755.201	55.36
755.377	57.27
755.554	67.94
755.73	5.15
755.907	62.64
756.084	60.47
756.26	39.68
756.437	46.83
756.613	41.67
756.79	48.53
756.966	97.21
757.143	65.46
757.319	13.97
757.496	92.11
757.672	68.78
757.849	27.52
758.025	77.52
758.201	145.59
758.378	37.24
758.554	14.84
758.73	78.03
758.907	51.83
759.083	47.82
759.259	49.41
759.435	60.55
759.612	41.96
759.788	56.74
759.964	63.22
760.14	60.61
760.316	6.95
760.493	54.08
760.669	83.98
760.845	53.81
761.021	73.12
761.197	63.4
761.373	62.8
761.549	70.03
761.725	35.61
761.901	36.92
762.077	63.59
762.253	7.14
762.429	67
762.605	11.3
762.781	31.4
762.957	41.55
763.133	61.98
763.308	59.46
763.484	72.78
763.66	113.48
763.836	42.94
764.012	43.74
764.187	39.16
764.363	79.33
764.539	11.8
764.715	43.46
764.89	77.12
765.066	-13.49
765.242	42.96
765.417	67.37
765.593	14.4
765.769	64.82
765.944	73.26
766.12	95.42
766.295	46.82
766.471	35.56
766.646	53.88
766.822	59.57
766.997	45.75
767.173	95.72
767.348	71.49
767.524	27.22
767.699	57.73
767.875	80.61
768.05	31.68
768.225	30.82
768.401	69.2
768.576	166.88
768.751	72.81
768.927	32.21
769.102	101.86
769.277	57.96
769.452	56.04
769.628	57.94
769.803	129.98
769.978	105.34
770.153	72.63
770.328	80.88
770.503	67.81
770.679	184.57
770.854	37.77
771.029	32.42
771.204	-296.03
771.379	2.29
771.554	34.99
771.729	14.64
771.904	61.72
772.079	29.09
772.254	103.41
772.429	121.37
772.604	76.48
772.779	78.58
772.953	31.71
773.128	58.69
773.303	71.66
773.478	86.04
773.653	68.97
773.828	39.92
774.002	182.29
774.177	45.87
774.352	477.39
774.527	25.17
774.701	37.77
774.876	90.51
775.051	267.91
775.225	341.7
775.4	16.65
775.575	50.46
775.749	6.17
775.924	44.77
776.098	22.37
776.273	69.17
776.447	77.74
776.622	153.51
776.796	-4.54
776.971	25.45
777.145	36.24
777.32	68.8
777.494	99.07
777.669	65.24
777.843	81.11
778.017	47.98
778.192	29.47
778.366	69.16
778.54	126.34
778.715	75.94
778.889	11.17
779.063	74.61
779.237	86.56
779.412	74.33
779.586	133.25
779.76	-58.67
779.934	68.97
780.108	97.12
780.282	550.75
780.457	59.77
780.631	-25.36
780.805	25.24
780.979	-111.94
781.153	211
781.327	131.78
781.501	51.66
781.675	181.05
781.849	37.55
782.023	104.97
782.197	-45.43
782.371	327.43
782.545	-141.72
782.718	-1.06
782.892	38.1
783.066	40.79
783.24	304.86
783.414	67.45
783.588	70.84
783.761	25.88
783.935	23.92
784.109	164.87
784.283	550.43
784.456	95.26
784.63	125.86
784.804	74.37
784.977	13.95
785.151	35.33
785.324	28.19
785.498	143.29
785.672	68.7
785.845	146.81
786.019	118.01
786.192	-97.35
786.366	55.53
786.539	190.17
786.713	51.5
786.886	73.63
787.06	53.47
787.233	53.99
787.406	-32.62
787.58	18.06
787.753	164.1
787.926	85.87
788.1	-38.65
788.273	50.94
788.446	-36.53
788.62	1654.84
788.793	98
788.966	64.95
789.139	201.97
789.313	48.23
789.486	1157.14
789.659	-125.14
789.832	87.33
790.005	96.97
790.178	586.73
790.351	144.24
790.524	72.2
790.697	28.59
790.87	123.35
791.044	1085.45
791.216	135.99
791.389	24.06
791.562	108.58
791.735	163.29
791.908	-27.27
792.081	55.21
792.254	168.13
792.427	18.96
792.6	44.61
792.773	25.58
792.945	1159.7
793.118	130.27
793.291	141.76
793.464	-42.13
793.637	-82.82
793.809	41.68
793.982	72.97
794.155	158.82
794.327	169.88
794.5	78.46
794.673	57.09
794.845	29.18
795.018	-248.22
795.19	569.66
795.363	58.72
795.536	241.46
795.708	-1558.06
795.881	-6660
796.053	110.53
796.226	217.71
796.398	50.13
796.57	126.35
796.743	-53.35
796.915	-16.64
797.088	402.02
797.26	271.65
797.432	224.05
797.605	94.65
797.777	-354.55
797.949	207.34
798.122	70.21
798.294	402.24
798.466	121.71
798.638	-64.89
798.81	191.83
798.983	178.48
799.155	110.53
799.327	16.63
799.499	86.32
799.671	54.06
799.843	58.12
800.015	47.86
800.187	163.8
800.359	39.25
800.531	33.14
800.703	60
800.875	-31.67
801.047	53.59
801.219	9.22
801.391	-183.12
801.563	533.09
801.735	-24.43
801.907	277.91
802.079	144.79
802.251	-174.73
802.422	432.28
802.594	-463.64
802.766	71.92
802.938	224.66
803.11	-72.24
803.281	268.21
803.453	77.88
803.625	67.85
803.796	66.01
803.968	71.24
804.14	9.47
804.311	7.84
804.483	222.71
804.654	105.91
804.826	236.05
804.998	377.01
805.169	110.04
805.341	-132
805.512	16.77
805.684	38.81
805.855	137.06
806.026	-530.77
806.198	277.91
806.369	102.62
806.541	61.68
806.712	123.97
806.883	67.85
807.055	178.88
807.226	57.23
807.397	75.82
807.569	2.65
807.74	90.04
807.911	94.29
808.082	68.61
808.253	-187.13
808.425	79.76
808.596	-347.19
808.767	360.43
808.938	115.08
809.109	-151.49
809.28	-200.47
809.451	39.32
809.622	88.24
809.793	-1287.1
809.964	39.13
810.135	88.47
810.306	-81.5
810.477	-78.52
810.648	33.08
810.819	38.43
810.99	-6660
811.161	50.19
811.332	-89.19
811.503	102.35
811.674	429.23
811.844	-272.31
812.015	84.7
812.186	86.5
812.357	68.24
812.527	47.68
812.698	29.92
812.869	209.43
813.04	12.98
813.21	-31.03
813.381	-171.6
813.551	53.24
813.722	157.66
813.893	62.99
814.063	43.92
814.234	256.36
814.404	173
814.575	198.31
814.745	-82.3
814.916	-21.54
815.086	108
815.257	-157.4
815.427	233.74
815.598	10.15
815.768	29.3
815.938	42.08
816.109	212.55
816.279	-7.46
816.449	71.6
816.62	236.84
816.79	130.54
816.96	-379.25
817.13	-51.92
817.301	-187.31
817.471	65.95
817.641	211.66
817.811	-181.75
817.981	1671.43
818.152	38.39
818.322	169.31
818.492	174.05
818.662	172.79
818.832	-21.16
819.002	53.13
819.172	103.56
819.342	57.23
819.512	85.8
819.682	81.3
819.852	72.65
820.022	108.43
820.192	-495.51
820.362	100.44
820.531	217.92
820.701	149.56
820.871	96.61
821.041	-52.94
821.211	-17.85
821.381	-68.08
821.55	254.04
821.72	523.26
821.89	-290.77
822.059	3.09
822.229	54.5
822.399	138.57
822.568	44.2
822.738	-21.95
822.908	373.62
823.077	7.75
823.247	125.03
823.416	-900
823.586	197.33
823.756	32.96
823.925	694.94
824.095	1583.72
824.264	14.8
824.433	-61.06
824.603	137.09
824.772	-40.05
824.942	-413.92
825.111	173.37
825.28	-162.11
825.45	91.3
825.619	262.73
825.788	-873.03
825.958	24.67
826.127	179.62
826.296	182.74
826.465	99.53
826.635	118.73
826.804	51.5
826.973	207.01
827.142	-62.55
827.311	203.36
827.48	181.26
827.649	85.58
827.818	-40.16
827.988	-391.2
828.157	111.91
828.326	-85.15
828.495	65.44
828.664	-218.29
828.833	300
829.002	-147.2
829.17	211.41
829.339	107.04
829.508	110.53
829.677	57.3
829.846	13.98
830.015	-54.93
830.184	90.32
830.352	2.93
830.521	196.4
830.69	709.76
830.859	370.59
831.027	1184.21
831.196	112.64
831.365	43.61
831.533	96.25
831.702	-15.79
831.871	-26.75
832.039	128.57
832.208	-44.35
832.377	-162.99
832.545	68.64
832.714	93.26
832.882	-51.03
833.051	191.55
833.219	6642.86
833.388	72.49
833.556	170.55
833.724	257.6
833.893	138.88
834.061	1247.37
834.23	165.76
834.398	-28.96
834.566	533.77
834.735	7842.86
834.903	-16.98
835.071	-14340
835.239	24.59
835.408	110.53
835.576	886.05
835.744	-7.12
835.912	72.63
836.08	98.88
836.249	-741.51
836.417	235.83
836.585	20.85
836.753	126.7
836.921	-50.27
837.089	2871.43
837.257	-620.93
837.425	-154.47
837.593	24.69
837.761	13.35
837.929	163.19
838.097	164.43
838.265	102.5
838.433	75.74
838.601	48.54
838.769	300
838.936	-23.6
839.104	74.39
839.272	69.16
839.44	107.78
839.608	-80.49
839.775	91.2
839.943	176.99
840.111	125.05
840.279	50.09
840.446	783.58
840.614	19.48
840.781	258.26
840.949	93.05
841.117	-237.56
841.284	-261.37
841.452	-437.89
841.619	-40.72
841.787	34.32
841.954	300
842.122	22.54
842.289	67.41
842.457	-128.33
842.624	138.72
842.792	2.19
842.959	-1.71
843.126	73.52
843.294	-144.98
843.461	115.11
843.629	88.8
843.796	58.96
843.963	-36.19
844.13	185.07
844.298	12.74
844.465	198.54
844.632	98.76
844.799	161.31
844.966	100.85
845.134	97.37
845.301	-18.24
845.468	164.9
845.635	32.86
845.802	218.3
845.969	20.72
846.136	69.14
846.303	-647.37
846.47	-33.95
846.637	-290.77
846.804	-78.95
846.971	103.28
847.138	397.3
847.305	-666.37
847.472	77.51
847.639	94.85
847.805	38.99
847.972	-58.44
848.139	-178.97
848.306	742.11
848.473	461.19
848.639	37.82
848.806	69.6
848.973	38.43
849.14	95.58
849.306	-12.11
849.473	-121.19
849.64	-438.46
849.806	-233.97
849.973	124.86
850.139	-176.82
850.306	95.68
850.472	109.59
850.639	185.9
850.806	489.47
850.972	122.61
851.139	2871.43
851.305	28.19
851.471	-45.91
851.638	255.83
851.804	-452.24
851.971	36.59
852.137	19
852.303	437.87
852.47	39.46
852.636	-4.31
852.802	-59.06
852.968	75.32
853.135	38.07
853.301	-254.91
853.467	-26.56
853.633	59.57
853.8	0.49
853.966	13.71
854.132	3042.86
854.298	168.61
854.464	340.45
854.63	162.86
854.796	275.59
854.962	-2.16
855.128	2.48
855.294	79.79
855.46	-58.94
855.626	79.65
855.792	-5.79
855.958	451.46
856.124	5.52
856.29	260.26
856.456	62.52
856.622	264.26
856.787	861.04
856.953	9.74
857.119	-187.13
857.285	44.08
857.45	198.23
857.616	59.38
857.782	-0.77
857.948	251.1
858.113	-183.28
858.279	117.26
858.445	196.06
858.61	579.07
858.776	-49.8
858.941	-115.84
859.107	12.95
859.273	34.59
859.438	-120.66
859.604	1373.68
859.769	-153.54
859.935	-448.51
860.1	68.45
860.265	58.45
860.431	101.44
860.596	5614.29
860.762	188.05
860.927	-29.75
861.092	38.81
861.258	-111.33
861.423	63.71
861.588	118.36
861.753	2700
861.919	-16.98
862.084	243.31
862.249	226.78
862.414	-11.26
862.579	348.73
862.745	60
862.91	229.15
863.075	-4.89
863.24	-86.64
863.405	107.04
863.57	10.75
863.735	-75.68
863.9	-347.79
864.065	18.17
864.23	75.2
864.395	13.88
864.56	147.73
864.725	-79.75
864.89	286.52
865.055	-3.35
865.22	91.13
865.384	-657.3
865.549	55.34
865.714	-23.19
865.879	-85.57
866.044	79.67
866.208	121.34
866.373	181.32
866.538	92.04
866.702	-187.87
866.867	27.94
867.032	34.59
867.196	105.41
867.361	-36
867.526	-178.97
867.69	-55.07
867.855	458.24
868.019	1041.82
868.184	-8.26
868.348	-134.13
868.513	-1945.16
868.677	19.84
868.842	291.52
869.006	123.23
869.17	-1850.94
869.335	-1631.71
869.499	-37.86
869.663	435.1
869.828	188.26
869.992	383.72
870.156	-16.64
870.321	53.67
870.485	172.28
870.649	-48.28
870.813	158.3
870.978	361.28
871.142	-493.85
871.306	-63.98
871.47	291.24
871.634	479.53
871.798	-42.86
871.962	59.45
872.126	-728.57
872.29	-66.1
872.454	2014.29
872.618	-113.4
872.782	138.81
872.946	316.11
873.11	113.07
873.274	119.65
873.438	-1605.88
873.602	72.03
873.766	-89.61
873.93	7.4
874.094	232.58
874.257	70.82
874.421	50.29
874.585	518.18
874.749	89.87
874.912	41.01
875.076	70.72
875.24	-54.1
875.403	168.94
875.567	87.43
875.731	-171.91
875.894	35.51
876.058	70.33
876.222	-23.6
876.385	40.7
876.549	29.09
876.712	845.45
876.876	-103.24
877.039	211.97
877.203	-11.94
877.366	-106.23
877.529	-115.55
877.693	-101.6
877.856	-32.05
878.02	-22.79
878.183	2.82
878.346	-183.12
878.51	2.65
878.673	15.11
878.836	-89.91
878.999	145.16
879.163	35.83
879.326	-9.97
879.489	247.68
879.652	53.99
879.815	71.84
879.978	-18.37
880.142	-54.36
880.305	262.73
880.468	143.86
880.631	-8.75
880.794	-48.81
880.957	-578.05
881.12	-3017.65
881.283	84.75
881.446	-42.23
881.609	49.64
881.772	174.92
881.935	-1394.12
882.097	-3.84
882.26	-333.96
882.423	-13.57
882.586	167.16
882.749	23.62
882.912	285.28
883.074	79.1
883.237	-98.26
883.4	121.75
883.562	22.12
883.725	136.8
883.888	167.72
884.05	-8580
884.213	94.54
884.376	-22.04
884.538	40.65
884.701	40.65
884.863	40.65
