181.954	120.65
182.172	120.65
182.39	120.65
182.608	520
182.826	-54.95
183.043	-128.51
183.261	55.04
183.479	53.37
183.697	1988.24
183.914	-15.38
184.132	197.86
184.35	165.92
184.567	53.52
184.785	118.58
185.003	-113.62
185.22	103.86
185.438	64.88
185.656	-151.76
185.873	-163.08
186.091	105.02
186.309	793.1
186.526	28.05
186.744	19.68
186.961	2.28
187.179	-188.63
187.396	79.92
187.614	-643.08
187.831	-3320
188.049	-38.04
188.266	87.21
188.484	-235.82
188.701	347.57
188.919	44.73
189.136	63.34
189.354	161.39
189.571	90.05
189.789	-43.02
190.006	96.61
190.223	-109.19
190.441	143.07
190.658	-885.71
190.876	135.41
191.093	129.67
191.31	16.5
191.528	33.26
191.745	42.89
191.962	40
192.179	236.72
192.397	-0.81
192.614	145.53
192.831	37.81
193.049	60.54
193.266	56.31
193.483	51.7
193.7	538.46
193.917	87.39
194.135	369.78
194.352	-204.63
194.569	75.75
194.786	69.55
195.003	142.86
195.221	18.32
195.438	-89.75
195.655	131.66
195.872	88.81
196.089	102.63
196.306	-38.32
196.523	-53.29
196.74	88.98
196.957	58.23
197.174	366.5
197.391	39.53
197.608	47.56
197.825	1000
198.042	45.32
198.259	-448.28
198.476	11.55
198.693	-5000
198.91	-60.94
199.127	910.45
199.344	42.91
199.561	236.99
199.778	9.16
199.995	-486.57
200.212	1082.76
200.429	129.86
200.646	179.75
200.862	-240.45
201.079	-65.63
201.296	332.45
201.513	266.02
201.73	-76.01
201.947	154.34
202.163	-99
202.38	-26.59
202.597	24.6
202.814	35.93
203.03	-1160
203.247	29.15
203.464	93.69
203.681	-418.18
203.897	31.13
204.114	-675.47
204.331	80.34
204.547	274.42
204.764	100.55
204.981	-3800
205.197	203.4
205.414	108.02
205.63	255.17
205.847	204.02
206.064	694.55
206.28	41.96
206.497	29.28
206.713	86.17
206.93	21.26
207.146	54.91
207.363	335.38
207.579	-371.43
207.796	-93.81
208.012	69.59
208.229	-253.73
208.445	-20.16
208.662	78.32
208.878	12.53
209.095	82.35
209.311	30.08
209.528	-371.43
209.744	-56.37
209.96	-64.9
210.177	149.51
210.393	55.63
210.609	4840
210.826	-38.04
211.042	530.43
211.258	1107.46
211.475	-39.57
211.691	-4.55
211.907	437.97
212.124	-44.65
212.34	314.29
212.556	78.22
212.772	-516.48
212.989	189.4
213.205	101.11
213.421	-97.49
213.637	301.49
213.853	33.46
214.069	-1210.53
214.286	30.9
214.502	194.03
214.718	-181.19
214.934	173.94
215.15	158.03
215.366	154.76
215.582	168.9
215.798	131.79
216.015	-18.32
216.231	-70.27
216.447	23.78
216.663	193.05
216.879	191.96
217.095	106.04
217.311	-969.81
217.527	40.53
217.743	231.07
217.959	-109.43
218.175	121.22
218.391	335.25
218.606	149.71
218.822	-33.04
219.038	-142.25
219.254	40
219.47	79.9
219.686	191.01
219.902	91.14
220.118	33.29
220.334	-1.63
220.549	24.5
220.765	35.35
220.981	2.82
221.197	-1.56
221.413	90.11
221.628	711.39
221.844	705.66
222.06	137.86
222.276	59.35
222.491	56.39
222.707	0.66
222.923	-175.84
223.139	55.64
223.354	103.72
223.57	-39.37
223.786	74.87
224.001	-0.77
224.217	132.36
224.432	-262.43
224.648	152.48
224.864	-14.94
225.079	50.75
225.295	41.19
225.51	-37.84
225.726	-49.74
225.942	127.27
226.157	56.12
226.373	213.62
226.588	70.32
226.804	-1210.53
227.019	71.36
227.235	-2.99
227.45	-16.78
227.665	4600
227.881	130.71
228.096	-74.78
228.312	-107.69
228.527	122.42
228.743	19.43
228.958	111.37
229.173	-387.83
229.389	109.13
229.604	67.58
229.819	87.74
230.035	105.3
230.25	-88.05
230.465	-16.17
230.681	7.17
230.896	69.16
231.111	103.91
231.327	56.89
231.542	-11960
231.757	72.12
231.972	219.79
232.187	-97.87
232.403	-2094.74
232.618	-25.08
232.833	44.59
233.048	541.82
233.263	-0.38
233.478	-106.09
233.694	-395.35
233.909	883.87
234.124	143.13
234.339	25.44
234.554	-1234.48
234.769	-40.23
234.984	-162.33
235.199	77.22
235.414	54.87
235.629	-640.51
235.844	10.38
236.059	92.85
236.274	46.53
236.489	36.99
236.704	73.51
236.919	191.84
237.134	62.79
237.349	14.66
237.564	62.46
237.779	31.13
237.994	80.85
238.209	58.64
238.424	50.31
238.639	117.26
238.853	-3.97
239.068	-69.49
239.283	-134.74
239.498	164.12
239.713	64.36
239.928	23.45
240.142	-303.35
240.357	136.78
240.572	-98.59
240.787	113.9
241.001	147.23
241.216	30.07
241.431	222.78
241.646	17.69
241.86	-92.38
242.075	-674.42
242.29	-2.5
242.504	48.58
242.719	314.29
242.934	-502.36
243.148	-74.26
243.363	-128.93
243.577	-11.24
243.792	57.49
244.007	-22.29
244.221	2.6
244.436	-182.09
244.65	94.48
244.865	129.86
245.079	101.35
245.294	214.39
245.508	-90.42
245.723	185.35
245.937	-213.19
246.152	-86.65
246.366	55.23
246.581	-13.24
246.795	42.94
247.01	40.63
247.224	34.34
247.438	-22.95
247.653	27.53
247.867	107.61
248.081	51.33
248.296	473.17
248.51	23.97
248.724	-25.03
248.939	158.21
249.153	118.37
249.367	32.63
249.582	22.34
249.796	-355.84
250.01	-49.01
250.224	71.41
250.439	-108.73
250.653	48.02
250.867	79.93
251.081	55.92
251.295	-0.31
251.51	-26.38
251.724	136.69
251.938	223.79
252.152	-313.87
252.366	9.2
252.58	-265.45
252.794	59.81
253.008	205.3
253.223	92.68
253.437	-15.67
253.651	26.31
253.865	29.45
254.079	-46.27
254.293	47.7
254.507	-69.09
254.721	73.95
254.935	156.04
255.149	63.85
255.363	45.8
255.577	307.38
255.791	-49.49
256.005	79.75
256.218	17.69
256.432	-74.17
256.646	-0.34
256.86	-51.27
257.074	43.42
257.288	40
257.502	195.6
257.716	46.05
257.929	90.03
258.143	-1.88
258.357	-47.35
258.571	256.09
258.785	136.48
258.998	-6.02
259.212	161.82
259.426	-103.14
259.64	41.52
259.853	97.18
260.067	16.39
260.281	98.32
260.494	19.76
260.708	287.13
260.922	4.52
261.135	85.06
261.349	-91.09
261.563	164.34
261.776	-58.82
261.99	62.7
262.203	-6.88
262.417	-34.63
262.63	44.07
262.844	191.01
263.058	-65.76
263.271	22.01
263.485	100.77
263.698	60.48
263.912	-113.19
264.125	123.37
264.339	159.06
264.552	-36.86
264.765	-179.13
264.979	59.56
265.192	55.04
265.406	51.4
265.619	32.13
265.832	126.11
266.046	-20.56
266.259	60.34
266.473	-509.68
266.686	199.31
266.899	128.02
267.113	-8840
267.326	-30.39
267.539	70.84
267.752	28.84
267.966	71.18
268.179	30.26
268.392	129.95
268.605	-294.49
268.819	103.23
269.032	-63.51
269.245	-33.85
269.458	114.39
269.671	255.7
269.885	50.11
270.098	-31.12
270.311	-458.23
270.524	54.66
270.737	14.83
270.95	38.41
271.163	74.02
271.376	612.9
271.589	118.99
271.802	-21.13
272.016	-39.74
272.229	51.03
272.442	-25.1
272.655	-70.41
272.868	-85.96
273.081	-779.78
273.294	17.93
273.506	147.7
273.719	-51.8
273.932	33.28
274.145	3880
274.358	31.13
274.571	-10.42
274.784	-426.42
274.997	45.29
275.21	16.43
275.423	22.56
275.635	185.93
275.848	94.96
276.061	86.09
276.274	88.49
276.487	-22.61
276.699	-0.5
276.912	-3.58
277.125	24.68
277.338	85.81
277.55	60.77
277.763	100.72
277.976	134.27
278.189	-345.05
278.401	71.15
278.614	347.2
278.827	1.33
279.039	63.66
279.252	21.15
279.464	-71.1
279.677	44.26
279.89	14.77
280.102	-31.16
280.315	4.88
280.527	-2726.32
280.74	-779.31
280.952	103.61
281.165	-0.29
281.377	56.98
281.59	-136.05
281.802	128.86
282.015	-14.94
282.227	72.41
282.44	171.22
282.652	96.63
282.865	169.67
283.077	132.53
283.29	138.61
283.502	70.51
283.714	-57.82
283.927	76.92
284.139	-81.55
284.351	103.84
284.564	319.79
284.776	68.56
284.988	147.7
285.201	14.93
285.413	-6.35
285.625	-89.73
285.838	5.19
286.05	31.12
286.262	-27.31
286.474	97.28
286.686	-29.5
286.899	-296.86
287.111	-2.35
287.323	45.66
287.535	203.96
287.747	24.87
287.959	39.72
288.172	-680
288.384	22.99
288.596	-55.13
288.808	886.79
289.02	-132.08
289.232	82.88
289.444	-45.63
289.656	136.16
289.868	28.08
290.08	42.94
290.292	-200
290.504	40
290.716	28.05
290.928	17.38
291.14	274.42
291.352	-34.19
291.564	788.24
291.776	63.66
291.988	-15.95
292.2	-182.94
292.412	-57.3
292.624	-11.15
292.835	247.76
293.047	-63.92
293.259	-64.58
293.471	87.78
293.683	531.71
293.895	79.51
294.106	-7.64
294.318	60.96
294.53	15.13
294.742	751.72
294.953	-9.59
295.165	79.39
295.377	138.69
295.589	73.2
295.8	-0.41
296.012	102.47
296.224	55.23
296.435	100.6
296.647	-36.16
296.858	93.53
297.07	1092.31
297.282	-21.03
297.493	-0.41
297.705	-145.14
297.916	-27.6
298.128	64.85
298.34	-13.62
298.551	127.85
298.763	69.55
298.974	81.46
299.186	-22.98
299.397	37.9
299.609	-277.42
299.82	141.65
300.031	55.35
300.243	-200
300.454	256.44
300.666	69.29
300.877	203.79
301.089	101.28
301.3	54.66
301.511	54.64
301.723	-61.64
301.934	408.96
302.145	53.78
302.357	299.72
302.568	356.8
302.779	25.81
302.99	112.11
303.202	44.79
303.413	20.74
303.624	-61.69
303.835	-41.51
304.047	38.06
304.258	45.66
304.469	47.04
304.68	78.19
304.891	-37.69
305.103	-107.34
305.314	79.03
305.525	-3971.43
305.736	83.46
305.947	49.37
306.158	2411.76
306.369	97.71
306.58	71.41
306.791	161.97
307.002	19.75
307.213	-23.87
307.424	-166.08
307.636	270.84
307.846	29.47
308.057	359.22
308.268	14.9
308.479	11.91
308.69	14.58
308.901	100.43
309.112	525.58
309.323	39.47
309.534	156.76
309.745	48.34
309.956	92.35
310.167	-54.79
310.377	74.55
310.588	148.39
310.799	-15.38
311.01	-16.86
311.221	65.96
311.432	44.33
311.642	-15.58
311.853	91.29
312.064	1165.52
312.275	295.17
312.485	92.05
312.696	33.3
312.907	113.57
313.117	47.99
313.328	-59.35
313.539	8.7
313.749	-48.14
313.96	-239.56
314.171	99.2
314.381	39.62
314.592	-20.5
314.802	23.7
315.013	84.47
315.224	25.49
315.434	-1400
315.645	-2840
315.855	126.98
316.066	487.64
316.276	7.77
316.487	239.02
316.697	84.98
316.908	-22.8
317.118	169.79
317.329	76.08
317.539	70.14
317.749	181.12
317.96	-2.99
318.17	-47.08
318.381	116.48
318.591	-54.95
318.801	-0.29
319.012	130.74
319.222	161.17
319.432	-89.83
319.643	205.83
319.853	-189.24
320.063	36.43
320.273	66.87
320.484	287.91
320.694	314.29
320.904	129.49
321.114	-38.2
321.325	213.79
321.535	33.18
321.745	-21.03
321.955	57.93
322.165	-91.24
322.375	-2.79
322.585	307.98
322.796	213.79
323.006	209.01
323.216	147.57
323.426	47.15
323.636	230.62
323.846	1662.07
324.056	79.47
324.266	18.61
324.476	31.62
324.686	-57.3
324.896	24.09
325.106	1158.49
325.316	32.01
325.526	-2663.16
325.736	83.61
325.946	26.26
326.156	875.32
326.366	478.26
326.576	29.7
326.785	-19.1
326.995	133.14
327.205	294.47
327.415	137.63
327.625	404.38
327.835	50.08
328.044	270.35
328.254	40
328.464	-17.67
328.674	79.38
328.884	-87.77
329.093	56.68
329.303	51.5
329.513	396.27
329.722	-1905.26
329.932	102.68
330.142	-21.92
330.351	32.59
330.561	-178.18
330.771	-107.01
330.98	-69.21
331.19	21.54
331.4	-72.79
331.609	22.75
331.819	268.29
332.028	115.43
332.238	60.34
332.447	59.72
332.657	85.36
332.866	-47.56
333.076	29.58
333.285	167.43
333.495	-6.45
333.704	-167.71
333.914	70.68
334.123	-50.82
334.333	575.38
334.542	238.15
334.752	593.85
334.961	94.34
335.17	-61.31
335.38	-88.83
335.589	85.42
335.798	144.97
336.008	485.71
336.217	50.21
336.426	47.09
336.636	-0.85
336.845	154.93
337.054	33.77
337.263	47.12
337.473	5.1
337.682	34.53
337.891	104.73
338.1	326.62
338.309	-106.05
338.519	87.02
338.728	78.18
338.937	-455.12
339.146	171.22
339.355	-18.87
339.564	1189.47
339.773	53.27
339.983	-2.83
340.192	-12.17
340.401	74.66
340.61	83.64
340.819	65.01
341.028	36.07
341.237	-3305.88
341.446	66.92
341.655	35.24
341.864	10.43
342.073	9.19
342.282	-95.9
342.491	43.51
342.699	172.82
342.908	33.77
343.117	151.45
343.326	178.95
343.535	105.45
343.744	-96.02
343.953	122.29
344.162	71.74
344.37	13.61
344.579	-253.73
344.788	11.76
344.997	-78.59
345.206	97.07
345.414	80.37
345.623	-89.3
345.832	52.93
346.041	226.4
346.249	90.42
346.458	30.44
346.667	103.84
346.875	9.02
347.084	20.53
347.293	56.59
347.501	129.86
347.71	61
347.918	52.4
348.127	-147.25
348.336	-160.26
348.544	209.03
348.753	68.66
348.961	1.79
349.17	-10.04
349.378	89.97
349.587	26.3
349.795	149.51
350.004	40
350.212	52.12
350.421	-231.86
350.629	82.78
350.838	70.51
351.046	42.39
351.254	77.63
351.463	-11.3
351.671	-705.26
351.879	19.76
352.088	-0.31
352.296	1.77
352.504	168.69
352.713	174.09
352.921	-1.57
353.129	-12.73
353.338	107.87
353.546	-8.66
353.754	123.93
353.962	92.25
354.171	43.51
354.379	-705.26
354.587	31.9
354.795	183.06
355.003	73.85
355.212	111.78
355.42	116.98
355.628	248.19
355.836	68.47
356.044	29.45
356.252	54.25
356.46	83.67
356.668	224.62
356.876	13.89
357.084	63.82
357.292	87.16
357.5	-4.65
357.708	63.46
357.916	120.44
358.124	44.9
358.332	-146.27
358.54	-47.27
358.748	361.04
358.956	87.69
359.164	32.39
359.372	70.03
359.58	50.36
359.788	10.79
359.996	140.66
360.203	57.5
360.411	-66.11
360.619	59.3
360.827	55.47
361.035	-384.05
361.242	215.25
361.45	-610.13
361.658	294.79
361.866	-27.29
362.073	71.38
362.281	79.56
362.489	44.65
362.697	122.55
362.904	162.54
363.112	119.18
363.32	-68.67
363.527	-544.35
363.735	184.56
363.943	2.8
364.15	126.5
364.358	62.12
364.565	69.55
364.773	117.43
364.98	101.06
365.188	46.22
365.395	130.52
365.603	96.95
365.81	1.1
366.018	40.39
366.225	28.65
366.433	121.59
366.64	65.17
366.848	31.53
367.055	55.8
367.263	48.07
367.47	82.67
367.677	210.13
367.885	66.08
368.092	73.85
368.299	-71.55
368.507	73.24
368.714	-168.14
368.921	149.61
369.129	61.82
369.336	51.03
369.543	-0.43
369.751	-94.54
369.958	4.48
370.165	100.36
370.372	-88.25
370.579	27.11
370.787	29.79
370.994	-30.82
371.201	-79.02
371.408	33.29
371.615	40.75
371.822	73.35
372.029	157.97
372.237	-76.57
372.444	98.38
372.651	46.2
372.858	-59.24
373.065	36.89
373.272	-40.41
373.479	-531.03
373.686	-52.13
373.893	79.61
374.1	58.37
374.307	-122.3
374.514	212.96
374.721	47.1
374.928	-589.61
375.135	-4.46
375.341	1960
375.548	10.75
375.755	-32.07
375.962	71.62
376.169	-22.95
376.376	198.38
376.583	92.68
376.789	95.74
376.996	220.35
377.203	107.82
377.41	11.76
377.617	26.57
377.823	-20.32
378.03	2161.29
378.237	93.22
378.443	204.57
378.65	-788.68
378.857	136.53
379.063	620.25
379.27	-293.91
379.477	202.18
379.683	-92.1
379.89	48.14
380.097	67.71
380.303	29.37
380.51	29.01
380.716	12.51
380.923	111.81
381.129	111.05
381.336	-218.9
381.542	88.99
381.749	102.8
381.955	33.28
382.162	143.89
382.368	9.94
382.575	41.68
382.781	6.9
382.988	38.62
383.194	-17.89
383.4	4.68
383.607	15.54
383.813	92.25
384.02	25.23
384.226	-4.39
384.432	-53.02
384.639	82.14
384.845	-473.42
385.051	51.4
385.257	83.85
385.464	57
385.67	47.74
385.876	-5.62
386.082	-12.88
386.289	69.19
386.495	11.42
386.701	26.71
386.907	24.04
387.113	45.77
387.319	108.67
387.526	175.24
387.732	291.34
387.938	68.8
388.144	102.61
388.35	55.83
388.556	95.14
388.762	56.43
388.968	79.07
389.174	35.79
389.38	108.42
389.586	2.88
389.792	19.85
389.998	-47.08
390.204	-74.05
390.41	59.87
390.616	80.37
390.822	53.46
391.028	34.54
391.234	55.63
391.439	-852.43
391.645	16.9
391.851	85.77
392.057	-30.21
392.263	64.41
392.469	129.07
392.674	0.92
392.88	37.26
393.086	4.07
393.292	-79.34
393.498	-10.35
393.703	39.6
393.909	43.97
394.115	56.05
394.32	55.32
394.526	6.44
394.732	28.95
394.937	54.09
395.143	-39.68
395.349	33.26
395.554	-254.27
395.76	41.8
395.965	13.27
396.171	47.01
396.377	-21.53
396.582	56.18
396.788	15.5
396.993	66.83
397.199	47.86
397.404	16.2
397.61	-27.28
397.815	40.91
398.021	-42.49
398.226	11.1
398.431	-2.59
398.637	43.05
398.842	7.33
399.048	40.95
399.253	50.03
399.458	16.72
399.664	38.93
399.869	20.27
400.074	7.61
400.28	41.78
400.485	3.35
400.69	3.41
400.896	7.03
401.101	10.56
401.306	8.86
401.511	36.54
401.716	28.73
401.922	-2.92
402.127	12.65
402.332	11.97
402.537	16.83
402.742	4.98
402.947	78.72
403.153	6.09
403.358	13.48
403.563	35.99
403.768	7.7
403.973	40.93
404.178	-6.66
404.383	8.75
404.588	24.55
404.793	22
404.998	13.34
405.203	15.71
405.408	12.82
405.613	30.99
405.818	7.35
406.023	4.99
406.228	-6.62
406.433	15.99
406.638	-1.46
406.842	8.09
407.047	6.18
407.252	6.58
407.457	21.93
407.662	6.26
407.867	8.59
408.071	6.14
408.276	3.91
408.481	5.82
408.686	9.77
408.891	17.24
409.095	13.08
409.3	10.5
409.505	6.06
409.709	4.51
409.914	13.28
410.119	3.61
410.323	3.45
410.528	1.65
410.733	14.81
410.937	6.37
411.142	6.38
411.346	3.79
411.551	2.33
411.756	8.8
411.96	6.59
412.165	4.31
412.369	6.43
412.574	1.3
412.778	3.93
412.983	4.16
413.187	10.33
413.392	0.71
413.596	0.4
413.8	5.77
414.005	5.4
414.209	1.43
414.414	2.95
414.618	5.27
414.822	-1.29
415.027	4.81
415.231	3.38
415.435	1.78
415.64	5.13
415.844	4
416.048	5.19
416.252	4.59
416.457	4.32
416.661	4.66
416.865	2.16
417.069	2.89
417.274	3.61
417.478	4.19
417.682	3.18
417.886	2.95
418.09	2.91
418.294	4.41
418.498	2.67
418.702	6.06
418.907	3.11
419.111	3.17
419.315	2.52
419.519	4.25
419.723	0.44
419.927	3.4
420.131	5.26
420.335	0.98
420.539	0.26
420.743	6.37
420.947	1.52
421.151	2.52
421.355	2.77
421.558	4.5
421.762	2.37
421.966	2.81
422.17	2.83
422.374	4.26
422.578	2.61
422.782	3.42
422.985	2.5
423.189	2.67
423.393	3.11
423.597	1.93
423.801	2.42
424.004	3.37
424.208	3.09
424.412	2.13
424.615	2.07
424.819	3.51
425.023	3.33
425.226	3.07
425.43	3.66
425.634	2.77
425.837	2.21
426.041	2.66
426.245	3.09
426.448	2.45
426.652	2.76
426.855	1.44
427.059	2.08
427.262	3.17
427.466	2.32
427.669	2.89
427.873	2.78
428.076	3.19
428.28	2.88
428.483	2.6
428.687	2.58
428.89	2.91
429.094	2.46
429.297	2.5
429.5	2.91
429.704	2.41
429.907	3.31
430.11	3.44
430.314	3.09
430.517	3.31
430.72	2.7
430.924	2.62
431.127	2.38
431.33	3
431.533	3.25
431.737	2.9
431.94	2.98
432.143	2.64
432.346	2.73
432.549	2.97
432.752	2.72
432.956	2.69
433.159	2.21
433.362	2.46
433.565	2.6
433.768	2.46
433.971	2.48
434.174	2.92
434.377	2.92
434.58	3.02
434.783	2.23
434.986	3.46
435.189	3.15
435.392	2.77
435.595	2.97
435.798	2.69
436.001	2.85
436.204	3.27
436.407	2.98
436.61	3.33
436.813	3.37
437.016	3.23
437.219	2.86
437.421	3.18
437.624	2.58
437.827	2.8
438.03	3.02
438.233	2.56
438.435	2.68
438.638	2.94
438.841	3
439.044	3.08
439.246	2.75
439.449	2.99
439.652	3.24
439.854	3.06
440.057	2.96
440.26	2.84
440.462	2.96
440.665	2.47
440.868	3.09
441.07	3.29
441.273	3.31
441.475	3.01
441.678	3.33
441.88	2.9
442.083	2.89
442.286	3.03
442.488	2.72
442.69	2.91
442.893	3
443.095	2.87
443.298	2.89
443.5	3.28
443.703	3.07
443.905	3.04
444.108	2.92
444.31	3.18
444.512	3.23
444.715	3.49
444.917	2.82
445.119	3.43
445.322	2.88
445.524	3.19
445.726	2.87
445.928	2.96
446.131	3.28
446.333	2.88
446.535	3.05
446.737	2.83
446.94	3.35
447.142	3.12
447.344	2.97
447.546	3.15
447.748	2.98
447.95	3.16
448.152	2.94
448.354	3.12
448.557	3.43
448.759	3.41
448.961	2.99
449.163	3.21
449.365	3.19
449.567	3.2
449.769	3.02
449.971	3
450.173	3.29
450.375	3.16
450.577	3.12
450.779	3.12
450.981	3.03
451.182	2.98
451.384	2.93
451.586	3.65
451.788	3.31
451.99	3.22
452.192	2.93
452.394	3.52
452.595	3.88
452.797	3.22
452.999	3.4
453.201	3.48
453.402	3.43
453.604	2.96
453.806	3.55
454.008	3.35
454.209	3.6
454.411	2.88
454.613	3.51
454.814	3.4
455.016	3.2
455.218	3.45
455.419	3.71
455.621	3.73
455.822	3.23
456.024	3.31
456.225	4.07
456.427	3.61
456.629	3.02
456.83	3.6
457.032	3.37
457.233	3
457.435	3.19
457.636	3.34
457.837	3.15
458.039	3.21
458.24	3.58
458.442	3.7
458.643	3.17
458.844	3.81
459.046	3.39
459.247	4.14
459.448	3.53
459.65	3.98
459.851	3.8
460.052	3.26
460.254	3.31
460.455	3.63
460.656	4.04
460.857	3.39
461.059	3.31
461.26	3.05
461.461	3.58
461.662	3.46
461.863	3.71
462.065	3.86
462.266	3.55
462.467	3.51
462.668	3.48
462.869	3.91
463.07	3.98
463.271	3.6
463.472	3.06
463.673	2.95
463.874	3.31
464.075	3.45
464.276	3.48
464.477	3.8
464.678	4.43
464.879	3.44
465.08	4.15
465.281	3.56
465.482	3.23
465.683	3.16
465.884	3.04
466.085	5.28
466.285	4.15
466.486	5.04
466.687	4.42
466.888	4.19
467.089	3.77
467.29	3.6
467.49	3.48
467.691	3.71
467.892	3.54
468.093	3.32
468.293	4.72
468.494	4.61
468.695	4.08
468.895	3.41
469.096	3.2
469.297	3.25
469.497	3.82
469.698	5.19
469.898	1.84
470.099	5.56
470.3	4.74
470.5	4.21
470.701	4.38
470.901	3.58
471.102	4.53
471.302	3.06
471.503	4.86
471.703	4.59
471.904	4.19
472.104	3.31
472.305	3.66
472.505	4.78
472.705	4.4
472.906	4.28
473.106	3.44
473.306	3.97
473.507	3.96
473.707	3.74
473.907	3.67
474.108	3.58
474.308	4.43
474.508	4.21
474.709	4.04
474.909	4.88
475.109	2.38
475.309	2.98
475.51	3.35
475.71	4.55
475.91	4.21
476.11	3.38
476.31	2.58
476.51	4.74
476.71	4.3
476.911	4.97
477.111	3.82
477.311	2.42
477.511	3.33
477.711	3.03
477.911	3.29
478.111	5.12
478.311	3.47
478.511	4.7
478.711	3.62
478.911	4.33
479.111	4.53
479.311	3.29
479.511	6.54
479.711	4.5
479.91	3.53
480.11	4.89
480.31	3.64
480.51	4.86
480.71	3.49
480.91	4.84
481.109	5.24
481.309	3.74
481.509	2.96
481.709	6.26
481.909	3.93
482.108	3.59
482.308	4.5
482.508	4.37
482.707	6.07
482.907	4.87
483.107	4.4
483.306	4.97
483.506	4.92
483.706	3.49
483.905	3.9
484.105	4.21
484.304	4.18
484.504	3.98
484.704	4.74
484.903	3.67
485.103	5.99
485.302	5.06
485.502	3.74
485.701	4.89
485.901	3.51
486.1	4.65
486.299	3.95
486.499	2.94
486.698	2.51
486.898	6.12
487.097	1.96
487.296	3.46
487.496	4.27
487.695	2.98
487.894	2.96
488.094	5.04
488.293	4.7
488.492	4.92
488.692	3.64
488.891	3.75
489.09	2.99
489.289	3.15
489.489	3.82
489.688	2.28
489.887	3.49
490.086	4.56
490.285	4.67
490.484	4.68
490.683	5.62
490.883	4.01
491.082	5.32
491.281	3.81
491.48	3.01
491.679	5.65
491.878	4.89
492.077	5.05
492.276	5.09
492.475	3.52
492.674	4.29
492.873	4.89
493.072	2.91
493.271	4.28
493.47	4.68
493.669	3.63
493.867	4.88
494.066	4.26
494.265	4.84
494.464	5.07
494.663	3.9
494.862	4.24
495.06	4.72
495.259	2.94
495.458	4.52
495.657	4.45
495.856	5.62
496.054	5.07
496.253	4.47
496.452	4.78
496.65	5.05
496.849	4.02
497.048	3.75
497.246	4.76
497.445	4.47
497.644	4.86
497.842	5.45
498.041	5.33
498.239	4.45
498.438	4.76
498.636	5.01
498.835	5.73
499.034	4.5
499.232	5.44
499.431	4
499.629	4.72
499.827	4.57
500.026	4.3
500.224	4.75
500.423	4.02
500.621	4.79
500.82	5.74
501.018	5.62
501.216	5.16
501.415	4.93
501.613	5.04
501.811	5.22
502.01	5.6
502.208	4.97
502.406	5.83
502.604	5.87
502.803	4.87
503.001	6.32
503.199	5.35
503.397	5.31
503.595	5.38
503.794	5.38
503.992	5.32
504.19	5.33
504.388	5.97
504.586	5.53
504.784	5.84
504.982	5.89
505.18	5.64
505.378	5.5
505.576	5.36
505.774	5.92
505.972	5.81
506.17	7.25
506.368	6.36
506.566	5.77
506.764	5.99
506.962	6.02
507.16	6.18
507.358	5.86
507.556	6.11
507.754	6.15
507.952	6.14
508.15	6.42
508.347	6.67
508.545	6.55
508.743	6.59
508.941	5.97
509.139	6.76
509.336	6.71
509.534	6.99
509.732	7.03
509.93	6.74
510.127	7.19
510.325	6.42
510.523	6.39
510.72	7.11
510.918	7.51
511.116	6.55
511.313	5.79
511.511	7.04
511.708	7.1
511.906	7.79
512.104	7.48
512.301	7.15
512.499	7.38
512.696	7.4
512.894	7.05
513.091	7.35
513.289	7.63
513.486	7.51
513.683	7.35
513.881	7.3
514.078	7.82
514.276	8.15
514.473	7.23
514.67	7.41
514.868	7.35
515.065	8.49
515.262	7.64
515.46	7.9
515.657	7.9
515.854	7.81
516.052	6.94
516.249	8.39
516.446	7.99
516.643	8.24
516.84	8.42
517.038	8.35
517.235	8.52
517.432	8.2
517.629	8.06
517.826	8.68
518.023	8.61
518.221	8.68
518.418	8.88
518.615	9.1
518.812	8.55
519.009	8.55
519.206	8.09
519.403	8.49
519.6	8.82
519.797	8.41
519.994	8.82
520.191	8.82
520.388	8.77
520.585	8.5
520.782	8.87
520.978	8.59
521.175	9.07
521.372	8.86
521.569	8.67
521.766	8.63
521.963	9.09
522.159	9.26
522.356	8.87
522.553	9.33
522.75	9.4
522.947	9.58
523.143	9.41
523.34	9.62
523.537	8.9
523.733	9.36
523.93	9.58
524.127	9.36
524.323	9.26
524.52	9.73
524.717	9.52
524.913	9.45
525.11	9.44
525.306	9.75
525.503	8.86
525.7	9.84
525.896	9.91
526.093	9.78
526.289	9.56
526.486	9.51
526.682	9.86
526.878	10.05
527.075	9.86
527.271	10.04
527.468	9.9
527.664	10.42
527.861	10.16
528.057	9.94
528.253	10.22
528.45	9.67
528.646	9.73
528.842	9.82
529.039	9.69
529.235	10.2
529.431	10.88
529.627	10.08
529.824	10.37
530.02	10.06
530.216	10.08
530.412	10.38
530.608	10.13
530.804	10.59
531.001	10.5
531.197	10.26
531.393	10.22
531.589	10.18
531.785	10.02
531.981	10.36
532.177	10.63
532.373	10.78
532.569	10.21
532.765	10.58
532.961	9.97
533.157	9.94
533.353	10.79
533.549	10.91
533.745	10.94
533.941	10.75
534.137	10.19
534.333	10.37
534.529	10.26
534.725	10.79
534.92	10.5
535.116	10.42
535.312	10.76
535.508	10.75
535.704	10.34
535.899	10.65
536.095	10.78
536.291	11.26
536.487	11.08
536.682	11.02
536.878	10.79
537.074	10.84
537.269	10.4
537.465	10.51
537.661	10.75
537.856	10.64
538.052	11.01
538.248	10.75
538.443	11.02
538.639	10.72
538.834	10.94
539.03	11.3
539.225	11.31
539.421	11.58
539.616	11.26
539.812	10.89
540.007	11.41
540.203	11.16
540.398	11.28
540.593	11.68
540.789	11.39
540.984	11.39
541.18	10.99
541.375	10.94
541.57	11.59
541.766	11.33
541.961	11.36
542.156	11.5
542.352	11.63
542.547	10.88
542.742	11.71
542.937	11.49
543.133	11.77
543.328	11.37
543.523	11.09
543.718	11.72
543.913	11.65
544.108	11.19
544.304	11.47
544.499	11.37
544.694	11.09
544.889	11.52
545.084	12.12
545.279	11.82
545.474	11.68
545.669	11.47
545.864	11.68
546.059	11.56
546.254	11.25
546.449	11.4
546.644	11.65
546.839	11.6
547.034	11.84
547.229	11.45
547.424	11.91
547.618	11.73
547.813	11.67
548.008	11.71
548.203	11.77
548.398	11.74
548.593	11.75
548.787	11.84
548.982	11.73
549.177	11.65
549.372	11.72
549.566	11.96
549.761	11.79
549.956	11.57
550.15	11.71
550.345	12.1
550.54	12.26
550.734	11.87
550.929	12.38
551.124	11.93
551.318	11.61
551.513	12.1
551.707	12.16
551.902	12.12
552.096	12.3
552.291	12.31
552.485	11.93
552.68	12.15
552.874	12.36
553.069	12.12
553.263	11.84
553.458	12.09
553.652	12.38
553.847	12.14
554.041	12.54
554.235	11.93
554.43	12.62
554.624	12.35
554.818	12.14
555.013	12.36
555.207	12.36
555.401	12.16
555.595	12.81
555.79	11.87
555.984	12.5
556.178	12.61
556.372	12.27
556.566	12.52
556.761	12.65
556.955	12.43
557.149	12.43
557.343	12.75
557.537	12.76
557.731	12.65
557.925	12.58
558.119	12.43
558.313	12.18
558.507	12.34
558.701	12.23
558.895	12.5
559.089	12.82
559.283	12.54
559.477	12.58
559.671	12.36
559.865	12.64
560.059	13.01
560.253	12.5
560.447	12.6
560.641	12.75
560.835	13.05
561.028	12.78
561.222	12.9
561.416	12.8
561.61	12.58
561.804	12.63
561.997	12.84
562.191	13.04
562.385	12.78
562.579	12.51
562.772	12.84
562.966	12.72
563.16	12.99
563.353	12.89
563.547	12.58
563.741	12.8
563.934	12.7
564.128	12.84
564.321	12.93
564.515	13.17
564.708	12.84
564.902	12.53
565.095	13.23
565.289	12.94
565.482	13.26
565.676	13.01
565.869	12.89
566.063	13.01
566.256	13.04
566.45	12.59
566.643	13.16
566.836	12.69
567.03	13.07
567.223	13.19
567.416	13.01
567.61	13.28
567.803	13.25
567.996	13.01
568.19	13.5
568.383	12.88
568.576	13.04
568.769	12.95
568.963	13.18
569.156	13.65
569.349	13.08
569.542	13.55
569.735	12.88
569.928	13.38
570.121	13.52
570.315	13.15
570.508	12.69
570.701	13.2
570.894	13.28
571.087	13.32
571.28	13.31
571.473	13.3
571.666	13.75
571.859	13.05
572.052	13.33
572.245	13.52
572.438	13.32
572.631	13.26
572.824	13.26
573.016	13.28
573.209	13.67
573.402	13.5
573.595	13.68
573.788	13.3
573.981	13.71
574.173	13.6
574.366	13.67
574.559	13.17
574.752	13.42
574.944	13.67
575.137	13.21
575.33	13.47
575.523	13.71
575.715	12.91
575.908	13.44
576.101	13.42
576.293	13.65
576.486	13.6
576.678	13.39
576.871	13.43
577.063	13.52
577.256	13.35
577.449	13.37
577.641	13.08
577.834	13.43
578.026	13.08
578.219	13.28
578.411	13.66
578.603	13.75
578.796	13.63
578.988	13.67
579.181	13.41
579.373	13.46
579.565	13.61
579.758	13.35
579.95	13.19
580.142	13.24
580.335	13.32
580.527	13.69
580.719	13.62
580.912	13.45
581.104	14.08
581.296	13.72
581.488	13.94
581.68	13.24
581.873	13.6
582.065	13.62
582.257	13.21
582.449	13.73
582.641	13.34
582.833	13.43
583.025	12.96
583.217	13.77
583.41	13.41
583.602	13.94
583.794	13.37
583.986	13.96
584.178	13.53
584.37	13.9
584.562	13.2
584.753	13.9
584.945	13.55
585.137	13.65
585.329	13.43
585.521	13.67
585.713	13.61
585.905	13.68
586.097	13.67
586.289	13.32
586.48	13.6
586.672	13.44
586.864	13.79
587.056	13.91
587.247	13.46
587.439	13.83
587.631	13.43
587.823	13.63
588.014	13.76
588.206	13.91
588.398	13.53
588.589	13.9
588.781	13.45
588.972	14.24
589.164	13.85
589.356	13.87
589.547	14.1
589.739	12.99
589.93	14.23
590.122	13.92
590.313	13.78
590.505	14
590.696	13.6
590.888	13.7
591.079	13.79
591.271	14.2
591.462	14.05
591.653	13.92
591.845	13.99
592.036	14.28
592.227	13.78
592.419	14.02
592.61	13.46
592.801	13.85
592.993	13.66
593.184	14.49
593.375	13.8
593.566	14.07
593.758	13.88
593.949	14.13
594.14	14.17
594.331	14.22
594.522	14.29
594.713	14.24
594.905	14.04
595.096	14.12
595.287	13.87
595.478	14.3
595.669	14.29
595.86	14.05
596.051	14.17
596.242	14.45
596.433	14.4
596.624	13.94
596.815	14.79
597.006	14.01
597.197	14.43
597.388	14.07
597.579	14.51
597.77	14.15
597.96	14.31
598.151	14.91
598.342	14.95
598.533	14.6
598.724	14.75
598.915	14.51
599.105	14.76
599.296	14.52
599.487	14.05
599.678	14.46
599.868	14.61
600.059	15.06
600.25	15.04
600.44	14.7
600.631	14.77
600.822	14.92
601.012	15.03
601.203	14.5
601.394	14.6
601.584	14.66
601.775	14.81
601.965	14.76
602.156	15.05
602.346	14.97
602.537	14.73
602.727	14.49
602.918	14.59
603.108	14.8
603.299	14.65
603.489	15.05
603.679	14.53
603.87	15.3
604.06	15.65
604.251	14.87
604.441	14.93
604.631	15.06
604.822	14.74
605.012	14.13
605.202	15.07
605.392	14.62
605.583	14.5
605.773	14.86
605.963	14.95
606.153	14.71
606.344	14.97
606.534	14.96
606.724	14.89
606.914	14.9
607.104	15.33
607.294	15.06
607.484	14.9
607.674	15.04
607.864	14.79
608.054	15.28
608.245	15.19
608.435	15.53
608.625	14.97
608.814	14.89
609.004	15.32
609.194	14.95
609.384	15.08
609.574	15.77
609.764	14.94
609.954	15.06
610.144	15.01
610.334	15.26
610.524	15.09
610.713	15.21
610.903	15.21
611.093	15.67
611.283	15.46
611.473	15.06
611.662	15.84
611.852	15.22
612.042	15.34
612.231	14.52
612.421	15.31
612.611	14.93
612.8	15.47
612.99	15.22
613.18	14.93
613.369	15.44
613.559	14.63
613.748	14.6
613.938	16.03
614.128	14.7
614.317	15.48
614.507	15.76
614.696	15.87
614.886	15.09
615.075	15.36
615.264	15.12
615.454	16.05
615.643	16.03
615.833	15.08
616.022	15.2
616.211	15.44
616.401	15.43
616.59	15.16
616.779	15.52
616.969	15
617.158	15.09
617.347	15.61
617.537	15.35
617.726	15.22
617.915	15.86
618.104	14.96
618.293	15.4
618.483	14.17
618.672	15.55
618.861	16.07
619.05	15.6
619.239	15.04
619.428	15.97
619.617	15.86
619.806	15.5
619.995	14.87
620.184	15.29
620.373	14.86
620.562	15.53
620.751	15.88
620.94	15.43
621.129	15.31
621.318	15.33
621.507	15.55
621.696	15.04
621.885	15.25
622.074	15.6
622.263	15.2
622.452	16.3
622.64	15.47
622.829	15.24
623.018	16.37
623.207	15.21
623.396	15.29
623.584	15.1
623.773	16.03
623.962	15.59
624.15	16.26
624.339	15.86
624.528	16.35
624.716	15.93
624.905	15.2
625.094	14.66
625.282	14.8
625.471	15.62
625.659	16.03
625.848	15.55
626.037	15.17
626.225	15.97
626.414	15.83
626.602	15.32
626.791	16.28
626.979	15.97
627.167	15.56
627.356	16.09
627.544	15.6
627.733	15.98
627.921	16
628.109	16.54
628.298	15.93
628.486	15.4
628.674	15.86
628.863	16.01
629.051	16.38
629.239	16.37
629.428	16.16
629.616	16.2
629.804	16.81
629.992	16.1
630.18	15.69
630.369	16.8
630.557	16.07
630.745	15.84
630.933	15.76
631.121	17.08
631.309	16.69
631.497	16.52
631.685	15.59
631.873	16.06
632.061	16.46
632.249	16.21
632.437	17.02
632.625	16.21
632.813	15.8
633.001	16.21
633.189	16.88
633.377	16.69
633.565	15.18
633.753	16.03
633.941	16.39
634.129	16.31
634.316	16.29
634.504	17.41
634.692	16.46
634.88	17.07
635.068	17.47
635.255	16.12
635.443	15.91
635.631	16.49
635.818	16.65
636.006	16.69
636.194	16.76
636.382	16.28
636.569	16.77
636.757	16.1
636.944	16.69
637.132	16.37
637.32	17.99
637.507	17.5
637.695	16.2
637.882	17.44
638.07	16.23
638.257	17.5
638.445	15.77
638.632	16.01
638.82	15.41
639.007	16.75
639.194	16.26
639.382	16.89
639.569	15.7
639.757	16.31
639.944	16.42
640.131	16.18
640.319	16.99
640.506	17.39
640.693	16.38
640.88	16.08
641.068	15.7
641.255	16.45
641.442	15.67
641.629	16.6
641.817	16.71
642.004	16.41
642.191	16.81
642.378	17.09
642.565	16.9
642.752	17.09
642.939	15.53
643.126	17.06
643.313	16.71
643.501	16.46
643.688	16.51
643.875	16.02
644.062	16.2
644.249	15.44
644.435	15.4
644.622	14.98
644.809	16.87
644.996	15.58
645.183	14.93
645.37	16.29
645.557	15.72
645.744	15.36
645.931	15.69
646.117	15.29
646.304	16.75
646.491	16.7
646.678	16.44
646.865	17.06
647.051	15.66
647.238	15.62
647.425	14.85
647.611	15.41
647.798	15.81
647.985	15.91
648.171	16.01
648.358	15.06
648.545	15.7
648.731	14.87
648.918	16.12
649.104	15.68
649.291	15.65
649.477	16.04
649.664	16.16
649.85	16.26
650.037	15.83
650.223	14.65
650.41	15.56
650.596	16.34
650.783	15.54
650.969	15.1
651.155	15.86
651.342	14.82
651.528	15.1
651.714	14.91
651.901	16.5
652.087	15.57
652.273	14.92
652.46	14.74
652.646	16.67
652.832	15.29
653.018	16.37
653.204	17.1
653.391	15.1
653.577	15.17
653.763	15.5
653.949	15.87
654.135	16.17
654.321	15.1
654.507	16.52
654.693	16.52
654.879	15.04
655.065	14.98
655.252	13.66
655.438	14.98
655.624	14.83
655.809	15.53
655.995	14.42
656.181	16.18
656.367	15.41
656.553	16.27
656.739	14.9
656.925	15.78
657.111	15.08
657.297	15.62
657.482	14.88
657.668	16.19
657.854	15.22
658.04	14.15
658.226	13.24
658.411	14.25
658.597	15.57
658.783	14.7
658.968	14.67
659.154	14.26
659.34	16.88
659.525	12.96
659.711	14.76
659.897	14.01
660.082	14.81
660.268	14.95
660.453	13.07
660.639	15.09
660.824	14.68
661.01	15.16
661.195	14.43
661.381	12.87
661.566	14.81
661.752	14.78
661.937	14.08
662.123	11.7
662.308	13.92
662.494	14.06
662.679	14.09
662.864	14.95
663.05	13.4
663.235	14.05
663.42	12.22
663.605	14.08
663.791	13.55
663.976	13.63
664.161	15.27
664.346	14.65
664.532	12.94
664.717	11.21
664.902	15.27
665.087	14.52
665.272	14.73
665.457	12.3
665.642	13.05
665.828	12.23
666.013	14.16
666.198	12.47
666.383	12.92
666.568	12.74
666.753	13.62
666.938	12.01
667.123	14.1
667.308	13.22
667.493	14.38
667.677	12.18
667.862	14.1
668.047	14.5
668.232	11.62
668.417	13.38
668.602	12.09
668.787	13.87
668.971	10.25
669.156	15.73
669.341	11.05
669.526	13.99
669.711	15.13
669.895	12.38
670.08	12.88
670.265	14.47
670.449	12.03
670.634	13.81
670.819	13.27
671.003	11.23
671.188	14.41
671.372	11.94
671.557	13.47
671.742	13.14
671.926	10.98
672.111	12.56
672.295	12.5
672.48	12.31
672.664	10.09
672.849	11.41
673.033	14.12
673.217	12.53
673.402	13.7
673.586	12.3
673.771	12.75
673.955	13.86
674.139	12.9
674.324	12.21
674.508	10.84
674.692	13.35
674.876	11.23
675.061	14.31
675.245	14.33
675.429	12.47
675.613	13.27
675.798	16.38
675.982	11.64
676.166	12
676.35	10.81
676.534	14.44
676.718	14.1
676.902	14.91
677.087	9.8
677.271	13.25
677.455	16.13
677.639	11.75
677.823	15.03
678.007	16.28
678.191	12.03
678.375	13.36
678.559	14.77
678.742	11.39
678.926	16.38
679.11	18.4
679.294	16.09
679.478	10.5
679.662	16.44
679.846	14.27
680.029	15.02
680.213	14.34
680.397	16.27
680.581	15.55
680.765	15.1
680.948	15.29
681.132	15.24
681.316	16.39
681.499	15.77
681.683	15.39
681.867	12.97
682.05	17.69
682.234	12.91
682.417	18.5
682.601	17.91
682.785	15.32
682.968	14.34
683.152	16.97
683.335	16.09
683.519	17.42
683.702	16.42
683.886	18.53
684.069	15.91
684.253	19.27
684.436	16.73
684.619	16.09
684.803	17.75
684.986	20.28
685.169	19.47
685.353	16.91
685.536	20.49
685.719	16.65
685.903	16.49
686.086	16.3
686.269	20.75
686.452	13.83
686.636	20.07
686.819	20.26
687.002	19.71
687.185	20.25
687.368	21.08
687.551	18.1
687.734	24.72
687.918	19.47
688.101	15.87
688.284	19.2
688.467	20.3
688.65	20.17
688.833	21.77
689.016	17.54
689.199	21.64
689.382	22.9
689.565	18.75
689.748	18.43
689.93	19.13
690.113	20.44
690.296	24.7
690.479	21.64
690.662	22.92
690.845	18.92
691.028	19.87
691.21	22.7
691.393	20.82
691.576	22.35
691.759	22.55
691.941	24.26
692.124	26.83
692.307	25.89
692.489	20.04
692.672	19.77
692.855	26.61
693.037	29.06
693.22	24.81
693.403	20.25
693.585	23.33
693.768	24.54
693.95	22.86
694.133	27.53
694.315	26.16
694.498	26.06
694.68	25.51
694.863	25.75
695.045	25.26
695.228	23.83
695.41	28.28
695.592	22.35
695.775	20.95
695.957	24.64
696.139	30.41
696.322	19.12
696.504	24.34
696.686	23.53
696.869	21.61
697.051	24.53
697.233	28.67
697.415	22.25
697.597	19.67
697.78	24.07
697.962	24.07
698.144	27.96
698.326	24.25
698.508	27.64
698.69	23.58
698.872	24.78
699.055	28.51
699.237	27.54
699.419	22.12
699.601	19.99
699.783	29.93
699.965	23.32
700.147	19.33
700.329	27.75
700.51	23.69
700.692	23
700.874	26.07
701.056	32.18
701.238	23.15
701.42	32.7
701.602	26.86
701.783	21.34
701.965	25.45
702.147	30.49
702.329	26.53
702.511	25.34
702.692	33.33
702.874	22.95
703.056	25.86
703.237	27.06
703.419	27.6
703.601	33.17
703.782	27.87
703.964	29.12
704.146	24.02
704.327	31.39
704.509	28.42
704.69	22.97
704.872	27.78
705.053	27.75
705.235	31.25
705.416	25.66
705.598	30.8
705.779	25.76
705.961	21.02
706.142	26.9
706.323	26.84
706.505	26.74
706.686	29.96
706.867	20.62
707.049	23.37
707.23	28.08
707.411	26.09
707.593	34.16
707.774	24.03
707.955	25.41
708.136	21.73
708.318	29.49
708.499	21.03
708.68	28.43
708.861	28.96
709.042	26.25
709.223	24.56
709.404	32.44
709.585	35.14
709.767	29.78
709.948	26.39
710.129	31.39
710.31	26.56
710.491	23.6
710.672	24.71
710.853	15.69
711.034	35.98
711.214	24.87
711.395	27.37
711.576	27.39
711.757	30.09
711.938	31.44
712.119	21.29
712.3	25.88
712.481	18.7
712.661	27.67
712.842	23.98
713.023	29.2
713.204	21.87
713.384	23.86
713.565	26.32
713.746	29.56
713.926	17.7
714.107	23.2
714.288	31.95
714.468	27.95
714.649	35.14
714.83	25.98
715.01	31.87
715.191	25.68
715.371	23.87
715.552	35.91
715.732	27.82
715.913	26.83
716.093	27.03
716.274	29.69
716.454	38.15
716.635	36.53
716.815	31.06
716.995	27.24
717.176	34.42
717.356	22.7
717.536	26.36
717.717	24.54
717.897	23.59
718.077	27.53
718.258	26.15
718.438	30.45
718.618	27.79
718.798	23.22
718.978	17.85
719.159	25.37
719.339	34.43
719.519	19.4
719.699	30.69
719.879	20.4
720.059	29.54
720.239	19.48
720.419	39.2
720.599	32.46
720.779	40
720.959	27.35
721.139	20.14
721.319	36.44
721.499	30.44
721.679	19.39
721.859	33.83
722.039	14.38
722.219	34.5
722.399	14.55
722.579	25.93
722.759	26.03
722.938	29.12
723.118	16.82
723.298	24.57
723.478	19.48
723.658	33.32
723.837	36
724.017	14.88
724.197	32.51
724.376	30.36
724.556	13.11
724.736	36.23
724.915	32.74
725.095	27.71
725.275	21.93
725.454	33.32
725.634	31.41
725.813	17.14
725.993	23.71
726.172	41.86
726.352	35.51
726.531	41.32
726.711	27.63
726.89	20.79
727.07	33.12
727.249	23.38
727.428	23.08
727.608	3.95
727.787	32.02
727.966	31.65
728.146	18.98
728.325	29.79
728.504	32.18
728.684	15.16
728.863	43.91
729.042	27.76
729.221	6.98
729.4	31.86
729.58	30.85
729.759	37.96
729.938	34.5
730.117	38.66
730.296	28.7
730.475	48.3
730.654	40.86
730.833	36.93
731.013	44.4
731.192	8.46
731.371	21.73
731.55	57.65
731.729	31.65
731.907	41.03
732.086	30.26
732.265	26.04
732.444	35.71
732.623	27.59
732.802	28.5
732.981	28.74
733.16	20.93
733.339	16.98
733.517	41.2
733.696	58.07
733.875	40.74
734.054	21
734.232	48.16
734.411	56.33
734.59	13.98
734.768	32.72
734.947	47.3
735.126	6.27
735.304	44.04
735.483	15.41
735.662	51.96
735.84	26.14
736.019	24.76
736.197	22.24
736.376	46.02
736.554	44.23
736.733	44.34
736.911	34.57
737.09	11.43
737.268	34.79
737.447	54.37
737.625	31.29
737.803	14.4
737.982	41.48
738.16	29.19
738.338	52.4
738.517	26.03
738.695	33.57
738.873	9.99
739.052	21.43
739.23	-12.4
739.408	28.77
739.586	9.32
739.764	22.88
739.943	30.07
740.121	31.26
740.299	21.68
740.477	22.89
740.655	49.31
740.833	23.52
741.011	46.5
741.189	45.47
741.367	70.68
741.545	24.97
741.723	13.14
741.901	30.85
742.079	18.41
742.257	41.9
742.435	40.98
742.613	33.79
742.791	54.47
742.969	30.39
743.147	36.01
743.325	32.12
743.503	42.25
743.68	24.49
743.858	32.2
744.036	6.28
744.214	11.64
744.391	13.87
744.569	0.52
744.747	54.48
744.925	56.67
745.102	-3.54
745.28	19.68
745.458	37.87
745.635	49.27
745.813	88.95
745.99	36.87
746.168	30.64
746.345	82.99
746.523	32.9
746.7	9.06
746.878	46.64
747.055	15.87
747.233	43.69
747.41	77.25
747.588	42.43
747.765	43.91
747.943	27.03
748.12	-3.43
748.297	17.73
748.475	42.23
748.652	59.59
748.829	40.39
749.007	32.55
749.184	15.1
749.361	32.96
749.538	21.82
749.716	17.47
749.893	27.65
750.07	43.28
750.247	28.05
750.424	41
750.601	28.16
750.778	42.62
750.956	9.25
751.133	24.77
751.31	24.26
751.487	40.91
751.664	-14.78
751.841	1.46
752.018	31.9
752.195	6.35
752.372	51.93
752.549	-3.74
752.726	41.82
752.902	24.58
753.079	51.03
753.256	57.87
753.433	40.41
753.61	39.72
753.787	29.16
753.964	57.2
754.14	30.5
754.317	71.33
754.494	32.32
754.671	56.14
754.847	31.05
755.024	37.81
755.201	51.28
755.377	60.28
755.554	25.85
755.73	18.67
755.907	36.35
756.084	81.6
756.26	67.63
756.437	14.76
756.613	4.22
756.79	45.68
756.966	54.96
757.143	79.21
757.319	49.69
757.496	31.97
757.672	44.66
757.849	56.46
758.025	38.23
758.201	76.92
758.378	29.07
758.554	41.67
758.73	48.33
758.907	50.64
759.083	42.87
759.259	44.1
759.435	47.74
759.612	21.5
759.788	57.72
759.964	-8.68
760.14	58.39
760.316	4.33
760.493	48.39
760.669	50.59
760.845	10.58
761.021	13.21
761.197	52.18
761.373	81.6
761.549	36.66
761.725	31.6
761.901	32.17
762.077	75.59
762.253	4.27
762.429	70.76
762.605	43.52
762.781	46.48
762.957	29.16
763.133	18.25
763.308	54.13
763.484	29.25
763.66	140.03
763.836	45.37
764.012	31.52
764.187	31.51
764.363	36.34
764.539	7.87
764.715	35.05
764.89	-11.1
765.066	-8.99
765.242	48.66
765.417	71.41
765.593	14.5
765.769	60.68
765.944	78.72
766.12	84.14
766.295	45.86
766.471	7.71
766.646	74.57
766.822	139.18
766.997	-54.71
767.173	65.67
767.348	21.98
767.524	39.28
767.699	83.35
767.875	34.49
768.05	20.36
768.225	60.49
768.401	40
768.576	127.1
768.751	27.19
768.927	-40.84
769.102	109.99
769.277	56.62
769.452	91.23
769.628	70.6
769.803	90.76
769.978	26.69
770.153	12.21
770.328	83.57
770.503	51.16
770.679	160.72
770.854	58.76
771.029	27.85
771.204	46.36
771.379	99.02
771.554	66.87
771.729	47.81
771.904	96.24
772.079	79.59
772.254	105.11
772.429	115.24
772.604	5.46
772.779	66.89
772.953	-6.08
773.128	40.22
773.303	-7.65
773.478	62.94
773.653	44.68
773.828	35.44
774.002	107.36
774.177	16.08
774.352	280
774.527	73.24
774.701	43.7
774.876	130.58
775.051	120.86
775.225	221.62
775.4	54.62
775.575	55.51
775.749	-51.96
775.924	-16.81
776.098	56.98
776.273	73.74
776.447	65
776.622	69.3
776.796	25.88
776.971	-17.99
777.145	33.73
777.32	94.03
777.494	61.21
777.669	86.08
777.843	30.62
778.017	30.69
778.192	44.47
778.366	78.47
778.54	70.91
778.715	84.38
778.889	14.39
779.063	50.04
779.237	74.25
779.412	98.86
779.586	145.41
779.76	16.97
779.934	69.08
780.108	130.28
780.282	229.85
780.457	69.1
780.631	-130.03
780.805	39.53
780.979	265.67
781.153	-25.06
781.327	140.93
781.501	109.12
781.675	121.87
781.849	94.53
782.023	134.99
782.197	-2.1
782.371	-145.14
782.545	300.61
782.718	-9.19
782.892	89.8
783.066	86.66
783.24	232.39
783.414	8.84
783.588	93.22
783.761	26
783.935	54.21
784.109	102.52
784.283	-33.04
784.456	146.92
784.63	62.8
784.804	81.68
784.977	25.19
785.151	13.08
785.324	-6.27
785.498	18.96
785.672	55.02
785.845	59.82
786.019	10.43
786.192	141.72
786.366	22.1
786.539	-12.88
786.713	87.74
786.886	25.22
787.06	71.9
787.233	108.88
787.406	-71.36
787.58	107.44
787.753	97.83
787.926	14.13
788.1	168.1
788.273	-449.06
788.446	-93.73
788.62	1309.68
788.793	-36.47
788.966	40
789.139	2.82
789.313	32.15
789.486	2028.57
789.659	-28.57
789.832	68.1
790.005	125.17
790.178	-125.66
790.351	80.8
790.524	117.29
790.697	37.27
790.87	-139.09
791.044	498.18
791.216	82.54
791.389	-39.57
791.562	131.39
791.735	118.99
791.908	174.03
792.081	127.27
792.254	314.29
792.427	-137.55
792.6	65.89
792.773	20.84
792.945	588.06
793.118	-57.07
793.291	129.67
793.464	-36.6
793.637	-52.76
793.809	79.45
793.982	91.89
794.155	146.8
794.327	175.9
794.5	-366.15
794.673	-20.24
794.845	19.46
795.018	-126.9
795.19	-415.73
795.363	71.64
795.536	87.36
795.708	-277.42
795.881	-9080
796.053	95.58
796.226	300.57
796.398	151.67
796.57	100.65
796.743	20.41
796.915	-0.3
797.088	130.36
797.26	-228.35
797.432	88.61
797.605	140.11
797.777	-542.86
797.949	115.06
798.122	79.35
798.294	214.35
798.466	67.43
798.638	40.75
798.81	138.03
798.983	194.94
799.155	93.6
799.327	-81.45
799.499	86.45
799.671	45.94
799.843	95.89
800.015	61.48
800.187	133.46
800.359	-13.75
800.531	98.67
800.703	19.87
800.875	28.02
801.047	78.44
801.219	148.12
801.391	-823.38
801.563	369.78
801.735	128.34
801.907	462.58
802.079	27.13
802.251	-331.87
802.422	-1.57
802.594	-480.52
802.766	-23.76
802.938	-0.9
803.11	35.1
803.281	117.88
803.453	22.12
803.625	37.92
803.796	42.28
803.968	57.84
804.14	50.11
804.311	-1.93
804.483	227.12
804.654	50.08
804.826	187.46
804.998	146.52
805.169	-70.27
805.341	-276.8
805.512	38.51
805.684	-15.2
805.855	48.81
806.026	630.77
806.198	153.37
806.369	111.78
806.541	50.07
806.712	124.15
806.883	71.39
807.055	98.32
807.226	-206.94
807.397	551.65
807.569	129.2
807.74	81.65
807.911	-151.02
808.082	-377.58
808.253	-235.64
808.425	84.05
808.596	150.56
808.767	231.65
808.938	-15.08
809.109	-81.19
809.28	-80.57
809.451	36.98
809.622	95.19
809.793	-896.77
809.964	196.52
810.135	267.8
810.306	15.03
810.477	202.68
810.648	75.89
810.819	82.22
810.99	-440
811.161	205.95
811.332	14.05
811.503	120.67
811.674	169.23
811.844	-661.54
812.015	31.13
812.186	411.04
812.357	-55.79
812.527	25.28
812.698	-15.86
812.869	-766.04
813.04	84.28
813.21	-1689.66
813.381	-64.59
813.551	-24.23
813.722	58.98
813.893	79.94
814.063	127.54
814.234	-483.64
814.404	118.79
814.575	243.39
814.745	-8.85
814.916	20.67
815.086	100.63
815.257	149.78
815.427	65.03
815.598	17.04
815.768	111.97
815.938	71.7
816.109	266.4
816.279	102.87
816.449	17.52
816.62	2073.68
816.79	132.03
816.96	501.89
817.13	37.51
817.301	-96.45
817.471	-65.12
817.641	50.31
817.811	-156.2
817.981	2371.43
818.152	220.85
818.322	85.15
818.492	86.88
818.662	194.35
818.832	62.04
819.002	104.83
819.172	209.96
819.342	153.76
819.512	-59.5
819.682	52.93
819.852	-29.98
820.022	113.97
820.192	-132.58
820.362	-0.44
820.531	42.35
820.701	107.87
820.871	157.97
821.041	-53.39
821.211	11.9
821.381	117.21
821.55	182.98
821.72	-200
821.89	-550.77
822.059	42.47
822.229	89.47
822.399	69.06
822.568	153.61
822.738	1292.68
822.908	123.93
823.077	61.25
823.247	31.09
823.416	-1329.41
823.586	108.02
823.756	29.86
823.925	-63.29
824.095	1530.23
824.264	-76.23
824.433	97.35
824.603	75.33
824.772	74.66
824.942	118.99
825.111	-61.31
825.28	180.12
825.45	19.13
825.619	-6.21
825.788	-38.2
825.958	45.51
826.127	183.7
826.296	7.17
826.465	144.47
826.635	-94.86
826.804	2.72
826.973	83.39
827.142	-82.55
827.311	57.72
827.48	14.74
827.649	100.94
827.818	225.2
827.988	145.6
828.157	40.75
828.326	19.63
828.495	-9.63
828.664	61.48
828.833	79.86
829.002	127.95
829.17	-30.87
829.339	137.69
829.508	-5.67
829.677	541.57
829.846	22.1
830.015	43.38
830.184	62.74
830.352	50.16
830.521	507.91
830.69	4.88
830.859	11.76
831.027	-136.84
831.196	103.35
831.365	43.78
831.533	24.92
831.702	13.77
831.871	74.7
832.039	69.39
832.208	-231.3
832.377	92.91
832.545	108.48
832.714	55.25
832.882	-70.27
833.051	85.27
833.219	4771.43
833.388	-150.93
833.556	65.89
833.724	118.02
833.893	141.48
834.061	810.53
834.23	113.22
834.398	124.32
834.566	142.86
834.735	6657.14
834.903	-1060.38
835.071	-4520
835.239	-58.36
835.408	99.31
835.576	23.26
835.744	148.28
835.912	194.11
836.08	88.27
836.249	162.26
836.417	383.96
836.585	206.04
836.753	172.75
836.921	117.84
837.089	2885.71
837.257	79.07
837.425	-113.19
837.593	-140.15
837.761	61.36
837.929	132.25
838.097	61.98
838.265	16.82
838.433	-19.02
838.601	6.9
838.769	-124.05
838.936	-267.42
839.104	41.96
839.272	43.66
839.44	141.52
839.608	-1019.51
839.775	1.91
839.943	158.09
840.111	105.05
840.279	-28.89
840.446	176.12
840.614	2.6
840.781	144.35
840.949	97.49
841.117	33.48
841.284	21.46
841.452	-304.35
841.619	4.06
841.787	47.97
841.954	330.23
842.122	-144.51
842.289	44.94
842.457	-6.23
842.624	100.68
842.792	-112.41
842.959	149.71
843.126	60.28
843.294	-240.12
843.461	-33.23
843.629	40
843.796	46.22
843.963	-83.27
844.13	141.41
844.298	59.46
844.465	58.89
844.632	-177.64
844.799	264.32
844.966	40
845.134	119.04
845.301	46.83
845.468	165.56
845.635	-13.43
845.802	96.17
845.969	229.67
846.136	201.6
846.303	242.11
846.47	-37.02
846.637	-846.15
846.804	2073.68
846.971	-200
847.138	337.45
847.305	-125.66
847.472	-65.05
847.639	187.82
847.805	76.92
847.972	-324.68
848.139	78.11
848.306	2768.42
848.473	588.06
848.639	62.18
848.806	184
848.973	109.75
849.14	49.84
849.306	-54.71
849.473	-200
849.64	298.46
849.806	-131.1
849.973	267.03
850.139	284.77
850.306	79.03
850.472	322.51
850.639	8.52
850.806	52.63
850.972	-53.91
851.139	-542.86
851.305	120.96
851.471	60.5
851.638	168.1
851.804	426.87
851.971	68.74
852.137	55.66
852.303	142.13
852.47	24.41
852.636	-50.72
852.802	130.71
852.968	137.02
853.135	80.2
853.301	-5.78
853.467	12.46
853.633	76.92
853.8	4.21
853.966	-78.17
854.132	4771.43
854.298	-68.61
854.464	-38.2
854.63	116.64
854.796	76.61
854.962	58.99
855.128	53.88
855.294	-88.66
855.46	-210.56
855.626	88.83
855.792	-246.33
855.958	347.57
856.124	-258.9
856.29	260.93
856.456	41.68
856.622	346.38
856.787	781.82
856.953	36.51
857.119	215.84
857.285	129.86
857.45	105.3
857.616	0.51
857.782	54.73
857.948	300.31
858.113	-130.38
858.279	147.21
858.445	102.36
858.61	218.6
858.776	208.1
858.941	-104.95
859.107	29.64
859.273	104.94
859.438	39.11
859.604	494.74
859.769	329.13
859.935	-21.78
860.1	110.57
860.265	48.01
860.431	-79.14
860.596	5971.43
860.762	55.39
860.927	-43.63
861.092	112.94
861.258	-108.22
861.423	133.59
861.588	14.39
861.753	-1057.14
861.919	184.91
862.084	291.34
862.249	267.8
862.414	-11.6
862.579	-35.53
862.745	12.78
862.91	149.82
863.075	132.25
863.24	-16.11
863.405	-25.13
863.57	11.07
863.735	-6.69
863.9	-210.62
864.065	-72.29
864.23	103.96
864.395	244.13
864.56	151.66
864.725	-17.72
864.89	-240.45
865.055	63.2
865.22	45.73
865.384	-752.81
865.549	172.82
865.714	-45.43
865.879	24.26
866.044	-129.18
866.208	50.12
866.373	-41.76
866.538	165.34
866.702	-117.38
866.867	4.57
867.032	34.35
867.196	66.29
867.361	-123.2
867.526	-50.64
867.69	53.15
867.855	195.6
868.019	1807.27
868.184	17.04
868.348	66.21
868.513	-896.77
868.677	234.24
868.842	-9.19
869.006	218.13
869.17	-1422.64
869.335	-668.29
869.499	-48.54
869.663	-33.11
869.828	-5.67
869.992	1027.91
870.156	78.86
870.321	4.11
870.485	66.08
870.649	135.62
870.813	-102.58
870.978	24.68
871.142	-366.15
871.306	-154.5
871.47	71.53
871.634	480.31
871.798	113.04
871.962	122.55
872.126	-9628.57
872.29	44.07
872.454	2028.57
872.618	-16.27
872.782	158.21
872.946	379.87
873.11	396.98
873.274	77.46
873.438	-1682.35
873.602	78.63
873.766	-464.94
873.93	26.85
874.094	244.94
874.257	124.67
874.421	223.12
874.585	-1007.27
874.749	46.6
874.912	136.69
875.076	56.08
875.24	-74.1
875.403	98.98
875.567	238.86
875.731	96.63
875.894	157.55
876.058	41.15
876.222	-119.1
876.385	240.2
876.549	13.67
876.712	280
876.876	-136.84
877.039	22.39
877.203	131.62
877.366	-78.6
877.529	7.77
877.693	2
877.856	155.07
878.02	24.23
878.183	97.18
878.346	-153.25
878.51	65.49
878.673	-286.33
878.836	-22.08
878.999	70.97
879.163	106.32
879.326	140.66
879.489	189.1
879.652	94.51
879.815	17.71
879.978	147.76
880.142	1.34
880.305	239.75
880.468	51.57
880.631	6.9
880.794	-36.01
880.957	-258.54
881.12	-2600
881.283	246.64
881.446	52.29
881.609	84.89
881.772	50.16
881.935	-482.35
882.097	42.46
882.26	-516.98
882.423	155.78
882.586	185.24
882.749	9.91
882.912	101.84
883.074	63.96
883.237	16.05
883.4	108.75
883.562	77.88
883.725	-305.6
883.888	225.2
884.05	-9080
884.213	190.07
884.376	28.49
884.538	125.21
884.701	125.21
884.863	125.21
