181.954	-11.34
182.172	-11.34
182.39	-11.34
182.608	1520
182.826	127.47
183.043	-149.79
183.261	8.72
183.479	138.42
183.697	1223.53
183.914	-6.48
184.132	-14.97
184.35	245.74
184.567	96.9
184.785	-230.09
185.003	-42.16
185.22	37.77
185.438	35.32
185.656	100.5
185.873	-713.85
186.091	33.89
186.309	2951.72
186.526	39.82
186.744	58.58
186.961	-143.05
187.179	106.16
187.396	29.06
187.614	135.38
187.831	-2800
188.049	71.17
188.266	35.76
188.484	-131.34
188.701	-132.04
188.919	134.38
189.136	246.38
189.354	105.02
189.571	-382.94
189.789	1.77
190.006	55.57
190.223	-127.57
190.441	87.93
190.658	-7085.71
190.876	44.5
191.093	-96.7
191.31	24.62
191.528	-26.23
191.745	90.58
191.962	82.2
192.179	83.93
192.397	-50.2
192.614	235.02
192.831	-61.05
193.049	60.22
193.266	159.22
193.483	39.59
193.7	-455.38
193.917	51.92
194.135	92.09
194.352	-103.47
194.569	76.73
194.786	131.32
195.003	122.72
195.221	39.74
195.438	-73.5
195.655	190.95
195.872	96.27
196.089	18.21
196.306	-23.58
196.523	164.26
196.74	192.65
196.957	21.17
197.174	-52.79
197.391	64.97
197.608	27.51
197.825	-1754.84
198.042	20.29
198.259	1627.59
198.476	132.52
198.693	1760
198.91	176.82
199.127	-1116.42
199.344	-132.79
199.561	217.34
199.778	22.35
199.995	-597.01
200.212	965.52
200.429	72.04
200.646	-475.95
200.862	125.84
201.079	-0.62
201.296	-105.96
201.513	54.37
201.73	-5.9
201.947	70.47
202.163	42.48
202.38	265.9
202.597	-111.23
202.814	14.92
203.03	6800
203.247	178.89
203.464	-12.24
203.681	98.7
203.897	14.78
204.114	437.74
204.331	67.9
204.547	-120.93
204.764	32.18
204.981	1364.71
205.197	166.81
205.414	-162.57
205.63	551.72
205.847	118.59
206.064	-290.91
206.28	-30.52
206.497	4.96
206.713	66.53
206.93	11.28
207.146	133.87
207.363	560
207.579	-808.79
207.796	290.27
208.012	40.55
208.229	-614.93
208.445	2.18
208.662	-81.34
208.878	-3.46
209.095	-1741.18
209.311	-41.79
209.528	1142.86
209.744	7.72
209.96	-336.42
210.177	-225.24
210.393	52.09
210.609	10160
210.826	-53.99
211.042	-326.96
211.258	47.76
211.475	-194.65
211.691	-32.1
211.907	283.54
212.124	79.55
212.34	121.14
212.556	38.41
212.772	-43.96
212.989	-161.59
213.205	-32.47
213.421	-418.09
213.637	280.6
213.853	90.27
214.069	-84.21
214.286	16.33
214.502	-41.79
214.718	-42.63
214.934	181.3
215.15	87.87
215.366	65.81
215.582	-81.98
215.798	-1.61
216.015	88.97
216.231	-140.54
216.447	53.57
216.663	133
216.879	-98.49
217.095	187.92
217.311	-716.98
217.527	126.5
217.743	-411.65
217.959	-400
218.175	33.65
218.391	178.42
218.606	-77.71
218.822	-243.48
219.038	-79.14
219.254	80
219.47	-3.97
219.686	557.3
219.902	87.09
220.118	38.04
220.334	20.49
220.549	-20.49
220.765	-57.14
220.981	-61.97
221.197	-24.58
221.413	-531.87
221.628	-536.71
221.844	-445.28
222.06	135.92
222.276	40.48
222.491	85.46
222.707	83.93
222.923	-504.7
223.139	36.88
223.354	-120.1
223.57	365.35
223.786	65.75
224.001	-103.47
224.217	135.28
224.432	210.4
224.648	92.44
224.864	-21.2
225.079	-274.63
225.295	-60.55
225.51	105.95
225.726	-66.55
225.942	-80.25
226.157	55.93
226.373	-62.98
226.588	-84.21
226.804	-1978.95
227.019	-62.31
227.235	62.92
227.45	55.57
227.665	12080
227.881	44.09
228.096	-107.83
228.312	-9.93
228.527	111.29
228.743	73.14
228.958	-137.61
229.173	-514.78
229.389	-26.23
229.604	5.49
229.819	-59.95
230.035	-115.9
230.25	-36.15
230.465	-144.68
230.681	84.69
230.896	26.17
231.111	60.2
231.327	53.96
231.542	-6400
231.757	50.56
231.972	-137.1
232.187	294.47
232.403	-84.21
232.618	71.86
232.833	81.53
233.048	-1141.82
233.263	-14.53
233.478	80
233.694	-427.91
233.909	-787.1
234.124	63.33
234.339	-50.1
234.554	510.34
234.769	-36.26
234.984	62.78
235.199	82.71
235.414	24.78
235.629	-931.65
235.844	-17.89
236.059	41.32
236.274	-88.22
236.489	-185.58
236.704	87.89
236.919	103.79
237.134	94.75
237.349	187.68
237.564	80.52
237.779	36.94
237.994	-180.43
238.209	136.29
238.424	306.75
238.639	57.23
238.853	-22.6
239.068	9.67
239.283	-62.84
239.498	84.43
239.713	76.89
239.928	1.97
240.142	1.91
240.357	31.61
240.572	167.89
240.787	28.34
241.001	-154.89
241.216	26.24
241.431	5.69
241.646	-6
241.86	-190.13
242.075	-846.51
242.29	35.78
242.504	20.22
242.719	69.57
242.934	-333.86
243.148	61.96
243.363	83.83
243.577	503.37
243.792	-108.5
244.007	8.55
244.221	659.74
244.436	-41.79
244.65	188.96
244.865	-172.51
245.079	25.11
245.294	-46.04
245.508	-73.94
245.723	171.27
245.937	-413.19
246.152	-13.14
246.366	24.01
246.581	-22.18
246.795	-61.35
247.01	103.43
247.224	-22.54
247.438	21.55
247.653	-22.33
247.867	52.96
248.081	179.06
248.296	1092.68
248.51	40.3
248.724	30.81
248.939	173.13
249.153	212.24
249.367	-70.44
249.582	159.13
249.796	285.71
250.01	-50.33
250.224	105.98
250.439	-126.2
250.653	19.45
250.867	11.66
251.081	-47.39
251.295	-49.14
251.51	-52.77
251.724	-503.6
251.938	68.4
252.152	169.34
252.366	114.29
252.58	-116.36
252.794	90.39
253.008	52.98
253.223	-24.83
253.437	145.45
253.651	5.12
253.865	54.3
254.079	35.95
254.293	13.63
254.507	-138.18
254.721	31.76
254.935	298.9
255.149	188.58
255.363	57.47
255.577	195.97
255.791	96.27
256.005	336.2
256.218	-20.39
256.432	69.57
256.646	-4.8
256.86	86.76
257.074	94.45
257.288	7040
257.502	-57.14
257.716	37.65
257.929	2.42
258.143	18.76
258.357	49.47
258.571	175.65
258.785	-132.01
258.998	-48.18
259.212	149.24
259.426	8.97
259.64	6.97
259.853	-20.06
260.067	111.48
260.281	129.35
260.494	123.37
260.708	-126.73
260.922	18.89
261.135	84.78
261.349	-99.5
261.563	178.31
261.776	-1670.59
261.99	41.33
262.203	-2.2
262.417	-94.7
262.63	173.56
262.844	179.78
263.058	-82.71
263.271	34.66
263.485	198.47
263.698	154.08
263.912	28.94
264.125	42.11
264.339	53.54
264.552	16.92
264.765	-222.61
264.979	77.74
265.192	-23.98
265.406	82.07
265.619	162.62
265.832	28.7
266.046	-43.36
266.259	173.56
266.473	-1212.9
266.686	65.18
266.899	141.23
267.113	1760
267.326	-35.34
267.539	-6.59
267.752	18.6
267.966	93.64
268.179	29.52
268.392	85.46
268.605	-277.17
268.819	121.68
269.032	83.41
269.245	523.08
269.458	100.37
269.671	55.7
269.885	33.7
270.098	-42.76
270.311	465.82
270.524	32.37
270.737	-1.02
270.95	37.09
271.163	242.52
271.376	-12.9
271.589	-400
271.802	28.94
272.016	2.61
272.229	86.85
272.442	-229.96
272.655	43.2
272.868	-107.13
273.081	314.61
273.294	13.5
273.506	-5.65
273.719	38.42
273.932	-0.66
274.145	4160
274.358	-89.71
274.571	39.66
274.784	1049.06
274.997	71.54
275.21	-82.57
275.423	-58.13
275.635	16.08
275.848	45.19
276.061	-217.22
276.274	-31.71
276.487	59.13
276.699	-24.81
276.912	57.29
277.125	-78.3
277.338	35.03
277.55	31.23
277.763	-67.47
277.976	201.2
278.189	-149.45
278.401	70.84
278.614	262.4
278.827	-18.11
279.039	100.28
279.252	-77.34
279.464	-1.02
279.677	125.36
279.89	16.02
280.102	-146.73
280.315	-458.54
280.527	105.26
280.74	-110.34
280.952	-76.14
281.165	79.31
281.377	26.77
281.59	-129.15
281.802	-64.14
282.015	27.95
282.227	-0.78
282.44	109.35
282.652	462.92
282.865	271.09
283.077	30.84
283.29	70.37
283.502	7.34
283.714	-115.64
283.927	144.3
284.139	-101.29
284.351	-93.09
284.564	209.63
284.776	106.52
284.988	151.24
285.201	1068.66
285.413	45.24
285.625	125.41
285.838	37.86
286.05	38.74
286.262	-32.47
286.474	45.92
286.686	27.06
286.899	-125.56
287.111	-20.84
287.323	40.06
287.535	348.51
287.747	30.82
287.959	-15.61
288.172	-269.09
288.384	17.62
288.596	-110.25
288.808	369.81
289.02	483.02
289.232	43.67
289.444	-91.25
289.656	-185.02
289.868	56.16
290.08	-311.66
290.292	-73.19
290.504	-49.08
290.716	-2.1
290.928	71.87
291.14	576.74
291.352	-79.63
291.564	1647.06
291.776	220.94
291.988	-186.5
292.2	-75.83
292.412	2.16
292.624	52.46
292.835	137.31
293.047	70.1
293.259	-121.63
293.471	267.87
293.683	829.27
293.895	74.96
294.106	0.99
294.318	44.81
294.53	-3.26
294.742	2041.38
294.953	16.24
295.165	67.99
295.377	120.37
295.589	49.74
295.8	117.45
296.012	54.7
296.224	1.37
296.435	167.54
296.647	149.08
296.858	195.68
297.07	541.54
297.282	-90.25
297.493	4.11
297.705	-297.14
297.916	-34.71
298.128	103.54
298.34	-63.22
298.551	47.64
298.763	131.32
298.974	60.22
299.186	-80.96
299.397	-144.61
299.609	-632.26
299.82	68.71
300.031	73.65
300.243	-210.53
300.454	41.72
300.666	38.06
300.877	157.35
301.089	-6.81
301.3	23.21
301.511	28.46
301.723	-22.17
301.934	495.52
302.145	-95.47
302.357	222.1
302.568	137.6
302.779	-13.4
302.99	-17.94
303.202	-43.46
303.413	18
303.624	-66.44
303.835	30.19
304.047	-74.49
304.258	54.2
304.469	40.95
304.68	90.37
304.891	41.69
305.103	-6.18
305.314	39.14
305.525	-2114.29
305.736	223.62
305.947	75.32
306.158	3129.41
306.369	70.08
306.58	57.51
306.791	150.82
307.002	65.35
307.213	-97.06
307.424	66.43
307.636	113.35
307.846	85.27
308.057	-27.18
308.268	-31.06
308.479	33.68
308.69	48.97
308.901	26.74
309.112	-232.56
309.323	41.69
309.534	-57.14
309.745	54.99
309.956	-2.27
310.167	-83.36
310.377	56.56
310.588	52.61
310.799	-64.78
311.01	-107.52
311.221	81.27
311.432	0.85
311.642	-38.74
311.853	-26.39
312.064	386.21
312.275	144.24
312.485	117.59
312.696	49.86
312.907	-207.04
313.117	5.05
313.328	141.65
313.539	-53.2
313.749	-39.7
313.96	-465.93
314.171	66.96
314.381	8.87
314.592	15.46
314.802	-70.84
315.013	2.18
315.224	-11.53
315.434	-1978.95
315.645	20240
315.855	-17.44
316.066	287.64
316.276	189.4
316.487	682.93
316.697	14.9
316.908	8.22
317.118	27.79
317.329	-58.31
317.539	32
317.749	228.33
317.96	-1492.54
318.17	-130.45
318.381	127.47
318.591	-360.44
318.801	-5.79
319.012	62.19
319.222	-353.4
319.432	-12.9
319.643	156.27
319.853	57.4
320.063	40.54
320.273	55.37
320.484	-610.99
320.694	241.63
320.904	-42.03
321.114	17.98
321.325	2455.17
321.535	-172.51
321.745	-69.6
321.955	19.92
322.165	-109.97
322.375	70.46
322.585	284.66
322.796	1668.97
323.006	-112.68
323.216	150.53
323.426	4.96
323.636	185.65
323.846	510.34
324.056	16.31
324.266	-27.26
324.476	48.46
324.686	268.11
324.896	5.95
325.106	732.08
325.316	79.24
325.526	-1473.68
325.736	5.59
325.946	-5.64
326.156	114.29
326.366	-253.91
326.576	10.02
326.785	76.38
326.995	62.32
327.205	353.77
327.415	254.92
327.625	204.38
327.835	67.21
328.044	-44.22
328.254	-24.35
328.464	236.04
328.674	-51.44
328.884	-106.47
329.093	248.13
329.303	69.86
329.513	151.55
329.722	-1726.32
329.932	29.34
330.142	16.86
330.351	34.31
330.561	-138.18
330.771	-245.02
330.98	-89.37
331.19	98.46
331.4	-166.78
331.609	26.93
331.819	741.46
332.028	-36.57
332.238	31.19
332.447	-17.64
332.657	94.12
332.866	-95.11
333.076	16.96
333.285	-106.84
333.495	490.32
333.704	-195.52
333.914	38.24
334.123	-33.64
334.333	836.92
334.542	106.81
334.752	467.69
334.961	-830.19
335.17	-261.31
335.38	-66.49
335.589	95.14
335.798	107.6
336.008	483.52
336.217	-78.3
336.426	38.62
336.636	54.47
336.845	73.24
337.054	207.79
337.263	25.04
337.473	-74.36
337.682	-24.76
337.891	-11.21
338.1	428.78
338.309	-156.58
338.519	146.7
338.728	6.91
338.937	-267.72
339.146	31.65
339.355	-422.64
339.564	2442.11
339.773	148.74
339.983	28.33
340.192	-452.17
340.401	-27.25
340.61	-7.27
340.819	53.5
341.028	103.61
341.237	-188.24
341.446	-0.75
341.655	103.23
341.864	-53.08
342.073	18.38
342.282	-99.28
342.491	40.95
342.699	205.83
342.908	-57.14
343.117	106.6
343.326	17.81
343.535	-1098.18
343.744	35.6
343.953	-36.57
344.162	54.42
344.37	2.09
344.579	-149.25
344.788	-65.47
344.997	63.06
345.206	119.87
345.414	46.36
345.623	20.66
345.832	-6.56
346.041	355.33
346.249	88.07
346.458	59.65
346.667	52.35
346.875	36.7
347.084	4.83
347.293	17.28
347.501	15.17
347.71	22.84
347.918	-165.31
348.127	-597.8
348.336	-415.89
348.544	82.96
348.753	-95.52
348.961	-86.58
349.17	100.39
349.378	149.1
349.587	-99.26
349.795	182.52
350.004	172.31
350.212	5.05
350.421	24.78
350.629	71.3
350.838	15.2
351.046	96.76
351.254	-0.76
351.463	8.55
351.671	-1473.68
351.879	25.06
352.088	25.04
352.296	279.65
352.504	-7.83
352.713	158.7
352.921	-314.96
353.129	-69.82
353.338	-123.62
353.546	18.22
353.754	-68.71
353.962	-116.61
354.171	51.92
354.379	-2736.84
354.587	35.86
354.795	-32.57
355.003	-32.96
355.212	122.05
355.42	573.58
355.628	111.81
355.836	206.1
356.044	-87.95
356.252	44.24
356.46	25.51
356.668	1372.31
356.876	34.08
357.084	-13.44
357.292	48.81
357.5	-22.18
357.708	11.66
357.916	-50.14
358.124	-81.63
358.332	-507.46
358.54	36.36
358.748	-368.83
358.956	48.38
359.164	0.91
359.372	69.8
359.58	-356.83
359.788	47.76
359.996	54.22
360.203	-5.5
360.411	54.74
360.619	-387.94
360.827	17.39
361.035	-223.31
361.242	159.53
361.45	-324.05
361.658	191.47
361.866	10.47
362.073	130.04
362.281	117.27
362.489	-46.97
362.697	-71.98
362.904	-4.83
363.112	238.36
363.32	49.78
363.527	-566.96
363.735	7.72
363.943	-49.3
364.15	19.79
364.358	-3.21
364.565	4.32
364.773	112.22
364.98	-43.82
365.188	-19.01
365.395	52.61
365.603	-78.64
365.81	10.14
366.018	-70.44
366.225	90.41
366.433	-123.08
366.64	48.11
366.848	64.39
367.055	-99.06
367.263	-12.77
367.47	70.22
367.677	-81.01
367.885	-120.62
368.092	-0.63
368.299	-92.39
368.507	42.61
368.714	853.1
368.921	-211.02
369.129	38.04
369.336	20.29
369.543	-16.41
369.751	-19.71
369.958	-163.23
370.165	42.63
370.372	-38.14
370.579	-53.2
370.787	58.07
370.994	142.95
371.201	-46.87
371.408	-8.95
371.615	10.58
371.822	75.63
372.029	-98.98
372.237	-317.71
372.444	157.84
372.651	-21.97
372.858	61
373.065	19.94
373.272	-77.75
373.479	-565.52
373.686	185.78
373.893	-586.41
374.1	145.45
374.307	-469.06
374.514	-137.65
374.721	-31.57
374.928	737.66
375.135	48.71
375.341	-7120
375.548	-33.55
375.755	-211.08
375.962	46.95
376.169	-37.47
376.376	-103.64
376.583	20.4
376.789	65.12
376.996	81.41
377.203	-58.52
377.41	-77.31
377.617	16.22
377.823	68.45
378.03	838.71
378.237	41.07
378.443	-70.86
378.65	-218.87
378.857	-36.9
379.063	-536.71
379.27	-243.48
379.477	-14.17
379.683	-89.37
379.89	-2.97
380.097	-87.67
380.303	3.94
380.51	10.38
380.716	-18.85
380.923	-400
381.129	55.96
381.336	-201.57
381.542	-21.83
381.749	14.95
381.955	52.43
382.162	61.72
382.368	-114.9
382.575	-19.61
382.781	96.55
382.988	-14.53
383.194	-15.4
383.4	-0.55
383.607	52.88
383.813	95.94
384.02	-28.25
384.226	17.55
384.432	-48.99
384.639	64.81
384.845	131.65
385.051	-34.56
385.257	40.05
385.464	74.46
385.67	-20.65
385.876	-3.46
386.082	-131.53
386.289	50.53
386.495	-52.98
386.701	-110.75
386.907	-172.89
387.113	1.78
387.319	44.02
387.526	-161.56
387.732	-314.96
387.938	300.8
388.144	-13.91
388.35	40.23
388.556	13.55
388.762	53.36
388.968	297.67
389.174	-0.5
389.38	53.56
389.586	-66.58
389.792	-0.61
389.998	-130.45
390.204	-165.6
390.41	14.63
390.616	-70.28
390.822	-32.15
391.028	-32.68
391.234	2.98
391.439	-598.06
391.645	16.74
391.851	35.35
392.057	-51.24
392.263	16.35
392.469	-38.03
392.674	-43.42
392.88	12.47
393.086	36.89
393.292	-70.93
393.498	-112.26
393.703	14.58
393.909	21.71
394.115	23.33
394.32	4.01
394.526	-66.61
394.732	59.92
394.937	98.94
395.143	-40.49
395.349	19.87
395.554	-315.58
395.76	55.9
395.965	-21.53
396.171	-12.71
396.377	-122.9
396.582	70.68
396.788	3.38
396.993	31.59
397.199	-6.92
397.404	40.96
397.61	11.51
397.815	-55.4
398.021	-89.85
398.226	-10.28
398.431	-1.6
398.637	-9.33
398.842	13.82
399.048	0.53
399.253	20.27
399.458	16.59
399.664	0.59
399.869	12.47
400.074	17
400.28	-19.25
400.485	-41.31
400.69	11.77
400.896	4.51
401.101	-19.19
401.306	12.48
401.511	33.66
401.716	5.68
401.922	13.79
402.127	0.39
402.332	-23.71
402.537	22.13
402.742	3.98
402.947	40.15
403.153	-11.96
403.358	-3.31
403.563	5.34
403.768	8.06
403.973	13.33
404.178	-10.98
404.383	0.29
404.588	12.36
404.793	5.8
404.998	6.56
405.203	-15.51
405.408	17.73
405.613	8.23
405.818	-7.51
406.023	-1.36
406.228	-14.81
406.433	5.03
406.638	-8.84
406.842	10.84
407.047	-0.08
407.252	12.89
407.457	4.41
407.662	6.22
407.867	3.66
408.071	9.3
408.276	-2.04
408.481	8.21
408.686	3.81
408.891	2.88
409.095	8.61
409.3	-1.81
409.505	7.1
409.709	3.64
409.914	12.45
410.119	5.62
410.323	-2.92
410.528	-0.05
410.733	9.45
410.937	0.52
411.142	3.77
411.346	5.42
411.551	7.5
411.756	0.08
411.96	2.65
412.165	-1
412.369	3.96
412.574	4.11
412.778	3.34
412.983	7.13
413.187	9.49
413.392	1.87
413.596	4.64
413.8	5.42
414.005	4.32
414.209	5.76
414.414	2.33
414.618	1.21
414.822	5.64
415.027	9
415.231	4.44
415.435	5.75
415.64	3.25
415.844	4.05
416.048	3.85
416.252	6.26
416.457	4.26
416.661	2.99
416.865	3.24
417.069	2.15
417.274	4.65
417.478	3.2
417.682	2.79
417.886	3.77
418.09	4.21
418.294	3.87
418.498	5.05
418.702	5.73
418.907	4.64
419.111	2.85
419.315	2.14
419.519	4.17
419.723	-0.64
419.927	3.79
420.131	5.01
420.335	3.01
420.539	0.69
420.743	5.22
420.947	0.55
421.151	3.64
421.355	2.65
421.558	4.79
421.762	3.01
421.966	3.03
422.17	2.52
422.374	4.47
422.578	2.32
422.782	3.08
422.985	2.96
423.189	2.92
423.393	2.91
423.597	2.66
423.801	3.27
424.004	2.01
424.208	3.09
424.412	3.76
424.615	2.7
424.819	3.84
425.023	3.51
425.226	3.65
425.43	3.96
425.634	2.99
425.837	2.7
426.041	4.06
426.245	3.37
426.448	2.92
426.652	2.61
426.855	2.49
427.059	2.52
427.262	2.91
427.466	2.76
427.669	2.24
427.873	2.66
428.076	2.31
428.28	2.7
428.483	2.73
428.687	2.36
428.89	2.91
429.094	2.19
429.297	2.8
429.5	3.66
429.704	3.12
429.907	2.79
430.11	2.53
430.314	3.19
430.517	2.52
430.72	3.17
430.924	2.73
431.127	2.01
431.33	2.92
431.533	2.98
431.737	2.69
431.94	2.59
432.143	2.63
432.346	2.57
432.549	2.91
432.752	2.24
432.956	3.19
433.159	2.69
433.362	2.31
433.565	2.18
433.768	2.74
433.971	1.98
434.174	3
434.377	2.91
434.58	2.63
434.783	1.95
434.986	2.55
435.189	3.48
435.392	2.71
435.595	2.91
435.798	2.94
436.001	3.07
436.204	2.34
436.407	2.49
436.61	2.29
436.813	2.83
437.016	2.59
437.219	2.48
437.421	2.68
437.624	3.01
437.827	2.6
438.03	2.35
438.233	2.47
438.435	2.83
438.638	2.61
438.841	2.42
439.044	1.94
439.246	2.51
439.449	2.28
439.652	2.68
439.854	2.74
440.057	2.66
440.26	2.41
440.462	2.95
440.665	2.21
440.868	3.05
441.07	2.64
441.273	2.45
441.475	2.11
441.678	2.53
441.88	2.86
442.083	1.83
442.286	2.52
442.488	2.11
442.69	2.49
442.893	2.35
443.095	2.29
443.298	2.56
443.5	2.57
443.703	2.45
443.905	2.52
444.108	2.53
444.31	2.6
444.512	2.45
444.715	2.25
444.917	2.37
445.119	2.63
445.322	2.45
445.524	2.83
445.726	2.29
445.928	2.21
446.131	2.75
446.333	2.56
446.535	2.58
446.737	2.69
446.94	2.8
447.142	2.5
447.344	2.7
447.546	2.59
447.748	2.42
447.95	2.18
448.152	2.62
448.354	2.71
448.557	2.84
448.759	2.68
448.961	2.26
449.163	2.44
449.365	2.6
449.567	2.54
449.769	2.15
449.971	2.4
450.173	2.89
450.375	2.56
450.577	2.68
450.779	2.47
450.981	2.48
451.182	2.28
451.384	2.27
451.586	2.72
451.788	2.6
451.99	2.76
452.192	2.35
452.394	3.08
452.595	3.17
452.797	2.31
452.999	2.87
453.201	2.73
453.402	2.77
453.604	3.11
453.806	2.96
454.008	2.24
454.209	2.67
454.411	2.79
454.613	2.69
454.814	2.61
455.016	2.92
455.218	2.73
455.419	3.49
455.621	2.66
455.822	2.44
456.024	2.63
456.225	3.15
456.427	2.86
456.629	2.38
456.83	3.01
457.032	2.71
457.233	2.29
457.435	2.86
457.636	3.06
457.837	3.05
458.039	1.98
458.24	3.48
458.442	3.02
458.643	2.26
458.844	3.13
459.046	2.71
459.247	3.73
459.448	3.07
459.65	2.83
459.851	3.63
460.052	3.03
460.254	3.18
460.455	3.13
460.656	3.4
460.857	2.26
461.059	2.63
461.26	2.7
461.461	2.5
461.662	3.42
461.863	3.26
462.065	3.44
462.266	2.69
462.467	2.65
462.668	3.06
462.869	4.05
463.07	3.35
463.271	2.71
463.472	2.61
463.673	2.88
463.874	2.5
464.075	3.22
464.276	2.96
464.477	3.33
464.678	4.16
464.879	2.92
465.08	3.77
465.281	4.37
465.482	3.34
465.683	1.74
465.884	3.5
466.085	4.23
466.285	2.89
466.486	3.58
466.687	3.19
466.888	3.12
467.089	3.09
467.29	2.21
467.49	4.03
467.691	2.93
467.892	3.14
468.093	2.93
468.293	3.08
468.494	3.32
468.695	2.84
468.895	2.59
469.096	2.87
469.297	3.16
469.497	3.32
469.698	3.89
469.898	2.06
470.099	4.37
470.3	5.21
470.5	2.71
470.701	4.86
470.901	4.11
471.102	2.94
471.302	2.64
471.503	3.74
471.703	4.59
471.904	3.76
472.104	2.39
472.305	3.09
472.505	4.29
472.705	3.28
472.906	3.14
473.106	4.38
473.306	2.89
473.507	3.41
473.707	3.54
473.907	3.22
474.108	3.1
474.308	3.63
474.508	3.99
474.709	4.04
474.909	4.96
475.109	1.34
475.309	3.98
475.51	1.8
475.71	2.27
475.91	4.12
476.11	0.78
476.31	3.64
476.51	5.11
476.71	2.77
476.911	4.4
477.111	3.03
477.311	2.59
477.511	3.02
477.711	1.69
477.911	3.34
478.111	3.63
478.311	3.29
478.511	2.4
478.711	3.99
478.911	2.1
479.111	2.91
479.311	2.78
479.511	5.13
479.711	1.47
479.91	1.34
480.11	4.17
480.31	4.48
480.51	3.79
480.71	1.06
480.91	4.56
481.109	4.06
481.309	3.71
481.509	1.52
481.709	3
481.909	5.75
482.108	2.43
482.308	1.27
482.508	5.67
482.707	4.94
482.907	2.52
483.107	2.76
483.306	4.13
483.506	3.37
483.706	2.64
483.905	3.7
484.105	3.9
484.304	2.31
484.504	2.61
484.704	4.3
484.903	3.29
485.103	3.41
485.302	2.73
485.502	3.86
485.701	4.31
485.901	2.22
486.1	3.63
486.299	3.24
486.499	1.85
486.698	4.54
486.898	3.54
487.097	2.89
487.296	2.07
487.496	3.1
487.695	2.68
487.894	2.83
488.094	2.47
488.293	4.11
488.492	3.51
488.692	2.25
488.891	2.69
489.09	1.41
489.289	0.7
489.489	2.31
489.688	3.01
489.887	2.38
490.086	3.9
490.285	3.43
490.484	4.29
490.683	3.91
490.883	4.61
491.082	3.44
491.281	2.19
491.48	2.06
491.679	3.91
491.878	3.91
492.077	3.71
492.276	2.88
492.475	3.11
492.674	2.34
492.873	2.89
493.072	2.69
493.271	3.24
493.47	2.28
493.669	2.48
493.867	3.17
494.066	3.54
494.265	3.1
494.464	3.99
494.663	2.6
494.862	2.2
495.06	3.81
495.259	1.93
495.458	2.9
495.657	2.85
495.856	2.81
496.054	3.94
496.253	2.92
496.452	2.59
496.65	2.43
496.849	2.52
497.048	3.06
497.246	2.48
497.445	2.55
497.644	3.27
497.842	3.87
498.041	3.24
498.239	2.39
498.438	3.04
498.636	2.42
498.835	3.56
499.034	3.14
499.232	2.49
499.431	2.24
499.629	2.05
499.827	2.63
500.026	2.84
500.224	3.28
500.423	2.25
500.621	2.08
500.82	3.76
501.018	3.94
501.216	2.97
501.415	3.64
501.613	2.92
501.811	2.99
502.01	3.7
502.208	2.66
502.406	3.86
502.604	4.12
502.803	2.87
503.001	3.68
503.199	3.09
503.397	2.96
503.595	2.63
503.794	2.09
503.992	3
504.19	3.24
504.388	2.98
504.586	3.48
504.784	2.62
504.982	3.13
505.18	2.35
505.378	2.7
505.576	3.73
505.774	3.32
505.972	2.6
506.17	3.71
506.368	2.89
506.566	2.83
506.764	2.98
506.962	3.38
507.16	3.82
507.358	2.48
507.556	3.3
507.754	3.53
507.952	3.18
508.15	3.01
508.347	3.05
508.545	3.35
508.743	3.28
508.941	3.01
509.139	4.28
509.336	3.31
509.534	3.25
509.732	3.28
509.93	3.85
510.127	3.32
510.325	2.56
510.523	3.14
510.72	3.78
510.918	3.78
511.116	2.95
511.313	3.11
511.511	3.09
511.708	2.97
511.906	3.99
512.104	3.27
512.301	3.64
512.499	3.26
512.696	3.19
512.894	2.47
513.091	3.1
513.289	3.13
513.486	3.18
513.683	2.83
513.881	3.73
514.078	3.14
514.276	3.47
514.473	3.01
514.67	3.69
514.868	3.6
515.065	3.42
515.262	3.77
515.46	3.31
515.657	3.32
515.854	3.22
516.052	3.27
516.249	3.6
516.446	3.63
516.643	3.53
516.84	3.95
517.038	3.28
517.235	2.84
517.432	3.94
517.629	3.8
517.826	3.6
518.023	3.57
518.221	3.54
518.418	3.63
518.615	3.6
518.812	3.22
519.009	3.8
519.206	3.33
519.403	3.33
519.6	3.5
519.797	3.34
519.994	3.49
520.191	3.85
520.388	3.72
520.585	3.79
520.782	3.82
520.978	3.13
521.175	3.78
521.372	3.85
521.569	3.61
521.766	3.54
521.963	3.36
522.159	3.8
522.356	3.6
522.553	4.11
522.75	4.32
522.947	3.79
523.143	3.55
523.34	3.76
523.537	3.97
523.733	4.01
523.93	3.64
524.127	3.87
524.323	3.87
524.52	3.77
524.717	3.92
524.913	3.89
525.11	3.52
525.306	4.13
525.503	4.1
525.7	4.1
525.896	3.82
526.093	4.09
526.289	4.13
526.486	4.07
526.682	3.99
526.878	3.95
527.075	4.26
527.271	3.97
527.468	4.21
527.664	4.1
527.861	4.08
528.057	3.78
528.253	4.26
528.45	3.73
528.646	4.04
528.842	4.59
529.039	3.46
529.235	4.25
529.431	4.36
529.627	4.35
529.824	4.14
530.02	4.34
530.216	4.31
530.412	4.46
530.608	4.33
530.804	4.31
531.001	4.72
531.197	4.44
531.393	4.28
531.589	4.45
531.785	4.37
531.981	4.19
532.177	4.71
532.373	4.57
532.569	4.15
532.765	4.34
532.961	3.98
533.157	4.26
533.353	4.3
533.549	4.03
533.745	4.68
533.941	4.53
534.137	4.24
534.333	4.26
534.529	4.5
534.725	4.32
534.92	4.64
535.116	4.45
535.312	4.48
535.508	4.63
535.704	4.26
535.899	4.18
536.095	4.53
536.291	4.44
536.487	3.79
536.682	4.58
536.878	4.56
537.074	4.27
537.269	4.49
537.465	4.77
537.661	4.66
537.856	4.76
538.052	4.94
538.248	4.64
538.443	4.59
538.639	4.87
538.834	4.34
539.03	4.73
539.225	4.69
539.421	4.59
539.616	4.59
539.812	4.44
540.007	4.73
540.203	4.37
540.398	4.89
540.593	4.67
540.789	4.99
540.984	5.09
541.18	4.91
541.375	4.44
541.57	5.34
541.766	5.12
541.961	4.83
542.156	5.05
542.352	5.14
542.547	4.72
542.742	5.14
542.937	5.16
543.133	5.62
543.328	4.84
543.523	5.3
543.718	4.94
543.913	5.1
544.108	4.77
544.304	5.35
544.499	5.2
544.694	4.98
544.889	5.05
545.084	5.41
545.279	5.18
545.474	5.33
545.669	5.08
545.864	4.79
546.059	5.65
546.254	4.94
546.449	5.47
546.644	5.11
546.839	4.89
547.034	5.07
547.229	5.21
547.424	5.57
547.618	5.94
547.813	5.5
548.008	5.29
548.203	5.4
548.398	5.39
548.593	5.46
548.787	5.53
548.982	5.6
549.177	5.21
549.372	5.3
549.566	5.54
549.761	5.3
549.956	5.35
550.15	5.45
550.345	5.72
550.54	5.57
550.734	5.56
550.929	5.63
551.124	5.35
551.318	5.8
551.513	5.12
551.707	5.77
551.902	5.79
552.096	5.77
552.291	6
552.485	5.54
552.68	5.72
552.874	5.7
553.069	6.03
553.263	6.04
553.458	6.32
553.652	6.15
553.847	5.68
554.041	5.83
554.235	5.89
554.43	6.25
554.624	6.16
554.818	5.88
555.013	5.87
555.207	6.17
555.401	6.5
555.595	6.06
555.79	6.08
555.984	6.51
556.178	6.23
556.372	6.11
556.566	6.43
556.761	5.93
556.955	5.95
557.149	6.13
557.343	5.92
557.537	5.82
557.731	6.18
557.925	6.03
558.119	6.24
558.313	6.2
558.507	6.08
558.701	6.16
558.895	6.65
559.089	6.28
559.283	6.58
559.477	6.29
559.671	6.31
559.865	6.53
560.059	6.43
560.253	6.26
560.447	6.33
560.641	6.57
560.835	6.46
561.028	6.59
561.222	6.64
561.416	6.31
561.61	6.18
561.804	6.65
561.997	6.4
562.191	6.64
562.385	6.47
562.579	6.66
562.772	7.11
562.966	6.64
563.16	6.58
563.353	6.64
563.547	6.49
563.741	6.62
563.934	6.95
564.128	6.79
564.321	6.35
564.515	6.77
564.708	7.04
564.902	6.76
565.095	6.82
565.289	6.93
565.482	7.01
565.676	6.82
565.869	6.93
566.063	6.88
566.256	6.99
566.45	6.75
566.643	6.77
566.836	7.03
567.03	7.15
567.223	7.09
567.416	7.24
567.61	7.13
567.803	7.12
567.996	7.42
568.19	7.25
568.383	7.09
568.576	7.18
568.769	6.95
568.963	7.31
569.156	7.39
569.349	7.3
569.542	7.27
569.735	7.02
569.928	7.33
570.121	7.25
570.315	7.38
570.508	7.38
570.701	7.02
570.894	7.47
571.087	7.35
571.28	7.58
571.473	7.87
571.666	7.46
571.859	7.45
572.052	7.34
572.245	7.61
572.438	7.51
572.631	7.4
572.824	7.47
573.016	7.78
573.209	7.4
573.402	7.5
573.595	7.83
573.788	7.63
573.981	7.56
574.173	7.9
574.366	7.77
574.559	7.72
574.752	7.55
574.944	7.59
575.137	7.79
575.33	7.78
575.523	7.81
575.715	8.02
575.908	7.55
576.101	7.55
576.293	7.76
576.486	7.81
576.678	7.56
576.871	7.84
577.063	7.96
577.256	7.81
577.449	7.93
577.641	7.6
577.834	7.62
578.026	7.77
578.219	7.64
578.411	7.93
578.603	8.4
578.796	8.03
578.988	7.73
579.181	7.68
579.373	8.15
579.565	8.21
579.758	8.26
579.95	7.98
580.142	8.01
580.335	7.78
580.527	8.13
580.719	8.52
580.912	8.1
581.104	8.1
581.296	8.23
581.488	8.43
581.68	8.6
581.873	8.11
582.065	8.1
582.257	8.11
582.449	8.04
582.641	8.37
582.833	8.1
583.025	8.2
583.217	8.92
583.41	8.32
583.602	8.58
583.794	8.29
583.986	8.6
584.178	8.16
584.37	8.57
584.562	8.26
584.753	8.5
584.945	8.29
585.137	8.38
585.329	8.12
585.521	9.15
585.713	8.49
585.905	8.65
586.097	8.7
586.289	8.39
586.48	8.67
586.672	8.66
586.864	8.51
587.056	9.24
587.247	8.5
587.439	8.65
587.631	8.78
587.823	8.89
588.014	8.81
588.206	9.16
588.398	8.44
588.589	9.14
588.781	8.97
588.972	9.14
589.164	8.58
589.356	8.79
589.547	9.26
589.739	8.99
589.93	9.12
590.122	8.9
590.313	9.47
590.505	8.93
590.696	8.82
590.888	9.1
591.079	8.98
591.271	8.93
591.462	9.17
591.653	9.32
591.845	9.44
592.036	9.27
592.227	8.96
592.419	9.08
592.61	8.96
592.801	9.26
592.993	9.37
593.184	9.69
593.375	8.87
593.566	9.61
593.758	9.16
593.949	9.45
594.14	8.93
594.331	9.18
594.522	9.72
594.713	9.65
594.905	9.11
595.096	10.17
595.287	9.34
595.478	9.97
595.669	9.85
595.86	9.14
596.051	9.78
596.242	9.38
596.433	9.73
596.624	10.08
596.815	9.92
597.006	9.86
597.197	9.49
597.388	9.66
597.579	9.84
597.77	9.92
597.96	9.5
598.151	10.1
598.342	9.9
598.533	9.96
598.724	10.31
598.915	9.57
599.105	10.13
599.296	9.82
599.487	9.7
599.678	10.3
599.868	10.45
600.059	9.74
600.25	10.53
600.44	10.21
600.631	9.9
600.822	10.32
601.012	10.17
601.203	10.69
601.394	10.47
601.584	10.2
601.775	10.65
601.965	10.5
602.156	9.53
602.346	10.47
602.537	10.14
602.727	10.35
602.918	10.34
603.108	10.74
603.299	10.28
603.489	10.54
603.679	10.3
603.87	10.48
604.06	10.57
604.251	10.26
604.441	10.57
604.631	10.87
604.822	10.5
605.012	10.94
605.202	10.82
605.392	10.31
605.583	10.73
605.773	10.97
605.963	11.01
606.153	10.3
606.344	11.22
606.534	11.26
606.724	11.16
606.914	10.91
607.104	10.61
607.294	11.24
607.484	11.04
607.674	11.25
607.864	10.42
608.054	11.15
608.245	10.92
608.435	11.23
608.625	11.49
608.814	10.89
609.004	11.19
609.194	10.95
609.384	10.85
609.574	11.22
609.764	11.44
609.954	10.61
610.144	11.23
610.334	11.28
610.524	11.67
610.713	11.45
610.903	11.62
611.093	10.76
611.283	11.34
611.473	11.58
611.662	11.17
611.852	11.59
612.042	10.93
612.231	11.18
612.421	11.66
612.611	11.2
612.8	11.62
612.99	11.71
613.18	11.23
613.369	11.14
613.559	11.34
613.748	11.31
613.938	11.26
614.128	11.35
614.317	11.39
614.507	11.76
614.696	11.34
614.886	11.64
615.075	11.42
615.264	11.62
615.454	12.21
615.643	11.35
615.833	11.29
616.022	12.05
616.211	12.12
616.401	11.84
616.59	12.54
616.779	11.75
616.969	11.49
617.158	11.46
617.347	11.71
617.537	12.53
617.726	11.93
617.915	11.72
618.104	11.6
618.293	11.96
618.483	11.83
618.672	11.92
618.861	12.26
619.05	12.41
619.239	11.84
619.428	11.55
619.617	12.78
619.806	12.48
619.995	11.58
620.184	12.01
620.373	12.17
620.562	11.47
620.751	12.4
620.94	11.53
621.129	12.02
621.318	12.28
621.507	12.2
621.696	12.6
621.885	11.99
622.074	12.32
622.263	11.75
622.452	12.2
622.64	12.12
622.829	12.27
623.018	13.11
623.207	11.89
623.396	12.02
623.584	12.34
623.773	12.6
623.962	11.64
624.15	12.98
624.339	12.16
624.528	11.94
624.716	12.4
624.905	12.74
625.094	12.46
625.282	12.75
625.471	12.37
625.659	12.43
625.848	11.9
626.037	12.94
626.225	12.93
626.414	13.01
626.602	12.92
626.791	13.08
626.979	12.81
627.167	12.65
627.356	12.51
627.544	12.84
627.733	13.25
627.921	12.84
628.109	12.91
628.298	12.19
628.486	12.88
628.674	12.88
628.863	12.82
629.051	12.98
629.239	12.85
629.428	12.76
629.616	12.75
629.804	12.52
629.992	13.2
630.18	12.75
630.369	13.72
630.557	13.05
630.745	12.56
630.933	13.03
631.121	13.9
631.309	13.16
631.497	13.77
631.685	13.03
631.873	12.38
632.061	12.81
632.249	13.34
632.437	13.89
632.625	13.1
632.813	13.81
633.001	12.6
633.189	12.77
633.377	13.37
633.565	12.48
633.753	13.03
633.941	12.46
634.129	13.39
634.316	12.69
634.504	13.56
634.692	13.98
634.88	13.74
635.068	13.01
635.255	13.22
635.443	13.05
635.631	12.63
635.818	13.44
636.006	13.57
636.194	13.31
636.382	12.87
636.569	12.85
636.757	13.24
636.944	13.79
637.132	12.75
637.32	14.25
637.507	12.62
637.695	13.05
637.882	13.96
638.07	13.95
638.257	14.14
638.445	14.01
638.632	13.07
638.82	12.95
639.007	13.03
639.194	13.99
639.382	13.05
639.569	13.29
639.757	13.55
639.944	13.02
640.131	13.54
640.319	12.74
640.506	13.47
640.693	13.86
640.88	12.7
641.068	14.54
641.255	13.36
641.442	12.94
641.629	12.32
641.817	13.53
642.004	13.57
642.191	13.46
642.378	14.37
642.565	11.76
642.752	14.19
642.939	11.79
643.126	12.65
643.313	13.32
643.501	14.11
643.688	12.88
643.875	12.86
644.062	13.34
644.249	13.67
644.435	12.9
644.622	12.89
644.809	13.11
644.996	13.05
645.183	12.52
645.37	14.89
645.557	13.09
645.744	12.42
645.931	13.12
646.117	12.16
646.304	13.57
646.491	13.01
646.678	13.49
646.865	12.55
647.051	12.07
647.238	12.12
647.425	12.88
647.611	13.05
647.798	12.07
647.985	12.67
648.171	13.2
648.358	12.16
648.545	13.6
648.731	11.44
648.918	12.56
649.104	13.14
649.291	12.24
649.477	12.53
649.664	12.52
649.85	13.57
650.037	12.18
650.223	11.81
650.41	11.69
650.596	11.54
650.783	12.18
650.969	13.05
651.155	11.98
651.342	12.62
651.528	11.64
651.714	12.27
651.901	12.9
652.087	12.93
652.273	11.43
652.46	14.07
652.646	13.79
652.832	12.26
653.018	12.98
653.204	12.91
653.391	12.98
653.577	12.47
653.763	13
653.949	12.4
654.135	11.94
654.321	12.98
654.507	13.15
654.693	12.66
654.879	13.39
655.065	10.22
655.252	12.05
655.438	12.93
655.624	12.47
655.809	13.23
655.995	11.7
656.181	13.53
656.367	13.35
656.553	12.24
656.739	12.5
656.925	13.53
657.111	13.84
657.297	12.88
657.482	12.4
657.668	13.66
657.854	13.03
658.04	11.65
658.226	11.68
658.411	12.82
658.597	13.19
658.783	12.74
658.968	12
659.154	11.79
659.34	11.97
659.525	12.08
659.711	12.03
659.897	12.28
660.082	11.97
660.268	12.31
660.453	11.43
660.639	12.15
660.824	13.26
661.01	14.03
661.195	13.93
661.381	11.32
661.566	13.31
661.752	12.12
661.937	11.89
662.123	11.37
662.308	11.5
662.494	11.88
662.679	13.31
662.864	12.84
663.05	13.01
663.235	13.46
663.42	11.22
663.605	11.57
663.791	10.97
663.976	11.79
664.161	12.61
664.346	11.54
664.532	11.8
664.717	10.68
664.902	12.41
665.087	13.26
665.272	13.51
665.457	12.82
665.642	11.23
665.828	11.35
666.013	10.95
666.198	9.62
666.383	13.83
666.568	11.51
666.753	14.06
666.938	11.62
667.123	14.69
667.308	12.96
667.493	11.59
667.677	11.74
667.862	10.72
668.047	11.97
668.232	11.85
668.417	12.46
668.602	11.79
668.787	14.35
668.971	12.08
669.156	12.87
669.341	12.41
669.526	12.5
669.711	12.68
669.895	11.84
670.08	11.05
670.265	14.27
670.449	12.29
670.634	11.94
670.819	11.09
671.003	10.78
671.188	13.88
671.372	9.13
671.557	13.71
671.742	12.88
671.926	12.38
672.111	10
672.295	10.53
672.48	12.39
672.664	11.43
672.849	9.77
673.033	11.79
673.217	10.26
673.402	11.82
673.586	10.59
673.771	10.07
673.955	12.68
674.139	11.02
674.324	11.74
674.508	9.64
674.692	10.88
674.876	11.83
675.061	13.11
675.245	13.99
675.429	11.96
675.613	11.77
675.798	10.64
675.982	13.08
676.166	12.09
676.35	10.23
676.534	13.72
676.718	11.39
676.902	15.2
677.087	10.82
677.271	12.55
677.455	12.85
677.639	10.4
677.823	11.41
678.007	14.82
678.191	12.48
678.375	13
678.559	12.28
678.742	12.12
678.926	13.34
679.11	16.53
679.294	13.25
679.478	10.44
679.662	12.4
679.846	15.77
680.029	17.01
680.213	13.84
680.397	10.59
680.581	13.02
680.765	14.02
680.948	13.73
681.132	14
681.316	9.75
681.499	16.86
681.683	16.51
681.867	13.66
682.05	14.7
682.234	12.29
682.417	13.32
682.601	17.42
682.785	13.33
682.968	14.46
683.152	15.32
683.335	14.69
683.519	14.01
683.702	14.86
683.886	16.92
684.069	16.39
684.253	16.2
684.436	12.92
684.619	15.5
684.803	15.33
684.986	16.98
685.169	19.33
685.353	17.91
685.536	18.39
685.719	19.53
685.903	17.21
686.086	13.46
686.269	19.08
686.452	17.11
686.636	18.59
686.819	18.06
687.002	17.8
687.185	16.48
687.368	17.78
687.551	17.61
687.734	21.76
687.918	19.09
688.101	15.35
688.284	18.76
688.467	21.75
688.65	20.31
688.833	18.37
689.016	18.3
689.199	18.63
689.382	23.93
689.565	21.57
689.748	18.18
689.93	18.38
690.113	25.27
690.296	20.28
690.479	19.46
690.662	21.98
690.845	18.99
691.028	16.46
691.21	18.96
691.393	20.16
691.576	20.65
691.759	24.75
691.941	23.48
692.124	23.23
692.307	27.12
692.489	19.86
692.672	22.34
692.855	23.91
693.037	23.03
693.22	26.51
693.403	20.23
693.585	26.26
693.768	27.3
693.95	26.19
694.133	26.11
694.315	22.48
694.498	25.16
694.68	21.34
694.863	30.07
695.045	24.89
695.228	25.4
695.41	23.01
695.592	26.68
695.775	20.65
695.957	30.7
696.139	23.88
696.322	27.59
696.504	32.73
696.686	22.3
696.869	21.99
697.051	24.9
697.233	28.65
697.415	30.75
697.597	26.47
697.78	27.94
697.962	23.55
698.144	28.54
698.326	27.86
698.508	30.37
698.69	28.73
698.872	26.35
699.055	26.48
699.237	31.23
699.419	25.03
699.601	23.66
699.783	29.36
699.965	28.74
700.147	27.3
700.329	28.83
700.51	26
700.692	26.41
700.874	25.93
701.056	30.82
701.238	28.16
701.42	35.34
701.602	25.76
701.783	28.95
701.965	24.82
702.147	25.54
702.329	24.38
702.511	30.23
702.692	29.86
702.874	25.61
703.056	25.47
703.237	27.41
703.419	27.2
703.601	32.29
703.782	31.85
703.964	26.74
704.146	31.92
704.327	37.05
704.509	34.19
704.69	24.7
704.872	25.13
705.053	24.73
705.235	30.05
705.416	24.79
705.598	26.6
705.779	30.41
705.961	25.86
706.142	28.84
706.323	30.11
706.505	26.02
706.686	23.26
706.867	24.64
707.049	27.3
707.23	25.94
707.411	27.93
707.593	28.75
707.774	23.7
707.955	31.03
708.136	26.95
708.318	28.08
708.499	36.33
708.68	27.61
708.861	33.98
709.042	27.29
709.223	27.82
709.404	34.45
709.585	27.83
709.767	24.7
709.948	31.33
710.129	31.05
710.31	24.96
710.491	25.86
710.672	25.16
710.853	28.84
711.034	36.73
711.214	25.93
711.395	28.65
711.576	37.61
711.757	34.17
711.938	34.41
712.119	22.6
712.3	35.89
712.481	15.2
712.661	28.83
712.842	30.37
713.023	34.73
713.204	29.4
713.384	30.04
713.565	32.12
713.746	39.85
713.926	25.21
714.107	25.55
714.288	27.97
714.468	32.41
714.649	25.6
714.83	33.86
715.01	40.22
715.191	23.72
715.371	33.22
715.552	38.85
715.732	25.19
715.913	27.88
716.093	37.28
716.274	31.15
716.454	26.13
716.635	30.28
716.815	25.12
716.995	26.78
717.176	40.71
717.356	23.78
717.536	31.4
717.717	33.29
717.897	24.2
718.077	29.5
718.258	37.81
718.438	31.32
718.618	34.83
718.798	27.06
718.978	35.46
719.159	24.89
719.339	41.69
719.519	21.79
719.699	39.69
719.879	25.07
720.059	37.91
720.239	29.89
720.419	36.58
720.599	33.72
720.779	35.83
720.959	19.34
721.139	33.46
721.319	20.04
721.499	37.66
721.679	19.61
721.859	24.94
722.039	25.29
722.219	37.49
722.399	36.68
722.579	17.64
722.759	20.77
722.938	25.13
723.118	40.56
723.298	24.2
723.478	17.33
723.658	36.7
723.837	37.96
724.017	25.69
724.197	23.43
724.376	41.93
724.556	20.43
724.736	46.34
724.915	30.37
725.095	33.58
725.275	18.57
725.454	41.37
725.634	33.72
725.813	30.07
725.993	25.88
726.172	32.5
726.352	26.17
726.531	32.58
726.711	35.54
726.89	17.27
727.07	35.24
727.249	26.16
727.428	38.57
727.608	17.25
727.787	29.34
727.966	21.91
728.146	27.03
728.325	31.99
728.504	43.39
728.684	21.1
728.863	33.03
729.042	28.88
729.221	-4.32
729.4	23.01
729.58	26.78
729.759	43.34
729.938	33.38
730.117	36.68
730.296	32.94
730.475	49.38
730.654	36.12
730.833	19.71
731.013	33.57
731.192	15.57
731.371	38.84
731.55	49.94
731.729	18.82
731.907	39.13
732.086	33.39
732.265	19.31
732.444	17.96
732.623	23.75
732.802	31.62
732.981	37.26
733.16	33.54
733.339	40.78
733.517	38.98
733.696	39.1
733.875	36.95
734.054	32.06
734.232	29.96
734.411	62.96
734.59	23.16
734.768	40.59
734.947	40.63
735.126	22.62
735.304	38.45
735.483	35.97
735.662	36.33
735.84	12.96
736.019	36.06
736.197	9.81
736.376	36.53
736.554	43.14
736.733	32.89
736.911	32.15
737.09	0.32
737.268	7.2
737.447	42.39
737.625	49.51
737.803	-10.12
737.982	42.52
738.16	18.01
738.338	51.46
738.517	24.88
738.695	54.34
738.873	46.49
739.052	41.38
739.23	43.77
739.408	34.78
739.586	40.24
739.764	30.1
739.943	54.12
740.121	25.96
740.299	19.57
740.477	16.97
740.655	61.37
740.833	31.83
741.011	44.24
741.189	45.91
741.367	21.01
741.545	40.13
741.723	25.01
741.901	28.52
742.079	38.74
742.257	42.72
742.435	49.21
742.613	43.05
742.791	47.26
742.969	53.03
743.147	38.62
743.325	13.37
743.503	28.23
743.68	41.75
743.858	17.97
744.036	30.35
744.214	41.27
744.391	6.74
744.569	37.39
744.747	48.26
744.925	18.93
745.102	66.9
745.28	34.74
745.458	12.67
745.635	36.09
745.813	88.84
745.99	32.38
746.168	64.62
746.345	79.28
746.523	46.35
746.7	23.14
746.878	42.05
747.055	15.02
747.233	46.24
747.41	70.69
747.588	22.89
747.765	37.7
747.943	38.21
748.12	1.37
748.297	26.86
748.475	35.45
748.652	31.59
748.829	43.49
749.007	27.3
749.184	46.11
749.361	35.58
749.538	62.44
749.716	56.43
749.893	-10.09
750.07	27.78
750.247	55.41
750.424	60.92
750.601	73.48
750.778	32
750.956	1.11
751.133	26.85
751.31	25.29
751.487	55.98
751.664	4.55
751.841	38.75
752.018	23.81
752.195	24.79
752.372	26.44
752.549	19.7
752.726	54.95
752.902	33.44
753.079	34.25
753.256	38.15
753.433	54.04
753.61	65.86
753.787	41.39
753.964	42.73
754.14	14.29
754.317	58.69
754.494	40.03
754.671	63.98
754.847	49.65
755.024	45.26
755.201	17.14
755.377	14.3
755.554	45.5
755.73	22.11
755.907	17.92
756.084	73.22
756.26	31.65
756.437	22.47
756.613	12.8
756.79	47.32
756.966	41.02
757.143	25.65
757.319	23.33
757.496	81.61
757.672	25.69
757.849	77.65
758.025	22.31
758.201	59.86
758.378	55.9
758.554	15.61
758.73	27.78
758.907	38.16
759.083	23.4
759.259	16.92
759.435	3.38
759.612	5.33
759.788	48.53
759.964	47.99
760.14	55.98
760.316	-32.56
760.493	82.8
760.669	52.57
760.845	55.23
761.021	51.03
761.197	-25.97
761.373	19.47
761.549	40.7
761.725	-21.86
761.901	9.39
762.077	52.91
762.253	7.81
762.429	15.35
762.605	34.97
762.781	6.06
762.957	48.81
763.133	32.25
763.308	22.65
763.484	-3.38
763.66	103.44
763.836	1.95
764.012	-18.26
764.187	-7.2
764.363	45.27
764.539	23.77
764.715	43.41
764.89	-18.12
765.066	-12.15
765.242	38.65
765.417	12.92
765.593	48.62
765.769	47.7
765.944	5.08
766.12	76.4
766.295	14.3
766.471	32
766.646	85.12
766.822	91.59
766.997	3.73
767.173	33.12
767.348	3.48
767.524	-5.18
767.699	-23.14
767.875	33.46
768.05	14.46
768.225	-45.73
768.401	23.97
768.576	145.8
768.751	62.01
768.927	16.84
769.102	69.77
769.277	47.63
769.452	-14.23
769.628	44.15
769.803	117.45
769.978	102.67
770.153	-69.05
770.328	71.75
770.503	15.26
770.679	23.25
770.854	-23.15
771.029	12.46
771.204	-26.49
771.379	4.79
771.554	53.5
771.729	14.52
771.904	-60.82
772.079	74.1
772.254	30.93
772.429	35.03
772.604	31.23
772.779	-10.54
772.953	-15.07
773.128	35.67
773.303	-9.1
773.478	2.15
773.653	7.47
773.828	41.67
774.002	87.19
774.177	-23.56
774.352	236.52
774.527	-16.51
774.701	1.62
774.876	38.35
775.051	-143.32
775.225	193.05
775.4	-17.41
775.575	37.45
775.749	-110.65
775.924	46.66
776.098	15.3
776.273	37.98
776.447	44.52
776.622	2.47
776.796	-24.87
776.971	167.61
777.145	45.27
777.32	78.74
777.494	19.72
777.669	41.13
777.843	-63.84
778.017	53.63
778.192	-17.79
778.366	28.7
778.54	-59.62
778.715	69.66
778.889	37.72
779.063	19.96
779.237	4.55
779.412	22.36
779.586	-78.41
779.76	38.38
779.934	21.29
780.108	65.53
780.282	101.49
780.457	31.95
780.631	-102.62
780.805	-68.88
780.979	853.73
781.153	109.46
781.327	82.24
781.501	27.21
781.675	26.82
781.849	-13.61
782.023	70.36
782.197	22.79
782.371	-242.29
782.545	78.53
782.718	185.16
782.892	106.62
783.066	37.61
783.24	187.85
783.414	15.43
783.588	58.32
783.761	46.17
783.935	1.82
784.109	75.97
784.283	215.65
784.456	202.84
784.63	17.94
784.804	69.94
784.977	30.09
785.151	-65.79
785.324	82.89
785.498	27.19
785.672	76.44
785.845	41.55
786.019	66.35
786.192	-105.96
786.366	20.24
786.539	96.27
786.713	-1.09
786.886	35.42
787.06	27.79
787.233	-3.64
787.406	30.02
787.58	44.86
787.753	-41.45
787.926	104.09
788.1	26.99
788.273	-445.28
788.446	47.23
788.62	800
788.793	35.27
788.966	84.95
789.139	137.46
789.313	-7.63
789.486	-3314.29
789.659	-221.71
789.832	25.35
790.005	20.91
790.178	322.12
790.351	-20.48
790.524	63.73
790.697	31.86
790.87	-16.24
791.044	690.91
791.216	61.16
791.389	-201.07
791.562	110.46
791.735	-521.52
791.908	83.12
792.081	1.77
792.254	-386.81
792.427	55.02
792.6	-64.14
792.773	119.62
792.945	-417.91
793.118	34.74
793.291	259.34
793.464	18.72
793.637	19.63
793.809	-7.83
793.982	42.11
794.155	23.53
794.327	74.22
794.5	486.15
794.673	-210.53
794.845	-96.5
795.018	209.14
795.19	179.78
795.363	61.78
795.536	70.95
795.708	-516.13
795.881	-4720
796.053	80
796.226	-57.14
796.398	112.08
796.57	-0.86
796.743	82.8
796.915	-59.97
797.088	-64.78
797.26	34.65
797.432	-764.56
797.605	-258.82
797.777	36.36
797.949	-29.34
798.122	86.61
798.294	321.08
798.466	107.43
798.638	36.36
798.81	76.62
798.983	162.03
799.155	31.86
799.327	-76.14
799.499	112.52
799.671	176.68
799.843	-0.78
800.015	113.62
800.187	-54.79
800.359	-24.83
800.531	68.34
800.703	27.35
800.875	51.44
801.047	31.21
801.219	296.25
801.391	410.39
801.563	247.48
801.735	-52.12
801.907	-39.26
802.079	156.47
802.251	-175.82
802.422	459.84
802.594	5.19
802.766	-11.23
802.938	428.7
803.11	168.16
803.281	21.19
803.453	21.89
803.625	49.28
803.796	28.65
803.968	10.99
804.14	80
804.311	-13.76
804.483	104.41
804.654	25.51
804.826	55.17
804.998	29.95
805.169	-237.84
805.341	-44.8
805.512	-206.21
805.684	48.46
805.855	99.82
806.026	1095.38
806.198	19.63
806.369	-32.15
806.541	49.79
806.712	102.33
806.883	2.18
807.055	53.08
807.226	-87.86
807.397	-162.64
807.569	470.8
807.74	79.66
807.911	-47.35
808.082	-71.75
808.253	182.18
808.425	21.96
808.596	328.09
808.767	169.78
808.938	-85.25
809.109	-126.73
809.28	-172.51
809.451	104.13
809.622	-8.56
809.793	-1638.71
809.964	59.13
810.135	6.78
810.306	252.02
810.477	405.37
810.648	151.78
810.819	-7.65
810.99	12560
811.161	188.85
811.332	216.22
811.503	45.71
811.674	910.77
811.844	-141.54
812.015	46.44
812.186	321.47
812.357	-60.09
812.527	11.51
812.698	48.08
812.869	1139.62
813.04	7.29
813.21	965.52
813.381	90.27
813.551	-51.83
813.722	76.44
813.893	44.17
814.063	49.63
814.234	-247.27
814.404	79.48
814.575	23.05
814.745	-368.14
814.916	43.43
815.086	67.37
815.257	-55.61
815.427	380.37
815.598	90.08
815.768	93.54
815.938	13.45
816.109	168.42
816.279	-14.53
816.449	-99.09
816.62	547.37
816.79	79.45
816.96	-400
817.13	62.59
817.301	-186.8
817.471	26.45
817.641	321.47
817.811	-110.95
817.981	-7771.43
818.152	77.73
818.322	51.49
818.492	-46.65
818.662	45.23
818.832	38.07
819.002	67.98
819.172	180.78
819.342	182.66
819.512	33.01
819.682	69.73
819.852	-40.2
820.022	25.72
820.192	355.06
820.362	28.38
820.531	-28.66
820.701	173.76
820.871	80
821.041	88.69
821.211	-13.05
821.381	21.95
821.55	54.47
821.72	-427.91
821.89	24.62
822.059	65.15
822.229	81.83
822.399	-77.13
822.568	115.36
822.738	419.51
822.908	188.96
823.077	29.52
823.247	70.43
823.416	-1670.59
823.586	-252.41
823.756	-153.24
823.925	-308.86
824.095	-846.51
824.264	-55.61
824.433	184.07
824.603	77.25
824.772	-1.09
824.942	-567.09
825.111	-231.16
825.28	-206.21
825.45	372.17
825.619	9.94
825.788	-669.66
825.958	1.53
826.127	-61.44
826.296	37.79
826.465	164.71
826.635	-41.09
826.804	54.5
826.973	140.22
827.142	-108.94
827.311	42.95
827.48	82.53
827.649	92.79
827.818	72.44
827.988	99.2
828.157	89.03
828.326	-21.22
828.495	154.11
828.664	277.04
828.833	62.19
829.002	-198.76
829.17	99.33
829.339	58.29
829.508	51.82
829.677	678.65
829.846	25.03
830.015	-119.44
830.184	-61.47
830.352	76.87
830.521	-37.41
830.69	624.39
830.859	1223.53
831.027	-336.84
831.196	28.25
831.365	-11.21
831.533	57.77
831.702	-118.22
831.871	-0.96
832.039	40.82
832.208	-86.96
832.377	110.24
832.545	71.98
832.714	79.31
832.882	92.21
833.051	99.8
833.219	114.29
833.388	-83.27
833.556	-18.66
833.724	-22.61
833.893	73.75
834.061	926.32
834.23	-33.9
834.398	7.72
834.566	285.71
834.735	-4514.29
834.903	641.51
835.071	5600
835.239	-179.67
835.408	135.47
835.576	827.91
835.744	90.77
835.912	57.26
836.08	108.16
836.249	913.21
836.417	87.7
836.585	118.43
836.753	214.71
836.921	358.92
837.089	-3828.57
837.257	-1237.21
837.425	-170.21
837.593	57.86
837.761	46.84
837.929	-9.12
838.097	36.03
838.265	72.27
838.433	-10.49
838.601	106.1
838.769	-278.48
838.936	934.83
839.104	123.16
839.272	69.01
839.44	122.55
839.608	-1190.24
839.775	-23.71
839.943	31.89
840.111	48.6
840.279	79.55
840.446	-310.45
840.614	-150.65
840.781	226.09
840.949	44.07
841.117	72.4
841.284	-132.19
841.452	-370.19
841.619	86.74
841.787	175.65
841.954	548.84
842.122	-136.42
842.289	-70.67
842.457	18.13
842.624	154.9
842.792	-172.26
842.959	45.71
843.126	-7.89
843.294	-188.45
843.461	103.93
843.629	435.2
843.796	61.34
843.963	-26.46
844.13	46.2
844.298	234.75
844.465	19.83
844.632	263.35
844.799	-14.07
844.966	-200.85
845.134	57.01
845.301	121.6
845.468	116.56
845.635	70.67
845.802	3.4
845.969	-139.13
846.136	66.53
846.303	-1157.89
846.47	23.44
846.637	504.62
846.804	-1789.47
846.971	-73.44
847.138	-80.31
847.305	-378.76
847.472	106.99
847.639	162.06
847.805	179.31
847.972	192.21
848.139	181.97
848.306	-1915.79
848.473	173.13
848.639	-12.77
848.806	195.2
848.973	42.83
849.14	35.33
849.306	95.07
849.473	-384.11
849.64	652.31
849.806	-78.47
849.973	105.95
850.139	259.6
850.306	-6.61
850.472	206.64
850.639	233.44
850.806	-589.47
850.972	-389.57
851.139	800
851.305	51.08
851.471	22.78
851.638	26.99
851.804	-41.79
851.971	-24.83
852.137	-10.75
852.303	28.94
852.47	39.3
852.636	-55.5
852.802	-40.94
852.968	-17.02
853.135	-46.7
853.301	-18.5
853.467	170.49
853.633	-2.86
853.8	22.04
853.966	142.13
854.132	-1085.71
854.298	-40.88
854.464	-211.24
854.63	138.49
854.796	-46.1
854.962	497.84
855.128	93.88
855.294	10.72
855.46	-79.77
855.626	37.72
855.792	-288.8
855.958	54.37
856.124	-68.71
856.29	29.14
856.456	-36.43
856.622	-17.02
856.787	612.99
856.953	-7.61
857.119	182.18
857.285	293.84
857.45	-90.46
857.616	146.02
857.782	-117.65
857.948	137.93
858.113	58.7
858.279	-119.8
858.445	308.66
858.61	18.6
858.776	80.97
858.941	122.77
859.107	20.07
859.273	122.35
859.438	-174.17
859.604	421.05
859.769	-50.39
859.935	-198.02
860.1	75.96
860.265	99.89
860.431	14.39
860.596	-1428.57
860.762	44.31
860.927	75.92
861.092	87.89
861.258	24.93
861.423	234.75
861.588	-15.88
861.753	5428.57
861.919	-332.08
862.084	-144.88
862.249	324.07
862.414	42.32
862.579	-229.44
862.745	40.41
862.91	268.63
863.075	76.87
863.24	146.95
863.405	160.8
863.57	-13.03
863.735	99.7
863.9	35.4
864.065	35.96
864.23	144.59
864.395	210.68
864.56	183.69
864.725	10.13
864.89	44.94
865.055	162.08
865.22	83.28
865.384	166.29
865.549	-85.44
865.714	-3.75
865.879	-18.36
866.044	-93.11
866.208	-36.72
866.373	35.16
866.538	94.61
866.702	-49.84
866.867	36.56
867.032	139.29
867.196	67.71
867.361	118.4
867.526	-157.94
867.69	1.1
867.855	364.84
868.019	-203.64
868.184	18.35
868.348	9.56
868.513	412.9
868.677	94.94
868.842	-120.14
869.006	130.31
869.17	98.11
869.335	-751.22
869.499	-330.1
869.663	251.66
869.828	-263.97
869.992	-37.21
870.156	-2.4
870.321	-160.7
870.485	65.63
870.649	55.94
870.813	-81.18
870.978	49.36
871.142	209.23
871.306	-155.45
871.47	344.53
871.634	346.46
871.798	-19.88
871.962	-52.85
872.126	-1942.86
872.29	91.04
872.454	4914.29
872.618	82.3
872.782	549.25
872.946	236.24
873.11	-20.1
873.274	189.6
873.438	1505.88
873.602	-77.04
873.766	472.73
873.93	30.68
874.094	233.71
874.257	39.26
874.421	328.32
874.585	-7.27
874.749	34.15
874.912	83.45
875.076	16.87
875.24	60.33
875.403	234.81
875.567	251.43
875.731	422.47
875.894	143.67
876.058	65.07
876.222	-76.4
876.385	184.92
876.549	124.64
876.712	-94.55
876.876	-84.21
877.039	-15.44
877.203	49.65
877.366	66.93
877.529	-48.06
877.693	-44.09
877.856	155.62
878.02	-32.85
878.183	-68.97
878.346	-41.56
878.51	-17.7
878.673	74.82
878.836	-59.31
878.999	-864.52
879.163	66.51
879.326	26.6
879.489	172.21
879.652	83.93
879.815	188.68
879.978	173.06
880.142	300.67
880.305	114.29
880.468	82.89
880.631	42.44
880.794	60.74
880.957	419.51
881.12	1929.41
881.283	143.5
881.446	51.92
881.609	126.62
881.772	-28.66
881.935	-1882.35
882.097	91.05
882.26	-898.11
882.423	-50.25
882.586	47.23
882.749	47.81
882.912	-17.18
883.074	94.23
883.237	131.02
883.4	160.21
883.562	30.01
883.725	-140.8
883.888	53.54
884.05	-1120
884.213	109.18
884.376	65.97
884.538	36.36
884.701	36.36
884.863	36.36
