181.954	227.13
182.172	227.13
182.39	227.13
182.608	60
182.826	75.82
183.043	-108.51
183.261	169.21
183.479	32.55
183.697	2982.35
183.914	13.36
184.132	36.9
184.35	160.09
184.567	147.89
184.785	34.51
185.003	-8.48
185.22	150.64
185.438	71.98
185.656	-194.47
185.873	-253.85
186.091	22.17
186.309	506.9
186.526	207.69
186.744	0.69
186.961	-129.16
187.179	4.27
187.396	13.19
187.614	466.15
187.831	-8100
188.049	439.88
188.266	37.55
188.484	-380.6
188.701	-37.86
188.919	121.48
189.136	72.57
189.354	31.27
189.571	163.51
189.789	60.53
190.006	168.17
190.223	-128.11
190.441	89.58
190.658	5271.43
190.876	42.74
191.093	-161.54
191.31	-0.42
191.528	7.73
191.745	35.47
191.962	11.56
192.179	8.85
192.397	-69.23
192.614	-40.86
192.831	-28.02
193.049	52.77
193.266	498.06
193.483	76.66
193.7	78.46
193.917	85.01
194.135	101.44
194.352	-112.36
194.569	92.02
194.786	118.57
195.003	92.04
195.221	46.06
195.438	92.23
195.655	58.79
195.872	263.39
196.089	136.08
196.306	113.05
196.523	63.01
196.74	348.98
196.957	15.54
197.174	-175.13
197.391	159.1
197.608	47.47
197.825	-87.1
198.042	45.17
198.259	-941.38
198.476	190.58
198.693	540
198.91	253.65
199.127	67.16
199.344	183.4
199.561	237.57
199.778	30.5
199.995	120.9
200.212	-1313.79
200.429	83.89
200.646	-170.89
200.862	259.55
201.079	-2.33
201.296	363.58
201.513	393.2
201.73	-142.8
201.947	124.32
202.163	150.9
202.38	133.53
202.597	171.66
202.814	-33.56
203.03	-7380
203.247	34.67
203.464	4.02
203.681	-151.95
203.897	75.2
204.114	367.92
204.331	57.98
204.547	355.81
204.764	128.88
204.981	1288.24
205.197	294.89
205.414	319.25
205.63	300
205.847	58.79
206.064	-158.18
206.28	67.85
206.497	103.47
206.713	162.93
206.93	-38.39
207.146	69.14
207.363	23.08
207.579	-121.98
207.796	-39.82
208.012	-2.47
208.229	-111.94
208.445	74.39
208.662	60
208.878	118.57
209.095	-900
209.311	14.81
209.528	3214.29
209.744	12.74
209.96	-311.92
210.177	334.95
210.393	87.91
210.609	-900
210.826	108.59
211.042	769.57
211.258	837.31
211.475	-200.53
211.691	-6.11
211.907	451.9
212.124	2.81
212.34	39.43
212.556	108.9
212.772	-108.79
212.989	-89.4
213.205	109.59
213.421	4.52
213.637	210.45
213.853	94.55
214.069	931.58
214.286	114.58
214.502	282.09
214.718	21.63
214.934	62.04
215.15	-14.75
215.366	133.42
215.582	109.19
215.798	100.2
216.015	51.03
216.231	-218.92
216.447	74.72
216.663	97.52
216.879	70.85
217.095	-207.38
217.311	-1375.47
217.527	83.52
217.743	-131.07
217.959	-492.45
218.175	-2.87
218.391	420.86
218.606	375.43
218.822	-253.04
219.038	210.16
219.254	100.42
219.47	14.14
219.686	448.31
219.902	81.65
220.118	31.47
220.334	61.12
220.549	46.1
220.765	-92.25
220.981	161.41
221.197	1.01
221.413	-557.14
221.628	694.94
221.844	367.92
222.06	602.91
222.276	55.06
222.491	73.03
222.707	36.39
222.923	-497.32
223.139	-26.23
223.354	73.7
223.57	347.24
223.786	40.4
224.001	-5.79
224.217	107.58
224.432	293.06
224.648	217.06
224.864	126.51
225.079	335.82
225.295	-9.68
225.51	72.97
225.726	24.19
225.942	172.1
226.157	1.93
226.373	-52.34
226.588	62.53
226.804	-1405.26
227.019	-7.54
227.235	20.32
227.45	83.77
227.665	-180
227.881	252.76
228.096	206.09
228.312	91.56
228.527	65.34
228.743	-70.29
228.958	6.12
229.173	-733.04
229.389	13.35
229.604	50.94
229.819	133.24
230.035	-73.14
230.25	51.6
230.465	75.32
230.681	-20.52
230.896	1.68
231.111	79.45
231.327	-94.13
231.542	8700
231.757	94.8
231.972	-1.06
232.187	167.23
232.403	-1531.58
232.618	283.73
232.833	31.39
233.048	-485.45
233.263	61.38
233.478	-23.48
233.694	579.07
233.909	919.35
234.124	113.89
234.339	34.64
234.554	548.28
234.769	-33.14
234.984	170.85
235.199	173.99
235.414	-358.41
235.629	-337.97
235.844	91.77
236.059	41.2
236.274	24.47
236.489	55.49
236.704	129.98
236.919	93.59
237.134	60
237.349	106.45
237.564	85.85
237.779	-45.12
237.994	34.47
238.209	161.17
238.424	20.25
238.639	105.91
238.853	12.37
239.068	42.6
239.283	2.72
239.498	129.02
239.713	84.88
239.928	19.8
240.142	47.37
240.357	-72.75
240.572	16.06
240.787	260.76
241.001	126.38
241.216	21.49
241.431	-20.28
241.646	46.33
241.86	52.47
242.075	-816.28
242.29	5.9
242.504	12.95
242.719	54.04
242.934	7.09
243.148	7.52
243.363	-28.02
243.577	-266.29
243.792	334.01
244.007	98.47
244.221	-432.47
244.436	-308.96
244.65	189.57
244.865	61.14
245.079	283.86
245.294	-88.49
245.508	0.67
245.723	43.1
245.937	-42.86
246.152	11.7
246.366	92.11
246.581	25.22
246.795	-1.84
247.01	-16.62
247.224	79.82
247.438	-11.94
247.653	59.77
247.867	174.93
248.081	105.34
248.296	36.59
248.51	63.31
248.724	59.01
248.939	-4.48
249.153	128.57
249.367	92.57
249.582	28.61
249.796	284.42
250.01	188.74
250.224	79
250.439	168.17
250.653	26.44
250.867	30.36
251.081	157.82
251.295	-47.12
251.51	238.72
251.724	-123.02
251.938	157.25
252.152	282.48
252.366	44.31
252.58	103.64
252.794	40.19
253.008	292.05
253.223	4.66
253.437	228.53
253.651	-35.27
253.865	100.38
254.079	-46.46
254.293	78.76
254.507	81.82
254.721	225.56
254.935	313.19
255.149	81.82
255.363	96.87
255.577	259.73
255.791	39.66
256.005	-163.8
256.218	49.93
256.432	91.3
256.646	48.89
256.86	76.9
257.074	134.55
257.288	-5700
257.502	62.64
257.716	60
257.929	104.23
258.143	45.59
258.357	100.71
258.571	149.45
258.785	55.83
258.998	56.58
259.212	177.66
259.426	-44.39
259.64	145.96
259.853	179.62
260.067	137
260.281	205.79
260.494	51.33
260.708	-127.72
260.922	-20.33
261.135	-14.08
261.349	11.6
261.563	146.75
261.776	-2029.41
261.99	133.98
262.203	95.32
262.417	-5.3
262.63	51.86
262.844	-225.84
263.058	169.83
263.271	56.96
263.485	8.44
263.698	27.48
263.912	90.64
264.125	82.74
264.339	328.35
264.552	13.6
264.765	-305.22
264.979	10.34
265.192	110.35
265.406	-5.83
265.619	32.46
265.832	32.52
266.046	60
266.259	3.05
266.473	-1287.1
266.686	69.47
266.899	67.65
267.113	1980
267.326	-174.91
267.539	-10.38
267.752	45.49
267.966	80.78
268.179	282.29
268.392	83.54
268.605	-181.89
268.819	103.11
269.032	152.13
269.245	706.15
269.458	87.45
269.671	-581.01
269.885	121.73
270.098	-5.28
270.311	406.33
270.524	87.48
270.737	39.13
270.95	101.32
271.163	101.57
271.376	29.03
271.589	-459.49
271.802	8.25
272.016	2.93
272.229	79.4
272.442	-103.24
272.655	27.86
272.868	-8.42
273.081	70.79
273.294	73.69
273.506	-34.98
273.719	50.94
273.932	84.51
274.145	-900
274.358	173.35
274.571	64.03
274.784	209.43
274.997	40.97
275.21	23.45
275.423	-92.35
275.635	215.58
275.848	12.37
276.061	-1.99
276.274	63.68
276.487	60
276.699	70.72
276.912	11.51
277.125	8.94
277.338	24.69
277.55	39.23
277.763	-46.99
277.976	220.64
278.189	-201.1
278.401	83.82
278.614	655.2
278.827	-0.4
279.039	46.48
279.252	-19.03
279.464	-16.11
279.677	139.1
279.89	26.66
280.102	40.7
280.315	563.41
280.527	-1973.68
280.74	-1975.86
280.952	-3.61
281.165	22.14
281.377	118.74
281.59	25.39
281.802	13.12
282.015	80.24
282.227	67.51
282.44	153.24
282.652	488.76
282.865	-12.8
283.077	16.63
283.29	101.65
283.502	89.25
283.714	-1.42
283.927	-78.78
284.139	-240.77
284.351	66.75
284.564	235.83
284.776	28.05
284.988	71.02
285.201	407.46
285.413	71.28
285.625	27.57
285.838	102.14
286.05	57.13
286.262	176.01
286.474	-11.78
286.686	12.58
286.899	41.7
287.111	60
287.323	119.73
287.535	347.52
287.747	159.19
287.959	16.19
288.172	-550.91
288.384	48.66
288.596	-85.42
288.808	911.32
289.02	-311.32
289.232	124.32
289.444	13.89
289.656	42.02
289.868	40.82
290.08	-185.89
290.292	34.47
290.504	70.08
290.716	67.23
290.928	91.46
291.14	1137.21
291.352	44.26
291.564	864.71
291.776	75.77
291.988	322.09
292.2	-154.98
292.412	-192.97
292.624	79.67
292.835	1034.33
293.047	3.09
293.259	-12.23
293.471	147.96
293.683	475.61
293.895	119.26
294.106	-28.48
294.318	88.47
294.53	8.03
294.742	-155.17
294.953	-63.1
295.165	101.63
295.377	125.05
295.589	-82.49
295.8	122.59
296.012	41.02
296.224	57.12
296.435	138.88
296.647	122.88
296.858	196.4
297.07	355.38
297.282	-138.24
297.493	11.7
297.705	-276
297.916	32.01
298.128	94.01
298.34	-7.36
298.551	20.49
298.763	46
298.974	77.5
299.186	71.53
299.397	-11.37
299.609	-125.81
299.82	-75.53
300.031	73.76
300.243	47.37
300.454	167.48
300.666	60.5
300.877	27.01
301.089	141.7
301.3	49.01
301.511	52.99
301.723	-120.4
301.934	1213.43
302.145	6.34
302.357	133.43
302.568	-45.6
302.779	54.09
302.99	375.34
303.202	145.68
303.413	29.94
303.624	43.73
303.835	-877.36
304.047	-54.66
304.258	59.65
304.469	29.05
304.68	35.95
304.891	116.41
305.103	128.57
305.314	117.03
305.525	5785.71
305.736	441.73
305.947	126.41
306.158	1005.88
306.369	66.27
306.58	129.4
306.791	60
307.002	-21.01
307.213	123.87
307.424	-51.94
307.636	-43.32
307.846	51.72
308.057	567.96
308.268	-13.79
308.479	-0.62
308.69	52.41
308.901	59.32
309.112	-593.02
309.323	-37.92
309.534	156.37
309.745	41.24
309.956	-94.33
310.167	-69.08
310.377	53.21
310.588	139.21
310.799	154.25
311.01	-38.95
311.221	65.7
311.432	49.31
311.642	62.53
311.853	87.86
312.064	51.72
312.275	121.56
312.485	135.18
312.696	38.79
312.907	143.22
313.117	52.01
313.328	45.64
313.539	183.38
313.749	67.74
313.96	-82.42
314.171	92.7
314.381	73.69
314.592	-4.54
314.802	12.38
315.013	22.07
315.224	38.79
315.434	-394.74
315.645	-12180
315.855	25.34
316.066	97.75
316.276	155.83
316.487	621.95
316.697	47.15
316.908	89.16
317.118	2.72
317.329	114.12
317.539	43.26
317.749	284.55
317.96	-649.25
318.17	20.09
318.381	220.88
318.591	-675.82
318.801	15.2
319.012	32.86
319.222	556.31
319.432	32.01
319.643	34.11
319.853	79.37
320.063	76.33
320.273	85.38
320.484	62.64
320.694	202.04
320.904	96.61
321.114	205.62
321.325	1293.1
321.535	163.51
321.745	4.02
321.955	49.93
322.165	67.98
322.375	79.59
322.585	277.91
322.796	-775.86
323.006	12.68
323.216	114.8
323.426	2.23
323.636	202.39
323.846	300
324.056	69.45
324.266	53.08
324.476	56.06
324.686	-4.86
324.896	12.58
325.106	866.04
325.316	69.89
325.526	-4436.84
325.736	30.11
325.946	37.8
326.156	767.53
326.366	279.13
326.576	181.93
326.785	107.04
326.995	28.05
327.205	-85.93
327.415	161.69
327.625	300
327.835	55.74
328.044	46.73
328.254	49.57
328.464	100.71
328.674	113.75
328.884	-97.12
329.093	-1.6
329.303	61.17
329.513	-221.74
329.722	1057.89
329.932	-73.52
330.142	-108.77
330.351	85.93
330.561	1020
330.771	-102.95
330.98	-95.64
331.19	613.85
331.4	-47.7
331.609	57.6
331.819	-197.56
332.028	176.57
332.238	7.12
332.447	-12.63
332.657	59.7
332.866	190.55
333.076	3.41
333.285	206.19
333.495	-551.61
333.704	-259.64
333.914	84.75
334.123	10.42
334.333	170.77
334.542	-82.56
334.752	743.08
334.961	-243.4
335.17	-7.54
335.38	-108.72
335.589	65.46
335.798	93.02
336.008	365.93
336.217	-82.98
336.426	63.55
336.636	157.02
336.845	9.3
337.054	-401.3
337.263	-4.45
337.473	26.54
337.682	116.29
337.891	47.81
338.1	-200.72
338.309	39.5
338.519	187.93
338.728	-40.32
338.937	-314.17
339.146	92.81
339.355	-515.09
339.564	-1152.63
339.773	10.55
339.983	11.05
340.192	-357.39
340.401	165.94
340.61	112.03
340.819	124.57
341.028	79.67
341.237	-1323.53
341.446	1.68
341.655	-12.66
341.864	-75.36
342.073	-15.69
342.282	-70.12
342.491	67.46
342.699	-49.51
342.908	393.51
343.117	68.87
343.326	66.8
343.535	-92.73
343.744	33.02
343.953	149.14
344.162	57.94
344.37	48.69
344.579	-111.94
344.788	-0.77
344.997	71.29
345.206	202.28
345.414	73.46
345.623	136.16
345.832	33.02
346.041	293.91
346.249	23.7
346.458	26.66
346.667	103.7
346.875	104.04
347.084	72.22
347.293	113.39
347.501	-120.85
347.71	-4.74
347.918	43.17
348.127	-280.22
348.336	-653.64
348.544	127.52
348.753	-94.03
348.961	10.2
349.17	147.1
349.378	-39.33
349.587	29.03
349.795	-26.21
350.004	613.85
350.212	90.59
350.421	554.87
350.629	67.98
350.838	54.65
351.046	150.37
351.254	52.2
351.463	-29.77
351.671	-1784.21
351.879	112.05
352.088	49.01
352.296	289.38
352.504	173.19
352.713	57.09
352.921	-333.07
353.129	-202.67
353.338	-42.86
353.546	-63.55
353.754	-60.74
353.962	69.74
354.171	71.85
354.379	-1910.53
354.587	55.53
354.795	-16.61
355.003	10.94
355.212	28.1
355.42	752.83
355.628	39.76
355.836	88.47
356.044	-21.22
356.252	24.8
356.46	66.72
356.668	1204.62
356.876	76.67
357.084	100.31
357.292	43.26
357.5	-34.88
357.708	57.12
357.916	-92.37
358.124	139.07
358.332	-470.15
358.54	256.36
358.748	3.9
358.956	56.37
359.164	37.71
359.372	78.19
359.58	101.44
359.788	65.79
359.996	143.48
360.203	12.79
360.411	14.53
360.619	-206.53
360.827	78.71
361.035	-311.04
361.242	148.68
361.45	-474.68
361.658	265.88
361.866	-18.5
362.073	223.67
362.281	81.3
362.489	35.23
362.697	53.99
362.904	136.86
363.112	158.82
363.32	21.14
363.527	-211.3
363.735	128.57
363.943	43.84
364.15	126.15
364.358	37.88
364.565	92.66
364.773	95.59
364.98	-60.42
365.188	58.96
365.395	82.63
365.603	47.8
365.81	84.34
366.018	5.33
366.225	14.59
366.433	-42.43
366.64	9.65
366.848	79.05
367.055	-49.84
367.263	33.78
367.47	60.82
367.677	254.43
367.885	-21.95
368.092	48.97
368.299	-27.89
368.507	141.81
368.714	151.33
368.921	224.41
369.129	78.46
369.336	56.58
369.543	-16.2
369.751	-56.32
369.958	-281.17
370.165	31.26
370.372	-99.11
370.579	-59.08
370.787	46.18
370.994	8.85
371.201	-43.32
371.408	58.32
371.615	5.13
371.822	12.98
372.029	116.95
372.237	-221.14
372.444	72.97
372.651	-41.2
372.858	53.67
373.065	39.18
373.272	48.34
373.479	-486.21
373.686	-115.17
373.893	43.69
374.1	-216.75
374.307	-330.22
374.514	125.1
374.721	17.39
374.928	3.9
375.135	50.94
375.341	5580
375.548	60.94
375.755	-49.85
375.962	28.38
376.169	-3.51
376.376	163.97
376.583	31.26
376.789	32.94
376.996	51.08
377.203	13.83
377.41	21.68
377.617	93.57
377.823	235.83
378.03	29.03
378.237	65.91
378.443	108
378.65	50.94
378.857	60.89
379.063	634.18
379.27	-273.91
379.477	71.12
379.683	-108.72
379.89	8.59
380.097	48.73
380.303	42.8
380.51	38.02
380.716	77.74
380.923	-77.95
381.129	-0.44
381.336	16.54
381.542	31.33
381.749	39.81
381.955	109.13
382.162	158.12
382.368	-75.81
382.575	-17.34
382.781	217.24
382.988	20.08
383.194	-26.16
383.4	-15.27
383.607	40.87
383.813	246.86
384.02	14.23
384.226	40.44
384.432	-59.78
384.639	22.38
384.845	-429.11
385.051	82.29
385.257	-28.91
385.464	155.68
385.67	109.55
385.876	118.57
386.082	-33.56
386.289	64.82
386.495	-6.2
386.701	6.84
386.907	-65.22
387.113	53.16
387.319	-28.47
387.526	53.75
387.732	-162.99
387.938	520.8
388.144	-159.13
388.35	56.72
388.556	117.97
388.762	71.9
388.968	-593.02
389.174	55.19
389.38	79.7
389.586	10.62
389.792	3.21
389.998	7.13
390.204	-123.32
390.41	72.47
390.616	-7.29
390.822	-70.09
391.028	46.85
391.234	24.28
391.439	-224.27
391.645	33.89
391.851	58.88
392.057	-7.46
392.263	94.22
392.469	41.13
392.674	16.28
392.88	50.87
393.086	-24.79
393.292	-22.49
393.498	12.26
393.703	-4.23
393.909	46.09
394.115	33.71
394.32	-10.89
394.526	24.01
394.732	86.11
394.937	49.37
395.143	76.52
395.349	14.9
395.554	-140.2
395.76	39.49
395.965	5.63
396.171	11.82
396.377	-26.42
396.582	83.04
396.788	-23.25
396.993	133.78
397.199	6.28
397.404	33.25
397.61	-18.4
397.815	62.13
398.021	-32.88
398.226	7.71
398.431	14.06
398.637	14.95
398.842	18.87
399.048	21.92
399.253	28.69
399.458	27.38
399.664	8.66
399.869	-27.43
400.074	6.97
400.28	14.44
400.485	15.49
400.69	7.59
400.896	9.36
401.101	-13.37
401.306	0.56
401.511	10.2
401.716	16.88
401.922	18.06
402.127	-4.78
402.332	19.03
402.537	26.26
402.742	16.89
402.947	47.14
403.153	-2.63
403.358	8.22
403.563	17.91
403.768	19.76
403.973	25.31
404.178	15.88
404.383	2.54
404.588	6.84
404.793	24.09
404.998	15.1
405.203	0.3
405.408	-12.16
405.613	11.27
405.818	10.87
406.023	5.9
406.228	13.06
406.433	10.51
406.638	9.24
406.842	10.39
407.047	10.65
407.252	9.2
407.457	16.41
407.662	6.75
407.867	8.11
408.071	0.16
408.276	5.64
408.481	7.01
408.686	5.26
408.891	5.45
409.095	15.57
409.3	0.48
409.505	9.69
409.709	2.81
409.914	7.34
410.119	3.45
410.323	-2
410.528	-1.86
410.733	7.25
410.937	2.66
411.142	3.24
411.346	5.94
411.551	1.21
411.756	0.67
411.96	8.15
412.165	-3.64
412.369	4.86
412.574	2.1
412.778	7.39
412.983	3.56
413.187	4.83
413.392	-0.56
413.596	4.89
413.8	6.84
414.005	7.2
414.209	3.94
414.414	4.61
414.618	3.17
414.822	2.96
415.027	4.53
415.231	4.78
415.435	6.14
415.64	4.61
415.844	2.72
416.048	5.61
416.252	5.29
416.457	2.62
416.661	3.64
416.865	2.92
417.069	0.19
417.274	0.83
417.478	2.97
417.682	4.05
417.886	4.04
418.09	2.87
418.294	3.14
418.498	3.93
418.702	3.65
418.907	3.3
419.111	1.56
419.315	3.09
419.519	4.4
419.723	2.22
419.927	4.61
420.131	5.33
420.335	0.57
420.539	3.5
420.743	6.15
420.947	1.7
421.151	3.08
421.355	1.21
421.558	4.36
421.762	2.79
421.966	2.86
422.17	2.06
422.374	2.73
422.578	3.3
422.782	3.08
422.985	1.15
423.189	3.4
423.393	1.75
423.597	2.68
423.801	3.46
424.004	2.82
424.208	2.49
424.412	2.73
424.615	3.5
424.819	2.4
425.023	2.71
425.226	3.29
425.43	3.43
425.634	2.52
425.837	1.83
426.041	2.24
426.245	2.6
426.448	2.47
426.652	2.7
426.855	2.21
427.059	1.86
427.262	2.71
427.466	2.12
427.669	2.14
427.873	2.67
428.076	2.4
428.28	3.19
428.483	2.84
428.687	2.22
428.89	2.48
429.094	2.89
429.297	2.34
429.5	3.24
429.704	2.62
429.907	3.1
430.11	2.83
430.314	3.08
430.517	2.37
430.72	2.98
430.924	3.06
431.127	2.82
431.33	2.41
431.533	2.33
431.737	2.88
431.94	2.24
432.143	2.37
432.346	2.25
432.549	2.71
432.752	2.29
432.956	2.84
433.159	2.27
433.362	2.2
433.565	2.25
433.768	2.47
433.971	1.92
434.174	2.62
434.377	2.52
434.58	2.87
434.783	2.21
434.986	2.31
435.189	2.98
435.392	2.29
435.595	3.02
435.798	2.13
436.001	2.41
436.204	2.55
436.407	2.27
436.61	2.73
436.813	2.68
437.016	2.15
437.219	2.28
437.421	2.54
437.624	2.4
437.827	2.31
438.03	2.5
438.233	2.32
438.435	2.53
438.638	2.49
438.841	2.17
439.044	2.76
439.246	2.37
439.449	2.08
439.652	2.49
439.854	2.33
440.057	2.41
440.26	2.28
440.462	2.26
440.665	2.33
440.868	2.34
441.07	2.55
441.273	2.75
441.475	2.4
441.678	2.45
441.88	2.44
442.083	1.98
442.286	2.47
442.488	2.28
442.69	2.35
442.893	2.34
443.095	2.14
443.298	2.27
443.5	2.31
443.703	2.29
443.905	2.27
444.108	2.39
444.31	2.05
444.512	1.97
444.715	2.13
444.917	2.06
445.119	2.38
445.322	2.2
445.524	2.26
445.726	2.12
445.928	2.07
446.131	2.68
446.333	2.2
446.535	2.12
446.737	2.44
446.94	2.59
447.142	2.25
447.344	2.32
447.546	2.25
447.748	2.1
447.95	2.2
448.152	2.27
448.354	2.23
448.557	2.31
448.759	2.4
448.961	2.03
449.163	2.59
449.365	2.4
449.567	2.36
449.769	2.17
449.971	2.42
450.173	2.22
450.375	2.38
450.577	2.18
450.779	2.24
450.981	2.64
451.182	2.26
451.384	2.08
451.586	2.6
451.788	2.16
451.99	2.43
452.192	2.16
452.394	2.77
452.595	2.64
452.797	2.2
452.999	2.43
453.201	2.91
453.402	2.19
453.604	1.67
453.806	2.74
454.008	2.47
454.209	2.39
454.411	2.65
454.613	2.35
454.814	2.3
455.016	2.66
455.218	2.61
455.419	2.95
455.621	2.58
455.822	2.15
456.024	2.38
456.225	2.7
456.427	2.63
456.629	2.07
456.83	2.41
457.032	2.62
457.233	2.33
457.435	1.86
457.636	2.08
457.837	2.21
458.039	1.92
458.24	2.65
458.442	2.84
458.643	2.25
458.844	2.68
459.046	2
459.247	2.92
459.448	2.75
459.65	2.56
459.851	2.62
460.052	2.4
460.254	2.3
460.455	2.8
460.656	2.56
460.857	2.35
461.059	1.76
461.26	2.18
461.461	2.47
461.662	2.65
461.863	2.79
462.065	3.19
462.266	2.24
462.467	2.76
462.668	2.24
462.869	2.93
463.07	2.74
463.271	2.49
463.472	2.21
463.673	2.6
463.874	2.58
464.075	2.71
464.276	2.68
464.477	2.7
464.678	3.36
464.879	2.69
465.08	1.94
465.281	3.27
465.482	2.19
465.683	2.45
465.884	2.32
466.085	2.68
466.285	2.13
466.486	3.71
466.687	3.02
466.888	3.23
467.089	3.13
467.29	2.87
467.49	2.47
467.691	3.23
467.892	2.74
468.093	2.67
468.293	2.73
468.494	2.29
468.695	2.31
468.895	2.63
469.096	2.76
469.297	2.55
469.497	2.59
469.698	3.05
469.898	1.37
470.099	3.07
470.3	4.11
470.5	3.19
470.701	2.97
470.901	2.81
471.102	3.04
471.302	1.13
471.503	2.93
471.703	4.12
471.904	2.58
472.104	3.08
472.305	2.1
472.505	3.19
472.705	3.05
472.906	3.49
473.106	4.05
473.306	1.87
473.507	3.83
473.707	3.09
473.907	3.94
474.108	1.73
474.308	2.46
474.508	2.21
474.709	3.19
474.909	2.89
475.109	1.51
475.309	2.73
475.51	1.46
475.71	2.77
475.91	4.15
476.11	1.99
476.31	2.18
476.51	2.78
476.71	2.94
476.911	2.64
477.111	0.89
477.311	1.54
477.511	3.36
477.711	2.16
477.911	2.51
478.111	5.66
478.311	2.93
478.511	2.38
478.711	3.67
478.911	3.52
479.111	2.89
479.311	3.65
479.511	4.42
479.711	2.38
479.91	0.96
480.11	4.45
480.31	2.1
480.51	4.89
480.71	3
480.91	3.34
481.109	3.02
481.309	2.67
481.509	0.71
481.709	3.22
481.909	3.32
482.108	1.88
482.308	1.62
482.508	3.03
482.707	3.39
482.907	2.9
483.107	2.92
483.306	2.8
483.506	2.84
483.706	2.36
483.905	2.89
484.105	2.81
484.304	3.93
484.504	1.19
484.704	2.91
484.903	3.33
485.103	3.2
485.302	3.75
485.502	3.9
485.701	3.67
485.901	2.29
486.1	3.14
486.299	3.18
486.499	1.05
486.698	3.11
486.898	2.26
487.097	2.26
487.296	0.75
487.496	2.16
487.695	2.23
487.894	2.66
488.094	3.1
488.293	2.95
488.492	2.76
488.692	1.89
488.891	2.28
489.09	2.42
489.289	2.5
489.489	1.99
489.688	1.93
489.887	1.79
490.086	3.03
490.285	1.84
490.484	3.46
490.683	3.74
490.883	3.54
491.082	2.32
491.281	1.95
491.48	1.15
491.679	2.9
491.878	3.28
492.077	3.2
492.276	2.54
492.475	1.67
492.674	1.14
492.873	2.62
493.072	2.07
493.271	3.16
493.47	2.06
493.669	1.2
493.867	1.9
494.066	3.47
494.265	2.67
494.464	3.69
494.663	1.75
494.862	1.63
495.06	1.04
495.259	0.74
495.458	1.93
495.657	2.16
495.856	3.12
496.054	2.58
496.253	1.68
496.452	2.51
496.65	2.26
496.849	1.72
497.048	3.32
497.246	2.33
497.445	3.01
497.644	2.87
497.842	2.94
498.041	1.46
498.239	2.03
498.438	1.75
498.636	2.22
498.835	2.95
499.034	2.54
499.232	1.84
499.431	1.58
499.629	1.72
499.827	2.41
500.026	1.16
500.224	1.84
500.423	0.61
500.621	1.82
500.82	2.44
501.018	2.33
501.216	1.68
501.415	2.75
501.613	1.79
501.811	2.2
502.01	2.53
502.208	2.45
502.406	2.88
502.604	3.02
502.803	1.44
503.001	3.3
503.199	2.75
503.397	2.13
503.595	2.16
503.794	1.87
503.992	2.4
504.19	2.08
504.388	2.5
504.586	1.95
504.784	2.57
504.982	2.25
505.18	2.27
505.378	2.12
505.576	2.32
505.774	2.51
505.972	1.72
506.17	2.54
506.368	1.64
506.566	2.32
506.764	1.99
506.962	2.59
507.16	2.23
507.358	1.62
507.556	2.42
507.754	2.62
507.952	2.35
508.15	2.49
508.347	2.04
508.545	2.67
508.743	2.85
508.941	2.37
509.139	2.89
509.336	2.49
509.534	2.42
509.732	2.7
509.93	2.28
510.127	2.42
510.325	2.28
510.523	2.73
510.72	2.31
510.918	2.61
511.116	2.54
511.313	1.88
511.511	2.29
511.708	1.78
511.906	2.8
512.104	2.29
512.301	2.32
512.499	2.59
512.696	2.56
512.894	2.2
513.091	2.29
513.289	1.92
513.486	2.15
513.683	2.42
513.881	2.77
514.078	2.67
514.276	2.8
514.473	1.58
514.67	2.3
514.868	2.41
515.065	2.29
515.262	2.52
515.46	2.04
515.657	2.03
515.854	2.27
516.052	2.35
516.249	2.33
516.446	2.58
516.643	2.33
516.84	2.42
517.038	2.35
517.235	2.76
517.432	2.49
517.629	2.64
517.826	2.27
518.023	2.49
518.221	2.69
518.418	2.63
518.615	2.45
518.812	2.58
519.009	2.84
519.206	2.65
519.403	2.56
519.6	2.79
519.797	2.45
519.994	2.57
520.191	2.79
520.388	2.71
520.585	2.71
520.782	2.66
520.978	2.32
521.175	2.48
521.372	2.79
521.569	2.35
521.766	2.12
521.963	2.2
522.159	2.66
522.356	2.68
522.553	3.1
522.75	2.81
522.947	2.85
523.143	2.6
523.34	2.59
523.537	3.05
523.733	2.64
523.93	2.84
524.127	2.57
524.323	2.43
524.52	2.23
524.717	2.31
524.913	2.34
525.11	2.35
525.306	2.6
525.503	2.85
525.7	2.69
525.896	2.59
526.093	2.83
526.289	3.1
526.486	2.42
526.682	2.23
526.878	2.95
527.075	3.09
527.271	3.07
527.468	2.93
527.664	2.89
527.861	2.6
528.057	2.89
528.253	2.91
528.45	2.68
528.646	2.78
528.842	2.28
529.039	2.48
529.235	2.88
529.431	2.87
529.627	2.47
529.824	2.88
530.02	2.95
530.216	2.78
530.412	3.08
530.608	2.84
530.804	2.94
531.001	3.19
531.197	3.28
531.393	2.64
531.589	2.77
531.785	3.07
531.981	2.83
532.177	3.01
532.373	3.17
532.569	2.95
532.765	2.77
532.961	2.92
533.157	2.48
533.353	2.99
533.549	2.93
533.745	3.22
533.941	2.83
534.137	2.93
534.333	2.87
534.529	3.01
534.725	2.75
534.92	3.07
535.116	3.2
535.312	2.77
535.508	3.25
535.704	3.14
535.899	2.92
536.095	2.9
536.291	3.07
536.487	2.66
536.682	2.87
536.878	2.95
537.074	2.79
537.269	2.91
537.465	3.01
537.661	3.26
537.856	3.2
538.052	2.99
538.248	3.42
538.443	3.19
538.639	2.86
538.834	3.4
539.03	3.22
539.225	3.47
539.421	3.53
539.616	3.26
539.812	3.23
540.007	3.4
540.203	3.26
540.398	3.34
540.593	3.12
540.789	3.43
540.984	3.41
541.18	3.11
541.375	3.18
541.57	3.51
541.766	3.64
541.961	3.47
542.156	3.34
542.352	3.42
542.547	3.28
542.742	3.26
542.937	3.69
543.133	3.67
543.328	3.46
543.523	3.4
543.718	3.21
543.913	3.47
544.108	3.38
544.304	3.62
544.499	3.21
544.694	3.41
544.889	3.62
545.084	3.65
545.279	3.63
545.474	3.8
545.669	3.7
545.864	3.65
546.059	3.52
546.254	3.28
546.449	3.87
546.644	3.37
546.839	3.47
547.034	3.58
547.229	3.69
547.424	3.98
547.618	3.85
547.813	3.97
548.008	3.96
548.203	3.57
548.398	3.7
548.593	3.95
548.787	4.06
548.982	3.81
549.177	3.88
549.372	3.68
549.566	4.18
549.761	3.84
549.956	3.68
550.15	3.73
550.345	4.06
550.54	4.3
550.734	4.25
550.929	4.16
551.124	3.77
551.318	3.88
551.513	3.84
551.707	4.08
551.902	4.13
552.096	4.21
552.291	4.21
552.485	3.83
552.68	4.15
552.874	4.05
553.069	4.25
553.263	4.28
553.458	4.46
553.652	4.47
553.847	4.05
554.041	4.48
554.235	4.12
554.43	4.16
554.624	4.45
554.818	4.39
555.013	4.27
555.207	4.27
555.401	4.59
555.595	4.22
555.79	3.99
555.984	4.47
556.178	4.64
556.372	4.53
556.566	4.62
556.761	4.71
556.955	4.5
557.149	4.39
557.343	4.61
557.537	4.62
557.731	4.19
557.925	4.54
558.119	4.34
558.313	4.73
558.507	4.56
558.701	4.7
558.895	4.97
559.089	4.79
559.283	5.1
559.477	4.99
559.671	4.93
559.865	4.71
560.059	4.7
560.253	4.7
560.447	4.93
560.641	4.95
560.835	5.26
561.028	5.18
561.222	5.01
561.416	4.92
561.61	5.07
561.804	4.82
561.997	4.85
562.191	5.06
562.385	4.99
562.579	4.86
562.772	5.15
562.966	5.09
563.16	4.97
563.353	5.1
563.547	5.32
563.741	4.98
563.934	5.44
564.128	5.35
564.321	5.18
564.515	5.34
564.708	5.28
564.902	5.2
565.095	5.37
565.289	5.45
565.482	5.74
565.676	5.19
565.869	5.18
566.063	5.49
566.256	5.28
566.45	5.55
566.643	5.66
566.836	5.4
567.03	5.77
567.223	5.36
567.416	5.87
567.61	5.73
567.803	5.51
567.996	5.64
568.19	5.76
568.383	5.58
568.576	5.52
568.769	5.6
568.963	5.79
569.156	5.7
569.349	5.73
569.542	5.76
569.735	5.95
569.928	5.85
570.121	5.86
570.315	6.35
570.508	5.59
570.701	5.8
570.894	5.75
571.087	6.07
571.28	5.9
571.473	6.14
571.666	5.98
571.859	6.09
572.052	5.78
572.245	6.23
572.438	5.98
572.631	6.09
572.824	6.11
573.016	6.01
573.209	6.45
573.402	6.39
573.595	6.25
573.788	6.6
573.981	6.64
574.173	6.31
574.366	6.15
574.559	6.37
574.752	6.14
574.944	6.46
575.137	6.66
575.33	6.2
575.523	6.77
575.715	6.28
575.908	6.51
576.101	6.49
576.293	7.04
576.486	6.26
576.678	6.53
576.871	6.34
577.063	6.74
577.256	6.45
577.449	6.61
577.641	6.27
577.834	6.89
578.026	6.89
578.219	6.67
578.411	6.73
578.603	7.02
578.796	6.72
578.988	6.58
579.181	6.85
579.373	7.23
579.565	7.07
579.758	6.89
579.95	6.74
580.142	6.78
580.335	6.92
580.527	7.13
580.719	7.08
580.912	7.02
581.104	7
581.296	7.12
581.488	7.19
581.68	7.29
581.873	7.35
582.065	6.99
582.257	7.3
582.449	7
582.641	7.42
582.833	7.1
583.025	6.93
583.217	7.23
583.41	7.45
583.602	7.57
583.794	7.07
583.986	7.93
584.178	7.35
584.37	7.88
584.562	7.24
584.753	7.76
584.945	7.68
585.137	7.38
585.329	7.62
585.521	7.92
585.713	7.76
585.905	7.54
586.097	7.96
586.289	7.86
586.48	8.2
586.672	7.84
586.864	8.24
587.056	8.23
587.247	7.96
587.439	8.13
587.631	7.7
587.823	8.46
588.014	7.93
588.206	8.31
588.398	7.79
588.589	8.47
588.781	8.12
588.972	8.23
589.164	8.2
589.356	8.34
589.547	8.34
589.739	8.16
589.93	8.47
590.122	8.48
590.313	8.32
590.505	8.77
590.696	8.28
590.888	8.46
591.079	8.53
591.271	8.57
591.462	8.59
591.653	8.7
591.845	8.64
592.036	8.55
592.227	8.46
592.419	8.47
592.61	8.43
592.801	8.26
592.993	8.82
593.184	8.89
593.375	8.6
593.566	8.83
593.758	9.02
593.949	8.76
594.14	8.85
594.331	8.94
594.522	9.2
594.713	9.27
594.905	8.97
595.096	9.41
595.287	9.44
595.478	9.52
595.669	9.47
595.86	9.18
596.051	8.95
596.242	9.5
596.433	9.03
596.624	9.03
596.815	9.48
597.006	9.37
597.197	9.37
597.388	9.47
597.579	9.65
597.77	9.22
597.96	9.25
598.151	9.84
598.342	9.39
598.533	9.79
598.724	10.15
598.915	9.6
599.105	9.12
599.296	9.93
599.487	9.87
599.678	9.84
599.868	10.18
600.059	10.49
600.25	10.22
600.44	9.79
600.631	10
600.822	10.18
601.012	10.06
601.203	10.05
601.394	10.07
601.584	10.88
601.775	10.21
601.965	10.39
602.156	10.13
602.346	10.19
602.537	10.43
602.727	10.53
602.918	10.51
603.108	10.14
603.299	10.61
603.489	10.73
603.679	10.08
603.87	10.81
604.06	10.98
604.251	10.9
604.441	10.34
604.631	10.64
604.822	11.34
605.012	10.84
605.202	11.23
605.392	10.57
605.583	10.33
605.773	11.55
605.963	11.29
606.153	10.86
606.344	10.94
606.534	11.04
606.724	11.25
606.914	10.84
607.104	11.12
607.294	10.52
607.484	11.47
607.674	11.34
607.864	11.26
608.054	11.42
608.245	10.92
608.435	11.28
608.625	11.37
608.814	11.37
609.004	10.86
609.194	11.07
609.384	11.48
609.574	11.28
609.764	11.74
609.954	11.83
610.144	11.81
610.334	11.66
610.524	11.96
610.713	11.34
610.903	12.04
611.093	11.46
611.283	12.34
611.473	10.81
611.662	11.56
611.852	11.39
612.042	11.88
612.231	11.47
612.421	11.83
612.611	11.51
612.8	12
612.99	12.03
613.18	12.03
613.369	12.13
613.559	12.29
613.748	12.57
613.938	12.37
614.128	11.96
614.317	11.84
614.507	12.28
614.696	12.17
614.886	12.58
615.075	12.27
615.264	12.46
615.454	12.51
615.643	12.05
615.833	11.7
616.022	11.99
616.211	12.3
616.401	12.66
616.59	12.62
616.779	12.57
616.969	12.02
617.158	12.13
617.347	12.81
617.537	12.83
617.726	12.2
617.915	11.81
618.104	12.01
618.293	12.6
618.483	12.16
618.672	13.24
618.861	12.86
619.05	12.97
619.239	13.12
619.428	12.63
619.617	13.11
619.806	12.02
619.995	12.28
620.184	12.5
620.373	13.02
620.562	12.56
620.751	13.13
620.94	12.91
621.129	13.05
621.318	13.04
621.507	13.55
621.696	12.49
621.885	13.17
622.074	13.18
622.263	12.83
622.452	12.91
622.64	13.41
622.829	12.88
623.018	13.56
623.207	13.1
623.396	13.52
623.584	13.42
623.773	13.95
623.962	13.37
624.15	14.06
624.339	14.09
624.528	13.5
624.716	12.88
624.905	13.65
625.094	13.58
625.282	13.35
625.471	13.33
625.659	13.17
625.848	13.29
626.037	13.52
626.225	14.36
626.414	13.74
626.602	13.59
626.791	13.71
626.979	13.44
627.167	13.67
627.356	13.93
627.544	14.41
627.733	14.26
627.921	14
628.109	13.93
628.298	14.65
628.486	13.67
628.674	13.98
628.863	13.38
629.051	14.29
629.239	14.78
629.428	13.59
629.616	15.02
629.804	15.41
629.992	14.84
630.18	14.15
630.369	14.47
630.557	13.79
630.745	13.93
630.933	14.95
631.121	15.25
631.309	13.9
631.497	14.43
631.685	13.94
631.873	14.19
632.061	13.52
632.249	14.4
632.437	14.36
632.625	14.16
632.813	15.21
633.001	15.04
633.189	14.92
633.377	14.94
633.565	14.35
633.753	13.85
633.941	15.22
634.129	15.18
634.316	14.88
634.504	15.34
634.692	14.95
634.88	14.63
635.068	14.54
635.255	15.33
635.443	15.64
635.631	14.37
635.818	16.05
636.006	14.95
636.194	15.62
636.382	14.77
636.569	15.7
636.757	16.08
636.944	15.32
637.132	15.25
637.32	15.59
637.507	15.74
637.695	15.02
637.882	16.44
638.07	15.99
638.257	14.99
638.445	15.28
638.632	14.52
638.82	14.76
639.007	15.36
639.194	15.24
639.382	15.02
639.569	15.28
639.757	15.65
639.944	15.21
640.131	15.04
640.319	14.57
640.506	15.26
640.693	16.46
640.88	15.94
641.068	15.7
641.255	15.85
641.442	15.91
641.629	14.43
641.817	16.54
642.004	15.54
642.191	15.85
642.378	15.66
642.565	15.47
642.752	15.87
642.939	15.31
643.126	16
643.313	16.06
643.501	15.6
643.688	15.65
643.875	14.91
644.062	16.81
644.249	14.94
644.435	14.81
644.622	15.29
644.809	16.86
644.996	15.21
645.183	14.56
645.37	15.52
645.557	15.5
645.744	15.55
645.931	15.47
646.117	14.27
646.304	15.11
646.491	15.45
646.678	15.67
646.865	15.74
647.051	15.83
647.238	15.26
647.425	15.17
647.611	15.39
647.798	15.37
647.985	15.93
648.171	16.16
648.358	14.96
648.545	16.05
648.731	15.18
648.918	15.62
649.104	14.74
649.291	15.46
649.477	14.92
649.664	15.32
649.85	17.06
650.037	15.91
650.223	14.28
650.41	14.6
650.596	14.66
650.783	16.02
650.969	15.88
651.155	14.86
651.342	15.25
651.528	15.23
651.714	14.14
651.901	15.12
652.087	15.7
652.273	15.03
652.46	14.2
652.646	15.39
652.832	16.04
653.018	15.57
653.204	16.81
653.391	16.12
653.577	16.06
653.763	15.77
653.949	15.28
654.135	16.5
654.321	15.73
654.507	15.57
654.693	16.31
654.879	15.96
655.065	15.22
655.252	14.25
655.438	17.11
655.624	15.64
655.809	16.02
655.995	15.42
656.181	15.83
656.367	14.87
656.553	16.27
656.739	15.17
656.925	16.64
657.111	15.44
657.297	16.53
657.482	14.39
657.668	16.58
657.854	16.42
658.04	15.58
658.226	14.93
658.411	16.11
658.597	16.88
658.783	15.21
658.968	14.78
659.154	14.39
659.34	15.4
659.525	14.83
659.711	14.28
659.897	15.72
660.082	14.78
660.268	16.28
660.453	14.78
660.639	16.06
660.824	15.92
661.01	14.23
661.195	15.24
661.381	13.19
661.566	16.38
661.752	14.33
661.937	14.93
662.123	12.99
662.308	15.1
662.494	15.05
662.679	14.77
662.864	15
663.05	14.94
663.235	14.32
663.42	15.12
663.605	14.77
663.791	13.16
663.976	12.56
664.161	14.78
664.346	14.08
664.532	13.94
664.717	13.66
664.902	14.06
665.087	16.42
665.272	15
665.457	12.83
665.642	13.45
665.828	14.78
666.013	14.88
666.198	12.43
666.383	13.36
666.568	11.93
666.753	14.2
666.938	13.79
667.123	14.7
667.308	12.89
667.493	15.55
667.677	11.85
667.862	14.21
668.047	14.14
668.232	14.33
668.417	15.57
668.602	12.27
668.787	15.06
668.971	12.89
669.156	15.23
669.341	12.88
669.526	15.85
669.711	15.71
669.895	13.79
670.08	13.83
670.265	13.72
670.449	13.35
670.634	14.56
670.819	13.98
671.003	15.52
671.188	15.21
671.372	11.53
671.557	16.59
671.742	15.42
671.926	14.12
672.111	10.9
672.295	12.74
672.48	13.43
672.664	14.56
672.849	12.9
673.033	12.7
673.217	11.05
673.402	14.61
673.586	10.73
673.771	14.14
673.955	14.21
674.139	14.18
674.324	16.1
674.508	12.17
674.692	12.69
674.876	13.24
675.061	15.22
675.245	15.79
675.429	14.02
675.613	14.19
675.798	16.66
675.982	14.89
676.166	13.52
676.35	13.48
676.534	15.72
676.718	13.21
676.902	16.52
677.087	12.67
677.271	10.91
677.455	14.64
677.639	13.4
677.823	15.02
678.007	18.07
678.191	14.96
678.375	15.68
678.559	14.52
678.742	16.27
678.926	16.64
679.11	18.92
679.294	17.94
679.478	14.2
679.662	16.49
679.846	14.97
680.029	16.91
680.213	15.77
680.397	14.66
680.581	17.66
680.765	19.38
680.948	15.45
681.132	15.94
681.316	13.5
681.499	18.6
681.683	19.29
681.867	14.55
682.05	20.2
682.234	17.78
682.417	19.19
682.601	18.52
682.785	20.15
682.968	17.83
683.152	18.79
683.335	16.03
683.519	16.69
683.702	19.22
683.886	18.47
684.069	20.57
684.253	18.18
684.436	19.58
684.619	17.57
684.803	17.74
684.986	16.99
685.169	21.85
685.353	22.23
685.536	18.33
685.719	22.22
685.903	19.14
686.086	18.4
686.269	23.72
686.452	17.48
686.636	21.61
686.819	23.29
687.002	17.47
687.185	21.31
687.368	24.49
687.551	18.7
687.734	23.17
687.918	25.14
688.101	19.54
688.284	21.93
688.467	22.05
688.65	24.02
688.833	24.99
689.016	23.09
689.199	22.68
689.382	21.32
689.565	26.18
689.748	23.47
689.93	20.2
690.113	26.12
690.296	20.13
690.479	24.05
690.662	24.53
690.845	23.71
691.028	22.86
691.21	26.75
691.393	24.62
691.576	26.48
691.759	27.39
691.941	26.11
692.124	28.05
692.307	30.7
692.489	27.32
692.672	27.42
692.855	24
693.037	32.62
693.22	29.14
693.403	25.86
693.585	28.42
693.768	29.04
693.95	29.72
694.133	29.88
694.315	29.08
694.498	30.66
694.68	25.22
694.863	31.78
695.045	30.72
695.228	30.99
695.41	25.83
695.592	32.43
695.775	28.7
695.957	27.53
696.139	33.46
696.322	28.26
696.504	35.55
696.686	30.29
696.869	28.42
697.051	36.5
697.233	33.59
697.415	31.78
697.597	29.35
697.78	34.89
697.962	31.88
698.144	33.49
698.326	31.49
698.508	32.92
698.69	30.73
698.872	29.63
699.055	32.83
699.237	30.37
699.419	30.43
699.601	26.2
699.783	37.82
699.965	29.88
700.147	32.67
700.329	34.09
700.51	33.54
700.692	28.19
700.874	26.53
701.056	37.53
701.238	32.5
701.42	31.59
701.602	33.24
701.783	28.96
701.965	24.34
702.147	31.08
702.329	28.64
702.511	34.46
702.692	34.7
702.874	26.26
703.056	29.71
703.237	32.5
703.419	30.72
703.601	38.07
703.782	35.86
703.964	36.31
704.146	37.13
704.327	30.81
704.509	34.33
704.69	31.17
704.872	37.73
705.053	30.6
705.235	37.62
705.416	30.17
705.598	35.7
705.779	32.29
705.961	34.61
706.142	30.04
706.323	33.27
706.505	37.24
706.686	27.43
706.867	31.3
707.049	31.42
707.23	40.41
707.411	33.03
707.593	39.54
707.774	39.16
707.955	36.36
708.136	28.77
708.318	30.4
708.499	37.53
708.68	30.63
708.861	40.77
709.042	37.24
709.223	32.69
709.404	38.36
709.585	34.81
709.767	36.74
709.948	35.18
710.129	42.85
710.31	30.96
710.491	41.95
710.672	35.89
710.853	22.72
711.034	37.21
711.214	31.82
711.395	28.17
711.576	35.89
711.757	36.8
711.938	37.59
712.119	35.49
712.3	43.68
712.481	33.6
712.661	30.2
712.842	32.4
713.023	33.49
713.204	34.95
713.384	32.5
713.565	31.25
713.746	40.06
713.926	38.68
714.107	28.94
714.288	32.32
714.468	38.35
714.649	33.43
714.83	40.47
715.01	45.34
715.191	37.24
715.371	15.74
715.552	38.28
715.732	46.93
715.913	33.31
716.093	46.74
716.274	39.08
716.454	39.71
716.635	32.94
716.815	39.66
716.995	44.41
717.176	33.31
717.356	25.8
717.536	54.36
717.717	29.93
717.897	31.95
718.077	40.1
718.258	35.96
718.438	24.97
718.618	45.11
718.798	30.27
718.978	29.2
719.159	30.22
719.339	44.8
719.519	34.93
719.699	46.26
719.879	27.19
720.059	40.44
720.239	35.14
720.419	46.47
720.599	38.94
720.779	41.15
720.959	32.56
721.139	37.58
721.319	29.99
721.499	58.38
721.679	31.88
721.859	40.64
722.039	37.73
722.219	46.59
722.399	20.07
722.579	25.9
722.759	36.69
722.938	32.81
723.118	38.65
723.298	35.57
723.478	40.74
723.658	34.86
723.837	43.23
724.017	31.82
724.197	9.51
724.376	40.24
724.556	25.6
724.736	46.36
724.915	32.72
725.095	34.86
725.275	38.74
725.454	40.1
725.634	57.43
725.813	35.07
725.993	45.55
726.172	42.13
726.352	38.77
726.531	36.8
726.711	16.6
726.89	40.98
727.07	50.14
727.249	46.43
727.428	38.23
727.608	35.97
727.787	24.46
727.966	41.28
728.146	41.87
728.325	43.89
728.504	46.86
728.684	48.38
728.863	46.32
729.042	41.24
729.221	9.88
729.4	31.43
729.58	32.68
729.759	40.99
729.938	40.82
730.117	50.79
730.296	33.63
730.475	64.27
730.654	39.27
730.833	45.02
731.013	25.95
731.192	24.6
731.371	40.13
731.55	60
731.729	38.58
731.907	39.16
732.086	45.79
732.265	16.98
732.444	7.89
732.623	31.75
732.802	39.41
732.981	26.55
733.16	30.51
733.339	38.26
733.517	26.55
733.696	43.33
733.875	53.23
734.054	28.12
734.232	44.01
734.411	53.93
734.59	28.73
734.768	35.21
734.947	44.16
735.126	20.02
735.304	45.84
735.483	59.66
735.662	47.69
735.84	21.45
736.019	36.51
736.197	37.87
736.376	37.65
736.554	84.98
736.733	43.26
736.911	46.23
737.09	29.6
737.268	38.19
737.447	38.31
737.625	35.61
737.803	45.35
737.982	51.68
738.16	59.09
738.338	24.18
738.517	43.05
738.695	49.98
738.873	46
739.052	44.85
739.23	27.01
739.408	27.6
739.586	64.65
739.764	28.58
739.943	39.78
740.121	63.04
740.299	64.15
740.477	39.13
740.655	28.48
740.833	60.21
741.011	36.16
741.189	60.96
741.367	48.95
741.545	2.04
741.723	28.45
741.901	43.33
742.079	68.17
742.257	57.2
742.435	48.76
742.613	24.35
742.791	43.15
742.969	31.38
743.147	31.66
743.325	57.13
743.503	38.99
743.68	46.61
743.858	17.21
744.036	12.63
744.214	19.19
744.391	15.36
744.569	33.05
744.747	41.07
744.925	47.76
745.102	28.7
745.28	-18.64
745.458	15.77
745.635	47.71
745.813	57.14
745.99	45.59
746.168	76.04
746.345	123.76
746.523	32.44
746.7	43.28
746.878	46.6
747.055	76.14
747.233	52.09
747.41	70.03
747.588	3.49
747.765	45.7
747.943	75.99
748.12	26.94
748.297	38.6
748.475	49.42
748.652	61.91
748.829	60.9
749.007	21.05
749.184	53.78
749.361	46.46
749.538	46.05
749.716	44.11
749.893	14.23
750.07	26.37
750.247	47.22
750.424	74.06
750.601	83.85
750.778	31.2
750.956	35.93
751.133	21.05
751.31	21.94
751.487	14.25
751.664	48.5
751.841	22.89
752.018	59.04
752.195	33.23
752.372	29.03
752.549	5.62
752.726	43.61
752.902	56.71
753.079	58.58
753.256	74.27
753.433	32.8
753.61	43.89
753.787	29.07
753.964	77.37
754.14	18.95
754.317	76.29
754.494	59.8
754.671	65.26
754.847	58.75
755.024	12.44
755.201	33.79
755.377	14.38
755.554	35.68
755.73	71.47
755.907	32.21
756.084	67.48
756.26	40.34
756.437	53.1
756.613	55.64
756.79	49.69
756.966	55.87
757.143	23.27
757.319	56.37
757.496	104.15
757.672	49.07
757.849	102.32
758.025	59.8
758.201	113.71
758.378	15.53
758.554	53.31
758.73	72.93
758.907	20.89
759.083	58.57
759.259	72.1
759.435	77.13
759.612	76.21
759.788	60.36
759.964	80.27
760.14	62.89
760.316	10.53
760.493	34.34
760.669	104.5
760.845	53.81
761.021	105.92
761.197	-42.86
761.373	33.59
761.549	58.33
761.725	16.14
761.901	19.75
762.077	68.23
762.253	25.44
762.429	79.89
762.605	31.97
762.781	43.25
762.957	62.78
763.133	83.87
763.308	2.38
763.484	37.28
763.66	98.62
763.836	3.21
764.012	52.58
764.187	40.71
764.363	89.77
764.539	53.97
764.715	31.74
764.89	-23.44
765.066	44.84
765.242	80.68
765.417	28.59
765.593	-17.47
765.769	39.32
765.944	16.8
766.12	78.37
766.295	56.23
766.471	12.87
766.646	55.31
766.822	-28.44
766.997	76.48
767.173	83.44
767.348	11.43
767.524	12.86
767.699	9.56
767.875	43.3
768.05	5.42
768.225	37.77
768.401	26.55
768.576	41.36
768.751	5.72
768.927	-58.74
769.102	55.53
769.277	-0.36
769.452	-29.35
769.628	75.07
769.803	102.87
769.978	100.41
770.153	-56.21
770.328	66.7
770.503	43.26
770.679	126.85
770.854	6.51
771.029	26.58
771.204	-17.88
771.379	54.52
771.554	48.06
771.729	155.82
771.904	81.04
772.079	63.82
772.254	79.82
772.429	26.8
772.604	42.62
772.779	116.14
772.953	21.51
773.128	82.71
773.303	24.51
773.478	67.99
773.653	36.8
773.828	39.92
774.002	221.53
774.177	-3.06
774.352	331.3
774.527	29.96
774.701	42.65
774.876	96.57
775.051	-110.7
775.225	82.24
775.4	8.81
775.575	73.32
775.749	17.38
775.924	67.41
776.098	-12.05
776.273	81.01
776.447	82.01
776.622	106.17
776.796	72.1
776.971	80.98
777.145	34.93
777.32	24.82
777.494	109.12
777.669	82.71
777.843	-90.88
778.017	77.06
778.192	74.15
778.366	-24.27
778.54	9.99
778.715	52.24
778.889	82.63
779.063	61.41
779.237	72.91
779.412	25.54
779.586	17.12
779.76	255.72
779.934	28.2
780.108	32.63
780.282	425.37
780.457	77.09
780.631	-81.34
780.805	34.64
780.979	49.25
781.153	60.61
781.327	62.24
781.501	25.62
781.675	37.61
781.849	8.38
782.023	72.85
782.197	46.33
782.371	-125.14
782.545	233.74
782.718	79.51
782.892	154.03
783.066	86.53
783.24	256.28
783.414	35.84
783.588	189.12
783.761	25.88
783.935	29.38
784.109	68.07
784.283	-23.48
784.456	362.56
784.63	135.36
784.804	91.62
784.977	69.74
785.151	158.69
785.324	45.54
785.498	31.66
785.672	66.72
785.845	61.2
786.019	-41.23
786.192	-33.77
786.366	76.3
786.539	116.95
786.713	84.2
786.886	42.44
787.06	93.35
787.233	108.66
787.406	-47.32
787.58	40.73
787.753	117.83
787.926	-101.49
788.1	204.29
788.273	-152.83
788.446	269
788.62	1461.29
788.793	30.66
788.966	129.28
789.139	134.37
789.313	-20.44
789.486	1500
789.659	197.14
789.832	58.97
790.005	55.71
790.178	268.14
790.351	21.39
790.524	7.12
790.697	52.49
790.87	-187.31
791.044	38.18
791.216	66.17
791.389	17.65
791.562	55.06
791.735	102.53
791.908	331.17
792.081	52.55
792.254	286.81
792.427	-79.18
792.6	-49.85
792.773	53.18
792.945	461.19
793.118	115.38
793.291	801.1
793.464	-98.3
793.637	292.64
793.809	67.51
793.982	20.06
794.155	171.1
794.327	10.84
794.5	263.08
794.673	207.69
794.845	-36.19
795.018	-59.39
795.19	-239.33
795.363	141.81
795.536	95.12
795.708	-1016.13
795.881	-8820
796.053	102.95
796.226	348
796.398	80.98
796.57	131.53
796.743	-56.85
796.915	-20.24
797.088	134.82
797.26	25.98
797.432	527.85
797.605	-91.44
797.777	-479.22
797.949	17.37
798.122	124.28
798.294	181.61
798.466	-77.14
798.638	-46.08
798.81	93.8
798.983	345.57
799.155	49.08
799.327	-29.64
799.499	86.32
799.671	-26.5
799.843	44.03
800.015	80.54
800.187	142.66
800.359	95.12
800.531	22.53
800.703	19.74
800.875	-33.97
801.047	41.27
801.219	9.22
801.391	-151.95
801.563	84.17
801.735	-12.7
801.907	314.72
802.079	-78.55
802.251	563.74
802.422	498.43
802.594	-214.29
802.766	46
802.938	57.85
803.11	11.02
803.281	85.43
803.453	79.28
803.625	49.37
803.796	69.11
803.968	32.47
804.14	12
804.311	9.49
804.483	186.1
804.654	135.77
804.826	217.24
804.998	120.32
805.169	105.41
805.341	-7.2
805.512	-288.82
805.684	95.48
805.855	95.23
806.026	152.31
806.198	395.71
806.369	-7.29
806.541	81.82
806.712	102.5
806.883	103.81
807.055	127.29
807.226	71.1
807.397	115.38
807.569	-82.3
807.74	74.68
807.911	-126.12
808.082	-146.64
808.253	-389.11
808.425	122.98
808.596	-158.43
808.767	58.27
808.938	71.8
809.109	-389.11
809.28	44.08
809.451	39.32
809.622	255.08
809.793	-435.48
809.964	425.22
810.135	96.61
810.306	-19.08
810.477	211.41
810.648	113.83
810.819	31.55
810.99	-1380
811.161	59.11
811.332	21.08
811.503	35.8
811.674	318.46
811.844	-752.31
812.015	268.34
812.186	336.81
812.357	27.04
812.527	110.76
812.698	140.41
812.869	-62.26
813.04	138.72
813.21	-155.17
813.381	-40.86
813.551	-65.07
813.722	167.55
813.893	96.58
814.063	70.72
814.234	-681.82
814.404	58.96
814.575	141.36
814.745	-422.12
814.916	70.93
815.086	32.21
815.257	106.28
815.427	160.12
815.598	89.96
815.768	70.56
815.938	16.49
816.109	18.22
816.279	6.31
816.449	28.1
816.62	-647.37
816.79	78.19
816.96	-945.28
817.13	5.28
817.301	111.17
817.471	-13.39
817.641	388.34
817.811	-24.09
817.981	-1414.29
818.152	197.63
818.322	-199.01
818.492	16.62
818.662	113.43
818.832	56.77
819.002	-17.71
819.172	-16.01
819.342	-143.93
819.512	-29.37
819.682	31.85
819.852	78.58
820.022	-21.95
820.192	-225.84
820.362	15.3
820.531	69.38
820.701	118.08
820.871	121.02
821.041	6.79
821.211	-33.97
821.381	87.53
821.55	85.53
821.72	-258.14
821.89	410.77
822.059	45.15
822.229	30.69
822.399	117.04
822.568	221
822.738	36.59
822.908	314.72
823.077	29.89
823.247	83.77
823.416	-1464.71
823.586	-59.36
823.756	178.31
823.925	451.9
824.095	941.86
824.264	-356.5
824.433	-177.88
824.603	82.03
824.772	2.45
824.942	-505.06
825.111	149.25
825.28	1.86
825.45	268.7
825.619	411.8
825.788	-37.08
825.958	-9.75
826.127	59.25
826.296	96.74
826.465	170.12
826.635	24.47
826.804	84.2
826.973	202.58
827.142	-31.91
827.311	-78.52
827.48	120.63
827.649	-12.23
827.818	101.57
827.988	-218.4
828.157	17.87
828.326	-132.89
828.495	58.64
828.664	-8.17
828.833	172.79
829.002	9.32
829.17	74.5
829.339	-25.63
829.508	-35.22
829.677	300
829.846	81.09
830.015	-21.13
830.184	-41.05
830.352	96.74
830.521	386.33
830.69	-51.22
830.859	1358.82
831.027	236.84
831.196	63.57
831.365	56.22
831.533	77.73
831.702	256.28
831.871	161.2
832.039	121.57
832.208	-65.22
832.377	-125.2
832.545	84.06
832.714	52.84
832.882	-24.32
833.051	-30.06
833.219	642.86
833.388	85.87
833.556	93.59
833.724	316.96
833.893	-15.03
834.061	2257.89
834.23	125.08
834.398	211.97
834.566	159.74
834.735	4928.57
834.903	-990.57
835.071	6300
835.239	-73.77
835.408	25.4
835.576	969.77
835.744	100.53
835.912	82.74
836.08	105.59
836.249	186.79
836.417	229.41
836.585	267.37
836.753	188.83
836.921	196.22
837.089	1328.57
837.257	-1458.14
837.425	-37.02
837.593	15.71
837.761	47.07
837.929	-0.98
838.097	50.84
838.265	63.86
838.433	87.54
838.601	-69.23
838.769	846.84
838.936	111.24
839.104	87.47
839.272	23.36
839.44	154.43
839.608	-343.9
839.775	36.14
839.943	163.33
840.111	73.46
840.279	88.37
840.446	-255.22
840.614	-463.64
840.781	185.22
840.949	54.25
841.117	71.95
841.284	-220.17
841.452	9.32
841.619	58.5
841.787	366.42
841.954	411.63
842.122	-12.14
842.289	28.3
842.457	75.64
842.624	354.67
842.792	133.58
842.959	-8.57
843.126	-38.03
843.294	-163.22
843.461	75.23
843.629	-160.8
843.796	38.23
843.963	-115.56
844.13	73.52
844.298	198.07
844.465	9.62
844.632	31.68
844.799	414.57
844.966	208.09
845.134	127.54
845.301	15.91
845.468	411.26
845.635	24.38
845.802	177.45
845.969	161.89
846.136	83.57
846.303	236.84
846.47	-2
846.637	-493.85
846.804	-963.16
846.971	-38.36
847.138	258.3
847.305	-294.69
847.472	103.04
847.639	122.95
847.805	86.74
847.972	-151.95
848.139	52.79
848.306	1878.95
848.473	604.48
848.639	156.81
848.806	-237.6
848.973	116.44
849.14	57.73
849.306	25.56
849.473	133.11
849.64	-87.69
849.806	167.94
849.973	150.81
850.139	300
850.306	66.71
850.472	136.16
850.639	-58.03
850.806	47.37
850.972	425.22
851.139	985.71
851.305	91.81
851.471	65.12
851.638	248.47
851.804	174.63
851.971	-19.29
852.137	46.64
852.303	162.13
852.47	16.64
852.636	-73.21
852.802	403.94
852.968	90.64
853.135	159.9
853.301	140.46
853.467	-22.62
853.633	55.28
853.8	103.57
853.966	-430.96
854.132	3042.86
854.298	98.54
854.464	205.62
854.63	104.37
854.796	165.76
854.962	472.66
855.128	24.3
855.294	-98.35
855.46	-161
855.626	40.94
855.792	8.11
855.958	346.6
856.124	12.88
856.29	371.52
856.456	31
856.622	65.11
856.787	1016.88
856.953	23.18
857.119	193.07
857.285	112.32
857.45	-73.14
857.616	59.38
857.782	-0.77
857.948	44.2
858.113	-72.7
858.279	-83.76
858.445	488.98
858.61	997.67
858.776	251.42
858.941	86.14
859.107	1.75
859.273	51.53
859.438	-169.37
859.604	-268.42
859.769	375.59
859.935	-793.07
860.1	130.93
860.265	76.53
860.431	-261.15
860.596	5442.86
860.762	107.58
860.927	79.04
861.092	48.67
861.258	-50.14
861.423	313.9
861.588	85.61
861.753	5271.43
861.919	-220.75
862.084	451.18
862.249	267.46
862.414	25.6
862.579	-102.03
862.745	17.94
862.91	273.43
863.075	-43.97
863.24	-30.06
863.405	-13.57
863.57	42.02
863.735	62.92
863.9	-517.7
864.065	20.37
864.23	78.36
864.395	-24.56
864.56	147.73
864.725	56.96
864.89	407.87
865.055	121.56
865.22	-199.66
865.384	-886.52
865.549	-26.21
865.714	-48.48
865.879	83.61
866.044	-30.49
866.208	139.21
866.373	-148.35
866.538	111.71
866.702	-258.69
866.867	-7.91
867.032	57.18
867.196	71.27
867.361	-151.2
867.526	-292.27
867.69	-12.33
867.855	365.93
868.019	1107.27
868.184	5.9
868.348	29.69
868.513	300
868.677	141.25
868.842	71.02
869.006	150.42
869.17	-62.26
869.335	-929.27
869.499	-294.17
869.663	331.79
869.828	-20.65
869.992	662.79
870.156	13.94
870.321	-220.82
870.485	33.92
870.649	62.53
870.813	-71.96
870.978	60
871.142	-789.23
871.306	32.7
871.47	247.45
871.634	300
871.798	-87.58
871.962	84.05
872.126	2871.43
872.29	-63.2
872.454	3728.57
872.618	-90.43
872.782	192.54
872.946	589.93
873.11	88.94
873.274	-60.69
873.438	-1958.82
873.602	53.03
873.766	-650.65
873.93	4.11
874.094	394.38
874.257	38.99
874.421	216.76
874.585	583.64
874.749	36.03
874.912	84.17
875.076	58.81
875.24	44.26
875.403	189.42
875.567	183.43
875.731	124.72
875.894	206.94
876.058	53.11
876.222	-306.74
876.385	197.49
876.549	-5.25
876.712	1063.64
876.876	-20.65
877.039	3.47
877.203	89.23
877.366	-68.87
877.529	-183.39
877.693	52.3
877.856	60
878.02	38.81
878.183	29.15
878.346	-292.21
878.51	-50.44
878.673	282.73
878.836	31.23
878.999	919.35
879.163	159.48
879.326	48.34
879.489	77.66
879.652	71.32
879.815	0.44
879.978	-140.82
880.142	275.84
880.305	150.93
880.468	7.95
880.631	134.48
880.794	34.49
880.957	446.34
881.12	1852.94
881.283	73.99
881.446	85.01
881.609	334.53
881.772	69.38
881.935	-2170.59
882.097	204.86
882.26	-1375.47
882.423	88.94
882.586	180.44
882.749	118.08
882.912	-1.84
883.074	97.82
883.237	60.52
883.4	26.26
883.562	23.67
883.725	-343.2
883.888	-2.36
884.05	-2340
884.213	82.63
884.376	51.72
884.538	73.58
884.701	73.58
884.863	73.58
