181.954	65.18
182.172	65.18
182.39	65.18
182.608	620
182.826	176.92
183.043	-84.68
183.261	83.11
183.479	125.22
183.697	4488.24
183.914	108.91
184.132	60.43
184.35	282.06
184.567	258.31
184.785	-57.52
185.003	152.96
185.22	69.96
185.438	28.98
185.656	-106.03
185.873	29.23
186.091	40.69
186.309	-389.66
186.526	198.64
186.744	45.54
186.961	-9.79
187.179	-20.38
187.396	19.31
187.614	-247.69
187.831	620
188.049	290.18
188.266	93.12
188.484	-494.03
188.701	-18.45
188.919	47.78
189.136	169.33
189.354	52.9
189.571	-3.32
189.789	-38.8
190.006	95.8
190.223	-61.08
190.441	57.05
190.658	2300
190.876	97.01
191.093	84.62
191.31	37.62
191.528	74.24
191.745	20.24
191.962	69.54
192.179	14.1
192.397	21.46
192.614	-57.98
192.831	-97.27
193.049	122.5
193.266	657.28
193.483	-39.73
193.7	675.38
193.917	150.09
194.135	521.58
194.352	-109.27
194.569	62.41
194.786	169.55
195.003	3.98
195.221	67.23
195.438	-70.32
195.655	159.3
195.872	91.19
196.089	47.11
196.306	28.84
196.523	118.18
196.74	-16.73
196.957	39.47
197.174	-215.74
197.391	78.47
197.608	39.19
197.825	287.1
198.042	-12.52
198.259	-1879.31
198.476	-1.52
198.693	-1300
198.91	-182.4
199.127	-565.67
199.344	70.04
199.561	24.86
199.778	35.42
199.995	-46.27
200.212	-224.14
200.429	138.86
200.646	188.61
200.862	264.04
201.079	0.78
201.296	-28.48
201.513	98.06
201.73	-2.58
201.947	45.91
202.163	89.98
202.38	253.76
202.597	47.59
202.814	95.25
203.03	5420
203.247	291.96
203.464	-10.52
203.681	-84.42
203.897	105.8
204.114	669.81
204.331	190.42
204.547	-518.6
204.764	119.38
204.981	1241.18
205.197	140
205.414	156.68
205.63	-596.55
205.847	153.27
206.064	74.55
206.28	76.57
206.497	96.53
206.713	169.34
206.93	56.18
207.146	46.69
207.363	-506.15
207.579	-86.81
207.796	-100
208.012	-132.88
208.229	-368.66
208.445	89.65
208.662	33.11
208.878	99.57
209.095	-452.94
209.311	-22.85
209.528	8814.29
209.744	99.23
209.96	-274.83
210.177	63.11
210.393	59.63
210.609	-6100
210.826	32.52
211.042	359.13
211.258	1010.45
211.475	66.84
211.691	-8.02
211.907	36.71
212.124	134.15
212.34	249.71
212.556	26.46
212.772	-126.37
212.989	201.99
213.205	-135.42
213.421	-232.66
213.637	114.93
213.853	-20.62
214.069	1163.16
214.286	92.42
214.502	-243.28
214.718	-24.76
214.934	103.97
215.15	33.77
215.366	112.85
215.582	27.21
215.798	109.49
216.015	95.14
216.231	-346.49
216.447	65.21
216.663	87.59
216.879	141.21
217.095	246.31
217.311	-733.96
217.527	60.36
217.743	74.76
217.959	375.47
218.175	88.15
218.391	107.19
218.606	-93.14
218.822	317.39
219.038	-55.08
219.254	185.47
219.47	36.97
219.686	156.18
219.902	94.09
220.118	35.94
220.334	34.11
220.549	-27.84
220.765	10.41
220.981	14.93
221.197	19.33
221.413	-100
221.628	507.59
221.844	601.89
222.06	400.97
222.276	-54.72
222.491	51.31
222.707	14.1
222.923	-647.65
223.139	46.9
223.354	54.84
223.57	-251.18
223.786	20.89
224.001	-35.14
224.217	151.9
224.432	80.35
224.648	125.49
224.864	-45.06
225.079	562.69
225.295	75.68
225.51	127.03
225.726	31.73
225.942	178.37
226.157	72.22
226.373	83.83
226.588	41.47
226.804	-668.42
227.019	189.45
227.235	80.48
227.45	55.16
227.665	2780
227.881	249.61
228.096	-131.3
228.312	13.15
228.527	25.91
228.743	-45.14
228.958	32.94
229.173	-590.43
229.389	-24.12
229.604	70.84
229.819	-37.87
230.035	-100
230.25	-176.97
230.465	119.57
230.681	-10.1
230.896	63.74
231.111	56.3
231.327	-43.7
231.542	-2740
231.757	-37.55
231.972	-19.43
232.187	-2.98
232.403	26.32
232.618	54.58
232.833	49.59
233.048	-187.27
233.263	-60.99
233.478	-360.87
233.694	67.44
233.909	867.74
234.124	41.52
234.339	19.77
234.554	-17.24
234.769	-55.81
234.984	-73.09
235.199	70.6
235.414	-344.25
235.629	188.61
235.844	61
236.059	37.57
236.274	168.28
236.489	-62.38
236.704	222.79
236.919	81.92
237.134	95.75
237.349	-19.06
237.564	-3.37
237.779	-36.68
237.994	160.43
238.209	135.82
238.424	-129.45
238.639	94.09
238.853	-8.4
239.068	84.89
239.283	-45.62
239.498	159.63
239.713	29.59
239.928	46.6
240.142	-77.03
240.357	-41.14
240.572	-116.9
240.787	-28.07
241.001	48.09
241.216	29.57
241.431	79.36
241.646	58.32
241.86	39.91
242.075	-769.77
242.29	-5.55
242.504	12.45
242.719	-10.56
242.934	353.54
243.148	-50.8
243.363	-80.87
243.577	-100
243.792	254.66
244.007	74.05
244.221	492.21
244.436	-82.09
244.65	290.18
244.865	150.24
245.079	276.68
245.294	-125.9
245.508	92.43
245.723	99.44
245.937	110.99
246.152	-55.65
246.366	112.01
246.581	-7.69
246.795	47.24
247.01	-81
247.224	63.56
247.438	18.03
247.653	50.14
247.867	75.77
248.081	30.6
248.296	660.98
248.51	53.98
248.724	32.05
248.939	114.93
249.153	37.14
249.367	66.72
249.582	83.11
249.796	-489.61
250.01	233.77
250.224	113.25
250.439	72.39
250.653	13.07
250.867	39.97
251.081	-54.5
251.295	-101.87
251.51	-100
251.724	236.69
251.938	252.42
252.152	-240.15
252.366	115.01
252.58	467.27
252.794	18.54
253.008	392.72
253.223	88.91
253.437	39.18
253.651	0.58
253.865	195.98
254.079	-17.4
254.293	77.96
254.507	-427.27
254.721	13.15
254.935	216.48
255.149	47.15
255.363	113.37
255.577	351.01
255.791	91.19
256.005	268.1
256.218	4.35
256.432	-17.14
256.646	27.62
256.86	41.97
257.074	114.9
257.288	4460
257.502	-218.68
257.716	105.71
257.929	70.39
258.143	8.07
258.357	52.65
258.571	298.52
258.785	4.22
258.998	67.35
259.212	56.18
259.426	50.67
259.64	120.6
259.853	91.85
260.067	88.29
260.281	74.95
260.494	76.39
260.708	197.03
260.922	28.13
261.135	84.35
261.349	-31.43
261.563	160.24
261.776	1311.76
261.99	32.4
262.203	122.83
262.417	124.73
262.63	54.58
262.844	21.35
263.058	-100
263.271	50.73
263.485	105.63
263.698	89.71
263.912	-18.3
264.125	-62.11
264.339	-5.51
264.552	-16.62
264.765	-360.87
264.979	95.61
265.192	102.72
265.406	29.59
265.619	-52.79
265.832	77.71
266.046	41.31
266.259	127.8
266.473	-487.1
266.686	103.77
266.899	23.01
267.113	-1780
267.326	73.85
267.539	-20.92
267.752	19.44
267.966	151.69
268.179	59.41
268.392	110.16
268.605	192.91
268.819	86.83
269.032	138.86
269.245	-118.46
269.458	147.97
269.671	82.28
269.885	72.95
270.098	-23.68
270.311	-373.42
270.524	-50.53
270.737	-53.96
270.95	233.77
271.163	155.12
271.376	751.61
271.589	127.85
271.802	26.77
272.016	-14.01
272.229	145.32
272.442	-187.45
272.655	71.06
272.868	8.86
273.081	-329.21
273.294	39.7
273.506	69.61
273.719	48.2
273.932	54.2
274.145	-2020
274.358	26.65
274.571	93.61
274.784	-167.92
274.997	52.25
275.21	-56.71
275.423	-81.64
275.635	56.78
275.848	145.5
276.061	-12.58
276.274	7.42
276.487	-162.61
276.699	-34.49
276.912	16.62
277.125	88.94
277.338	38.7
277.55	59.17
277.763	18.55
277.976	178.96
278.189	532.97
278.401	22.75
278.614	591.2
278.827	62.98
279.039	136.62
279.252	-56.5
279.464	-115.35
279.677	175.28
279.89	38.17
280.102	255.78
280.315	251.22
280.527	-731.58
280.74	-58.62
280.952	134.22
281.165	-13.17
281.377	104.21
281.59	-96.24
281.802	8.45
282.015	137.11
282.227	160.67
282.44	141.73
282.652	169.66
282.865	201.42
283.077	189.16
283.29	140.85
283.502	63.56
283.714	178.67
283.927	110.08
284.139	-156.65
284.351	-44.76
284.564	-189.84
284.776	83.57
284.988	1.77
285.201	-28.36
285.413	25.03
285.625	-158.38
285.838	72.21
286.05	72.36
286.262	192.25
286.474	-67.37
286.686	86.74
286.899	-175.34
287.111	83.53
287.323	55.52
287.535	232.67
287.747	97.55
287.959	32.26
288.172	-78.18
288.384	32.76
288.596	3.87
288.808	-167.92
289.02	239.62
289.232	84.62
289.444	4.97
289.656	-193.81
289.868	-100
290.08	3.07
290.292	-125.53
290.504	29.08
290.716	50.98
290.928	85.57
291.14	1044.19
291.352	82.67
291.564	41.18
291.776	67.56
291.988	275.46
292.2	-191
292.412	101.08
292.624	-60.66
292.835	956.72
293.047	43.15
293.259	-175.24
293.471	-273.76
293.683	-334.15
293.895	5.08
294.106	53.88
294.318	64.09
294.53	78.81
294.742	768.97
294.953	10.7
295.165	126.31
295.377	115.33
295.589	51.31
295.8	89.73
296.012	40.36
296.224	62.61
296.435	61.12
296.647	32.84
296.858	141.73
297.07	1173.85
297.282	49.14
297.493	25.67
297.705	133.14
297.916	36.56
298.128	125.61
298.34	27.52
298.551	126.97
298.763	8.86
298.974	61.65
299.186	48.2
299.397	-5.54
299.609	1138.71
299.82	69.41
300.031	60.09
300.243	1352.63
300.454	437.42
300.666	30.3
300.877	269.67
301.089	94.04
301.3	55.73
301.511	60.1
301.723	59.65
301.934	885.07
302.145	-23.87
302.357	107.37
302.568	236
302.779	63.15
302.99	-62.33
303.202	150.11
303.413	-36.59
303.624	-75.59
303.835	-779.25
304.047	-134.01
304.258	39.62
304.469	50.08
304.68	36.74
304.891	72.95
305.103	219.69
305.314	52.48
305.525	4357.14
305.736	-33.86
305.947	65.33
306.158	3711.76
306.369	61.92
306.58	-6.95
306.791	199.02
307.002	22.8
307.213	-53.03
307.424	-36.4
307.636	115.8
307.846	106.9
308.057	331.07
308.268	31.22
308.479	121.77
308.69	-14.17
308.901	72.4
309.112	67.44
309.323	-17.52
309.534	140.93
309.745	40.67
309.956	117.56
310.167	59.33
310.377	23.39
310.588	-70.22
310.799	123.48
311.01	-119.13
311.221	-30.34
311.432	22.16
311.642	54.11
311.853	-43.01
312.064	-1548.28
312.275	136.43
312.485	134.22
312.696	42.88
312.907	243.72
313.117	41.91
313.328	106.48
313.539	-14.07
313.749	1.24
313.96	-350.55
314.171	61.35
314.381	73.06
314.592	-17.31
314.802	23.04
315.013	184.47
315.224	29.49
315.434	-1552.63
315.645	3980
315.855	115.8
316.066	-100
316.276	196.82
316.487	192.68
316.697	38.3
316.908	7.66
317.118	106.65
317.329	12.07
317.539	51.81
317.749	312.02
317.96	-655.22
318.17	-24.84
318.381	71.43
318.591	-732.97
318.801	-11.43
319.012	-44.88
319.222	482.52
319.432	54.84
319.643	81.92
319.853	45.29
320.063	63.29
320.273	-6.69
320.484	58.24
320.694	277.14
320.904	42.37
321.114	142.7
321.325	686.21
321.535	-54.5
321.745	-56.41
321.955	98.17
322.165	-136.25
322.375	-29.11
322.585	-41.1
322.796	-58.62
323.006	126.48
323.216	156.24
323.426	-46.4
323.636	141.15
323.846	65.52
324.056	53.42
324.266	8.52
324.476	143.94
324.686	42.7
324.896	3.92
325.106	103.77
325.316	27.42
325.526	-2436.84
325.736	52.48
325.946	54.36
326.156	1131.17
326.366	-26.96
326.576	35.24
326.785	-27.64
326.995	90.37
327.205	237.69
327.415	318.98
327.625	145.26
327.835	-24.39
328.044	171.36
328.254	-277.39
328.464	-10.95
328.674	174.06
328.884	-22.3
329.093	-144.92
329.303	86.19
329.513	-107.45
329.722	1163.16
329.932	133.99
330.142	63.91
330.351	112.01
330.561	881.82
330.771	-64.58
330.98	-77.11
331.19	546.15
331.4	-53.36
331.609	38.67
331.819	573.17
332.028	16.57
332.238	168.47
332.447	65.93
332.657	119.27
332.866	83.71
333.076	46.43
333.285	17.26
333.495	1061.29
333.704	-390.58
333.914	31.47
334.123	101.83
334.333	546.15
334.542	50.41
334.752	823.08
334.961	375.47
335.17	-87.94
335.38	112.53
335.589	-3.21
335.798	116.84
336.008	229.67
336.217	-8.09
336.426	27.68
336.636	339.15
336.845	72.39
337.054	429.87
337.263	-46.62
337.473	6.15
337.682	114.98
337.891	63.92
338.1	-194.96
338.309	-6.05
338.519	156.95
338.728	30.21
338.937	-90.55
339.146	124.46
339.355	-733.96
339.564	1415.79
339.773	129.15
339.983	-69.41
340.192	-26.96
340.401	148.5
340.61	108.11
340.819	30.64
341.028	49.51
341.237	4205.88
341.446	14.39
341.655	42.93
341.864	87.68
342.073	-4.91
342.282	-45.06
342.491	134.73
342.699	156.31
342.908	-302.6
343.117	58.31
343.326	206.07
343.535	-296.36
343.744	-83.14
343.953	23.43
344.162	35.87
344.37	33.19
344.579	-82.09
344.788	62.66
344.997	58.12
345.206	5.54
345.414	86.17
345.623	236.53
345.832	-57.85
346.041	52.28
346.249	-27.39
346.458	47.09
346.667	34.85
346.875	77.29
347.084	47.02
347.293	39.96
347.501	70.62
347.71	6.44
347.918	-77.86
348.127	-20.88
348.336	-84.11
348.544	94.66
348.753	186.57
348.961	101.79
349.17	219.69
349.378	72.75
349.587	-40.45
349.795	16.5
350.004	195.38
350.212	90.13
350.421	-482.3
350.629	30.51
350.838	28.96
351.046	136.41
351.254	33.08
351.463	-13.89
351.671	-857.89
351.879	30.12
352.088	11.76
352.296	-259.29
352.504	179.45
352.713	84.62
352.921	192.91
353.129	3.49
353.338	-58.02
353.546	14.81
353.754	135.58
353.962	103.69
354.171	5.3
354.379	-1931.58
354.587	36.9
354.795	-6.19
355.003	67.35
355.212	182.78
355.42	760.38
355.628	203.61
355.836	-18.64
356.044	-38.05
356.252	57.86
356.46	21.31
356.668	712.31
356.876	30.54
357.084	127.18
357.292	46.43
357.5	-9.84
357.708	74.96
357.916	17.71
358.124	15.45
358.332	-243.28
358.54	-449.09
358.748	-162.34
358.956	6.26
359.164	44.05
359.372	84.62
359.58	150.36
359.788	12.97
359.996	96.42
360.203	-2.61
360.411	81.89
360.619	-166.33
360.827	25.94
361.035	172.39
361.242	163.93
361.45	-403.8
361.658	-60.19
361.866	14.39
362.073	99.29
362.281	65.45
362.489	34.71
362.697	12.07
362.904	34.14
363.112	127.11
363.32	-26.24
363.527	-6.09
363.735	-118.53
363.943	58.58
364.15	95.05
364.358	116.43
364.565	24.41
364.773	-23.05
364.98	-66.08
365.188	104.75
365.395	135.24
365.603	-38.98
365.81	16.43
366.018	55.09
366.225	67.15
366.433	-88.09
366.64	89.65
366.848	53.47
367.055	88.09
367.263	29.08
367.47	76.67
367.677	158.23
367.885	49
368.092	93.98
368.299	8.17
368.507	134.89
368.714	569.03
368.921	315.75
369.129	24.2
369.336	44.53
369.543	24.41
369.751	-5.73
369.958	-51.57
370.165	48.02
370.372	56.98
370.579	25.83
370.787	33.67
370.994	65.25
371.201	79.84
371.408	-19.44
371.615	26.91
371.822	-91.8
372.029	78.98
372.237	-230.29
372.444	250.27
372.651	-34.09
372.858	107.62
373.065	32.8
373.272	25.83
373.479	313.79
373.686	110.43
373.893	28.16
374.1	-134.45
374.307	-229.5
374.514	167.21
374.721	-24.54
374.928	305.19
375.135	11.15
375.341	6620
375.548	-35.52
375.755	25.95
375.962	2.04
376.169	1.17
376.376	-51.42
376.583	22.39
376.789	71.17
376.996	-125.83
377.203	5.81
377.41	-43.53
377.617	82.94
377.823	150.27
378.03	790.32
378.237	106.98
378.443	92
378.65	-688.68
378.857	-11.44
379.063	-221.52
379.27	-47.83
379.477	99.46
379.683	-90.19
379.89	48.89
380.097	33.86
380.303	72.03
380.51	70.38
380.716	6.26
380.923	-213.39
381.129	53.76
381.336	-71.65
381.542	0.47
381.749	43.55
381.955	46.69
382.162	58.72
382.368	32.18
382.575	66.02
382.781	-224.14
382.988	-33.46
383.194	-52.43
383.4	28.75
383.607	57.42
383.813	-42.44
384.02	27.14
384.226	16.61
384.432	-29.8
384.639	75.43
384.845	-1117.72
385.051	107.34
385.257	2.13
385.464	62.11
385.67	79.61
385.876	96.98
386.082	-136.61
386.289	17.59
386.495	60.39
386.701	13.36
386.907	-53.96
387.113	56.01
387.319	37
387.526	32.9
387.732	51.18
387.938	466.4
388.144	140
388.35	31.3
388.556	39.62
388.762	99.76
388.968	932.56
389.174	39.67
389.38	-22.25
389.586	3.8
389.792	46.56
389.998	-55.94
390.204	-23.03
390.41	54.76
390.616	68.22
390.822	9.91
391.028	68.77
391.234	47.35
391.439	109.71
391.645	38.58
391.851	74.14
392.057	-42.64
392.263	86.64
392.469	9.69
392.674	-23.83
392.88	-25.17
393.086	12.1
393.292	-60.51
393.498	-90.19
393.703	-10.52
393.909	-12.79
394.115	72.4
394.32	-20.4
394.526	18.12
394.732	78.74
394.937	89.41
395.143	-12.55
395.349	42.55
395.554	-172.36
395.76	47.47
395.965	-14.39
396.171	52.48
396.377	17.42
396.582	58.12
396.788	32.62
396.993	51.64
397.199	0.45
397.404	39.99
397.61	53.19
397.815	14.36
398.021	12.04
398.226	65.63
398.431	-7.88
398.637	-8.38
398.842	11.96
399.048	-0.46
399.253	54.27
399.458	27.89
399.664	-10.29
399.869	-3.9
400.074	38.8
400.28	31.36
400.485	-45.89
400.69	11.6
400.896	-3.65
401.101	11.86
401.306	12.29
401.511	5.13
401.716	-15.46
401.922	-3.21
402.127	-9.61
402.332	7.41
402.537	21.29
402.742	3.87
402.947	52.6
403.153	-4.07
403.358	22.66
403.563	26.76
403.768	33.43
403.973	14.24
404.178	5.84
404.383	-5.55
404.588	5.69
404.793	18.85
404.998	31.94
405.203	4.9
405.408	3.91
405.613	10.82
405.818	21.71
406.023	8.63
406.228	10.46
406.433	-0.51
406.638	-3.55
406.842	15.19
407.047	8.82
407.252	9.11
407.457	6.1
407.662	4.39
407.867	-1.3
408.071	12.23
408.276	6.88
408.481	18.45
408.686	3.35
408.891	12.05
409.095	9.72
409.3	7.27
409.505	4.78
409.709	3.6
409.914	8.41
410.119	8.77
410.323	0.67
410.528	3.26
410.733	8.12
410.937	5.46
411.142	5.92
411.346	6.02
411.551	4.5
411.756	5.39
411.96	7.44
412.165	3.06
412.369	8.38
412.574	-0.56
412.778	1.68
412.983	2.63
413.187	7.91
413.392	1.57
413.596	5.76
413.8	7.96
414.005	10.29
414.209	1.71
414.414	0.33
414.618	2.2
414.822	3.14
415.027	5.4
415.231	4.35
415.435	5.47
415.64	4.97
415.844	3.79
416.048	7.46
416.252	5.22
416.457	5.62
416.661	4.53
416.865	3.61
417.069	4.11
417.274	3.94
417.478	4.4
417.682	3.64
417.886	1.98
418.09	4.02
418.294	4.87
418.498	5.17
418.702	5.05
418.907	5.73
419.111	2.84
419.315	3.38
419.519	5.31
419.723	0.76
419.927	4.07
420.131	4.93
420.335	4.36
420.539	2.05
420.743	6.11
420.947	1.35
421.151	3.32
421.355	3.16
421.558	4.66
421.762	2.78
421.966	4.14
422.17	4.34
422.374	3.99
422.578	3.06
422.782	3.59
422.985	3.18
423.189	3.29
423.393	3.54
423.597	2.88
423.801	3.87
424.004	4.06
424.208	2.84
424.412	2.74
424.615	3.62
424.819	3.65
425.023	3.34
425.226	2.8
425.43	3.51
425.634	3.49
425.837	2.45
426.041	3.93
426.245	3.75
426.448	3.75
426.652	3.51
426.855	2.21
427.059	2.95
427.262	3.11
427.466	2.56
427.669	2.45
427.873	3.2
428.076	2.86
428.28	2.85
428.483	3.29
428.687	2.83
428.89	2.89
429.094	2.23
429.297	3.04
429.5	3.03
429.704	3.51
429.907	3.38
430.11	2.86
430.314	3.32
430.517	3
430.72	3.72
430.924	3.4
431.127	3.03
431.33	3.07
431.533	3.4
431.737	2.65
431.94	2.84
432.143	3.08
432.346	2.72
432.549	2.98
432.752	2.75
432.956	3.18
433.159	2.29
433.362	2.38
433.565	2.77
433.768	2.86
433.971	2.29
434.174	3
434.377	2.49
434.58	3.13
434.783	2.1
434.986	3.19
435.189	3.09
435.392	2.75
435.595	3.11
435.798	2.57
436.001	3.2
436.204	3.14
436.407	2.83
436.61	2.51
436.813	2.94
437.016	3.06
437.219	2.85
437.421	2.84
437.624	2.87
437.827	2.51
438.03	2.88
438.233	2.13
438.435	2.79
438.638	2.93
438.841	2.72
439.044	2.62
439.246	2.42
439.449	2.19
439.652	2.73
439.854	2.75
440.057	2.42
440.26	2.74
440.462	2.69
440.665	2.5
440.868	2.65
441.07	2.79
441.273	2.99
441.475	2.61
441.678	2.92
441.88	2.81
442.083	2.55
442.286	2.59
442.488	2.37
442.69	3.08
442.893	2.62
443.095	2.5
443.298	2.39
443.5	2.51
443.703	2.38
443.905	2.54
444.108	2.58
444.31	2.74
444.512	2.46
444.715	2.74
444.917	2.76
445.119	2.74
445.322	2.22
445.524	2.91
445.726	2.59
445.928	2.66
446.131	2.81
446.333	2.47
446.535	2.57
446.737	2.2
446.94	2.96
447.142	2.53
447.344	2.77
447.546	2.58
447.748	2.66
447.95	2.51
448.152	2.89
448.354	2.71
448.557	2.91
448.759	2.78
448.961	2.44
449.163	2.61
449.365	2.89
449.567	2.74
449.769	2.76
449.971	2.69
450.173	2.96
450.375	2.52
450.577	2.44
450.779	2.63
450.981	2.72
451.182	2.78
451.384	2.54
451.586	2.99
451.788	2.73
451.99	2.81
452.192	2.51
452.394	2.55
452.595	2.98
452.797	2.62
452.999	2.86
453.201	3.15
453.402	2.94
453.604	2.93
453.806	2.84
454.008	2.88
454.209	2.73
454.411	2.65
454.613	2.83
454.814	2.93
455.016	3.12
455.218	2.53
455.419	2.76
455.621	2.86
455.822	2.35
456.024	2.69
456.225	3.26
456.427	3.16
456.629	2.41
456.83	3.05
457.032	2.97
457.233	2.42
457.435	2.84
457.636	2.95
457.837	2.61
458.039	2.36
458.24	2.8
458.442	3.19
458.643	2.19
458.844	3.12
459.046	2.8
459.247	3.72
459.448	2.7
459.65	2.77
459.851	2.71
460.052	3.03
460.254	2.9
460.455	3.5
460.656	2.99
460.857	2.92
461.059	2.3
461.26	2.15
461.461	2.52
461.662	2.78
461.863	3.53
462.065	2.62
462.266	2.25
462.467	2.79
462.668	1.95
462.869	3.33
463.07	2.67
463.271	3.33
463.472	2.8
463.673	3
463.874	3.02
464.075	2.54
464.276	2.57
464.477	3.42
464.678	4.04
464.879	2.75
465.08	2.55
465.281	3.78
465.482	3.62
465.683	2.9
465.884	2.25
466.085	2.75
466.285	3.24
466.486	3.46
466.687	3.78
466.888	3.55
467.089	2.26
467.29	2.85
467.49	2.73
467.691	2.87
467.892	3.16
468.093	3.56
468.293	3.28
468.494	2.79
468.695	3.31
468.895	3.21
469.096	2.12
469.297	3.66
469.497	2.09
469.698	3.69
469.898	2.57
470.099	3.46
470.3	4.12
470.5	3.49
470.701	4.79
470.901	4.22
471.102	3.6
471.302	2.89
471.503	3.61
471.703	3.79
471.904	3.46
472.104	3.22
472.305	2.14
472.505	2.98
472.705	3.12
472.906	3.64
473.106	2.95
473.306	1.37
473.507	3.58
473.707	3.56
473.907	2.41
474.108	2.18
474.308	3.02
474.508	2.98
474.709	3.59
474.909	2.67
475.109	1.9
475.309	2.94
475.51	1.59
475.71	4.18
475.91	3.23
476.11	0.19
476.31	2.4
476.51	3.9
476.71	2.01
476.911	4.11
477.111	2.7
477.311	1.88
477.511	3.32
477.711	2.45
477.911	2.14
478.111	3.68
478.311	4.07
478.511	3.05
478.711	5.27
478.911	2.21
479.111	2.39
479.311	3.19
479.511	3.91
479.711	1.49
479.91	1.48
480.11	3.64
480.31	3.09
480.51	2.57
480.71	2.77
480.91	3.3
481.109	2.24
481.309	2.41
481.509	2.2
481.709	4.34
481.909	3.15
482.108	2.61
482.308	2.25
482.508	3.46
482.707	5.78
482.907	2.17
483.107	2.33
483.306	2.79
483.506	2.61
483.706	3.91
483.905	3.82
484.105	3.8
484.304	2.24
484.504	1.25
484.704	3.74
484.903	2.42
485.103	3.34
485.302	2.43
485.502	2.67
485.701	3.63
485.901	1.55
486.1	3.29
486.299	2.21
486.499	1.69
486.698	3.86
486.898	2.22
487.097	1.85
487.296	1.85
487.496	3.13
487.695	2.58
487.894	2.05
488.094	2.85
488.293	2.18
488.492	2.11
488.692	2.12
488.891	2.39
489.09	2.65
489.289	2.8
489.489	2.07
489.688	1.58
489.887	2.57
490.086	3.19
490.285	3.17
490.484	3.23
490.683	2.78
490.883	4.35
491.082	3.89
491.281	2.32
491.48	2.86
491.679	2.87
491.878	4.4
492.077	3.27
492.276	4.12
492.475	3.18
492.674	2.64
492.873	3.06
493.072	3.21
493.271	2.9
493.47	2.4
493.669	1.42
493.867	3.28
494.066	3.47
494.265	3.26
494.464	3.03
494.663	2.12
494.862	2
495.06	1.49
495.259	1.16
495.458	3.35
495.657	2.61
495.856	2.2
496.054	2.36
496.253	1.96
496.452	2.61
496.65	1.82
496.849	2.5
497.048	2.78
497.246	1.69
497.445	2.42
497.644	2.86
497.842	3.17
498.041	2.77
498.239	2.4
498.438	3.48
498.636	2.46
498.835	2.98
499.034	2.61
499.232	2.56
499.431	2.03
499.629	1.97
499.827	1.98
500.026	2.43
500.224	2.99
500.423	1.86
500.621	2.46
500.82	3.65
501.018	2.96
501.216	2.25
501.415	2.25
501.613	2.16
501.811	2.96
502.01	3.7
502.208	2.24
502.406	2.92
502.604	3.46
502.803	3.06
503.001	2.82
503.199	2.19
503.397	2.45
503.595	3.02
503.794	1.88
503.992	2.02
504.19	2.27
504.388	2.79
504.586	2.08
504.784	1.92
504.982	2.47
505.18	2.74
505.378	1.81
505.576	2.54
505.774	2.57
505.972	2.19
506.17	3.1
506.368	2.76
506.566	3.03
506.764	2.29
506.962	2.53
507.16	2.44
507.358	2.64
507.556	2.68
507.754	3.38
507.952	3.16
508.15	2.9
508.347	2.84
508.545	2.4
508.743	2.27
508.941	2.46
509.139	3.43
509.336	2.97
509.534	3.11
509.732	2.47
509.93	2.6
510.127	3.03
510.325	2.43
510.523	2.75
510.72	3.02
510.918	3.02
511.116	3.03
511.313	2.28
511.511	2.58
511.708	2.55
511.906	3.5
512.104	2.72
512.301	2.79
512.499	3.34
512.696	2.4
512.894	2.61
513.091	2.38
513.289	2.42
513.486	2.87
513.683	2.81
513.881	2.68
514.078	2.95
514.276	2.89
514.473	2.57
514.67	2.94
514.868	2.4
515.065	2.77
515.262	3.16
515.46	2.5
515.657	3.09
515.854	3
516.052	2.35
516.249	2.81
516.446	2.92
516.643	2.74
516.84	2.83
517.038	2.99
517.235	2.45
517.432	2.62
517.629	2.81
517.826	2.63
518.023	3.24
518.221	2.88
518.418	3
518.615	3.06
518.812	2.69
519.009	3.08
519.206	2.76
519.403	2.69
519.6	2.75
519.797	2.66
519.994	2.58
520.191	3.35
520.388	3.25
520.585	3.05
520.782	3.09
520.978	2.92
521.175	3.23
521.372	3.32
521.569	2.93
521.766	2.63
521.963	2.46
522.159	2.99
522.356	3
522.553	2.93
522.75	3.12
522.947	3.4
523.143	2.93
523.34	3.27
523.537	3.21
523.733	2.97
523.93	3.2
524.127	3
524.323	3.08
524.52	3.27
524.717	2.95
524.913	3.18
525.11	3.1
525.306	3.21
525.503	2.96
525.7	3.09
525.896	2.67
526.093	3.1
526.289	3.29
526.486	2.98
526.682	3.04
526.878	3.06
527.075	3.37
527.271	3.4
527.468	3.49
527.664	3.35
527.861	3.32
528.057	3.1
528.253	3.27
528.45	2.86
528.646	3.39
528.842	3.27
529.039	2.9
529.235	3.25
529.431	3.26
529.627	3.32
529.824	3.62
530.02	3.61
530.216	2.87
530.412	3.42
530.608	3.37
530.804	3.43
531.001	3.47
531.197	3.36
531.393	3.51
531.589	3.31
531.785	3.34
531.981	3.39
532.177	3.61
532.373	3.43
532.569	3.1
532.765	3.32
532.961	3.18
533.157	3.04
533.353	3.48
533.549	3.37
533.745	3.37
533.941	3.36
534.137	3.67
534.333	3.03
534.529	3.49
534.725	3.31
534.92	3.67
535.116	3.09
535.312	3.28
535.508	3.15
535.704	3.42
535.899	3.44
536.095	3.62
536.291	3.35
536.487	3.21
536.682	3.31
536.878	3.62
537.074	3.24
537.269	3.39
537.465	3.41
537.661	3.77
537.856	3.46
538.052	3.68
538.248	3.65
538.443	3.48
538.639	3.6
538.834	3.72
539.03	3.82
539.225	3.74
539.421	3.63
539.616	3.55
539.812	3.69
540.007	3.94
540.203	3.74
540.398	3.87
540.593	4
540.789	3.99
540.984	3.67
541.18	3.82
541.375	3.67
541.57	4.06
541.766	4.16
541.961	3.65
542.156	3.84
542.352	3.87
542.547	3.54
542.742	4.14
542.937	3.89
543.133	4.14
543.328	4
543.523	3.97
543.718	3.6
543.913	4.32
544.108	3.7
544.304	4.03
544.499	4.24
544.694	3.81
544.889	4.21
545.084	4.39
545.279	4.35
545.474	4.21
545.669	4.11
545.864	3.73
546.059	4.1
546.254	3.79
546.449	4.13
546.644	4.05
546.839	3.94
547.034	4.05
547.229	4.3
547.424	4.33
547.618	4.19
547.813	4.52
548.008	4.44
548.203	4.56
548.398	4.44
548.593	4.4
548.787	4.25
548.982	4.51
549.177	4.23
549.372	4.36
549.566	4.4
549.761	4.5
549.956	4.16
550.15	4.57
550.345	4.64
550.54	4.8
550.734	4.56
550.929	4.44
551.124	4.73
551.318	4.56
551.513	4.55
551.707	4.69
551.902	4.47
552.096	4.69
552.291	4.8
552.485	4.47
552.68	4.88
552.874	4.73
553.069	4.67
553.263	4.86
553.458	4.57
553.652	4.86
553.847	4.78
554.041	5.01
554.235	4.98
554.43	4.8
554.624	4.86
554.818	4.8
555.013	4.82
555.207	4.94
555.401	5.09
555.595	5.24
555.79	4.64
555.984	5.43
556.178	5.09
556.372	5.48
556.566	5.06
556.761	5.03
556.955	5.18
557.149	5.51
557.343	5.38
557.537	5.32
557.731	5.34
557.925	5.13
558.119	4.95
558.313	4.89
558.507	4.97
558.701	5.35
558.895	5.73
559.089	5.44
559.283	5.74
559.477	5.44
559.671	5.39
559.865	5.63
560.059	5.31
560.253	5.57
560.447	5.5
560.641	5.64
560.835	5.7
561.028	5.9
561.222	5.7
561.416	5.84
561.61	5.13
561.804	5.33
561.997	5.66
562.191	5.42
562.385	5.69
562.579	5.31
562.772	6.1
562.966	5.69
563.16	5.89
563.353	5.8
563.547	5.96
563.741	5.73
563.934	5.81
564.128	5.7
564.321	5.99
564.515	6.17
564.708	5.86
564.902	6.11
565.095	6.04
565.289	6.21
565.482	6.36
565.676	6.06
565.869	6.08
566.063	6.24
566.256	6.12
566.45	5.78
566.643	6.16
566.836	5.97
567.03	6.64
567.223	6.07
567.416	6.4
567.61	6.51
567.803	6.33
567.996	6.47
568.19	6.44
568.383	6.03
568.576	6.25
568.769	6.41
568.963	6.47
569.156	6.69
569.349	6.64
569.542	6.62
569.735	6.37
569.928	6.67
570.121	6.55
570.315	6.75
570.508	6.54
570.701	6.81
570.894	6.87
571.087	6.3
571.28	7.28
571.473	6.91
571.666	6.65
571.859	6.77
572.052	6.5
572.245	6.96
572.438	6.93
572.631	7.37
572.824	6.98
573.016	6.94
573.209	7.11
573.402	7.1
573.595	7
573.788	6.94
573.981	7.37
574.173	7.21
574.366	7.25
574.559	6.98
574.752	7.09
574.944	7.25
575.137	7.3
575.33	7.17
575.523	7.54
575.715	7.36
575.908	7.17
576.101	7.01
576.293	7.33
576.486	6.84
576.678	7.33
576.871	7.46
577.063	7.73
577.256	7.49
577.449	7.56
577.641	7.5
577.834	7.39
578.026	7.54
578.219	7.58
578.411	7.65
578.603	7.68
578.796	7.3
578.988	7.52
579.181	7.56
579.373	7.48
579.565	7.59
579.758	7.77
579.95	7.78
580.142	7.57
580.335	7.82
580.527	8.11
580.719	8.05
580.912	7.6
581.104	8.23
581.296	7.78
581.488	8
581.68	8.15
581.873	7.86
582.065	7.94
582.257	8.36
582.449	8.12
582.641	8.12
582.833	8.05
583.025	8
583.217	8.27
583.41	8.62
583.602	8.42
583.794	8.29
583.986	8.62
584.178	8.11
584.37	8.34
584.562	8.21
584.753	8.44
584.945	8.33
585.137	8.18
585.329	8.47
585.521	8.73
585.713	8.55
585.905	8.82
586.097	8.59
586.289	8.45
586.48	9.07
586.672	8.74
586.864	8.62
587.056	8.96
587.247	8.59
587.439	8.6
587.631	8.86
587.823	8.79
588.014	9.44
588.206	9.21
588.398	8.9
588.589	9.22
588.781	9.17
588.972	9.03
589.164	8.9
589.356	9.22
589.547	9.22
589.739	9
589.93	9.82
590.122	8.73
590.313	9.24
590.505	9.34
590.696	9.35
590.888	8.71
591.079	9.45
591.271	9.53
591.462	9.43
591.653	9.58
591.845	9.43
592.036	9.67
592.227	9.89
592.419	9.56
592.61	9.6
592.801	9.8
592.993	10.15
593.184	9.93
593.375	9.79
593.566	9.94
593.758	9.62
593.949	9.75
594.14	9.69
594.331	9.94
594.522	10.21
594.713	9.96
594.905	9.81
595.096	9.99
595.287	10.05
595.478	10.4
595.669	9.94
595.86	10.19
596.051	9.64
596.242	10.24
596.433	10.39
596.624	10.48
596.815	10.37
597.006	10.46
597.197	10.27
597.388	10.36
597.579	10.28
597.77	10.68
597.96	10.65
598.151	10.77
598.342	10.27
598.533	10.44
598.724	10.34
598.915	10.92
599.105	10.63
599.296	11.04
599.487	10.24
599.678	11.09
599.868	11.37
600.059	10.88
600.25	11.11
600.44	11.04
600.631	11.24
600.822	11.16
601.012	11.48
601.203	11.06
601.394	10.98
601.584	11.17
601.775	11.03
601.965	11.47
602.156	11.24
602.346	11.88
602.537	10.95
602.727	11.57
602.918	11.57
603.108	11.49
603.299	11.61
603.489	11.81
603.679	11.48
603.87	11.52
604.06	12.23
604.251	12.03
604.441	11.44
604.631	11.39
604.822	11.72
605.012	12.31
605.202	11.69
605.392	11.42
605.583	11.91
605.773	12.1
605.963	12.29
606.153	11.82
606.344	11.71
606.534	12.26
606.724	12.8
606.914	12.25
607.104	11.68
607.294	12.06
607.484	12.53
607.674	12.31
607.864	11.93
608.054	12.9
608.245	12.76
608.435	12.71
608.625	12.7
608.814	12.12
609.004	12.58
609.194	12.33
609.384	12.95
609.574	12.84
609.764	12.6
609.954	12.36
610.144	12.7
610.334	13.12
610.524	12.99
610.713	13.28
610.903	13.16
611.093	13
611.283	13.01
611.473	13.09
611.662	12.73
611.852	12.53
612.042	12.56
612.231	12.9
612.421	12.95
612.611	13.31
612.8	12.76
612.99	12.9
613.18	13.26
613.369	13.04
613.559	13.4
613.748	12.82
613.938	13.23
614.128	13.32
614.317	13.12
614.507	13.63
614.696	13.05
614.886	13.37
615.075	13.26
615.264	13.66
615.454	13.71
615.643	13.64
615.833	13.07
616.022	13.43
616.211	14.05
616.401	13.88
616.59	14.12
616.779	13.91
616.969	13.89
617.158	13.32
617.347	14.14
617.537	14.03
617.726	13.89
617.915	13.08
618.104	13.71
618.293	14.5
618.483	13.61
618.672	14.25
618.861	15.04
619.05	14.45
619.239	14.34
619.428	14.63
619.617	14.2
619.806	14.51
619.995	13.93
620.184	13.49
620.373	14.14
620.562	14.23
620.751	14.07
620.94	14.18
621.129	14.68
621.318	14.25
621.507	14.45
621.696	14.72
621.885	13.72
622.074	14.68
622.263	14.37
622.452	14.52
622.64	14.4
622.829	14.22
623.018	14.63
623.207	14.55
623.396	14.6
623.584	14.57
623.773	15.66
623.962	14.06
624.15	14.88
624.339	14.67
624.528	15.27
624.716	15.17
624.905	14.71
625.094	15.1
625.282	14.88
625.471	14.55
625.659	14.64
625.848	14.67
626.037	14.56
626.225	15.79
626.414	15
626.602	15.07
626.791	15.12
626.979	14.87
627.167	15.43
627.356	15.52
627.544	15.16
627.733	15.74
627.921	14.91
628.109	15.67
628.298	15.5
628.486	15.14
628.674	15.7
628.863	15.41
629.051	15.83
629.239	15.91
629.428	16.01
629.616	16.52
629.804	15.58
629.992	15.97
630.18	15.19
630.369	15.95
630.557	15.87
630.745	14.91
630.933	16.04
631.121	16.05
631.309	16.08
631.497	16.45
631.685	15.67
631.873	14.65
632.061	15.14
632.249	16.44
632.437	16.6
632.625	15.9
632.813	16.4
633.001	16.58
633.189	15.93
633.377	16.73
633.565	14.77
633.753	15.59
633.941	16.89
634.129	15.94
634.316	15.93
634.504	16.67
634.692	16.79
634.88	16.36
635.068	16.89
635.255	16.33
635.443	16.68
635.631	16.33
635.818	17.69
636.006	16.33
636.194	16.47
636.382	15.32
636.569	16.78
636.757	16.48
636.944	17.25
637.132	17.06
637.32	17.81
637.507	17.14
637.695	16.13
637.882	17.22
638.07	17.53
638.257	17.45
638.445	16.31
638.632	16.46
638.82	16.98
639.007	16.53
639.194	17.28
639.382	17.19
639.569	16.68
639.757	17.6
639.944	15.98
640.131	16.31
640.319	16.44
640.506	17.78
640.693	17.89
640.88	16.68
641.068	18.05
641.255	17.08
641.442	17.19
641.629	16.23
641.817	17.59
642.004	17.17
642.191	17.67
642.378	17.02
642.565	17.39
642.752	16.9
642.939	17.2
643.126	17.55
643.313	17.39
643.501	17.65
643.688	16.88
643.875	17.38
644.062	17.86
644.249	15.59
644.435	16.53
644.622	17.52
644.809	17.07
644.996	17.47
645.183	17.42
645.37	17.83
645.557	17.05
645.744	16.41
645.931	17.19
646.117	16.17
646.304	17.11
646.491	17.14
646.678	17.76
646.865	17.35
647.051	17.71
647.238	17.94
647.425	16.35
647.611	16.47
647.798	17.29
647.985	16.44
648.171	17.13
648.358	17.8
648.545	18.42
648.731	16.82
648.918	18.23
649.104	17.37
649.291	16.5
649.477	17.31
649.664	17.43
649.85	16.63
650.037	17.77
650.223	16.95
650.41	17.06
650.596	16.81
650.783	17.92
650.969	18.42
651.155	17.44
651.342	15.68
651.528	17.3
651.714	17.64
651.901	18.24
652.087	16.96
652.273	16.28
652.46	17.89
652.646	17.54
652.832	16.43
653.018	17.16
653.204	18.22
653.391	17.18
653.577	17.19
653.763	17.05
653.949	17.68
654.135	17.78
654.321	17.87
654.507	17.86
654.693	17.76
654.879	18.66
655.065	16.01
655.252	16.9
655.438	18.24
655.624	17.43
655.809	18.07
655.995	16.4
656.181	17.35
656.367	18.61
656.553	17.7
656.739	17.76
656.925	19.06
657.111	18.66
657.297	18.57
657.482	17.99
657.668	17.67
657.854	17.66
658.04	16.28
658.226	16.97
658.411	17.31
658.597	17.47
658.783	17.69
658.968	18
659.154	17.32
659.34	18.51
659.525	15.48
659.711	17.62
659.897	16.61
660.082	16.88
660.268	17.72
660.453	17.69
660.639	17.02
660.824	17.19
661.01	19.03
661.195	17.2
661.381	17.46
661.566	17.28
661.752	15.27
661.937	16.6
662.123	16.09
662.308	15.99
662.494	16.16
662.679	18.29
662.864	17.25
663.05	16.69
663.235	17.05
663.42	16.41
663.605	17.2
663.791	18.49
663.976	14.42
664.161	17.33
664.346	17.39
664.532	16.33
664.717	17.34
664.902	16.97
665.087	19.53
665.272	18.72
665.457	14.8
665.642	14.84
665.828	15.33
666.013	18.74
666.198	14.14
666.383	16.67
666.568	16.78
666.753	17.6
666.938	15.22
667.123	16.8
667.308	16.61
667.493	16.18
667.677	13.91
667.862	16.66
668.047	17.6
668.232	16.76
668.417	17.28
668.602	16.15
668.787	17.49
668.971	16.54
669.156	16.97
669.341	15.89
669.526	16.32
669.711	18.1
669.895	14.46
670.08	14.74
670.265	17.11
670.449	17.97
670.634	16.13
670.819	15.83
671.003	15.67
671.188	16.36
671.372	16.68
671.557	18.19
671.742	17.5
671.926	14.27
672.111	17.45
672.295	15.19
672.48	14.34
672.664	14.46
672.849	14.24
673.033	16.22
673.217	16.93
673.402	16.29
673.586	14.34
673.771	15.98
673.955	18.37
674.139	16.36
674.324	16.5
674.508	15.84
674.692	16.78
674.876	16.94
675.061	21.27
675.245	17.43
675.429	15.83
675.613	14.92
675.798	17.6
675.982	16.73
676.166	19.34
676.35	18.61
676.534	17.13
676.718	15.75
676.902	18.21
677.087	15.61
677.271	14.98
677.455	17.15
677.639	14.72
677.823	17.5
678.007	19.91
678.191	18.64
678.375	16.88
678.559	19.73
678.742	16.83
678.926	18.4
679.11	20.45
679.294	19.22
679.478	15.68
679.662	19.85
679.846	20.37
680.029	20.11
680.213	17.62
680.397	19.46
680.581	20.1
680.765	19.9
680.948	19.73
681.132	18.45
681.316	17.78
681.499	19.39
681.683	20.57
681.867	21.2
682.05	20.71
682.234	18.19
682.417	21.43
682.601	24.92
682.785	22.93
682.968	18.7
683.152	22.12
683.335	23.12
683.519	19.64
683.702	21.69
683.886	21
684.069	20.43
684.253	22.49
684.436	23.81
684.619	22.85
684.803	20.25
684.986	22.12
685.169	23.24
685.353	23.28
685.536	22.83
685.719	23.3
685.903	21.04
686.086	20.02
686.269	25.81
686.452	20.18
686.636	27.08
686.819	21.93
687.002	27.95
687.185	21.71
687.368	27.14
687.551	24.98
687.734	28.54
687.918	25.11
688.101	22.33
688.284	27.95
688.467	28.16
688.65	28.45
688.833	27.07
689.016	30.03
689.199	26.26
689.382	29.98
689.565	27.84
689.748	27.07
689.93	27.02
690.113	27.79
690.296	27.97
690.479	30.27
690.662	27.04
690.845	25.04
691.028	25.75
691.21	29.97
691.393	28.97
691.576	31.36
691.759	25.07
691.941	32.32
692.124	24.87
692.307	28.59
692.489	31.01
692.672	25.93
692.855	25.65
693.037	32.76
693.22	33.8
693.403	28.9
693.585	31.85
693.768	28.84
693.95	29.25
694.133	31.72
694.315	35.82
694.498	30.46
694.68	31.15
694.863	34.86
695.045	31.59
695.228	28.08
695.41	32.96
695.592	33.49
695.775	31.44
695.957	36.75
696.139	29.76
696.322	34.83
696.504	38.9
696.686	30.36
696.869	34.01
697.051	35.09
697.233	37.28
697.415	35.03
697.597	32.51
697.78	34.65
697.962	30.55
698.144	36.22
698.326	34.09
698.508	34
698.69	31
698.872	35.61
699.055	32.37
699.237	34.92
699.419	32.97
699.601	30.9
699.783	33.61
699.965	40.5
700.147	32.96
700.329	32.19
700.51	34.61
700.692	40.22
700.874	35.22
701.056	39.17
701.238	36.67
701.42	38.96
701.602	34.16
701.783	41.47
701.965	28.81
702.147	42.81
702.329	35.92
702.511	37.39
702.692	42.23
702.874	34.77
703.056	32.28
703.237	37.03
703.419	37.09
703.601	42.33
703.782	36.82
703.964	44.76
704.146	42.54
704.327	41.99
704.509	38.31
704.69	33
704.872	37.43
705.053	36.95
705.235	36.14
705.416	29.84
705.598	39.97
705.779	38.8
705.961	40
706.142	40.76
706.323	45.15
706.505	39.58
706.686	32.87
706.867	34.28
707.049	36.58
707.23	41.98
707.411	38.06
707.593	34.76
707.774	34.21
707.955	30.49
708.136	31.87
708.318	37.88
708.499	27.36
708.68	40.06
708.861	37.11
709.042	33.98
709.223	32.48
709.404	38.31
709.585	37.55
709.767	34.94
709.948	35.77
710.129	41.07
710.31	27.44
710.491	32.55
710.672	32.21
710.853	28.07
711.034	38.72
711.214	33.47
711.395	36.81
711.576	43.24
711.757	36.93
711.938	32.37
712.119	28.32
712.3	44.6
712.481	29.21
712.661	39.15
712.842	31.97
713.023	39.35
713.204	38.77
713.384	37.51
713.565	37.03
713.746	36.69
713.926	33.72
714.107	41.39
714.288	34.63
714.468	39.3
714.649	43.9
714.83	37.4
715.01	45.1
715.191	26.88
715.371	34.23
715.552	44.37
715.732	40.93
715.913	50.57
716.093	44.15
716.274	36.23
716.454	44.61
716.635	47.2
716.815	45.03
716.995	37.03
717.176	44.58
717.356	19.71
717.536	39.27
717.717	33.01
717.897	36.39
718.077	35.24
718.258	42.66
718.438	41.04
718.618	49.66
718.798	45.7
718.978	34.43
719.159	38.54
719.339	39.2
719.519	37.76
719.699	41.67
719.879	48.85
720.059	28.3
720.239	40.82
720.419	48.74
720.599	39.89
720.779	58.43
720.959	28.49
721.139	37.49
721.319	27.85
721.499	50.45
721.679	29.13
721.859	28.92
722.039	30.13
722.219	43.73
722.399	36.9
722.579	47.66
722.759	39.47
722.938	31.99
723.118	32.2
723.298	33.19
723.478	23.18
723.658	45.36
723.837	43.15
724.017	54.46
724.197	41.42
724.376	30.9
724.556	25.81
724.736	59.03
724.915	30.88
725.095	42.24
725.275	50.76
725.454	39.99
725.634	70.17
725.813	36.86
725.993	41.01
726.172	41.74
726.352	45.25
726.531	49.59
726.711	26.34
726.89	43.09
727.07	51.9
727.249	31.4
727.428	29.08
727.608	27.51
727.787	49.55
727.966	41.54
728.146	31.53
728.325	44.1
728.504	40.5
728.684	41.44
728.863	43.06
729.042	20.04
729.221	41.52
729.4	27.3
729.58	43.09
729.759	41.9
729.938	55.51
730.117	53.56
730.296	45.08
730.475	45.48
730.654	42.64
730.833	39.9
731.013	47.76
731.192	55
731.371	39.99
731.55	55.55
731.729	38.06
731.907	66.92
732.086	46.46
732.265	38.66
732.444	17.43
732.623	59.27
732.802	48.46
732.981	26.84
733.16	52.68
733.339	27.46
733.517	55.21
733.696	38.66
733.875	38.23
734.054	25.21
734.232	44.69
734.411	43.15
734.59	33.05
734.768	50.23
734.947	44.03
735.126	30.98
735.304	36.96
735.483	50.05
735.662	62.78
735.84	38.22
736.019	49.42
736.197	60.03
736.376	48.05
736.554	86.82
736.733	47.22
736.911	45.14
737.09	27.05
737.268	24.76
737.447	57.38
737.625	57.24
737.803	24.68
737.982	57.19
738.16	45.2
738.338	51.36
738.517	32.74
738.695	55.71
738.873	37.87
739.052	43.22
739.23	28.73
739.408	25.2
739.586	58.93
739.764	27.88
739.943	59.57
740.121	33.44
740.299	14.89
740.477	41.91
740.655	71.94
740.833	46.92
741.011	33.27
741.189	55.96
741.367	77.7
741.545	16.57
741.723	27.46
741.901	31.28
742.079	36.67
742.257	34.49
742.435	16.82
742.613	42.15
742.791	78.55
742.969	48.77
743.147	49.26
743.325	40.42
743.503	51.14
743.68	41.63
743.858	85.76
744.036	52.22
744.214	-3.17
744.391	25.99
744.569	35.98
744.747	44.22
744.925	35.71
745.102	42.03
745.28	59.65
745.458	41.36
745.635	43.01
745.813	79.35
745.99	36.61
746.168	67.8
746.345	82.69
746.523	36.53
746.7	17.91
746.878	45.85
747.055	36.64
747.233	70.37
747.41	97.73
747.588	20.91
747.765	38.16
747.943	70.46
748.12	18.44
748.297	42.7
748.475	48.68
748.652	53.68
748.829	61.97
749.007	38.62
749.184	44.55
749.361	64.7
749.538	55.98
749.716	51.06
749.893	23.51
750.07	55.6
750.247	43.56
750.424	61.67
750.601	112.72
750.778	29.16
750.956	27.69
751.133	34.72
751.31	45.54
751.487	33
751.664	29.65
751.841	65.63
752.018	31.67
752.195	30.13
752.372	33.9
752.549	-4.24
752.726	59.39
752.902	56.46
753.079	49.81
753.256	64.6
753.433	40.81
753.61	50.29
753.787	21.92
753.964	46.73
754.14	26.36
754.317	58.54
754.494	30.93
754.671	54.66
754.847	42.71
755.024	53.48
755.201	60.06
755.377	59.87
755.554	62.56
755.73	-11.28
755.907	35.93
756.084	69.43
756.26	60.04
756.437	63.03
756.613	39.64
756.79	28.63
756.966	42.74
757.143	46.43
757.319	29.22
757.496	90.23
757.672	54.14
757.849	101.96
758.025	27.97
758.201	35.94
758.378	35.5
758.554	-1.32
758.73	55.63
758.907	49.15
759.083	28.96
759.259	23.13
759.435	72.22
759.612	43.86
759.788	55.54
759.964	61.01
760.14	39.84
760.316	7.54
760.493	53.8
760.669	71.74
760.845	59.48
761.021	64.01
761.197	19.01
761.373	77.6
761.549	73.94
761.725	52.69
761.901	46.31
762.077	60.04
762.253	43.5
762.429	74.98
762.605	33.25
762.781	31.14
762.957	52.29
763.133	44.79
763.308	14.16
763.484	62.3
763.66	32.05
763.836	74.1
764.012	-1.03
764.187	9.58
764.363	42.33
764.539	1.42
764.715	54.31
764.89	-25.25
765.066	12.27
765.242	38.3
765.417	97.74
765.593	11.54
765.769	105.43
765.944	53.25
766.12	71.43
766.295	18.22
766.471	24.8
766.646	65.03
766.822	106.08
766.997	10.36
767.173	16.09
767.348	43.63
767.524	4.09
767.699	51.59
767.875	43.89
768.05	18.74
768.225	38.93
768.401	44.67
768.576	126.31
768.751	28.08
768.927	-14.11
769.102	82.16
769.277	53.1
769.452	34.18
769.628	94.1
769.803	40.45
769.978	92.2
770.153	-59.58
770.328	85.61
770.503	79.72
770.679	27.45
770.854	4.2
771.029	65.92
771.204	-4.64
771.379	-26.88
771.554	95.96
771.729	35.17
771.904	43.83
772.079	2.46
772.254	112.32
772.429	183.71
772.604	6.11
772.779	68.04
772.953	0.61
773.128	34.3
773.303	9.2
773.478	62.41
773.653	16.98
773.828	100.76
774.002	174.66
774.177	20.95
774.352	-26.96
774.527	61.38
774.701	65.72
774.876	97.38
775.051	227.27
775.225	-16.6
775.4	24.05
775.575	19.3
775.749	5.42
775.924	27.62
776.098	-1.34
776.273	56.84
776.447	80.59
776.622	74.6
776.796	-35.46
776.971	-140.1
777.145	18.82
777.32	52.04
777.494	77.49
777.669	28.84
777.843	25.08
778.017	72.54
778.192	47.67
778.366	22.75
778.54	82.34
778.715	50.81
778.889	120.35
779.063	39.1
779.237	83.66
779.412	41.8
779.586	87.59
779.76	28.41
779.934	59
780.108	80.87
780.282	-619.4
780.457	44.37
780.631	25.95
780.805	12.72
780.979	-225.37
781.153	81.07
781.327	88.41
781.501	47.61
781.675	-19.53
781.849	-6.68
782.023	3.25
782.197	45.73
782.371	-182.29
782.545	187.12
782.718	175.62
782.892	168.34
783.066	40.28
783.24	283.81
783.414	-10.82
783.588	168.58
783.761	45.81
783.935	113.21
784.109	113.78
784.283	66.96
784.456	246.92
784.63	124.8
784.804	83.95
784.977	-25.95
785.151	30.09
785.324	-13.25
785.498	101.79
785.672	-9.06
785.845	62.2
786.019	93.36
786.192	43.05
786.366	18.24
786.539	78.98
786.713	47.14
786.886	51.3
787.06	37.76
787.233	124.15
787.406	15.77
787.58	-22.08
787.753	47.47
787.926	11.52
788.1	91.41
788.273	-847.17
788.446	46.13
788.62	906.45
788.793	53.91
788.966	45.98
789.139	-5.35
789.313	99.46
789.486	-7300
789.659	119.43
789.832	31.47
790.005	81.57
790.178	197.35
790.351	145.7
790.524	-71.53
790.697	-9.53
790.87	-26.9
791.044	838.18
791.216	81.87
791.389	86.1
791.562	140.82
791.735	-221.52
791.908	289.61
792.081	70.29
792.254	-73.63
792.427	-144.61
792.6	99.42
792.773	39.65
792.945	43.28
793.118	69.73
793.291	-60.44
793.464	-69.36
793.637	275.46
793.809	-48.34
793.982	-21.48
794.155	96.42
794.327	76.39
794.5	66.15
794.673	6.88
794.845	-221.4
795.018	-118.27
795.19	-32.58
795.363	2.26
795.536	203.33
795.708	287.1
795.881	3020
796.053	-79.79
796.226	2.86
796.398	26.48
796.57	91.79
796.743	-86.01
796.915	-20.84
797.088	108.91
797.26	-251.18
797.432	386.08
797.605	47.59
797.777	-380.52
797.949	-178.76
798.122	15.64
798.294	142.15
798.466	92
798.638	99.37
798.81	150.14
798.983	978.48
799.155	50.21
799.327	-149.16
799.499	62.58
799.671	90.81
799.843	78.47
800.015	44.75
800.187	64.38
800.359	91.57
800.531	103.24
800.703	40.9
800.875	8.25
801.047	52.77
801.219	-140.96
801.391	-380.52
801.563	-169.06
801.735	75.9
801.907	209.2
802.079	40.06
802.251	-429.67
802.422	221.26
802.594	-302.6
802.766	42.55
802.938	152.91
803.11	2.86
803.281	-20.53
803.453	49.48
803.625	42.06
803.796	32.53
803.968	72.54
804.14	-14.11
804.311	-7.57
804.483	172.54
804.654	107.15
804.826	197.18
804.998	419.79
805.169	-132.43
805.341	322.4
805.512	26.71
805.684	42.92
805.855	91.56
806.026	601.54
806.198	91.41
806.369	30.09
806.541	141.68
806.712	181.22
806.883	128.88
807.055	144.49
807.226	-183.24
807.397	-100
807.569	-57.52
807.74	84.35
807.911	71.43
808.082	-175.34
808.253	-76.24
808.425	206.69
808.596	-437.08
808.767	124.46
808.938	-147.21
809.109	-159.41
809.28	-156.87
809.451	48.65
809.622	47.59
809.793	867.74
809.964	505.22
810.135	107.46
810.306	66.47
810.477	117.45
810.648	-14.77
810.819	85.85
810.99	-4660
811.161	-135.69
811.332	-93.51
811.503	73.45
811.674	176.92
811.844	-764.62
812.015	64.64
812.186	430.06
812.357	69.96
812.527	65.21
812.698	93.35
812.869	307.55
813.04	47.61
813.21	1182.76
813.381	-118.68
813.551	-103.38
813.722	198.52
813.893	19.44
814.063	111.41
814.234	-601.82
814.404	156.59
814.575	58.64
814.745	-354.87
814.916	68.13
815.086	66.74
815.257	185.2
815.427	157.67
815.598	-20.19
815.768	18.84
815.938	78.18
816.109	225.51
816.279	56.02
816.449	186.4
816.62	3121.05
816.79	117.68
816.96	-824.53
817.13	14.4
817.301	-191.37
817.471	-60.33
817.641	474.23
817.811	110.22
817.981	-4900
818.152	8.06
818.322	-28.71
818.492	78.43
818.662	124.73
818.832	81.41
819.002	-33.45
819.172	220.28
819.342	4.05
819.512	58.93
819.682	17.91
819.852	42.34
820.022	75.61
820.192	-639.33
820.362	17.07
820.531	-21.82
820.701	57.43
820.871	50.51
821.041	122.62
821.211	-3.26
821.381	-64.09
821.55	180.85
821.72	-44.19
821.89	324.62
822.059	8.87
822.229	33.74
822.399	190.58
822.568	219.75
822.738	-100
822.908	179.75
823.077	-126.57
823.247	15.54
823.416	-2570.59
823.586	-67.91
823.756	25.07
823.925	203.8
824.095	737.21
824.264	-186.1
824.433	-259.29
824.603	131.74
824.772	-37.87
824.942	-24.05
825.111	-69.85
825.28	-100
825.45	-37.39
825.619	190.68
825.788	-464.04
825.958	49.14
826.127	31.66
826.296	232.25
826.465	156.94
826.635	139.27
826.804	20.98
826.973	165.68
827.142	140
827.311	-108.05
827.48	145.05
827.649	46.71
827.818	211.81
827.988	-90.4
828.157	212.23
828.326	-115.92
828.495	-21.81
828.664	30.74
828.833	162.9
829.002	-241.61
829.17	117.45
829.339	-15.58
829.508	128.34
829.677	-113.48
829.846	34.22
830.015	-66.2
830.184	31.37
830.352	216.61
830.521	3.6
830.69	1158.54
830.859	394.12
831.027	2931.58
831.196	-33.09
831.365	-57.97
831.533	109.04
831.702	94.33
831.871	9.88
832.039	53.94
832.208	-308.7
832.377	589.76
832.545	-4.37
832.714	73.24
832.882	16.38
833.051	74.46
833.219	7442.86
833.388	7.06
833.556	11.95
833.724	175.62
833.893	-20.64
834.061	2363.16
834.23	30.17
834.398	71.43
834.566	180.52
834.735	4357.14
834.903	-9.43
835.071	-340
835.239	-68.52
835.408	111.44
835.576	569.77
835.744	26.65
835.912	56.63
836.08	131.96
836.249	-484.91
836.417	131.02
836.585	284.29
836.753	125.61
836.921	-74.05
837.089	-5071.43
837.257	-323.26
837.425	-176.6
837.593	28.68
837.761	-40.98
837.929	-10.1
838.097	130.84
838.265	9.48
838.433	-162.95
838.601	-39.52
838.769	401.27
838.936	-369.66
839.104	119.07
839.272	121.68
839.44	23.17
839.608	-773.17
839.775	67.5
839.943	165.15
840.111	16.64
840.279	-34.71
840.446	-171.64
840.614	180.52
840.781	-47.83
840.949	94.01
841.117	166.06
841.284	-141.2
841.452	56.52
841.619	-13.88
841.787	258.67
841.954	11.63
842.122	-134.68
842.289	107.89
842.457	-38.81
842.624	222.55
842.792	-100
842.959	-154.86
843.126	143.38
843.294	-114.59
843.461	-56.5
843.629	197.6
843.796	1.08
843.963	-193.39
844.13	65.63
844.298	140.93
844.465	179.88
844.632	26.71
844.799	-118.09
844.966	78.72
845.134	118.44
845.301	22.64
845.468	241.72
845.635	73.85
845.802	17.45
845.969	-7.93
846.136	159.72
846.303	-1426.32
846.47	39.01
846.637	-616.92
846.804	152.63
846.971	-170.82
847.138	131.66
847.305	-492.92
847.472	34.95
847.639	175.41
847.805	65.52
847.972	133.77
848.139	-27.9
848.306	-1615.79
848.473	1386.57
848.639	-1.18
848.806	-128.8
848.973	115.68
849.14	5.99
849.306	-73.09
849.473	170.2
849.64	-893.85
849.806	-82.78
849.973	-9.19
850.139	432.45
850.306	67.73
850.472	223.25
850.639	-25.25
850.806	-605.26
850.972	181.74
851.139	7614.29
851.305	56.14
851.471	-87.19
851.638	238.65
851.804	795.52
851.971	-41.46
852.137	24.38
852.303	109.36
852.47	46.43
852.636	20.57
852.802	476.38
852.968	206.38
853.135	9.64
853.301	-287.28
853.467	159.67
853.633	24.51
853.8	90.6
853.966	-240.1
854.132	10357.14
854.298	-117.52
854.464	61.8
854.63	93.61
854.796	355.59
854.962	383.45
855.128	78.51
855.294	21.24
855.46	-8.5
855.626	-31.51
855.792	-16.6
855.958	74.76
856.124	-136.81
856.29	225.83
856.456	26.09
856.622	37.87
856.787	507.79
856.953	26.32
857.119	-575.25
857.285	161.61
857.45	133.22
857.616	26.48
857.782	7.42
857.948	253.61
858.113	-194.2
858.279	-45.18
858.445	-24.41
858.61	848.84
858.776	16.6
858.941	-40.59
859.107	-32.79
859.273	44
859.438	-15.87
859.604	-1173.68
859.769	-81.1
859.935	-349.5
860.1	78.25
860.265	70.51
860.431	-48.2
860.596	3328.57
860.762	43.44
860.927	73.37
861.092	119.3
861.258	-89.8
861.423	154.83
861.588	105.46
861.753	1271.43
861.919	-824.53
862.084	466.93
862.249	286.44
862.414	-13.99
862.579	40.1
862.745	-30.72
862.91	81.55
863.075	56.35
863.24	100.39
863.405	-69.85
863.57	1.63
863.735	206.38
863.9	-397.35
864.065	65.14
864.23	181.79
864.395	-1.78
864.56	92.15
864.725	613.92
864.89	331.46
865.055	140.89
865.22	39.25
865.384	-59.55
865.549	121.36
865.714	-7.26
865.879	-48.85
866.044	45.57
866.208	236.48
866.373	467.03
866.538	63
866.702	-229.84
866.867	11.78
867.032	24.24
867.196	125.32
867.361	370.4
867.526	-208.15
867.69	-109.86
867.855	282.42
868.019	620
868.184	10.09
868.348	-9.9
868.513	-990.32
868.677	16.73
868.842	14.49
869.006	18.98
869.17	-1118.87
869.335	-129.27
869.499	16.5
869.663	360.93
869.828	-31.98
869.992	513.95
870.156	74.51
870.321	-22.58
870.485	-84.04
870.649	153.3
870.813	-86.72
870.978	-89.79
871.142	-856.92
871.306	-117.06
871.47	110.22
871.634	353.54
871.798	295.03
871.962	159.68
872.126	-1128.57
872.29	-4.12
872.454	6928.57
872.618	198.56
872.782	114.93
872.946	77.18
873.11	-81.91
873.274	-79.19
873.438	394.12
873.602	121.64
873.766	-801.3
873.93	-53.97
874.094	34.83
874.257	106.9
874.421	212.14
874.585	903.64
874.749	-32.27
874.912	176.26
875.076	221.59
875.24	-119.67
875.403	129.35
875.567	126.29
875.731	-100
875.894	-31.43
876.058	-54.07
876.222	-207.87
876.385	219.6
876.549	85.06
876.712	-209.09
876.876	108.91
877.039	284.56
877.203	60.19
877.366	-53.31
877.529	22.97
877.693	39.48
877.856	294.52
878.02	35.52
878.183	103.13
878.346	554.55
878.51	399.12
878.673	107.19
878.836	28.71
878.999	132.26
879.163	99.53
879.326	50.38
879.489	122.34
879.652	69.78
879.815	49.78
879.978	-65.71
880.142	471.81
880.305	175.78
880.468	4.1
880.631	84.62
880.794	-47.94
880.957	163.41
881.12	-523.53
881.283	66.82
881.446	57.95
881.609	314.39
881.772	111.07
881.935	1311.76
882.097	133.25
882.26	-190.57
882.423	177.39
882.586	152.4
882.749	113.41
882.912	-77.91
883.074	34.79
883.237	50.98
883.4	-128.65
883.562	44.37
883.725	-234.4
883.888	41.73
884.05	3020
884.213	45.91
884.376	60.12
884.538	91.42
884.701	91.42
884.863	91.42
