181.954	16.19
182.172	16.19
182.39	16.19
182.608	4960
182.826	334.07
183.043	-125.96
183.261	-11.99
183.479	114.96
183.697	894.12
183.914	-8.1
184.132	245.99
184.35	303.14
184.567	14.65
184.785	92.04
185.003	20.57
185.22	-89.27
185.438	59.12
185.656	122.61
185.873	12.31
186.091	45.32
186.309	1682.76
186.526	383.71
186.744	108.92
186.961	-56.49
187.179	-72.04
187.396	-10.71
187.614	-24.62
187.831	-3440
188.049	215.95
188.266	33.56
188.484	-1176.12
188.701	120.39
188.919	98.52
189.136	271.32
189.354	-44.79
189.571	-185.78
189.789	115.3
190.006	72.37
190.223	419.46
190.441	69.12
190.658	-10914.29
190.876	71.1
191.093	-325.27
191.31	47.55
191.528	62.76
191.745	135.47
191.962	82.94
192.179	49.84
192.397	-124.7
192.614	-15.56
192.831	-15.49
193.049	-46.91
193.266	190.29
193.483	1.18
193.7	566.15
193.917	73.13
194.135	313.67
194.352	-174.52
194.569	63.49
194.786	148.6
195.003	12.18
195.221	-24.26
195.438	132.86
195.655	140.7
195.872	139.66
196.089	67.95
196.306	-54.74
196.523	-2.51
196.74	419.59
196.957	34.06
197.174	-184.77
197.391	115.85
197.608	37.12
197.825	-1341.94
198.042	36.77
198.259	772.41
198.476	224.92
198.693	-2240
198.91	34.33
199.127	382.09
199.344	152.23
199.561	337.57
199.778	19.22
199.995	-101.49
200.212	-262.07
200.429	223.7
200.646	156.96
200.862	116.85
201.079	-31.1
201.296	105.96
201.513	-159.22
201.73	-38.38
201.947	51.61
202.163	128.26
202.38	108.67
202.597	149.73
202.814	123.39
203.03	8560
203.247	116.58
203.464	14.53
203.681	337.66
203.897	99.21
204.114	400
204.331	89.41
204.547	37.21
204.764	121.39
204.981	-658.82
205.197	119.15
205.414	2.14
205.63	606.9
205.847	231.16
206.064	-320
206.28	23.98
206.497	-40.69
206.713	164.33
206.93	-13.88
207.146	99.4
207.363	-227.69
207.579	-61.54
207.796	-343.36
208.012	38.36
208.229	149.25
208.445	46.87
208.662	53.11
208.878	63.07
209.095	400
209.311	39.04
209.528	2285.71
209.744	-40.15
209.96	161.59
210.177	178.64
210.393	29.4
210.609	2080
210.826	127.61
211.042	86.96
211.258	220.9
211.475	59.89
211.691	-16.77
211.907	-465.82
212.124	62.29
212.34	166.86
212.556	76.81
212.772	215.38
212.989	90.07
213.205	-131.37
213.421	-227.14
213.637	-208.96
213.853	-1.56
214.069	400
214.286	46.65
214.502	-692.54
214.718	-149.22
214.934	223.23
215.15	34.1
215.366	57.58
215.582	43.82
215.798	104.54
216.015	88.22
216.231	49.73
216.447	48.56
216.663	170.72
216.879	20.1
217.095	544.97
217.311	-324.53
217.527	159.47
217.743	-170.87
217.959	150.94
218.175	23.71
218.391	201.44
218.606	98.29
218.822	-38.26
219.038	-17.11
219.254	129.68
219.47	6.95
219.686	440.45
219.902	67.81
220.118	29.09
220.334	0.47
220.549	49.89
220.765	22.28
220.981	7.89
221.197	51.4
221.413	-602.2
221.628	-70.89
221.844	807.55
222.06	178.64
222.276	6.86
222.491	-39.23
222.707	97.05
222.923	13.42
223.139	45.15
223.354	87.34
223.57	324.41
223.786	48.78
224.001	-132.82
224.217	-5.83
224.432	205.78
224.648	138.23
224.864	79.04
225.079	-11.94
225.295	-25.81
225.51	237.84
225.726	45.97
225.942	27.59
226.157	29.07
226.373	-54.47
226.588	36.21
226.804	-421.05
227.019	26.13
227.235	7.35
227.45	66.57
227.665	14080
227.881	107.09
228.096	128.7
228.312	-130.02
228.527	110.02
228.743	290.29
228.958	43.15
229.173	-372.17
229.389	141.45
229.604	-9.61
229.819	-74.11
230.035	-159.72
230.25	8.16
230.465	47.66
230.681	9.12
230.896	-64.3
231.111	47.47
231.327	107.92
231.542	-8000
231.757	118.96
231.972	-19.79
232.187	88.51
232.403	-673.68
232.618	-47.46
232.833	92.08
233.048	683.64
233.263	-65.77
233.478	107.83
233.694	-548.84
233.909	-838.71
234.124	109.21
234.339	-10.96
234.554	2262.07
234.769	39.66
234.984	-25.11
235.199	101.45
235.414	123.89
235.629	-921.52
235.844	-7.87
236.059	85.36
236.274	37.46
236.489	-186.83
236.704	20.53
236.919	148.1
237.134	59.44
237.349	206.45
237.564	93.14
237.779	-11.61
237.994	-34.04
238.209	187
238.424	-490.8
238.639	80.87
238.853	55.57
239.068	-67.67
239.283	-24.17
239.498	77.04
239.713	-25.05
239.928	6.31
240.142	-47.85
240.357	151.5
240.572	-39.44
240.787	63.22
241.001	68.09
241.216	27.04
241.431	71.17
241.646	14.99
241.86	-138.12
242.075	-1023.26
242.29	75.85
242.504	-40.94
242.719	-151.55
242.934	-403.15
243.148	9.11
243.363	-48.29
243.577	-220.22
243.792	118.22
244.007	66.56
244.221	275.32
244.436	95.52
244.65	282.21
244.865	-293.84
245.079	152.47
245.294	-420.14
245.508	92.65
245.723	-9.01
245.937	-74.73
246.152	-87.89
246.366	39.79
246.581	-85.15
246.795	-277.3
247.01	-8.44
247.224	54
247.438	-24.36
247.653	60.44
247.867	58.59
248.081	-33.68
248.296	1190.24
248.51	14.42
248.724	23.66
248.939	256.72
249.153	32.65
249.367	4.52
249.582	-18.53
249.796	-270.13
250.01	-164.24
250.224	-16.8
250.439	4.51
250.653	170.21
250.867	10.98
251.081	-100.47
251.295	-18.04
251.51	-90.21
251.724	-152.52
251.938	310.78
252.152	-29.2
252.366	36.8
252.58	-58.18
252.794	8.66
253.008	169.54
253.223	64.75
253.437	31.35
253.651	-3.73
253.865	87.95
254.079	-54.3
254.293	48.9
254.507	705.45
254.721	63.52
254.935	-351.65
255.149	105.71
255.363	96.16
255.577	190.6
255.791	-2.71
256.005	215.95
256.218	9.6
256.432	-35.81
256.646	-32.25
256.86	105.92
257.074	131.85
257.288	2080
257.502	109.89
257.716	-47.73
257.929	41.09
258.143	82.55
258.357	179.51
258.571	-7.38
258.785	-82.38
258.998	55.78
259.212	191.76
259.426	-197.31
259.64	169.89
259.853	-126.65
260.067	88.06
260.281	88.22
260.494	9.64
260.708	198.02
260.922	-119.92
261.135	33
261.349	-33.61
261.563	47.23
261.776	2447.06
261.99	61.65
262.203	2.2
262.417	-2.83
262.63	90.85
262.844	521.35
263.058	253.56
263.271	59.98
263.485	169.82
263.698	160.6
263.912	-18.72
264.125	-112.84
264.339	267.72
264.552	-42.3
264.765	-455.65
264.979	-73.98
265.192	-93.73
265.406	42.33
265.619	-1.31
265.832	33.59
266.046	-88.97
266.259	103.05
266.473	-1845.16
266.686	45.97
266.899	52.85
267.113	10480
267.326	-96.11
267.539	20.43
267.752	10.42
267.966	57.37
268.179	-104.8
268.392	116.29
268.605	12.6
268.819	106.83
269.032	144.08
269.245	-227.69
269.458	85.61
269.671	-116.46
269.885	24.83
270.098	0.54
270.311	-359.49
270.524	42.75
270.737	-11.25
270.95	105.96
271.163	22.05
271.376	90.32
271.589	-420.25
271.802	90.88
272.016	75.57
272.229	21.55
272.442	-217
272.655	-9.5
272.868	-76.89
273.081	-85.39
273.294	-2.33
273.506	26.86
273.719	-36.36
273.932	113.34
274.145	7840
274.358	73.88
274.571	18.82
274.784	467.92
274.997	63.79
275.21	-4.01
275.423	-26.77
275.635	44.22
275.848	68.4
276.061	18.54
276.274	59.34
276.487	-59.13
276.699	-55.58
276.912	-20.46
277.125	98.72
277.338	53.24
277.55	60.21
277.763	-7.71
277.976	217.23
278.189	162.64
278.401	44.58
278.614	582.4
278.827	46.87
279.039	166.76
279.252	-165.56
279.464	-5.12
279.677	68.5
279.89	11.01
280.102	-172.86
280.315	136.59
280.527	-1810.53
280.74	-262.07
280.952	-22.17
281.165	19.68
281.377	154.49
281.59	-81.5
281.802	32.65
282.015	-62.65
282.227	127.59
282.44	296.4
282.652	143.82
282.865	30.33
283.077	154.22
283.29	106.73
283.502	77.59
283.714	257.82
283.927	129.44
284.139	75.54
284.351	105.37
284.564	-29.95
284.776	70.25
284.988	60.78
285.201	579.1
285.413	56.93
285.625	-151.35
285.838	73.89
286.05	85.31
286.262	98.89
286.474	124.47
286.686	70.37
286.899	-148.88
287.111	-33.61
287.323	58.91
287.535	411.88
287.747	49.04
287.959	-18.83
288.172	-429.09
288.384	21.05
288.596	-53.76
288.808	309.43
289.02	830.19
289.232	6.95
289.444	25.39
289.656	1.3
289.868	143.41
290.08	238.04
290.292	-166.81
290.504	-23.53
290.716	-8.91
290.928	65.98
291.14	623.26
291.352	23.42
291.564	400
291.776	111.7
291.988	-100.61
292.2	18.96
292.412	179.46
292.624	97.05
292.835	811.94
293.047	55.38
293.259	84.01
293.471	74.21
293.683	-97.56
293.895	139.4
294.106	3.45
294.318	42.17
294.53	66.12
294.742	1972.41
294.953	-188.93
295.165	43.77
295.377	103.93
295.589	84.76
295.8	-73.1
296.012	83.69
296.224	19.21
296.435	113.83
296.647	98.89
296.858	28.78
297.07	1378.46
297.282	-15.3
297.493	30.39
297.705	-114.29
297.916	-11.38
298.128	4.36
298.34	1.09
298.551	25.92
298.763	-9.5
298.974	31.06
299.186	-50.77
299.397	22.16
299.609	-606.45
299.82	151.53
300.031	56.01
300.243	2231.58
300.454	-78.53
300.666	55.02
300.877	109.95
301.089	-34.04
301.3	29.92
301.511	122.49
301.723	6.21
301.934	-119.4
302.145	-82.18
302.357	19.26
302.568	342.4
302.779	46.5
302.99	-25.11
303.202	30.16
303.413	-39.14
303.624	-112.54
303.835	-754.72
304.047	-183
304.258	-13.55
304.469	28.78
304.68	84.09
304.891	-54.99
305.103	-105.02
305.314	52.35
305.525	2457.14
305.736	173.23
305.947	121.7
306.158	1600
306.369	40.91
306.58	60.74
306.791	207.21
307.002	-17.95
307.213	50.1
307.424	103.18
307.636	95.91
307.846	72.73
308.057	236.89
308.268	10.14
308.479	-73.1
308.69	-20.91
308.901	96.16
309.112	-1832.56
309.323	6.21
309.534	6.18
309.745	-9.84
309.956	87.25
310.167	55.13
310.377	168.64
310.588	149.88
310.799	84.21
311.01	-45.56
311.221	80.21
311.432	-4.67
311.642	-32
311.853	115.04
312.064	606.9
312.275	261.71
312.485	41.45
312.696	-13.02
312.907	110.55
313.117	84.5
313.328	133.67
313.539	102.3
313.749	36.72
313.96	-694.51
314.171	27.07
314.381	38.67
314.592	-31.6
314.802	-41.01
315.013	-106.81
315.224	49.49
315.434	652.63
315.645	5200
315.855	56.68
316.066	332.58
316.276	162.54
316.487	839.02
316.697	54.95
316.908	41.12
317.118	-107.55
317.329	20.05
317.539	41.67
317.749	209.44
317.96	-835.82
318.17	-69.11
318.381	123.08
318.591	-443.96
318.801	0.58
319.012	18.37
319.222	-170.87
319.432	69.48
319.643	67.64
319.853	66.37
320.063	27.5
320.273	17.42
320.484	-8.79
320.694	111.02
320.904	66.44
321.114	184.27
321.325	1724.14
321.535	-157.35
321.745	-1.53
321.955	82.31
322.165	-16.92
322.375	-11.17
322.585	252.76
322.796	234.48
323.006	129.58
323.216	57.51
323.426	134.99
323.636	405.74
323.846	1600
324.056	85.69
324.266	99.61
324.476	3.29
324.686	289.73
324.896	16.78
325.106	1011.32
325.316	78.61
325.526	-800
325.736	75.22
325.946	-40.88
326.156	805.19
326.366	139.13
326.576	39.36
326.785	-88.44
326.995	-7.93
327.205	14.07
327.415	176.27
327.625	233.58
327.835	-1.29
328.044	-40.2
328.254	-382.61
328.464	111.66
328.674	160.53
328.884	-135.25
329.093	245.99
329.303	58.81
329.513	-39.75
329.722	400
329.932	9.3
330.142	-2.7
330.351	4.8
330.561	-123.64
330.771	-73.8
330.98	-38.15
331.19	270.77
331.4	-130.04
331.609	45.13
331.819	809.76
332.028	-38.86
332.238	5.42
332.447	51.3
332.657	60.58
332.866	79.48
333.076	38.88
333.285	153.75
333.495	361.29
333.704	-321.08
333.914	10.74
334.123	-80.44
334.333	880
334.542	27.25
334.752	473.85
334.961	716.98
335.17	-299.5
335.38	-44.69
335.589	62.46
335.798	121.56
336.008	347.25
336.217	-136.17
336.426	55.96
336.636	-146.38
336.845	-46.2
337.054	384.42
337.263	-66.56
337.473	-44.38
337.682	16.94
337.891	-14.01
338.1	132.37
338.309	37.01
338.519	69.25
338.728	12.33
338.937	-450.39
339.146	486.33
339.355	105.66
339.564	778.95
339.773	14.07
339.983	-14.73
340.192	-184.35
340.401	102.45
340.61	20.7
340.819	28.62
341.028	-9.18
341.237	1882.35
341.446	20.93
341.655	-82.38
341.864	-117.54
342.073	-39.3
342.282	-53.98
342.491	-58.5
342.699	120.39
342.908	166.23
343.117	127.7
343.326	6.48
343.535	-232.73
343.744	-142.39
343.953	-155.43
344.162	50.62
344.37	7.96
344.579	167.16
344.788	19.44
344.997	69.65
345.206	16.94
345.414	110.65
345.623	59.04
345.832	-131.15
346.041	363.45
346.249	36.97
346.458	24.92
346.667	85.92
346.875	47.28
347.084	45.9
347.293	101.94
347.501	1.9
347.71	13.61
347.918	-47.23
348.127	109.89
348.336	-370.86
348.544	-4.11
348.753	-477.61
348.961	2.86
349.17	57.14
349.378	79.18
349.587	-61.54
349.795	-7.77
350.004	1230.77
350.212	33.52
350.421	92.04
350.629	-16.92
350.838	30.41
351.046	61.85
351.254	-40.54
351.463	-67.18
351.671	-1494.74
351.879	-42.41
352.088	17.1
352.296	219.47
352.504	122.9
352.713	79.35
352.921	-53.54
353.129	-36.14
353.338	-9.33
353.546	17.31
353.754	-12.27
353.962	41.33
354.171	9.51
354.379	-2063.16
354.587	29.8
354.795	161.56
355.003	15.85
355.212	80.97
355.42	513.21
355.628	105.06
355.836	78.64
356.044	-31.36
356.252	66.12
356.46	-27.37
356.668	843.08
356.876	61.86
357.084	42.75
357.292	71
357.5	93.02
357.708	-26.07
357.916	17.44
358.124	155.1
358.332	-405.97
358.54	-1170.91
358.748	212.99
358.956	50.11
359.164	33.07
359.372	81.75
359.58	-385.61
359.788	-6.43
359.996	1.02
360.203	33.56
360.411	165.05
360.619	-281.41
360.827	77.96
361.035	-26.99
361.242	83.28
361.45	-237.97
361.658	36.02
361.866	-55.33
362.073	179.51
362.281	38.67
362.489	6.71
362.697	-34.62
362.904	51.96
363.112	139.13
363.32	-24.59
363.527	-643.48
363.735	-26.25
363.943	63.02
364.15	111.66
364.358	-49.7
364.565	-1.73
364.773	65.73
364.98	-108.83
365.188	34.56
365.395	93.3
365.603	13.56
365.81	-0.88
366.018	29.73
366.225	46.78
366.433	-31.76
366.64	64.34
366.848	71.89
367.055	-47.65
367.263	127.73
367.47	8.61
367.677	141.77
367.885	-7.1
368.092	122.35
368.299	-76.62
368.507	120.37
368.714	208.85
368.921	-119.69
369.129	77.76
369.336	-100.16
369.543	24.19
369.751	-53.79
369.958	23.32
370.165	53.65
370.372	22.17
370.579	-60.36
370.787	35.04
370.994	93.11
371.201	-2.18
371.408	0.56
371.615	-29.24
371.822	20.05
372.029	-128.81
372.237	-409.14
372.444	-261.62
372.651	-3.23
372.858	132.55
373.065	43.47
373.272	160.61
373.479	-427.59
373.686	98.58
373.893	155.34
374.1	-116.75
374.307	2.88
374.514	113.36
374.721	9.37
374.928	88.31
375.135	-15.78
375.341	3760
375.548	50.85
375.755	-156.27
375.962	-32.57
376.169	-10.3
376.376	-153.85
376.583	-116.19
376.789	100.67
376.996	106.46
377.203	5.61
377.41	-59.83
377.617	67.69
377.823	-62.03
378.03	167.74
378.237	-1.64
378.443	-141.71
378.65	400
378.857	-29.52
379.063	369.62
379.27	191.3
379.477	33.79
379.683	-93.73
379.89	-2.12
380.097	80.63
380.303	39.92
380.51	-37.86
380.716	15.92
380.923	-422.05
381.129	27.1
381.336	-72.44
381.542	73.75
381.749	-3.74
381.955	53.61
382.162	-44.89
382.368	11.23
382.575	-37.13
382.781	855.17
382.988	71.89
383.194	-40.32
383.4	40.17
383.607	69.42
383.813	-51.66
384.02	-22.6
384.226	65.2
384.432	-43.14
384.639	29.24
384.845	-420.25
385.051	76.03
385.257	9.51
385.464	32.29
385.67	93.42
385.876	135.64
386.082	-80
386.289	67.06
386.495	32.56
386.701	-139.41
386.907	-103.32
387.113	-3.92
387.319	-6.05
387.526	-57.33
387.732	40.94
387.938	179.2
388.144	-434.78
388.35	29.28
388.556	62.44
388.762	45.81
388.968	455.81
389.174	62.08
389.38	76.03
389.586	20.97
389.792	-83.66
389.998	31.97
390.204	-65.31
390.41	16.55
390.616	63.55
390.822	-37.38
391.028	7.86
391.234	40.56
391.439	-217.48
391.645	42.51
391.851	31.63
392.057	7.65
392.263	24.33
392.469	-62.89
392.674	-31.65
392.88	-5.17
393.086	-2.4
393.292	110.42
393.498	-18.53
393.703	8.29
393.909	-2.94
394.115	101.28
394.32	-10.01
394.526	-25.02
394.732	40.5
394.937	65.06
395.143	157.09
395.349	-9.5
395.554	-359.8
395.76	-5.74
395.965	-32.54
396.171	55.4
396.377	-46.18
396.582	42.08
396.788	24.25
396.993	-15.55
397.199	26.57
397.404	45.37
397.61	-52.07
397.815	-10.17
398.021	-51.42
398.226	29.77
398.431	3.99
398.637	11.88
398.842	-7.19
399.048	35.02
399.253	14.69
399.458	22.46
399.664	-0.59
399.869	-9.92
400.074	4.94
400.28	-17.56
400.485	-29.38
400.69	-2.59
400.896	-15.66
401.101	-12.89
401.306	7.74
401.511	0.92
401.716	1.53
401.922	-13.79
402.127	12.94
402.332	6.64
402.537	9.71
402.742	7.97
402.947	75.88
403.153	-21.45
403.358	16.35
403.563	23.72
403.768	9.64
403.973	12.64
404.178	-7.84
404.383	4.12
404.588	10.86
404.793	3.96
404.998	-2.53
405.203	-12.49
405.408	1.8
405.613	11.46
405.818	2.04
406.023	-3.36
406.228	-6.78
406.433	-8.24
406.638	-1.88
406.842	10.06
407.047	-3.4
407.252	4.59
407.457	10.82
407.662	3.87
407.867	7.08
408.071	2.84
408.276	-3.65
408.481	10.76
408.686	1.29
408.891	6.93
409.095	6.43
409.3	-2.05
409.505	6.59
409.709	0.9
409.914	3.1
410.119	9.34
410.323	-5.09
410.528	-0.71
410.733	2.13
410.937	1.75
411.142	0.86
411.346	5.25
411.551	-3.42
411.756	0.04
411.96	2.05
412.165	2.81
412.369	4.37
412.574	1.25
412.778	0.03
412.983	3.51
413.187	4.15
413.392	1.29
413.596	2.48
413.8	1.51
414.005	2.65
414.209	-0.28
414.414	-2.93
414.618	0.97
414.822	3.78
415.027	3.05
415.231	2.68
415.435	7.07
415.64	0.73
415.844	0.2
416.048	4.62
416.252	2.51
416.457	3.36
416.661	2.11
416.865	-0.25
417.069	2.4
417.274	2.55
417.478	1.88
417.682	1.51
417.886	1.2
418.09	0.69
418.294	2.94
418.498	1.94
418.702	1.43
418.907	2.97
419.111	0.68
419.315	1.41
419.519	1.53
419.723	-0.84
419.927	2.82
420.131	2.75
420.335	0.79
420.539	-0.32
420.743	3.34
420.947	0.32
421.151	1.92
421.355	1.69
421.558	2.97
421.762	0.24
421.966	1.33
422.17	1.34
422.374	1.35
422.578	1.84
422.782	2.53
422.985	0.83
423.189	1.89
423.393	1.86
423.597	0.58
423.801	2.52
424.004	1.28
424.208	1.43
424.412	0.14
424.615	2.32
424.819	1.98
425.023	2.32
425.226	2.38
425.43	2.01
425.634	1.33
425.837	1.62
426.041	2.04
426.245	1.9
426.448	1.29
426.652	1.67
426.855	1.5
427.059	0.85
427.262	1.58
427.466	0.98
427.669	1.27
427.873	0.53
428.076	1.8
428.28	1.58
428.483	1.13
428.687	1.56
428.89	1.59
429.094	0.96
429.297	1.31
429.5	1.57
429.704	2.23
429.907	1.68
430.11	0.99
430.314	2.02
430.517	1.35
430.72	2.2
430.924	1.25
431.127	1.64
431.33	1.88
431.533	2.14
431.737	1.71
431.94	0.82
432.143	1.43
432.346	0.96
432.549	1.81
432.752	1.57
432.956	1.89
433.159	1.24
433.362	1.35
433.565	1.56
433.768	1.35
433.971	1.03
434.174	1
434.377	1.42
434.58	1.56
434.783	0.35
434.986	1.71
435.189	2.06
435.392	1.29
435.595	1.39
435.798	1.47
436.001	1.94
436.204	1.78
436.407	1.53
436.61	1.43
436.813	1.87
437.016	1.73
437.219	1.44
437.421	1.4
437.624	1.38
437.827	1.14
438.03	1.8
438.233	1.5
438.435	1.62
438.638	1.53
438.841	1.36
439.044	1.3
439.246	1.31
439.449	1.2
439.652	1.45
439.854	1.72
440.057	1.58
440.26	1.58
440.462	1.59
440.665	1.25
440.868	1.61
441.07	1.47
441.273	1.66
441.475	1.48
441.678	1.61
441.88	1.48
442.083	1.2
442.286	1.71
442.488	1.22
442.69	1.48
442.893	1.54
443.095	1.23
443.298	1.55
443.5	1.22
443.703	1.42
443.905	1.39
444.108	1.39
444.31	1.55
444.512	1.26
444.715	1.73
444.917	1.1
445.119	1.5
445.322	1.22
445.524	1.72
445.726	1.63
445.928	1.39
446.131	1.74
446.333	1.19
446.535	1.33
446.737	1.54
446.94	1.7
447.142	1.4
447.344	1.33
447.546	1.51
447.748	1.49
447.95	1.45
448.152	1.23
448.354	1.63
448.557	1.8
448.759	1.43
448.961	1.23
449.163	1.64
449.365	1.47
449.567	1.38
449.769	1.56
449.971	1.51
450.173	1.27
450.375	1.42
450.577	1.54
450.779	1.53
450.981	1.13
451.182	1.43
451.384	1.16
451.586	1.93
451.788	1.51
451.99	1.59
452.192	0.71
452.394	1.77
452.595	1.95
452.797	1.18
452.999	1.73
453.201	1.08
453.402	1.44
453.604	1.5
453.806	1.43
454.008	1.24
454.209	1.54
454.411	1.84
454.613	1.46
454.814	1.25
455.016	1.44
455.218	1.36
455.419	1.86
455.621	1.36
455.822	1.52
456.024	1.44
456.225	1.89
456.427	1.57
456.629	1.17
456.83	1.46
457.032	1.76
457.233	1.03
457.435	1.15
457.636	1.92
457.837	2.04
458.039	1.51
458.24	1.41
458.442	1.91
458.643	1.34
458.844	1.61
459.046	1.24
459.247	1.84
459.448	1.91
459.65	1.03
459.851	1.43
460.052	1.97
460.254	2.11
460.455	1.88
460.656	1.63
460.857	1.41
461.059	1.16
461.26	1.16
461.461	1.5
461.662	1.84
461.863	1.55
462.065	2.16
462.266	1.2
462.467	0.4
462.668	0.86
462.869	1.7
463.07	2.09
463.271	1.49
463.472	0.78
463.673	1.52
463.874	1.92
464.075	1.53
464.276	1.38
464.477	1.01
464.678	2.01
464.879	1
465.08	1.44
465.281	2.14
465.482	0.95
465.683	0.59
465.884	1.48
466.085	1.32
466.285	0.66
466.486	1.69
466.687	1.68
466.888	1.96
467.089	1.49
467.29	1.42
467.49	1.21
467.691	1.47
467.892	1.33
468.093	1.83
468.293	2.05
468.494	2.32
468.695	1.28
468.895	2.01
469.096	0.86
469.297	0.81
469.497	1.94
469.698	2.08
469.898	0.82
470.099	2.24
470.3	1.66
470.5	0.94
470.701	3.15
470.901	2.05
471.102	1.83
471.302	1.49
471.503	1.61
471.703	4.09
471.904	1.34
472.104	1.26
472.305	1.7
472.505	1.48
472.705	1.82
472.906	1.54
473.106	2.82
473.306	1.88
473.507	2.57
473.707	0.92
473.907	1.74
474.108	1.37
474.308	1.05
474.508	2.57
474.709	2.13
474.909	2.4
475.109	0.41
475.309	1.55
475.51	-0.45
475.71	0.9
475.91	2.03
476.11	0.51
476.31	1.19
476.51	1.74
476.71	1.17
476.911	3.14
477.111	1.32
477.311	0.33
477.511	-0.05
477.711	1.32
477.911	1.36
478.111	2.92
478.311	1.64
478.511	1.77
478.711	2.81
478.911	1.19
479.111	2.26
479.311	1.12
479.511	2.57
479.711	1.1
479.91	-0.15
480.11	2.83
480.31	0.51
480.51	3.02
480.71	-0.79
480.91	2.11
481.109	2.14
481.309	0.77
481.509	0.38
481.709	3.61
481.909	0.91
482.108	1.55
482.308	0.91
482.508	1.93
482.707	2.72
482.907	0.77
483.107	1.3
483.306	2.6
483.506	1.3
483.706	0.23
483.905	2.9
484.105	2.4
484.304	1.81
484.504	2.13
484.704	2.12
484.903	1.06
485.103	1.92
485.302	1.19
485.502	2.38
485.701	2.38
485.901	1.77
486.1	1.36
486.299	1.5
486.499	0.76
486.698	1.19
486.898	0.68
487.097	1.16
487.296	1.34
487.496	0.68
487.695	1.5
487.894	1.9
488.094	1.31
488.293	0.36
488.492	1.61
488.692	0.52
488.891	2.03
489.09	1.14
489.289	1.81
489.489	1.19
489.688	1.12
489.887	-0.16
490.086	0.77
490.285	0.57
490.484	2.76
490.683	2.98
490.883	2.44
491.082	2.34
491.281	0.17
491.48	2.11
491.679	1.32
491.878	1.69
492.077	1.93
492.276	1.65
492.475	2.11
492.674	-0.15
492.873	0.46
493.072	0.89
493.271	1.86
493.47	0.38
493.669	1.39
493.867	0.72
494.066	1.89
494.265	2.44
494.464	2.37
494.663	1.36
494.862	0.72
495.06	1.05
495.259	0.83
495.458	1.71
495.657	0.65
495.856	2.09
496.054	2.42
496.253	1.03
496.452	1.01
496.65	0.74
496.849	1.3
497.048	1.41
497.246	0.48
497.445	0.93
497.644	1.8
497.842	1.17
498.041	1.81
498.239	2.26
498.438	1.24
498.636	1.74
498.835	1.95
499.034	1.77
499.232	1.27
499.431	0.71
499.629	0.81
499.827	0.83
500.026	1.69
500.224	1.19
500.423	0.24
500.621	0.47
500.82	1.6
501.018	1.72
501.216	0.66
501.415	1.68
501.613	0.67
501.811	1.07
502.01	1.83
502.208	1.15
502.406	1.87
502.604	1.2
502.803	1.1
503.001	1.47
503.199	1.81
503.397	1.11
503.595	1.14
503.794	1.46
503.992	1.48
504.19	1.75
504.388	1.89
504.586	1.6
504.784	0.93
504.982	1.14
505.18	1.16
505.378	0.71
505.576	1.68
505.774	1.53
505.972	1.51
506.17	1.83
506.368	1.69
506.566	0.93
506.764	1.38
506.962	1.78
507.16	1.92
507.358	1.17
507.556	1.15
507.754	1.92
507.952	1.57
508.15	1.79
508.347	1.22
508.545	1.36
508.743	1.76
508.941	1.22
509.139	1.76
509.336	1.51
509.534	1.67
509.732	1.85
509.93	1.28
510.127	1.78
510.325	2.07
510.523	2.12
510.72	2.39
510.918	2.16
511.116	1.6
511.313	1.35
511.511	1.65
511.708	0.88
511.906	2
512.104	1.99
512.301	1.58
512.499	1.91
512.696	2.05
512.894	1.13
513.091	1.92
513.289	1.81
513.486	1.9
513.683	1.44
513.881	1.64
514.078	2.1
514.276	2.26
514.473	1.58
514.67	2.11
514.868	2.29
515.065	1.82
515.262	1.88
515.46	1.54
515.657	1.86
515.854	1.57
516.052	1.6
516.249	1.68
516.446	2.27
516.643	2.33
516.84	1.96
517.038	2.23
517.235	1.33
517.432	2.06
517.629	2.21
517.826	2.1
518.023	2.15
518.221	2.35
518.418	2.6
518.615	2.05
518.812	1.82
519.009	2.47
519.206	2.22
519.403	1.86
519.6	2.01
519.797	1.85
519.994	1.9
520.191	2.17
520.388	2.45
520.585	2.03
520.782	1.88
520.978	1.75
521.175	2.47
521.372	2.27
521.569	1.82
521.766	2.07
521.963	1.45
522.159	2.23
522.356	2
522.553	2.49
522.75	2.2
522.947	2
523.143	1.99
523.34	2.43
523.537	1.99
523.733	2.33
523.93	2.11
524.127	2.28
524.323	2.22
524.52	2
524.717	2.11
524.913	2.36
525.11	2.06
525.306	2.52
525.503	2.4
525.7	2.48
525.896	1.89
526.093	2.45
526.289	2.33
526.486	2.26
526.682	1.61
526.878	2.59
527.075	2.25
527.271	2.22
527.468	2.49
527.664	2.31
527.861	2.4
528.057	2.33
528.253	2.52
528.45	2.23
528.646	2.72
528.842	2.47
529.039	2.15
529.235	2.57
529.431	2.5
529.627	2.4
529.824	2.72
530.02	2.36
530.216	2.24
530.412	2.87
530.608	2.85
530.804	2.54
531.001	2.76
531.197	2.23
531.393	2.17
531.589	2.47
531.785	2.59
531.981	2.54
532.177	2.96
532.373	2.71
532.569	2.7
532.765	2.68
532.961	2.38
533.157	2.72
533.353	2.54
533.549	2.72
533.745	2.69
533.941	2.37
534.137	2.48
534.333	2.48
534.529	2.53
534.725	2.59
534.92	2.97
535.116	2.8
535.312	2.87
535.508	2.79
535.704	2.72
535.899	2.55
536.095	2.88
536.291	2.72
536.487	2.49
536.682	2.76
536.878	2.89
537.074	2.53
537.269	2.62
537.465	2.79
537.661	3.03
537.856	2.45
538.052	2.69
538.248	3.02
538.443	3.01
538.639	2.95
538.834	2.78
539.03	2.83
539.225	3.15
539.421	3.1
539.616	3.01
539.812	2.77
540.007	3.1
540.203	2.71
540.398	3.12
540.593	3.19
540.789	3.09
540.984	2.92
541.18	2.69
541.375	2.63
541.57	3.14
541.766	3.35
541.961	3
542.156	3.26
542.352	2.9
542.547	2.81
542.742	3.25
542.937	3.41
543.133	3.08
543.328	3.15
543.523	3.25
543.718	2.9
543.913	3.42
544.108	3.2
544.304	3.15
544.499	3.24
544.694	3.08
544.889	3.11
545.084	3.36
545.279	3.55
545.474	3.23
545.669	3.27
545.864	2.95
546.059	3.01
546.254	3.03
546.449	3.44
546.644	3.17
546.839	3.36
547.034	3.42
547.229	3.31
547.424	3.68
547.618	3.43
547.813	3.55
548.008	3.8
548.203	3.19
548.398	3.49
548.593	3.64
548.787	3.42
548.982	3.11
549.177	3.17
549.372	3.39
549.566	3.57
549.761	3.64
549.956	3.48
550.15	3.27
550.345	3.58
550.54	3.62
550.734	3.77
550.929	3.64
551.124	3.51
551.318	3.71
551.513	3.38
551.707	3.94
551.902	3.74
552.096	4.01
552.291	3.98
552.485	3.68
552.68	3.85
552.874	4.01
553.069	3.94
553.263	4.03
553.458	3.9
553.652	4.36
553.847	3.8
554.041	4.02
554.235	3.39
554.43	4.4
554.624	4.18
554.818	4.06
555.013	3.82
555.207	3.98
555.401	4.3
555.595	4.35
555.79	3.7
555.984	4.17
556.178	4.25
556.372	3.89
556.566	4.11
556.761	4.18
556.955	4.07
557.149	4.13
557.343	4.05
557.537	4.18
557.731	4.34
557.925	4.35
558.119	4.2
558.313	4.21
558.507	3.99
558.701	4.27
558.895	4.4
559.089	4.5
559.283	4.26
559.477	4.54
559.671	4.44
559.865	4.37
560.059	4.47
560.253	4.34
560.447	4.33
560.641	4.44
560.835	4.74
561.028	4.88
561.222	4.83
561.416	4.63
561.61	4.16
561.804	4.56
561.997	4.59
562.191	4.73
562.385	4.73
562.579	4.57
562.772	4.66
562.966	4.78
563.16	4.52
563.353	4.77
563.547	4.79
563.741	4.54
563.934	4.89
564.128	4.66
564.321	4.84
564.515	5.08
564.708	4.85
564.902	4.8
565.095	4.81
565.289	5
565.482	5.09
565.676	4.72
565.869	5.16
566.063	5.15
566.256	5.01
566.45	4.9
566.643	5.03
566.836	4.98
567.03	5.34
567.223	5.02
567.416	5.43
567.61	5.4
567.803	5.09
567.996	5.3
568.19	4.89
568.383	5.02
568.576	4.72
568.769	4.96
568.963	5.31
569.156	5.33
569.349	5.59
569.542	5.48
569.735	5.41
569.928	5.51
570.121	5.5
570.315	5.87
570.508	5.39
570.701	5.18
570.894	5.46
571.087	5.37
571.28	5.71
571.473	5.81
571.666	5.59
571.859	5.61
572.052	5.61
572.245	6
572.438	5.75
572.631	5.87
572.824	5.71
573.016	5.84
573.209	5.96
573.402	5.9
573.595	5.85
573.788	5.99
573.981	5.64
574.173	5.72
574.366	5.97
574.559	6.06
574.752	5.82
574.944	6.09
575.137	5.96
575.33	5.67
575.523	6.43
575.715	6.04
575.908	6.13
576.101	6.03
576.293	6.07
576.486	5.64
576.678	5.94
576.871	5.88
577.063	6.16
577.256	5.88
577.449	6.33
577.641	6.15
577.834	6.15
578.026	6.57
578.219	6.02
578.411	6.52
578.603	6.29
578.796	5.81
578.988	5.99
579.181	6.34
579.373	6.79
579.565	6.58
579.758	6.42
579.95	6.32
580.142	6.38
580.335	6.76
580.527	6.73
580.719	6.44
580.912	5.9
581.104	7.06
581.296	6.53
581.488	6.67
581.68	7.14
581.873	6.63
582.065	6.72
582.257	6.74
582.449	6.55
582.641	6.81
582.833	6.71
583.025	6.66
583.217	6.86
583.41	7.07
583.602	6.93
583.794	6.88
583.986	6.99
584.178	6.96
584.37	7.12
584.562	6.84
584.753	7.18
584.945	6.89
585.137	6.8
585.329	7.26
585.521	7.42
585.713	7.26
585.905	7.33
586.097	7.13
586.289	7.05
586.48	7.47
586.672	6.93
586.864	7.34
587.056	7.09
587.247	6.98
587.439	7.59
587.631	7.39
587.823	7.58
588.014	7.8
588.206	7.05
588.398	7.21
588.589	7.81
588.781	7.21
588.972	7.41
589.164	7.66
589.356	7.43
589.547	7.75
589.739	7.75
589.93	7.46
590.122	7.27
590.313	7.46
590.505	8.02
590.696	7.36
590.888	7.68
591.079	7.83
591.271	8.36
591.462	7.81
591.653	8.26
591.845	7.99
592.036	8.09
592.227	7.83
592.419	7.83
592.61	7.77
592.801	7.73
592.993	8.12
593.184	8.55
593.375	7.65
593.566	8.14
593.758	7.95
593.949	8.18
594.14	7.94
594.331	8.23
594.522	8.4
594.713	8.1
594.905	8.17
595.096	8.59
595.287	8.37
595.478	8.52
595.669	8.38
595.86	8.45
596.051	8.12
596.242	8.72
596.433	8.49
596.624	8.48
596.815	8.74
597.006	8.74
597.197	8.32
597.388	8.62
597.579	8.81
597.77	8.86
597.96	8.24
598.151	9.02
598.342	8.66
598.533	9.09
598.724	9.11
598.915	8.94
599.105	8.74
599.296	9.24
599.487	8.15
599.678	9.25
599.868	9.63
600.059	9.15
600.25	9.29
600.44	9.17
600.631	9.33
600.822	9.04
601.012	9.63
601.203	9.35
601.394	8.96
601.584	9.38
601.775	8.98
601.965	9.49
602.156	8.98
602.346	9.66
602.537	9.93
602.727	9.74
602.918	9.85
603.108	9.75
603.299	9.33
603.489	9.38
603.679	9.94
603.87	9.63
604.06	9.83
604.251	10.05
604.441	9.73
604.631	9.59
604.822	9.77
605.012	9.73
605.202	9.71
605.392	9.63
605.583	9.52
605.773	10.27
605.963	9.62
606.153	9.62
606.344	9.96
606.534	9.46
606.724	10.37
606.914	10.21
607.104	10.06
607.294	10.55
607.484	10.16
607.674	10.18
607.864	10.27
608.054	10.02
608.245	10.44
608.435	10.21
608.625	10.82
608.814	10.57
609.004	10.93
609.194	10.2
609.384	10.84
609.574	10.55
609.764	10.04
609.954	10.24
610.144	9.89
610.334	10.87
610.524	11.24
610.713	9.81
610.903	10.56
611.093	10.79
611.283	10.93
611.473	10.28
611.662	10.35
611.852	10.65
612.042	9.65
612.231	9.97
612.421	11.1
612.611	10.97
612.8	11.08
612.99	10.8
613.18	10.7
613.369	10.84
613.559	11.35
613.748	10.8
613.938	11.51
614.128	10.83
614.317	11.26
614.507	11.11
614.696	10.92
614.886	10.89
615.075	10.84
615.264	11.1
615.454	11.46
615.643	11.02
615.833	10.91
616.022	10.9
616.211	11.26
616.401	11.19
616.59	11.63
616.779	11.69
616.969	11.51
617.158	10.56
617.347	10.95
617.537	11.43
617.726	11.14
617.915	11.2
618.104	11.05
618.293	11.13
618.483	11.11
618.672	11.95
618.861	11.7
619.05	12.1
619.239	12.11
619.428	11.79
619.617	12.02
619.806	11.23
619.995	11.32
620.184	10.43
620.373	11.13
620.562	11.61
620.751	11.6
620.94	12.04
621.129	12.2
621.318	11.3
621.507	11.63
621.696	11.55
621.885	10.85
622.074	12.1
622.263	11.44
622.452	12.16
622.64	11.98
622.829	11.33
623.018	12.12
623.207	11.49
623.396	12.21
623.584	12.05
623.773	12.69
623.962	11.97
624.15	12.53
624.339	12.34
624.528	12.89
624.716	12.45
624.905	11.78
625.094	12.94
625.282	12.36
625.471	12.14
625.659	11.95
625.848	12.53
626.037	12.21
626.225	12.54
626.414	13.04
626.602	11.87
626.791	12.32
626.979	12.85
627.167	12.32
627.356	12.35
627.544	12.63
627.733	12.26
627.921	12.17
628.109	12.94
628.298	12.2
628.486	12.3
628.674	12.83
628.863	12.15
629.051	13.18
629.239	13.64
629.428	12.8
629.616	13.55
629.804	13.28
629.992	13.32
630.18	12.64
630.369	12.79
630.557	12.75
630.745	12.78
630.933	13
631.121	13.53
631.309	12.21
631.497	13.34
631.685	13.21
631.873	12.68
632.061	11.82
632.249	13.27
632.437	13.79
632.625	12.94
632.813	13.27
633.001	13.66
633.189	12.43
633.377	13.14
633.565	12.22
633.753	12.42
633.941	13.31
634.129	12.32
634.316	13.22
634.504	13.89
634.692	14.08
634.88	13.42
635.068	13.41
635.255	13.43
635.443	13.6
635.631	13.68
635.818	14.22
636.006	13.17
636.194	13.82
636.382	12.72
636.569	13.02
636.757	14.35
636.944	14.5
637.132	13.6
637.32	14.55
637.507	13.34
637.695	13.71
637.882	12.99
638.07	13.92
638.257	13.54
638.445	14.26
638.632	13.15
638.82	13.95
639.007	13.4
639.194	13.87
639.382	12.8
639.569	13.66
639.757	14.26
639.944	13.41
640.131	13.96
640.319	13.42
640.506	14.13
640.693	14.29
640.88	14.15
641.068	13.99
641.255	14
641.442	13.51
641.629	14.04
641.817	13.98
642.004	13.88
642.191	14.52
642.378	14.56
642.565	14.77
642.752	13.85
642.939	13.38
643.126	13.73
643.313	13.89
643.501	14.16
643.688	13.95
643.875	14.48
644.062	13.71
644.249	12.34
644.435	13.65
644.622	13.35
644.809	13.95
644.996	14.31
645.183	14.1
645.37	14.05
645.557	14.26
645.744	13.67
645.931	14.03
646.117	12.95
646.304	13.8
646.491	14.3
646.678	14.21
646.865	14.57
647.051	14.29
647.238	14
647.425	14.12
647.611	14.04
647.798	14.65
647.985	14.09
648.171	14.7
648.358	12.68
648.545	14.69
648.731	12.55
648.918	14.79
649.104	14.1
649.291	14.6
649.477	13.28
649.664	14.82
649.85	14.92
650.037	14.82
650.223	13.59
650.41	14.14
650.596	14.15
650.783	13.99
650.969	14.98
651.155	12.92
651.342	13.81
651.528	13.77
651.714	14.81
651.901	15.67
652.087	13.77
652.273	14.88
652.46	13.06
652.646	14.46
652.832	15.34
653.018	13.91
653.204	14.75
653.391	14.41
653.577	13.31
653.763	14.48
653.949	15.06
654.135	14.56
654.321	14.16
654.507	13.33
654.693	13.45
654.879	14.63
655.065	13.47
655.252	12.56
655.438	14.99
655.624	15.88
655.809	13.78
655.995	14.76
656.181	15.64
656.367	14.23
656.553	14.59
656.739	13.64
656.925	15.12
657.111	13.5
657.297	14.99
657.482	14.31
657.668	15.15
657.854	14.17
658.04	13.43
658.226	13.47
658.411	13.22
658.597	14.15
658.783	12.73
658.968	14.18
659.154	13.19
659.34	15.13
659.525	12.42
659.711	13.02
659.897	13.71
660.082	13.73
660.268	11.97
660.453	13.34
660.639	13.46
660.824	13.57
661.01	12.83
661.195	14.33
661.381	13.54
661.566	13.74
661.752	13.36
661.937	13.59
662.123	11.99
662.308	13.63
662.494	12.99
662.679	12.65
662.864	13.09
663.05	11.27
663.235	12.34
663.42	11.84
663.605	12.8
663.791	12.73
663.976	12.52
664.161	10.98
664.346	12.16
664.532	11.75
664.717	12.47
664.902	13.31
665.087	14.54
665.272	12.28
665.457	13.74
665.642	12.45
665.828	12.04
666.013	13.42
666.198	10.8
666.383	12.12
666.568	10.58
666.753	13.63
666.938	9.66
667.123	12.74
667.308	10.99
667.493	12.11
667.677	9.98
667.862	12.8
668.047	13.44
668.232	13.55
668.417	11.68
668.602	10.68
668.787	13.34
668.971	12.76
669.156	13.08
669.341	12.36
669.526	12.9
669.711	14.36
669.895	13.05
670.08	10.99
670.265	13.54
670.449	12.2
670.634	12.05
670.819	11.79
671.003	11.7
671.188	13.1
671.372	12.82
671.557	13.21
671.742	14.47
671.926	13.69
672.111	12.42
672.295	10.47
672.48	12.04
672.664	11.63
672.849	9.12
673.033	11.69
673.217	11.29
673.402	9.8
673.586	9.88
673.771	11.22
673.955	12.18
674.139	11.64
674.324	11.4
674.508	10.09
674.692	10.95
674.876	11.25
675.061	14.2
675.245	14.35
675.429	12.26
675.613	12.27
675.798	12.82
675.982	12.3
676.166	12.64
676.35	10.89
676.534	11.99
676.718	12.89
676.902	12.4
677.087	10.9
677.271	12.58
677.455	13.62
677.639	6.57
677.823	12.97
678.007	14.55
678.191	11.35
678.375	13.59
678.559	14.14
678.742	12.31
678.926	16.62
679.11	14.08
679.294	13.13
679.478	10.47
679.662	13.37
679.846	13.92
680.029	14.36
680.213	11.46
680.397	13.32
680.581	14.2
680.765	15.55
680.948	12.97
681.132	11.52
681.316	8.75
681.499	15.98
681.683	13.55
681.867	13.88
682.05	16.38
682.234	14.71
682.417	16.38
682.601	18.62
682.785	16.69
682.968	15.52
683.152	17.06
683.335	12.6
683.519	14.23
683.702	14.03
683.886	14.76
684.069	14.98
684.253	17.14
684.436	17.34
684.619	15.28
684.803	14.3
684.986	16.49
685.169	16.53
685.353	19.43
685.536	16.08
685.719	14.96
685.903	17.46
686.086	13.7
686.269	19.06
686.452	15.01
686.636	22.52
686.819	18.18
687.002	20.49
687.185	18.58
687.368	16.66
687.551	17.79
687.734	19.99
687.918	20.7
688.101	18.14
688.284	23.34
688.467	18.36
688.65	18.35
688.833	21.28
689.016	16.34
689.199	18.61
689.382	19.64
689.565	20.55
689.748	18.71
689.93	15.63
690.113	23.25
690.296	18.21
690.479	25.02
690.662	20.96
690.845	24.24
691.028	16.99
691.21	20.63
691.393	22.56
691.576	21.17
691.759	19.69
691.941	22.99
692.124	26.52
692.307	25.35
692.489	21.86
692.672	19.81
692.855	19.77
693.037	23.26
693.22	25.22
693.403	19.35
693.585	26.57
693.768	28.23
693.95	21.94
694.133	20.9
694.315	23.1
694.498	25.48
694.68	19.51
694.863	22.12
695.045	24.5
695.228	22.94
695.41	22.98
695.592	25.46
695.775	25.4
695.957	24.69
696.139	22.12
696.322	23.6
696.504	24.39
696.686	23.78
696.869	25.31
697.051	21.63
697.233	29.72
697.415	26.51
697.597	19.51
697.78	27.39
697.962	24.52
698.144	26.62
698.326	26.28
698.508	27.08
698.69	25.12
698.872	19.66
699.055	27.29
699.237	25.84
699.419	23.12
699.601	19.83
699.783	27.13
699.965	22.81
700.147	15.78
700.329	21.79
700.51	29.29
700.692	30.36
700.874	26.36
701.056	28.21
701.238	26.72
701.42	30.33
701.602	26.2
701.783	25.54
701.965	24.17
702.147	28.87
702.329	30.36
702.511	27.68
702.692	29.4
702.874	18.04
703.056	31.9
703.237	22.3
703.419	22.51
703.601	30.77
703.782	25.93
703.964	30.48
704.146	26.03
704.327	31.32
704.509	29.87
704.69	27.21
704.872	30.86
705.053	24
705.235	36.78
705.416	21.5
705.598	27.89
705.779	26.36
705.961	29.82
706.142	26.17
706.323	31.57
706.505	23.03
706.686	23.65
706.867	28.06
707.049	22.5
707.23	29.46
707.411	27.53
707.593	27.13
707.774	27.22
707.955	23.16
708.136	23.15
708.318	30.02
708.499	31.9
708.68	19.34
708.861	28.74
709.042	30.45
709.223	21.35
709.404	23.31
709.585	29.95
709.767	37.54
709.948	25.03
710.129	35.87
710.31	21.61
710.491	24.33
710.672	22.11
710.853	22.46
711.034	37.15
711.214	25.42
711.395	23.68
711.576	32.2
711.757	29.99
711.938	31.52
712.119	19.27
712.3	36.97
712.481	23.65
712.661	36.75
712.842	18.02
713.023	28.4
713.204	18.49
713.384	27.15
713.565	26.23
713.746	27.13
713.926	21.88
714.107	21.71
714.288	25.33
714.468	27.03
714.649	26.56
714.83	25.88
715.01	37.61
715.191	24.08
715.371	25.68
715.552	23.5
715.732	29.03
715.913	28.45
716.093	34.48
716.274	26.59
716.454	29.67
716.635	35.5
716.815	31.4
716.995	15.11
717.176	22.32
717.356	29.05
717.536	21.59
717.717	30.06
717.897	22.62
718.077	26.24
718.258	33.99
718.438	25.33
718.618	35.48
718.798	19.91
718.978	23.78
719.159	20.4
719.339	32.55
719.519	21.46
719.699	31.71
719.879	22.36
720.059	26.92
720.239	20.99
720.419	34.85
720.599	22.97
720.779	37.2
720.959	22.74
721.139	15.91
721.319	26.95
721.499	38.13
721.679	13.67
721.859	30.17
722.039	11.35
722.219	29.84
722.399	28.12
722.579	30.53
722.759	23.03
722.938	24.55
723.118	31.9
723.298	29.92
723.478	3.61
723.658	23.81
723.837	27.11
724.017	37.45
724.197	27.44
724.376	22.33
724.556	20.01
724.736	41.31
724.915	32.31
725.095	29.43
725.275	23.57
725.454	37.38
725.634	32.93
725.813	9.68
725.993	41.62
726.172	37.06
726.352	36.47
726.531	26.78
726.711	13.03
726.89	15.58
727.07	37.61
727.249	28.53
727.428	17.11
727.608	18.47
727.787	34.14
727.966	40.35
728.146	31.15
728.325	38.3
728.504	32.65
728.684	20.17
728.863	28.73
729.042	22.39
729.221	-23.39
729.4	17.69
729.58	33.79
729.759	37.11
729.938	28.33
730.117	32.1
730.296	35.8
730.475	24.5
730.654	33.26
730.833	32.64
731.013	27.78
731.192	29.8
731.371	42.89
731.55	30.7
731.729	27.97
731.907	35.71
732.086	28.47
732.265	17.73
732.444	-4.91
732.623	29.48
732.802	20.22
732.981	27.66
733.16	27.27
733.339	19.75
733.517	17.77
733.696	34.08
733.875	29.84
734.054	39.48
734.232	28.58
734.411	49.03
734.59	14.54
734.768	17.41
734.947	41.28
735.126	15.55
735.304	21.29
735.483	26.8
735.662	36.21
735.84	47.06
736.019	20.76
736.197	-1.27
736.376	42.58
736.554	50.02
736.733	34.27
736.911	9.52
737.09	23.17
737.268	37
737.447	52.76
737.625	45.88
737.803	25.29
737.982	52.59
738.16	23.66
738.338	33.1
738.517	25.77
738.695	41.43
738.873	5.48
739.052	18.74
739.23	-3.67
739.408	12.27
739.586	20.67
739.764	6.96
739.943	42.37
740.121	31.02
740.299	25.47
740.477	34.37
740.655	15.28
740.833	26.93
741.011	32.14
741.189	46.81
741.367	35.82
741.545	2.91
741.723	12.5
741.901	30.49
742.079	21.29
742.257	35.35
742.435	37.31
742.613	52.92
742.791	25.11
742.969	32.2
743.147	36.28
743.325	18.87
743.503	27.51
743.68	24.73
743.858	35.94
744.036	30.11
744.214	13.37
744.391	-8.3
744.569	47.83
744.747	14.11
744.925	21.63
745.102	71.72
745.28	20.01
745.458	50.41
745.635	10.24
745.813	72.44
745.99	40.31
746.168	22.28
746.345	62.57
746.523	4.37
746.7	3.62
746.878	21.59
747.055	24.95
747.233	27.6
747.41	49.67
747.588	9.92
747.765	33.83
747.943	29.67
748.12	23.3
748.297	1.44
748.475	25.8
748.652	22.56
748.829	33.64
749.007	16.23
749.184	38.27
749.361	23.48
749.538	6.53
749.716	37.98
749.893	104.54
750.07	24.73
750.247	16.03
750.424	14.39
750.601	47.46
750.778	34.33
750.956	-2.45
751.133	9.03
751.31	23.41
751.487	10.89
751.664	9.1
751.841	-12.48
752.018	25.77
752.195	12.39
752.372	32.58
752.549	9.85
752.726	37.5
752.902	70.62
753.079	57.36
753.256	49.64
753.433	19.46
753.61	49.32
753.787	28.6
753.964	36.54
754.14	1.02
754.317	50.34
754.494	35.77
754.671	52.78
754.847	53.42
755.024	12.93
755.201	23.5
755.377	13.97
755.554	21.51
755.73	10.16
755.907	51.06
756.084	68.16
756.26	30.11
756.437	3.4
756.613	48.29
756.79	44.81
756.966	-12.47
757.143	26.47
757.319	12.34
757.496	30.77
757.672	52.28
757.849	78.36
758.025	-21.33
758.201	66.01
758.378	47.41
758.554	17.84
758.73	12.19
758.907	39.2
759.083	27.46
759.259	39.24
759.435	40.83
759.612	19.79
759.788	43.71
759.964	23.99
760.14	61.05
760.316	9.26
760.493	25.77
760.669	84.61
760.845	-22.71
761.021	-97.49
761.197	98.23
761.373	41.29
761.549	26.2
761.725	17.76
761.901	2.98
762.077	61.98
762.253	17.82
762.429	71.22
762.605	33.18
762.781	22.38
762.957	40.51
763.133	41.2
763.308	-3.62
763.484	7.44
763.66	79.78
763.836	17.92
764.012	-50.66
764.187	-1.29
764.363	42.22
764.539	50.54
764.715	26.91
764.89	-63.42
765.066	7.78
765.242	53.55
765.417	41.36
765.593	44.54
765.769	38.72
765.944	3.88
766.12	101.66
766.295	39.06
766.471	28.22
766.646	37.23
766.822	-50.81
766.997	-20.49
767.173	77.4
767.348	23.94
767.524	7.58
767.699	14.64
767.875	66.03
768.05	-15.6
768.225	57.89
768.401	24.53
768.576	-16.48
768.751	59.97
768.927	-82.53
769.102	56.46
769.277	12.15
769.452	8.13
769.628	-7.61
769.803	96.92
769.978	116.63
770.153	-34.53
770.328	67.45
770.503	41.67
770.679	104.21
770.854	-8.1
771.029	22.59
771.204	-362.91
771.379	25.24
771.554	28.62
771.729	18.52
771.904	-110.91
772.079	-8.1
772.254	-10.48
772.429	28.02
772.604	-44.78
772.779	12.52
772.953	0.49
773.128	29.85
773.303	2.9
773.478	36.52
773.653	11.05
773.828	34.98
774.002	128.61
774.177	-55.27
774.352	253.91
774.527	91.61
774.701	77.34
774.876	85.17
775.051	-68.45
775.225	159.07
775.4	39.61
775.575	30.16
775.749	25.42
775.924	45.97
776.098	-33.65
776.273	96.67
776.447	18.52
776.622	70.04
776.796	-5.38
776.971	20.57
777.145	21.33
777.32	35.6
777.494	40.56
777.669	30.94
777.843	130.29
778.017	-45.88
778.192	12.82
778.366	15.27
778.54	-9.84
778.715	124.24
778.889	72.46
779.063	48.72
779.237	45.09
779.412	29.48
779.586	-25.81
779.76	-157.93
779.934	-33.52
780.108	66.58
780.282	-262.69
780.457	62.75
780.631	71.14
780.805	-41.49
780.979	-226.87
781.153	169.82
781.327	-14.95
781.501	63.1
781.675	11.66
781.849	-46.17
782.023	69.6
782.197	20.39
782.371	180.57
782.545	-115.34
782.718	171.02
782.892	75.85
783.066	3.56
783.24	132.79
783.414	-47.04
783.588	79.67
783.761	38.4
783.935	36.45
784.109	99.5
784.283	-111.3
784.456	445.5
784.63	-46.44
784.804	53.65
784.977	7.44
785.151	20.93
785.324	90.6
785.498	-7.87
785.672	-5.27
785.845	81.6
786.019	-43.6
786.192	-13.25
786.366	-34.62
786.539	-75.93
786.713	23.98
786.886	53.51
787.06	19.34
787.233	20.05
787.406	54.52
787.58	-12.28
787.753	-134.94
787.926	20.82
788.1	186.5
788.273	-800
788.446	-78.23
788.62	167.74
788.793	12.83
788.966	147.63
789.139	116.06
789.313	128.61
789.486	-2342.86
789.659	105.14
789.832	41.68
790.005	35.21
790.178	81.42
790.351	90.68
790.524	-2.71
790.697	48.36
790.87	34.52
791.044	443.64
791.216	26.52
791.389	-62.03
791.562	13.04
791.735	172.15
791.908	867.53
792.081	32.82
792.254	254.95
792.427	29.74
792.6	-61.81
792.773	68.74
792.945	-101.49
793.118	66.5
793.291	30.77
793.464	27.23
793.637	230.67
793.809	125.24
793.982	60.31
794.155	151.41
794.327	162.89
794.5	-153.85
794.673	-90.69
794.845	59.14
795.018	-99.49
795.19	49.44
795.363	99.6
795.536	173.84
795.708	-838.71
795.881	10000
796.053	0.84
796.226	105.14
796.398	103.86
796.57	122.68
796.743	81.63
796.915	-28.19
797.088	21.05
797.26	-233.07
797.432	81.01
797.605	-68.45
797.777	-535.06
797.949	1.54
798.122	-7.01
798.294	28.7
798.466	262.86
798.638	-25.08
798.81	1.13
798.983	536.71
799.155	125.18
799.327	-65.54
799.499	46.97
799.671	-32.51
799.843	-6.26
800.015	40.47
800.187	10.18
800.359	157.87
800.531	11.19
800.703	16
800.875	1.54
801.047	-18.89
801.219	10.92
801.391	-581.82
801.563	11.51
801.735	-65.15
801.907	400
802.079	214.51
802.251	-707.69
802.422	-166.93
802.594	-114.29
802.766	81.21
802.938	55.61
803.11	3.27
803.281	74.17
803.453	49.36
803.625	28.1
803.796	5.52
803.968	23.91
804.14	56.42
804.311	-14.31
804.483	188.47
804.654	30.48
804.826	174.29
804.998	8.56
805.169	-81.85
805.341	25.6
805.512	-2.48
805.684	67.35
805.855	104.95
806.026	787.69
806.198	149.69
806.369	-3.74
806.541	15.66
806.712	86.58
806.883	73.02
807.055	90.47
807.226	-23.12
807.397	-483.52
807.569	81.42
807.74	-4.55
807.911	106.12
808.082	23.32
808.253	114.85
808.425	87.14
808.596	548.31
808.767	253.24
808.938	-9.18
809.109	174.26
809.28	-185.78
809.451	83.3
809.622	226.74
809.793	-180.65
809.964	34.78
810.135	90.85
810.306	-43.93
810.477	126.17
810.648	45.61
810.819	71.89
810.99	2560
811.161	20.82
811.332	153.51
811.503	36.97
811.674	-24.62
811.844	-227.69
812.015	23.22
812.186	208.59
812.357	-130.47
812.527	29.04
812.698	62.4
812.869	445.28
813.04	71.98
813.21	689.66
813.381	175.88
813.551	68.73
813.722	91.6
813.893	77.14
814.063	-25.81
814.234	-1018.18
814.404	78.62
814.575	46.1
814.745	-120.35
814.916	57.44
815.086	-26.95
815.257	211.66
815.427	90.8
815.598	55.54
815.768	74.83
815.938	28.88
816.109	191.09
816.279	19.12
816.449	73.72
816.62	1221.05
816.79	73.48
816.96	-618.87
817.13	16.99
817.301	34.52
817.471	-2.64
817.641	24.54
817.811	-29.2
817.981	-5600
818.152	18.96
818.322	114.85
818.492	78.13
818.662	73.5
818.832	39.87
819.002	90.88
819.172	267.62
819.342	351.45
819.512	72.94
819.682	82.41
819.852	61.94
820.022	3.55
820.192	-125.84
820.362	-84.26
820.531	-119.87
820.701	-16.33
820.871	62.37
821.041	-83.26
821.211	-33.01
821.381	97.76
821.55	88.51
821.72	-660.47
821.89	732.31
822.059	1.65
822.229	9.77
822.399	23.32
822.568	136.68
822.738	341.46
822.908	635.58
823.077	-2.95
823.247	23.66
823.416	1105.88
823.586	207.49
823.756	65.35
823.925	126.58
824.095	-353.49
824.264	-191.93
824.433	208.85
824.603	26
824.772	112.26
824.942	-587.34
825.111	-10.05
825.28	-240.99
825.45	-142.61
825.619	-263.35
825.788	157.3
825.958	-74.95
826.127	-58.93
826.296	99.02
826.465	103.53
826.635	80.97
826.804	-34.88
826.973	116.61
827.142	52.77
827.311	85.91
827.48	3.37
827.649	196.87
827.818	-214.17
827.988	-108.8
828.157	151.72
828.326	18.04
828.495	-21.53
828.664	133.85
828.833	48.06
829.002	131.68
829.17	375.84
829.339	-4.02
829.508	-17.81
829.677	170.79
829.846	78.83
830.015	-69.86
830.184	-39.58
830.352	196.74
830.521	244.6
830.69	-331.71
830.859	-305.88
831.027	-2000
831.196	83.27
831.365	-45.53
831.533	13.67
831.702	-105.26
831.871	58.8
832.039	158.6
832.208	-361.74
832.377	-233.07
832.545	100.77
832.714	28.1
832.882	-27.34
833.051	69.94
833.219	-285.71
833.388	114.5
833.556	-145.77
833.724	48.06
833.893	-88.18
834.061	-1431.58
834.23	94.92
834.398	-151.35
834.566	150.65
834.735	2800
834.903	-233.96
835.071	2320
835.239	-150.82
835.408	111.67
835.576	511.63
835.744	16.89
835.912	28.63
836.08	25.92
836.249	83.02
836.417	72.73
836.585	-67.67
836.753	194.01
836.921	36.76
837.089	-4057.14
837.257	-1553.49
837.425	119.15
837.593	-27.93
837.761	65.57
837.929	-155.05
838.097	132.52
838.265	123.08
838.433	-13.11
838.601	84.88
838.769	-116.46
838.936	723.6
839.104	135.15
839.272	37.25
839.44	2.49
839.608	-770.73
839.775	48.95
839.943	63.78
840.111	59.07
840.279	93.81
840.446	-119.4
840.614	290.91
840.781	13.91
840.949	53.65
841.117	36.2
841.284	-109.87
841.452	79.5
841.619	53.67
841.787	129.89
841.954	790.7
842.122	87.86
842.289	-13.72
842.457	2.27
842.624	96.58
842.792	67.15
842.959	2.29
843.126	-22.54
843.294	38.91
843.461	-24.17
843.629	92.8
843.796	-40.6
843.963	-239.69
844.13	14.65
844.298	80.31
844.465	-100.29
844.632	116.77
844.799	158.79
844.966	-59.57
845.134	23.47
845.301	64.68
845.468	-60.93
845.635	166.78
845.802	154.89
845.969	-11.25
846.136	60.92
846.303	147.37
846.47	-17.04
846.637	123.08
846.804	-1494.74
846.971	41.97
847.138	15.44
847.305	-290.27
847.472	-34.04
847.639	107.73
847.805	81.7
847.972	-83.12
848.139	-84.12
848.306	1031.58
848.473	95.52
848.639	38.99
848.806	342.4
848.973	65.01
849.14	135.02
849.306	17.94
849.473	129.8
849.64	-6.15
849.806	204.78
849.973	231.35
850.139	74.17
850.306	134.69
850.472	10.33
850.639	163.93
850.806	1031.58
850.972	306.09
851.139	-7485.71
851.305	-123.37
851.471	19.93
851.638	31.9
851.804	256.72
851.971	-4.43
852.137	68.33
852.303	221.28
852.47	-22.19
852.636	72.73
852.802	107.09
852.968	-3.4
853.135	71.07
853.301	108.67
853.467	-5.25
853.633	60.82
853.8	114.1
853.966	-2.03
854.132	1771.43
854.298	128.47
854.464	-58.43
854.63	87.39
854.796	188.47
854.962	-109.35
855.128	27.11
855.294	-89.9
855.46	-25.81
855.626	3.97
855.792	-193.05
855.958	-217.48
856.124	-159.51
856.29	153.64
856.456	34.33
856.622	231.49
856.787	322.08
856.953	27.77
857.119	-51.49
857.285	183.89
857.45	-11.31
857.616	150.13
857.782	-91.05
857.948	144.2
858.113	-66.89
858.279	138.07
858.445	12.6
858.61	-632.56
858.776	-71.26
858.941	-27.72
859.107	103.15
859.273	-32
859.438	-42.8
859.604	1284.21
859.769	390.55
859.935	-182.18
860.1	85.76
860.265	91.28
860.431	-14.39
860.596	4000
860.762	109.62
860.927	77.05
861.092	35.32
861.258	-86.12
861.423	233.2
861.588	99.26
861.753	-800
861.919	150.94
862.084	-138.58
862.249	412.2
862.414	162.46
862.579	-8.12
862.745	145.15
862.91	293.73
863.075	16.94
863.24	117.09
863.405	146.73
863.57	-33.88
863.735	60.79
863.9	145.13
864.065	142.39
864.23	70.71
864.395	92.53
864.56	-9.67
864.725	263.29
864.89	373.03
865.055	252.79
865.22	-13.65
865.384	265.17
865.549	-194.17
865.714	0.94
865.879	6.56
866.044	89.18
866.208	-58.56
866.373	136.26
866.538	107.73
866.702	10.49
866.867	144.82
867.032	196.71
867.196	128.59
867.361	332.8
867.526	-73.82
867.69	-119.45
867.855	175.82
868.019	618.18
868.184	-68.68
868.348	166.55
868.513	-2077.42
868.677	334.63
868.842	-49.47
869.006	162.04
869.17	-913.21
869.335	19.51
869.499	-299.03
869.663	272.85
869.828	59.92
869.992	1348.84
870.156	13.19
870.321	51.61
870.485	-76.27
870.649	127.7
870.813	54.61
870.978	62.98
871.142	-744.62
871.306	-185.78
871.47	487.59
871.634	97.64
871.798	-181.37
871.962	66.51
872.126	1085.71
872.29	-0.97
872.454	-1828.57
872.618	124.4
872.782	364.18
872.946	21.48
873.11	62.31
873.274	205.78
873.438	-1929.41
873.602	-17.94
873.766	166.23
873.93	-56.99
874.094	359.55
874.257	148.54
874.421	171.1
874.585	-145.45
874.749	35.31
874.912	-126.62
875.076	108.19
875.24	100.98
875.403	289.42
875.567	166.86
875.731	49.44
875.894	-158.37
876.058	3.83
876.222	157.3
876.385	194.97
876.549	71.86
876.712	269.09
876.876	-163.56
877.039	75.68
877.203	79.63
877.366	3.11
877.529	-57.95
877.693	36.87
877.856	215.89
878.02	40.25
878.183	76.49
878.346	41.56
878.51	123.89
878.673	201.44
878.836	-69.4
878.999	12.9
879.163	124.59
879.326	7.16
879.489	50.14
879.652	103.18
879.815	131.79
879.978	-1.63
880.142	134.23
880.305	385.09
880.468	-39.52
880.631	145.36
880.794	30.37
880.957	-331.71
881.12	-447.06
881.283	28.7
881.446	16.09
881.609	-14.39
881.772	138.11
881.935	-376.47
882.097	111.51
882.26	1011.32
882.423	20.1
882.586	178.6
882.749	67.64
882.912	149.69
883.074	121.06
883.237	100.65
883.4	81.7
883.562	50.71
883.725	-368
883.888	-34.65
884.05	400
884.213	3.97
884.376	7.8
884.538	10.98
884.701	10.98
884.863	10.98
