181.954	199.6
182.172	199.6
182.39	199.6
182.608	-2420
182.826	502.2
183.043	-147.66
183.261	-12.81
183.479	119.35
183.697	-217.65
183.914	-111.34
184.132	193.05
184.35	118.83
184.567	179.44
184.785	-287.61
185.003	42.93
185.22	25.32
185.438	62
185.656	18.59
185.873	-204.62
186.091	58.03
186.309	-334.48
186.526	10.41
186.744	-99.08
186.961	-18.91
187.179	-158.77
187.396	238.81
187.614	386.15
187.831	-2900
188.049	103.68
188.266	46.35
188.484	-320.9
188.701	501.94
188.919	80.49
189.136	74.56
189.354	65.25
189.571	-50.71
189.789	74.72
190.006	97.09
190.223	-221.08
190.441	102.29
190.658	-5814.29
190.876	51.97
191.093	330.77
191.31	28.67
191.528	36.77
191.745	36.27
191.962	127.52
192.179	62.62
192.397	-145.34
192.614	298.44
192.831	93.17
193.049	47.7
193.266	164.08
193.483	54.8
193.7	-75.38
193.917	129.62
194.135	130.22
194.352	-13.51
194.569	50.34
194.786	134.99
195.003	81.73
195.221	79.1
195.438	-101.41
195.655	-35.68
195.872	236.27
196.089	86.34
196.306	33.05
196.523	0.31
196.74	122.04
196.957	15.07
197.174	-55.33
197.391	202.15
197.608	37.86
197.825	119.35
198.042	42
198.259	-1948.28
198.476	54.41
198.693	6460
198.91	61.37
199.127	19.4
199.344	68.42
199.561	297.69
199.778	24.25
199.995	467.16
200.212	-3.45
200.429	-27.96
200.646	16.46
200.862	335.96
201.079	72.94
201.296	175.5
201.513	-92.23
201.73	-35.06
201.947	21.09
202.163	65.13
202.38	-215.61
202.597	424.06
202.814	228.14
203.03	-1220
203.247	36.68
203.464	20.84
203.681	-453.25
203.897	31.93
204.114	-296.23
204.331	207.9
204.547	-304.65
204.764	105.48
204.981	488.24
205.197	199.57
205.414	-95.72
205.63	-789.66
205.847	133.17
206.064	721.82
206.28	29.7
206.497	104.47
206.713	84.37
206.93	-86.12
207.146	93.99
207.363	201.54
207.579	-381.32
207.796	41.59
208.012	39.18
208.229	-195.52
208.445	32.97
208.662	56.64
208.878	-51.62
209.095	417.65
209.311	40.07
209.528	11842.86
209.744	111.58
209.96	-62.91
210.177	-33.98
210.393	62.6
210.609	6940
210.826	118.4
211.042	501.74
211.258	1058.21
211.475	270.05
211.691	48.98
211.907	1.27
212.124	-54.22
212.34	329.71
212.556	115.46
212.772	-249.45
212.989	111.92
213.205	-61.62
213.421	-144.22
213.637	234.33
213.853	-0.39
214.069	-563.16
214.286	101.75
214.502	180.6
214.718	71.79
214.934	149.29
215.15	94.1
215.366	157.07
215.582	-97.17
215.798	92.13
216.015	45.05
216.231	-39.46
216.447	63.2
216.663	-38.46
216.879	60.8
217.095	15.44
217.311	337.74
217.527	120.04
217.743	-115.53
217.959	-341.51
218.175	126.39
218.391	-7.91
218.606	-342.29
218.822	53.04
219.038	103.21
219.254	65.89
219.47	226.55
219.686	308.99
219.902	153.19
220.118	6.85
220.334	18.28
220.549	10.47
220.765	-72.88
220.981	10.42
221.197	67.15
221.413	304.4
221.628	1.27
221.844	269.81
222.06	-301.94
222.276	105.15
222.491	92.64
222.707	7.54
222.923	-226.17
223.139	39.9
223.354	21.09
223.57	0.79
223.786	54.83
224.001	0.39
224.217	59.77
224.432	-35.26
224.648	186.83
224.864	23.37
225.079	144.78
225.295	-41.44
225.51	135.68
225.726	20.75
225.942	173.35
226.157	79.58
226.373	46.38
226.588	96.21
226.804	-184.21
227.019	54.77
227.235	-16.42
227.45	52.96
227.665	220
227.881	388.19
228.096	-239.13
228.312	24.07
228.527	26.55
228.743	7.43
228.958	108.75
229.173	-562.61
229.389	135.13
229.604	-26.59
229.819	95.1
230.035	8.83
230.25	-122.16
230.465	-111.91
230.681	-156.03
230.896	-42.43
231.111	102.6
231.327	56.01
231.542	5020
231.757	26.39
231.972	-109.89
232.187	209.79
232.403	-500
232.618	28.81
232.833	40.49
233.048	-150.91
233.263	20.84
233.478	-270.43
233.694	700
233.909	1396.77
234.124	87.4
234.339	18.98
234.554	37.93
234.769	74.5
234.984	65.02
235.199	37
235.414	-404.42
235.629	62.03
235.844	10.91
236.059	76.16
236.274	109.06
236.489	11.6
236.704	212.11
236.919	98.25
237.134	93.97
237.349	-39
237.564	96.74
237.779	9.76
237.994	112.77
238.209	93.34
238.424	44.79
238.639	132.66
238.853	31.3
239.068	105.44
239.283	32.93
239.498	123.75
239.713	41.68
239.928	37.93
240.142	-46.41
240.357	65.67
240.572	40.85
240.787	72.21
241.001	71.91
241.216	4.94
241.431	264.41
241.646	104.5
241.86	-144.84
242.075	-1588.37
242.29	73.17
242.504	-27.99
242.719	319.88
242.934	274.8
243.148	63.1
243.363	90.43
243.577	295.51
243.792	180.16
244.007	88.09
244.221	123.38
244.436	-231.34
244.65	-198.16
244.865	256.4
245.079	-64.13
245.294	-33.81
245.508	58.57
245.723	47.61
245.937	-51.65
246.152	-49.08
246.366	164.84
246.581	-44.9
246.795	37.42
247.01	101.58
247.224	47.31
247.438	-145.9
247.653	12.8
247.867	108.45
248.081	88.91
248.296	-1085.37
248.51	79
248.724	104.13
248.939	-249.25
249.153	68.16
249.367	5.98
249.582	-3
249.796	-110.39
250.01	24.5
250.224	48.63
250.439	-74.08
250.653	28.88
250.867	-28.64
251.081	11.85
251.295	13.22
251.51	-96.6
251.724	35.25
251.938	21.93
252.152	183.21
252.366	31.72
252.58	394.55
252.794	78.08
253.008	96.03
253.223	69.4
253.437	26.65
253.651	26.66
253.865	55.26
254.079	-59.46
254.293	21.84
254.507	198.18
254.721	-47.39
254.935	291.21
255.149	124.1
255.363	35.99
255.577	377.85
255.791	179.32
256.005	155.21
256.218	-34.03
256.432	-42.71
256.646	-12.18
256.86	-13.24
257.074	78.13
257.288	700
257.502	330.77
257.716	54.62
257.929	275.83
258.143	51.59
258.357	89.4
258.571	97.79
258.785	33
258.998	57.21
259.212	59.65
259.426	140.36
259.64	188.43
259.853	30.41
260.067	104.22
260.281	132.52
260.494	84.1
260.708	545.54
260.922	-4.72
261.135	44.52
261.349	42.52
261.563	78.31
261.776	1476.47
261.99	77.93
262.203	31.5
262.417	-16.61
262.63	-133.9
262.844	187.64
263.058	220
263.271	53.85
263.485	18.67
263.698	91.72
263.912	250.64
264.125	17.89
264.339	539.37
264.552	-133.84
264.765	-447.83
264.979	68.03
265.192	49.32
265.406	44.28
265.619	35.08
265.832	75.27
266.046	56.26
266.259	12.54
266.473	429.03
266.686	131.9
266.899	38.5
267.113	700
267.326	8.83
267.539	53.54
267.752	82.7
267.966	21.24
268.179	-17.34
268.392	86.34
268.605	104.72
268.819	110.78
269.032	250.71
269.245	552.31
269.458	88.93
269.671	-348.1
269.885	0.22
270.098	39.11
270.311	-196.2
270.524	-18.17
270.737	86.19
270.95	127.81
271.163	-18.11
271.376	351.61
271.589	229.11
271.802	59.19
272.016	-23.13
272.229	81.93
272.442	83
272.655	7.99
272.868	-17.93
273.081	-122.47
273.294	14.09
273.506	97.88
273.719	-1.89
273.932	73.31
274.145	-7460
274.358	73.09
274.571	92.94
274.784	450.94
274.997	40.26
275.21	120.44
275.423	-45.7
275.635	187.44
275.848	66.11
276.061	167.55
276.274	-39.64
276.487	-82.61
276.699	68.73
276.912	190.54
277.125	56.6
277.338	35.9
277.55	61.05
277.763	-46.02
277.976	194.99
278.189	185.71
278.401	11.15
278.614	239.2
278.827	89.61
279.039	81.41
279.252	98.19
279.464	76.98
279.677	64.14
279.89	-17.9
280.102	48.74
280.315	-31.71
280.527	2657.89
280.74	-706.9
280.952	34.94
281.165	20.98
281.377	151.63
281.59	41.69
281.802	108.75
282.015	-34.46
282.227	112.92
282.44	579.14
282.652	538.2
282.865	227.96
283.077	283.61
283.29	93.62
283.502	53.6
283.714	-79.15
283.927	139.79
284.139	-87.98
284.351	126.09
284.564	-57.22
284.776	139.09
284.988	144.52
285.201	-249.25
285.413	41.3
285.625	-7.03
285.838	77.1
286.05	103.26
286.262	13.65
286.474	83.69
286.686	81.33
286.899	-15.7
287.111	32.44
287.323	7.22
287.535	284.16
287.747	111.56
287.959	41.45
288.172	-41.82
288.384	20.73
288.596	-38.04
288.808	473.58
289.02	-250.94
289.232	80.65
289.444	41.34
289.656	-167.75
289.868	65.01
290.08	74.23
290.292	-14.89
290.504	40.5
290.716	91.35
290.928	21.35
291.14	1146.51
291.352	87.35
291.564	-852.94
291.776	86.45
291.988	250.92
292.2	-118.96
292.412	-110.81
292.624	-228.52
292.835	825.37
293.047	30.19
293.259	-29.78
293.471	37.56
293.683	378.05
293.895	61.12
294.106	31.2
294.318	0.16
294.53	103.49
294.742	1734.48
294.953	80.07
295.165	23.86
295.377	134.77
295.589	-52.36
295.8	61.81
296.012	100.99
296.224	98.97
296.435	110.82
296.647	235.06
296.858	-59.71
297.07	552.31
297.282	27.72
297.493	47.02
297.705	82.86
297.916	44.52
298.128	29.7
298.34	85.29
298.551	35.9
298.763	15.77
298.974	9.67
299.186	88.68
299.397	-45.19
299.609	-383.87
299.82	115.53
300.031	13.34
300.243	1205.26
300.454	221.47
300.666	43.54
300.877	176.78
301.089	-45.53
301.3	73.44
301.511	111.44
301.723	53.44
301.934	485.07
302.145	-35.95
302.357	128.9
302.568	18.4
302.779	23.74
302.99	-96.41
303.202	77.38
303.413	40.12
303.624	12.54
303.835	-1496.23
304.047	189.88
304.258	19.59
304.469	37.24
304.68	-30.84
304.891	56.1
305.103	32.82
305.314	117.53
305.525	357.14
305.736	-46.46
305.947	62.11
306.158	2958.82
306.369	66.7
306.58	157.19
306.791	50.82
307.002	-13.11
307.213	-72.6
307.424	161.48
307.636	117.98
307.846	131.97
308.057	362.14
308.268	24.88
308.479	-12.11
308.69	69.46
308.901	88.9
309.112	616.28
309.323	74.72
309.534	55.98
309.745	26.19
309.956	-81.87
310.167	-13.95
310.377	55.27
310.588	77.67
310.799	136.44
311.01	-48.97
311.221	50.92
311.432	52.28
311.642	-27.58
311.853	95.25
312.064	368.97
312.275	79.93
312.485	52.29
312.696	-1.02
312.907	199.5
313.117	60.73
313.328	44.64
313.539	-45.78
313.749	-44.42
313.96	27.47
314.171	102.67
314.381	85.74
314.592	-15.97
314.802	17.71
315.013	-16.08
315.224	-6.6
315.434	-2078.95
315.645	-20
315.855	176.84
316.066	174.16
316.276	140.28
316.487	56.1
316.697	56
316.908	42.8
317.118	43.81
317.329	5.69
317.539	79.35
317.749	92.27
317.96	-213.43
318.17	0.22
318.381	-38.46
318.591	67.03
318.801	47.03
319.012	17.31
319.222	210.68
319.432	3.23
319.643	238.19
319.853	11.21
320.063	44.29
320.273	28.15
320.484	-368.13
320.694	117.14
320.904	69.49
321.114	268.54
321.325	1444.83
321.535	-67.77
321.745	-68.64
321.955	66.19
322.165	-21.45
322.375	80.02
322.585	280.37
322.796	865.52
323.006	91.55
323.216	174.84
323.426	104.47
323.636	154.55
323.846	368.97
324.056	83
324.266	-18.74
324.476	79.06
324.686	-162.7
324.896	47.23
325.106	586.79
325.316	99.05
325.526	1394.74
325.736	73.32
325.946	26.52
326.156	-48.05
326.366	-312.17
326.576	49.55
326.785	-59.8
326.995	108.5
327.205	193.47
327.415	289.15
327.625	78.1
327.835	2.1
328.044	-59.8
328.254	272.17
328.464	76.68
328.674	151.88
328.884	-215.11
329.093	276.47
329.303	42
329.513	-112.42
329.722	-373.68
329.932	105.37
330.142	-38.62
330.351	136.02
330.561	721.82
330.771	22.51
330.98	-97.82
331.19	109.23
331.4	21.55
331.609	80.89
331.819	1314.63
332.028	-129.71
332.238	150.85
332.447	108.42
332.657	70.71
332.866	35.5
333.076	80.77
333.285	-27.04
333.495	351.61
333.704	-435.43
333.914	56.82
334.123	17.73
334.333	718.46
334.542	131.06
334.752	700
334.961	632.08
335.17	145.23
335.38	98.37
335.589	64.63
335.798	116.02
336.008	317.58
336.217	0.43
336.426	48.57
336.636	-101.7
336.845	179.44
337.054	123.38
337.263	31.8
337.473	54.12
337.682	55.05
337.891	75.83
338.1	311.51
338.309	67.97
338.519	41.23
338.728	7.52
338.937	0.79
339.146	276.98
339.355	-1133.96
339.564	826.32
339.773	-120.1
339.983	-0.28
340.192	167.83
340.401	75.48
340.61	23.64
340.819	74.81
341.028	-8.2
341.237	-1417.65
341.446	96.64
341.655	33
341.864	45.97
342.073	32.49
342.282	-86.51
342.491	-52.47
342.699	-301.94
342.908	92.21
343.117	-21.9
343.326	335.63
343.535	-347.27
343.744	-13.82
343.953	89.71
344.162	67.46
344.37	55.39
344.579	-177.61
344.788	15.6
344.997	53.41
345.206	86.32
345.414	62.99
345.623	-30.63
345.832	129.51
346.041	66.5
346.249	42.52
346.458	54.03
346.667	51.35
346.875	84.14
347.084	8.37
347.293	147.95
347.501	45.97
347.71	-4.25
347.918	4.8
348.127	-183.52
348.336	-158.28
348.544	182.55
348.753	-231.34
348.961	62.43
349.17	125.48
349.378	-12.6
349.587	44.91
349.795	233.98
350.004	312.31
350.212	63.49
350.421	-128.32
350.629	69.18
350.838	78.77
351.046	149.38
351.254	-20.46
351.463	80.76
351.671	-2268.42
351.879	55.18
352.088	-20
352.296	307.08
352.504	89.43
352.713	-87.04
352.921	-386.61
353.129	-56.47
353.338	-10.2
353.546	-24.37
353.754	169.94
353.962	-296.31
354.171	79.16
354.379	-1447.37
354.587	-15.25
354.795	-66.12
355.003	-22.66
355.212	130.82
355.42	632.08
355.628	156.39
355.836	73.56
356.044	78.2
356.252	64.38
356.46	-59.56
356.668	866.15
356.876	48.89
357.084	78.93
357.292	97.15
357.5	17.35
357.708	84.56
357.916	153.95
358.124	70.26
358.332	37.31
358.54	481.82
358.748	731.17
358.956	36.5
359.164	21.86
359.372	100.69
359.58	-197.84
359.788	84.16
359.996	-2.81
360.203	29.85
360.411	55.79
360.619	-325.13
360.827	43.33
361.035	-102.45
361.242	207.33
361.45	46.84
361.658	17.54
361.866	13.64
362.073	97.88
362.281	26.78
362.489	12.52
362.697	98.63
362.904	54.68
363.112	58.57
363.32	-26.84
363.527	-166.09
363.735	-27.41
363.943	-9.02
364.15	216.61
364.358	-35.87
364.565	52.05
364.773	36.27
364.98	-131.1
365.188	70.19
365.395	-53.35
365.603	97.97
365.81	17.31
366.018	33.12
366.225	70.83
366.433	9.18
366.64	84.06
366.848	107.28
367.055	113.17
367.263	86.89
367.47	50.4
367.677	107.59
367.885	-7.76
368.092	36.29
368.299	-111.27
368.507	142.34
368.714	179.65
368.921	-216.54
369.129	131.05
369.336	61.01
369.543	46.87
369.751	-36.62
369.958	-69.51
370.165	99.28
370.372	-21.06
370.579	138.36
370.787	70.71
370.994	141.31
371.201	95.1
371.408	94.13
371.615	39.35
371.822	-35.31
372.029	-97.29
372.237	-266.86
372.444	155.14
372.651	-26.98
372.858	-77.71
373.065	79.06
373.272	43.22
373.479	244.83
373.686	17.54
373.893	315.53
374.1	-304.78
374.307	-491.37
374.514	92.71
374.721	-4.32
374.928	263.64
375.135	61.92
375.341	-3860
375.548	19
375.755	-111.66
375.962	76.29
376.169	-13.82
376.376	-48.18
376.583	-74.28
376.789	61.02
376.996	87.08
377.203	14.63
377.41	-22.02
377.617	37.06
377.823	-25.13
378.03	467.74
378.237	-21.97
378.443	21.14
378.65	-613.21
378.857	62.36
379.063	335.44
379.27	293.04
379.477	59.13
379.683	-35.69
379.89	-26.62
380.097	148.14
380.303	62.47
380.51	49.62
380.716	38.1
380.923	208.66
381.129	26.66
381.336	255.91
381.542	44.12
381.749	49.53
381.955	23.12
382.162	45.89
382.368	36.5
382.575	90.54
382.781	-706.9
382.988	57.55
383.194	-20.27
383.4	-80.74
383.607	42.48
383.813	49.08
384.02	24.32
384.226	-101.25
384.432	-10.79
384.639	49.81
384.845	-378.48
385.051	26.13
385.257	15.14
385.464	134.6
385.67	68.26
385.876	93.52
386.082	36.95
386.289	66.71
386.495	-8.63
386.701	-46.58
386.907	0.26
387.113	4.36
387.319	46.35
387.526	-11.4
387.732	-112.6
387.938	-154.4
388.144	21.74
388.35	34.84
388.556	69.07
388.762	-19.72
388.968	-500
389.174	82.73
389.38	176.46
389.586	-14.02
389.792	-1.68
389.998	49.46
390.204	-76.68
390.41	62.46
390.616	-60.37
390.822	-46.92
391.028	37.33
391.234	32.47
391.439	-10.68
391.645	14.14
391.851	62.6
392.057	20.84
392.263	-19.04
392.469	-87.57
392.674	16.65
392.88	29.28
393.086	-32.93
393.292	26.51
393.498	-110.9
393.703	6.05
393.909	86.2
394.115	59.89
394.32	27.16
394.526	10.03
394.732	39.25
394.937	68.24
395.143	39.27
395.349	-33.48
395.554	48.74
395.76	50.97
395.965	-17.9
396.171	-5.97
396.377	26.03
396.582	-17.06
396.788	16.65
396.993	-11.54
397.199	41.58
397.404	15.62
397.61	-22.4
397.815	-19.7
398.021	-3.11
398.226	27.74
398.431	21.64
398.637	-18.98
398.842	33.24
399.048	22.98
399.253	21.34
399.458	-22.14
399.664	16.95
399.869	11.98
400.074	-11.22
400.28	12.74
400.485	16.65
400.69	19.84
400.896	-13.47
401.101	-21.32
401.306	7.55
401.511	0.75
401.716	-15.67
401.922	-23.79
402.127	-7.48
402.332	0.77
402.537	28.51
402.742	-2.72
402.947	32.21
403.153	-12.94
403.358	0.57
403.563	32.61
403.768	29.83
403.973	5.76
404.178	4.74
404.383	0.92
404.588	17.35
404.793	14.04
404.998	8.54
405.203	-2.73
405.408	12.09
405.613	12.38
405.818	10.97
406.023	-5.01
406.228	-6.86
406.433	3.88
406.638	-7.31
406.842	12.33
407.047	7.99
407.252	7.17
407.457	6.01
407.662	6.32
407.867	3.99
408.071	-0.41
408.276	-0.42
408.481	8.49
408.686	11.25
408.891	9.63
409.095	14.86
409.3	5.46
409.505	7.77
409.709	2.53
409.914	4.5
410.119	0.59
410.323	1.68
410.528	1.08
410.733	10.29
410.937	7.69
411.142	5.74
411.346	3.95
411.551	4.96
411.756	3.38
411.96	10.65
412.165	-3
412.369	-1.99
412.574	3.85
412.778	4.53
412.983	6.27
413.187	3.39
413.392	0.28
413.596	2.54
413.8	3.64
414.005	4.11
414.209	3.81
414.414	5.39
414.618	4.42
414.822	5.1
415.027	3.52
415.231	3.53
415.435	2.25
415.64	1.23
415.844	0.85
416.048	4.24
416.252	3.52
416.457	3.4
416.661	3.6
416.865	1.25
417.069	0.78
417.274	2.68
417.478	3.03
417.682	2.95
417.886	1.37
418.09	2.79
418.294	2.67
418.498	3.06
418.702	2.71
418.907	3.12
419.111	2
419.315	2.34
419.519	1.26
419.723	0.15
419.927	2.53
420.131	3.68
420.335	1.94
420.539	1.04
420.743	3.92
420.947	0.75
421.151	2.22
421.355	1.22
421.558	2.27
421.762	2.8
421.966	2.08
422.17	2.56
422.374	3.16
422.578	1.78
422.782	1.19
422.985	2.92
423.189	2.53
423.393	1.02
423.597	1.92
423.801	3.12
424.004	1.12
424.208	1.67
424.412	1.61
424.615	1.85
424.819	2.65
425.023	2.45
425.226	2.73
425.43	2.99
425.634	2.95
425.837	1.92
426.041	2.21
426.245	2.46
426.448	1.64
426.652	1.62
426.855	1.17
427.059	1.75
427.262	1.83
427.466	1.99
427.669	1.66
427.873	1.99
428.076	1.89
428.28	2.07
428.483	1.81
428.687	2.16
428.89	1.89
429.094	1.62
429.297	2.22
429.5	2.45
429.704	1.74
429.907	2.11
430.11	2.02
430.314	2.04
430.517	1.87
430.72	2.61
430.924	2.25
431.127	1.52
431.33	2.36
431.533	2.08
431.737	2.03
431.94	1.88
432.143	2.11
432.346	1.44
432.549	1.9
432.752	1.52
432.956	1.88
433.159	1.6
433.362	1.55
433.565	2
433.768	2.37
433.971	1.36
434.174	1.69
434.377	1.7
434.58	2.15
434.783	1.59
434.986	2.18
435.189	2.49
435.392	1.56
435.595	2.1
435.798	2.04
436.001	2.04
436.204	2.22
436.407	1.66
436.61	2.3
436.813	2.58
437.016	2.24
437.219	1.83
437.421	1.82
437.624	2.05
437.827	1.99
438.03	1.89
438.233	2.05
438.435	1.65
438.638	2.34
438.841	2.13
439.044	1.62
439.246	1.5
439.449	1.98
439.652	2.22
439.854	2.12
440.057	1.84
440.26	1.91
440.462	2.31
440.665	1.43
440.868	1.77
441.07	1.85
441.273	2.19
441.475	1.92
441.678	1.74
441.88	2.04
442.083	1.88
442.286	1.75
442.488	1.53
442.69	2.12
442.893	1.78
443.095	1.67
443.298	1.79
443.5	1.98
443.703	1.87
443.905	2.07
444.108	1.75
444.31	1.87
444.512	1.69
444.715	2.06
444.917	1.91
445.119	2.04
445.322	1.96
445.524	2.23
445.726	1.74
445.928	1.7
446.131	2.13
446.333	1.8
446.535	1.79
446.737	1.87
446.94	2.25
447.142	1.87
447.344	2.04
447.546	2.01
447.748	1.97
447.95	1.92
448.152	2.25
448.354	1.92
448.557	2.11
448.759	2.18
448.961	1.83
449.163	2.47
449.365	2.16
449.567	1.92
449.769	1.9
449.971	1.92
450.173	2.12
450.375	2.11
450.577	2.03
450.779	2.32
450.981	2.41
451.182	2.07
451.384	1.95
451.586	2.26
451.788	2
451.99	1.95
452.192	1.9
452.394	2.27
452.595	2.61
452.797	1.94
452.999	2.13
453.201	1.95
453.402	1.99
453.604	1.93
453.806	2.04
454.008	2.28
454.209	2.2
454.411	2.1
454.613	2.16
454.814	1.9
455.016	2.14
455.218	1.93
455.419	2.16
455.621	2.55
455.822	2.04
456.024	2.34
456.225	2.68
456.427	2.38
456.629	1.82
456.83	2.15
457.032	2.22
457.233	1.66
457.435	1.61
457.636	2.52
457.837	2.33
458.039	1.94
458.24	2.38
458.442	2.68
458.643	1.4
458.844	2.27
459.046	1.38
459.247	2.61
459.448	2.26
459.65	2.36
459.851	2.8
460.052	2.62
460.254	2.56
460.455	2.47
460.656	2.26
460.857	1.62
461.059	1.9
461.26	1.95
461.461	2.18
461.662	1.99
461.863	2.85
462.065	2.43
462.266	1.6
462.467	1.48
462.668	2.11
462.869	2.29
463.07	1.91
463.271	1.19
463.472	1.65
463.673	1.64
463.874	2.26
464.075	2.49
464.276	2.41
464.477	2.51
464.678	2.2
464.879	1.7
465.08	2.85
465.281	1.66
465.482	1.15
465.683	1.31
465.884	2.41
466.085	2.67
466.285	1.95
466.486	3
466.687	3.01
466.888	2.22
467.089	1.96
467.29	2.12
467.49	2.11
467.691	2.42
467.892	1.95
468.093	2.29
468.293	2.09
468.494	1.61
468.695	3.02
468.895	1.88
469.096	2.25
469.297	2.05
469.497	2.32
469.698	2.82
469.898	2.23
470.099	2.81
470.3	4.2
470.5	2.31
470.701	3.23
470.901	2.88
471.102	2.9
471.302	2.21
471.503	2.89
471.703	3.24
471.904	2.81
472.104	1.45
472.305	2.59
472.505	4
472.705	1.66
472.906	2.75
473.106	2.25
473.306	1.57
473.507	2.39
473.707	2.38
473.907	2.48
474.108	1.34
474.308	2.52
474.508	2.35
474.709	1.63
474.909	1.43
475.109	1.11
475.309	2.33
475.51	1.61
475.71	1.92
475.91	3.22
476.11	1.89
476.31	1.04
476.51	2.71
476.71	2.52
476.911	3.22
477.111	1.97
477.311	0.7
477.511	2.34
477.711	2.8
477.911	0.72
478.111	4.34
478.311	2.48
478.511	2.95
478.711	1.84
478.911	1.3
479.111	2.41
479.311	1.89
479.511	5.11
479.711	2.87
479.91	1.85
480.11	2.67
480.31	3.05
480.51	5.36
480.71	2.89
480.91	3.6
481.109	2.38
481.309	3.03
481.509	1.37
481.709	3.11
481.909	3.27
482.108	1.16
482.308	1.79
482.508	2.48
482.707	3.28
482.907	1.05
483.107	2.32
483.306	3.34
483.506	2.01
483.706	3
483.905	1.83
484.105	3.55
484.304	3.6
484.504	0.57
484.704	3.11
484.903	2.32
485.103	2.67
485.302	2.68
485.502	1.78
485.701	2.74
485.901	1.76
486.1	2.08
486.299	3.03
486.499	1.87
486.698	1.56
486.898	1.66
487.097	2.42
487.296	0.94
487.496	2.44
487.695	0.96
487.894	1.59
488.094	3.51
488.293	3.1
488.492	1.75
488.692	3.38
488.891	2.7
489.09	2.61
489.289	1.55
489.489	1.83
489.688	1.49
489.887	3.02
490.086	2.89
490.285	1.71
490.484	2.84
490.683	3.14
490.883	2.87
491.082	2.97
491.281	1.94
491.48	1.72
491.679	2.46
491.878	2.9
492.077	2.68
492.276	3.02
492.475	2.43
492.674	2.87
492.873	1.24
493.072	1.56
493.271	2.69
493.47	1.6
493.669	0.98
493.867	1.61
494.066	1.53
494.265	2.89
494.464	2.19
494.663	2.58
494.862	1.35
495.06	1.44
495.259	1.12
495.458	2.46
495.657	1.46
495.856	2.3
496.054	3.13
496.253	2
496.452	1.49
496.65	1.04
496.849	2.43
497.048	0.81
497.246	2.03
497.445	1.98
497.644	2.57
497.842	2.51
498.041	2.66
498.239	1.77
498.438	1.85
498.636	1.95
498.835	1.79
499.034	2.38
499.232	2.13
499.431	1.95
499.629	1.34
499.827	1.92
500.026	2.51
500.224	2.1
500.423	1.01
500.621	1.52
500.82	1.87
501.018	2.7
501.216	2.27
501.415	2.38
501.613	1.86
501.811	2.42
502.01	2.68
502.208	1.27
502.406	2.19
502.604	2.99
502.803	1.21
503.001	2.65
503.199	2.4
503.397	1.83
503.595	1.94
503.794	1.46
503.992	1.57
504.19	1.94
504.388	2.28
504.586	1.97
504.784	1.43
504.982	2.56
505.18	1.79
505.378	2.23
505.576	2.35
505.774	2.2
505.972	2.16
506.17	2.91
506.368	2.42
506.566	1.76
506.764	1.77
506.962	2.18
507.16	1.91
507.358	1.77
507.556	1.91
507.754	2.71
507.952	2.38
508.15	2.25
508.347	1.56
508.545	2.06
508.743	1.83
508.941	1.84
509.139	2.41
509.336	1.73
509.534	2.47
509.732	2.25
509.93	1.34
510.127	2.54
510.325	2.01
510.523	2.29
510.72	2.06
510.918	2.15
511.116	2.03
511.313	1.59
511.511	2
511.708	2.09
511.906	2.45
512.104	1.8
512.301	2.03
512.499	1.94
512.696	1.45
512.894	1.81
513.091	2.06
513.289	2.18
513.486	2.02
513.683	1.83
513.881	1.82
514.078	2.07
514.276	2.24
514.473	2.38
514.67	2.91
514.868	2.02
515.065	2.19
515.262	2.48
515.46	2.04
515.657	2.43
515.854	2.45
516.052	2.21
516.249	2.66
516.446	2.74
516.643	2.09
516.84	2.44
517.038	2.39
517.235	2.27
517.432	2.33
517.629	2.35
517.826	2.21
518.023	2.64
518.221	2.15
518.418	2.67
518.615	2.42
518.812	2.43
519.009	2.88
519.206	2.15
519.403	2.53
519.6	2.26
519.797	2.38
519.994	2.14
520.191	2.6
520.388	2.53
520.585	2.82
520.782	2.31
520.978	2.36
521.175	2.03
521.372	2.45
521.569	2.2
521.766	1.77
521.963	2.05
522.159	2.55
522.356	2.78
522.553	2.94
522.75	2.38
522.947	2.54
523.143	2.9
523.34	2.72
523.537	2.83
523.733	2.8
523.93	2.25
524.127	2.59
524.323	2.52
524.52	2.56
524.717	2.94
524.913	2.53
525.11	2.28
525.306	2.63
525.503	2.61
525.7	2.89
525.896	2.46
526.093	3.1
526.289	3.06
526.486	2.64
526.682	2.4
526.878	2.66
527.075	2.94
527.271	2.59
527.468	3.08
527.664	2.56
527.861	2.93
528.057	2.55
528.253	3.03
528.45	2.2
528.646	2.48
528.842	3.05
529.039	2.31
529.235	2.92
529.431	2.79
529.627	2.87
529.824	3.02
530.02	2.88
530.216	2.85
530.412	2.66
530.608	2.62
530.804	2.81
531.001	2.65
531.197	2.9
531.393	2.98
531.589	2.78
531.785	2.97
531.981	3.15
532.177	3.17
532.373	3.09
532.569	2.79
532.765	2.85
532.961	2.72
533.157	2.47
533.353	2.9
533.549	2.57
533.745	2.92
533.941	3.17
534.137	3.15
534.333	2.73
534.529	3.16
534.725	2.78
534.92	3.03
535.116	3
535.312	2.98
535.508	3.19
535.704	3.07
535.899	2.89
536.095	2.65
536.291	3.04
536.487	2.37
536.682	3.38
536.878	3
537.074	2.6
537.269	2.75
537.465	2.97
537.661	3.15
537.856	3.55
538.052	2.98
538.248	3.33
538.443	3.34
538.639	3.23
538.834	3
539.03	3.19
539.225	3.13
539.421	3.36
539.616	3.2
539.812	3.09
540.007	3.34
540.203	3.45
540.398	3.35
540.593	3.25
540.789	3.29
540.984	3.06
541.18	3.38
541.375	3.22
541.57	3.74
541.766	3.41
541.961	3.44
542.156	3.29
542.352	3.5
542.547	3.36
542.742	3.25
542.937	3.3
543.133	3.77
543.328	3.48
543.523	3.3
543.718	3.1
543.913	3.63
544.108	3.03
544.304	3.47
544.499	3.54
544.694	3.45
544.889	3.35
545.084	3.69
545.279	3.53
545.474	3.28
545.669	3.36
545.864	3.41
546.059	3.3
546.254	3.34
546.449	3.77
546.644	3.35
546.839	3.52
547.034	3.5
547.229	3.65
547.424	3.74
547.618	3.75
547.813	3.54
548.008	3.72
548.203	3.75
548.398	3.79
548.593	3.9
548.787	3.88
548.982	3.81
549.177	3.62
549.372	3.7
549.566	3.78
549.761	3.61
549.956	3.57
550.15	3.38
550.345	4.01
550.54	4.02
550.734	3.55
550.929	3.53
551.124	3.92
551.318	3.75
551.513	3.64
551.707	4.12
551.902	3.94
552.096	3.96
552.291	4.07
552.485	3.92
552.68	3.98
552.874	4.06
553.069	3.79
553.263	4.05
553.458	4.25
553.652	3.85
553.847	3.85
554.041	4.19
554.235	4.2
554.43	3.8
554.624	4.29
554.818	4.26
555.013	4.16
555.207	4.22
555.401	4.2
555.595	4.17
555.79	4.04
555.984	4.51
556.178	4.32
556.372	4.2
556.566	4
556.761	4.34
556.955	4.11
557.149	3.84
557.343	4.44
557.537	4.44
557.731	4.2
557.925	4.5
558.119	4.37
558.313	4.23
558.507	4.23
558.701	4.61
558.895	4.81
559.089	4.71
559.283	4.59
559.477	4.57
559.671	4.58
559.865	4.4
560.059	4.22
560.253	4.34
560.447	4.67
560.641	4.29
560.835	4.87
561.028	4.99
561.222	4.75
561.416	4.71
561.61	4.41
561.804	4.78
561.997	4.78
562.191	4.82
562.385	4.83
562.579	4.93
562.772	5.11
562.966	4.63
563.16	4.5
563.353	5.15
563.547	4.63
563.741	4.79
563.934	4.87
564.128	4.73
564.321	4.56
564.515	5.14
564.708	4.95
564.902	5.04
565.095	4.89
565.289	5.2
565.482	5.12
565.676	4.84
565.869	4.7
566.063	4.7
566.256	5.2
566.45	5
566.643	4.91
566.836	4.97
567.03	5.37
567.223	5.02
567.416	5.38
567.61	5.14
567.803	5.23
567.996	4.92
568.19	5.16
568.383	5.35
568.576	5.03
568.769	5.5
568.963	5.3
569.156	5.2
569.349	5.52
569.542	5.5
569.735	5.27
569.928	5.33
570.121	5.45
570.315	5.42
570.508	5.36
570.701	5.49
570.894	5.59
571.087	5.39
571.28	5.73
571.473	5.67
571.666	5.35
571.859	5.18
572.052	5.17
572.245	5.81
572.438	5.5
572.631	5.49
572.824	5.67
573.016	5.46
573.209	5.67
573.402	5.3
573.595	5.74
573.788	5.77
573.981	5.64
574.173	5.66
574.366	5.61
574.559	5.52
574.752	5.57
574.944	5.86
575.137	5.85
575.33	5.51
575.523	6.33
575.715	5.54
575.908	5.72
576.101	5.76
576.293	5.93
576.486	5.65
576.678	5.81
576.871	5.86
577.063	6.07
577.256	6.13
577.449	5.81
577.641	6.06
577.834	5.96
578.026	6.26
578.219	5.98
578.411	5.83
578.603	6.53
578.796	6.16
578.988	5.82
579.181	5.82
579.373	6.06
579.565	6.27
579.758	6.32
579.95	6.13
580.142	6
580.335	6.02
580.527	6.51
580.719	6.4
580.912	6.36
581.104	6.54
581.296	6.23
581.488	6.28
581.68	6.43
581.873	6.22
582.065	6.37
582.257	6.13
582.449	6.29
582.641	6.67
582.833	6.11
583.025	6.27
583.217	6.37
583.41	6.34
583.602	6.71
583.794	6.22
583.986	6.92
584.178	6.23
584.37	6.83
584.562	6.34
584.753	6.89
584.945	6.56
585.137	6.52
585.329	6.49
585.521	6.93
585.713	6.73
585.905	6.64
586.097	6.95
586.289	6.46
586.48	6.96
586.672	6.56
586.864	6.58
587.056	7.07
587.247	6.4
587.439	6.95
587.631	6.67
587.823	7.1
588.014	7.11
588.206	6.62
588.398	6.7
588.589	7.03
588.781	7.25
588.972	7.26
589.164	7.41
589.356	7.11
589.547	7.18
589.739	7.08
589.93	7.33
590.122	7.12
590.313	6.89
590.505	7.44
590.696	6.84
590.888	7.72
591.079	7.57
591.271	7.36
591.462	7.51
591.653	7.65
591.845	7.56
592.036	7.57
592.227	7.27
592.419	7.45
592.61	7.53
592.801	7.21
592.993	7.71
593.184	7.59
593.375	7.24
593.566	7.77
593.758	7.54
593.949	7.78
594.14	7.69
594.331	7.92
594.522	7.82
594.713	7.37
594.905	7.6
595.096	7.76
595.287	8.28
595.478	7.9
595.669	7.83
595.86	7.53
596.051	7.69
596.242	7.91
596.433	8.06
596.624	8.32
596.815	8.2
597.006	8.08
597.197	8.13
597.388	8.06
597.579	7.95
597.77	8.45
597.96	7.6
598.151	8.5
598.342	8.12
598.533	8.36
598.724	8.47
598.915	8.14
599.105	8.4
599.296	8.31
599.487	7.92
599.678	8.51
599.868	8.65
600.059	8.95
600.25	8.71
600.44	8.27
600.631	9.01
600.822	8.3
601.012	8.57
601.203	8.62
601.394	8.56
601.584	8.94
601.775	8.52
601.965	8.59
602.156	8.35
602.346	8.6
602.537	8.8
602.727	8.73
602.918	9.01
603.108	9.07
603.299	8.71
603.489	9.17
603.679	8.45
603.87	8.99
604.06	9.69
604.251	8.98
604.441	8.92
604.631	9.34
604.822	9.32
605.012	9.01
605.202	9.34
605.392	8.99
605.583	9.13
605.773	9.67
605.963	9.07
606.153	8.95
606.344	9.34
606.534	9.66
606.724	9.99
606.914	9.06
607.104	9.57
607.294	9.94
607.484	9.24
607.674	9.24
607.864	9.7
608.054	9.51
608.245	9.8
608.435	9.92
608.625	9.8
608.814	9.38
609.004	9.66
609.194	9.48
609.384	10.02
609.574	9.83
609.764	9.58
609.954	9.12
610.144	9.66
610.334	10
610.524	9.83
610.713	10.22
610.903	10.35
611.093	10.01
611.283	10.19
611.473	10.25
611.662	10.01
611.852	9.86
612.042	9.53
612.231	9.86
612.421	10.14
612.611	9.63
612.8	10.11
612.99	9.89
613.18	9.72
613.369	10.22
613.559	10.59
613.748	10.95
613.938	10.23
614.128	10.15
614.317	10.4
614.507	10.52
614.696	10.5
614.886	10.45
615.075	10.14
615.264	10.4
615.454	10.69
615.643	10.57
615.833	10.53
616.022	10.22
616.211	10.44
616.401	10.73
616.59	10.31
616.779	10.81
616.969	10.02
617.158	10.49
617.347	10.99
617.537	10.84
617.726	10.4
617.915	10.29
618.104	10.25
618.293	11.28
618.483	9.95
618.672	10.91
618.861	10.51
619.05	10.62
619.239	10.73
619.428	11.04
619.617	10.9
619.806	10.72
619.995	11.06
620.184	10.62
620.373	10.83
620.562	10.9
620.751	11.19
620.94	10.58
621.129	11.53
621.318	10.97
621.507	10.91
621.696	10.82
621.885	10.76
622.074	10.75
622.263	11.61
622.452	11.25
622.64	11.86
622.829	11.14
623.018	11.69
623.207	11.36
623.396	10.86
623.584	11.57
623.773	11.66
623.962	11.34
624.15	11.74
624.339	11.11
624.528	11.65
624.716	11.04
624.905	11.3
625.094	11.36
625.282	11.19
625.471	11.35
625.659	11.26
625.848	11.75
626.037	11.59
626.225	11.85
626.414	11.69
626.602	11.38
626.791	10.46
626.979	11.96
627.167	12.19
627.356	11.86
627.544	12.01
627.733	12.49
627.921	11.86
628.109	11.31
628.298	11.88
628.486	11.9
628.674	11.85
628.863	12.38
629.051	12.22
629.239	12.48
629.428	12.04
629.616	12.7
629.804	12.32
629.992	12.3
630.18	11.24
630.369	12.54
630.557	12.15
630.745	12.31
630.933	12.95
631.121	12.43
631.309	12.74
631.497	12.19
631.685	11.65
631.873	12.37
632.061	12.31
632.249	13.63
632.437	13.51
632.625	12.53
632.813	12.05
633.001	12.52
633.189	12.89
633.377	12.89
633.565	11.99
633.753	13.14
633.941	12.11
634.129	12.96
634.316	12.4
634.504	13.35
634.692	12.79
634.88	13.35
635.068	12.57
635.255	13.52
635.443	12.91
635.631	13.03
635.818	12.44
636.006	12.75
636.194	13.15
636.382	12.33
636.569	12.8
636.757	13.9
636.944	13.25
637.132	13.58
637.32	13.34
637.507	12.71
637.695	11.99
637.882	13.01
638.07	13.57
638.257	12.72
638.445	12.16
638.632	12.96
638.82	12.15
639.007	12.95
639.194	13.67
639.382	12.77
639.569	12.69
639.757	13.68
639.944	11.81
640.131	12.23
640.319	12.41
640.506	12.9
640.693	13.77
640.88	12.72
641.068	13.08
641.255	12.9
641.442	13.02
641.629	12.29
641.817	13.64
642.004	12.76
642.191	12.95
642.378	13.95
642.565	13.14
642.752	13.5
642.939	13.31
643.126	13.49
643.313	13.21
643.501	13.01
643.688	13.01
643.875	13.83
644.062	12.59
644.249	12.85
644.435	12.21
644.622	12.64
644.809	13.58
644.996	13.17
645.183	12.3
645.37	12.85
645.557	12.95
645.744	12.01
645.931	12.82
646.117	11.39
646.304	11.92
646.491	13.25
646.678	12.97
646.865	12.76
647.051	12.46
647.238	12.38
647.425	12.44
647.611	12.73
647.798	12.33
647.985	12.51
648.171	13.13
648.358	11.58
648.545	12.77
648.731	11.56
648.918	11.98
649.104	12.19
649.291	12.92
649.477	12.1
649.664	13
649.85	13.36
650.037	12.08
650.223	12.18
650.41	11.81
650.596	12.15
650.783	12.23
650.969	12.45
651.155	13.2
651.342	10.89
651.528	12.12
651.714	12.16
651.901	13.07
652.087	12.94
652.273	12.83
652.46	13.94
652.646	11.93
652.832	12.38
653.018	12.11
653.204	13.1
653.391	12.67
653.577	12.48
653.763	11.94
653.949	13.8
654.135	12.38
654.321	12.62
654.507	13.88
654.693	12.22
654.879	13.28
655.065	11.41
655.252	12.15
655.438	12.92
655.624	13.22
655.809	13.07
655.995	12.01
656.181	12.8
656.367	12.78
656.553	13
656.739	12.51
656.925	14.47
657.111	12.96
657.297	13.91
657.482	13.33
657.668	13.12
657.854	14.67
658.04	11.08
658.226	10.91
658.411	12.64
658.597	12.86
658.783	13.89
658.968	13.93
659.154	12.82
659.34	13.57
659.525	12.28
659.711	12.2
659.897	14.27
660.082	11.13
660.268	12.32
660.453	13.74
660.639	13.06
660.824	11.6
661.01	13.34
661.195	12.67
661.381	11.89
661.566	12.24
661.752	10.38
661.937	13.85
662.123	11.29
662.308	12.08
662.494	12.48
662.679	12.02
662.864	12.85
663.05	13.34
663.235	12.27
663.42	11.7
663.605	11.52
663.791	11.56
663.976	12.15
664.161	11.46
664.346	11.97
664.532	10.88
664.717	11.61
664.902	12.73
665.087	14.4
665.272	13.45
665.457	9.98
665.642	13.29
665.828	13.11
666.013	13.67
666.198	9.67
666.383	14.01
666.568	11.87
666.753	11.71
666.938	12.8
667.123	13.79
667.308	13.47
667.493	13.25
667.677	11.64
667.862	13.01
668.047	12.38
668.232	11.21
668.417	13.21
668.602	11
668.787	14.48
668.971	13.23
669.156	13.45
669.341	11.84
669.526	14.15
669.711	14.07
669.895	12.66
670.08	9.99
670.265	12.94
670.449	11.92
670.634	14.29
670.819	11.82
671.003	10.71
671.188	12.65
671.372	15.12
671.557	14.82
671.742	12.49
671.926	11.03
672.111	13.67
672.295	10.76
672.48	12.03
672.664	10.15
672.849	11.01
673.033	10.81
673.217	11.32
673.402	12.58
673.586	9.74
673.771	11.94
673.955	14.81
674.139	12.32
674.324	14.17
674.508	12.33
674.692	12.88
674.876	14.9
675.061	14.49
675.245	14.25
675.429	13.07
675.613	12.07
675.798	14.57
675.982	15.04
676.166	12.01
676.35	14.64
676.534	14.45
676.718	15.88
676.902	16.24
677.087	11.91
677.271	13.12
677.455	16.09
677.639	13.36
677.823	15.7
678.007	18.61
678.191	13.97
678.375	15.45
678.559	16.56
678.742	15.08
678.926	14.61
679.11	18.52
679.294	15.61
679.478	14.22
679.662	16.46
679.846	17.61
680.029	17.98
680.213	17.44
680.397	18.35
680.581	16.42
680.765	18.01
680.948	18.34
681.132	16.37
681.316	15.61
681.499	20.3
681.683	18.68
681.867	14.99
682.05	20.51
682.234	20.3
682.417	20.14
682.601	20.62
682.785	21.51
682.968	17.09
683.152	19.05
683.335	19.57
683.519	18.47
683.702	17.93
683.886	21.58
684.069	20.59
684.253	19.67
684.436	23.6
684.619	19.27
684.803	17
684.986	21.16
685.169	23.48
685.353	22.79
685.536	20.31
685.719	25.13
685.903	20.95
686.086	19.73
686.269	25.59
686.452	21.88
686.636	23.17
686.819	23.74
687.002	26.16
687.185	25.15
687.368	23.35
687.551	17.57
687.734	27.18
687.918	23.52
688.101	25.12
688.284	22.67
688.467	24.63
688.65	26.28
688.833	24.79
689.016	21.03
689.199	25.03
689.382	26.74
689.565	29.5
689.748	27.2
689.93	26.58
690.113	27.46
690.296	28.81
690.479	31.24
690.662	26.01
690.845	27.73
691.028	25.8
691.21	30.27
691.393	27.33
691.576	29.8
691.759	25.12
691.941	30.06
692.124	35.77
692.307	28.48
692.489	31.66
692.672	25.64
692.855	29.82
693.037	31.12
693.22	31.79
693.403	25.63
693.585	34.51
693.768	34.28
693.95	30.54
694.133	29.72
694.315	32.5
694.498	32.38
694.68	25.25
694.863	30.3
695.045	28.51
695.228	28.98
695.41	30.12
695.592	35.24
695.775	32.37
695.957	35.41
696.139	31.97
696.322	29.8
696.504	33.64
696.686	28.4
696.869	28.25
697.051	33.88
697.233	37.65
697.415	36.54
697.597	28.53
697.78	28.9
697.962	32.92
698.144	32.73
698.326	27.68
698.508	31.12
698.69	30.57
698.872	32.3
699.055	35.61
699.237	30.19
699.419	30.82
699.601	29.28
699.783	36.54
699.965	35.47
700.147	30.41
700.329	29.53
700.51	33.14
700.692	36.42
700.874	31.46
701.056	38.13
701.238	30.55
701.42	35.16
701.602	30.51
701.783	28.36
701.965	30.23
702.147	36.4
702.329	32.46
702.511	33.59
702.692	36.67
702.874	31.4
703.056	35.73
703.237	35.01
703.419	28.26
703.601	43.15
703.782	34.15
703.964	38.71
704.146	31.2
704.327	37.96
704.509	37.77
704.69	27.85
704.872	34.11
705.053	37.58
705.235	40.66
705.416	35.01
705.598	34.56
705.779	39.82
705.961	39.23
706.142	38.61
706.323	39.21
706.505	40.09
706.686	38.46
706.867	38.27
707.049	32.74
707.23	38.19
707.411	35.12
707.593	39.45
707.774	31.78
707.955	40.41
708.136	28.67
708.318	34.14
708.499	41.79
708.68	33.37
708.861	39.37
709.042	31.18
709.223	35.56
709.404	32.48
709.585	32.85
709.767	37.32
709.948	29.79
710.129	39.91
710.31	25.82
710.491	33.48
710.672	34.21
710.853	24.04
711.034	34.77
711.214	37.44
711.395	35.45
711.576	40.83
711.757	37.61
711.938	41.64
712.119	29.79
712.3	39.52
712.481	33.83
712.661	32.63
712.842	40.89
713.023	29.43
713.204	36.04
713.384	34.06
713.565	41.03
713.746	31.36
713.926	28.15
714.107	36.95
714.288	33.57
714.468	40.46
714.649	37.9
714.83	38.28
715.01	33.01
715.191	29.38
715.371	39.07
715.552	34.57
715.732	35.85
715.913	42.91
716.093	43.24
716.274	29.32
716.454	35.04
716.635	47.32
716.815	33.38
716.995	44.48
717.176	39.27
717.356	29.89
717.536	40.62
717.717	43.53
717.897	35.46
718.077	30.78
718.258	39.54
718.438	39.15
718.618	31.03
718.798	39.01
718.978	37.5
719.159	34.49
719.339	49.51
719.519	42.05
719.699	39.33
719.879	38.02
720.059	30.05
720.239	24.78
720.419	44.43
720.599	30.96
720.779	43.02
720.959	34.38
721.139	32.48
721.319	43.52
721.499	48.4
721.679	17.33
721.859	27.07
722.039	24.84
722.219	31.79
722.399	30.09
722.579	30.76
722.759	31.31
722.938	16.09
723.118	33.49
723.298	29.52
723.478	26.55
723.658	30.6
723.837	37.31
724.017	30.24
724.197	41.6
724.376	29.42
724.556	33.08
724.736	34.85
724.915	36.3
725.095	39.33
725.275	35.15
725.454	28.87
725.634	57.54
725.813	39.79
725.993	34.57
726.172	44.55
726.352	35.58
726.531	56.68
726.711	29.62
726.89	44.25
727.07	36.61
727.249	45.84
727.428	32.93
727.608	18.39
727.787	30.13
727.966	41.41
728.146	28.95
728.325	27.31
728.504	28.81
728.684	17.66
728.863	49.23
729.042	20.3
729.221	21.87
729.4	31.96
729.58	27.22
729.759	41.1
729.938	29.65
730.117	52.17
730.296	45.63
730.475	32.78
730.654	37.06
730.833	24.41
731.013	29.19
731.192	42.72
731.371	54.1
731.55	32.01
731.729	25.94
731.907	41.12
732.086	24.38
732.265	28.06
732.444	39.18
732.623	34.4
732.802	21.19
732.981	21.1
733.16	20.6
733.339	41.39
733.517	46.9
733.696	44.85
733.875	40.86
734.054	32.23
734.232	40.85
734.411	43.41
734.59	13.34
734.768	27.41
734.947	54.77
735.126	17.01
735.304	47.38
735.483	31.85
735.662	46.03
735.84	39.34
736.019	30.34
736.197	31.38
736.376	36.68
736.554	50.9
736.733	28.45
736.911	36.56
737.09	20.66
737.268	30
737.447	47.62
737.625	43.16
737.803	24.46
737.982	62.7
738.16	46.28
738.338	51.21
738.517	56.02
738.695	44.99
738.873	43
739.052	33.28
739.23	20.11
739.408	28.49
739.586	23.3
739.764	30.32
739.943	39.93
740.121	41.83
740.299	20.29
740.477	24.66
740.655	50.93
740.833	32.05
741.011	49.89
741.189	34.35
741.367	40.34
741.545	27.28
741.723	13.68
741.901	22.19
742.079	52.42
742.257	63.67
742.435	41.59
742.613	23.15
742.791	52.84
742.969	21.22
743.147	28.06
743.325	25.85
743.503	33.27
743.68	54.48
743.858	52.32
744.036	21.4
744.214	1.44
744.391	-10.05
744.569	19.48
744.747	27.33
744.925	39.15
745.102	31.54
745.28	16.55
745.458	65.42
745.635	40.33
745.813	57.34
745.99	55.2
746.168	75.6
746.345	78.15
746.523	26.24
746.7	38.54
746.878	23.7
747.055	-2.85
747.233	60.7
747.41	35.16
747.588	29.82
747.765	15.33
747.943	12.13
748.12	12.41
748.297	46.8
748.475	44.04
748.652	37.49
748.829	37.33
749.007	20.67
749.184	23.57
749.361	45.01
749.538	58.85
749.716	34.56
749.893	17.05
750.07	30.39
750.247	52.95
750.424	34.23
750.601	97
750.778	32.36
750.956	6.74
751.133	13.97
751.31	45.92
751.487	40.34
751.664	-23.31
751.841	0.86
752.018	48.02
752.195	30.75
752.372	40.03
752.549	7.19
752.726	46.49
752.902	33.75
753.079	72.42
753.256	69.82
753.433	39.21
753.61	56.69
753.787	5.74
753.964	50.67
754.14	12.32
754.317	47.68
754.494	65.05
754.671	45.29
754.847	40.82
755.024	15.25
755.201	71.39
755.377	40.05
755.554	65.87
755.73	-12.47
755.907	23.42
756.084	97.08
756.26	35.92
756.437	-3.07
756.613	34.11
756.79	41.77
756.966	42.41
757.143	33.61
757.319	44.48
757.496	80.33
757.672	18
757.849	26.8
758.025	5
758.201	99.16
758.378	52.46
758.554	-25.02
758.73	40.89
758.907	44.61
759.083	51.64
759.259	48.69
759.435	65.46
759.612	-4.47
759.788	90.5
759.964	17.13
760.14	66.94
760.316	-6.2
760.493	37.9
760.669	67.06
760.845	20.26
761.021	-5.24
761.197	-31.05
761.373	-12.76
761.549	19.3
761.725	38
761.901	35.09
762.077	36.58
762.253	16.9
762.429	63.62
762.605	46.78
762.781	42.73
762.957	39.6
763.133	19.13
763.308	63.99
763.484	40.66
763.66	130.54
763.836	29.31
764.012	14.29
764.187	20.9
764.363	36.67
764.539	42.26
764.715	14.38
764.89	27.29
765.066	64.28
765.242	56
765.417	68.01
765.593	33.2
765.769	53.96
765.944	-12.47
766.12	56.91
766.295	14.73
766.471	21.02
766.646	69.06
766.822	53.85
766.997	-11.06
767.173	36.93
767.348	7.94
767.524	43.17
767.699	42.62
767.875	21.39
768.05	-27.31
768.225	12.3
768.401	21.81
768.576	43.9
768.751	61.12
768.927	15.37
769.102	41.68
769.277	56.99
769.452	1.65
769.628	2.38
769.803	155.44
769.978	32.24
770.153	40.63
770.328	59.4
770.503	92.74
770.679	7.41
770.854	-20.69
771.029	32.81
771.204	-436.42
771.379	-36.45
771.554	43.08
771.729	45.18
771.904	0.18
772.079	29.67
772.254	85.06
772.429	107.36
772.604	41.86
772.779	87.15
772.953	56.99
773.128	23.02
773.303	31.13
773.478	-20.52
773.653	72.22
773.828	47.53
774.002	137.6
774.177	55.83
774.352	167.83
774.527	43.28
774.701	72.22
774.876	95.76
775.051	-358.82
775.225	55.98
775.4	14.47
775.575	26.93
775.749	0.19
775.924	24.87
776.098	0.19
776.273	34.16
776.447	66.34
776.622	91.86
776.796	36.47
776.971	-24.94
777.145	90.21
777.32	76.75
777.494	103.91
777.669	36.12
777.843	-7.49
778.017	25.36
778.192	10.03
778.366	-49.31
778.54	53.98
778.715	49.37
778.889	205.71
779.063	22.96
779.237	47.26
779.412	19.95
779.586	71.71
779.76	40.22
779.934	15.06
780.108	58.32
780.282	-105.97
780.457	34.74
780.631	-59.18
780.805	33.07
780.979	55.22
781.153	40.15
781.327	74.21
781.501	-13.75
781.675	17.78
781.849	40.95
782.023	218.16
782.197	45.13
782.371	-218.86
782.545	493.87
782.718	42.76
782.892	152.59
783.066	56.54
783.24	146.15
783.414	-2.16
783.588	130.8
783.761	23.45
783.935	-7.97
784.109	62.69
784.283	-197.39
784.456	148.34
784.63	25.59
784.804	76.29
784.977	38.63
785.151	-105.23
785.324	32.05
785.498	-8.41
785.672	65.4
785.845	154.82
786.019	0.47
786.192	-31.13
786.366	86.42
786.539	134.58
786.713	-88.01
786.886	80.94
787.06	159.82
787.233	-2.51
787.406	-18.53
787.58	-25.38
787.753	37.83
787.926	-71.75
788.1	287.73
788.273	-1428.3
788.446	-66.05
788.62	1087.1
788.793	-9.42
788.966	22.06
789.139	61.13
789.313	46.05
789.486	-2385.71
789.659	41.71
789.832	61.98
790.005	104.13
790.178	519.47
790.351	2.38
790.524	110.17
790.697	34.28
790.87	42.13
791.044	132.73
791.216	71.58
791.389	13.37
791.562	37.22
791.735	-89.87
791.908	45.45
792.081	74.72
792.254	-539.56
792.427	-85.13
792.6	-17.2
792.773	-25.85
792.945	395.52
793.118	77.67
793.291	-170.33
793.464	143.4
793.637	-14.11
793.809	-30.33
793.982	53.06
794.155	-21.23
794.327	202.65
794.5	349.23
794.673	-213.36
794.845	-98.44
795.018	-122.34
795.19	66.29
795.363	38.48
795.536	111.97
795.708	-500
795.881	-2420
796.053	22.95
796.226	124
796.398	95.37
796.57	158.32
796.743	-10.2
796.915	45.13
797.088	-33.6
797.26	208.66
797.432	244.3
797.605	90.37
797.777	-515.58
797.949	51.35
798.122	10.64
798.294	140.36
798.466	226.86
798.638	64.26
798.81	125.35
798.983	836.71
799.155	83.78
799.327	-40.24
799.499	55.87
799.671	127.56
799.843	49.51
800.015	88.33
800.187	49.51
800.359	165.19
800.531	-22.83
800.703	65.16
800.875	13.63
801.047	2.67
801.219	93.86
801.391	-203.9
801.563	-59.71
801.735	-3.58
801.907	287.73
802.079	-26.81
802.251	-341.76
802.422	19.69
802.594	-235.06
802.766	15.77
802.938	226.46
803.11	210.2
803.281	24.5
803.453	40.63
803.625	52.07
803.796	25.97
803.968	71.89
804.14	93.68
804.311	49.66
804.483	69.49
804.654	74.81
804.826	30.41
804.998	186.63
805.169	116.22
805.341	-96.8
805.512	-60.25
805.684	39.63
805.855	140.73
806.026	423.08
806.198	273.01
806.369	-4.3
806.541	127.69
806.712	120.39
806.883	117.98
807.055	119.07
807.226	20.23
807.397	212.09
807.569	-107.08
807.74	-6.69
807.911	-59.18
808.082	-47.98
808.253	-48.51
808.425	18.7
808.596	-567.42
808.767	311.51
808.938	-4.26
809.109	-119.8
809.28	-232.7
809.451	1.97
809.622	167.38
809.793	-654.84
809.964	73.91
810.135	57.29
810.306	-35.26
810.477	200.67
810.648	58.5
810.819	66.73
810.99	-1700
811.161	267.29
811.332	187.57
811.503	26.39
811.674	-296.92
811.844	-463.08
812.015	88.92
812.186	273.01
812.357	107.73
812.527	156.32
812.698	-24.3
812.869	-907.55
813.04	139.64
813.21	327.59
813.381	-19.07
813.551	0.28
813.722	166.23
813.893	74.81
814.063	83.62
814.234	89.09
814.404	134.99
814.575	65.42
814.745	41.59
814.916	-37.65
815.086	86.11
815.257	151.12
815.427	-87.73
815.598	58.69
815.768	34.8
815.938	64.07
816.109	330.77
816.279	27.72
816.449	3.93
816.62	-942.11
816.79	97.93
816.96	-998.11
817.13	-0.1
817.301	29.95
817.471	-39.83
817.641	383.44
817.811	-70.8
817.981	2071.43
818.152	114.22
818.322	46.53
818.492	0.29
818.662	-25.09
818.832	34.83
819.002	103.22
819.172	110.68
819.342	221.39
819.512	57.39
819.682	51.51
819.852	-3.79
820.022	119.96
820.192	214.61
820.362	8.2
820.531	-34.85
820.701	94.75
820.871	-85.08
821.041	-43.89
821.211	-73.9
821.381	179.3
821.55	128.09
821.72	-220.93
821.89	-370.77
822.059	88.87
822.229	95.42
822.399	312.56
822.568	218.5
822.738	-1407.32
822.908	88.96
823.077	9.23
823.247	41.4
823.416	-641.18
823.586	39.04
823.756	-40.28
823.925	836.71
824.095	420.93
824.264	140.36
824.433	-32.74
824.603	128.68
824.772	127.79
824.942	-317.72
825.111	-114.07
825.28	-97.52
825.45	460
825.619	208.07
825.788	-284.27
825.958	9.37
826.127	143.26
826.296	86.32
826.465	124
826.635	7.55
826.804	196.46
826.973	208.49
827.142	179.15
827.311	-161.74
827.48	159.37
827.649	188.4
827.818	180.31
827.988	-20
828.157	60.5
828.326	-35.28
828.495	50.71
828.664	111.67
828.833	89.4
829.002	-328.57
829.17	-105.37
829.339	66.83
829.508	-19.03
829.677	-1.12
829.846	124.77
830.015	-145.07
830.184	0.21
830.352	-15.31
830.521	397.84
830.69	85.37
830.859	1617.65
831.027	-2268.42
831.196	35.32
831.365	-22.94
831.533	70.23
831.702	14.98
831.871	29.16
832.039	175.22
832.208	-280.87
832.377	114.17
832.545	-6.43
832.714	54.38
832.882	-40.22
833.051	103.54
833.219	2757.14
833.388	102.23
833.556	-10.2
833.724	377.74
833.893	-38.28
834.061	2910.53
834.23	93.9
834.398	134.75
834.566	-110.39
834.735	4471.43
834.903	247.17
835.071	-2900
835.239	-51.48
835.408	24.49
835.576	-472.09
835.744	41.42
835.912	151.79
836.08	77.88
836.249	-1360.38
836.417	295.72
836.585	163.44
836.753	111.44
836.921	-110.81
837.089	6185.71
837.257	-583.72
837.425	36.17
837.593	20.7
837.761	70.49
837.929	55.05
838.097	38.63
838.265	32.38
838.433	137.38
838.601	-51.19
838.769	532.91
838.936	228.09
839.104	137.6
839.272	152.21
839.44	63.61
839.608	-1202.44
839.775	-43.4
839.943	41.23
840.111	85.42
840.279	56.1
840.446	538.81
840.614	76.62
840.781	303.48
840.949	73.41
841.117	-43.89
841.284	35.62
841.452	-462.73
841.619	12.95
841.787	106.64
841.954	-109.3
842.122	117.34
842.289	133.96
842.457	33.71
842.624	120.5
842.792	297.08
842.959	316
843.126	50.99
843.294	-69.6
843.461	123.56
843.629	508
843.796	54.64
843.963	-9.73
844.13	30.7
844.298	51.35
844.465	7.29
844.632	-37.89
844.799	103.02
844.966	-60.85
845.134	87.78
845.301	13.84
845.468	167.55
845.635	-25.09
845.802	368.09
845.969	52.43
846.136	33.87
846.303	4363.16
846.47	75.23
846.637	-444.62
846.804	-689.47
846.971	-145.9
847.138	185.71
847.305	-0.88
847.472	-14.89
847.639	146.37
847.805	-13
847.972	61.04
848.139	-103.43
848.306	131.58
848.473	180.6
848.639	4.2
848.806	229.6
848.973	9.37
849.14	-79.81
849.306	-37.22
849.473	72.19
849.64	-75.38
849.806	-115.31
849.973	57.84
850.139	270.86
850.306	88.56
850.472	71.22
850.639	125.57
850.806	257.89
850.972	94.78
851.139	2585.71
851.305	92.77
851.471	-0.36
851.638	-176.07
851.804	73.13
851.971	-68.96
852.137	32.05
852.303	-9.79
852.47	64.82
852.636	-11.96
852.802	-84.25
852.968	-178.3
853.135	-18.78
853.301	-173.99
853.467	3.61
853.633	43.11
853.8	3.73
853.966	-37.06
854.132	12185.71
854.298	-193.43
854.464	-82.02
854.63	147.39
854.796	134.58
854.962	415.11
855.128	65.29
855.294	-27.42
855.46	27.86
855.626	-77.17
855.792	-83.01
855.958	-255.34
856.124	-117.18
856.29	96.03
856.456	10.68
856.622	-14.89
856.787	512.99
856.953	-24.3
857.119	521.78
857.285	74.41
857.45	-54.77
857.616	39.85
857.782	64.71
857.948	75.55
858.113	-115.02
858.279	-49.24
858.445	85.83
858.61	393.02
858.776	155.87
858.941	284.16
859.107	39.09
859.273	-87.76
859.438	66.79
859.604	-121.05
859.769	57.48
859.935	22.77
860.1	38.44
860.265	73.52
860.431	-180.58
860.596	6700
860.762	80.76
860.927	-34.28
861.092	140.66
861.258	-58.07
861.423	148.65
861.588	50.87
861.753	1900
861.919	-794.34
862.084	142.52
862.249	220
862.414	16.04
862.579	-43.15
862.745	14.64
862.91	341.33
863.075	51.14
863.24	61.1
863.405	-17.59
863.57	168.4
863.735	17.93
863.9	-181.42
864.065	54.86
864.23	202.9
864.395	153.38
864.56	90.94
864.725	335.44
864.89	-108.99
865.055	-152.04
865.22	57
865.384	-432.58
865.549	268.93
865.714	-27.87
865.879	176.72
866.044	-153.77
866.208	95.53
866.373	-104.4
866.538	149.18
866.702	-16.07
866.867	50.44
867.032	16.71
867.196	92.32
867.361	-164
867.526	164.38
867.69	-66.03
867.855	-117.58
868.019	460
868.184	19
868.348	-8.53
868.513	-461.29
868.677	172.37
868.842	-50.53
869.006	40.51
869.17	-839.62
869.335	-1173.17
869.499	-313.59
869.663	509.27
869.828	48.99
869.992	476.74
870.156	68.52
870.321	-56.6
870.485	-10.42
870.649	16.09
870.813	-26.2
870.978	209.79
871.142	-998.46
871.306	57.35
871.47	16.79
871.634	425.98
871.798	-0.62
871.962	123.23
872.126	528.57
872.29	66.59
872.454	4471.43
872.618	-138.28
872.782	574.63
872.946	418.12
873.11	416.58
873.274	-118.5
873.438	-429.41
873.602	-25.07
873.766	-219.48
873.93	-98.9
874.094	-257.3
874.257	104.77
874.421	124.28
874.585	67.27
874.749	50.51
874.912	-241.01
875.076	80.65
875.24	-114.43
875.403	171.67
875.567	487.43
875.731	214.61
875.894	4.49
876.058	62.68
876.222	-14.61
876.385	-5.53
876.549	-3.97
876.712	852.73
876.876	-101.62
877.039	28.19
877.203	160.42
877.366	-14.4
877.529	0.35
877.693	26.65
877.856	154.25
878.02	-29.36
878.183	-180.25
878.346	-250.65
878.51	232.74
878.673	121.58
878.836	60.25
878.999	-1003.23
879.163	135.13
879.326	169.05
879.489	114.71
879.652	60.15
879.815	133.96
879.978	-20
880.142	216.78
880.305	-30.43
880.468	127.47
880.631	-76.66
880.794	83.08
880.957	290.24
881.12	-2970.59
881.283	0.45
881.446	44.06
881.609	346.04
881.772	184.04
881.935	-1347.06
882.097	153.71
882.26	-771.7
882.423	72.86
882.586	124.35
882.749	203.21
882.912	-36.2
883.074	87.83
883.237	114.32
883.4	31.56
883.562	125.61
883.725	-260
883.888	199.21
884.05	-5780
884.213	86.6
884.376	43.33
884.538	20.75
884.701	20.75
884.863	20.75
