181.954	319.43
182.172	319.43
182.39	319.43
182.608	5820
182.826	537.36
183.043	-159.57
183.261	58.04
183.479	36.07
183.697	1782.35
183.914	-69.23
184.132	-155.61
184.35	375.34
184.567	137.75
184.785	-114.16
185.003	93.32
185.22	-65.67
185.438	37.43
185.656	-25.63
185.873	-383.08
186.091	-0.3
186.309	10.34
186.526	158.82
186.744	55.61
186.961	-44.42
187.179	209
187.396	52.2
187.614	-641.54
187.831	-8580
188.049	241.1
188.266	88.72
188.484	-774.63
188.701	-107.77
188.919	78.92
189.136	216.21
189.354	-19.69
189.571	-35.55
189.789	7.32
190.006	59.61
190.223	-115.14
190.441	40.79
190.658	-5014.29
190.876	99.73
191.093	-253.85
191.31	81.82
191.528	24.59
191.745	35.47
191.962	33.58
192.179	-46.23
192.397	-88.66
192.614	-45.53
192.831	-151.03
193.049	60.38
193.266	-2.91
193.483	48.3
193.7	-438.46
193.917	78.43
194.135	170.5
194.352	-112.36
194.569	46.45
194.786	154.86
195.003	41.45
195.221	29.03
195.438	-5.3
195.655	-13.57
195.872	-13.22
196.089	77.23
196.306	-18.32
196.523	93.1
196.74	123.67
196.957	66.63
197.174	159.9
197.391	27.59
197.608	29.58
197.825	958.06
198.042	-25.2
198.259	-1272.41
198.476	252.58
198.693	-180
198.91	73.39
199.127	-201.49
199.344	120.24
199.561	36.42
199.778	42.57
199.995	-613.43
200.212	-568.97
200.429	100.95
200.646	-170.89
200.862	259.55
201.079	-48.99
201.296	276.16
201.513	148.54
201.73	-89.67
201.947	-18.61
202.163	-15.03
202.38	-46.82
202.597	24.06
202.814	-57.97
203.03	-10980
203.247	366.33
203.464	-7.46
203.681	783.12
203.897	40.37
204.114	118.87
204.331	116.47
204.547	-6.98
204.764	117.92
204.981	1288.24
205.197	361.28
205.414	88.24
205.63	-237.93
205.847	318.09
206.064	-332.73
206.28	48.23
206.497	-39.45
206.713	162.93
206.93	5.86
207.146	23.45
207.363	-50.77
207.579	89.01
207.796	-337.17
208.012	-18.9
208.229	138.81
208.445	54.77
208.662	45.88
208.878	115.98
209.095	-476.47
209.311	10.68
209.528	3728.57
209.744	59.07
209.96	-526.49
210.177	358.25
210.393	94.6
210.609	5580
210.826	-90.18
211.042	352.17
211.258	-201.49
211.475	-65.78
211.691	-20.48
211.907	482.28
212.124	-94
212.34	12
212.556	35.83
212.772	-372.53
212.989	61.59
213.205	-71.96
213.421	-170.35
213.637	-398.51
213.853	52.53
214.069	-1405.26
214.286	125.07
214.502	85.07
214.718	-57.37
214.934	184.42
215.15	52.13
215.366	-11.57
215.582	-51.94
215.798	69.93
216.015	60
216.231	176.76
216.447	16.15
216.663	52.85
216.879	-43.72
217.095	-118.79
217.311	-220.75
217.527	222.49
217.743	-573.79
217.959	-130.19
218.175	98.09
218.391	-62.59
218.606	108
218.822	70.43
219.038	184.49
219.254	178.74
219.47	-24.57
219.686	313.48
219.902	1.4
220.118	29.79
220.334	28.99
220.549	80.85
220.765	70.46
220.981	5.92
221.197	2.35
221.413	-504.4
221.628	284.81
221.844	-424.53
222.06	171.84
222.276	-68.44
222.491	22.59
222.707	36.39
222.923	-585.91
223.139	67.25
223.354	-39.45
223.57	-200.79
223.786	8.59
224.001	72.97
224.217	6.12
224.432	36.42
224.648	115.98
224.864	7.95
225.079	49.25
225.295	-6.7
225.51	332.43
225.726	15.95
225.942	130.72
226.157	-10.21
226.373	19.15
226.588	44.84
226.804	-2921.05
227.019	113.07
227.235	75.43
227.45	44.15
227.665	7500
227.881	271.65
228.096	-13.04
228.312	-140.69
228.527	151.19
228.743	149.14
228.958	-28.86
229.173	-472.17
229.389	89.23
229.604	48.89
229.819	113.62
230.035	-145.23
230.25	-11.37
230.465	-103.4
230.681	-196.42
230.896	10.65
231.111	29.09
231.327	106.45
231.542	1980
231.757	108.18
231.972	134.63
232.187	111.06
232.403	-3489.47
232.618	-127.12
232.833	64.15
233.048	-289.09
233.263	24.67
233.478	247.83
233.694	216.28
233.909	-435.48
234.124	117.77
234.339	62.82
234.554	548.28
234.769	-29.75
234.984	-44.39
235.199	69.31
235.414	-390.27
235.629	-991.14
235.844	16.64
236.059	80.7
236.274	-174.92
236.489	-106.27
236.704	125.05
236.919	135.57
237.134	47.93
237.349	-13.2
237.564	36.24
237.779	-35.62
237.994	85.53
238.209	79.4
238.424	-60.74
238.639	98.44
238.853	61.83
239.068	-73.41
239.283	17.22
239.498	186.02
239.713	123.76
239.928	42.27
240.142	-61.72
240.357	129.97
240.572	-10.99
240.787	192.1
241.001	19.15
241.216	54.19
241.431	133.45
241.646	75.11
241.86	-265.02
242.075	-620.93
242.29	29.52
242.504	-29.96
242.719	16.77
242.934	-11.81
243.148	53.99
243.363	18.45
243.577	-117.98
243.792	129.96
244.007	70.99
244.221	-89.61
244.436	120.9
244.65	-1.84
244.865	152.13
245.079	143.95
245.294	-243.88
245.508	24.72
245.723	-24.51
245.937	89.01
246.152	-8.01
246.366	112.69
246.581	-67.08
246.795	115.95
247.01	-98.94
247.224	-25.56
247.438	-31.62
247.653	64.39
247.867	29.58
248.081	162.01
248.296	446.34
248.51	65.85
248.724	11.14
248.939	-541.79
249.153	143.27
249.367	-4.36
249.582	-92.37
249.796	-416.88
250.01	21.85
250.224	75.12
250.439	191.83
250.653	30.09
250.867	50.94
251.081	49.76
251.295	-21
251.51	29.36
251.724	248.2
251.938	-16.73
252.152	-313.14
252.366	70.46
252.58	605.45
252.794	48.31
253.008	109.27
253.223	9.98
253.437	194.67
253.651	38.77
253.865	82.03
254.079	91.2
254.293	21.04
254.507	-376.36
254.721	5.21
254.935	313.19
255.149	89.43
255.363	122.48
255.577	187.25
255.791	43.73
256.005	86.5
256.218	-4.05
256.432	-40.66
256.646	15.95
256.86	-4.23
257.074	87
257.288	14700
257.502	-174.73
257.716	5.55
257.929	89.73
258.143	61.35
258.357	11.66
258.571	162.73
258.785	-63.28
258.998	-4.28
259.212	104.77
259.426	-49.78
259.64	125.04
259.853	-87.46
260.067	120.14
260.281	125.05
260.494	-44.1
260.708	513.86
260.922	-64.68
261.135	120.77
261.349	-14.62
261.563	138.07
261.776	-688.24
261.99	49.91
262.203	4.54
262.417	-34.98
262.63	100.68
262.844	205.62
263.058	-21.36
263.271	35.93
263.485	100.51
263.698	30.49
263.912	-42.13
264.125	-23.37
264.339	-87.4
264.552	-29.91
264.765	-513.91
264.979	100.63
265.192	35.15
265.406	84.88
265.619	-97.38
265.832	23.36
266.046	-56.64
266.259	-13.22
266.473	300
266.686	65.35
266.899	97.72
267.113	3180
267.326	100.71
267.539	64.74
267.752	26.51
267.966	72.67
268.179	65.31
268.392	91.94
268.605	224.41
268.819	104.55
269.032	180.57
269.245	466.15
269.458	366.42
269.671	-140.51
269.885	89.8
270.098	-5.28
270.311	-49.37
270.524	45.34
270.737	-34.53
270.95	149.01
271.163	-342.52
271.376	919.35
271.589	-459.49
271.802	-3.91
272.016	-161.24
272.229	83.2
272.442	66.8
272.655	103.02
272.868	-70.63
273.081	124.72
273.294	22
273.506	325.44
273.719	55.06
273.932	23.23
274.145	2700
274.358	18.21
274.571	27.73
274.784	164.15
274.997	26.17
275.21	47.49
275.423	33.84
275.635	-116.08
275.848	98.47
276.061	458.94
276.274	-31.46
276.487	341.74
276.699	46.9
276.912	82.1
277.125	75.32
277.338	58.32
277.55	6.49
277.763	-52.77
277.976	184.57
278.189	-174.73
278.401	12.37
278.614	300
278.827	49.13
279.039	-88.73
279.252	-19.03
279.464	-102.05
279.677	69.31
279.89	37.17
280.102	-116.08
280.315	621.95
280.527	-1215.79
280.74	-1065.52
280.952	74.46
281.165	82.92
281.377	38.43
281.59	14.11
281.802	58.6
282.015	106.27
282.227	8.81
282.44	256.83
282.652	-212.36
282.865	396.68
283.077	178.55
283.29	88.9
283.502	86.11
283.714	169.19
283.927	23.08
284.139	-34.76
284.351	112.79
284.564	158.82
284.776	65.44
284.988	-94.35
285.201	335.82
285.413	33.16
285.625	-102.16
285.838	47.18
286.05	78.02
286.262	-156.09
286.474	122.36
286.686	62.92
286.899	-103.59
287.111	15.63
287.323	20.77
287.535	109.9
287.747	22.59
287.959	-11.37
288.172	38.18
288.384	49.95
288.596	-52.62
288.808	1115.09
289.02	1001.89
289.232	79.65
289.444	-23.16
289.656	-172.96
289.868	-60.26
290.08	86.5
290.292	-37.02
290.504	27.73
290.716	29.49
290.928	165.68
291.14	969.77
291.352	128.57
291.564	-476.47
291.776	189.12
291.988	277.91
292.2	-245.97
292.412	-257.84
292.624	60
292.835	1070.15
293.047	-2.21
293.259	-38.56
293.471	88.24
293.683	-460.98
293.895	26.8
294.106	-22.56
294.318	41.02
294.53	1.05
294.742	1665.52
294.953	-133.95
295.165	24.8
295.377	39.81
295.589	-0.53
295.8	132.44
296.012	46.95
296.224	-16.98
296.435	69.14
296.647	-102.95
296.858	248.2
297.07	927.69
297.282	-5.16
297.493	24.02
297.705	135.43
297.916	2.99
298.128	87.47
298.34	-144.69
298.551	-38.35
298.763	-36.93
298.974	75.59
299.186	13.89
299.397	6.12
299.609	-551.61
299.82	113.65
300.031	22.16
300.243	-710.53
300.454	5.52
300.666	35.68
300.877	163.51
301.089	80.43
301.3	-0.46
301.511	60.61
301.723	-32.59
301.934	532.84
302.145	64.35
302.357	133.43
302.568	50.4
302.779	-16.85
302.99	187
303.202	-13.97
303.413	-33.46
303.624	-29.49
303.835	186.79
304.047	-15.79
304.258	26.07
304.469	51.63
304.68	19.45
304.891	20.62
305.103	72.97
305.314	71.28
305.525	-214.29
305.736	-191.34
305.947	107.12
306.158	1711.76
306.369	71.49
306.58	59.61
306.791	256.72
307.002	82.41
307.213	-80.43
307.424	-98.59
307.636	-10.63
307.846	40.44
308.057	311.65
308.268	39.46
308.479	78.23
308.69	62.31
308.901	42.25
309.112	-202.33
309.323	-85.81
309.534	63.71
309.745	56.87
309.956	82.44
310.167	-36.81
310.377	84.06
310.588	76.67
310.799	47.37
311.01	-120.96
311.221	163.85
311.432	53.13
311.642	-25.89
311.853	49.87
312.064	2451.72
312.275	250.93
312.485	143.86
312.696	32.09
312.907	-79.9
313.117	120.9
313.328	-5.24
313.539	106.65
313.749	52.85
313.96	-121.98
314.171	59.57
314.381	35.66
314.592	-14.62
314.802	-27.56
315.013	35.15
315.224	-23.72
315.434	-2100
315.645	3900
315.855	-95.64
316.066	232.58
316.276	147.35
316.487	212.2
316.697	10.83
316.908	-7.29
317.118	38.97
317.329	7.52
317.539	42.14
317.749	263.95
317.96	-470.15
318.17	-23.97
318.381	-148.35
318.591	-425.27
318.801	23.88
319.012	24.38
319.222	8.74
319.432	-60.3
319.643	177.55
319.853	68.61
320.063	29.55
320.273	10.73
320.484	-16.48
320.694	104.08
320.904	72.2
321.114	259.55
321.325	2162.07
321.535	4.27
321.745	-44.17
321.955	34.21
322.165	-15.41
322.375	37.06
322.585	-60.74
322.796	2244.83
323.006	103.94
323.216	241.65
323.426	88.59
323.636	185.17
323.846	93.1
324.056	65.31
324.266	12.19
324.476	-22.79
324.686	183.24
324.896	45.06
325.106	1522.64
325.316	73.69
325.526	-78.95
325.736	92.63
325.946	8.19
326.156	346.75
326.366	-221.74
326.576	74.6
326.785	336.18
326.995	4.25
327.205	52.76
327.415	247.12
327.625	168.61
327.835	11.15
328.044	125.13
328.254	331.3
328.464	151.59
328.674	158.98
328.884	-476.98
329.093	165.24
329.303	17.3
329.513	322.36
329.722	-710.53
329.932	68.16
330.142	65.26
330.351	38.59
330.561	256.36
330.771	-45.39
330.98	54.77
331.19	-32.31
331.4	-200.35
331.609	37.94
331.819	446.34
332.028	94.29
332.238	165.76
332.447	28.26
332.657	52.19
332.866	77.2
333.076	53.05
333.285	77.2
333.495	300
333.704	-211.21
333.914	70.57
334.123	-29.07
334.333	152.31
334.542	-30.25
334.752	743.08
334.961	164.15
335.17	40.7
335.38	-76.02
335.589	30.71
335.798	75.77
336.008	787.91
336.217	3.83
336.426	68.28
336.636	60
336.845	97.18
337.054	751.95
337.263	7.41
337.473	60.72
337.682	131.92
337.891	-63.57
338.1	92.81
338.309	-122.78
338.519	146.92
338.728	-12.21
338.937	92.13
339.146	230.94
339.355	-447.17
339.564	-1405.26
339.773	-104.02
339.983	21.25
340.192	-96.52
340.401	100.54
340.61	43.22
340.819	64.85
341.028	142.62
341.237	-476.47
341.446	24.11
341.655	97.52
341.864	-86.73
342.073	18.54
342.282	48.43
342.491	10.42
342.699	-72.82
342.908	346.75
343.117	97.36
343.326	37.65
343.535	-310.91
343.744	-28.81
343.953	-63.43
344.162	53.38
344.37	-21.68
344.579	-559.7
344.788	5.37
344.997	127.76
345.206	128.01
345.414	60
345.623	131.73
345.832	-51.29
346.041	275.63
346.249	43.87
346.458	-8.89
346.667	119.06
346.875	5.13
347.084	69.11
347.293	22.68
347.501	44.08
347.71	24.42
347.918	-32.1
348.127	-385.71
348.336	-303.97
348.544	58.52
348.753	-40.3
348.961	50.98
349.17	151.74
349.378	179.69
349.587	79.65
349.795	-247.57
350.004	-69.23
350.212	-25.14
350.421	23.89
350.629	-62.54
350.838	82.96
351.046	222.19
351.254	17.78
351.463	-4.12
351.671	-1468.42
351.879	5.06
352.088	43.51
352.296	714.16
352.504	119.18
352.713	134.82
352.921	-115.75
353.129	14.17
353.338	90.09
353.546	73.12
353.754	101.23
353.962	-85.24
354.171	91.59
354.379	-1215.79
354.587	20.61
354.795	-79.15
355.003	37.56
355.212	-0.91
355.42	866.04
355.628	100.48
355.836	194.24
356.044	104.97
356.252	44.35
356.46	16.33
356.668	1315.38
356.876	73.53
357.084	-22.44
357.292	12.84
357.5	-26.3
357.708	48.89
357.916	185.56
358.124	20.12
358.332	49.25
358.54	561.82
358.748	315.58
358.956	128.94
359.164	60.82
359.372	58.9
359.58	-2.16
359.788	63.03
359.996	112.79
360.203	-0.41
360.411	-78.95
360.619	-309.05
360.827	35.53
361.035	-163.8
361.242	71.26
361.45	-398.73
361.658	282.94
361.866	55.51
362.073	-9.54
362.281	50.87
362.489	38.32
362.697	-19.82
362.904	-15.41
363.112	97.44
363.32	-20.24
363.527	-440.87
363.735	-56.76
363.943	-21.73
364.15	113.43
364.358	57.11
364.565	115.98
364.773	30.66
364.98	-94.35
365.188	7.13
365.395	204.71
365.603	-25.42
365.81	31.42
366.018	59.61
366.225	106.04
366.433	40.94
366.64	81.82
366.848	-2.98
367.055	-34.8
367.263	55.97
367.47	86.64
367.677	-155.7
367.885	81.82
368.092	24.25
368.299	-17.75
368.507	82.69
368.714	427.43
368.921	290.55
369.129	70.07
369.336	85.1
369.543	-3.24
369.751	-62.72
369.958	-28.25
370.165	26.95
370.372	-37.92
370.579	125.06
370.787	20.65
370.994	99.34
371.201	107.08
371.408	2.94
371.615	18.2
371.822	10.25
372.029	35.59
372.237	-317.14
372.444	287.03
372.651	34.41
372.858	64.22
373.065	37.99
373.272	-56.01
373.479	-1603.45
373.686	-29.86
373.893	66.99
374.1	30.14
374.307	-416.55
374.514	159.11
374.721	21.82
374.928	377.92
375.135	18.01
375.341	20700
375.548	-25.56
375.755	-4.37
375.962	15.45
376.169	-101.87
376.376	-30.36
376.583	9.98
376.789	31.14
376.996	170.84
377.203	143.69
377.41	-10.59
377.617	-49.09
377.823	-72.19
378.03	996.77
378.237	4.31
378.443	-63.43
378.65	118.87
378.857	-116.24
379.063	482.28
379.27	-138.26
379.477	15.53
379.683	-17.17
379.89	35.31
380.097	29.94
380.303	64.72
380.51	91.15
380.716	-9.02
380.923	-134.65
381.129	6.63
381.336	-342.52
381.542	29.07
381.749	-34.21
381.955	4.86
382.162	136.47
382.368	-21.38
382.575	28.9
382.781	755.17
382.988	10.9
383.194	-11.21
383.4	40.85
383.607	48.13
383.813	136.16
384.02	-12.41
384.226	29.15
384.432	-35.65
384.639	49.51
384.845	-778.48
385.051	100.43
385.257	85.23
385.464	86.49
385.67	69.29
385.876	51.19
386.082	133.22
386.289	-6.02
386.495	-17.86
386.701	-86.97
386.907	-74.42
387.113	44.61
387.319	22.7
387.526	30.29
387.732	139.37
387.938	60
388.144	122.61
388.35	59.61
388.556	-11.05
388.762	54.9
388.968	-62.79
389.174	38.67
389.38	46
389.586	-3.54
389.792	45.34
389.998	-119.87
390.204	16.62
390.41	73.63
390.616	35.33
390.822	57.76
391.028	43.12
391.234	68.93
391.439	-61.17
391.645	34.9
391.851	63.35
392.057	-67.11
392.263	28.41
392.469	-29.07
392.674	11.87
392.88	36.27
393.086	-13.29
393.292	-88.3
393.498	-108.72
393.703	8.7
393.909	50.51
394.115	79.8
394.32	20.65
394.526	27.32
394.732	102.18
394.937	82.87
395.143	32.79
395.349	46
395.554	-315.08
395.76	18.53
395.965	-21.4
396.171	22.49
396.377	-14.68
396.582	37.69
396.788	23.71
396.993	65.25
397.199	51.05
397.404	17.69
397.61	40.18
397.815	-61.37
398.021	-91.34
398.226	59.68
398.431	8.08
398.637	23.86
398.842	18.04
399.048	20.34
399.253	59.09
399.458	32.74
399.664	-38.42
399.869	10.84
400.074	17.05
400.28	10.63
400.485	-48.22
400.69	18.19
400.896	-12.94
401.101	14.6
401.306	8.8
401.511	9.51
401.716	17.53
401.922	18.06
402.127	-6.52
402.332	-20.09
402.537	10.67
402.742	2.18
402.947	56.59
403.153	-19.96
403.358	21.79
403.563	17.91
403.768	23.21
403.973	26.87
404.178	-18.93
404.383	4.3
404.588	12.73
404.793	2.87
404.998	17.33
405.203	11.73
405.408	18.18
405.613	37.97
405.818	10.54
406.023	3.38
406.228	14.32
406.433	3.45
406.638	16.29
406.842	11.09
407.047	18.61
407.252	4.97
407.457	11.67
407.662	9.77
407.867	11.61
408.071	7.83
408.276	3.67
408.481	7.42
408.686	-3.93
408.891	10.35
409.095	10.36
409.3	7.33
409.505	2.7
409.709	-2.06
409.914	7.34
410.119	4.32
410.323	5.4
410.528	0.87
410.733	8.42
410.937	8.63
411.142	5.42
411.346	4.67
411.551	-1.14
411.756	4.38
411.96	6.02
412.165	2.74
412.369	5.97
412.574	6.95
412.778	7.39
412.983	5.54
413.187	6.48
413.392	0.61
413.596	5.55
413.8	4.11
414.005	4.74
414.209	5.54
414.414	6.12
414.618	3.96
414.822	5.86
415.027	7.62
415.231	5.97
415.435	6.65
415.64	5.06
415.844	5.27
416.048	6.82
416.252	5.13
416.457	5.47
416.661	5.09
416.865	3.19
417.069	2.16
417.274	4.6
417.478	2.65
417.682	5.25
417.886	4.04
418.09	4.89
418.294	4.88
418.498	4.68
418.702	4.9
418.907	2.59
419.111	2.26
419.315	3.35
419.519	3.58
419.723	2.29
419.927	3.69
420.131	5.78
420.335	3.25
420.539	2.26
420.743	6.18
420.947	3.66
421.151	4.52
421.355	4.6
421.558	3.75
421.762	3.98
421.966	4.29
422.17	3.59
422.374	4.39
422.578	3.38
422.782	4.27
422.985	3.5
423.189	4.45
423.393	4.5
423.597	3.89
423.801	4.15
424.004	4.15
424.208	3.36
424.412	4.1
424.615	3.04
424.819	3.26
425.023	4.27
425.226	3.67
425.43	4.32
425.634	4.16
425.837	2.6
426.041	4.02
426.245	4.68
426.448	3.84
426.652	3.57
426.855	3.83
427.059	3.74
427.262	3.24
427.466	3.02
427.669	3.58
427.873	2.86
428.076	3.22
428.28	3.81
428.483	3.87
428.687	3.84
428.89	4.61
429.094	2.98
429.297	3.28
429.5	3.67
429.704	3.43
429.907	3.73
430.11	4.12
430.314	4.28
430.517	3.56
430.72	3.56
430.924	3.5
431.127	3.6
431.33	3.43
431.533	3.72
431.737	3.39
431.94	3.64
432.143	3.6
432.346	3.4
432.549	3.47
432.752	3.19
432.956	3.48
433.159	2.94
433.362	3.22
433.565	3.06
433.768	3.77
433.971	2.89
434.174	3.15
434.377	3.67
434.58	3.22
434.783	3.07
434.986	3.67
435.189	3.82
435.392	3.86
435.595	3.46
435.798	3.84
436.001	3.46
436.204	3.37
436.407	3.48
436.61	3.73
436.813	3.67
437.016	3.08
437.219	3.85
437.421	3.29
437.624	3.65
437.827	3.17
438.03	3.73
438.233	3.61
438.435	3.4
438.638	3.8
438.841	3.2
439.044	3.46
439.246	3.5
439.449	3.45
439.652	3.64
439.854	3.51
440.057	3.49
440.26	3.52
440.462	3.46
440.665	3
440.868	3.48
441.07	3.5
441.273	3.48
441.475	3.57
441.678	3.81
441.88	3.55
442.083	2.89
442.286	3.32
442.488	2.73
442.69	3.68
442.893	3.19
443.095	2.99
443.298	3.35
443.5	3.56
443.703	3.44
443.905	3.3
444.108	3.08
444.31	3.29
444.512	3.44
444.715	3.37
444.917	3.33
445.119	3.61
445.322	3.38
445.524	3.77
445.726	3.29
445.928	3.43
446.131	3.12
446.333	3.36
446.535	3.36
446.737	3.37
446.94	3.77
447.142	3.09
447.344	3.41
447.546	3.05
447.748	3.33
447.95	3.2
448.152	3.42
448.354	3.2
448.557	3.64
448.759	3.26
448.961	3.2
449.163	3.52
449.365	3.45
449.567	3.91
449.769	3.64
449.971	3.42
450.173	3.57
450.375	3.44
450.577	3.35
450.779	3.18
450.981	3.65
451.182	3.69
451.384	3.32
451.586	3.83
451.788	3.47
451.99	3.7
452.192	3.35
452.394	3.66
452.595	4.15
452.797	3.81
452.999	3.73
453.201	3.52
453.402	3.63
453.604	3.6
453.806	3.1
454.008	3.42
454.209	4
454.411	3.75
454.613	3.92
454.814	3.64
455.016	3.9
455.218	3.71
455.419	3.62
455.621	3.8
455.822	3.31
456.024	3.73
456.225	4.14
456.427	3.99
456.629	2.93
456.83	3.88
457.032	4.18
457.233	3.58
457.435	3.3
457.636	4
457.837	3.45
458.039	3.04
458.24	3.75
458.442	4.13
458.643	3.04
458.844	3.6
459.046	3.93
459.247	4.58
459.448	3.82
459.65	3.81
459.851	4.08
460.052	4.03
460.254	4.42
460.455	4.35
460.656	3.58
460.857	3.76
461.059	3.1
461.26	3.55
461.461	3.15
461.662	3.21
461.863	4.55
462.065	3.79
462.266	3.31
462.467	2.9
462.668	3.34
462.869	4.61
463.07	3.9
463.271	4.28
463.472	2.55
463.673	3.1
463.874	3.65
464.075	4.01
464.276	3.09
464.477	4.85
464.678	3.86
464.879	3.56
465.08	4.41
465.281	4.29
465.482	3.57
465.683	3.34
465.884	4.49
466.085	2.39
466.285	3.47
466.486	4.86
466.687	4.4
466.888	3.52
467.089	3.48
467.29	3.4
467.49	3.2
467.691	3.79
467.892	3.46
468.093	3.99
468.293	3.16
468.494	3.74
468.695	3.7
468.895	3.54
469.096	2.76
469.297	3.86
469.497	2.89
469.698	4.18
469.898	2.69
470.099	4.39
470.3	5.35
470.5	3.59
470.701	4.45
470.901	4.46
471.102	3.38
471.302	3.66
471.503	4.27
471.703	5.25
471.904	4.23
472.104	3.2
472.305	3.48
472.505	4.63
472.705	3.15
472.906	3.72
473.106	4.72
473.306	2.51
473.507	3.61
473.707	4.8
473.907	4.04
474.108	1.81
474.308	3.01
474.508	3.75
474.709	3.46
474.909	4.4
475.109	3.05
475.309	4.11
475.51	3.52
475.71	2.49
475.91	4.44
476.11	1.23
476.31	2.66
476.51	5.6
476.71	2.97
476.911	4.89
477.111	2.62
477.311	3.36
477.511	3.72
477.711	3.77
477.911	2.66
478.111	5.09
478.311	2.5
478.511	3.42
478.711	3.47
478.911	3.21
479.111	3.43
479.311	5
479.511	5.13
479.711	3.41
479.91	2.81
480.11	4.76
480.31	2.92
480.51	5.22
480.71	3.18
480.91	4.5
481.109	4.87
481.309	3.21
481.509	1.99
481.709	3.72
481.909	4.22
482.108	1.21
482.308	2.45
482.508	5.45
482.707	4.62
482.907	2.56
483.107	3.28
483.306	2.28
483.506	4.29
483.706	2.21
483.905	2.89
484.105	4.61
484.304	3.46
484.504	3.6
484.704	4.06
484.903	2.68
485.103	4.02
485.302	2.67
485.502	4.59
485.701	3.73
485.901	3.79
486.1	4.09
486.299	3.3
486.499	3.44
486.698	3.84
486.898	3.51
487.097	4.16
487.296	1.89
487.496	2.04
487.695	3.04
487.894	3.68
488.094	2.95
488.293	3.53
488.492	3.52
488.692	3.61
488.891	4.19
489.09	2.81
489.289	1.97
489.489	3.76
489.688	2.79
489.887	3.04
490.086	3.54
490.285	4.25
490.484	4.62
490.683	3.55
490.883	4.45
491.082	3.26
491.281	3.73
491.48	3
491.679	4.18
491.878	3.54
492.077	5.1
492.276	3.71
492.475	2.93
492.674	3.12
492.873	2.34
493.072	2.41
493.271	4.08
493.47	1.91
493.669	2.38
493.867	2.87
494.066	3.52
494.265	4.63
494.464	4.47
494.663	3.38
494.862	3.22
495.06	2.98
495.259	2.57
495.458	3.75
495.657	3.54
495.856	3.98
496.054	4.27
496.253	3.61
496.452	2.44
496.65	3.21
496.849	3.19
497.048	2.64
497.246	2.48
497.445	4.24
497.644	3.53
497.842	4.01
498.041	3.59
498.239	2.29
498.438	4.31
498.636	3.5
498.835	3.75
499.034	3.41
499.232	4
499.431	3.75
499.629	3.23
499.827	3.69
500.026	3.06
500.224	3.82
500.423	3.31
500.621	3.23
500.82	3.62
501.018	3.82
501.216	3.91
501.415	4.36
501.613	2.76
501.811	3.94
502.01	4.46
502.208	3.18
502.406	4.06
502.604	4.12
502.803	3.5
503.001	3.67
503.199	3.25
503.397	3.64
503.595	3.56
503.794	3.52
503.992	4.51
504.19	3.34
504.388	4.29
504.586	3.93
504.784	3.75
504.982	3.77
505.18	3.16
505.378	3.75
505.576	4.12
505.774	4.32
505.972	4
506.17	4.48
506.368	3.74
506.566	3.55
506.764	3.93
506.962	3.64
507.16	4.91
507.358	4.06
507.556	3.41
507.754	4.35
507.952	4.45
508.15	4.23
508.347	3.99
508.545	4.39
508.743	4.43
508.941	3.84
509.139	4.45
509.336	4.19
509.534	4.38
509.732	4.23
509.93	4.31
510.127	4.06
510.325	3.88
510.523	4.33
510.72	4.73
510.918	4.62
511.116	4.36
511.313	4.03
511.511	3.87
511.708	4.44
511.906	4.54
512.104	4.21
512.301	4.29
512.499	4.19
512.696	4.33
512.894	3.72
513.091	4.21
513.289	4.06
513.486	4.45
513.683	3.6
513.881	4.19
514.078	4.41
514.276	4.68
514.473	3.62
514.67	5.11
514.868	4.35
515.065	4.53
515.262	5.3
515.46	4.04
515.657	4.85
515.854	4.07
516.052	4.01
516.249	4.81
516.446	4.63
516.643	4.18
516.84	4.88
517.038	4.49
517.235	4.47
517.432	4.74
517.629	4.84
517.826	4.82
518.023	5.15
518.221	4.93
518.418	5.16
518.615	4.6
518.812	4.48
519.009	4.51
519.206	4.78
519.403	4.7
519.6	4.6
519.797	4.59
519.994	4.51
520.191	4.95
520.388	5.15
520.585	4.88
520.782	4.87
520.978	4.69
521.175	5.56
521.372	4.87
521.569	4.83
521.766	4.57
521.963	4.69
522.159	4.84
522.356	5.19
522.553	5.2
522.75	5.04
522.947	5.04
523.143	5.23
523.34	5.38
523.537	5.28
523.733	4.84
523.93	5.06
524.127	5.17
524.323	4.94
524.52	5.03
524.717	4.98
524.913	5.09
525.11	4.67
525.306	5.74
525.503	5.11
525.7	5.05
525.896	4.96
526.093	5.09
526.289	5.44
526.486	5.2
526.682	4.77
526.878	5
527.075	5.29
527.271	5.32
527.468	5.03
527.664	5.34
527.861	5.16
528.057	5.1
528.253	5.47
528.45	5.04
528.646	5.17
528.842	5.38
529.039	4.95
529.235	5.59
529.431	5.48
529.627	5.23
529.824	5.57
530.02	5.41
530.216	5.43
530.412	5.33
530.608	5.43
530.804	5.45
531.001	5.91
531.197	5.8
531.393	5.33
531.589	5.12
531.785	5.62
531.981	5.57
532.177	5.93
532.373	5.76
532.569	5.38
532.765	5.63
532.961	5.22
533.157	5.14
533.353	5.95
533.549	5.51
533.745	5.84
533.941	5.4
534.137	5.53
534.333	5.26
534.529	5.56
534.725	5.6
534.92	5.35
535.116	5.53
535.312	5.4
535.508	5.54
535.704	5.59
535.899	5.56
536.095	5.84
536.291	5.78
536.487	5.4
536.682	5.85
536.878	5.5
537.074	5.24
537.269	5.8
537.465	5.64
537.661	6.14
537.856	5.6
538.052	5.64
538.248	6.12
538.443	5.93
538.639	5.77
538.834	5.76
539.03	5.8
539.225	6.21
539.421	6.11
539.616	5.71
539.812	5.87
540.007	6.16
540.203	5.84
540.398	5.6
540.593	6.41
540.789	6.1
540.984	6.03
541.18	6.11
541.375	5.69
541.57	6
541.766	5.72
541.961	5.95
542.156	6.36
542.352	6.39
542.547	5.96
542.742	5.85
542.937	6.03
543.133	6.39
543.328	6.16
543.523	6.28
543.718	6.14
543.913	6.41
544.108	6.2
544.304	6.1
544.499	6.65
544.694	6
544.889	6.1
545.084	6.59
545.279	6.62
545.474	6.57
545.669	6.64
545.864	6.36
546.059	6.41
546.254	6.08
546.449	6.56
546.644	6.03
546.839	6.43
547.034	6.33
547.229	6.38
547.424	6.5
547.618	6.87
547.813	6.39
548.008	6.65
548.203	6.62
548.398	6.6
548.593	6.52
548.787	6.75
548.982	6.8
549.177	6.46
549.372	6.46
549.566	6.67
549.761	6.69
549.956	6.52
550.15	6.38
550.345	6.87
550.54	6.99
550.734	6.84
550.929	6.88
551.124	6.75
551.318	6.85
551.513	6.89
551.707	7.09
551.902	6.96
552.096	7.39
552.291	7.28
552.485	6.88
552.68	7.04
552.874	7.14
553.069	6.97
553.263	7.25
553.458	6.95
553.652	7.36
553.847	6.95
554.041	7.05
554.235	7.2
554.43	7.15
554.624	7.54
554.818	6.87
555.013	7.1
555.207	7.42
555.401	7.21
555.595	7.59
555.79	7.3
555.984	6.92
556.178	7.57
556.372	7.3
556.566	7.24
556.761	7.18
556.955	7.51
557.149	7.46
557.343	7.57
557.537	7.75
557.731	7.55
557.925	7.6
558.119	7.57
558.313	7.44
558.507	7.46
558.701	7.46
558.895	7.73
559.089	7.75
559.283	7.61
559.477	7.68
559.671	7.45
559.865	7.71
560.059	7.49
560.253	7.78
560.447	8.13
560.641	7.61
560.835	7.97
561.028	8.27
561.222	8.1
561.416	7.94
561.61	7.67
561.804	7.67
561.997	7.56
562.191	8.15
562.385	8.06
562.579	7.89
562.772	8.74
562.966	7.91
563.16	7.91
563.353	8.26
563.547	8.04
563.741	8.12
563.934	8.12
564.128	8.19
564.321	8.19
564.515	8.71
564.708	8.28
564.902	8.4
565.095	8.26
565.289	8.33
565.482	8.81
565.676	8.66
565.869	8.08
566.063	8.54
566.256	8.26
566.45	8.23
566.643	7.99
566.836	8.16
567.03	8.71
567.223	8.65
567.416	8.65
567.61	8.72
567.803	8.63
567.996	8.65
568.19	8.29
568.383	8.66
568.576	8.6
568.769	8.72
568.963	8.37
569.156	8.73
569.349	8.58
569.542	9.24
569.735	8.64
569.928	8.64
570.121	8.56
570.315	8.93
570.508	9.16
570.701	8.76
570.894	9.44
571.087	9.07
571.28	9.24
571.473	9.13
571.666	9.39
571.859	9.36
572.052	8.56
572.245	8.99
572.438	8.93
572.631	9.18
572.824	8.88
573.016	9.4
573.209	9.55
573.402	9.23
573.595	9.21
573.788	9.45
573.981	9.25
574.173	9.53
574.366	9.33
574.559	9.64
574.752	9.26
574.944	9.16
575.137	9.89
575.33	9.62
575.523	9.62
575.715	9.64
575.908	9.41
576.101	9.71
576.293	9.86
576.486	9.65
576.678	9.56
576.871	9.47
577.063	9.5
577.256	10.07
577.449	9.81
577.641	9.61
577.834	9.83
578.026	9.46
578.219	9.61
578.411	10.01
578.603	10.6
578.796	10.01
578.988	10.46
579.181	9.87
579.373	10.25
579.565	10.03
579.758	9.96
579.95	9.97
580.142	9.64
580.335	9.89
580.527	10.26
580.719	10.02
580.912	10
581.104	10.03
581.296	10.1
581.488	9.94
581.68	10.12
581.873	10.24
582.065	10.29
582.257	10.29
582.449	10.1
582.641	10.34
582.833	10.2
583.025	10.1
583.217	10.34
583.41	10.41
583.602	10.76
583.794	10.51
583.986	10.59
584.178	10.89
584.37	11.02
584.562	10.78
584.753	10.68
584.945	10.42
585.137	10.74
585.329	10.66
585.521	11.41
585.713	10.89
585.905	10.95
586.097	10.73
586.289	10.63
586.48	10.6
586.672	10.71
586.864	10.81
587.056	11.46
587.247	10.69
587.439	10.69
587.631	10.99
587.823	11.17
588.014	11.01
588.206	10.95
588.398	11.07
588.589	11.41
588.781	11.23
588.972	11.45
589.164	11.37
589.356	11.34
589.547	11.32
589.739	11.02
589.93	11.47
590.122	11.27
590.313	11.13
590.505	11.19
590.696	11.38
590.888	11.6
591.079	11.53
591.271	11.28
591.462	11.26
591.653	11.68
591.845	11.88
592.036	11.76
592.227	11.48
592.419	11.9
592.61	11.6
592.801	11.58
592.993	12.06
593.184	11.71
593.375	11.51
593.566	11.7
593.758	11.88
593.949	11.71
594.14	11.58
594.331	11.84
594.522	12.03
594.713	12.23
594.905	12
595.096	12.59
595.287	12.28
595.478	12.4
595.669	12.35
595.86	12.04
596.051	12.05
596.242	12.52
596.433	11.98
596.624	12.52
596.815	12.32
597.006	12.62
597.197	12.39
597.388	12.08
597.579	12.65
597.77	12.93
597.96	12.48
598.151	12.85
598.342	12.83
598.533	12.75
598.724	13.12
598.915	12.95
599.105	12.78
599.296	12.67
599.487	12.47
599.678	13.24
599.868	13.14
600.059	12.83
600.25	13.12
600.44	13.31
600.631	13.3
600.822	12.75
601.012	13.19
601.203	13.47
601.394	13.12
601.584	13.28
601.775	13.53
601.965	13.68
602.156	12.88
602.346	13.37
602.537	12.96
602.727	13.49
602.918	13.37
603.108	13.32
603.299	12.98
603.489	13.74
603.679	13.11
603.87	13.67
604.06	13.73
604.251	13.76
604.441	13.87
604.631	13.35
604.822	13.73
605.012	13.15
605.202	14.19
605.392	13.62
605.583	13.84
605.773	13.88
605.963	13.94
606.153	13.11
606.344	13.52
606.534	14.41
606.724	14.63
606.914	14.39
607.104	14.18
607.294	14.15
607.484	14.33
607.674	13.41
607.864	14.1
608.054	14.38
608.245	14.35
608.435	14.65
608.625	15.11
608.814	14.28
609.004	13.74
609.194	13.88
609.384	14.9
609.574	14.7
609.764	14.53
609.954	14.56
610.144	14.45
610.334	14.88
610.524	14.8
610.713	14.68
610.903	15.52
611.093	14.34
611.283	14.25
611.473	14.47
611.662	14.61
611.852	14.37
612.042	14.7
612.231	14.68
612.421	15.66
612.611	14.92
612.8	15.32
612.99	15.11
613.18	14.71
613.369	15.5
613.559	14.9
613.748	14.57
613.938	15.27
614.128	14.89
614.317	15.12
614.507	16.16
614.696	15.8
614.886	15.95
615.075	15.47
615.264	14.97
615.454	15.46
615.643	14.9
615.833	15.29
616.022	14.96
616.211	15.39
616.401	15.2
616.59	15.5
616.779	15.3
616.969	15.04
617.158	15.22
617.347	15.3
617.537	16.08
617.726	15.54
617.915	15.38
618.104	15.19
618.293	16.02
618.483	15.62
618.672	15.62
618.861	16.02
619.05	15.95
619.239	15.74
619.428	15.43
619.617	16.29
619.806	15.21
619.995	14.88
620.184	14.85
620.373	15.66
620.562	15.9
620.751	15.92
620.94	15.58
621.129	16.28
621.318	16.1
621.507	16.02
621.696	15.61
621.885	16.16
622.074	15.88
622.263	15.7
622.452	16.63
622.64	16.06
622.829	15.9
623.018	16.92
623.207	15.65
623.396	16.05
623.584	16.4
623.773	16.4
623.962	16.12
624.15	16.75
624.339	16.56
624.528	16.6
624.716	16.04
624.905	16.93
625.094	16.91
625.282	16.18
625.471	16.94
625.659	16.42
625.848	16.31
626.037	16.79
626.225	16.97
626.414	17.08
626.602	16.55
626.791	16.86
626.979	16.83
627.167	16.21
627.356	16.89
627.544	16.97
627.733	17.31
627.921	16.38
628.109	17.29
628.298	17.08
628.486	16.74
628.674	17.18
628.863	17.07
629.051	17.37
629.239	17.79
629.428	16.64
629.616	17.81
629.804	17.71
629.992	17.77
630.18	17.64
630.369	17.56
630.557	17.7
630.745	16.12
630.933	18.35
631.121	18.15
631.309	16.52
631.497	17.84
631.685	16.9
631.873	17.55
632.061	16.91
632.249	17.87
632.437	18.63
632.625	17.16
632.813	17.67
633.001	17.42
633.189	17.68
633.377	17.58
633.565	16.47
633.753	16.67
633.941	17.92
634.129	18.72
634.316	18.09
634.504	17.57
634.692	17.56
634.88	17.34
635.068	18.4
635.255	18.14
635.443	18.56
635.631	17.92
635.818	18.65
636.006	17.71
636.194	18.04
636.382	17.7
636.569	17.95
636.757	17.79
636.944	18.84
637.132	18.43
637.32	18.59
637.507	17.91
637.695	18.01
637.882	18.7
638.07	18.36
638.257	18.22
638.445	17.81
638.632	19.48
638.82	17.83
639.007	18.59
639.194	18.69
639.382	18.43
639.569	17.72
639.757	18.35
639.944	17.6
640.131	17.91
640.319	18.27
640.506	18.28
640.693	19.21
640.88	18.85
641.068	18.7
641.255	17.76
641.442	18.28
641.629	18.6
641.817	18.27
642.004	18.58
642.191	19.34
642.378	19.95
642.565	18.87
642.752	18.47
642.939	17.91
643.126	18.52
643.313	18.19
643.501	19.02
643.688	19.68
643.875	18.62
644.062	18.76
644.249	18.89
644.435	18.11
644.622	18.3
644.809	18.78
644.996	19.32
645.183	18.02
645.37	19.85
645.557	19.18
645.744	18.23
645.931	19.08
646.117	18.57
646.304	19.41
646.491	18.19
646.678	19.78
646.865	20.27
647.051	18.37
647.238	18.31
647.425	17.6
647.611	19.14
647.798	18.64
647.985	19.62
648.171	18.45
648.358	18.67
648.545	19.6
648.731	17.18
648.918	18.52
649.104	18.07
649.291	19.58
649.477	18.68
649.664	18.2
649.85	18.56
650.037	19.41
650.223	17.75
650.41	19.74
650.596	18.73
650.783	18.53
650.969	19.96
651.155	19.1
651.342	19.21
651.528	17.52
651.714	18.85
651.901	20.48
652.087	20.81
652.273	18.37
652.46	19.17
652.646	19.26
652.832	20.81
653.018	19
653.204	18.14
653.391	18.92
653.577	18.36
653.763	19.69
653.949	20.97
654.135	19.18
654.321	19.76
654.507	20.31
654.693	19.03
654.879	19.35
655.065	16.28
655.252	18.99
655.438	19.35
655.624	20.29
655.809	18.76
655.995	17.33
656.181	19.78
656.367	19.38
656.553	20.14
656.739	18.74
656.925	20.21
657.111	20.23
657.297	20.13
657.482	17.57
657.668	20.7
657.854	19.59
658.04	18.35
658.226	17.41
658.411	17.94
658.597	18.13
658.783	19.57
658.968	19.15
659.154	17.8
659.34	19.9
659.525	18.96
659.711	18.74
659.897	19.52
660.082	18.69
660.268	18.06
660.453	19.66
660.639	19.67
660.824	18.9
661.01	17.8
661.195	19
661.381	18.22
661.566	18.64
661.752	17.81
661.937	16.26
662.123	17.54
662.308	17.66
662.494	19.78
662.679	18.86
662.864	19.04
663.05	18.43
663.235	19.24
663.42	18.63
663.605	19.3
663.791	16.63
663.976	16.64
664.161	17.18
664.346	17.75
664.532	17.51
664.717	18.56
664.902	18.66
665.087	21.97
665.272	19.1
665.457	17.9
665.642	15.94
665.828	19.32
666.013	16.17
666.198	16.02
666.383	18.18
666.568	18.09
666.753	20.29
666.938	15.95
667.123	18.51
667.308	16.48
667.493	17.55
667.677	17.78
667.862	19.32
668.047	17.94
668.232	17.68
668.417	17.51
668.602	15.61
668.787	17.83
668.971	17.65
669.156	17.78
669.341	16.57
669.526	17.9
669.711	19.22
669.895	20.42
670.08	14.19
670.265	17.83
670.449	17.23
670.634	18.28
670.819	15.01
671.003	17.16
671.188	19.28
671.372	18.89
671.557	19.74
671.742	17.8
671.926	17.3
672.111	17.22
672.295	16.83
672.48	19.14
672.664	17.03
672.849	14.71
673.033	19.27
673.217	17.08
673.402	18
673.586	15.09
673.771	16.26
673.955	18.83
674.139	16.06
674.324	17.58
674.508	15.03
674.692	18.51
674.876	16.67
675.061	16.63
675.245	20.05
675.429	15.93
675.613	14.14
675.798	18.86
675.982	16.65
676.166	17.4
676.35	19.73
676.534	19.09
676.718	17.63
676.902	18.62
677.087	16.07
677.271	17.54
677.455	18.86
677.639	17.58
677.823	18.33
678.007	19.41
678.191	19.62
678.375	20.12
678.559	19.09
678.742	17.11
678.926	19.26
679.11	21.24
679.294	19.19
679.478	17.52
679.662	21.4
679.846	19.53
680.029	19.97
680.213	19.12
680.397	20.05
680.581	19.2
680.765	19.81
680.948	20.21
681.132	21.22
681.316	18.54
681.499	19.35
681.683	20.19
681.867	21.33
682.05	19.97
682.234	20.1
682.417	20.47
682.601	22.13
682.785	19.51
682.968	22.85
683.152	21.14
683.335	20.28
683.519	18.45
683.702	22.45
683.886	23.28
684.069	24.02
684.253	22.38
684.436	20.73
684.619	22.36
684.803	20.52
684.986	20.47
685.169	26.88
685.353	25.66
685.536	22.44
685.719	27.24
685.903	23.91
686.086	20.5
686.269	25.9
686.452	22.93
686.636	23.22
686.819	21.46
687.002	20.45
687.185	24.99
687.368	25.73
687.551	21.21
687.734	26.88
687.918	26.33
688.101	23.22
688.284	28.77
688.467	25.26
688.65	23.43
688.833	25.36
689.016	23.79
689.199	24.86
689.382	24.17
689.565	25.72
689.748	25.99
689.93	24.33
690.113	28.74
690.296	27.61
690.479	26.63
690.662	23.37
690.845	25.95
691.028	24.67
691.21	28.94
691.393	28.11
691.576	26.48
691.759	29.78
691.941	31.89
692.124	28.83
692.307	32.11
692.489	27.4
692.672	27.42
692.855	27.44
693.037	28.38
693.22	28.06
693.403	25.18
693.585	30.15
693.768	31.47
693.95	28.75
694.133	30.53
694.315	28.72
694.498	29.07
694.68	29.19
694.863	32.16
695.045	27.77
695.228	29.6
695.41	30.9
695.592	30.85
695.775	26.02
695.957	33.79
696.139	28.98
696.322	26.19
696.504	30.62
696.686	31.1
696.869	29.11
697.051	28.84
697.233	32.08
697.415	32.6
697.597	23.92
697.78	32.54
697.962	29.88
698.144	33.49
698.326	29.4
698.508	33.12
698.69	28.94
698.872	27.2
699.055	36.84
699.237	27.09
699.419	33.13
699.601	29.14
699.783	38.7
699.965	32.83
700.147	27.53
700.329	32.45
700.51	34.98
700.692	36.27
700.874	31.19
701.056	31.72
701.238	31.57
701.42	34.91
701.602	33.24
701.783	28.83
701.965	30.07
702.147	29.88
702.329	31.83
702.511	29.78
702.692	35.66
702.874	26.13
703.056	35.31
703.237	34.1
703.419	29.85
703.601	34.26
703.782	33.24
703.964	31.83
704.146	35.05
704.327	39.62
704.509	37.09
704.69	34.8
704.872	36.42
705.053	30.6
705.235	30.84
705.416	28.9
705.598	31.38
705.779	33.9
705.961	32.6
706.142	27.8
706.323	30.94
706.505	26.45
706.686	29.8
706.867	26.53
707.049	32.84
707.23	25.63
707.411	27.77
707.593	33.1
707.774	29.8
707.955	28.72
708.136	27.27
708.318	32.86
708.499	32.98
708.68	40.75
708.861	36.59
709.042	34.95
709.223	34.57
709.404	28.37
709.585	29.86
709.767	33.43
709.948	26.86
710.129	33.26
710.31	20.26
710.491	28.83
710.672	37.47
710.853	26.87
711.034	34.25
711.214	31.51
711.395	36.21
711.576	34.79
711.757	32.88
711.938	33.93
712.119	40.87
712.3	38.17
712.481	28.4
712.661	35.13
712.842	27.26
713.023	33.31
713.204	32.7
713.384	27.98
713.565	30.9
713.746	30.72
713.926	29.1
714.107	26.96
714.288	29.96
714.468	34.88
714.649	36.15
714.83	29.92
715.01	33.68
715.191	39.17
715.371	37.29
715.552	26.96
715.732	33.19
715.913	34.61
716.093	36.67
716.274	30.1
716.454	34.97
716.635	39.34
716.815	32.63
716.995	30.66
717.176	27.86
717.356	22.91
717.536	28.37
717.717	26.32
717.897	27.65
718.077	27.52
718.258	39
718.438	40.66
718.618	26.8
718.798	28.67
718.978	35
719.159	36.4
719.339	43.91
719.519	25.21
719.699	35.87
719.879	26.67
720.059	33.16
720.239	37.61
720.419	37.54
720.599	22.04
720.779	48.22
720.959	28.57
721.139	25.57
721.319	41.96
721.499	46.35
721.679	36.68
721.859	31.54
722.039	25.03
722.219	40.53
722.399	32.91
722.579	40.8
722.759	34.35
722.938	31.82
723.118	28.14
723.298	26.49
723.478	11.08
723.658	32.67
723.837	35.47
724.017	17.91
724.197	26.46
724.376	40.59
724.556	19.82
724.736	40.56
724.915	26.05
725.095	34.23
725.275	30.32
725.454	32.33
725.634	36.12
725.813	23.61
725.993	16.4
726.172	33.11
726.352	33.58
726.531	19.41
726.711	31.77
726.89	33.72
727.07	31.54
727.249	22.28
727.428	23.77
727.608	27.96
727.787	42.13
727.966	39.35
728.146	30.59
728.325	57.69
728.504	39.97
728.684	27.95
728.863	50.16
729.042	20.17
729.221	21.08
729.4	24.24
729.58	28.97
729.759	34.54
729.938	40.46
730.117	41.51
730.296	29
730.475	20.47
730.654	44.72
730.833	30.12
731.013	48.96
731.192	29.54
731.371	45.16
731.55	43.3
731.729	29.68
731.907	43.56
732.086	30.23
732.265	9.38
732.444	13.78
732.623	39.29
732.802	46.11
732.981	25.69
733.16	29.2
733.339	26.32
733.517	47.19
733.696	42.28
733.875	39.31
734.054	15.4
734.232	41.53
734.411	46.43
734.59	22.08
734.768	38.82
734.947	40.67
735.126	21.08
735.304	23.78
735.483	19.67
735.662	53.7
735.84	48.93
736.019	29.36
736.197	31.22
736.376	43.82
736.554	49.73
736.733	63.93
736.911	51.39
737.09	9.47
737.268	38.19
737.447	44.26
737.625	36.91
737.803	18.31
737.982	62.51
738.16	30.44
738.338	55.4
738.517	12.66
738.695	47.43
738.873	40.17
739.052	26.76
739.23	14.72
739.408	42.4
739.586	33.64
739.764	13.96
739.943	30.03
740.121	47.84
740.299	23.15
740.477	53.32
740.655	0.54
740.833	39.75
741.011	48.62
741.189	37.92
741.367	39.13
741.545	32.55
741.723	24.19
741.901	20.47
742.079	18.36
742.257	32.83
742.435	36.54
742.613	56.1
742.791	51.46
742.969	18.47
743.147	39.74
743.325	6.27
743.503	32.56
743.68	18.67
743.858	32.96
744.036	21.87
744.214	53.78
744.391	18.47
744.569	34.31
744.747	39.4
744.925	37.43
745.102	61.87
745.28	22.92
745.458	46.17
745.635	54.76
745.813	78.93
745.99	52.48
746.168	44.62
746.345	58.57
746.523	32.86
746.7	37.42
746.878	39.28
747.055	25.26
747.233	44.7
747.41	51.4
747.588	54.53
747.765	53.64
747.943	45.82
748.12	-41.33
748.297	31.21
748.475	23.81
748.652	25.28
748.829	42.26
749.007	27.92
749.184	18.5
749.361	50.25
749.538	52.32
749.716	59.09
749.893	84.46
750.07	23.48
750.247	12.19
750.424	59
750.601	48.68
750.778	56.51
750.956	-20.22
751.133	25.44
751.31	54.79
751.487	19.57
751.664	3.66
751.841	4.58
752.018	52.64
752.195	22.08
752.372	41.09
752.549	31.63
752.726	46.34
752.902	54.46
753.079	67.69
753.256	57.81
753.433	36.23
753.61	49.98
753.787	51.65
753.964	51.23
754.14	-1.72
754.317	37.44
754.494	53.9
754.671	64.65
754.847	38.37
755.024	20.87
755.201	25.5
755.377	59.22
755.554	69.18
755.73	17.7
755.907	26.12
756.084	19.57
756.26	54.29
756.437	14.7
756.613	21.6
756.79	43.31
756.966	27.32
757.143	50.57
757.319	23.39
757.496	54.38
757.672	52.65
757.849	79.88
758.025	50.94
758.201	-5.45
758.378	27.51
758.554	17.35
758.73	51.67
758.907	52.45
759.083	48.54
759.259	64.54
759.435	23.71
759.612	52.24
759.788	77.54
759.964	26.28
760.14	32.49
760.316	-0.22
760.493	28.58
760.669	38.61
760.845	-15.87
761.021	-36.22
761.197	-18.77
761.373	40.6
761.549	34.08
761.725	2.82
761.901	37.61
762.077	58.94
762.253	-2.38
762.429	55.03
762.605	5.17
762.781	27.45
762.957	14.46
763.133	25.25
763.308	48.58
763.484	41.34
763.66	106.88
763.836	31.26
764.012	34.9
764.187	12.93
764.363	38.85
764.539	1.76
764.715	22.63
764.89	-7.13
765.066	-17.86
765.242	63.91
765.417	24.72
765.593	62.21
765.769	77.57
765.944	9.63
766.12	49.96
766.295	83.44
766.471	63.49
766.646	43.21
766.822	-24.15
766.997	-81.37
767.173	84.56
767.348	75.41
767.524	30.81
767.699	13.81
767.875	19.32
768.05	-19.7
768.225	-7.38
768.401	35.75
768.576	31.85
768.751	94.16
768.927	-23.37
769.102	101.86
769.277	59.42
769.452	30.11
769.628	47.67
769.803	149.69
769.978	-57.29
770.153	-41.05
770.328	88.61
770.503	47.72
770.679	76.35
770.854	23.88
771.029	4.38
771.204	204.64
771.379	-35.58
771.554	49.92
771.729	88.24
771.904	-13.42
772.079	56.87
772.254	119.13
772.429	119.26
772.604	25.68
772.779	60.79
772.953	17.13
773.128	52.14
773.303	41.88
773.478	86.04
773.653	49.47
773.828	54.52
774.002	94.01
774.177	41.79
774.352	216.52
774.527	-24.37
774.701	58.25
774.876	96.57
775.051	-136.36
775.225	63.71
775.4	17.95
775.575	5.72
775.749	-40.93
775.924	-39.62
776.098	-18.93
776.273	55.86
776.447	56.37
776.622	35.14
776.796	39.83
776.971	-67.1
777.145	49.29
777.32	67.54
777.494	37.67
777.669	53.23
777.843	-12.7
778.017	13.09
778.192	9.62
778.366	-53.59
778.54	51.66
778.715	95.33
778.889	49.88
779.063	44.68
779.237	38.16
779.412	30.11
779.586	-99.01
779.76	-45.39
779.934	-9.85
780.108	42.07
780.282	-595.52
780.457	-1.44
780.631	-11.37
780.805	51.08
780.979	729.85
781.153	75.96
781.327	15.14
781.501	48.19
781.675	6.12
781.849	14.22
782.023	49.9
782.197	-20.24
782.371	-15.43
782.545	-68.1
782.718	138.87
782.892	93.92
783.066	8.77
783.24	163.97
783.414	7.62
783.588	147.23
783.761	66.71
783.935	40.32
784.109	132.61
784.283	7.83
784.456	209
784.63	43.54
784.804	52.81
784.977	39.31
785.151	3.93
785.324	132.29
785.498	8.05
785.672	74.63
785.845	46.18
786.019	-115.17
786.192	228.48
786.366	73.1
786.539	173.9
786.713	-95.64
786.886	48.22
787.06	136.86
787.233	-71.75
787.406	2.3
787.58	-7.44
787.753	19.52
787.926	76.95
788.1	27.61
788.273	-1013.21
788.446	-120.66
788.62	416.13
788.793	11.42
788.966	92.16
789.139	120.85
789.313	51.5
789.486	128.57
789.659	-84
789.832	70.57
790.005	88.72
790.178	342.48
790.351	47.71
790.524	-29.49
790.697	-5.55
790.87	50.25
791.044	-180
791.216	38.57
791.389	-117.11
791.562	24.19
791.735	-748.1
791.908	315.58
792.081	44.57
792.254	-253.85
792.427	1.12
792.6	-46.36
792.773	85.66
792.945	138.81
793.118	-78.16
793.291	-148.35
793.464	-180
793.637	-178.53
793.809	-5.28
793.982	-12.38
794.155	54.48
794.327	103.37
794.5	226.15
794.673	23.08
794.845	-45.53
795.018	196.45
795.19	-144.94
795.363	10.79
795.536	116.41
795.708	-512.9
795.881	6780
796.053	-8.21
796.226	46.29
796.398	-2.31
796.57	162.63
796.743	16.62
796.915	3.15
797.088	13.36
797.26	-304.72
797.432	193.67
797.605	-91.44
797.777	-479.22
797.949	142.47
798.122	82.23
798.294	-1.35
798.466	53.14
798.638	-34.8
798.81	70.14
798.983	132.91
799.155	98.58
799.327	48.43
799.499	41.42
799.671	117.67
799.843	51.08
800.015	43.19
800.187	121.53
800.359	140.35
800.531	72.02
800.703	52.26
800.875	131.86
801.047	88.09
801.219	148.46
801.391	159.74
801.563	-209.35
801.735	-169.06
801.907	292.64
802.079	-14.2
802.251	-557.14
802.422	366.14
802.594	253.25
802.766	-0.65
802.938	-1.35
803.11	280.41
803.281	-57.62
803.453	48.54
803.625	48.22
803.796	35.98
803.968	94.51
804.14	34.74
804.311	14.44
804.483	125.08
804.654	53.65
804.826	300
804.998	197.33
805.169	17.37
805.341	415.2
805.512	-57.76
805.684	56.06
805.855	112.84
806.026	41.54
806.198	322.09
806.369	-25.23
806.541	68.39
806.712	179.79
806.883	103.81
807.055	125.05
807.226	71.1
807.397	128.57
807.569	161.95
807.74	35.42
807.911	-33.06
808.082	25.56
808.253	-246.53
808.425	57.12
808.596	-23.6
808.767	438.13
808.938	8.85
809.109	-282.18
809.28	-35.55
809.451	65.17
809.622	145.99
809.793	-1364.52
809.964	-232.17
810.135	11.19
810.306	-303.47
810.477	283.89
810.648	-18.5
810.819	49.9
810.99	-8340
811.161	148.33
811.332	118.38
811.503	80.17
811.674	-992.31
811.844	-1232.31
812.015	-3.96
812.186	-60.74
812.357	135.19
812.527	103.25
812.698	-59.08
812.869	390.57
813.04	37.59
813.21	-858.62
813.381	169.26
813.551	107.32
813.722	100.33
813.893	57.39
814.063	112.41
814.234	212.73
814.404	40.82
814.575	-29.49
814.745	-262.83
814.916	163.4
815.086	47.37
815.257	95.52
815.427	-119.63
815.598	28.35
815.768	72.21
815.938	55.87
816.109	95.95
816.279	-25.81
816.449	-22.66
816.62	-521.05
816.79	153.96
816.96	-696.23
817.13	-51.92
817.301	-28.93
817.471	38.18
817.641	204.29
817.811	-129.2
817.981	-7928.57
818.152	-1.42
818.322	193.07
818.492	181.05
818.662	11.66
818.832	4.37
819.002	102.5
819.172	167.62
819.342	-220.23
819.512	58.16
819.682	94.61
819.852	-61.78
820.022	36.59
820.192	-158.43
820.362	39.25
820.531	-40.07
820.701	55.1
820.871	19.32
821.041	77.38
821.211	16.7
821.381	3.74
821.55	167.23
821.72	1053.49
821.89	909.23
822.059	64.95
822.229	60
822.399	-12.11
822.568	232.29
822.738	-256.1
822.908	270.55
823.077	-27.68
823.247	62.31
823.416	-829.41
823.586	-206.95
823.756	-27.89
823.925	41.77
824.095	467.44
824.264	-157.4
824.433	119.47
824.603	111.85
824.772	-4.09
824.942	-398.73
825.111	-116.08
825.28	-340.99
825.45	-378.26
825.619	-50.31
825.788	-455.06
825.958	-55.64
826.127	-68.65
826.296	159.28
826.465	139.06
826.635	209.37
826.804	28.61
826.973	131.73
827.142	-205.53
827.311	-118.79
827.48	-13.26
827.649	6.58
827.818	-229.13
827.988	156
828.157	108.15
828.326	-21.49
828.495	45.04
828.664	122.57
828.833	79.51
829.002	-72.67
829.17	122.82
829.339	28.64
829.508	129.96
829.677	70.79
829.846	50.73
830.015	-102.25
830.184	34.74
830.352	49.84
830.521	576.26
830.69	475.61
830.859	794.12
831.027	-457.89
831.196	-34.57
831.365	26.8
831.533	76.41
831.702	-88.66
831.871	22.41
832.039	188.05
832.208	-127.83
832.377	451.18
832.545	28.53
832.714	57.46
832.882	15.74
833.051	73.67
833.219	3042.86
833.388	50.19
833.556	34.11
833.724	-9.54
833.893	81.16
834.061	994.74
834.23	104.75
834.398	170.27
834.566	206.49
834.735	2185.71
834.903	-1149.06
835.071	6060
835.239	-124.92
835.408	195.65
835.576	-174.42
835.744	-54.62
835.912	57.47
836.08	89.5
836.249	503.77
836.417	389.84
836.585	125.98
836.753	198.64
836.921	-147.57
837.089	-7928.57
837.257	272.09
837.425	-220.85
837.593	-71.07
837.761	30.21
837.929	-83.06
838.097	50.84
838.265	20.93
838.433	-124.92
838.601	124.93
838.769	467.09
838.936	84.27
839.104	67.85
839.272	142.44
839.44	81.65
839.608	-256.1
839.775	4.02
839.943	135.99
840.111	64.49
840.279	2.81
840.446	-326.87
840.614	-261.04
840.781	-65.22
840.949	65.75
841.117	39.37
841.284	-45.06
841.452	-296.27
841.619	6.08
841.787	189.3
841.954	216.28
842.122	-164.74
842.289	102.4
842.457	-39.94
842.624	215.26
842.792	116.06
842.959	-111.43
843.126	29.58
843.294	-39.21
843.461	67.98
843.629	338.4
843.796	48.6
843.963	-101.56
844.13	-38.03
844.298	49.81
844.465	146.06
844.632	-50.31
844.799	257.79
844.966	19.15
845.134	104.55
845.301	-29.11
845.468	101.32
845.635	87.99
845.802	80.43
845.969	91.3
846.136	-22.24
846.303	615.79
846.47	34.75
846.637	244.62
846.804	-457.89
846.971	4.92
847.138	258.3
847.305	-156.64
847.472	135.87
847.639	49.88
847.805	3.98
847.972	-416.88
848.139	-178.97
848.306	552.63
848.473	980.6
848.639	-14.62
848.806	-199.2
848.973	70.55
849.14	99.37
849.306	-178.92
849.473	-129.14
849.64	521.54
849.806	271.29
849.973	176.76
850.139	307.95
850.306	101.78
850.472	131.73
850.639	126.89
850.806	1500
850.972	133.04
851.139	5271.43
851.305	42.65
851.471	-45.91
851.638	79.14
851.804	174.63
851.971	23.28
852.137	-61.61
852.303	24.26
852.47	35.66
852.636	76.08
852.802	35.43
852.968	105.96
853.135	86.8
853.301	-254.91
853.467	28.52
853.633	98.21
853.8	54.94
853.966	-370.05
854.132	10928.57
854.298	177.37
854.464	165.17
854.63	124.54
854.796	112.88
854.962	187.77
855.128	30.25
855.294	12.99
855.46	-125.81
855.626	61.79
855.792	-24.32
855.958	90.29
856.124	-112.27
856.29	-41.72
856.456	-21.54
856.622	3.83
856.787	377.92
856.953	56.77
857.119	-127.72
857.285	118.01
857.45	92.23
857.616	3.86
857.782	8.44
857.948	183.39
858.113	1.02
858.279	-114.21
858.445	139.37
858.61	746.51
858.776	309.72
858.941	2.97
859.107	24.15
859.273	71.29
859.438	100.74
859.604	1057.89
859.769	214.96
859.935	-175.25
860.1	79.48
860.265	68.78
860.431	-209.35
860.596	3214.29
860.762	86.59
860.927	-39.94
861.092	6.78
861.258	-50.14
861.423	-70.66
861.588	40.94
861.753	-2442.86
861.919	481.13
862.084	-68.5
862.249	381.36
862.414	9.22
862.579	74.62
862.745	62.47
862.91	273.43
863.075	178.83
863.24	7.66
863.405	88.94
863.57	-192.51
863.735	121.28
863.9	-156.64
864.065	-74.31
864.23	179.68
864.395	167.62
864.56	75.23
864.725	406.33
864.89	43.82
865.055	188.48
865.22	74.74
865.384	-401.12
865.549	288.35
865.714	-73.77
865.879	52.13
866.044	-195.74
866.208	154.09
866.373	75.82
866.538	-48.48
866.702	4.92
866.867	-1.58
867.032	158.82
867.196	119.06
867.361	223.2
867.526	47.64
867.69	-71.51
867.855	9.89
868.019	-332.73
868.184	34.21
868.348	177.13
868.513	261.29
868.677	122.57
868.842	-60.42
869.006	48.44
869.17	-1081.13
869.335	329.27
869.499	-166.02
869.663	284.11
869.828	61.94
869.992	718.6
870.156	53.52
870.321	21.99
870.485	41.91
870.649	100.53
870.813	-195.94
870.978	300
871.142	-881.54
871.306	15.64
871.47	81.02
871.634	196.06
871.798	-35.4
871.962	40.32
872.126	-2614.29
872.29	-19.61
872.454	-2100
872.618	139.23
872.782	-22.39
872.946	340.27
873.11	173.37
873.274	-19.08
873.438	88.24
873.602	-16.62
873.766	-136.36
873.93	-38.63
874.094	43.82
874.257	67.64
874.421	438.73
874.585	-136.36
874.749	25.62
874.912	205.04
875.076	-3.72
875.24	-109.18
875.403	46.08
875.567	128.57
875.731	556.18
875.894	133.47
876.058	-10.05
876.222	407.87
876.385	64.82
876.549	32.91
876.712	780
876.876	-103.24
877.039	72.97
877.203	-20.37
877.366	15.18
877.529	-162.19
877.693	1.8
877.856	181.64
878.02	63.45
878.183	-91.22
878.346	268.83
878.51	-18.58
878.673	-71.22
878.836	16.09
878.999	1383.87
879.163	131.38
879.326	-43.73
879.489	74.39
879.652	64.39
879.815	77.07
879.978	-121.22
880.142	98.66
880.305	-80.12
880.468	-15.18
880.631	-18.3
880.794	73.54
880.957	329.27
881.12	-1323.53
881.283	-28.25
881.446	58.68
881.609	317.27
881.772	116.29
881.935	-900
882.097	118.93
882.26	798.11
882.423	34.67
882.586	171.59
882.749	69.1
882.912	-185.89
883.074	127.77
883.237	83.95
883.4	16.71
883.562	60.93
883.725	-256.8
883.888	205.51
884.05	-9780
884.213	-27.54
884.376	60.72
884.538	116.81
884.701	116.81
884.863	116.81
