181.954	76.52
182.172	76.52
182.39	76.52
182.608	1260
182.826	735.16
183.043	19.15
183.261	-17.17
183.479	183.87
183.697	3829.41
183.914	8.5
184.132	364.17
184.35	310.76
184.567	-10.99
184.785	-71.68
185.003	-20.82
185.22	-168.67
185.438	118.04
185.656	125.13
185.873	484.62
186.091	63.55
186.309	382.76
186.526	147.96
186.744	-35.01
186.961	-19.82
187.179	-18.48
187.396	17.78
187.614	-346.15
187.831	-11220
188.049	34.97
188.266	143.19
188.484	-559.7
188.701	160.19
188.919	120.3
189.136	237.16
189.354	45.17
189.571	-120.85
189.789	153.66
190.006	40.23
190.223	-95.68
190.441	34.69
190.658	985.71
190.876	78.56
191.093	-16.48
191.31	29.79
191.528	27.4
191.745	-22.24
191.962	95.23
192.179	-30.49
192.397	13.36
192.614	24.51
192.831	-44.42
193.049	39.46
193.266	171.84
193.483	-10.19
193.7	-992.31
193.917	89.4
194.135	230.94
194.352	-93.82
194.569	48.78
194.786	87.47
195.003	181.97
195.221	39.87
195.438	75.27
195.655	-61.81
195.872	19.32
196.089	110.86
196.306	-48.63
196.523	63.01
196.74	187.35
196.957	48.68
197.174	-126.4
197.391	250.68
197.608	60.4
197.825	570.97
198.042	69.89
198.259	-1106.9
198.476	37.39
198.693	-2580
198.91	73.39
199.127	-58.21
199.344	-98.38
199.561	237.57
199.778	53.3
199.995	837.31
200.212	465.52
200.429	-103.79
200.646	208.86
200.862	515.73
201.079	-30.33
201.296	-57.62
201.513	346.6
201.73	-49.82
201.947	26.05
202.163	4.21
202.38	133.53
202.597	120.32
202.814	-118.98
203.03	-4500
203.247	-25.63
203.464	125.62
203.681	3.9
203.897	176.52
204.114	458.49
204.331	70.08
204.547	830.23
204.764	131.08
204.981	158.82
205.197	473.62
205.414	139.57
205.63	-568.97
205.847	149.25
206.064	692.73
206.28	198.64
206.497	46.9
206.713	165.33
206.93	65.73
207.146	117.23
207.363	170.77
207.579	49.45
207.796	268.14
208.012	-110.96
208.229	-58.21
208.445	110.35
208.662	-26.72
208.878	118.57
209.095	17.65
209.311	-21.01
209.528	2871.43
209.744	156.37
209.96	61.59
210.177	125.24
210.393	52.19
210.609	6540
210.826	20.25
211.042	560.87
211.258	747.76
211.475	255.08
211.691	21.2
211.907	512.66
212.124	-33.21
212.34	25.71
212.556	-26
212.772	-135.16
212.989	-33.77
213.205	-9.96
213.421	131.16
213.637	317.91
213.853	108.56
214.069	2194.74
214.286	20.12
214.502	-273.13
214.718	-8.46
214.934	45.04
215.15	8.85
215.366	99.49
215.582	138.87
215.798	94.15
216.015	12.9
216.231	-89.19
216.447	116.77
216.663	97.52
216.879	-97.99
217.095	98.66
217.311	-809.43
217.527	102.23
217.743	-247.57
217.959	-84.91
218.175	47.61
218.391	196.4
218.606	25.71
218.822	164.35
219.038	107.49
219.254	153.47
219.47	34.99
219.686	-104.49
219.902	104.04
220.118	61.68
220.334	-7.33
220.549	104.9
220.765	-48.67
220.981	5.92
221.197	-20.45
221.413	-451.65
221.628	1165.82
221.844	118.87
222.06	-142.72
222.276	1.54
222.491	41.51
222.707	75.74
222.923	-529.53
223.139	-16.69
223.354	-3.72
223.57	-191.34
223.786	54.4
224.001	239.77
224.217	107.58
224.432	-26.01
224.648	103.02
224.864	97.59
225.079	-183.58
225.295	46.9
225.51	150.81
225.726	-0.51
225.942	-57.37
226.157	30.63
226.373	-144.26
226.588	17.05
226.804	-331.58
227.019	197.49
227.235	29.97
227.45	59.01
227.665	-6660
227.881	205.51
228.096	-96.52
228.312	-33.5
228.527	71.07
228.743	135.43
228.958	41.11
229.173	-357.39
229.389	-54.1
229.604	151.8
229.819	74.39
230.035	-13.78
230.25	118.08
230.465	14.04
230.681	14.66
230.896	26.36
231.111	81.19
231.327	117.01
231.542	-420
231.757	54.65
231.972	-34.98
232.187	49.79
232.403	-3300
232.618	27.46
232.833	30.3
233.048	-223.64
233.263	4.02
233.478	-712.17
233.694	606.98
233.909	687.1
234.124	84.81
234.339	119.18
234.554	506.9
234.769	79.04
234.984	-92.83
235.199	187.56
235.414	-209.73
235.629	-262.03
235.844	35.96
236.059	112.03
236.274	-19.03
236.489	-91.22
236.704	14.17
236.919	9.62
237.134	102.91
237.349	43.11
237.564	100.22
237.779	-98.94
237.994	131.49
238.209	168.78
238.424	-68.1
238.639	68.58
238.853	92.98
239.068	-44.41
239.283	60.73
239.498	125.86
239.713	95.25
239.928	18.62
240.142	116.27
240.357	107.08
240.572	-51.55
240.787	-4.09
241.001	-16.6
241.216	31.18
241.431	65.12
241.646	123.69
241.86	-195.07
242.075	244.19
242.29	5.9
242.504	-34.4
242.719	-80.12
242.934	44.88
243.148	138.72
243.363	103.19
243.577	-198.88
243.792	212.55
244.007	81.98
244.221	253.25
244.436	532.84
244.65	-16.56
244.865	15.64
245.079	-103.59
245.294	-88.49
245.508	-90.2
245.723	56.62
245.937	-3.3
246.152	-72.07
246.366	83.88
246.581	121.82
246.795	64.42
247.01	46.7
247.224	27.92
247.438	41.45
247.653	26.28
247.867	49.86
248.081	176.8
248.296	-314.63
248.51	73.49
248.724	72.21
248.939	138.81
249.153	260.82
249.367	30.53
249.582	116.89
249.796	222.08
250.01	164.9
250.224	73.18
250.439	56.62
250.653	-17.33
250.867	-0.51
251.081	140.76
251.295	-11.66
251.51	-6.38
251.724	230.94
251.938	126.02
252.152	-164.23
252.366	21.07
252.58	300
252.794	110.01
253.008	419.21
253.223	36.59
253.437	70.53
253.651	2.44
253.865	118.74
254.079	70.55
254.293	59.52
254.507	430.91
254.721	94.54
254.935	405.49
255.149	102.11
255.363	206.12
255.577	477.18
255.791	133.22
256.005	174.85
256.218	13.94
256.432	131.2
256.646	42.71
256.86	-10.99
257.074	96.51
257.288	7980
257.502	128.57
257.716	90.25
257.929	9.97
258.143	36.59
258.357	-34.98
258.571	56.46
258.785	-57.32
258.998	-19.49
259.212	8.46
259.426	-87.44
259.64	119.33
259.853	115.67
260.067	128.57
260.281	51.03
260.494	86.02
260.708	216.83
260.922	-44.97
261.135	113.94
261.349	-44.87
261.563	62.89
261.776	-335.29
261.99	47.81
262.203	85.42
262.417	-107.07
262.63	-29.49
262.844	97.75
263.058	55.93
263.271	7.89
263.485	-0.77
263.698	71.14
263.912	105.96
264.125	-51.16
264.339	35.43
264.552	96.98
264.765	28.7
264.979	138.24
265.192	-7.36
265.406	105.62
265.619	-38.36
265.832	98.47
266.046	10.65
266.259	247.12
266.473	-512.9
266.686	143.57
266.899	34.85
267.113	4140
267.326	96.47
267.539	129.98
267.752	42.14
267.966	95.4
268.179	131.73
268.392	-8.93
268.605	177.17
268.819	72.93
269.032	214.69
269.245	466.15
269.458	220.3
269.671	-337.97
269.885	4.66
270.098	17.46
270.311	360.76
270.524	67.33
270.737	-22.25
270.95	427.15
271.163	167.72
271.376	67.74
271.589	11.39
271.802	49.93
272.016	-16.61
272.229	60.38
272.442	86.23
272.655	74.51
272.868	-143.2
273.081	-468.54
273.294	23.4
273.506	41.34
273.719	38.59
273.932	96.38
274.145	2460
274.358	-60.95
274.571	96.3
274.784	367.92
274.997	53.66
275.21	23.45
275.423	-85.47
275.635	125.13
275.848	76.49
276.061	172.85
276.274	171.1
276.487	310.43
276.699	-63.28
276.912	-31.46
277.125	29.36
277.338	54.12
277.55	62.94
277.763	114.94
277.976	146.09
278.189	-187.91
278.401	111.3
278.614	492
278.827	122.64
279.039	103.94
279.252	122.36
279.464	-71.36
279.677	121.65
279.89	-31.91
280.102	-85.93
280.315	856.1
280.527	1815.79
280.74	-1644.83
280.952	74.46
281.165	84.66
281.377	72.85
281.59	-49.84
281.802	2.62
282.015	-0.72
282.227	123.87
282.44	714.39
282.652	434.83
282.865	152.13
283.077	195.9
283.29	86.07
283.502	84.53
283.714	265.88
283.927	51.72
284.139	-189.27
284.351	112.79
284.564	101.07
284.776	123.23
284.988	20.14
285.201	192.54
285.413	25.54
285.625	-218.92
285.838	23.36
286.05	47.99
286.262	140.59
286.474	162.24
286.686	-2.03
286.899	-92.83
287.111	62.02
287.323	-9.28
287.535	-317.82
287.747	129.77
287.959	-27.9
288.172	256.36
288.384	33.19
288.596	-66.29
288.808	458.49
289.02	-62.26
289.232	174.94
289.444	-12.86
289.656	-262.87
289.868	-16.2
290.08	277.91
290.292	121.28
290.504	29.75
290.716	13.76
290.928	114.43
291.14	1360.47
291.352	131.38
291.564	1429.41
291.776	16.63
291.988	270.55
292.2	-109.48
292.412	79.46
292.624	0.98
292.835	568.66
293.047	36.67
293.259	78.06
293.471	71.95
293.683	-226.83
293.895	83.54
294.106	15.91
294.318	52.88
294.53	80.68
294.742	2120.69
294.953	202.58
295.165	66.71
295.377	98.13
295.589	87.74
295.8	125.05
296.012	68.7
296.224	77.7
296.435	54.71
296.647	-76.38
296.858	274.1
297.07	410.77
297.282	-18.93
297.493	117.66
297.705	-84
297.916	33.71
298.128	-13.9
298.34	-40.05
298.551	-42.56
298.763	84.88
298.974	159.27
299.186	100.34
299.397	37.61
299.609	-861.29
299.82	65.65
300.031	26.13
300.243	1310.53
300.454	336.81
300.666	86.56
300.877	288.63
301.089	24.26
301.3	1.37
301.511	56.04
301.723	-21.95
301.934	-291.04
302.145	60.73
302.357	113.03
302.568	69.6
302.779	-10.94
302.99	-168.16
303.202	108.43
303.413	69.86
303.624	-102.71
303.835	-1216.98
304.047	32.79
304.258	8.39
304.469	50.97
304.68	71.32
304.891	15.3
305.103	-19.69
305.314	89.58
305.525	2528.57
305.736	318.9
305.947	87.83
306.158	1217.65
306.369	88.47
306.58	158.48
306.791	91.48
307.002	39.32
307.213	-9.98
307.424	11.66
307.636	139.78
307.846	63.01
308.057	439.81
308.268	66.09
308.479	122.59
308.69	101.93
308.901	18.35
309.112	1388.37
309.323	15.3
309.534	54.44
309.745	27.35
309.956	-39.94
310.167	-77.14
310.377	-2.31
310.588	64.76
310.799	120.24
311.01	-129.16
311.221	97.36
311.432	64.58
311.642	6.95
311.853	65.7
312.064	-279.31
312.275	126.02
312.485	138.07
312.696	28.74
312.907	245.73
313.117	52.01
313.328	129.43
313.539	100.51
313.749	73.7
313.96	194.51
314.171	91.63
314.381	12.84
314.592	-30.76
314.802	17.18
315.013	44.96
315.224	0.84
315.434	-521.05
315.645	7500
315.855	38.42
316.066	-414.61
316.276	283.04
316.487	504.88
316.697	6.64
316.908	21.87
317.118	35.35
317.329	-11.62
317.539	82.33
317.749	212.45
317.96	-900
318.17	-70.63
318.381	23.08
318.591	-438.46
318.801	41.24
319.012	11.66
319.222	265.05
319.432	-48.39
319.643	111.08
319.853	-103.59
320.063	49.11
320.273	33.13
320.484	181.32
320.694	69.8
320.904	11.19
321.114	-320.22
321.325	1375.86
321.535	55.45
321.745	40.73
321.955	134.86
322.165	-19.03
322.375	56.39
322.585	432.52
322.796	93.1
323.006	93.8
323.216	107.19
323.426	118.36
323.636	345.93
323.846	-858.62
324.056	71.94
324.266	21.63
324.476	46.2
324.686	21.08
324.896	-15.02
325.106	1047.17
325.316	85.1
325.526	-1405.26
325.736	46.89
325.946	27.22
326.156	35.06
326.366	-13.04
326.576	20.93
326.785	-206.53
326.995	65.44
327.205	-1.51
327.415	218.64
327.625	151.09
327.835	38.29
328.044	76.88
328.254	300
328.464	202.47
328.674	158.98
328.884	-407.91
329.093	-33.69
329.303	72.87
329.513	121.12
329.722	489.47
329.932	44.54
330.142	24.79
330.351	48.89
330.561	736.36
330.771	-67.53
330.98	80.93
331.19	-87.69
331.4	3.18
331.609	55.41
331.819	95.12
332.028	87.43
332.238	238.98
332.447	107.62
332.657	101.75
332.866	120.2
333.076	62.98
333.285	-8.79
333.495	-280.65
333.704	-195.07
333.914	53.81
334.123	-40.04
334.333	226.15
334.542	-17.17
334.752	170.77
334.961	1341.51
335.17	-73.87
335.38	-0.82
335.589	84.07
335.798	24.02
336.008	115.38
336.217	34.47
336.426	38.72
336.636	-118.72
336.845	70.14
337.054	487.01
337.263	54.86
337.473	51.72
337.682	198.37
337.891	52.01
338.1	748.92
338.309	35.23
338.519	105.92
338.728	-12.21
338.937	-125.2
339.146	-53.96
339.355	50.94
339.564	1752.63
339.773	-25.63
339.983	191.22
340.192	-211.3
340.401	224.8
340.61	60
340.819	-45.26
341.028	63.93
341.237	-2594.12
341.446	24.11
341.655	97.52
341.864	21.33
342.073	77.5
342.282	-49.88
342.491	65.27
342.699	78.64
342.908	-307.79
343.117	21.37
343.326	-69.23
343.535	169.09
343.744	-141.22
343.953	73.71
344.162	31.68
344.37	16.02
344.579	192.54
344.788	32.99
344.997	-4.94
345.206	73.29
345.414	33.08
345.623	202.58
345.832	-34.43
346.041	13.71
346.249	55.97
346.458	38.92
346.667	79.8
346.875	102.18
347.084	25.63
347.293	193.74
347.501	191.94
347.71	17.13
347.918	-80.81
348.127	-95.6
348.336	-65.56
348.544	78.23
348.753	-488.06
348.961	93.92
349.17	3.47
349.378	173.52
349.587	-107.94
349.795	-131.07
350.004	355.38
350.212	47.88
350.421	-676.99
350.629	6.34
350.838	95.54
351.046	75.56
351.254	109.56
351.463	-18.78
351.671	-1910.53
351.879	-78.8
352.088	28.85
352.296	-103.54
352.504	126.22
352.713	183.4
352.921	63.78
353.129	11.7
353.338	-11.37
353.546	40.32
353.754	57.06
353.962	-107.38
354.171	41.13
354.379	-1973.68
354.587	33.18
354.795	-32.25
355.003	-65.13
355.212	6.34
355.42	118.87
355.628	195.9
355.836	-94.58
356.044	45.32
356.252	80.68
356.46	40.59
356.668	1352.31
356.876	29.49
357.084	65.5
357.292	81.3
357.5	63.86
357.708	40.65
357.916	31.88
358.124	-25.36
358.332	676.12
358.54	430.91
358.748	112.99
358.956	35.64
359.164	66.25
359.372	120.9
359.58	-71.22
359.788	6.54
359.996	79.03
360.203	4.54
360.411	110.53
360.619	-134.17
360.827	66.12
361.035	-502.45
361.242	162.76
361.45	-398.73
361.658	356.87
361.866	46.54
362.073	-43.46
362.281	92.71
362.489	-0.39
362.697	81.32
362.904	24.47
363.112	211
363.32	37.33
363.527	-451.3
363.735	-93.82
363.943	11.82
364.15	240.64
364.358	59.52
364.565	74.51
364.773	42.69
364.98	24.38
365.188	-3.24
365.395	115.38
365.603	165.76
365.81	-25.47
366.018	15.02
366.225	123.39
366.433	-54.34
366.64	65.03
366.848	93.61
367.055	-31.03
367.263	29.75
367.47	85.28
367.677	451.9
367.885	-27.27
368.092	20.44
368.299	-115.77
368.507	121.04
368.714	204.42
368.921	545.67
369.129	63.36
369.336	75.59
369.543	9.72
369.751	-33.95
369.958	-12.11
370.165	77.25
370.372	39.25
370.579	23.79
370.787	68.71
370.994	40.33
371.201	12.26
371.408	86.85
371.615	68.58
371.822	67.65
372.029	149.49
372.237	32.57
372.444	66.49
372.651	63.49
372.858	74.78
373.065	72.68
373.272	168.03
373.479	-196.55
373.686	163.51
373.893	-212.62
374.1	133.49
374.307	-451.08
374.514	-44.94
374.721	1.11
374.928	362.34
375.135	-10.81
375.341	6060
375.548	15.33
375.755	-25.36
375.962	-1.8
376.169	-79.39
376.376	18.22
376.583	105.76
376.789	93.88
376.996	126.22
377.203	40.28
377.41	-83.19
377.617	53.29
377.823	-85.03
378.03	-1441.94
378.237	149.69
378.443	-42.86
378.65	616.98
378.857	43.17
379.063	239.24
379.27	-117.39
379.477	110.35
379.683	80.93
379.89	3.5
380.097	74.56
380.303	46.17
380.51	16.03
380.716	45.57
380.923	-266.93
381.129	73.78
381.336	111.02
381.542	82.13
381.749	71.21
381.955	26.07
382.162	107.62
382.368	38.23
382.575	85.64
382.781	-155.17
382.988	4.02
383.194	20.05
383.4	-69.74
383.607	78.41
383.813	180.44
384.02	10.6
384.226	-0.94
384.432	-108.04
384.639	31.42
384.845	-687.34
385.051	-65.44
385.257	62.7
385.464	43
385.67	55.35
385.876	77.11
386.082	-74.24
386.289	32.23
386.495	2.55
386.701	2.93
386.907	-111.25
387.113	41.41
387.319	42.5
387.526	-8.79
387.732	63.78
387.938	69.6
388.144	122.61
388.35	103.06
388.556	10.16
388.762	42.15
388.968	634.88
389.174	34.17
389.38	118.57
389.586	-5.11
389.792	28.85
389.998	-42.12
390.204	-42.86
390.41	81.71
390.616	6.17
390.822	3.93
391.028	50.57
391.234	77.86
391.439	-72.82
391.645	9.79
391.851	37.67
392.057	61.38
392.263	82.25
392.469	34.55
392.674	33.95
392.88	-13.92
393.086	28.38
393.292	-46.62
393.498	-23.71
393.703	43.5
393.909	20.7
394.115	134.42
394.32	56.7
394.526	58.23
394.732	41.92
394.937	73.63
395.143	-117.81
395.349	-29.16
395.554	-152.26
395.76	43.23
395.965	7.13
396.171	-3.43
396.377	1.76
396.582	53.63
396.788	8.98
396.993	41.92
397.199	13.92
397.404	59.69
397.61	13.14
397.815	-29.35
398.021	33.69
398.226	4.47
398.431	20.04
398.637	-32.13
398.842	28.82
399.048	14.81
399.253	36.29
399.458	31.21
399.664	19.32
399.869	30.4
400.074	18.83
400.28	25.86
400.485	-23.78
400.69	9.71
400.896	10.95
401.101	26.11
401.306	18.53
401.511	22.65
401.716	-5.41
401.922	-4.38
402.127	-4.2
402.332	-33.61
402.537	11.35
402.742	21.49
402.947	33.26
403.153	-10.68
403.358	0.39
403.563	5.39
403.768	9.39
403.973	32.58
404.178	7.41
404.383	-4.08
404.588	11.7
404.793	35.55
404.998	7.94
405.203	1.87
405.408	-0.1
405.613	20.61
405.818	13.44
406.023	1.18
406.228	-6.02
406.433	3.13
406.638	10.36
406.842	-0.99
407.047	8.4
407.252	17.68
407.457	10.17
407.662	13.81
407.867	6.24
408.071	1.44
408.276	-0.93
408.481	16.7
408.686	5.67
408.891	16.04
409.095	14.22
409.3	4.7
409.505	13.04
409.709	8.69
409.914	9.1
410.119	3.88
410.323	1.17
410.528	-1.71
410.733	11.68
410.937	3.8
411.142	4.33
411.346	8.6
411.551	-0.9
411.756	-1.54
411.96	6.02
412.165	1.89
412.369	5.42
412.574	4.72
412.778	6.33
412.983	4.05
413.187	7.12
413.392	-1.02
413.596	5.22
413.8	4.27
414.005	7.94
414.209	3.86
414.414	0.82
414.618	0.71
414.822	2.88
415.027	4.46
415.231	4.11
415.435	5.11
415.64	6.67
415.844	1.74
416.048	4.76
416.252	4.86
416.457	4.21
416.661	3.21
416.865	2.97
417.069	2.16
417.274	3.41
417.478	3.77
417.682	7.62
417.886	4.73
418.09	4.84
418.294	5.1
418.498	4.22
418.702	6.56
418.907	5.82
419.111	3.04
419.315	3.58
419.519	3.66
419.723	2.7
419.927	4.97
420.131	5.53
420.335	3.52
420.539	2.26
420.743	5.06
420.947	3.75
421.151	4.24
421.355	3.17
421.558	3.67
421.762	3.55
421.966	3.56
422.17	4.16
422.374	3.73
422.578	3.61
422.782	3.49
422.985	4.27
423.189	4.78
423.393	3.45
423.597	3.55
423.801	4.43
424.004	5.25
424.208	4.32
424.412	4.54
424.615	3.86
424.819	4.52
425.023	4.96
425.226	5.58
425.43	6.32
425.634	4.79
425.837	5.44
426.041	5.53
426.245	4.89
426.448	4.28
426.652	4.23
426.855	4.81
427.059	4.43
427.262	4.54
427.466	3.7
427.669	5.49
427.873	4.62
428.076	5.1
428.28	4.4
428.483	4.03
428.687	4.94
428.89	4.81
429.094	3.84
429.297	4.73
429.5	5.22
429.704	4.9
429.907	4.39
430.11	4.42
430.314	5.24
430.517	5.04
430.72	5.17
430.924	4.55
431.127	4.74
431.33	4.92
431.533	5.01
431.737	5.03
431.94	4.45
432.143	4.94
432.346	4.75
432.549	4.73
432.752	3.99
432.956	5.13
433.159	4.78
433.362	4.83
433.565	4.31
433.768	4.73
433.971	5.38
434.174	5.27
434.377	5.09
434.58	5.03
434.783	4.61
434.986	5.15
435.189	4.9
435.392	4.63
435.595	4.76
435.798	4.7
436.001	5.51
436.204	5.21
436.407	5.01
436.61	5.41
436.813	5.25
437.016	5.12
437.219	4.71
437.421	5.18
437.624	4.98
437.827	5.25
438.03	4.88
438.233	4.6
438.435	4.93
438.638	4.91
438.841	4.97
439.044	5.06
439.246	4.76
439.449	4.66
439.652	4.73
439.854	5
440.057	5.03
440.26	4.98
440.462	5.15
440.665	4.65
440.868	5.11
441.07	5.24
441.273	4.87
441.475	4.92
441.678	5.05
441.88	5.17
442.083	4.66
442.286	5.17
442.488	4.88
442.69	4.81
442.893	4.98
443.095	5.02
443.298	4.96
443.5	4.78
443.703	4.81
443.905	4.79
444.108	4.68
444.31	4.83
444.512	5.05
444.715	4.64
444.917	4.64
445.119	5.12
445.322	4.83
445.524	4.65
445.726	5.06
445.928	5.26
446.131	4.92
446.333	4.82
446.535	4.97
446.737	4.96
446.94	5.1
447.142	4.79
447.344	4.9
447.546	4.89
447.748	4.93
447.95	5.1
448.152	4.9
448.354	4.94
448.557	5.62
448.759	5.01
448.961	5.24
449.163	5
449.365	4.68
449.567	5.04
449.769	5.25
449.971	5.29
450.173	4.97
450.375	5.06
450.577	5.11
450.779	5.71
450.981	5.26
451.182	4.93
451.384	4.92
451.586	5.69
451.788	5.19
451.99	5.65
452.192	5.14
452.394	5.3
452.595	5.82
452.797	5.17
452.999	5.32
453.201	5.38
453.402	5.28
453.604	5.45
453.806	5.22
454.008	5.52
454.209	5.22
454.411	5.49
454.613	5.61
454.814	5.15
455.016	5.14
455.218	5.26
455.419	5.2
455.621	5.7
455.822	5.06
456.024	5.29
456.225	5.58
456.427	5.53
456.629	5.24
456.83	5.13
457.032	4.8
457.233	5.46
457.435	5.31
457.636	5.75
457.837	5.29
458.039	5.22
458.24	5.77
458.442	5.85
458.643	4.44
458.844	6.28
459.046	4.9
459.247	5.92
459.448	5.75
459.65	5.51
459.851	5.72
460.052	5.49
460.254	5.56
460.455	5.52
460.656	5.46
460.857	5.56
461.059	4.6
461.26	5.64
461.461	5.77
461.662	4.66
461.863	5.33
462.065	5.32
462.266	4.92
462.467	5.15
462.668	4.93
462.869	6.57
463.07	5.27
463.271	5.97
463.472	4.69
463.673	4.84
463.874	5.78
464.075	5.04
464.276	4.65
464.477	5.34
464.678	5.96
464.879	4.59
465.08	4.83
465.281	5.51
465.482	5.63
465.683	4.17
465.884	5
466.085	5.45
466.285	5.71
466.486	4.9
466.687	4.95
466.888	4.91
467.089	6.49
467.29	5.73
467.49	4.75
467.691	5.11
467.892	4.85
468.093	4.81
468.293	5.41
468.494	4.73
468.695	4.89
468.895	5.27
469.096	4.86
469.297	5.93
469.497	4.46
469.698	6.05
469.898	4.05
470.099	5.3
470.3	6.43
470.5	5
470.701	4.72
470.901	6.06
471.102	4.16
471.302	4.8
471.503	6.32
471.703	6.07
471.904	4.6
472.104	5.02
472.305	4.46
472.505	5.42
472.705	4.12
472.906	4.63
473.106	6.45
473.306	3.18
473.507	4.54
473.707	4.91
473.907	4.76
474.108	4.03
474.308	4.21
474.508	5.1
474.709	4.65
474.909	5.69
475.109	1.78
475.309	4.25
475.51	3.58
475.71	5.19
475.91	4.47
476.11	2.43
476.31	3.62
476.51	5.32
476.71	3.69
476.911	6.45
477.111	4.35
477.311	4.41
477.511	4.39
477.711	3.95
477.911	3.64
478.111	5.15
478.311	4.89
478.511	4.85
478.711	3.76
478.911	2.94
479.111	4.23
479.311	3.14
479.511	4.54
479.711	3.77
479.91	2.43
480.11	4.7
480.31	5.05
480.51	5.68
480.71	4.87
480.91	5.53
481.109	5.55
481.309	4.88
481.509	4.29
481.709	4.19
481.909	4.18
482.108	3.2
482.308	4.98
482.508	5.89
482.707	6.29
482.907	3.28
483.107	4.11
483.306	3.33
483.506	3.28
483.706	3.64
483.905	3.64
484.105	5.71
484.304	2.97
484.504	4.01
484.704	4.99
484.903	3.94
485.103	4.59
485.302	4.48
485.502	4.05
485.701	4.89
485.901	3.63
486.1	4.92
486.299	4.97
486.499	4.87
486.698	4.6
486.898	4.83
487.097	4.07
487.296	4
487.496	4.05
487.695	4.15
487.894	3.59
488.094	4.46
488.293	4.12
488.492	3.22
488.692	4.21
488.891	5.56
489.09	4.59
489.289	3.69
489.489	3.82
489.688	3.79
489.887	3.38
490.086	3.11
490.285	4.02
490.484	4.73
490.683	4.5
490.883	5.78
491.082	4.83
491.281	2.89
491.48	3.41
491.679	4.5
491.878	6.1
492.077	6.01
492.276	4.26
492.475	4
492.674	3.41
492.873	4.99
493.072	2.62
493.271	5.73
493.47	3.9
493.669	3.11
493.867	3.78
494.066	5.6
494.265	4.51
494.464	4.64
494.663	3.5
494.862	4.31
495.06	4.48
495.259	2.92
495.458	4.72
495.657	4.02
495.856	4.06
496.054	4.77
496.253	4.18
496.452	4.43
496.65	4.18
496.849	4.57
497.048	5
497.246	4.24
497.445	4.16
497.644	4.7
497.842	5.14
498.041	5.03
498.239	4.71
498.438	5.61
498.636	4.1
498.835	5.58
499.034	4.42
499.232	5.07
499.431	4.9
499.629	4.77
499.827	4.95
500.026	5.07
500.224	5.2
500.423	4.34
500.621	5.37
500.82	5.01
501.018	5.57
501.216	5.79
501.415	5.43
501.613	5.29
501.811	4.96
502.01	5.83
502.208	5.54
502.406	6.19
502.604	5.74
502.803	5.49
503.001	6.93
503.199	5.23
503.397	5.27
503.595	5.54
503.794	5.38
503.992	5.49
504.19	5.35
504.388	5.91
504.586	5.31
504.784	5.84
504.982	5.48
505.18	5.69
505.378	5.29
505.576	5.78
505.774	5.08
505.972	5.88
506.17	6.74
506.368	5.96
506.566	6.01
506.764	6.09
506.962	5.88
507.16	7.02
507.358	5.66
507.556	6.32
507.754	6.24
507.952	6.55
508.15	5.85
508.347	5.35
508.545	6.41
508.743	6.26
508.941	5.99
509.139	6.59
509.336	5.59
509.534	6.74
509.732	5.31
509.93	6.57
510.127	6.47
510.325	6.28
510.523	6.66
510.72	6.72
510.918	6.13
511.116	6.61
511.313	5.95
511.511	6.35
511.708	6.33
511.906	6.54
512.104	6.32
512.301	6.55
512.499	6.57
512.696	5.73
512.894	5.81
513.091	6.77
513.289	6.66
513.486	6.58
513.683	6.54
513.881	6.53
514.078	6.98
514.276	7.03
514.473	6.41
514.67	7.4
514.868	6.77
515.065	6.44
515.262	6.86
515.46	6.35
515.657	6.87
515.854	6.12
516.052	6.27
516.249	6.91
516.446	6.75
516.643	6.47
516.84	6.54
517.038	6.38
517.235	6.3
517.432	6.97
517.629	6.56
517.826	6.81
518.023	6.89
518.221	6.8
518.418	7.28
518.615	6.96
518.812	7.14
519.009	7.44
519.206	6.78
519.403	6.61
519.6	6.92
519.797	6.2
519.994	6.54
520.191	7.41
520.388	6.94
520.585	7.4
520.782	6.96
520.978	6.38
521.175	7.1
521.372	6.84
521.569	7.13
521.766	6.89
521.963	6.81
522.159	7.34
522.356	6.79
522.553	7.51
522.75	7.09
522.947	6.98
523.143	7.54
523.34	7.29
523.537	7.15
523.733	6.99
523.93	7.09
524.127	7.09
524.323	7.43
524.52	7.26
524.717	6.81
524.913	7.1
525.11	7.1
525.306	7.23
525.503	7.46
525.7	7.46
525.896	6.59
526.093	7.27
526.289	7.93
526.486	7.2
526.682	6.56
526.878	7.16
527.075	7.5
527.271	7.14
527.468	7.4
527.664	7.19
527.861	7.28
528.057	7.16
528.253	7.33
528.45	6.53
528.646	7.51
528.842	7.42
529.039	6.68
529.235	7.67
529.431	7.32
529.627	7.62
529.824	7.44
530.02	7.18
530.216	7.55
530.412	7.81
530.608	7.41
530.804	7.73
531.001	7.48
531.197	7.31
531.393	7.4
531.589	7.36
531.785	7.3
531.981	7.31
532.177	7.09
532.373	7.67
532.569	7.43
532.765	7.39
532.961	7.19
533.157	7.36
533.353	7.51
533.549	7.58
533.745	7.53
533.941	7.22
534.137	7.94
534.333	7.25
534.529	7.75
534.725	7.88
534.92	7.77
535.116	7.24
535.312	6.91
535.508	7.98
535.704	7.22
535.899	7.62
536.095	7.38
536.291	7.54
536.487	7.35
536.682	7.35
536.878	7.42
537.074	7.41
537.269	7.31
537.465	7.79
537.661	7.39
537.856	7.76
538.052	7.87
538.248	7.83
538.443	7.6
538.639	7.39
538.834	7.28
539.03	7.62
539.225	7.98
539.421	7.4
539.616	7.79
539.812	7.55
540.007	7.79
540.203	8.08
540.398	7.82
540.593	8.06
540.789	7.8
540.984	7.74
541.18	7.86
541.375	7.5
541.57	8.22
541.766	7.7
541.961	8.08
542.156	7.95
542.352	8.38
542.547	8.09
542.742	7.59
542.937	7.84
543.133	8.49
543.328	7.95
543.523	7.92
543.718	7.91
543.913	8.05
544.108	7.97
544.304	8.21
544.499	8.28
544.694	7.92
544.889	8.41
545.084	8.37
545.279	8.3
545.474	7.89
545.669	8.21
545.864	8.26
546.059	7.99
546.254	7.8
546.449	8.25
546.644	8.14
546.839	8.29
547.034	8.36
547.229	8.4
547.424	8.18
547.618	8.33
547.813	8.21
548.008	8.34
548.203	8.33
548.398	8.4
548.593	8.49
548.787	8.57
548.982	8.22
549.177	8.23
549.372	8.44
549.566	8.6
549.761	8.23
549.956	8.32
550.15	8.2
550.345	8.56
550.54	8.87
550.734	8.7
550.929	8.45
551.124	8.32
551.318	8.54
551.513	8.72
551.707	8.72
551.902	8.41
552.096	8.69
552.291	8.64
552.485	8.6
552.68	9.03
552.874	9.21
553.069	8.92
553.263	8.45
553.458	8.88
553.652	8.81
553.847	8.64
554.041	9.16
554.235	8.73
554.43	8.88
554.624	8.88
554.818	8.44
555.013	9.06
555.207	9.11
555.401	8.85
555.595	8.95
555.79	8.65
555.984	9.09
556.178	9.16
556.372	9.01
556.566	8.96
556.761	8.94
556.955	9.09
557.149	9.25
557.343	9.47
557.537	9.01
557.731	9.12
557.925	9.35
558.119	9.32
558.313	9.15
558.507	9.2
558.701	9.47
558.895	9.37
559.089	9.43
559.283	9.37
559.477	9.39
559.671	9.41
559.865	9.2
560.059	9.36
560.253	9.32
560.447	9.79
560.641	9.86
560.835	9.88
561.028	9.79
561.222	9.71
561.416	9.59
561.61	9.47
561.804	9.62
561.997	9.63
562.191	10.06
562.385	9.68
562.579	9.55
562.772	9.65
562.966	9.65
563.16	9.94
563.353	10.03
563.547	9.65
563.741	9.63
563.934	10.01
564.128	9.89
564.321	9.58
564.515	9.67
564.708	9.91
564.902	10.05
565.095	9.92
565.289	9.72
565.482	10.15
565.676	9.97
565.869	10.1
566.063	9.99
566.256	9.47
566.45	9.74
566.643	9.79
566.836	9.93
567.03	10.19
567.223	10.25
567.416	10.21
567.61	10.42
567.803	10.2
567.996	10.19
568.19	10.47
568.383	10.07
568.576	10.07
568.769	9.86
568.963	10.28
569.156	10.18
569.349	10.27
569.542	10.45
569.735	10.45
569.928	10.2
570.121	10.54
570.315	10.37
570.508	10.06
570.701	10.27
570.894	10.28
571.087	10.27
571.28	10.7
571.473	10.81
571.666	10.46
571.859	10.23
572.052	10.53
572.245	10.57
572.438	10.45
572.631	10.94
572.824	10.53
573.016	10.35
573.209	10.76
573.402	10.76
573.595	10.66
573.788	10.94
573.981	10.66
574.173	11.08
574.366	10.65
574.559	10.99
574.752	10.62
574.944	10.66
575.137	10.95
575.33	10.53
575.523	11.32
575.715	10.63
575.908	10.8
576.101	10.6
576.293	10.87
576.486	10.6
576.678	10.78
576.871	10.85
577.063	11.15
577.256	10.93
577.449	10.95
577.641	10.67
577.834	10.87
578.026	10.67
578.219	11.01
578.411	11.4
578.603	11.68
578.796	10.88
578.988	11.15
579.181	11.17
579.373	11.32
579.565	11.26
579.758	10.83
579.95	11.57
580.142	10.99
580.335	11.32
580.527	11.09
580.719	11
580.912	11.3
581.104	11.37
581.296	11.54
581.488	11.32
581.68	11.32
581.873	11.42
582.065	11.55
582.257	11.16
582.449	11.26
582.641	11.49
582.833	11.03
583.025	11.43
583.217	11.81
583.41	11.65
583.602	11.74
583.794	11.15
583.986	12.09
584.178	11.54
584.37	11.56
584.562	11.21
584.753	11.96
584.945	11.57
585.137	11.43
585.329	11.92
585.521	12.38
585.713	11.85
585.905	11.75
586.097	11.65
586.289	11.67
586.48	12
586.672	11.63
586.864	11.72
587.056	12.03
587.247	11.56
587.439	11.83
587.631	12.06
587.823	11.55
588.014	11.85
588.206	12.46
588.398	11.79
588.589	12.36
588.781	12.08
588.972	12.14
589.164	12
589.356	12.3
589.547	12.18
589.739	12.36
589.93	12.28
590.122	12.02
590.313	12.03
590.505	12.43
590.696	12.14
590.888	12.1
591.079	12.76
591.271	12.5
591.462	12.55
591.653	12.24
591.845	12.55
592.036	12.47
592.227	12.46
592.419	12.19
592.61	12.71
592.801	12.69
592.993	12.73
593.184	12.67
593.375	12.36
593.566	12.88
593.758	12.95
593.949	12.58
594.14	12.52
594.331	13.29
594.522	12.68
594.713	13.02
594.905	13.15
595.096	12.91
595.287	13.12
595.478	13.37
595.669	13.71
595.86	12.93
596.051	13.09
596.242	12.85
596.433	12.43
596.624	12.96
596.815	12.98
597.006	13.04
597.197	13.4
597.388	13.2
597.579	13.28
597.77	13.47
597.96	13.26
598.151	13.02
598.342	13.02
598.533	13.73
598.724	13.5
598.915	13.8
599.105	13.49
599.296	13.45
599.487	13.01
599.678	14.15
599.868	13.94
600.059	14.11
600.25	14.09
600.44	13.94
600.631	13.86
600.822	14.03
601.012	14.11
601.203	14.79
601.394	13.87
601.584	13.94
601.775	13.93
601.965	13.79
602.156	14.12
602.346	13.72
602.537	13.89
602.727	13.81
602.918	14.31
603.108	14.47
603.299	13.76
603.489	14.87
603.679	13.94
603.87	14.47
604.06	14.09
604.251	14.3
604.441	13.81
604.631	14.54
604.822	14.66
605.012	14.61
605.202	14.5
605.392	13.65
605.583	14.31
605.773	14.99
605.963	14.99
606.153	14.42
606.344	14.95
606.534	14.86
606.724	14.95
606.914	14.87
607.104	14.79
607.294	14.11
607.484	14.56
607.674	14.62
607.864	14.83
608.054	14.96
608.245	14.45
608.435	14.97
608.625	15.11
608.814	14.2
609.004	14.06
609.194	15.08
609.384	15.3
609.574	15.13
609.764	15.11
609.954	15.27
610.144	15.17
610.334	15.08
610.524	15.61
610.713	15.64
610.903	15.58
611.093	15.88
611.283	15.29
611.473	14.79
611.662	15.44
611.852	15.07
612.042	15.04
612.231	15.39
612.421	15.66
612.611	15.15
612.8	15.67
612.99	15.5
613.18	14.78
613.369	15.71
613.559	15.45
613.748	15.39
613.938	15.62
614.128	15.64
614.317	15.57
614.507	15.13
614.696	15.23
614.886	15.04
615.075	16
615.264	15.93
615.454	15.89
615.643	15.62
615.833	14.79
616.022	15.15
616.211	16
616.401	15.84
616.59	16.03
616.779	15.8
616.969	15.87
617.158	15.82
617.347	16.39
617.537	16.77
617.726	16.05
617.915	15.6
618.104	15.78
618.293	16.14
618.483	14.94
618.672	16.47
618.861	16.01
619.05	16.76
619.239	16.15
619.428	16.56
619.617	16.46
619.806	16.17
619.995	16.07
620.184	15.95
620.373	15.72
620.562	15.73
620.751	15.73
620.94	16.07
621.129	16.68
621.318	15.79
621.507	16.08
621.696	16.45
621.885	16.06
622.074	16.23
622.263	16.53
622.452	16.61
622.64	16.42
622.829	16.4
623.018	17.02
623.207	16.35
623.396	15.87
623.584	16.71
623.773	16.62
623.962	16.18
624.15	16.82
624.339	16.73
624.528	16.8
624.716	16.39
624.905	17.03
625.094	16.34
625.282	16.1
625.471	16.21
625.659	17.12
625.848	16.54
626.037	17.32
626.225	16.66
626.414	16.93
626.602	17.68
626.791	17.25
626.979	16.62
627.167	16.88
627.356	17.34
627.544	17.43
627.733	17.15
627.921	17.73
628.109	17.49
628.298	17.16
628.486	16.61
628.674	17.46
628.863	17.09
629.051	17.24
629.239	17.25
629.428	16.93
629.616	16.97
629.804	16.9
629.992	17.32
630.18	16.71
630.369	17.6
630.557	17.91
630.745	16.67
630.933	17.48
631.121	17.06
631.309	17.07
631.497	17
631.685	16.53
631.873	17.42
632.061	17.05
632.249	17.6
632.437	18.31
632.625	18.15
632.813	17.14
633.001	18.46
633.189	17.86
633.377	17.91
633.565	17.38
633.753	16.82
633.941	17.5
634.129	17.87
634.316	17.41
634.504	18.45
634.692	17.97
634.88	17.83
635.068	18.24
635.255	17.62
635.443	18.67
635.631	17.28
635.818	19.16
636.006	17.77
636.194	18.6
636.382	18.8
636.569	17.77
636.757	18.47
636.944	18.63
637.132	18.06
637.32	19.25
637.507	18.27
637.695	17.98
637.882	18.18
638.07	19.96
638.257	18
638.445	18.14
638.632	18.34
638.82	18.52
639.007	18.65
639.194	18.47
639.382	17.75
639.569	18.02
639.757	18.97
639.944	18.32
640.131	19.1
640.319	18.11
640.506	18.82
640.693	18.55
640.88	19.09
641.068	18.82
641.255	19.52
641.442	17.59
641.629	18.64
641.817	18.64
642.004	19.12
642.191	20.16
642.378	19.02
642.565	19.26
642.752	20.4
642.939	18.61
643.126	18.31
643.313	19.58
643.501	18.49
643.688	19.72
643.875	19.57
644.062	19.66
644.249	18.56
644.435	18.41
644.622	18.34
644.809	19.78
644.996	17.24
645.183	18.71
645.37	19.74
645.557	19.22
645.744	18.23
645.931	17.78
646.117	19.01
646.304	18.25
646.491	19.31
646.678	19.47
646.865	18.84
647.051	19.54
647.238	19.2
647.425	17.53
647.611	18.22
647.798	18.57
647.985	19.29
648.171	19.2
648.358	18.02
648.545	19.93
648.731	19.08
648.918	19.65
649.104	18.79
649.291	18.91
649.477	19.01
649.664	20.18
649.85	19.02
650.037	20.26
650.223	18.48
650.41	18.97
650.596	19
650.783	18.43
650.969	19.98
651.155	19.38
651.342	18.44
651.528	19.18
651.714	19.23
651.901	20.39
652.087	19.39
652.273	18.71
652.46	19.81
652.646	20.34
652.832	19.06
653.018	18.89
653.204	19.45
653.391	19.01
653.577	19.21
653.763	19.67
653.949	19.84
654.135	20.03
654.321	18.71
654.507	19.96
654.693	19.08
654.879	19.28
655.065	18.48
655.252	18.56
655.438	20.12
655.624	21.56
655.809	18.05
655.995	18.46
656.181	21.36
656.367	18.9
656.553	19.57
656.739	19.81
656.925	20.78
657.111	19.77
657.297	19.44
657.482	19.79
657.668	19.96
657.854	19.43
658.04	20.51
658.226	19.26
658.411	18.85
658.597	19.51
658.783	21.08
658.968	19.37
659.154	18.57
659.34	20.41
659.525	18.6
659.711	18.94
659.897	19.49
660.082	19.56
660.268	19.8
660.453	20.77
660.639	19.1
660.824	18.76
661.01	20.9
661.195	20.36
661.381	19.05
661.566	19.95
661.752	19.23
661.937	19.59
662.123	17.45
662.308	20.37
662.494	19.72
662.679	20.43
662.864	19.43
663.05	18.3
663.235	19.09
663.42	18.63
663.605	19.46
663.791	18.98
663.976	19.06
664.161	20.16
664.346	18.73
664.532	18.61
664.717	16.7
664.902	17.95
665.087	21.74
665.272	19.07
665.457	19.39
665.642	17.44
665.828	19.29
666.013	17.99
666.198	16.79
666.383	19.36
666.568	16.72
666.753	20.56
666.938	15.75
667.123	20.06
667.308	18.33
667.493	18.59
667.677	18.61
667.862	18.88
668.047	18.63
668.232	19.25
668.417	18.76
668.602	16.71
668.787	19.72
668.971	16.11
669.156	19.84
669.341	17.74
669.526	18.72
669.711	19.18
669.895	19.28
670.08	17.38
670.265	19.26
670.449	18.72
670.634	18.43
670.819	17.39
671.003	19.16
671.188	19.88
671.372	18.16
671.557	18.89
671.742	19.48
671.926	18.21
672.111	16.98
672.295	15.74
672.48	18.14
672.664	16.55
672.849	15.62
673.033	20.18
673.217	16.12
673.402	17.96
673.586	16.58
673.771	18.63
673.955	17.67
674.139	18.25
674.324	17.44
674.508	18.24
674.692	16.84
674.876	19.02
675.061	18.25
675.245	22.37
675.429	18.68
675.613	19.06
675.798	19.62
675.982	20.35
676.166	19.74
676.35	19.49
676.534	19.28
676.718	18.96
676.902	19.2
677.087	17.62
677.271	18.88
677.455	19.9
677.639	15.2
677.823	18.58
678.007	20.39
678.191	20.02
678.375	17.9
678.559	20.81
678.742	18.37
678.926	18.68
679.11	20.47
679.294	19.89
679.478	17.97
679.662	18.94
679.846	19.26
680.029	19.97
680.213	19.95
680.397	19.88
680.581	19.66
680.765	19.7
680.948	21.98
681.132	19.7
681.316	18.66
681.499	20.8
681.683	20.19
681.867	20.51
682.05	24.64
682.234	16.44
682.417	20.87
682.601	21.83
682.785	20.79
682.968	21.26
683.152	22.85
683.335	18.4
683.519	21.91
683.702	21.58
683.886	23.52
684.069	22.21
684.253	19.71
684.436	24.66
684.619	21.19
684.803	22.86
684.986	22.75
685.169	21.46
685.353	23.37
685.536	22.98
685.719	22.56
685.903	20.6
686.086	21.23
686.269	23.39
686.452	21.85
686.636	24.89
686.819	24.57
687.002	25.06
687.185	22.72
687.368	23.19
687.551	20.26
687.734	23.45
687.918	26.86
688.101	26.18
688.284	25.17
688.467	29.36
688.65	27.14
688.833	27.54
689.016	26.42
689.199	24.26
689.382	28.58
689.565	24.49
689.748	24.89
689.93	27.46
690.113	25.43
690.296	29.18
690.479	22.88
690.662	21.99
690.845	22.43
691.028	24.44
691.21	27.56
691.393	27.7
691.576	26.48
691.759	22.37
691.941	26.65
692.124	28.4
692.307	30.2
692.489	22.91
692.672	31.8
692.855	31.06
693.037	26
693.22	27.33
693.403	22.63
693.585	31.54
693.768	30.78
693.95	31.48
694.133	29.12
694.315	27.62
694.498	29.33
694.68	23.8
694.863	31.97
695.045	27.05
695.228	30.81
695.41	28.27
695.592	32.73
695.775	30.42
695.957	33.32
696.139	31.12
696.322	28.83
696.504	27.04
696.686	25.24
696.869	24.17
697.051	31.88
697.233	32.58
697.415	28.6
697.597	23.71
697.78	27.84
697.962	29.58
698.144	34.77
698.326	29.18
698.508	28.65
698.69	28.15
698.872	27.62
699.055	34.84
699.237	29.93
699.419	28.09
699.601	26.3
699.783	36.83
699.965	30.79
700.147	28.62
700.329	29.82
700.51	30.99
700.692	31.51
700.874	24.66
701.056	27.92
701.238	26.53
701.42	34.8
701.602	29.74
701.783	24.56
701.965	26.41
702.147	32.88
702.329	33.95
702.511	28.52
702.692	31.11
702.874	31.23
703.056	34.44
703.237	29.16
703.419	32.48
703.601	35.98
703.782	33.36
703.964	29.11
704.146	32.84
704.327	33.51
704.509	24.01
704.69	22.83
704.872	39.83
705.053	33.32
705.235	37.88
705.416	30.73
705.598	30.04
705.779	27.75
705.961	22.72
706.142	31.74
706.323	29.71
706.505	27.71
706.686	29.8
706.867	23.64
707.049	31.89
707.23	28.71
707.411	24.89
707.593	37.44
707.774	30.55
707.955	30.05
708.136	25.92
708.318	31.01
708.499	25.73
708.68	29.36
708.861	35.58
709.042	31.58
709.223	31.28
709.404	28.53
709.585	24.13
709.767	33.08
709.948	25.58
710.129	34.68
710.31	24.82
710.491	22.93
710.672	28.01
710.853	19.1
711.034	39.39
711.214	24.24
711.395	30.47
711.576	32.42
711.757	25.39
711.938	24.43
712.119	27.04
712.3	30.56
712.481	20.25
712.661	35.64
712.842	20.85
713.023	28.47
713.204	21.85
713.384	27.23
713.565	27.89
713.746	27.02
713.926	30.52
714.107	25.37
714.288	31.34
714.468	27.11
714.649	37.68
714.83	26.15
715.01	42.25
715.191	20.52
715.371	21.07
715.552	37.68
715.732	36.72
715.913	33.31
716.093	29.74
716.274	35.88
716.454	33.16
716.635	31.99
716.815	38.53
716.995	29.8
717.176	32.22
717.356	32.05
717.536	33.24
717.717	26.32
717.897	24.86
718.077	22.12
718.258	31.05
718.438	29.52
718.618	36.32
718.798	27.53
718.978	25.09
719.159	28.45
719.339	34.63
719.519	41.49
719.699	30.9
719.879	32.95
720.059	25.65
720.239	37.61
720.419	35.66
720.599	26.72
720.779	40.86
720.959	25.09
721.139	29.12
721.319	21.24
721.499	34.61
721.679	14.84
721.859	33.56
722.039	21.28
722.219	37.51
722.399	22.4
722.579	8.48
722.759	20.01
722.938	26.39
723.118	38.93
723.298	23.58
723.478	29.92
723.658	30.18
723.837	46.49
724.017	14.51
724.197	17.71
724.376	24.86
724.556	22.71
724.736	34.46
724.915	24.89
725.095	32.67
725.275	27.51
725.454	47.23
725.634	45.25
725.813	17.11
725.993	43.33
726.172	37.76
726.352	25.37
726.531	26.9
726.711	32.15
726.89	24.87
727.07	34.33
727.249	35.78
727.428	44.74
727.608	10.93
727.787	37.22
727.966	44.76
728.146	31.3
728.325	26.88
728.504	31.53
728.684	25.14
728.863	43.18
729.042	24.94
729.221	-13.71
729.4	22.65
729.58	24.65
729.759	32.16
729.938	38
730.117	25.19
730.296	30.65
730.475	31.89
730.654	16.27
730.833	37.34
731.013	2.94
731.192	21.9
731.371	35.1
731.55	45.21
731.729	24.65
731.907	45.77
732.086	27.44
732.265	17.45
732.444	31.04
732.623	27.98
732.802	38.35
732.981	32.14
733.16	32.7
733.339	15.24
733.517	16.23
733.696	47.18
733.875	25.86
734.054	36.47
734.232	35.76
734.411	49.98
734.59	18.39
734.768	34.13
734.947	19.7
735.126	10.47
735.304	30.22
735.483	26.55
735.662	37.42
735.84	8.35
736.019	26.41
736.197	40.72
736.376	42.73
736.554	47.71
736.733	41.71
736.911	42.02
737.09	29.13
737.268	15.6
737.447	46.55
737.625	24.72
737.803	21.61
737.982	52.82
738.16	47.37
738.338	44.99
738.517	12.13
738.695	47.06
738.873	8.88
739.052	26.76
739.23	2.43
739.408	24.19
739.586	35.86
739.764	11.87
739.943	19.37
740.121	28.85
740.299	23.66
740.477	23.69
740.655	45.67
740.833	28.73
741.011	40.5
741.189	52.39
741.367	69.61
741.545	48.34
741.723	27.18
741.901	14.57
742.079	18.36
742.257	34.19
742.435	48.27
742.613	20.75
742.791	53.24
742.969	21.05
743.147	25.73
743.325	1.25
743.503	22.91
743.68	20.11
743.858	27.16
744.036	11.91
744.214	25.42
744.391	16.92
744.569	7.36
744.747	20.46
744.925	43.33
745.102	27.85
745.28	40.08
745.458	41.61
745.635	32.61
745.813	47.17
745.99	33.05
746.168	57.99
746.345	65.73
746.523	35.82
746.7	30.73
746.878	26.33
747.055	11.45
747.233	9.89
747.41	67.88
747.588	50.28
747.765	41.42
747.943	-0.94
748.12	-5.14
748.297	14.61
748.475	29.93
748.652	26.08
748.829	57.69
749.007	46.83
749.184	22.65
749.361	41.58
749.538	47.62
749.716	38.9
749.893	46.92
750.07	39.86
750.247	33.49
750.424	69.04
750.601	88.13
750.778	17.24
750.956	6.52
751.133	25.44
751.31	23.08
751.487	31.73
751.664	-0.24
751.841	-12.14
752.018	38.25
752.195	11.85
752.372	32.84
752.549	13.89
752.726	21.29
752.902	93.39
753.079	57.06
753.256	65.64
753.433	42.42
753.61	43.89
753.787	12.14
753.964	46.17
754.14	27.38
754.317	31.8
754.494	16.49
754.671	58.53
754.847	22.51
755.024	44.48
755.201	26.33
755.377	14.38
755.554	66.7
755.73	32.94
755.907	59.59
756.084	32.42
756.26	27.73
756.437	33.51
756.613	19.85
756.79	27.67
756.966	23.38
757.143	86.56
757.319	38.87
757.496	46.35
757.672	71.47
757.849	98.04
758.025	44.05
758.201	21.4
758.378	73.92
758.554	15.68
758.73	16.8
758.907	47.5
759.083	26.33
759.259	68.86
759.435	42.13
759.612	61.37
759.788	47.7
759.964	32.91
760.14	57.57
760.316	-6.5
760.493	31.05
760.669	48.33
760.845	18.19
761.021	10.25
761.197	-1.77
761.373	7.89
761.549	-2.72
761.725	35.61
761.901	27.3
762.077	29.05
762.253	18.85
762.429	61.47
762.605	39.63
762.781	5.33
762.957	22.51
763.133	54.21
763.308	45.87
763.484	9.89
763.66	134.94
763.836	32.42
764.012	-5.74
764.187	25.27
764.363	57.13
764.539	37.91
764.715	40.21
764.89	-12.57
765.066	-30.98
765.242	47.15
765.417	73.18
765.593	25.43
765.769	76.15
765.944	33.83
766.12	90.69
766.295	31.12
766.471	12.87
766.646	39.66
766.822	78.89
766.997	-11.53
767.173	66.7
767.348	-2.94
767.524	35.59
767.699	20.9
767.875	24.65
768.05	29.4
768.225	49.93
768.401	9.83
768.576	10.94
768.751	106.35
768.927	-56.21
769.102	49.13
769.277	52.13
769.452	28.59
769.628	19.12
769.803	154.62
769.978	127.52
770.153	1.89
770.328	48.66
770.503	36.56
770.679	153.31
770.854	-0.43
771.029	14.9
771.204	-447.02
771.379	47.99
771.554	-19.13
771.729	16.15
771.904	10.2
772.079	11.72
772.254	108.13
772.429	22.59
772.604	29.07
772.779	108.24
772.953	43.38
773.128	53.23
773.303	46.85
773.478	44.79
773.653	3.66
773.828	61.83
774.002	80.93
774.177	2.38
774.352	373.04
774.527	95.47
774.701	26.08
774.876	141.37
775.051	-59.36
775.225	82.24
775.4	85.85
775.575	33.55
775.749	-25.23
775.924	57.12
776.098	116.44
776.273	-13.69
776.447	8.28
776.622	9.99
776.796	-4.54
776.971	37.79
777.145	-16
777.32	27.33
777.494	82.33
777.669	29.21
777.843	10.75
778.017	28.59
778.192	8.38
778.366	72.82
778.54	-0.43
778.715	-25.31
778.889	106.45
779.063	52.6
779.237	51.81
779.412	69.76
779.586	11.17
779.76	-76.38
779.934	32.28
780.108	29.49
780.282	13.43
780.457	74.78
780.631	-91.84
780.805	53.42
780.979	174.63
781.153	88.24
781.327	15.14
781.501	93.34
781.675	132.07
781.849	17.13
782.023	-44.17
782.197	49.93
782.371	-180
782.545	27.61
782.718	147.35
782.892	87.48
783.066	28.59
783.24	197.98
783.414	-10.44
783.588	186.65
783.761	41.92
783.935	70.39
784.109	94.29
784.283	39.13
784.456	-24.17
784.63	8.71
784.804	8.26
784.977	50.46
785.151	55.51
785.324	2.17
785.498	63.86
785.672	50.91
785.845	161.83
786.019	83.89
786.192	5.96
786.366	47.54
786.539	145.42
786.713	-33.51
786.886	71.32
787.06	53.47
787.233	62.19
787.406	11.49
787.58	-21.61
787.753	62.89
787.926	27.88
788.1	160.12
788.273	-877.36
788.446	74.17
788.62	-358.06
788.793	-3.01
788.966	22.89
789.139	-7.61
789.313	28.61
789.486	2014.29
789.659	162.86
789.832	25.46
790.005	59.01
790.178	13.27
790.351	12.61
790.524	-1.02
790.697	52.49
790.87	-132.49
791.044	38.18
791.216	49.93
791.389	120.32
791.562	53
791.735	-474.68
791.908	-89.61
792.081	127.05
792.254	-214.29
792.427	-52.42
792.6	-109.33
792.773	69.42
792.945	-219.4
793.118	79.65
793.291	-135.16
793.464	310.21
793.637	204.29
793.809	39.33
793.982	30.3
794.155	63.68
794.327	7.95
794.5	-309.23
794.673	81.38
794.845	136.58
795.018	-4.57
795.19	-266.29
795.363	103.46
795.536	103.1
795.708	-629.03
795.881	-180
796.053	70.11
796.226	210.86
796.398	25.45
796.57	71.92
796.743	23.62
796.915	19.34
797.088	86.23
797.26	-248.03
797.432	-277.22
797.605	36.9
797.777	-868.83
797.949	63.71
798.122	94.24
798.294	321.52
798.466	-49.71
798.638	-27.27
798.81	110.7
798.983	482.28
799.155	52.49
799.327	-26.75
799.499	100.26
799.671	223.67
799.843	8.81
800.015	215.95
800.187	98.04
800.359	60.53
800.531	57.88
800.703	77.03
800.875	44.34
801.047	4.31
801.219	82.94
801.391	-42.86
801.563	110.07
801.735	10.75
801.907	219.02
802.079	118.3
802.251	260.44
802.422	328.35
802.594	-525.97
802.766	4.54
802.938	79.37
803.11	104.08
803.281	220.53
803.453	48.54
803.625	27.43
803.796	-14.75
803.968	38.29
804.14	130.74
804.311	65.61
804.483	222.71
804.654	94.71
804.826	104.39
804.998	389.84
805.169	-79.92
805.341	309.6
805.512	-177.02
805.684	53.59
805.855	33.58
806.026	521.54
806.198	204.29
806.369	102.62
806.541	24.76
806.712	87.48
806.883	116.89
807.055	73.46
807.226	-338.15
807.397	-82.42
807.569	-156.64
807.74	54.2
807.911	-180
808.082	-60.54
808.253	-472.28
808.425	85.93
808.596	-252.81
808.767	230.94
808.938	-81.64
809.109	-103.96
809.28	-172.04
809.451	9.16
809.622	113.9
809.793	-1983.87
809.964	-33.91
810.135	-17.29
810.306	15.61
810.477	372.48
810.648	24.11
810.819	107.27
810.99	-9780
811.161	-74.72
811.332	241.62
811.503	-0.5
811.674	632.31
811.844	-198.46
812.015	53.03
812.186	395.71
812.357	-34.76
812.527	44.68
812.698	79.03
812.869	28.3
813.04	97.72
813.21	506.9
813.381	-157.59
813.551	19.44
813.722	98.35
813.893	72.32
814.063	64.76
814.234	-878.18
814.404	97.84
814.575	153.56
814.745	-464.6
814.916	73.03
815.086	102.95
815.257	181.61
815.427	115.95
815.598	-6.65
815.768	151.44
815.938	67.68
816.109	236.84
816.279	114.15
816.449	75.23
816.62	1563.16
816.79	141.56
816.96	-288.68
817.13	-22.07
817.301	-162.94
817.471	-80.83
817.641	-237.42
817.811	10.95
817.981	-2957.14
818.152	89.57
818.322	-32.67
818.492	44.61
818.662	92.23
818.832	46.02
819.002	61.72
819.172	206.05
819.342	-143.93
819.512	-29.37
819.682	106.02
819.852	9.39
820.022	156.32
820.192	-387.64
820.362	55.21
820.531	124.1
820.701	198.54
820.871	15.25
821.041	61.09
821.211	44.34
821.381	21.7
821.55	208.09
821.72	-927.91
821.89	207.69
822.059	146.6
822.229	63.66
822.399	-39.01
822.568	247.34
822.738	95.12
822.908	476.69
823.077	25.46
823.247	67.26
823.416	370.59
823.586	184.49
823.756	-98.87
823.925	178.48
824.095	244.19
824.264	-270.4
824.433	119.47
824.603	146.27
824.772	195.37
824.942	-413.92
825.111	10.55
825.28	143.48
825.45	-221.74
825.619	113.66
825.788	-225.84
825.958	-7.46
826.127	47.96
826.296	163.19
826.465	116.47
826.635	89.73
826.804	126.7
826.973	145.02
827.142	34.47
827.311	-94.63
827.48	6.95
827.649	284.95
827.818	44.88
827.988	-247.2
828.157	142.01
828.326	45.36
828.495	-22.95
828.664	89.88
828.833	87.99
829.002	-42.86
829.17	-54.36
829.339	167.34
829.508	139.68
829.677	340.45
829.846	84.29
830.015	-27.89
830.184	-3.16
830.352	34.2
830.521	-53.96
830.69	-548.78
830.859	935.29
831.027	-1026.32
831.196	-65.8
831.365	70.93
831.533	79.05
831.702	-69.23
831.871	-38.31
832.039	202.04
832.208	-294.78
832.377	-96.85
832.545	13.11
832.714	78.25
832.882	55.8
833.051	99.61
833.219	985.71
833.388	-74.72
833.556	-28.86
833.724	151.59
833.893	69.14
834.061	-205.26
834.23	27.46
834.398	392.66
834.566	455.84
834.735	7328.57
834.903	345.28
835.071	-4740
835.239	-89.51
835.408	121.51
835.576	551.16
835.744	122.69
835.912	82.74
836.08	101.56
836.249	-288.68
836.417	466.84
836.585	158.61
836.753	41.69
836.921	-121.62
837.089	1842.86
837.257	-313.95
837.425	44.68
837.593	-62.09
837.761	-96.25
837.929	69.38
838.097	111.3
838.265	91.77
838.433	-50.16
838.601	124.93
838.769	-64.56
838.936	97.75
839.104	169.21
839.272	118.63
839.44	53.65
839.608	-753.66
839.775	65.97
839.943	40.32
840.111	100.37
840.279	-19.7
840.446	-488.06
840.614	-42.86
840.781	143.48
840.949	24.07
841.117	28.51
841.284	-75.97
841.452	-355.9
841.619	15.44
841.787	109.59
841.954	662.79
842.122	43.35
842.289	-6.69
842.457	21.25
842.624	231.66
842.792	-137.96
842.959	53.14
843.126	29.58
843.294	-104.86
843.461	46.22
843.629	-141.6
843.796	20.09
843.963	-96.89
844.13	144.51
844.298	123.94
844.465	48.1
844.632	203.11
844.799	125.13
844.966	162.13
845.134	91.62
845.301	6.6
845.468	85.43
845.635	96.47
845.802	269.36
845.969	-9.97
846.136	93.19
846.303	236.84
846.47	76.3
846.637	-715.38
846.804	-205.26
846.971	40.33
847.138	72.97
847.305	-114.16
847.472	-64.74
847.639	181.97
847.805	74.01
847.972	-307.79
848.139	217.6
848.306	2194.74
848.473	120.9
848.639	21.68
848.806	40.8
848.973	123.33
849.14	114.51
849.306	-22.87
849.473	45.7
849.64	-124.62
849.806	41.63
849.973	196.22
850.139	125.17
850.306	80.43
850.472	291.14
850.639	122.95
850.806	1121.05
850.972	320.87
851.139	4242.86
851.305	45.54
851.471	-28.83
851.638	138.04
851.804	532.84
851.971	-109.76
852.137	23.61
852.303	182.55
852.47	52.77
852.636	-182.3
852.802	111.02
852.968	136.6
853.135	214.72
853.301	112.72
853.467	181.97
853.633	66.01
853.8	58.83
853.966	-370.05
854.132	5614.29
854.298	-120.44
854.464	461.8
854.63	116.47
854.796	149.49
854.962	369.06
855.128	54.05
855.294	-85.98
855.46	-44.87
855.626	85.61
855.792	-19.69
855.958	451.46
856.124	42.33
856.29	117.22
856.456	127.67
856.622	141.7
856.787	66.23
856.953	25.87
857.119	-258.42
857.285	83.89
857.45	28.62
857.616	62.47
857.782	45.27
857.948	85.58
858.113	1.02
858.279	111.17
858.445	375.59
858.61	-6.98
858.776	202.83
858.941	109.9
859.107	-3.85
859.273	110.82
859.438	-9.96
859.604	1436.84
859.769	262.2
859.935	-210.89
860.1	-12.4
860.265	24.87
860.431	-123.02
860.596	2871.43
860.762	254.52
860.927	96.03
861.092	134.91
861.258	-50.14
861.423	225.87
861.588	49.88
861.753	1842.86
861.919	-492.45
862.084	73.23
862.249	190.17
862.414	13.31
862.579	50.25
862.745	50.1
862.91	211.44
863.075	100.65
863.24	-1.77
863.405	300
863.57	128.01
863.735	55.62
863.9	-315.93
864.065	-10.46
864.23	122.69
864.395	201.78
864.56	-11.78
864.725	467.09
864.89	70.79
865.055	126.02
865.22	70.65
865.384	-387.64
865.549	-445.63
865.714	16.16
865.879	-34.43
866.044	-69.84
866.208	-21.59
866.373	154.95
866.538	122.95
866.702	-128.85
866.867	59.58
867.032	178.59
867.196	78.09
867.361	-45.6
867.526	-45.06
867.69	-41.92
867.855	352.75
868.019	38.18
868.184	-30.28
868.348	13.31
868.513	-512.9
868.677	66.54
868.842	-30.74
869.006	45.04
869.17	-1149.06
869.335	65.85
869.499	-37.86
869.663	514.57
869.828	-88.66
869.992	-118.6
870.156	19.34
870.321	-58.94
870.485	-35.25
870.649	-7.12
870.813	34.32
870.978	111.06
871.142	-235.38
871.306	-172.04
871.47	221.17
871.634	129.92
871.798	24.22
871.962	160.59
872.126	5100
872.29	0.73
872.454	5614.29
872.618	-4.31
872.782	353.73
872.946	356.38
873.11	209.55
873.274	-102.31
873.438	-758.82
873.602	43.54
873.766	-354.55
873.93	-25.48
874.094	-104.49
874.257	64.46
874.421	-39.88
874.585	-572.73
874.749	27.35
874.912	282.73
875.076	11.17
875.24	-140.66
875.403	82.94
875.567	197.14
875.731	-414.61
875.894	50.2
876.058	-84.69
876.222	-104.49
876.385	-128.14
876.549	-49.13
876.712	-114.55
876.876	-166.4
877.039	-1.16
877.203	94.85
877.366	-3.5
877.529	-34.98
877.693	35.47
877.856	244.11
878.02	51.13
878.183	130.72
878.346	-292.21
878.51	130.09
878.673	282.73
878.836	57.73
878.999	-551.61
879.163	117.33
879.326	23.79
879.489	74.39
879.652	58.61
879.815	49.2
879.978	-106.53
880.142	98.66
880.305	106.21
880.468	62.89
880.631	-34.22
880.794	0.65
880.957	1236.59
881.12	-1605.88
881.283	106.28
881.446	91.59
881.609	429.5
881.772	143.65
881.935	-1535.29
882.097	91.3
882.26	-62.26
882.423	-7.54
882.586	127.31
882.749	209.04
882.912	145.4
883.074	-51.95
883.237	78.74
883.4	105.84
883.562	62.48
883.725	-266.4
883.888	422.83
884.05	-11700
884.213	-18.61
884.376	19.34
884.538	96.23
884.701	96.23
884.863	96.23
