181.954	-7.69
182.172	-7.69
182.39	-7.69
182.608	1100
182.826	31.87
183.043	-23.4
183.261	40.6
183.479	202.64
183.697	3711.76
183.914	79.76
184.132	355.61
184.35	190.58
184.567	173.8
184.785	27.43
185.003	75.84
185.22	-7.3
185.438	70.44
185.656	-112.06
185.873	-192.31
186.091	22.96
186.309	-100
186.526	84.62
186.744	-34.1
186.961	17.54
187.179	42.18
187.396	60.61
187.614	-598.46
187.831	380
188.049	194.48
188.266	134.39
188.484	-655.22
188.701	366.02
188.919	118.72
189.136	61.6
189.354	-16.6
189.571	-173.93
189.789	72.95
190.006	49.27
190.223	-177.84
190.441	57.05
190.658	-10900
190.876	62.82
191.093	-152.75
191.31	-34.55
191.528	63
191.745	27.45
191.962	122.39
192.179	-68.52
192.397	-109.72
192.614	-29.96
192.831	-23.46
193.049	54.04
193.266	-134.95
193.483	38.26
193.7	-7.69
193.917	147.9
194.135	279.86
194.352	177.99
194.569	55.4
194.786	182.51
195.003	3.98
195.221	82.71
195.438	-125.44
195.655	177.39
195.872	213.22
196.089	147.99
196.306	132.42
196.523	61.76
196.74	321.22
196.957	-11.62
197.174	-130.46
197.391	158.32
197.608	49.13
197.825	-680.65
198.042	-1.11
198.259	-927.59
198.476	148.02
198.693	-580
198.91	106.01
199.127	276.12
199.344	-2.83
199.561	128.9
199.778	75.64
199.995	25.37
200.212	2010.34
200.429	87.68
200.646	-236.71
200.862	196.63
201.079	41.84
201.296	233.77
201.513	-449.51
201.73	-73.43
201.947	42.93
202.163	87.58
202.38	94.22
202.597	413.37
202.814	209.15
203.03	-2980
203.247	-9.55
203.464	-118.36
203.681	-6.49
203.897	226.12
204.114	-190.57
204.331	140
204.547	-44.19
204.764	108.41
204.981	-947.06
205.197	226.81
205.414	-74.33
205.63	-389.66
205.847	62.81
206.064	445.45
206.28	11.17
206.497	-76.18
206.713	34.67
206.93	-11.5
207.146	92.38
207.363	-210.77
207.579	110.99
207.796	176.11
208.012	-96.71
208.229	-279.1
208.445	-8.45
208.662	-47.56
208.878	102.16
209.095	-1158.82
209.311	44.66
209.528	4528.57
209.744	15.83
209.96	-68.21
210.177	214.56
210.393	93.12
210.609	4460
210.826	84.05
211.042	599.13
211.258	347.76
211.475	34.76
211.691	40.84
211.907	598.73
212.124	17.07
212.34	338.86
212.556	46.14
212.772	176.92
212.989	-36.42
213.205	236.53
213.421	-226.63
213.637	-350.75
213.853	72.76
214.069	721.05
214.286	120.41
214.502	-100
214.718	-111.29
214.934	-38.81
215.15	-29.18
215.366	44.99
215.582	44.17
215.798	113.12
216.015	164.67
216.231	42.7
216.447	120.78
216.663	10.17
216.879	183.42
217.095	318.79
217.311	-733.96
217.527	84.41
217.743	-76.7
217.959	-688.68
218.175	88.15
218.391	314.39
218.606	-230.29
218.822	400.87
219.038	-67.91
219.254	195.58
219.47	102.48
219.686	722.47
219.902	109.02
220.118	84.62
220.334	53.67
220.549	103.12
220.765	59.81
220.981	-12.11
221.197	24.69
221.413	-139.56
221.628	431.65
221.844	375.47
222.06	98.06
222.276	-34.13
222.491	51.31
222.707	136.07
222.923	-269.13
223.139	52.62
223.354	-67.25
223.57	429.13
223.786	28.53
224.001	-164.86
224.217	158.89
224.432	-86.13
224.648	198.06
224.864	-76.87
225.079	-82.09
225.295	-34.49
225.51	308.65
225.726	44.08
225.942	106.9
226.157	63.39
226.373	-13.19
226.588	26.32
226.804	-1363.16
227.019	38.69
227.235	6.08
227.45	103.03
227.665	4460
227.881	32.28
228.096	-131.3
228.312	34
228.527	24.01
228.743	222.29
228.958	-30.03
229.173	-402.61
229.389	54.57
229.604	-1.2
229.819	-37.87
230.035	-70.32
230.25	1.46
230.465	88.94
230.681	-135.18
230.896	-106.73
231.111	82.34
231.327	65.4
231.542	-3460
231.757	149.81
231.972	14.49
232.187	17.45
232.403	-2878.95
232.618	50.51
232.833	31.03
233.048	-230.91
233.263	17.02
233.478	150.43
233.694	95.35
233.909	-564.52
234.124	148.14
234.339	64.38
234.554	893.1
234.769	29.18
234.984	152.91
235.199	58.97
235.414	-15.04
235.629	-434.18
235.844	-22.72
236.059	77.07
236.274	150.15
236.489	-28.53
236.704	33.06
236.919	106.41
237.134	106.48
237.349	118.18
237.564	84.11
237.779	-74.67
237.994	216.6
238.209	93.98
238.424	-77.91
238.639	54.9
238.853	42.9
239.068	157.4
239.283	-5.74
239.498	330.61
239.713	94.38
239.928	41.87
240.142	14.83
240.357	92.92
240.572	102.82
240.787	161.58
241.001	129.79
241.216	5.35
241.431	45.2
241.646	79.91
241.86	-83.86
242.075	-1160.47
242.29	11.63
242.504	6.54
242.719	600.62
242.934	22.83
243.148	-31.66
243.363	33.94
243.577	196.63
243.792	142.91
244.007	22.75
244.221	-37.66
244.436	329.85
244.65	-158.9
244.865	320.85
245.079	169.06
245.294	-324.46
245.508	76.39
245.723	89.3
245.937	18.68
246.152	28.13
246.366	136.71
246.581	-39.89
246.795	-232.52
247.01	-5.01
247.224	2.23
247.438	-38.17
247.653	9.72
247.867	126.48
248.081	40.45
248.296	280.49
248.51	28.53
248.724	2.34
248.939	-673.13
249.153	154.69
249.367	41.52
249.582	122.34
249.796	-162.34
250.01	-131.79
250.224	97.74
250.439	102.82
250.653	71.43
250.867	-9.43
251.081	87.68
251.295	-16.02
251.51	-161.28
251.724	-39.57
251.938	109.67
252.152	162.77
252.366	54
252.58	423.64
252.794	38.02
253.008	58.94
253.223	-36.14
253.437	91.85
253.651	27.12
253.865	58.32
254.079	17.02
254.293	97.19
254.507	118.18
254.721	4.22
254.935	-205.49
255.149	97.89
255.363	103.13
255.577	189.93
255.791	26.1
256.005	223.93
256.218	25.94
256.432	47.31
256.646	31.73
256.86	102.82
257.074	109.19
257.288	2060
257.502	176.92
257.716	2.86
257.929	-49.24
258.143	48.59
258.357	14.49
258.571	19.56
258.785	7.2
258.998	69.26
259.212	116.05
259.426	-56.95
259.64	74.96
259.853	-122.57
260.067	96.72
260.281	92.9
260.494	111.08
260.708	-88.12
260.922	-21.15
261.135	99.72
261.349	-112.1
261.563	61.93
261.776	182.35
261.99	-43.26
262.203	50.21
262.417	65.37
262.63	26.1
262.844	75.28
263.058	168.47
263.271	39.05
263.485	71.87
263.698	56.59
263.912	2.13
264.125	-34.32
264.339	3.94
264.552	171.9
264.765	-141.74
264.979	80.56
265.192	158.31
265.406	21.81
265.619	-21.31
265.832	24.58
266.046	50.28
266.259	87.12
266.473	-912.9
266.686	136.71
266.899	94.08
267.113	5420
267.326	-15.19
267.539	-20.92
267.752	10.51
267.966	78.62
268.179	99.26
268.392	135.38
268.605	-430.71
268.819	89.7
269.032	-48.82
269.245	546.15
269.458	218.82
269.671	-54.43
269.885	17.07
270.098	2.3
270.311	112.66
270.524	37.4
270.737	-57.03
270.95	-68.21
271.163	117.32
271.376	596.77
271.589	-175.95
271.802	42.4
272.016	-57
272.229	80.67
272.442	74.9
272.655	-37.8
272.868	-87.04
273.081	-167.42
273.294	46.68
273.506	218.02
273.719	-52.66
273.932	-13.01
274.145	-580
274.358	96.31
274.571	31.09
274.784	-439.62
274.997	40.62
275.21	-6.21
275.423	44.55
275.635	117.09
275.848	101.53
276.061	360.93
276.274	62.66
276.487	77.39
276.699	-19.6
276.912	-14.07
277.125	165.53
277.338	49.21
277.55	39.98
277.763	59.04
277.976	94.79
278.189	770.33
278.401	-26.72
278.614	351.2
278.827	54.99
279.039	173.8
279.252	-38.37
279.464	-84.65
279.677	68.66
279.89	-3.88
280.102	141.21
280.315	-1065.85
280.527	-163.16
280.74	-1879.31
280.952	53.25
281.165	26.77
281.377	117.97
281.59	129.47
281.802	-166.47
282.015	38.8
282.227	45.6
282.44	547.48
282.652	-207.87
282.865	13.74
283.077	76.39
283.29	89.85
283.502	68.28
283.714	99.05
283.927	33.69
284.139	106.01
284.351	47.31
284.564	252.94
284.776	5.38
284.988	-15.19
285.201	61.19
285.413	50.95
285.625	-151.89
285.838	61.22
286.05	95.87
286.262	-38.01
286.474	88.52
286.686	112.72
286.899	2.24
287.111	137.98
287.323	37.85
287.535	185.15
287.747	181.61
287.959	-6.31
288.172	-907.27
288.384	57.25
288.596	-18
288.808	1190.57
289.02	58.49
289.232	63.77
289.444	42.02
289.656	-107.82
289.868	50.32
290.08	-70.55
290.292	-110.21
290.504	-13.28
290.716	87.16
290.928	27.25
291.14	402.33
291.352	-24.12
291.564	252.94
291.776	175.98
291.988	-4.29
292.2	64.93
292.412	146.49
292.624	104.59
292.835	562.69
293.047	-11.63
293.259	-9.72
293.471	-23.98
293.683	865.85
293.895	-1.23
294.106	-37.85
294.318	36.41
294.53	91.39
294.742	272.41
294.953	15.13
295.165	41.09
295.377	27.85
295.589	84.94
295.8	-8.83
296.012	62.11
296.224	-36.19
296.435	92.38
296.647	32.84
296.858	176.26
297.07	416.92
297.282	-15.11
297.493	47.84
297.705	-58.86
297.916	-1
298.128	60.22
298.34	53.68
298.551	2.98
298.763	29.59
298.974	33.12
299.186	101.72
299.397	-68.51
299.609	-138.71
299.82	182.35
300.031	13.78
300.243	3184.21
300.454	32.52
300.666	60.08
300.877	383.41
301.089	-176.6
301.3	108.85
301.511	60.1
301.723	-62.75
301.934	168.66
302.145	95.77
302.357	117.56
302.568	63.2
302.779	43.05
302.99	88.34
303.202	-6.87
303.413	66.73
303.624	-112.2
303.835	-892.45
304.047	-124.29
304.258	29.01
304.469	22.19
304.68	53.24
304.891	25.06
305.103	29.73
305.314	87.55
305.525	6242.86
305.736	22.83
305.947	41.91
306.158	3147.06
306.369	44.94
306.58	95.8
306.791	140
307.002	-48.29
307.213	-95.3
307.424	-138.16
307.636	138.69
307.846	12.85
308.057	366.02
308.268	48.34
308.479	52.77
308.69	55.16
308.901	87.77
309.112	-295.35
309.323	22.39
309.534	-25.87
309.745	28.51
309.956	-66.01
310.167	-51.6
310.377	-90.75
310.588	-58.31
310.799	118.62
311.01	-83.6
311.221	32.98
311.432	97.24
311.642	-41.89
311.853	67.81
312.064	562.07
312.275	56.13
312.485	90.84
312.696	48.47
312.907	62.81
313.117	79.1
313.328	19.7
313.539	78.01
313.749	22.08
313.96	-495.6
314.171	88.07
314.381	95.88
314.592	41.18
314.802	5.46
315.013	-37.87
315.224	54.05
315.434	-1426.32
315.645	-820
315.855	24.25
316.066	655.06
316.276	141.7
316.487	982.93
316.697	83
316.908	43.55
317.118	-23.87
317.329	44.87
317.539	47.35
317.749	116.31
317.96	-1049.25
318.17	-45.57
318.381	176.92
318.591	-891.21
318.801	38.93
319.012	78.09
319.222	249.51
319.432	-16.63
319.643	67.93
319.853	18.39
320.063	62.44
320.273	-6.69
320.484	453.85
320.694	306.53
320.904	-43.05
321.114	-329.21
321.325	686.21
321.535	53.55
321.745	-40.34
321.955	66.71
322.165	-63.75
322.375	45.65
322.585	120.86
322.796	437.93
323.006	79.15
323.216	181.61
323.426	176.92
323.636	-25.36
323.846	1555.17
324.056	70.84
324.266	32.11
324.476	82.34
324.686	49.19
324.896	29.91
325.106	1756.6
325.316	36.93
325.526	-731.58
325.736	87.55
325.946	18.41
326.156	944.16
326.366	-402.61
326.576	0.89
326.785	183.42
326.995	107.37
327.205	177.39
327.415	123.73
327.625	285.4
327.835	-94.18
328.044	129.15
328.254	254.78
328.464	31.45
328.674	184.7
328.884	-56.83
329.093	105.35
329.303	82.29
329.513	123.6
329.722	-478.95
329.932	69.59
330.142	86.17
330.351	83.19
330.561	1514.55
330.771	-69
330.98	24.25
331.19	-820
331.4	-210.25
331.609	68.15
331.819	982.93
332.028	270.29
332.238	140
332.447	-44.69
332.657	123.78
332.866	243.97
333.076	34.02
333.285	107.17
333.495	480.65
333.704	-137.67
333.914	31.47
334.123	64.53
334.333	416.92
334.542	4.63
334.752	933.85
334.961	-711.32
335.17	-262.81
335.38	-122.89
335.589	79.94
335.798	148.87
336.008	229.67
336.217	-8.09
336.426	37.14
336.636	155.32
336.845	45.35
337.054	367.53
337.263	20.59
337.473	67.32
337.682	-119.54
337.891	63.92
338.1	288.49
338.309	203.2
338.519	66.74
338.728	15.41
338.937	-241.73
339.146	141.73
339.355	284.91
339.564	-921.05
339.773	-118.09
339.983	-89.8
340.192	-162.61
340.401	253.13
340.61	54.41
340.819	28.77
341.028	-25.25
341.237	3641.18
341.446	-12.52
341.655	102.48
341.864	8.06
342.073	44.53
342.282	-114.46
342.491	42.6
342.699	179.61
342.908	118.18
343.117	-33.51
343.326	157.49
343.535	30.91
343.744	-108.43
343.953	2.86
344.162	34.73
344.37	16.86
344.579	-494.03
344.788	160.87
344.997	-46.35
345.206	138.44
345.414	41.31
345.623	276.38
345.832	54.57
346.041	-2.54
346.249	6.89
346.458	39.73
346.667	10.95
346.875	17.57
347.084	26.32
347.293	185.1
347.501	-185.31
347.71	-15.43
347.918	-42.44
348.127	-126.37
348.336	-131.79
348.544	121.77
348.753	437.31
348.961	33.09
349.17	34.36
349.378	100.51
349.587	-70.22
349.795	540.78
350.004	786.15
350.212	54.31
350.421	-121.24
350.629	164.65
350.838	54.13
351.046	190.27
351.254	-38.05
351.463	46.56
351.671	-1742.11
351.879	1.2
352.088	17.25
352.296	303.54
352.504	85.52
352.713	-124.29
352.921	-62.2
353.129	-63.04
353.338	32.94
353.546	107.74
353.754	187.12
353.962	-42.44
354.171	123.77
354.379	-2373.68
354.587	-37.14
354.795	-37.46
355.003	-6.81
355.212	200.91
355.42	715.09
355.628	168.92
355.836	38.31
356.044	46.85
356.252	57.86
356.46	-32.81
356.668	601.54
356.876	79.29
357.084	101.53
357.292	92.08
357.5	3.04
357.708	27.62
357.916	-50.95
358.124	116.91
358.332	473.13
358.54	-776.36
358.748	24.68
358.956	-4.1
359.164	14.16
359.372	70.84
359.58	-108.63
359.788	73.59
359.996	-20.2
360.203	15.54
360.411	54.11
360.619	-87.94
360.827	25.94
361.035	-11.66
361.242	40.76
361.45	-570.89
361.658	13.74
361.866	-8.04
362.073	222.26
362.281	55.94
362.489	11.48
362.697	64.01
362.904	103.02
363.112	114.83
363.32	36.73
363.527	-214.78
363.735	52.9
363.943	79.92
364.15	222.26
364.358	25.05
364.565	45.14
364.773	-15.83
364.98	-155.12
365.188	39.96
365.395	191.81
365.603	9.83
365.81	-25.91
366.018	72.54
366.225	54.53
366.433	-7.69
366.64	99.72
366.848	16.43
367.055	-58.62
367.263	73.45
367.47	73.95
367.677	203.8
367.885	64.97
368.092	31.22
368.299	-35.77
368.507	110.92
368.714	335.4
368.921	306.3
369.129	47.69
369.336	-22.03
369.543	-66.31
369.751	-68.04
369.958	-62.33
370.165	32.22
370.372	49
370.579	-60.1
370.787	33.67
370.994	171.48
371.201	70.03
371.408	81.26
371.615	67.96
371.822	-37.13
372.029	-59.32
372.237	-244
372.444	146.49
372.651	-5.01
372.858	128.74
373.065	57.93
373.272	16.62
373.479	-265.52
373.686	2.37
373.893	156.31
374.1	49.28
374.307	-462.59
374.514	16.6
374.721	2.1
374.928	118.18
375.135	-25.9
375.341	1580
375.548	46.26
375.755	-33.53
375.962	36.53
376.169	20.84
376.376	-17.41
376.583	17.07
376.789	71.17
376.996	109
377.203	27.45
377.41	-35.46
377.617	-26.15
377.823	-80.75
378.03	325.81
378.237	156.26
378.443	-168.57
378.65	-9.43
378.857	-2.58
379.063	203.8
379.27	-152.17
379.477	115.8
379.683	-132.7
379.89	34.89
380.097	-50.68
380.303	22.28
380.51	6.26
380.716	20.88
380.923	-62.2
381.129	64.36
381.336	334.65
381.542	58.04
381.749	-12.52
381.955	46.69
382.162	37.07
382.368	8.86
382.575	-9.63
382.781	-17.24
382.988	-93.12
383.194	-71.46
383.4	12.24
383.607	88.9
383.813	81.55
384.02	42.89
384.226	-24.76
384.432	-40.77
384.639	43.78
384.845	-267.09
385.051	91.79
385.257	42.68
385.464	56.18
385.67	127.61
385.876	14.04
386.082	-43.05
386.289	81.35
386.495	44.35
386.701	-111.73
386.907	50.38
387.113	17.54
387.319	17.19
387.526	60.26
387.732	183.46
387.938	245.6
388.144	98.26
388.35	29.36
388.556	55.52
388.762	27.51
388.968	234.88
389.174	36.67
389.38	68.47
389.586	39.97
389.792	61.22
389.998	14.04
390.204	-82.51
390.41	53.61
390.616	108.6
390.822	36.82
391.028	20.37
391.234	19.44
391.439	-344.66
391.645	19.5
391.851	33.95
392.057	19.31
392.263	50.75
392.469	-10.05
392.674	-38.18
392.88	51.48
393.086	-39.64
393.292	-31.99
393.498	-8.45
393.703	22.29
393.909	29.16
394.115	-6.12
394.32	-17.4
394.526	-8.37
394.732	44.6
394.937	109.05
395.143	89.47
395.349	-37.8
395.554	-3.52
395.76	39.24
395.965	-21.9
396.171	28.08
396.377	-22.5
396.582	50.77
396.788	11.44
396.993	32.69
397.199	7.01
397.404	16.66
397.61	36.67
397.815	-43.58
398.021	-67.52
398.226	25.03
398.431	14.86
398.637	43.8
398.842	37.66
399.048	20.08
399.253	36.04
399.458	17.93
399.664	15.47
399.869	17.36
400.074	26.35
400.28	19.94
400.485	-14.47
400.69	28.55
400.896	-21.17
401.101	15.97
401.306	-25.89
401.511	6.51
401.716	-2.35
401.922	15.72
402.127	8.93
402.332	-12.51
402.537	19.25
402.742	-0.73
402.947	30.53
403.153	-12.74
403.358	11.18
403.563	19.25
403.768	9.68
403.973	15.27
404.178	18.54
404.383	17.84
404.588	3.61
404.793	27.77
404.998	24.34
405.203	-2.6
405.408	27.19
405.613	21.17
405.818	20.1
406.023	4.85
406.228	3.89
406.433	-1.15
406.638	-8.63
406.842	17.98
407.047	6.83
407.252	5.41
407.457	18.83
407.662	5.15
407.867	8.03
408.071	7.12
408.276	2.28
408.481	9.57
408.686	4.58
408.891	6.95
409.095	5.09
409.3	7.27
409.505	14.51
409.709	2.42
409.914	8.25
410.119	4.13
410.323	-3.26
410.528	-3.43
410.733	7.6
410.937	3.33
411.142	-0.9
411.346	8.43
411.551	2.77
411.756	9.57
411.96	6.43
412.165	-0.19
412.369	4.6
412.574	1.36
412.778	4.37
412.983	5.01
413.187	4.07
413.392	2.93
413.596	5.76
413.8	6.81
414.005	6.52
414.209	3
414.414	2.23
414.618	2.78
414.822	5.06
415.027	4.5
415.231	3.29
415.435	3.62
415.64	3.82
415.844	2.27
416.048	3.65
416.252	4.67
416.457	4.74
416.661	3.94
416.865	1.33
417.069	1.62
417.274	2.2
417.478	2.82
417.682	3.89
417.886	0.66
418.09	3.48
418.294	2.77
418.498	3.2
418.702	3.59
418.907	3.09
419.111	0.88
419.315	3.3
419.519	3.68
419.723	0.31
419.927	2.72
420.131	5.31
420.335	1.61
420.539	1.52
420.743	6.11
420.947	2.31
421.151	1.64
421.355	2.55
421.558	2.48
421.762	1.59
421.966	3.24
422.17	1.64
422.374	3.3
422.578	1.87
422.782	2.22
422.985	2.82
423.189	3.36
423.393	2.44
423.597	1.9
423.801	2.55
424.004	2.55
424.208	2.88
424.412	1.95
424.615	2.46
424.819	2.27
425.023	1.7
425.226	2.18
425.43	3.06
425.634	1.77
425.837	1.4
426.041	2.25
426.245	2.23
426.448	2.43
426.652	2.21
426.855	1.22
427.059	1.5
427.262	1.75
427.466	1.7
427.669	1.81
427.873	1.11
428.076	2.35
428.28	1.42
428.483	1.84
428.687	1.63
428.89	2.28
429.094	0.48
429.297	1.49
429.5	2.01
429.704	2.37
429.907	2.24
430.11	1.8
430.314	2.24
430.517	1.45
430.72	2.18
430.924	2.11
431.127	1.61
431.33	2.07
431.533	2.26
431.737	1.67
431.94	1.66
432.143	2.01
432.346	1.71
432.549	2.13
432.752	1.39
432.956	1.84
433.159	1.19
433.362	1.22
433.565	1.52
433.768	1.44
433.971	1.38
434.174	1.93
434.377	1.93
434.58	1.47
434.783	0.81
434.986	2.19
435.189	1.84
435.392	1.49
435.595	1.64
435.798	1.93
436.001	1.99
436.204	1.72
436.407	1.47
436.61	1.53
436.813	1.84
437.016	1.58
437.219	1.69
437.421	1.4
437.624	1.91
437.827	1.68
438.03	1.5
438.233	1.39
438.435	1.55
438.638	1.75
438.841	1.63
439.044	1.47
439.246	1.56
439.449	1.47
439.652	1.5
439.854	1.48
440.057	1.63
440.26	1.22
440.462	1.79
440.665	1.26
440.868	1.76
441.07	1.73
441.273	1.99
441.475	1.62
441.678	1.68
441.88	1.44
442.083	1.38
442.286	1.75
442.488	1.38
442.69	1.58
442.893	1.64
443.095	1.26
443.298	1.13
443.5	1.32
443.703	1.17
443.905	1.42
444.108	1.55
444.31	1.49
444.512	1.09
444.715	1.39
444.917	1.36
445.119	1.58
445.322	1.43
445.524	1.61
445.726	1.37
445.928	1.39
446.131	2.01
446.333	1.42
446.535	1.45
446.737	1.35
446.94	2.08
447.142	1.51
447.344	1.52
447.546	1.51
447.748	1.38
447.95	1.59
448.152	1.71
448.354	1.58
448.557	1.79
448.759	1.62
448.961	1.07
449.163	1.52
449.365	1.59
449.567	1.71
449.769	1.43
449.971	1.34
450.173	1.72
450.375	1.42
450.577	1.42
450.779	1.71
450.981	1.68
451.182	1.35
451.384	1.37
451.586	1.99
451.788	1.47
451.99	1.56
452.192	1.17
452.394	1.47
452.595	2.16
452.797	1.82
452.999	1.64
453.201	1.77
453.402	1.5
453.604	1.37
453.806	1.82
454.008	1.55
454.209	1.68
454.411	1.56
454.613	1.62
454.814	1.43
455.016	1.77
455.218	1.65
455.419	1.93
455.621	1.46
455.822	1.31
456.024	1.67
456.225	2.28
456.427	1.81
456.629	1.45
456.83	1.48
457.032	1.93
457.233	1.25
457.435	1.81
457.636	2.02
457.837	1.84
458.039	1.66
458.24	2.16
458.442	1.68
458.643	1.52
458.844	2.25
459.046	1.77
459.247	2.01
459.448	2.3
459.65	1.72
459.851	1.96
460.052	1.96
460.254	2.1
460.455	1.15
460.656	1.9
460.857	1.98
461.059	1.2
461.26	1.97
461.461	2.01
461.662	1.92
461.863	2.33
462.065	1.9
462.266	1.69
462.467	1.05
462.668	1.22
462.869	1.84
463.07	2
463.271	1.67
463.472	1.07
463.673	1.43
463.874	1.6
464.075	2.49
464.276	1.79
464.477	1.75
464.678	1.94
464.879	2.22
465.08	2.96
465.281	3.13
465.482	1.65
465.683	0.88
465.884	2.13
466.085	1.97
466.285	1.76
466.486	3.33
466.687	1.59
466.888	1.53
467.089	1.57
467.29	1.3
467.49	3.08
467.691	2.49
467.892	0.87
468.093	1.74
468.293	1.99
468.494	1.8
468.695	2.41
468.895	1.97
469.096	0.66
469.297	1.74
469.497	2.67
469.698	2.85
469.898	1.13
470.099	2.09
470.3	3.76
470.5	2.68
470.701	3.1
470.901	3.47
471.102	2.57
471.302	1.54
471.503	2.47
471.703	3.57
471.904	2.23
472.104	1.26
472.305	1.7
472.505	2.49
472.705	1.23
472.906	2.35
473.106	2.23
473.306	1.83
473.507	3.93
473.707	2.52
473.907	2.73
474.108	0.73
474.308	3
474.508	2.52
474.709	2.63
474.909	2.88
475.109	1.55
475.309	1.75
475.51	2.88
475.71	2.65
475.91	1.98
476.11	1.48
476.31	2.17
476.51	2.4
476.71	1.2
476.911	3.71
477.111	2.4
477.311	1.42
477.511	1.98
477.711	2.57
477.911	1.99
478.111	3.53
478.311	2.55
478.511	3.41
478.711	3.46
478.911	1.75
479.111	3.03
479.311	1.36
479.511	3.22
479.711	1.77
479.91	0.64
480.11	3.39
480.31	2.09
480.51	4.06
480.71	2.38
480.91	3.55
481.109	3.1
481.309	3.35
481.509	2.13
481.709	2.96
481.909	2.7
482.108	0.24
482.308	0.88
482.508	3.55
482.707	5.08
482.907	1.56
483.107	1.85
483.306	2.89
483.506	1.58
483.706	1.07
483.905	2.59
484.105	3.62
484.304	2.24
484.504	2.32
484.704	3.02
484.903	3.41
485.103	4.46
485.302	1.29
485.502	3.07
485.701	1.78
485.901	2.89
486.1	2.31
486.299	2.21
486.499	2.56
486.698	2.43
486.898	2.62
487.097	0.53
487.296	1.49
487.496	1.6
487.695	2.61
487.894	1.87
488.094	1.7
488.293	3.46
488.492	3.59
488.692	2.46
488.891	1.42
489.09	2.8
489.289	1.79
489.489	2.28
489.688	1.72
489.887	1.24
490.086	1.2
490.285	1.66
490.484	3.65
490.683	3.26
490.883	4.3
491.082	2.42
491.281	2.29
491.48	2.75
491.679	2.95
491.878	2.69
492.077	4
492.276	2.51
492.475	2.06
492.674	1.78
492.873	1.57
493.072	1.93
493.271	2.42
493.47	2.45
493.669	1.74
493.867	2.11
494.066	1.7
494.265	2.76
494.464	3.06
494.663	1.95
494.862	1.81
495.06	2.39
495.259	0.69
495.458	1.67
495.657	1.65
495.856	2.68
496.054	2.36
496.253	1.92
496.452	1.67
496.65	1.59
496.849	2.35
497.048	2.27
497.246	1.34
497.445	1.86
497.644	2.22
497.842	2.68
498.041	2.16
498.239	1.14
498.438	2.48
498.636	2.34
498.835	2.08
499.034	2.18
499.232	1.83
499.431	1.45
499.629	0.74
499.827	2.9
500.026	2.09
500.224	2.16
500.423	1.33
500.621	1.76
500.82	1.85
501.018	2.74
501.216	1.53
501.415	2.33
501.613	1.28
501.811	1.57
502.01	1.96
502.208	1.1
502.406	2.23
502.604	2.58
502.803	1.54
503.001	1.96
503.199	1.99
503.397	1.42
503.595	1.95
503.794	1.23
503.992	1.24
504.19	1.95
504.388	2.32
504.586	1.96
504.784	1.58
504.982	1.91
505.18	1.45
505.378	1.53
505.576	1.95
505.774	1.91
505.972	1.43
506.17	1.85
506.368	2.49
506.566	1.43
506.764	1.72
506.962	2.15
507.16	1.81
507.358	1.46
507.556	2.23
507.754	2.38
507.952	1.62
508.15	2.06
508.347	1.98
508.545	1.71
508.743	1.74
508.941	1.41
509.139	2.04
509.336	1.56
509.534	2.27
509.732	2.15
509.93	1.35
510.127	1.91
510.325	1.66
510.523	1.96
510.72	1.77
510.918	2.03
511.116	2.06
511.313	1.29
511.511	1.96
511.708	1.27
511.906	2.07
512.104	2.34
512.301	1.69
512.499	1.96
512.696	1.79
512.894	1.08
513.091	1.64
513.289	1.5
513.486	1.62
513.683	1.35
513.881	1.87
514.078	1.74
514.276	2.1
514.473	1.2
514.67	1.86
514.868	1.97
515.065	1.69
515.262	2
515.46	1.66
515.657	1.72
515.854	1.36
516.052	1.73
516.249	1.9
516.446	1.98
516.643	1.66
516.84	1.59
517.038	1.71
517.235	1.55
517.432	1.7
517.629	2.09
517.826	1.7
518.023	1.86
518.221	1.96
518.418	1.64
518.615	1.8
518.812	1.79
519.009	1.94
519.206	1.82
519.403	1.67
519.6	1.59
519.797	1.37
519.994	1.81
520.191	1.75
520.388	1.99
520.585	1.98
520.782	2
520.978	1.62
521.175	1.54
521.372	1.64
521.569	1.73
521.766	1.53
521.963	1.42
522.159	2.01
522.356	1.99
522.553	1.87
522.75	2.03
522.947	1.99
523.143	1.92
523.34	1.91
523.537	2.03
523.733	2.16
523.93	2.04
524.127	1.94
524.323	1.58
524.52	1.61
524.717	1.76
524.913	1.94
525.11	1.78
525.306	2.13
525.503	1.95
525.7	2.11
525.896	1.29
526.093	2.04
526.289	2.3
526.486	1.73
526.682	1.56
526.878	2.03
527.075	2.16
527.271	1.91
527.468	2.04
527.664	1.88
527.861	2.16
528.057	1.94
528.253	2.22
528.45	1.6
528.646	1.66
528.842	1.82
529.039	1.85
529.235	2.09
529.431	2.15
529.627	2.02
529.824	2.03
530.02	2.32
530.216	2.17
530.412	2.21
530.608	1.79
530.804	1.77
531.001	2.32
531.197	2.05
531.393	1.84
531.589	2.24
531.785	2.09
531.981	2.06
532.177	2.34
532.373	2.08
532.569	1.76
532.765	1.98
532.961	1.67
533.157	1.52
533.353	2
533.549	2.14
533.745	2.2
533.941	1.82
534.137	2
534.333	1.75
534.529	2.1
534.725	1.84
534.92	2.05
535.116	2.36
535.312	2.22
535.508	2.16
535.704	2.35
535.899	1.89
536.095	2.31
536.291	2.17
536.487	1.52
536.682	2.27
536.878	2.14
537.074	1.65
537.269	2.08
537.465	2.21
537.661	2.27
537.856	1.97
538.052	2.34
538.248	2.22
538.443	2.47
538.639	2.27
538.834	2.07
539.03	2.1
539.225	2.1
539.421	2.05
539.616	2.44
539.812	2.14
540.007	2.43
540.203	2.13
540.398	2.32
540.593	2.26
540.789	2.35
540.984	2.28
541.18	2.15
541.375	2.02
541.57	2.46
541.766	2.43
541.961	2.53
542.156	2.49
542.352	2.33
542.547	2.17
542.742	2.3
542.937	2.53
543.133	2.65
543.328	2.53
543.523	2.45
543.718	2.39
543.913	2.59
544.108	1.84
544.304	2.33
544.499	2.44
544.694	2.17
544.889	2.24
545.084	2.56
545.279	2.55
545.474	2.44
545.669	2.49
545.864	2.28
546.059	2.23
546.254	1.97
546.449	2.21
546.644	2.05
546.839	2.52
547.034	2.43
547.229	2.73
547.424	2.51
547.618	2.71
547.813	2.42
548.008	2.77
548.203	2.41
548.398	2.9
548.593	2.62
548.787	2.87
548.982	2.67
549.177	2.52
549.372	2.47
549.566	2.72
549.761	2.64
549.956	2.39
550.15	2.53
550.345	2.88
550.54	2.81
550.734	2.51
550.929	2.48
551.124	2.72
551.318	2.63
551.513	2.59
551.707	2.88
551.902	2.9
552.096	2.89
552.291	2.65
552.485	2.83
552.68	3.05
552.874	2.71
553.069	2.75
553.263	2.88
553.458	2.85
553.652	2.83
553.847	2.58
554.041	2.82
554.235	2.52
554.43	2.78
554.624	2.8
554.818	2.89
555.013	2.83
555.207	2.97
555.401	3.16
555.595	2.97
555.79	2.76
555.984	2.97
556.178	2.93
556.372	2.98
556.566	2.99
556.761	2.71
556.955	3.11
557.149	3.07
557.343	2.8
557.537	3.32
557.731	2.89
557.925	2.8
558.119	3
558.313	2.98
558.507	2.88
558.701	3.31
558.895	3.34
559.089	3.19
559.283	3.12
559.477	3.55
559.671	3.27
559.865	3.2
560.059	3.05
560.253	3.23
560.447	3.22
560.641	3.07
560.835	3.42
561.028	3.27
561.222	3.31
561.416	3.11
561.61	3.07
561.804	3.31
561.997	3.04
562.191	3.52
562.385	3.55
562.579	3.05
562.772	3.79
562.966	3.23
563.16	3.21
563.353	3.13
563.547	3.35
563.741	3.06
563.934	3.68
564.128	3.36
564.321	3.21
564.515	3.51
564.708	3.43
564.902	3.32
565.095	3.42
565.289	3.4
565.482	3.74
565.676	3.33
565.869	3.44
566.063	3.41
566.256	3.45
566.45	3.59
566.643	3.62
566.836	3.75
567.03	3.68
567.223	3.7
567.416	3.7
567.61	3.56
567.803	3.91
567.996	3.73
568.19	3.7
568.383	3.88
568.576	3.31
568.769	3.95
568.963	3.85
569.156	3.62
569.349	4.11
569.542	4.17
569.735	3.65
569.928	3.83
570.121	3.87
570.315	4.12
570.508	3.64
570.701	3.8
570.894	3.97
571.087	3.76
571.28	4.01
571.473	4.02
571.666	3.95
571.859	4
572.052	4.12
572.245	4.26
572.438	4.26
572.631	3.81
572.824	4.29
573.016	4.02
573.209	4.43
573.402	3.77
573.595	4.34
573.788	4.36
573.981	4.21
574.173	4.38
574.366	4.25
574.559	4.17
574.752	3.68
574.944	4.05
575.137	4.24
575.33	4.2
575.523	4.68
575.715	3.98
575.908	4.39
576.101	4.31
576.293	4.5
576.486	3.94
576.678	4.33
576.871	4.3
577.063	4.47
577.256	4.37
577.449	4.39
577.641	4.44
577.834	4.55
578.026	4.32
578.219	4.38
578.411	4.58
578.603	4.64
578.796	4.34
578.988	4.57
579.181	4.51
579.373	4.76
579.565	4.58
579.758	4.74
579.95	4.6
580.142	4.32
580.335	4.56
580.527	4.54
580.719	4.63
580.912	4.59
581.104	4.9
581.296	4.66
581.488	4.39
581.68	4.91
581.873	4.74
582.065	4.64
582.257	4.72
582.449	4.64
582.641	5.16
582.833	4.58
583.025	4.42
583.217	4.81
583.41	4.82
583.602	4.71
583.794	4.86
583.986	5.21
584.178	4.82
584.37	4.89
584.562	4.7
584.753	4.97
584.945	5.25
585.137	4.94
585.329	4.99
585.521	5.03
585.713	5.15
585.905	4.94
586.097	4.87
586.289	5
586.48	5.03
586.672	4.87
586.864	5.34
587.056	5.35
587.247	4.76
587.439	5.09
587.631	4.91
587.823	5.45
588.014	5.2
588.206	5.24
588.398	5.37
588.589	5.54
588.781	5.21
588.972	5.73
589.164	5.66
589.356	5.6
589.547	5.52
589.739	5.31
589.93	5.1
590.122	5.54
590.313	5.5
590.505	5.68
590.696	5.05
590.888	5.27
591.079	5.94
591.271	5.79
591.462	6.01
591.653	5.56
591.845	5.62
592.036	5.55
592.227	5.86
592.419	5.3
592.61	5.66
592.801	5.54
592.993	5.75
593.184	5.92
593.375	4.92
593.566	5.7
593.758	5.63
593.949	5.89
594.14	5.39
594.331	5.51
594.522	6.22
594.713	5.55
594.905	5.83
595.096	5.66
595.287	5.72
595.478	5.75
595.669	6.03
595.86	5.68
596.051	5.9
596.242	6.23
596.433	5.72
596.624	5.67
596.815	6.03
597.006	6.14
597.197	6.13
597.388	6.13
597.579	6.18
597.77	6.11
597.96	6.2
598.151	6.69
598.342	6.08
598.533	6.37
598.724	6.2
598.915	6.22
599.105	6.22
599.296	6.34
599.487	6.1
599.678	6.71
599.868	6.82
600.059	6.12
600.25	6.38
600.44	6.34
600.631	6.58
600.822	6.67
601.012	6.81
601.203	6.78
601.394	6.24
601.584	6.71
601.775	6.72
601.965	6.46
602.156	6.75
602.346	6.67
602.537	6.46
602.727	6.77
602.918	6.78
603.108	6.84
603.299	6.91
603.489	7.1
603.679	6.74
603.87	6.91
604.06	7.14
604.251	6.92
604.441	7
604.631	7.3
604.822	6.97
605.012	7.09
605.202	6.84
605.392	6.77
605.583	7.06
605.773	6.87
605.963	7.62
606.153	6.73
606.344	7.18
606.534	6.99
606.724	7.26
606.914	7.31
607.104	6.95
607.294	7.36
607.484	7.06
607.674	6.98
607.864	7.71
608.054	7.37
608.245	7.36
608.435	7.95
608.625	7.41
608.814	7.4
609.004	8.01
609.194	7.3
609.384	7.39
609.574	7.08
609.764	7.63
609.954	7.33
610.144	7.54
610.334	7.49
610.524	7.88
610.713	8
610.903	7.98
611.093	7.84
611.283	7.62
611.473	6.88
611.662	7.6
611.852	7.43
612.042	7.64
612.231	7.78
612.421	7.67
612.611	7.22
612.8	7.92
612.99	7.82
613.18	7.8
613.369	7.98
613.559	7.93
613.748	8.01
613.938	7.78
614.128	7.58
614.317	7.76
614.507	7.63
614.696	7.85
614.886	7.96
615.075	7.69
615.264	8.11
615.454	8.17
615.643	8.11
615.833	7.87
616.022	7.88
616.211	8.72
616.401	8.19
616.59	7.92
616.779	8.13
616.969	8.26
617.158	7.87
617.347	8.5
617.537	8.82
617.726	8.37
617.915	7.45
618.104	7.58
618.293	8.42
618.483	7.99
618.672	8.21
618.861	8.61
619.05	8.1
619.239	8.02
619.428	8.89
619.617	8.31
619.806	8.09
619.995	8.18
620.184	8.01
620.373	7.86
620.562	7.91
620.751	8.56
620.94	7.89
621.129	8.1
621.318	8.32
621.507	7.69
621.696	7.99
621.885	8.02
622.074	8.56
622.263	8.52
622.452	9.14
622.64	8.94
622.829	8.37
623.018	9.41
623.207	8.23
623.396	7.86
623.584	8.4
623.773	9.07
623.962	8.6
624.15	9.24
624.339	8.77
624.528	8.51
624.716	8.39
624.905	8.91
625.094	9.19
625.282	8.79
625.471	8.65
625.659	8.79
625.848	8.15
626.037	8.9
626.225	9.07
626.414	9.06
626.602	8.49
626.791	9.1
626.979	8.85
627.167	8.66
627.356	8.69
627.544	8.95
627.733	9.09
627.921	8.64
628.109	8.61
628.298	9.26
628.486	9.04
628.674	8.61
628.863	8.77
629.051	10.27
629.239	9.6
629.428	8.53
629.616	10.68
629.804	9.29
629.992	9.67
630.18	9.72
630.369	8.84
630.557	9.3
630.745	8.94
630.933	9.58
631.121	9.33
631.309	9.04
631.497	9.66
631.685	9.11
631.873	8.88
632.061	9.03
632.249	9.82
632.437	9.97
632.625	9.21
632.813	9.56
633.001	9.48
633.189	9.24
633.377	9.01
633.565	8.85
633.753	9.93
633.941	9.95
634.129	9.64
634.316	9.6
634.504	9.7
634.692	9.78
634.88	9.59
635.068	9.32
635.255	9.18
635.443	9.84
635.631	9.39
635.818	9.93
636.006	9.95
636.194	9.68
636.382	9.11
636.569	10.39
636.757	10.61
636.944	9.83
637.132	10.34
637.32	10.71
637.507	9.33
637.695	9.19
637.882	10.62
638.07	10.73
638.257	10.74
638.445	9.49
638.632	8.65
638.82	8.83
639.007	8.86
639.194	10.45
639.382	10.32
639.569	9.59
639.757	10.24
639.944	10.06
640.131	9.94
640.319	9.56
640.506	10.71
640.693	10.62
640.88	10.09
641.068	10.69
641.255	10.29
641.442	10.26
641.629	9.65
641.817	10.71
642.004	9.75
642.191	11.08
642.378	10.92
642.565	10.01
642.752	9.9
642.939	9.37
643.126	9.2
643.313	10.77
643.501	9.72
643.688	10.91
643.875	10.57
644.062	10.02
644.249	10.42
644.435	10.41
644.622	9.92
644.809	11.23
644.996	9.93
645.183	9.58
645.37	11.04
645.557	9.97
645.744	9.66
645.931	9.82
646.117	9.96
646.304	11.42
646.491	9.93
646.678	10.7
646.865	8.91
647.051	9.17
647.238	10.77
647.425	9.44
647.611	10.23
647.798	10.66
647.985	10.24
648.171	10.49
648.358	10.53
648.545	9.39
648.731	8.79
648.918	10.44
649.104	9.9
649.291	10.15
649.477	10.09
649.664	10.72
649.85	10.96
650.037	10.6
650.223	9.01
650.41	9.74
650.596	9.27
650.783	10.98
650.969	9.17
651.155	11.51
651.342	9.48
651.528	9.19
651.714	10.07
651.901	10.93
652.087	10.79
652.273	10.08
652.46	11.23
652.646	10.68
652.832	10.84
653.018	10.17
653.204	11.64
653.391	10.61
653.577	9.55
653.763	10.75
653.949	11.07
654.135	10.34
654.321	10.76
654.507	9.82
654.693	9.88
654.879	10.18
655.065	8.95
655.252	9.39
655.438	10.86
655.624	10.65
655.809	10.29
655.995	11.07
656.181	10.64
656.367	10.06
656.553	10.94
656.739	11.54
656.925	10.86
657.111	11.35
657.297	10.99
657.482	10.88
657.668	11.87
657.854	9.62
658.04	8.4
658.226	9.79
658.411	9.86
658.597	12.4
658.783	9.92
658.968	11.51
659.154	11.5
659.34	10.41
659.525	10.28
659.711	10.04
659.897	10.28
660.082	9.99
660.268	10.99
660.453	9.99
660.639	12.49
660.824	10.71
661.01	10.25
661.195	11.27
661.381	9.85
661.566	10.11
661.752	10.69
661.937	10.21
662.123	8.7
662.308	10.39
662.494	10.41
662.679	10.02
662.864	10.37
663.05	9.7
663.235	11.88
663.42	8.54
663.605	10.55
663.791	9.8
663.976	9.43
664.161	10.66
664.346	10.2
664.532	10.62
664.717	9.79
664.902	10.49
665.087	10.72
665.272	11.57
665.457	9.63
665.642	9.93
665.828	10.26
666.013	11.31
666.198	7.18
666.383	10.63
666.568	8.87
666.753	12.46
666.938	9.18
667.123	10.91
667.308	8.76
667.493	10.15
667.677	9.54
667.862	9.09
668.047	10.65
668.232	10.04
668.417	9.78
668.602	7.86
668.787	10.56
668.971	10.24
669.156	10.49
669.341	9.15
669.526	11.45
669.711	10.58
669.895	10.5
670.08	9.05
670.265	9.91
670.449	10.01
670.634	9.59
670.819	8.46
671.003	11.01
671.188	7.55
671.372	10.46
671.557	11.43
671.742	9.52
671.926	9.6
672.111	10.52
672.295	9.52
672.48	9.3
672.664	6.74
672.849	8.4
673.033	11.28
673.217	9.3
673.402	8.68
673.586	6.61
673.771	9.02
673.955	10.47
674.139	10.04
674.324	8.77
674.508	9.35
674.692	8.4
674.876	10.36
675.061	9.9
675.245	13.84
675.429	9.84
675.613	8.47
675.798	10.43
675.982	8.69
676.166	11.5
676.35	10.17
676.534	11.8
676.718	8.43
676.902	11.43
677.087	7.74
677.271	9.1
677.455	10.6
677.639	9.05
677.823	11.45
678.007	12.44
678.191	9.89
678.375	9.41
678.559	11.45
678.742	9.06
678.926	12.07
679.11	11.86
679.294	12.8
679.478	9.87
679.662	10.26
679.846	11.67
680.029	12.78
680.213	11.52
680.397	11.83
680.581	12.21
680.765	13.2
680.948	9.99
681.132	10.11
681.316	9.12
681.499	14.25
681.683	10.16
681.867	7.1
682.05	16.79
682.234	13.86
682.417	13.02
682.601	14.16
682.785	12.96
682.968	10.63
683.152	14.07
683.335	12.79
683.519	11.26
683.702	11.85
683.886	13.16
684.069	11.35
684.253	12.63
684.436	14.23
684.619	10.5
684.803	13.93
684.986	10.41
685.169	15.5
685.353	12.36
685.536	14.53
685.719	14.62
685.903	13.09
686.086	15.02
686.269	17.42
686.452	12.87
686.636	18.44
686.819	16.14
687.002	15.75
687.185	16.39
687.368	16.94
687.551	15.29
687.734	15.72
687.918	14.81
688.101	12.52
688.284	14.35
688.467	20.78
688.65	13.54
688.833	17.38
689.016	13.33
689.199	17.19
689.382	17.25
689.565	18.34
689.748	20.29
689.93	12
690.113	18.49
690.296	14.99
690.479	14.78
690.662	16.96
690.845	19.05
691.028	16.44
691.21	15.21
691.393	21.11
691.576	18.72
691.759	14
691.941	18.37
692.124	21.29
692.307	18.63
692.489	19.08
692.672	21.54
692.855	17.09
693.037	19.79
693.22	16.29
693.403	13.66
693.585	19.4
693.768	21.12
693.95	18.34
694.133	18.84
694.315	20.36
694.498	17.33
694.68	18.1
694.863	22.41
695.045	24.06
695.228	20.9
695.41	20.26
695.592	24.68
695.775	21.48
695.957	22.18
696.139	16.73
696.322	25.97
696.504	20.53
696.686	20.45
696.869	15.25
697.051	21.15
697.233	26.51
697.415	26.52
697.597	14.94
697.78	19.44
697.962	22.62
698.144	24.26
698.326	18.93
698.508	25.87
698.69	17.96
698.872	22.21
699.055	19.27
699.237	21.48
699.419	14.22
699.601	20.68
699.783	24.07
699.965	22.82
700.147	17.54
700.329	19.29
700.51	22.87
700.692	28.93
700.874	22.64
701.056	27.99
701.238	20.18
701.42	19.83
701.602	23.44
701.783	22.83
701.965	14.43
702.147	22.15
702.329	24
702.511	21.75
702.692	23.76
702.874	19.07
703.056	24.82
703.237	17.74
703.419	20.64
703.601	27.21
703.782	25.57
703.964	22.58
704.146	25.91
704.327	20.53
704.509	24.47
704.69	22.92
704.872	23.53
705.053	24.7
705.235	25.85
705.416	20.66
705.598	21.95
705.779	20.23
705.961	21.53
706.142	21.72
706.323	24.45
706.505	21.5
706.686	22.48
706.867	24.46
707.049	19.98
707.23	15.66
707.411	22.12
707.593	26.48
707.774	23.82
707.955	22.34
708.136	20.62
708.318	23.27
708.499	21.63
708.68	21.88
708.861	32.07
709.042	21.15
709.223	24.34
709.404	23.17
709.585	25
709.767	25.53
709.948	23.28
710.129	29.13
710.31	13.6
710.491	20.08
710.672	18.5
710.853	22.11
711.034	26.56
711.214	20.48
711.395	23.36
711.576	29.69
711.757	28.7
711.938	14.22
712.119	19.87
712.3	27.92
712.481	20.02
712.661	25.9
712.842	19.51
713.023	33.25
713.204	19.32
713.384	23.97
713.565	18.11
713.746	13.71
713.926	22.91
714.107	20.54
714.288	23.18
714.468	25
714.649	26.41
714.83	21.38
715.01	31.61
715.191	15.95
715.371	18.23
715.552	10.21
715.732	33.5
715.913	30.85
716.093	30.3
716.274	26.61
716.454	23.82
716.635	22.7
716.815	29.83
716.995	16.63
717.176	22.99
717.356	25.95
717.536	26.07
717.717	24.22
717.897	11.69
718.077	24.06
718.258	25.82
718.438	26.26
718.618	18.41
718.798	21.76
718.978	20.89
719.159	27.05
719.339	31.69
719.519	24.64
719.699	39.63
719.879	26.84
720.059	24.21
720.239	26.79
720.419	38.63
720.599	33.65
720.779	33.69
720.959	18.78
721.139	13.75
721.319	25.23
721.499	32.56
721.679	23.81
721.859	29.68
722.039	14.26
722.219	41.96
722.399	32.81
722.579	19.78
722.759	18.36
722.938	30.75
723.118	28.88
723.298	7.59
723.478	28.06
723.658	45.05
723.837	36.64
724.017	9.65
724.197	21.18
724.376	33.98
724.556	25.17
724.736	29.72
724.915	19.27
725.095	34.44
725.275	34.37
725.454	33.19
725.634	33.97
725.813	12.39
725.993	31.82
726.172	36.21
726.352	28.01
726.531	27.1
726.711	40.75
726.89	28.24
727.07	28.34
727.249	27.85
727.428	27.99
727.608	22.5
727.787	11.26
727.966	25.3
728.146	30.47
728.325	34.8
728.504	26.1
728.684	19.4
728.863	36.44
729.042	33.16
729.221	32.09
729.4	12.54
729.58	20.83
729.759	32.73
729.938	42.82
730.117	23.49
730.296	25.59
730.475	25.67
730.654	23.55
730.833	39
731.013	32.94
731.192	17.26
731.371	45.02
731.55	16.9
731.729	16.79
731.907	35
732.086	28.1
732.265	16.82
732.444	19.12
732.623	41.67
732.802	23.77
732.981	20.39
733.16	22.49
733.339	1.88
733.517	11.79
733.696	31.31
733.875	30.34
734.054	30.77
734.232	35.62
734.411	43.15
734.59	4.59
734.768	17.44
734.947	41.31
735.126	0.75
735.304	21.33
735.483	30.28
735.662	46.15
735.84	35.26
736.019	6.91
736.197	32.01
736.376	41.16
736.554	36.47
736.733	36.89
736.911	30.63
737.09	20.82
737.268	27.71
737.447	45.48
737.625	35.46
737.803	1.59
737.982	50.93
738.16	44.55
738.338	41.38
738.517	41.8
738.695	48.77
738.873	43.7
739.052	28.55
739.23	19.03
739.408	33.16
739.586	40.1
739.764	34.67
739.943	38.69
740.121	40.09
740.299	22.99
740.477	36.49
740.655	39.7
740.833	41.67
741.011	34.9
741.189	67.75
741.367	35.86
741.545	16.02
741.723	21.07
741.901	-13.71
742.079	33.48
742.257	61.56
742.435	24.64
742.613	33.49
742.791	31.09
742.969	30.69
743.147	19.08
743.325	4.6
743.503	36.13
743.68	54.15
743.858	12.79
744.036	6.7
744.214	-2.48
744.391	5.77
744.569	15.3
744.747	54.25
744.925	12.11
745.102	42.88
745.28	24.68
745.458	30.72
745.635	40.5
745.813	66.89
745.99	35.35
746.168	47.08
746.345	87.7
746.523	35.26
746.7	14.56
746.878	12.62
747.055	-1.15
747.233	39.78
747.41	56.9
747.588	31.85
747.765	46.71
747.943	49.34
748.12	-16.93
748.297	29.16
748.475	22.51
748.652	25.81
748.829	16.98
749.007	22.58
749.184	35.56
749.361	22.44
749.538	41.87
749.716	39.99
749.893	28.36
750.07	29.59
750.247	37.38
750.424	38.58
750.601	98.14
750.778	39.64
750.956	32.37
751.133	12.75
751.31	43.28
751.487	13.24
751.664	6.26
751.841	45.72
752.018	49.27
752.195	11.54
752.372	34.53
752.549	19.41
752.726	39.35
752.902	73.67
753.079	35.64
753.256	48.92
753.433	11.96
753.61	58.72
753.787	24.18
753.964	70.34
754.14	27.89
754.317	41.62
754.494	75.23
754.671	40.6
754.847	25.72
755.024	64.44
755.201	30.2
755.377	60.84
755.554	0.52
755.73	25.47
755.907	51.14
756.084	83.45
756.26	49.42
756.437	13.65
756.613	29.16
756.79	33.27
756.966	23.05
757.143	-3.21
757.319	25.86
757.496	59.73
757.672	48.77
757.849	82.72
758.025	0.41
758.201	51.05
758.378	6.3
758.554	-3.83
758.73	24.17
758.907	14.49
759.083	18.21
759.259	86.86
759.435	52.88
759.612	31.3
759.788	41.07
759.964	47.75
760.14	36.04
760.316	2.17
760.493	30.77
760.669	58.78
760.845	-16.39
761.021	9.34
761.197	43.09
761.373	47.22
761.549	5.37
761.725	-30.32
761.901	39.44
762.077	84.62
762.253	3.23
762.429	68.53
762.605	57.75
762.781	50.89
762.957	42.04
763.133	41.97
763.308	39.98
763.484	66.36
763.66	79.92
763.836	44.89
764.012	-1.03
764.187	35.82
764.363	39.72
764.539	36.57
764.715	41.94
764.89	18.23
765.066	19.56
765.242	-35.74
765.417	8.56
765.593	18.9
765.769	20.43
765.944	38.01
766.12	82.79
766.295	-3.75
766.471	-4
766.646	60.76
766.822	82.47
766.997	-0.81
767.173	58.51
767.348	-0.76
767.524	24.43
767.699	-24.91
767.875	11.92
768.05	29.02
768.225	33.72
768.401	12.06
768.576	143.42
768.751	18.93
768.927	61.68
769.102	-45.67
769.277	26.85
769.452	69.25
769.628	76.97
769.803	116.84
769.978	-11.29
770.153	-6.53
770.328	77.87
770.503	59.63
770.679	114.03
770.854	-7.96
771.029	51.9
771.204	162.25
771.379	24.05
771.554	-1.09
771.729	80.23
771.904	-37.75
772.079	73.66
772.254	85.58
772.429	61.82
772.604	0.47
772.779	73.97
772.953	57.47
773.128	38.67
773.303	25.34
773.478	102.36
773.653	74.49
773.828	34.14
774.002	17.71
774.177	30.46
774.352	599.13
774.527	8.66
774.701	4.31
774.876	56.21
775.051	-112.83
775.225	-118.53
775.4	55.39
775.575	26.26
775.749	39.07
775.924	33.79
776.098	65.2
776.273	62.76
776.447	54.94
776.622	47.97
776.796	27.06
776.971	-7.46
777.145	34.49
777.32	84.71
777.494	69.67
777.669	7.01
777.843	-135.18
778.017	49.27
778.192	48.91
778.366	57.56
778.54	33.72
778.715	-5.21
778.889	114.39
779.063	52.31
779.237	96.07
779.412	44.85
779.586	-4.71
779.76	94.83
779.934	1.93
780.108	10.09
780.282	544.78
780.457	64
780.631	106.41
780.805	19.77
780.979	-332.84
781.153	53.45
781.327	97.38
781.501	-1.01
781.675	-51.02
781.849	-5.22
782.023	46.85
782.197	-11.84
782.371	-182.29
782.545	61.96
782.718	1.77
782.892	76.03
783.066	70.78
783.24	303.24
783.414	-13.08
783.588	166.12
783.761	22.48
783.935	-45.33
784.109	33.11
784.283	14.78
784.456	-117.06
784.63	-65.17
784.804	36.53
784.977	61.28
785.151	9.91
785.324	-19.04
785.498	-18.43
785.672	119.44
785.845	66.71
786.019	-162.56
786.192	-123.84
786.366	34.22
786.539	58.64
786.713	4.63
786.886	-16.84
787.06	135.65
787.233	44.87
787.406	58.04
787.58	51.59
787.753	93.73
787.926	-46.47
788.1	216.56
788.273	-1164.15
788.446	-201.85
788.62	-332.26
788.793	-56.71
788.966	152.37
789.139	173.8
789.313	92.92
789.486	1614.29
789.659	71.43
789.832	35.34
790.005	167.4
790.178	377.88
790.351	49.18
790.524	148.14
790.697	-1
790.87	70.56
791.044	445.45
791.216	127.33
791.389	-292.51
791.562	155.23
791.735	203.8
791.908	741.56
792.081	1.11
792.254	45.05
792.427	65.06
792.6	-26.53
792.773	86.74
792.945	61.19
793.118	-1.74
793.291	823.08
793.464	134.89
793.637	61.96
793.809	83.17
793.982	26.32
794.155	130.18
794.327	24.34
794.5	103.08
794.673	65.18
794.845	-34.63
795.018	21.83
795.19	7.87
795.363	64.58
795.536	128.82
795.708	132.26
795.881	-2980
796.053	124.84
796.226	222.29
796.398	279.43
796.57	107.34
796.743	-9.04
796.915	7.95
797.088	244.94
797.26	-128.35
797.432	127.85
797.605	169.52
797.777	-380.52
797.949	-2.7
798.122	-5.38
798.294	66.82
798.466	194.86
798.638	-28.53
798.81	65.63
798.983	-100
799.155	178.24
799.327	85.06
799.499	79.61
799.671	124.73
799.843	43.25
800.015	26.07
800.187	29.16
800.359	115.52
800.531	7.81
800.703	50.19
800.875	68.14
801.047	114.37
801.219	84.3
801.391	788.31
801.563	409.35
801.735	71.99
801.907	39.88
802.079	108.2
802.251	-337.36
802.422	448.03
802.594	149.35
802.766	187.69
802.938	50.67
803.11	-26.53
803.281	-115.89
803.453	62.05
803.625	-6.45
803.796	39.78
803.968	8.56
804.14	-9.05
804.311	55.16
804.483	87.12
804.654	38.1
804.826	193.42
804.998	362.03
805.169	-25.87
805.341	149.6
805.512	-18.01
805.684	28.13
805.855	115.78
806.026	-321.54
806.198	39.88
806.369	32.34
806.541	89.65
806.712	28.8
806.883	105.99
807.055	126.54
807.226	-58.38
807.397	-100
807.569	-195.58
807.74	74.11
807.911	-124.49
808.082	2.24
808.253	-52.48
808.425	48.2
808.596	88.76
808.767	245.32
808.938	-21.31
809.109	351.49
809.28	-401.42
809.451	85.28
809.622	15.51
809.793	93.55
809.964	-68.7
810.135	-47.12
810.306	-51.45
810.477	165.77
810.648	30.09
810.819	14.72
810.99	-16420
811.161	261.34
811.332	237.3
811.503	-7.23
811.674	472.31
811.844	-653.85
812.015	115.3
812.186	246.01
812.357	-84.55
812.527	77.22
812.698	-118.41
812.869	579.25
813.04	137.81
813.21	-2086.21
813.381	96.11
813.551	69.01
813.722	56.18
813.893	47.43
814.063	84.62
814.234	-143.64
814.404	99.57
814.575	99.32
814.745	-407.96
814.916	15.59
815.086	-19.16
815.257	136.77
815.427	17.79
815.598	45.62
815.768	104.68
815.938	43.72
816.109	303.24
816.279	-35.76
816.449	84.89
816.62	-289.47
816.79	102.53
816.96	-100
817.13	-27.88
817.301	-227.92
817.471	-70.25
817.641	128.22
817.811	337.96
817.981	-271.43
818.152	-20.38
818.322	-349.5
818.492	57.43
818.662	-32.16
818.832	76.04
819.002	65.3
819.172	32.38
819.342	274.57
819.512	-3.26
819.682	21.71
819.852	12.69
820.022	75.61
820.192	533.71
820.362	-73.39
820.531	-166.45
820.701	113.41
820.871	1.69
821.041	84.62
821.211	-23.99
821.381	58.6
821.55	160.43
821.72	11.63
821.89	546.15
822.059	1.44
822.229	61.22
822.399	115.25
822.568	185.89
822.738	-568.29
822.908	363.8
823.077	72.69
823.247	89.82
823.416	111.76
823.586	-55.08
823.756	136.62
823.925	-24.05
824.095	541.86
824.264	-202.24
824.433	-227.43
824.603	127.15
824.772	-18.26
824.942	-251.9
825.111	-15.58
825.28	-137.27
825.45	119.13
825.619	-55.28
825.788	-207.87
825.958	-21.99
826.127	129.47
826.296	68.08
826.465	29.88
826.635	84.89
826.804	-11.72
826.973	90.41
827.142	-89.79
827.311	44.97
827.48	129.89
827.649	88.09
827.818	296.85
827.988	-32.8
828.157	-5.96
828.326	-189.12
828.495	-79.6
828.664	30.74
828.833	260.42
829.002	-159.63
829.17	359.06
829.339	201.51
829.508	79.76
829.677	533.71
829.846	45.41
830.015	-62.82
830.184	46.53
830.352	150.16
830.521	245.32
830.69	339.02
830.859	394.12
831.027	-1426.32
831.196	60.59
831.365	-62.17
831.533	29.66
831.702	36.03
831.871	192.05
832.039	39.94
832.208	244.35
832.377	457.48
832.545	82.01
832.714	66.31
832.882	-63.75
833.051	39.1
833.219	5557.14
833.388	-37.55
833.556	50.44
833.724	78.09
833.893	41.88
834.061	215.79
834.23	156.27
834.398	136.29
834.566	227.27
834.735	5900
834.903	-303.77
835.071	-3700
835.239	-237.7
835.408	169.11
835.576	1211.63
835.744	89.97
835.912	99.58
836.08	60.89
836.249	420.75
836.417	342.78
836.585	81.27
836.753	161.58
836.921	204.86
837.089	-3014.29
837.257	-1439.53
837.425	58.3
837.593	52.62
837.761	34.89
837.929	44.63
838.097	20.92
838.265	45.97
838.433	-13.44
838.601	78.25
838.769	21.52
838.936	277.53
839.104	53.68
839.272	160.15
839.44	32.5
839.608	-1885.37
839.775	49.14
839.943	23.01
840.111	92.9
840.279	35.08
840.446	-297.01
840.614	274.03
840.781	77.39
840.949	63.83
841.117	73.76
841.284	147.21
841.452	93.79
841.619	31.05
841.787	116.97
841.954	-937.21
842.122	-23.7
842.289	81.13
842.457	-25.21
842.624	151.48
842.792	-108.76
842.959	9.71
843.126	18.31
843.294	96.96
843.461	-110.88
843.629	-42.4
843.796	42.55
843.963	-216.73
844.13	96.06
844.298	48.26
844.465	85.42
844.632	-211.8
844.799	56.78
844.966	262.55
845.134	109.82
845.301	49.03
845.468	19.21
845.635	112.01
845.802	160.43
845.969	19.69
846.136	20.24
846.303	4257.89
846.47	109.32
846.637	-321.54
846.804	594.74
846.971	14.1
847.138	15.83
847.305	-25.66
847.472	71.43
847.639	192.27
847.805	161.01
847.972	445.45
848.139	95.71
848.306	594.74
848.473	-100
848.639	8.91
848.806	-148
848.973	56.02
849.14	21.14
849.306	-89.24
849.473	-44.37
849.64	453.85
849.806	95.22
849.973	237.3
850.139	-84.11
850.306	119.57
850.472	218.82
850.639	25.9
850.806	594.74
850.972	108.7
851.139	-100
851.305	30.12
851.471	-95.73
851.638	282.82
851.804	186.57
851.971	-33.48
852.137	-0.96
852.303	155.32
852.47	78.76
852.636	-341.15
852.802	51.18
852.968	303.4
853.135	40.1
853.301	-127.75
853.467	-29.18
853.633	65.3
853.8	28.36
853.966	-197.46
854.132	1614.29
854.298	145.26
854.464	-464.04
854.63	81.51
854.796	87.12
854.962	-151.8
855.128	48.76
855.294	-55.46
855.46	-19.06
855.626	-4.71
855.792	-113.9
855.958	86.41
856.124	-77.91
856.29	-107.95
856.456	42.91
856.622	-94.89
856.787	788.31
856.953	4.82
857.119	54.46
857.285	229.86
857.45	137.46
857.616	85.09
857.782	62.66
857.948	-39.81
858.113	-5.8
858.279	-112.18
858.445	240.16
858.61	1379.07
858.776	157.49
858.941	-171.29
859.107	52.63
859.273	38.35
859.438	54.98
859.604	2110.53
859.769	287.4
859.935	-100
860.1	80.09
860.265	62.76
860.431	89.93
860.596	-100
860.762	200.87
860.927	229.75
861.092	77.41
861.258	-103.4
861.423	182.63
861.588	60.79
861.753	2471.43
861.919	-484.91
862.084	372.44
862.249	225.42
862.414	190.78
862.579	119.29
862.745	112.78
862.91	201.11
863.075	130.62
863.24	32.02
863.405	-39.7
863.57	-2.28
863.735	13.07
863.9	-386.73
864.065	58.53
864.23	89.97
864.395	147.69
864.56	142.9
864.725	416.46
864.89	237.08
865.055	140.89
865.22	-116.38
865.384	-73.03
865.549	16.5
865.714	-94.38
865.879	-64.59
866.044	-107.87
866.208	126.3
866.373	-574.73
866.538	99.53
866.702	37.7
866.867	34.97
867.032	24.24
867.196	22.9
867.361	504.8
867.526	59.66
867.69	-30.96
867.855	335.16
868.019	663.64
868.184	-10.35
868.348	47.44
868.513	635.48
868.677	268.87
868.842	69.61
869.006	59.77
869.17	-1232.08
869.335	17.07
869.499	-274.76
869.663	488.08
869.828	16.6
869.992	709.3
870.156	34.93
870.321	-61.29
870.485	75.61
870.649	23.48
870.813	-69
870.978	344.26
871.142	176.92
871.306	-185.31
871.47	162.77
871.634	221.26
871.798	-55.28
871.962	66.74
872.126	242.86
872.29	109.2
872.454	1614.29
872.618	210.05
872.782	-46.27
872.946	141.61
873.11	213.57
873.274	52.6
873.438	-1370.59
873.602	26.65
873.766	289.61
873.93	-162.47
874.094	479.78
874.257	65.52
874.421	108.09
874.585	227.27
874.749	-47.9
874.912	-100
875.076	28.04
875.24	-33.11
875.403	198.98
875.567	318.29
875.731	-396.63
875.894	252.65
876.058	43.54
876.222	304.49
876.385	207.54
876.549	86.96
876.712	598.18
876.876	2.02
877.039	113.13
877.203	40.52
877.366	-11.28
877.529	-10.95
877.693	65.93
877.856	100.55
878.02	-38.4
878.183	65.52
878.346	24.68
878.51	-312.39
878.673	124.46
878.836	108.2
878.999	403.23
879.163	96.72
879.326	-60.1
879.489	99.46
879.652	59.38
879.815	49.78
879.978	-183.27
880.142	197.99
880.305	-189.44
880.468	38.8
880.631	46.42
880.794	66.59
880.957	602.44
881.12	-170.59
881.283	163.68
881.446	75.5
881.609	193.53
881.772	130.62
881.935	111.76
882.097	209.97
882.26	-281.13
882.423	86.93
882.586	240.96
882.749	88.92
882.912	-85.28
883.074	68.49
883.237	-53.15
883.4	11.41
883.562	67.66
883.725	-224.8
883.888	429.13
884.05	-11380
884.213	-31.51
884.376	47.53
884.538	101.72
884.701	101.72
884.863	101.72
