181.954	255.06
182.172	255.06
182.39	255.06
182.608	4920
182.826	560.44
183.043	-2.55
183.261	89.92
183.479	258.65
183.697	2011.76
183.914	-12.15
184.132	336.9
184.35	212.56
184.567	268.73
184.785	-249.56
185.003	158.87
185.22	28.33
185.438	139.35
185.656	147.74
185.873	-212.31
186.091	71.53
186.309	-889.66
186.526	46.15
186.744	81.01
186.961	58.77
187.179	-19.91
187.396	129.64
187.614	-9.23
187.831	-4200
188.049	180.37
188.266	73.45
188.484	-241.79
188.701	308.74
188.919	40.79
189.136	70.32
189.354	150.58
189.571	167.77
189.789	-17.29
190.006	119.22
190.223	-262.7
190.441	73.95
190.658	-1800
190.876	69.2
191.093	-191.21
191.31	78.04
191.528	141.92
191.745	10.82
191.962	53.94
192.179	-25.57
192.397	-177.33
192.614	-119.07
192.831	1.37
193.049	61.81
193.266	343.69
193.483	2.66
193.7	-267.69
193.917	119.56
194.135	401.44
194.352	25.48
194.569	48.49
194.786	123.11
195.003	71.66
195.221	129.29
195.438	-40.28
195.655	129.65
195.872	176.95
196.089	104.03
196.306	84.63
196.523	201.25
196.74	413.88
196.957	54.55
197.174	-264.97
197.391	189.04
197.608	66.11
197.825	290.32
198.042	27.58
198.259	-2586.21
198.476	-38.3
198.693	3480
198.91	121.03
199.127	-152.24
199.344	26.72
199.561	-52.02
199.778	8.72
199.995	8.96
200.212	1179.31
200.429	-19.91
200.646	98.73
200.862	842.7
201.079	-40.12
201.296	67.55
201.513	5.83
201.73	-37.64
201.947	96.77
202.163	13.23
202.38	149.13
202.597	336.9
202.814	-22.37
203.03	-3000
203.247	-63.32
203.464	-5.74
203.681	-163.64
203.897	17.41
204.114	-464.15
204.331	59.5
204.547	-1018.6
204.764	16.45
204.981	-35.29
205.197	360
205.414	247.06
205.63	-682.76
205.847	256.28
206.064	316.36
206.28	-1.63
206.497	-108.68
206.713	126.25
206.93	-71.58
207.146	27.66
207.363	360
207.579	-217.58
207.796	-451.33
208.012	-83.84
208.229	-223.88
208.445	47.41
208.662	29.24
208.878	97.19
209.095	-105.88
209.311	44.78
209.528	6771.43
209.744	81.08
209.96	-35.76
210.177	-308.74
210.393	76.47
210.609	-5880
210.826	-25.77
211.042	725.22
211.258	564.18
211.475	-240.64
211.691	72.57
211.907	250.63
212.124	124.95
212.34	44.57
212.556	-1.41
212.772	-164.84
212.989	258.28
213.205	90.77
213.421	-135.68
213.637	402.99
213.853	-63.04
214.069	157.89
214.286	-33.24
214.502	-26.87
214.718	141.07
214.934	100.28
215.15	411.15
215.366	174.29
215.582	108.13
215.798	115.64
216.015	70.65
216.231	139.46
216.447	74.34
216.663	22.33
216.879	135.68
217.095	92.62
217.311	-622.64
217.527	28.06
217.743	-17.48
217.959	464.15
218.175	60.8
218.391	194.24
218.606	-72
218.822	-46.96
219.038	182.89
219.254	165.47
219.47	69.98
219.686	478.65
219.902	58.79
220.118	47.83
220.334	21.65
220.549	-12.03
220.765	-53.75
220.981	106.48
221.197	78.44
221.413	-784.62
221.628	372.15
221.844	-577.36
222.06	-133.98
222.276	44.25
222.491	148.16
222.707	-17.7
222.923	-157.05
223.139	-8.59
223.354	108.68
223.57	354.33
223.786	79.53
224.001	30.12
224.217	50.73
224.432	79.77
224.648	125.7
224.864	-88.19
225.079	205.97
225.295	10.42
225.51	217.3
225.726	1.03
225.942	99.69
226.157	77.83
226.373	-53.62
226.588	18.95
226.804	-3252.63
227.019	21.11
227.235	2.07
227.45	99.86
227.665	1800
227.881	439.37
228.096	5.22
228.312	61.04
228.527	79.17
228.743	154.29
228.958	19.24
229.173	-391.3
229.389	63.23
229.604	36.02
229.819	116.08
230.035	-129.33
230.25	-85.71
230.465	79.15
230.681	-9.77
230.896	19.07
231.111	155.43
231.327	51.03
231.542	-6360
231.757	247.58
231.972	2.12
232.187	-99.57
232.403	-1673.68
232.618	-83.39
232.833	74.8
233.048	-250.91
233.263	37.86
233.478	109.57
233.694	-683.72
233.909	-600
234.124	86.27
234.339	19.96
234.554	765.52
234.769	15.3
234.984	-40.36
235.199	86.27
235.414	-69.03
235.629	83.54
235.844	69.77
236.059	61.98
236.274	183.08
236.489	-1.88
236.704	176.18
236.919	-61.22
237.134	36.87
237.349	149.56
237.564	63.33
237.779	-33.25
237.994	89.36
238.209	96.04
238.424	173.01
238.639	105.44
238.853	55.88
239.068	85.2
239.283	41.69
239.498	277.04
239.713	94.6
239.928	53.79
240.142	-43.06
240.357	-14.71
240.572	42.25
240.787	27.79
241.001	79.15
241.216	21.19
241.431	70.46
241.646	51.27
241.86	-126.46
242.075	-320.93
242.29	31.13
242.504	12.58
242.719	503.11
242.934	-89.76
243.148	-80.64
243.363	47.84
243.577	-384.27
243.792	235.63
244.007	65.04
244.221	257.14
244.436	-402.99
244.65	268.71
244.865	14.22
245.079	8.07
245.294	-487.77
245.508	12.03
245.723	170.7
245.937	257.14
246.152	-1.23
246.366	143.05
246.581	3.22
246.795	40.49
247.01	121.9
247.224	57.4
247.438	-43.56
247.653	56.02
247.867	103.1
248.081	43.12
248.296	-190.24
248.51	64.26
248.724	53.65
248.939	671.64
249.153	-7.35
249.367	33.93
249.582	155.31
249.796	-818.18
250.01	-147.02
250.224	-16.48
250.439	59.15
250.653	93.01
250.867	-11.32
251.081	54.03
251.295	-36.39
251.51	-181.28
251.724	82.01
251.938	144.98
252.152	-240.88
252.366	-111.86
252.58	-32.73
252.794	70.64
253.008	655.63
253.223	43.9
253.437	58.31
253.651	38.42
253.865	108.99
254.079	-19.5
254.293	34.87
254.507	992.73
254.721	1.49
254.935	270.33
255.149	158.56
255.363	77.67
255.577	36.24
255.791	42.71
256.005	165.64
256.218	-31.48
256.432	38.36
256.646	52.49
256.86	-35.49
257.074	90.33
257.288	-2280
257.502	138.46
257.716	1.01
257.929	67.07
258.143	7.88
258.357	201.41
258.571	112.92
258.785	72.95
258.998	2.85
259.212	118.44
259.426	-24.22
259.64	118.86
259.853	114.73
260.067	172.83
260.281	124.49
260.494	96.87
260.708	481.19
260.922	13.55
261.135	17.92
261.349	-33.28
261.563	172.05
261.776	1447.06
261.99	80.91
262.203	35.49
262.417	-112.37
262.63	38.64
262.844	235.96
263.058	185.08
263.271	20.45
263.485	173.4
263.698	125.72
263.912	17.87
264.125	39.16
264.339	600
264.552	88.82
264.765	-224.35
264.979	35.74
265.192	-8.17
265.406	58.32
265.619	21.64
265.832	61.37
266.046	-151.4
266.259	124.07
266.473	-329.03
266.686	48.37
266.899	77.9
267.113	11400
267.326	-27.56
267.539	58.32
267.752	20.65
267.966	75.51
268.179	223.62
268.392	83.01
268.605	-146.46
268.819	154.49
269.032	-105.21
269.245	636.92
269.458	166.05
269.671	-174.68
269.885	30.6
270.098	26.79
270.311	-7.59
270.524	59.54
270.737	44.5
270.95	-154.97
271.163	174.8
271.376	1683.87
271.589	-83.54
271.802	72.07
272.016	-5.86
272.229	189.22
272.442	12.15
272.655	14.25
272.868	-89.42
273.081	-910.11
273.294	92.9
273.506	65.72
273.719	-19.55
273.932	141.35
274.145	-1560
274.358	74.41
274.571	53.45
274.784	56.6
274.997	26.96
275.21	-49.3
275.423	79.16
275.635	-171.86
275.848	85.19
276.061	425.17
276.274	56.78
276.487	78.26
276.699	4.47
276.912	72.12
277.125	242.55
277.338	32.57
277.55	38.95
277.763	108.43
277.976	200.8
278.189	-72.53
278.401	2.75
278.614	254.4
278.827	40.75
279.039	32.11
279.252	92.45
279.464	-62.92
279.677	105.65
279.89	74.34
280.102	21.11
280.315	453.66
280.527	-1421.05
280.74	-2131.03
280.952	114.22
281.165	51.23
281.377	83.75
281.59	163.64
281.802	169.68
282.015	163.37
282.227	116.24
282.44	-185.61
282.652	424.72
282.865	2.84
283.077	244.34
283.29	116.88
283.502	11.8
283.714	230.33
283.927	87.53
284.139	-64.38
284.351	59.85
284.564	93.05
284.776	79.89
284.988	61.48
285.201	653.73
285.413	58.7
285.625	-217.3
285.838	15.57
286.05	41.13
286.262	126.2
286.474	63.44
286.686	7.31
286.899	-61.88
287.111	109.92
287.323	57.44
287.535	-112.87
287.747	47.29
287.959	-18.6
288.172	687.27
288.384	52.2
288.596	-69.7
288.808	-124.53
289.02	-350.94
289.232	138.46
289.444	50.43
289.656	-17.59
289.868	99.78
290.08	165.64
290.292	211.91
290.504	-63.53
290.716	-7.08
290.928	73.34
291.14	1493.02
291.352	-7.03
291.564	-2576.47
291.776	117.04
291.988	180.37
292.2	88.15
292.412	48.65
292.624	163.28
292.835	367.16
293.047	-16.79
293.259	1.88
293.471	105.88
293.683	-219.51
293.895	43.08
294.106	-18.5
294.318	123.56
294.53	101.28
294.742	2048.28
294.953	126.2
295.165	42.61
295.377	142.43
295.589	64.1
295.8	23.41
296.012	-18.78
296.224	48.37
296.435	82.97
296.647	42.07
296.858	392.81
297.07	378.46
297.282	-86.04
297.493	102.26
297.705	17.14
297.916	-23.04
298.128	14.71
298.34	57.22
298.551	-15.76
298.763	76.46
298.974	59.9
299.186	9.26
299.397	5.25
299.609	-1296.77
299.82	196.24
300.031	39.03
300.243	3694.74
300.454	-342.33
300.666	76.32
300.877	179.15
301.089	181.28
301.3	109.01
301.511	73.95
301.723	110.42
301.934	528.36
302.145	1.81
302.357	158.07
302.568	72
302.779	-2.96
302.99	40.36
303.202	187.58
303.413	31.7
303.624	-14.24
303.835	350.94
304.047	70.45
304.258	9.72
304.469	52.13
304.68	55.4
304.891	54.55
305.103	155.21
305.314	147.14
305.525	9171.43
305.736	798.43
305.947	61.31
306.158	1023.53
306.369	60.72
306.58	63
306.791	139.67
307.002	-35.55
307.213	3.52
307.424	6.36
307.636	86.65
307.846	205.02
308.057	704.85
308.268	-27.58
308.479	6.16
308.69	22.28
308.901	40.11
309.112	-376.74
309.323	-25.28
309.534	25.48
309.745	-7.81
309.956	66.29
310.167	43.36
310.377	112.6
310.588	84.86
310.799	-26.72
311.01	-113.44
311.221	26.91
311.432	85.9
311.642	36.63
311.853	36.41
312.064	848.28
312.275	202.97
312.485	160.48
312.696	24
312.907	69.35
313.117	105.4
313.328	103.24
313.539	148.85
313.749	13.4
313.96	-402.2
314.171	103.12
314.381	2.85
314.592	-35.29
314.802	83.89
315.013	99.73
315.224	58.6
315.434	-1421.05
315.645	2040
315.855	106.27
316.066	60.67
316.276	273.5
316.487	-219.51
316.697	70.55
316.908	1.12
317.118	154.08
317.329	-53.3
317.539	50.79
317.749	167.38
317.96	-170.15
318.17	-120.52
318.381	164.84
318.591	-600
318.801	0.87
319.012	74.2
319.222	343.69
319.432	-58.06
319.643	19.24
319.853	34.98
320.063	31.89
320.273	-75.58
320.484	-415.38
320.694	262.04
320.904	136.27
321.114	357.3
321.325	351.72
321.535	25.59
321.745	-120.46
321.955	98.3
322.165	-81.57
322.375	92.16
322.585	430.67
322.796	-765.52
323.006	160.56
323.216	110.36
323.426	123.57
323.636	60.29
323.846	-1055.17
324.056	43.54
324.266	16.51
324.476	57.91
324.686	3.24
324.896	69.01
325.106	305.66
325.316	82.73
325.526	-94.74
325.736	69.38
325.946	18.5
326.156	631.17
326.366	-224.35
326.576	106.26
326.785	117.59
326.995	5.1
327.205	-45.23
327.415	364.07
327.625	48.18
327.835	4.85
328.044	105.53
328.254	234.78
328.464	-61.48
328.674	179.6
328.884	-125.18
329.093	105.88
329.303	40.45
329.513	-152.8
329.722	-2178.95
329.932	142.75
330.142	15.18
330.351	73.07
330.561	10.91
330.771	-81.92
330.98	-145.5
331.19	64.62
331.4	-184.45
331.609	57.32
331.819	1009.76
332.028	-174.86
332.238	278.64
332.447	15.63
332.657	45.81
332.866	111.4
333.076	39.09
333.285	103.58
333.495	445.16
333.704	-260.99
333.914	47.05
334.123	-36.2
334.333	526.15
334.542	161.85
334.752	360
334.961	-56.6
335.17	-105.53
335.38	-60.49
335.589	15.51
335.798	99.79
336.008	178.02
336.217	-94.47
336.426	67.98
336.636	-48.51
336.845	-25.35
337.054	818.18
337.263	80.07
337.473	-78.26
337.682	-25.41
337.891	26.27
338.1	496.4
338.309	-44.84
338.519	181.78
338.728	-2.22
338.937	-51.97
339.146	64.75
339.355	-849.06
339.564	-663.16
339.773	-51.26
339.983	42.49
340.192	67.83
340.401	178.2
340.61	135.1
340.819	32.66
341.028	96.39
341.237	-247.06
341.446	-19.07
341.655	138.46
341.864	36.97
342.073	92.23
342.282	-108.43
342.491	88.85
342.699	40.78
342.908	-335.06
343.117	7.92
343.326	-128.74
343.535	-425.45
343.744	-102.58
343.953	10.29
344.162	19.98
344.37	68.48
344.579	331.34
344.788	23.02
344.997	91.76
345.206	-48.86
345.414	133.46
345.623	68.63
345.832	-46.37
346.041	-51.78
346.249	-5.04
346.458	68.03
346.667	33.29
346.875	45.72
347.084	10.87
347.293	40.17
347.501	42.65
347.71	15.31
347.918	-42.07
348.127	-85.71
348.336	-178.81
348.544	124.44
348.753	-331.34
348.961	-26.83
349.17	238.61
349.378	84.83
349.587	22.33
349.795	110.68
350.004	138.46
350.212	19.98
350.421	270.8
350.629	-81.57
350.838	7.08
351.046	28.43
351.254	49.33
351.463	-4.58
351.671	-789.47
351.879	88.19
352.088	94.35
352.296	-302.65
352.504	78.67
352.713	167.61
352.921	335.43
353.129	-57.91
353.338	43.73
353.546	-97.04
353.754	173.01
353.962	-2.21
354.171	40.59
354.379	-1231.58
354.587	45.4
354.795	138.76
355.003	18.07
355.212	-38.07
355.42	-237.74
355.628	128.67
355.836	91.53
356.044	118.16
356.252	94.3
356.46	10.26
356.668	1061.54
356.876	52.69
357.084	83.36
357.292	25.67
357.5	-31.13
357.708	-25.73
357.916	21.25
358.124	47.23
358.332	-402.99
358.54	-360
358.748	-225.97
358.956	55.72
359.164	83.58
359.372	126.06
359.58	-280.58
359.788	43.4
359.996	65.98
360.203	-23.93
360.411	13.89
360.619	-232.16
360.827	63.87
361.035	-224.54
361.242	107.33
361.45	-83.54
361.658	139.34
361.866	115.51
362.073	27.56
362.281	35.18
362.489	24
362.697	56.04
362.904	-48.94
363.112	78.26
363.32	-0.9
363.527	5.22
363.735	39.38
363.943	38.88
364.15	53
364.358	20.44
364.565	73.87
364.773	107.01
364.98	-125.09
365.188	-24.62
365.395	72.95
365.603	115.93
365.81	58.88
366.018	-12.6
366.225	10.25
366.433	-10.42
366.64	47.83
366.848	35.06
367.055	31.97
367.263	158.32
367.47	55.04
367.677	68.35
367.885	-22.62
368.092	-33.28
368.299	-42.25
368.507	160.59
368.714	546.9
368.921	42.52
369.129	113.29
369.336	16.16
369.543	99.78
369.751	-40.75
369.958	-147.98
370.165	55.33
370.372	38.58
370.579	145.78
370.787	26.28
370.994	139.67
371.201	142.23
371.408	66.29
371.615	-28.93
371.822	61.5
372.029	42.71
372.237	-78.86
372.444	184.86
372.651	28.11
372.858	79.18
373.065	20.94
373.272	191.82
373.479	20.69
373.686	167.77
373.893	145.63
374.1	-152.15
374.307	-263.31
374.514	216.19
374.721	6.66
374.928	-194.81
375.135	-33.96
375.341	-1800
375.548	-40.1
375.755	99.71
375.962	9.34
376.169	-32.32
376.376	-89.88
376.583	3.99
376.789	64.97
376.996	41.1
377.203	-18.04
377.41	15.13
377.617	71.33
377.823	54.55
378.03	174.19
378.237	30.8
378.443	-37.71
378.65	1007.55
378.857	170.48
379.063	68.35
379.27	-57.39
379.477	37.6
379.683	-14.71
379.89	17.18
380.097	-22.31
380.303	56.92
380.51	-48.55
380.716	-5.36
380.923	203.15
381.129	69.81
381.336	80.31
381.542	34.43
381.749	48.22
381.955	27.39
382.162	85.37
382.368	53.13
382.575	104.03
382.781	1055.17
382.988	88.34
383.194	12.91
383.4	-22.28
383.607	36.93
383.813	-64.21
384.02	13.93
384.226	-129.78
384.432	-36.2
384.639	64.66
384.845	-356.96
385.051	-66.09
385.257	60.83
385.464	28.67
385.67	109.16
385.876	110.15
386.082	-58.98
386.289	26.21
386.495	5.1
386.701	-80.13
386.907	-75.19
387.113	26.18
387.319	81.71
387.526	72.31
387.732	137.01
387.938	225.6
388.144	-78.26
388.35	87.37
388.556	69.81
388.762	75.8
388.968	795.35
389.174	36.8
389.38	117.93
389.586	11.8
389.792	-48.55
389.998	-66.09
390.204	57.73
390.41	76.8
390.616	16.82
390.822	19.07
391.028	51.5
391.234	67.53
391.439	-495.15
391.645	9.54
391.851	40.74
392.057	-42.45
392.263	50.85
392.469	-27.42
392.674	20.42
392.88	15.06
393.086	-9.34
393.292	-23.03
393.498	-135.69
393.703	-0.5
393.909	33.67
394.115	84.5
394.32	92.37
394.526	3.86
394.732	85.86
394.937	43.31
395.143	201.62
395.349	63.5
395.554	-304.52
395.76	46.04
395.965	-27.78
396.171	52.6
396.377	-27.01
396.582	44.74
396.788	3.22
396.993	-3.65
397.199	30.03
397.404	42.38
397.61	-26.28
397.815	-25.16
398.021	-41.41
398.226	33.29
398.431	-17.35
398.637	40.08
398.842	41.88
399.048	65.96
399.253	55.1
399.458	38.67
399.664	12.88
399.869	6.38
400.074	34.7
400.28	37.12
400.485	-17.89
400.69	32.14
400.896	13.93
401.101	30.84
401.306	-6.36
401.511	48.07
401.716	10.16
401.922	1.05
402.127	-0.29
402.332	0.36
402.537	11.18
402.742	4.83
402.947	53.28
403.153	-6.5
403.358	-0.78
403.563	28.31
403.768	27.42
403.973	-3.89
404.178	6.35
404.383	12.14
404.588	22.35
404.793	35.87
404.998	23.48
405.203	5.32
405.408	5.61
405.613	8.18
405.818	14.97
406.023	0.79
406.228	9.54
406.433	2.73
406.638	16.5
406.842	11.96
407.047	8.34
407.252	5.16
407.457	15.1
407.662	11.47
407.867	7.58
408.071	4.37
408.276	13.69
408.481	9.38
408.686	10.52
408.891	14.62
409.095	9.35
409.3	4.13
409.505	10.26
409.709	4.95
409.914	15.31
410.119	8.21
410.323	7.78
410.528	2.66
410.733	9.69
410.937	8.31
411.142	6.07
411.346	14.41
411.551	5.87
411.756	6.21
411.96	10.92
412.165	1.74
412.369	6.17
412.574	2.48
412.778	5.73
412.983	6.61
413.187	8.01
413.392	2.57
413.596	6.43
413.8	7.97
414.005	4.88
414.209	6.05
414.414	4.44
414.618	4.16
414.822	7.26
415.027	7.06
415.231	3.89
415.435	7.14
415.64	8.45
415.844	2.76
416.048	4.32
416.252	7.76
416.457	6.28
416.661	7.49
416.865	5.57
417.069	5.56
417.274	6.52
417.478	5.29
417.682	6.84
417.886	3.53
418.09	4.88
418.294	4.87
418.498	7.1
418.702	6.3
418.907	5.3
419.111	4.17
419.315	6.7
419.519	5.5
419.723	4.29
419.927	5.6
420.131	8.5
420.335	4.47
420.539	3.42
420.743	8.23
420.947	4.64
421.151	6.51
421.355	5.3
421.558	6.76
421.762	3.86
421.966	6.06
422.17	5.08
422.374	3.96
422.578	5.26
422.782	5.57
422.985	4.45
423.189	5.75
423.393	4.95
423.597	4
423.801	4.91
424.004	5.22
424.208	5.29
424.412	4.77
424.615	4.77
424.819	4.99
425.023	5.17
425.226	5.01
425.43	6.56
425.634	5.02
425.837	4.31
426.041	5.91
426.245	4.78
426.448	5.3
426.652	5.16
426.855	4.71
427.059	4.58
427.262	5.06
427.466	4.91
427.669	4.95
427.873	4.69
428.076	5.33
428.28	4.25
428.483	4.88
428.687	5.36
428.89	4.24
429.094	3.79
429.297	5.43
429.5	5.22
429.704	4.62
429.907	5.31
430.11	5.02
430.314	4.97
430.517	4.73
430.72	5.34
430.924	4.92
431.127	4.18
431.33	5.11
431.533	4.98
431.737	4.57
431.94	4.58
432.143	4.83
432.346	4.93
432.549	4.69
432.752	4.39
432.956	5.13
433.159	4.19
433.362	4.33
433.565	4.94
433.768	4.8
433.971	3.65
434.174	5.06
434.377	4.92
434.58	4.8
434.783	4.41
434.986	4.8
435.189	4.76
435.392	4.77
435.595	4.53
435.798	4.68
436.001	5.26
436.204	5.3
436.407	4.43
436.61	4.6
436.813	5.17
437.016	4.46
437.219	5.26
437.421	4.79
437.624	5.03
437.827	4.53
438.03	4.6
438.233	4.67
438.435	4.88
438.638	4.98
438.841	4.83
439.044	4.53
439.246	4.7
439.449	4.87
439.652	4.89
439.854	5.04
440.057	4.81
440.26	4.81
440.462	4.79
440.665	4.34
440.868	4.62
441.07	4.96
441.273	4.56
441.475	4.98
441.678	4.58
441.88	4.77
442.083	4.2
442.286	4.76
442.488	4.62
442.69	4.83
442.893	4.74
443.095	4.62
443.298	4.85
443.5	4.68
443.703	4.61
443.905	4.82
444.108	4.75
444.31	5.02
444.512	4.56
444.715	4.87
444.917	4.81
445.119	4.63
445.322	4.58
445.524	5.11
445.726	4.8
445.928	4.39
446.131	4.42
446.333	5
446.535	4.64
446.737	4.43
446.94	4.72
447.142	4.55
447.344	5.05
447.546	5.04
447.748	4.9
447.95	4.8
448.152	4.83
448.354	4.52
448.557	5.32
448.759	5.21
448.961	4.83
449.163	4.74
449.365	5.19
449.567	4.85
449.769	4.6
449.971	4.89
450.173	4.63
450.375	4.78
450.577	4.77
450.779	4.88
450.981	4.69
451.182	5.01
451.384	4.63
451.586	5.15
451.788	4.86
451.99	4.99
452.192	4.85
452.394	4.94
452.595	5.41
452.797	5.1
452.999	5.39
453.201	5.14
453.402	5.01
453.604	5.14
453.806	4.96
454.008	4.95
454.209	5.5
454.411	5.61
454.613	5.6
454.814	5.03
455.016	5.24
455.218	5.04
455.419	5.47
455.621	4.76
455.822	5.08
456.024	5.21
456.225	5.94
456.427	5.52
456.629	4.95
456.83	5.43
457.032	5.37
457.233	4.79
457.435	5.42
457.636	5.96
457.837	5.79
458.039	5.16
458.24	5.94
458.442	5.62
458.643	5.09
458.844	5.38
459.046	5.26
459.247	6.36
459.448	6.06
459.65	5.72
459.851	5.77
460.052	6.29
460.254	6.01
460.455	6.36
460.656	5.99
460.857	5.19
461.059	4.78
461.26	5.61
461.461	5.45
461.662	5.63
461.863	5.61
462.065	5.58
462.266	5.62
462.467	4.74
462.668	4.91
462.869	5.93
463.07	5.47
463.271	5.58
463.472	5.4
463.673	5.12
463.874	5.97
464.075	5.72
464.276	5.69
464.477	5.88
464.678	6.68
464.879	5.99
465.08	6.01
465.281	6.93
465.482	5.51
465.683	5.42
465.884	5.91
466.085	5.52
466.285	6.17
466.486	6.37
466.687	6.6
466.888	6.55
467.089	6.1
467.29	6.49
467.49	5.31
467.691	6.4
467.892	4.64
468.093	5.19
468.293	5.61
468.494	5.63
468.695	6.05
468.895	5.32
469.096	6.03
469.297	6.12
469.497	5.98
469.698	6.95
469.898	6.09
470.099	5.89
470.3	6.65
470.5	5.69
470.701	6.77
470.901	6.68
471.102	5.52
471.302	5.52
471.503	6.36
471.703	7.42
471.904	6.22
472.104	5.53
472.305	6.27
472.505	6.96
472.705	5.06
472.906	6.56
473.106	7.09
473.306	5.91
473.507	7.07
473.707	7.47
473.907	5.61
474.108	6.6
474.308	5.57
474.508	7.04
474.709	5.52
474.909	6.49
475.109	4.1
475.309	6.49
475.51	4.78
475.71	6.79
475.91	6.2
476.11	5.52
476.31	5.89
476.51	6.09
476.71	5.8
476.911	6.81
477.111	5.72
477.311	4.81
477.511	6.75
477.711	6.32
477.911	5.55
478.111	6.81
478.311	8
478.511	6.6
478.711	6.5
478.911	5.78
479.111	6.29
479.311	5.41
479.511	7.09
479.711	4.76
479.91	4.55
480.11	7.17
480.31	2.91
480.51	6.31
480.71	5.81
480.91	6.46
481.109	7.15
481.309	6.25
481.509	4.63
481.709	7.04
481.909	4.78
482.108	5.18
482.308	5.42
482.508	8.14
482.707	6.57
482.907	5.4
483.107	6.78
483.306	5.88
483.506	5.5
483.706	6.19
483.905	5.96
484.105	8.06
484.304	5.69
484.504	4.82
484.704	7.8
484.903	6.43
485.103	7.1
485.302	6.07
485.502	6.58
485.701	6.07
485.901	5.44
486.1	5.74
486.299	6.17
486.499	4.89
486.698	7.17
486.898	4.95
487.097	5.84
487.296	4.51
487.496	5.27
487.695	5.1
487.894	6.09
488.094	6.54
488.293	7.3
488.492	5.72
488.692	5.59
488.891	5.79
489.09	6.36
489.289	6.24
489.489	5.01
489.688	5.23
489.887	6.44
490.086	5.94
490.285	6.5
490.484	8.14
490.683	6.96
490.883	6.87
491.082	7.02
491.281	6.25
491.48	6.79
491.679	8.07
491.878	6.41
492.077	7.31
492.276	5.94
492.475	4.67
492.674	5.25
492.873	5.94
493.072	5.55
493.271	6.46
493.47	5.14
493.669	5.18
493.867	5.94
494.066	6.19
494.265	6.67
494.464	5.32
494.663	5.53
494.862	5.82
495.06	6.42
495.259	6.11
495.458	6.31
495.657	5.86
495.856	5.5
496.054	7.44
496.253	6.95
496.452	5.71
496.65	5.41
496.849	6.07
497.048	7.13
497.246	4.71
497.445	6.67
497.644	5.74
497.842	6.63
498.041	7.17
498.239	7.96
498.438	7.09
498.636	7
498.835	6.72
499.034	6.12
499.232	6.5
499.431	6.83
499.629	6.51
499.827	6.74
500.026	6.5
500.224	6.76
500.423	6.84
500.621	6.35
500.82	7.02
501.018	6.49
501.216	6.49
501.415	6.18
501.613	6.13
501.811	7.1
502.01	6.28
502.208	6.82
502.406	6.93
502.604	7.08
502.803	6.4
503.001	7.35
503.199	7.27
503.397	6.99
503.595	6.56
503.794	5.97
503.992	7.02
504.19	6.41
504.388	7.01
504.586	6.71
504.784	6.74
504.982	7.28
505.18	6.2
505.378	6.47
505.576	6.97
505.774	6.86
505.972	7.13
506.17	7.03
506.368	6.95
506.566	6.65
506.764	6.95
506.962	7.6
507.16	7.14
507.358	6.73
507.556	6.8
507.754	7.24
507.952	7.01
508.15	7.34
508.347	7.29
508.545	8.02
508.743	7.6
508.941	7.13
509.139	7.43
509.336	7.33
509.534	7.82
509.732	7.29
509.93	6.64
510.127	7.49
510.325	7.5
510.523	7.73
510.72	7.81
510.918	7.57
511.116	7.49
511.313	7.58
511.511	7.78
511.708	7.58
511.906	8.24
512.104	7.91
512.301	7.97
512.499	8.42
512.696	7.9
512.894	7.2
513.091	7.73
513.289	7.85
513.486	8.48
513.683	7.17
513.881	7.71
514.078	8.14
514.276	8.3
514.473	7.56
514.67	8.35
514.868	7.93
515.065	7.87
515.262	8.22
515.46	7.63
515.657	7.78
515.854	8.14
516.052	7.83
516.249	8.58
516.446	8.55
516.643	8.2
516.84	8.45
517.038	8.24
517.235	8.38
517.432	8.27
517.629	8.32
517.826	8.64
518.023	8.32
518.221	8.85
518.418	8.74
518.615	8.57
518.812	8.35
519.009	8.71
519.206	8.11
519.403	8.24
519.6	8.66
519.797	8.32
519.994	8.5
520.191	8.72
520.388	8.72
520.585	8.65
520.782	8.69
520.978	8.51
521.175	8.8
521.372	8.66
521.569	8.75
521.766	8.36
521.963	8.71
522.159	8.78
522.356	8.99
522.553	9.13
522.75	9.02
522.947	9.2
523.143	9.07
523.34	8.62
523.537	8.42
523.733	8.91
523.93	8.73
524.127	8.77
524.323	9.15
524.52	8.66
524.717	8.9
524.913	8.9
525.11	8.96
525.306	9.34
525.503	8.82
525.7	9.19
525.896	8.47
526.093	9.08
526.289	9.06
526.486	8.97
526.682	8.65
526.878	9.61
527.075	9.11
527.271	8.77
527.468	9.48
527.664	9.01
527.861	8.85
528.057	8.72
528.253	9.33
528.45	8.66
528.646	8.62
528.842	9.1
529.039	9.04
529.235	8.92
529.431	9.36
529.627	8.98
529.824	9.4
530.02	9.25
530.216	9.26
530.412	9.73
530.608	9.5
530.804	9.75
531.001	9.38
531.197	9.38
531.393	9.3
531.589	8.72
531.785	9.33
531.981	9.5
532.177	9.71
532.373	9.78
532.569	9.26
532.765	9.43
532.961	9.4
533.157	9.32
533.353	9.64
533.549	9.39
533.745	9.44
533.941	9.67
534.137	9.32
534.333	9.4
534.529	9.63
534.725	9.79
534.92	9.87
535.116	9.67
535.312	9.67
535.508	9.39
535.704	9.5
535.899	9.41
536.095	9.66
536.291	9.77
536.487	9.78
536.682	10.32
536.878	9.55
537.074	9.56
537.269	9.91
537.465	9.4
537.661	9.66
537.856	9.24
538.052	9.61
538.248	9.66
538.443	9.96
538.639	9.6
538.834	9.88
539.03	9.74
539.225	9.61
539.421	9.79
539.616	10.2
539.812	10.16
540.007	9.75
540.203	9.88
540.398	10.01
540.593	9.94
540.789	9.63
540.984	9.59
541.18	10.03
541.375	9.8
541.57	9.94
541.766	9.95
541.961	10.26
542.156	9.97
542.352	10.31
542.547	9.64
542.742	10.14
542.937	10.59
543.133	10.45
543.328	10.35
543.523	9.92
543.718	10.06
543.913	10.14
544.108	10.18
544.304	10.14
544.499	10.5
544.694	10.21
544.889	10.39
545.084	10.43
545.279	10.58
545.474	10.4
545.669	10.05
545.864	10.22
546.059	10.37
546.254	10.16
546.449	10.29
546.644	10.12
546.839	10.18
547.034	10.41
547.229	10.52
547.424	10.93
547.618	10.97
547.813	10.54
548.008	10.62
548.203	10.41
548.398	10.69
548.593	10.57
548.787	10.42
548.982	10.66
549.177	10.66
549.372	11.08
549.566	10.72
549.761	10.43
549.956	10.28
550.15	10.73
550.345	10.62
550.54	11.21
550.734	10.58
550.929	10.65
551.124	11
551.318	10.83
551.513	10.37
551.707	10.92
551.902	11.06
552.096	10.88
552.291	11.07
552.485	11.04
552.68	11.24
552.874	11.02
553.069	11.33
553.263	11.42
553.458	11.51
553.652	11.48
553.847	10.88
554.041	11.33
554.235	11.28
554.43	11.03
554.624	11.34
554.818	10.92
555.013	10.96
555.207	11.05
555.401	11.45
555.595	11.31
555.79	10.81
555.984	11.31
556.178	11.41
556.372	11.66
556.566	11.48
556.761	11.22
556.955	11.48
557.149	11
557.343	11.18
557.537	11.58
557.731	11.64
557.925	11.28
558.119	11.52
558.313	11.64
558.507	11.34
558.701	11.46
558.895	11.66
559.089	11.96
559.283	11.82
559.477	11.9
559.671	11.76
559.865	11.57
560.059	11.46
560.253	11.61
560.447	11.39
560.641	11.88
560.835	12.35
561.028	12.03
561.222	11.86
561.416	11.91
561.61	11.61
561.804	11.99
561.997	11.92
562.191	11.97
562.385	11.42
562.579	11.62
562.772	12.04
562.966	11.81
563.16	11.95
563.353	12.15
563.547	12.11
563.741	11.86
563.934	11.97
564.128	11.74
564.321	12.25
564.515	12.46
564.708	12.1
564.902	12.19
565.095	11.86
565.289	12.36
565.482	12.22
565.676	12.09
565.869	12.62
566.063	12.26
566.256	12.43
566.45	12.04
566.643	12.31
566.836	12.15
567.03	12.72
567.223	12.26
567.416	12.81
567.61	11.98
567.803	12.2
567.996	12.53
568.19	12.32
568.383	12.01
568.576	12.31
568.769	12.5
568.963	12.64
569.156	12.61
569.349	12.93
569.542	12.52
569.735	12.48
569.928	12.8
570.121	12.63
570.315	12.73
570.508	12.77
570.701	12.96
570.894	12.66
571.087	12.47
571.28	13.13
571.473	12.65
571.666	12.57
571.859	12.45
572.052	12.33
572.245	12.97
572.438	12.53
572.631	12.68
572.824	12.87
573.016	12.76
573.209	13.06
573.402	12.9
573.595	13.16
573.788	12.68
573.981	13.14
574.173	12.91
574.366	12.9
574.559	13.05
574.752	12.78
574.944	12.34
575.137	12.95
575.33	12.55
575.523	13.29
575.715	12.69
575.908	12.68
576.101	12.8
576.293	13.34
576.486	12.85
576.678	12.88
576.871	12.66
577.063	13.09
577.256	12.99
577.449	12.57
577.641	13.05
577.834	13.14
578.026	13.23
578.219	12.85
578.411	13.03
578.603	13.24
578.796	12.49
578.988	12.86
579.181	13.34
579.373	13.05
579.565	13.62
579.758	13.05
579.95	13.5
580.142	13.03
580.335	13.13
580.527	13.65
580.719	13.07
580.912	13.25
581.104	13.55
581.296	13.33
581.488	13.96
581.68	13.83
581.873	13.54
582.065	13.28
582.257	12.92
582.449	13.34
582.641	13.56
582.833	13.26
583.025	12.94
583.217	13.96
583.41	13.58
583.602	13.66
583.794	13.59
583.986	14.12
584.178	13.38
584.37	13.58
584.562	13.64
584.753	13.59
584.945	13.51
585.137	13.8
585.329	13.4
585.521	13.92
585.713	13.6
585.905	13.98
586.097	13.71
586.289	13.57
586.48	14.03
586.672	13.6
586.864	14.13
587.056	13.96
587.247	13.39
587.439	13.84
587.631	13.94
587.823	14.07
588.014	13.7
588.206	13.76
588.398	13.85
588.589	14.36
588.781	13.28
588.972	14.1
589.164	13.99
589.356	14.2
589.547	14.27
589.739	13.94
589.93	14.31
590.122	13.76
590.313	13.76
590.505	14.01
590.696	13.87
590.888	13.35
591.079	14.47
591.271	14.46
591.462	14.28
591.653	14.58
591.845	14.24
592.036	14.39
592.227	14.15
592.419	14.31
592.61	14.5
592.801	14.27
592.993	14.72
593.184	14.14
593.375	14.27
593.566	14.62
593.758	14.58
593.949	14.03
594.14	14.27
594.331	14.64
594.522	14.25
594.713	14.74
594.905	14.97
595.096	14.89
595.287	14.28
595.478	14.64
595.669	14.78
595.86	14.38
596.051	14.52
596.242	14.39
596.433	14.13
596.624	14.55
596.815	14.71
597.006	14.7
597.197	14.84
597.388	14.61
597.579	14.87
597.77	14.97
597.96	15.24
598.151	15.13
598.342	15.18
598.533	14.94
598.724	14.84
598.915	15.38
599.105	14.72
599.296	14.92
599.487	14.53
599.678	15.15
599.868	15.87
600.059	15.44
600.25	15.73
600.44	15.7
600.631	15.36
600.822	15.56
601.012	15.53
601.203	15
601.394	14.91
601.584	15.64
601.775	15.61
601.965	15.46
602.156	15.14
602.346	15.1
602.537	15.3
602.727	15.95
602.918	15.31
603.108	16.29
603.299	15.48
603.489	15.76
603.679	15.05
603.87	15.61
604.06	15.81
604.251	15.48
604.441	15.34
604.631	15.37
604.822	16.22
605.012	15.58
605.202	15.94
605.392	15.36
605.583	15.67
605.773	15.9
605.963	16.04
606.153	15.47
606.344	15.76
606.534	16.21
606.724	15.91
606.914	15.98
607.104	16.25
607.294	16.26
607.484	16.01
607.674	16.03
607.864	15.99
608.054	15.57
608.245	16.06
608.435	16.52
608.625	16.25
608.814	16.68
609.004	16.37
609.194	16.39
609.384	16.47
609.574	16.58
609.764	15.8
609.954	15.89
610.144	16.28
610.334	16.12
610.524	16.29
610.713	16.07
610.903	16.75
611.093	16.54
611.283	17.36
611.473	15.95
611.662	17.02
611.852	16.34
612.042	16.24
612.231	16.4
612.421	16.92
612.611	16.01
612.8	16.65
612.99	16.77
613.18	16.64
613.369	16.37
613.559	16.87
613.748	15.89
613.938	16.5
614.128	16.65
614.317	16.39
614.507	17.1
614.696	16.56
614.886	16.63
615.075	16.28
615.264	16.51
615.454	17.2
615.643	16.67
615.833	16.7
616.022	16.75
616.211	17.58
616.401	16.14
616.59	17.12
616.779	17.44
616.969	17.18
617.158	16.34
617.347	16.74
617.537	16.93
617.726	16.65
617.915	17.11
618.104	16.3
618.293	16.85
618.483	16.91
618.672	17.55
618.861	17.24
619.05	17.23
619.239	16.38
619.428	17.01
619.617	16.95
619.806	17.65
619.995	17.64
620.184	17.23
620.373	16.88
620.562	17.09
620.751	17.45
620.94	17.44
621.129	17.31
621.318	17.57
621.507	17.49
621.696	17.25
621.885	17.14
622.074	17.56
622.263	16.86
622.452	18.03
622.64	17
622.829	16.37
623.018	17.85
623.207	16.76
623.396	18.3
623.584	17.22
623.773	18.45
623.962	17.82
624.15	18.08
624.339	18.28
624.528	17.62
624.716	17.62
624.905	17.49
625.094	18.01
625.282	17.14
625.471	16.98
625.659	17.94
625.848	17.34
626.037	17.84
626.225	17.35
626.414	17.5
626.602	17.63
626.791	17.46
626.979	17.98
627.167	17.86
627.356	18.24
627.544	18.51
627.733	17.97
627.921	18.32
628.109	17.88
628.298	18.29
628.486	17.2
628.674	18.38
628.863	18.02
629.051	18.93
629.239	18.41
629.428	17.72
629.616	19.05
629.804	19.07
629.992	18.69
630.18	18.56
630.369	18.02
630.557	18.58
630.745	17.99
630.933	18.43
631.121	17.93
631.309	18.6
631.497	17.88
631.685	17.92
631.873	18.1
632.061	17.61
632.249	18.77
632.437	18.96
632.625	18.01
632.813	18.85
633.001	17.87
633.189	18.56
633.377	18.86
633.565	17.04
633.753	17.85
633.941	18.63
634.129	18.3
634.316	18.79
634.504	18.99
634.692	18.81
634.88	19.08
635.068	18.8
635.255	18.7
635.443	19.14
635.631	17.9
635.818	18.74
636.006	18.78
636.194	18.74
636.382	18.34
636.569	19.07
636.757	19.13
636.944	19.39
637.132	19.55
637.32	18.84
637.507	18.19
637.695	18.91
637.882	18.5
638.07	20.39
638.257	19.02
638.445	18.03
638.632	18.76
638.82	18.19
639.007	18.6
639.194	19.18
639.382	18.98
639.569	19
639.757	19.69
639.944	17.86
640.131	18.79
640.319	18.25
640.506	19.04
640.693	19.46
640.88	19.35
641.068	19.52
641.255	19.01
641.442	19.42
641.629	18.87
641.817	19.37
642.004	18.76
642.191	20.1
642.378	18.86
642.565	19.43
642.752	18.86
642.939	17.59
643.126	18.55
643.313	18.18
643.501	19.36
643.688	18.52
643.875	18.98
644.062	18.89
644.249	18.73
644.435	19.05
644.622	18.66
644.809	18.97
644.996	18.62
645.183	18.58
645.37	19.79
645.557	19.32
645.744	19.18
645.931	19.29
646.117	19.82
646.304	20.03
646.491	19.51
646.678	19.09
646.865	19.02
647.051	18.92
647.238	19.81
647.425	18.54
647.611	19.61
647.798	19.16
647.985	19.44
648.171	19.11
648.358	19.13
648.545	19.71
648.731	19.31
648.918	19.4
649.104	18.7
649.291	19.35
649.477	18.43
649.664	18.87
649.85	19.3
650.037	19.51
650.223	18.66
650.41	18.43
650.596	18.99
650.783	18.82
650.969	19.6
651.155	19.52
651.342	19.13
651.528	19.09
651.714	18.93
651.901	20.05
652.087	19.09
652.273	17.94
652.46	20.97
652.646	20.54
652.832	18
653.018	18.6
653.204	20
653.391	20.41
653.577	19.68
653.763	20.59
653.949	20.87
654.135	18.48
654.321	19.19
654.507	19.19
654.693	19.92
654.879	18.94
655.065	19.03
655.252	19.38
655.438	18.74
655.624	20.53
655.809	19.1
655.995	19.17
656.181	20.28
656.367	19.4
656.553	18.85
656.739	19.68
656.925	21.24
657.111	20.3
657.297	20.87
657.482	18.4
657.668	20.32
657.854	19.87
658.04	18.65
658.226	19.15
658.411	17.79
658.597	21.42
658.783	21.37
658.968	19.55
659.154	18.57
659.34	19.02
659.525	18.51
659.711	19.35
659.897	19.88
660.082	18.65
660.268	18.38
660.453	20.5
660.639	20.36
660.824	19.24
661.01	19.91
661.195	18.96
661.381	20.2
661.566	19.6
661.752	17.89
661.937	18.43
662.123	18.52
662.308	18.52
662.494	19.09
662.679	18.97
662.864	19.33
663.05	19.24
663.235	18.74
663.42	18.44
663.605	19.89
663.791	19.46
663.976	17.22
664.161	19.47
664.346	19.01
664.532	19.1
664.717	16.82
664.902	21.4
665.087	21.56
665.272	19.6
665.457	17.86
665.642	18.04
665.828	19.17
666.013	19.23
666.198	16.78
666.383	18.51
666.568	19.55
666.753	21.22
666.938	19.34
667.123	19.27
667.308	18.82
667.493	19.33
667.677	18.75
667.862	18.21
668.047	19.45
668.232	19.73
668.417	19.48
668.602	17.51
668.787	20.12
668.971	18.23
669.156	19.37
669.341	17.11
669.526	16.07
669.711	21.26
669.895	18.7
670.08	17.05
670.265	19.96
670.449	17.54
670.634	19.33
670.819	18.14
671.003	17.35
671.188	19.67
671.372	19.57
671.557	17.91
671.742	21.35
671.926	16.05
672.111	16.8
672.295	19.11
672.48	15.71
672.664	17.71
672.849	14.79
673.033	18.59
673.217	17.93
673.402	16.51
673.586	14.95
673.771	19.53
673.955	20.21
674.139	20.12
674.324	17.75
674.508	19.47
674.692	18.9
674.876	19.81
675.061	18.16
675.245	20.27
675.429	17.66
675.613	17.75
675.798	20.04
675.982	20.57
676.166	20.5
676.35	19.43
676.534	18.79
676.718	18.41
676.902	20.7
677.087	14.89
677.271	17.03
677.455	21.73
677.639	18.23
677.823	18.82
678.007	20.38
678.191	19.5
678.375	20.21
678.559	18.26
678.742	20.04
678.926	23.59
679.11	22.68
679.294	22.87
679.478	18.23
679.662	19.48
679.846	22.31
680.029	21.49
680.213	21.47
680.397	17.8
680.581	21.87
680.765	21.99
680.948	19.68
681.132	20.74
681.316	18.77
681.499	22.75
681.683	23.29
681.867	23.09
682.05	24.33
682.234	17.95
682.417	24.98
682.601	24.13
682.785	23.46
682.968	22.51
683.152	21.24
683.335	20.63
683.519	21.35
683.702	23.37
683.886	22.67
684.069	23.64
684.253	22.11
684.436	24.32
684.619	25.83
684.803	24.3
684.986	23.53
685.169	23.83
685.353	22.88
685.536	24.45
685.719	24.27
685.903	24.69
686.086	22.85
686.269	27.21
686.452	23.05
686.636	26.95
686.819	22.92
687.002	23.35
687.185	26.74
687.368	23.79
687.551	25.87
687.734	29.88
687.918	25.27
688.101	24.36
688.284	26.23
688.467	26.78
688.65	26.83
688.833	27.6
689.016	28.33
689.199	22.67
689.382	27.82
689.565	26.16
689.748	27.39
689.93	23.23
690.113	27.49
690.296	25.3
690.479	25.61
690.662	25.35
690.845	25.53
691.028	24.42
691.21	26.89
691.393	26.22
691.576	28
691.759	24.82
691.941	27.55
692.124	29.77
692.307	25.11
692.489	22.39
692.672	28.77
692.855	31.88
693.037	28.87
693.22	32.46
693.403	22.86
693.585	32.29
693.768	29.98
693.95	23.62
694.133	29.01
694.315	31.53
694.498	30.91
694.68	26.9
694.863	29.49
695.045	31.6
695.228	31.53
695.41	31.06
695.592	29.93
695.775	30.68
695.957	30.12
696.139	30.68
696.322	31.44
696.504	30.69
696.686	28.55
696.869	27.8
697.051	28.72
697.233	35.38
697.415	30.73
697.597	29.75
697.78	33.13
697.962	29.75
698.144	32.97
698.326	32.01
698.508	33.4
698.69	30.71
698.872	25.38
699.055	31.75
699.237	29.58
699.419	27
699.601	25.54
699.783	30.55
699.965	31.33
700.147	30.34
700.329	31.22
700.51	30.52
700.692	33.37
700.874	27.31
701.056	33.93
701.238	34.11
701.42	36.09
701.602	31.04
701.783	30.22
701.965	21.63
702.147	27.93
702.329	29.44
702.511	36.15
702.692	31.08
702.874	24.44
703.056	26.44
703.237	33.95
703.419	35.46
703.601	36.69
703.782	25.58
703.964	34.27
704.146	31.64
704.327	27.79
704.509	37.94
704.69	34.5
704.872	34.82
705.053	31.38
705.235	42.54
705.416	36.2
705.598	25.39
705.779	36.13
705.961	30.28
706.142	29.87
706.323	31.59
706.505	31.32
706.686	34.96
706.867	32.41
707.049	26
707.23	29.16
707.411	37.57
707.593	35.04
707.774	26.5
707.955	34.66
708.136	30.83
708.318	28.82
708.499	29.9
708.68	30.27
708.861	30.64
709.042	33.23
709.223	26.7
709.404	33.64
709.585	26.72
709.767	36.35
709.948	37.38
710.129	40.45
710.31	27.77
710.491	26
710.672	33.49
710.853	18.52
711.034	36.39
711.214	35.65
711.395	34.7
711.576	33.17
711.757	30.21
711.938	29.89
712.119	29.87
712.3	31.33
712.481	24.19
712.661	31.01
712.842	30.33
713.023	25.2
713.204	23.23
713.384	28.12
713.565	31.74
713.746	28.53
713.926	23.75
714.107	27.7
714.288	23
714.468	36.26
714.649	40.35
714.83	33.64
715.01	32.36
715.191	33.97
715.371	37.88
715.552	31.28
715.732	32.21
715.913	39.97
716.093	35.15
716.274	27.91
716.454	22.71
716.635	31.95
716.815	35.98
716.995	23.95
717.176	37.4
717.356	30.43
717.536	41.31
717.717	25.14
717.897	27.39
718.077	25.67
718.258	32.39
718.438	42.65
718.618	42.12
718.798	34.32
718.978	39.29
719.159	29.5
719.339	40.1
719.519	30.25
719.699	41.91
719.879	30.79
720.059	25.14
720.239	29.02
720.419	48.05
720.599	26.13
720.779	46.09
720.959	21.79
721.139	25.78
721.319	41.6
721.499	37.05
721.679	20.37
721.859	26.16
722.039	22.94
722.219	32.15
722.399	35.76
722.579	26.78
722.759	30.37
722.938	34.48
723.118	30.84
723.298	17.99
723.478	32.97
723.658	46.32
723.837	38.67
724.017	21.22
724.197	27.49
724.376	36.06
724.556	17.49
724.736	32.94
724.915	32.36
725.095	38.21
725.275	40.5
725.454	33.54
725.634	45.5
725.813	44.15
725.993	28.99
726.172	35.94
726.352	26.12
726.531	30.43
726.711	15.74
726.89	32.69
727.07	37.66
727.249	27.52
727.428	22.96
727.608	42.56
727.787	29.94
727.966	34.22
728.146	45.31
728.325	44.13
728.504	45.22
728.684	26.24
728.863	37.16
729.042	12.92
729.221	24.47
729.4	36.91
729.58	24.88
729.759	35.13
729.938	50.96
730.117	52.95
730.296	25.28
730.475	29.13
730.654	31.37
730.833	30.91
731.013	17.64
731.192	22.69
731.371	45.48
731.55	47.95
731.729	36.55
731.907	48.98
732.086	46.09
732.265	5.94
732.444	23.78
732.623	29.13
732.802	44.96
732.981	26.01
733.16	36.09
733.339	33.46
733.517	36.33
733.696	41.49
733.875	31.77
734.054	47.5
734.232	42.67
734.411	39.63
734.59	26.42
734.768	31.88
734.947	38.24
735.126	22.54
735.304	22.29
735.483	37.19
735.662	56.8
735.84	32.76
736.019	37.67
736.197	25.88
736.376	36.83
736.554	54.64
736.733	44.17
736.911	39.56
737.09	29.48
737.268	47.89
737.447	53.3
737.625	33.32
737.803	6.93
737.982	60.09
738.16	37.44
738.338	59.2
738.517	27.99
738.695	39.29
738.873	58.59
739.052	45.7
739.23	23.61
739.408	29.02
739.586	34.61
739.764	42.54
739.943	40.59
740.121	23.98
740.299	38.72
740.477	43.2
740.655	81.31
740.833	41.71
741.011	62.57
741.189	42.07
741.367	43.65
741.545	4.09
741.723	25.36
741.901	18.81
742.079	30.34
742.257	37.23
742.435	37.88
742.613	30.67
742.791	34.7
742.969	37.97
743.147	25.59
743.325	27.58
743.503	39.39
743.68	35.41
743.858	16.17
744.036	-2.49
744.214	12.1
744.391	42.38
744.569	34.78
744.747	50.95
744.925	28.4
745.102	8.08
745.28	24.74
745.458	58.14
745.635	38.02
745.813	39.54
745.99	37.91
746.168	55.82
746.345	37.61
746.523	26
746.7	23.83
746.878	30.69
747.055	30.16
747.233	46.68
747.41	44.78
747.588	33.11
747.765	43.71
747.943	29.79
748.12	33.31
748.297	43.98
748.475	45.38
748.652	60.92
748.829	64.6
749.007	16.32
749.184	33.54
749.361	40.36
749.538	48.99
749.716	51.11
749.893	78.1
750.07	33
750.247	62.85
750.424	85.86
750.601	45.89
750.778	72
750.956	28.41
751.133	38.44
751.31	36.53
751.487	14.82
751.664	20.96
751.841	9.16
752.018	41.85
752.195	45.08
752.372	35.85
752.549	0.59
752.726	45.31
752.902	20.59
753.079	34.67
753.256	61.53
753.433	29.19
753.61	47.99
753.787	16.37
753.964	2.11
754.14	-1.91
754.317	56.08
754.494	25.1
754.671	55.93
754.847	37.09
755.024	85.59
755.201	28.61
755.377	61.9
755.554	66.39
755.73	17.48
755.907	33.98
756.084	81.21
756.26	35.53
756.437	36.45
756.613	-0.44
756.79	33.32
756.966	28.06
757.143	88.73
757.319	48.12
757.496	43.75
757.672	39.88
757.849	94.57
758.025	32.98
758.201	76.36
758.378	23.58
758.554	27.18
758.73	22.54
758.907	44.87
759.083	-0.36
759.259	99.91
759.435	64.93
759.612	77.07
759.788	43.86
759.964	23.2
760.14	30.78
760.316	12.1
760.493	36.6
760.669	37.26
760.845	47.23
761.021	-69.7
761.197	26.21
761.373	87.05
761.549	39.72
761.725	1.54
761.901	47.74
762.077	59.44
762.253	30.38
762.429	65.85
762.605	22.59
762.781	28.04
762.957	18.67
763.133	78.05
763.308	30.58
763.484	81.66
763.66	93.26
763.836	54.33
764.012	23.86
764.187	-0.39
764.363	105.11
764.539	46.69
764.715	30.93
764.89	25.14
765.066	18.23
765.242	45.4
765.417	61.07
765.593	38.61
765.769	72.96
765.944	18.37
766.12	78.14
766.295	65.39
766.471	51.05
766.646	62.95
766.822	121.29
766.997	71.94
767.173	35.16
767.348	69.86
767.524	31.7
767.699	0.71
767.875	22.65
768.05	-5.14
768.225	80.75
768.401	29.69
768.576	126.47
768.751	34.31
768.927	87.16
769.102	5.59
769.277	37.18
769.452	112.07
769.628	26.83
769.803	141.68
769.978	117.04
770.153	34.11
770.328	8.38
770.503	65.3
770.679	73.35
770.854	40.81
771.029	-26.29
771.204	-226.49
771.379	33.3
771.554	111.04
771.729	30.79
771.904	-31.13
772.079	66.86
772.254	129.75
772.429	40.98
772.604	23.14
772.779	109.72
772.953	28.43
773.128	54.05
773.303	16.75
773.478	13.53
773.653	25.83
773.828	60.68
774.002	125.89
774.177	21.06
774.352	-26.09
774.527	-23.17
774.701	63.85
774.876	72.05
775.051	-3.21
775.225	335.91
775.4	31.99
775.575	67.11
775.749	59.44
775.924	101.89
776.098	-30.98
776.273	65.84
776.447	88.16
776.622	8.14
776.796	13.11
776.971	-146.53
777.145	-1.96
777.32	39.58
777.494	90.98
777.669	51.87
777.843	-44.95
778.017	37.8
778.192	68.87
778.366	-0.92
778.54	21.71
778.715	110.95
778.889	-16.38
779.063	73.51
779.237	56.46
779.412	3.81
779.586	43.18
779.76	-55.35
779.934	2.04
780.108	22.8
780.282	-331.34
780.457	31.76
780.631	-89.21
780.805	73.97
780.979	-725.37
781.153	96.68
781.327	23.55
781.501	99.86
781.675	-64.72
781.849	44.47
782.023	69.98
782.197	9.9
782.371	92.57
782.545	305.52
782.718	159.01
782.892	63.33
783.066	29.73
783.24	216.19
783.414	19.76
783.588	70.23
783.761	37.18
783.935	241.91
784.109	158.32
784.283	-57.39
784.456	230.33
784.63	77.57
784.804	92.69
784.977	38.04
785.151	-77.38
785.324	7.23
785.498	31.13
785.672	16.8
785.845	68.34
786.019	2.84
786.192	313.91
786.366	91.88
786.539	107.8
786.713	112.81
786.886	58.33
787.06	-1.81
787.233	-15.03
787.406	-10.11
787.58	55.96
787.753	4.34
787.926	6.69
788.1	114.11
788.273	-554.72
788.446	188.19
788.62	406.45
788.793	42.08
788.966	30.93
789.139	8.45
789.313	181.47
789.486	257.14
789.659	-85.71
789.832	23.85
790.005	25.58
790.178	-175.22
790.351	-3.29
790.524	95.59
790.697	12.8
790.87	27.41
791.044	272.73
791.216	57.65
791.389	105.88
791.562	175.99
791.735	-402.53
791.908	-288.31
792.081	110.42
792.254	534.07
792.427	-60.22
792.6	-78.72
792.773	-13.8
792.945	-420.9
793.118	126.55
793.291	270.33
793.464	-33.19
793.637	-106.75
793.809	99.8
793.982	122.05
794.155	99.74
794.327	30.36
794.5	9.23
794.673	36.44
794.845	39.69
795.018	70.05
795.19	-316.85
795.363	85.49
795.536	139.69
795.708	-522.58
795.881	5160
796.053	-66.95
796.226	202.29
796.398	41.65
796.57	81.64
796.743	61.22
796.915	-15.29
797.088	123.89
797.26	-99.21
797.432	113.92
797.605	-368.98
797.777	-1098.7
797.949	108.88
798.122	84.86
798.294	411.66
798.466	-17.14
798.638	28.21
798.81	120
798.983	159.49
799.155	79.37
799.327	-21.69
799.499	54.97
799.671	40.28
799.843	27.01
800.015	179.77
800.187	10.57
800.359	129.05
800.531	68.04
800.703	11.61
800.875	90.98
801.047	99.79
801.219	79.86
801.391	-584.42
801.563	30.22
801.735	9.77
801.907	283.44
802.079	126.81
802.251	-494.51
802.422	165.35
802.594	194.81
802.766	-99.78
802.938	244.84
803.11	266.94
803.281	27.81
803.453	38.42
803.625	66.41
803.796	12.94
803.968	33.93
804.14	-16.42
804.311	22.28
804.483	128.14
804.654	112.91
804.826	325.39
804.998	330.48
805.169	-280.31
805.341	-264
805.512	-78.26
805.684	176.18
805.855	208.07
806.026	138.46
806.198	173.01
806.369	111.03
806.541	19.3
806.712	116.99
806.883	158.58
807.055	37.01
807.226	121.39
807.397	-46.15
807.569	111.5
807.74	45.23
807.911	-2.45
808.082	-2.69
808.253	-314.85
808.425	143.05
808.596	-613.48
808.767	280.58
808.938	-13.77
809.109	386.14
809.28	-389.57
809.451	20.47
809.622	401.07
809.793	251.61
809.964	26.09
810.135	50.85
810.306	45.09
810.477	422.82
810.648	70.65
810.819	-24.09
810.99	-24120
811.161	-109.29
811.332	29.19
811.503	89.75
811.674	-9.23
811.844	-156.92
812.015	77.57
812.186	541.1
812.357	-177.68
812.527	63.83
812.698	-29.16
812.869	260.38
813.04	75.17
813.21	-475.86
813.381	142.41
813.551	-62.54
813.722	119.6
813.893	4.67
814.063	69.98
814.234	512.73
814.404	19.44
814.575	327.46
814.745	26.55
814.916	188.09
815.086	26.53
815.257	-40.36
815.427	3.68
815.598	25.9
815.768	106.46
815.938	40.85
816.109	187.04
816.279	170.94
816.449	-30.82
816.62	1168.42
816.79	84.73
816.96	-1030.19
817.13	20.52
817.301	-112.69
817.471	-54.55
817.641	173.01
817.811	-109.49
817.981	-4200
818.152	8.53
818.322	-41.58
818.492	246.65
818.662	205.65
818.832	7.39
819.002	16.1
819.172	258.36
819.342	-24.28
819.512	63.34
819.682	82.73
819.852	26.69
820.022	123.73
820.192	343.82
820.362	-30.6
820.531	91.86
820.701	183.67
820.871	95.59
821.041	-171.04
821.211	-143.95
821.381	-67.33
821.55	155.74
821.72	-376.74
821.89	-120
822.059	115.05
822.229	17.4
822.399	-24.22
822.568	65.83
822.738	-395.12
822.908	511.66
823.077	42.07
823.247	108.12
823.416	-1305.88
823.586	28.88
823.756	-45.63
823.925	-37.97
824.095	265.12
824.264	-99.55
824.433	58.41
824.603	99.81
824.772	1.63
824.942	-569.62
825.111	21.11
825.28	-85.71
825.45	-36.52
825.619	-3.73
825.788	33.71
825.958	-33.27
826.127	306.58
826.296	103.58
826.465	139.76
826.635	9.06
826.804	-57.22
826.973	81.92
827.142	28.09
827.311	36.24
827.48	175.58
827.649	20.69
827.818	146.46
827.988	100.8
828.157	-39.5
828.326	36.6
828.495	-5.1
828.664	-21.01
828.833	112.37
829.002	-294.41
829.17	76.51
829.339	153.77
829.508	-26.72
829.677	60.67
829.846	95.07
830.015	99.72
830.184	13.89
830.352	170.03
830.521	176.98
830.69	1273.17
830.859	3705.88
831.027	-1547.37
831.196	-24.54
831.365	-32.57
831.533	40.35
831.702	138.46
831.871	59.28
832.039	5.25
832.208	-57.39
832.377	-363.78
832.545	-32.39
832.714	83.73
832.882	-4.77
833.051	128.49
833.219	7114.29
833.388	136.06
833.556	190.67
833.724	31.8
833.893	25.25
834.061	3694.74
834.23	120
834.398	192.28
834.566	397.4
834.735	1285.71
834.903	56.6
835.071	-8520
835.239	-45.25
835.408	127.69
835.576	572.09
835.744	-33.25
835.912	56.84
836.08	103.91
836.249	-803.77
836.417	221.39
836.585	85.2
836.753	116.08
836.921	314.59
837.089	1285.71
837.257	-237.21
837.425	-201.7
837.593	-46.38
837.761	113.82
837.929	-68.4
838.097	50.38
838.265	52.59
838.433	-41.31
838.601	163.93
838.769	-7.59
838.936	397.75
839.104	171.66
839.272	94.35
839.44	53.19
839.608	-863.41
839.775	49.33
839.943	77.9
840.111	72.9
840.279	84.43
840.446	8.96
840.614	-85.71
840.781	88.7
840.949	63.95
841.117	-203.62
841.284	-249.79
841.452	-11.18
841.619	55.23
841.787	250.18
841.954	-544.19
842.122	-391.91
842.289	56.6
842.457	-25.5
842.624	121.64
842.792	-74.45
842.959	-10.29
843.126	143.66
843.294	-93.01
843.461	212.08
843.629	-465.6
843.796	112.74
843.963	21.01
844.13	204.51
844.298	-2.32
844.465	22.74
844.632	26.09
844.799	-57.29
844.966	2.55
845.134	117.13
845.301	41.14
845.468	-91.39
845.635	167.49
845.802	33.19
845.969	84.4
846.136	147.9
846.303	1294.74
846.47	56.72
846.637	452.31
846.804	-1863.16
846.971	-21.64
847.138	187.64
847.305	-69.03
847.472	27.36
847.639	184.07
847.805	-39.79
847.972	397.4
848.139	-193.13
848.306	-473.68
848.473	-8.96
848.639	61.51
848.806	446.4
848.973	67.69
849.14	104.1
849.306	-83.41
849.473	202.65
849.64	-286.15
849.806	134.93
849.973	35.68
850.139	35.76
850.306	89.2
850.472	188.19
850.639	29.51
850.806	94.74
850.972	380.87
851.139	3342.86
851.305	44.82
851.471	-113.17
851.638	312.88
851.804	-62.69
851.971	-62.53
852.137	-8.06
852.303	17.87
852.47	29.48
852.636	89
852.802	-14.17
852.968	140.43
853.135	94.42
853.301	-52.02
853.467	45.25
853.633	-1.07
853.8	86.55
853.966	-137.06
854.132	-4028.57
854.298	-249.64
854.464	-47.19
854.63	93.78
854.796	266.44
854.962	401.44
855.128	-28.76
855.294	-53.2
855.46	72.14
855.626	67
855.792	99.61
855.958	320.39
856.124	173.01
856.29	202.65
856.456	62
856.622	186.38
856.787	490.91
856.953	14.11
857.119	-41.58
857.285	110.9
857.45	86.93
857.616	16.97
857.782	35.29
857.948	-54.55
858.113	-129.01
858.279	-39.59
858.445	675.59
858.61	711.63
858.776	-94.74
858.941	160.4
859.107	53.91
859.273	-57.88
859.438	117.34
859.604	-94.74
859.769	675.59
859.935	17.82
860.1	61.56
860.265	-4.52
860.431	271.94
860.596	7628.57
860.762	124.2
860.927	35.69
861.092	-45.59
861.258	-66.29
861.423	150.58
861.588	40.2
861.753	-3514.29
861.919	-713.21
862.084	155.91
862.249	262.37
862.414	-26.62
862.579	124.87
862.745	8.66
862.91	126.2
863.075	173.94
863.24	34.18
863.405	298.49
863.57	17.59
863.735	-118.54
863.9	-408.85
864.065	18.72
864.23	58.58
864.395	134.52
864.56	248.34
864.725	934.18
864.89	289.89
865.055	189.59
865.22	-10.24
865.384	-411.24
865.549	366.99
865.714	-12.65
865.879	135.74
866.044	-68.85
866.208	111.66
866.373	375.82
866.538	153.16
866.702	-13.77
866.867	5.27
867.032	7.06
867.196	62.3
867.361	-110.4
867.526	-172.53
867.69	-11.51
867.855	613.19
868.019	752.73
868.184	-22.8
868.348	165.87
868.513	-832.26
868.677	170.43
868.842	57.24
869.006	93.48
869.17	-1143.4
869.335	-1390.24
869.499	-262.14
869.663	274.17
869.828	-123.89
869.992	879.07
870.156	56.67
870.321	-86.22
870.485	-22.62
870.649	99.74
870.813	-73.06
870.978	-17.87
871.142	249.23
871.306	-48.34
871.47	-30.66
871.634	165.35
871.798	-33.54
871.962	261.05
872.126	2142.86
872.29	-77
872.454	2142.86
872.618	8.61
872.782	98.51
872.946	-116.78
873.11	57.29
873.274	52.02
873.438	-2364.71
873.602	-55.41
873.766	-335.06
873.93	-34.52
874.094	101.12
874.257	55.7
874.421	211.56
874.585	556.36
874.749	75.54
874.912	-116.55
875.076	64.02
875.24	-131.8
875.403	239.59
875.567	181.71
875.731	303.37
875.894	-149.39
876.058	83.25
876.222	-734.83
876.385	93.47
876.549	-35.29
876.712	992.73
876.876	7.29
877.039	164.48
877.203	21.08
877.366	217.12
877.529	91.17
877.693	-22.85
877.856	179.18
878.02	131.83
878.183	-69.59
878.346	70.13
878.51	366.37
878.673	90.65
878.836	-39.75
878.999	-96.77
879.163	161.59
879.326	56.78
879.489	214.17
879.652	75.65
879.815	11.32
879.978	-17.14
880.142	-237.58
880.305	167.7
880.468	180.72
880.631	90.72
880.794	71.58
880.957	-1009.76
881.12	247.06
881.283	8.07
881.446	-55.94
881.609	366.91
881.772	107.49
881.935	-176.47
882.097	197.95
882.26	-33.96
882.423	-39.2
882.586	64.21
882.749	103.21
882.912	121.47
883.074	51.48
883.237	3.9
883.4	33.42
883.562	52.01
883.725	110.4
883.888	-51.97
884.05	-8040
884.213	132.51
884.376	56.67
884.538	108.06
884.701	108.06
884.863	108.06
