181.954	-14.98
182.172	-14.98
182.39	-14.98
182.608	8420
182.826	12.09
183.043	-46.38
183.261	61.85
183.479	155.13
183.697	147.06
183.914	77.33
184.132	204.81
184.35	80.27
184.567	107.89
184.785	-137.17
185.003	37.28
185.22	113.73
185.438	85.41
185.656	-109.05
185.873	370.77
186.091	73.2
186.309	955.17
186.526	136.2
186.744	46.91
186.961	-22.1
187.179	118.96
187.396	13.58
187.614	-183.08
187.831	3860
188.049	-192.02
188.266	60.94
188.484	52.24
188.701	150.49
188.919	85.02
189.136	242.64
189.354	-93.05
189.571	-97.16
189.789	76.94
190.006	73.51
190.223	-116.22
190.441	57.81
190.658	-3785.71
190.876	138.53
191.093	-436.26
191.31	35.1
191.528	53.16
191.745	35.87
191.962	75.05
192.179	59.34
192.397	9.31
192.614	23.74
192.831	-153.3
193.049	77.81
193.266	-315.53
193.483	101.18
193.7	536.92
193.917	-4.57
194.135	163.31
194.352	-125.48
194.569	20.93
194.786	36.07
195.003	-19.91
195.221	38.58
195.438	50.53
195.655	174.37
195.872	28.14
196.089	102.8
196.306	-15.37
196.523	-52.98
196.74	357.96
196.957	49.83
197.174	311.17
197.391	77.3
197.608	56.59
197.825	-351.61
198.042	30.27
198.259	706.9
198.476	51.37
198.693	4580
198.91	-174.68
199.127	70.15
199.344	-117
199.561	201.73
199.778	29.39
199.995	-950.75
200.212	1410.34
200.429	-91.47
200.646	-487.34
200.862	446.07
201.079	-5.75
201.296	-72.19
201.513	138.83
201.73	-274.91
201.947	145.66
202.163	4.61
202.38	7.51
202.597	294.65
202.814	-20.68
203.03	4340
203.247	-42.71
203.464	-48.37
203.681	141.56
203.897	6.07
204.114	296.23
204.331	94.62
204.547	-504.65
204.764	63.44
204.981	-1758.82
205.197	295.74
205.414	82.89
205.63	127.59
205.847	102.01
206.064	-416.36
206.28	-62.4
206.497	-86.6
206.713	71.94
206.93	-46.64
207.146	88.78
207.363	-496.92
207.579	-620.88
207.796	75.22
208.012	-62.19
208.229	-359.7
208.445	-10.08
208.662	9.92
208.878	-41.68
209.095	1982.35
209.311	54.99
209.528	3071.43
209.744	-55.98
209.96	-223.18
210.177	-140.78
210.393	2.14
210.609	6500
210.826	-265.64
211.042	103.48
211.258	464.18
211.475	-237.97
211.691	-4.43
211.907	-335.44
212.124	51.97
212.34	116
212.556	-22.72
212.772	-396.7
212.989	-56.29
213.205	-53.51
213.421	-72.86
213.637	-216.42
213.853	107.78
214.069	2205.26
214.286	-7.29
214.502	213.43
214.718	-120.69
214.934	61.47
215.15	86.89
215.366	28.02
215.582	101.41
215.798	58.02
216.015	24.49
216.231	110.81
216.447	37.42
216.663	23.57
216.879	-24.62
217.095	355.03
217.311	137.74
217.527	125.84
217.743	-24.27
217.959	-1266.04
218.175	13.58
218.391	180.58
218.606	6.29
218.822	-73.91
219.038	-90.37
219.254	148.84
219.47	-27.05
219.686	810.11
219.902	93.16
220.118	25.03
220.334	-14.09
220.549	80.4
220.765	29.3
220.981	-44.23
221.197	-41.68
221.413	249.45
221.628	378.48
221.844	1066.04
222.06	162.14
222.276	-2.23
222.491	54.47
222.707	338.69
222.923	-216.78
223.139	143.24
223.354	26.55
223.57	178.74
223.786	59.7
224.001	-111.58
224.217	-14.29
224.432	97.69
224.648	80.13
224.864	-98.55
225.079	-395.52
225.295	-71.71
225.51	266.49
225.726	-31.05
225.942	56.11
226.157	73.87
226.373	-0.43
226.588	9.89
226.804	-2973.68
227.019	83.92
227.235	-15.27
227.45	112.1
227.665	11060
227.881	46.46
228.096	113.91
228.312	-53.85
228.527	137.52
228.743	-89.71
228.958	-10.79
229.173	-533.04
229.389	2.58
229.604	-61.92
229.819	25.89
230.035	-182.69
230.25	-73.76
230.465	-107.66
230.681	-137.13
230.896	22.24
231.111	39.8
231.327	74.19
231.542	2900
231.757	116.36
231.972	-63.96
232.187	168.09
232.403	-763.16
232.618	40.34
232.833	55.6
233.048	-525.45
233.263	-11.66
233.478	-146.96
233.694	-867.44
233.909	422.58
234.124	58
234.339	-58.9
234.554	2444.83
234.769	109.07
234.984	-188.79
235.199	98.71
235.414	-190.27
235.629	-381.01
235.844	-4.47
236.059	43.7
236.274	-22.05
236.489	-109.4
236.704	98.36
236.919	80.17
237.134	56.2
237.349	137.54
237.564	31.23
237.779	-63.59
237.994	35.32
238.209	112.04
238.424	-111.04
238.639	89.42
238.853	-0.15
239.068	28.7
239.283	-58.31
239.498	-19.26
239.713	-0.22
239.928	7
240.142	-56.94
240.357	65.12
240.572	-71.27
240.787	176.29
241.001	25.11
241.216	18.06
241.431	376.16
241.646	44.83
241.86	-274.89
242.075	-1034.88
242.29	36.31
242.504	-9
242.719	432.92
242.934	-104.72
243.148	51.71
243.363	-13.9
243.577	311.24
243.792	72.47
244.007	80.46
244.221	593.51
244.436	-431.34
244.65	43.56
244.865	-23.22
245.079	-65.02
245.294	-441.01
245.508	42.98
245.723	50.42
245.937	-528.57
246.152	-74.13
246.366	102.74
246.581	-43.11
246.795	-273.01
247.01	-95.25
247.224	26.61
247.438	-154.8
247.653	43.79
247.867	63.94
248.081	51.54
248.296	587.8
248.51	71.16
248.724	1.51
248.939	-341.79
249.153	181.63
249.367	-42.81
249.582	58.58
249.796	375.32
250.01	-469.54
250.224	30.86
250.439	-71.27
250.653	142.55
250.867	-28.99
251.081	84.83
251.295	14.77
251.51	-97.45
251.724	-35.25
251.938	183.27
252.152	88.32
252.366	104.84
252.58	216.36
252.794	94.05
253.008	269.54
253.223	-34.81
253.437	22.26
253.651	12.46
253.865	89.29
254.079	-85.09
254.293	-31.46
254.507	-23.64
254.721	32.51
254.935	183.52
255.149	185.41
255.363	98.86
255.577	242.28
255.791	-24.75
256.005	139.26
256.218	-12.74
256.432	-3.32
256.646	-55.75
256.86	-44.23
257.074	15.06
257.288	5540
257.502	104.4
257.716	-28.4
257.929	3.32
258.143	27.2
258.357	-97.88
258.571	-44.65
258.785	32.51
258.998	-19.18
259.212	125.16
259.426	-161.88
259.64	138.67
259.853	7.21
260.067	64.4
260.281	107.48
260.494	-26.27
260.708	440.59
260.922	21.97
261.135	52.77
261.349	-48.57
261.563	115.42
261.776	-770.59
261.99	4.03
262.203	41.13
262.417	-280.21
262.63	-41.02
262.844	216.85
263.058	198.98
263.271	29.11
263.485	82.61
263.698	85.95
263.912	-214.89
264.125	-22.95
264.339	-123.62
264.552	93.96
264.765	-428.7
264.979	-49.22
265.192	74.93
265.406	-72.79
265.619	193.11
265.832	40.15
266.046	-69.72
266.259	76.95
266.473	-1164.52
266.686	61.58
266.899	18.91
267.113	9860
267.326	-85.16
267.539	13.67
267.752	45.67
267.966	46.96
268.179	39.48
268.392	-8.58
268.605	-29.13
268.819	77.49
269.032	10.9
269.245	961.54
269.458	26.2
269.671	-213.92
269.885	39.69
270.098	-34.24
270.311	-396.2
270.524	34.66
270.737	-95.4
270.95	-159.6
271.163	74.8
271.376	577.42
271.589	89.87
271.802	67.58
272.016	-55.05
272.229	83.52
272.442	28.74
272.655	-18.36
272.868	56.8
273.081	284.27
273.294	22.24
273.506	3.89
273.719	45.11
273.932	17.63
274.145	-9580
274.358	37.73
274.571	86.55
274.784	839.62
274.997	54.89
275.21	67.13
275.423	-69.02
275.635	276.88
275.848	20
276.061	47.02
276.274	30.43
276.487	30.43
276.699	-140.2
276.912	18.16
277.125	270.21
277.338	-44.31
277.55	11.19
277.763	-78.31
277.976	156.11
278.189	-278.02
278.401	-71.6
278.614	682.4
278.827	-4.93
279.039	128.17
279.252	-43.81
279.464	-162.92
279.677	61.87
279.89	-37.67
280.102	-115.08
280.315	1231.71
280.527	-2594.74
280.74	-1651.72
280.952	-58.07
281.165	-0.14
281.377	34.23
281.59	-45.45
281.802	62.68
282.015	-0.24
282.227	121.92
282.44	206.47
282.652	405.62
282.865	-85.78
283.077	173.25
283.29	67.89
283.502	15.6
283.714	-74.41
283.927	16.18
284.139	-226.18
284.351	-18.67
284.564	365.24
284.776	183.85
284.988	-59.72
285.201	70.15
285.413	56.29
285.625	13.51
285.838	-16.64
286.05	56.04
286.262	70.48
286.474	93.96
286.686	40.46
286.899	-215.7
287.111	44.2
287.323	-46.1
287.535	345.54
287.747	8.23
287.959	41.22
288.172	-896.36
288.384	14.07
288.596	-2.96
288.808	500
289.02	884.91
289.232	59.31
289.444	-4.29
289.656	-125.41
289.868	-80.56
290.08	-7.98
290.292	-102.55
290.504	-34.45
290.716	12.45
290.928	17.53
291.14	248.84
291.352	-78.92
291.564	1700
291.776	127.93
291.988	-169.94
292.2	-245.02
292.412	39.46
292.624	-78.36
292.835	392.54
293.047	-79.68
293.259	-86.83
293.471	114.48
293.683	529.27
293.895	52.36
294.106	-11.96
294.318	-10.05
294.53	32.01
294.742	706.9
294.953	-53.51
295.165	78.11
295.377	118.69
295.589	-12.78
295.8	63.86
296.012	86.82
296.224	-45.45
296.435	146.49
296.647	-93.36
296.858	232.37
297.07	-35.38
297.282	-30.02
297.493	2.26
297.705	-130.86
297.916	-49.64
298.128	-68.94
298.34	29.16
298.551	-63.22
298.763	-13.17
298.974	70.21
299.186	-16.64
299.397	-31.78
299.609	-1512.9
299.82	178.12
300.031	44.87
300.243	373.68
300.454	73.01
300.666	60.7
300.877	272.51
301.089	280.43
301.3	-16.64
301.511	80.69
301.723	-13.53
301.934	-73.13
302.145	-196.07
302.357	139.66
302.568	39.2
302.779	9.36
302.99	85.65
303.202	18.4
303.413	42.07
303.624	-24.75
303.835	-133.96
304.047	-165.59
304.258	-39.03
304.469	47.09
304.68	-11.59
304.891	60.98
305.103	78.38
305.314	102.03
305.525	1014.29
305.736	-85.83
305.947	27.44
306.158	2052.94
306.369	46.9
306.58	-56.38
306.791	287.54
307.002	69.12
307.213	-94.13
307.424	-8.83
307.636	61.85
307.846	56.11
308.057	-210.68
308.268	-19.18
308.479	-47.02
308.69	6.46
308.901	54.48
309.112	-867.44
309.323	-40.13
309.534	-153.28
309.745	38.06
309.956	47.88
310.167	-66.72
310.377	61.95
310.588	38.46
310.799	-24.7
311.01	-145.1
311.221	-35.09
311.432	58.43
311.642	-91.16
311.853	-16.09
312.064	1037.93
312.275	165.43
312.485	112.53
312.696	17.77
312.907	65.83
313.117	30.2
313.328	125.94
313.539	54.99
313.749	-0.25
313.96	-357.14
314.171	80.05
314.381	-32.49
314.592	102.69
314.802	6.26
315.013	45.5
315.224	30.05
315.434	-1268.42
315.645	5540
315.855	97.82
316.066	-39.33
316.276	-140.28
316.487	470.73
316.697	32.01
316.908	69.35
317.118	-22.05
317.329	57.18
317.539	11.07
317.749	345.49
317.96	-897.01
318.17	-106.48
318.381	394.51
318.591	-67.03
318.801	25.9
319.012	-89.4
319.222	395.15
319.432	-50.87
319.643	80.17
319.853	-65.02
320.063	6.73
320.273	31.57
320.484	-330.77
320.694	103.27
320.904	32.2
321.114	459.55
321.325	251.72
321.535	124.64
321.745	-13.96
321.955	72.21
322.165	-177.95
322.375	26.96
322.585	-52.15
322.796	-286.21
323.006	-3.66
323.216	104.23
323.426	-12.16
323.636	63.64
323.846	3437.93
324.056	34.76
324.266	-3.28
324.476	24.44
324.686	422.16
324.896	3.11
325.106	1020.75
325.316	58.8
325.526	-68.42
325.736	31.89
325.946	32.69
326.156	780.52
326.366	-334.78
326.576	-68.87
326.785	-199.5
326.995	139.66
327.205	-6.53
327.415	146.1
327.625	316.06
327.835	-4.04
328.044	17.59
328.254	61.74
328.464	-119.08
328.674	132.82
328.884	-130.22
329.093	-109.63
329.303	45.74
329.513	447.83
329.722	-952.63
329.932	55.64
330.142	-1.85
330.351	-70.15
330.561	303.64
330.771	-190.77
330.98	-49.32
331.19	573.85
331.4	-250.53
331.609	46.86
331.819	1729.27
332.028	129.71
332.238	-45.08
332.447	108.02
332.657	40.43
332.866	-8.14
333.076	17.27
333.285	-35.5
333.495	887.1
333.704	-38.12
333.914	24.38
334.123	-2.38
334.333	1035.38
334.542	-68.94
334.752	1349.23
334.961	839.62
335.17	23.62
335.38	-170.3
335.589	3.62
335.798	71.25
336.008	473.63
336.217	20
336.426	40.1
336.636	152.77
336.845	13.24
337.054	94.81
337.263	-35.75
337.473	-55.92
337.682	3.58
337.891	-46.41
338.1	-147.48
338.309	64.41
338.519	125.51
338.728	-62.27
338.937	-199.21
339.146	206.47
339.355	500
339.564	815.79
339.773	-30.65
339.983	71.67
340.192	-668.7
340.401	3
340.61	-0.14
340.819	-35.61
341.028	59.34
341.237	711.76
341.446	-27.1
341.655	35.48
341.864	22.27
342.073	-17.27
342.282	-159.28
342.491	-8.96
342.699	-420.39
342.908	562.34
343.117	63.06
343.326	169.64
343.535	-307.27
343.744	-62.06
343.953	54.29
344.162	29.59
344.37	8.69
344.579	-664.18
344.788	101.02
344.997	73.65
345.206	89.58
345.414	37.94
345.623	132.47
345.832	-39.58
346.041	67.51
346.249	-46.55
346.458	7.25
346.667	80.09
346.875	53.97
347.084	49.61
347.293	74.95
347.501	141.71
347.71	5.71
347.918	-137.64
348.127	-291.21
348.336	-239.07
348.544	194.46
348.753	-216.42
348.961	-2.33
349.17	69.11
349.378	77.38
349.587	2.73
349.795	-117.48
350.004	592.31
350.212	-11.14
350.421	-52.21
350.629	-29.31
350.838	-17.43
351.046	227.68
351.254	-0.19
351.463	14.5
351.671	-1900
351.879	138.55
352.088	-22.14
352.296	128.32
352.504	107.83
352.713	150.2
352.921	-95.28
353.129	-10.06
353.338	-119.24
353.546	40.77
353.754	-368.71
353.962	-164.21
354.171	26.14
354.379	-1584.21
354.587	4.07
354.795	-98.05
355.003	-43.9
355.212	-87.31
355.42	477.36
355.628	43.13
355.836	129.83
356.044	-34.61
356.252	25.03
356.46	89.42
356.668	1478.46
356.876	84.8
357.084	69.47
357.292	-9.67
357.5	-21.65
357.708	-12.52
357.916	94.55
358.124	52.19
358.332	-753.73
358.54	-67.27
358.748	110.39
358.956	69.76
359.164	16.19
359.372	23.31
359.58	-173.38
359.788	37.08
359.996	-147.57
360.203	-56.26
360.411	-0.21
360.619	-314.07
360.827	5.25
361.035	-265.64
361.242	10.85
361.45	-487.34
361.658	-80.09
361.866	33.46
362.073	-68.2
362.281	30.27
362.489	58.71
362.697	2.51
362.904	-130.82
363.112	5.88
363.32	-25.34
363.527	-324.35
363.735	41.31
363.943	2.92
364.15	-30.04
364.358	64.73
364.565	-7.99
364.773	-5.01
364.98	-97.88
365.188	30.89
365.395	74.19
365.603	-16.61
365.81	56.78
366.018	21.16
366.225	85.28
366.433	-59.8
366.64	66.99
366.848	-13.34
367.055	-71.79
367.263	-2.18
367.47	70.55
367.677	120.25
367.885	-2.88
368.092	39.78
368.299	43.66
368.507	82.96
368.714	659.29
368.921	18.11
369.129	-25.31
369.336	-21.08
369.543	-10.58
369.751	-40.08
369.958	-188.79
370.165	24.31
370.372	-61.42
370.579	79.54
370.787	38.92
370.994	263.93
371.201	-75.48
371.408	100.56
371.615	-24.42
371.822	-128.7
372.029	89.15
372.237	-226.86
372.444	143.24
372.651	1.78
372.858	102.35
373.065	25.02
373.272	-46.29
373.479	-286.21
373.686	-28.91
373.893	-268.93
374.1	126.79
374.307	-501.44
374.514	174.49
374.721	22.07
374.928	125.97
375.135	22.47
375.341	6500
375.548	12.45
375.755	-115.74
375.962	-14.49
376.169	-73.3
376.376	-117
376.583	-80.04
376.789	46.53
376.996	86.69
377.203	26.25
377.41	-80.84
377.617	82.1
377.823	217.65
378.03	848.39
378.237	83.57
378.443	-384.57
378.65	115.09
378.857	110.33
379.063	135.44
379.27	-303.48
379.477	32.43
379.683	-16.62
379.89	32.98
380.097	-18.98
380.303	40.41
380.51	34.66
380.716	1.87
380.923	65.35
381.129	49.34
381.336	-19.69
381.542	5.55
381.749	-65.23
381.955	21.06
382.162	33.47
382.368	-13.17
382.575	-21.19
382.781	210.34
382.988	-142.45
383.194	-28.65
383.4	-28.2
383.607	44.7
383.813	-26.94
384.02	10.8
384.226	-75.55
384.432	-50.64
384.639	55.99
384.845	-441.77
385.051	-28.73
385.257	-15.14
385.464	45.3
385.67	50.97
385.876	61.99
386.082	-114.24
386.289	-15.7
386.495	-8.87
386.701	-74.59
386.907	-12.53
387.113	36.24
387.319	37.83
387.526	-113.68
387.732	103.15
387.938	288.8
388.144	-199.13
388.35	33.71
388.556	28.13
388.762	26.8
388.968	-420.93
389.174	-55.69
389.38	95.68
389.586	-59.9
389.792	-0.15
389.998	-114.25
390.204	-133.24
390.41	39.17
390.616	46.92
390.822	-62.99
391.028	32.16
391.234	38.98
391.439	-408.74
391.645	11.97
391.851	-17.95
392.057	61.76
392.263	46.56
392.469	-98.9
392.674	-28.79
392.88	14.52
393.086	-2.99
393.292	-74.77
393.498	-111.44
393.703	36.7
393.909	21.99
394.115	15.22
394.32	19.4
394.526	-3.4
394.732	24.02
394.937	29.93
395.143	-53.85
395.349	-77.97
395.554	-338.19
395.76	43.36
395.965	-40.68
396.171	33.42
396.377	-7.24
396.582	31.77
396.788	-21.26
396.993	-45.32
397.199	-3.37
397.404	30.27
397.61	-40.68
397.815	12.07
398.021	-68.34
398.226	-66.71
398.431	-50.35
398.637	3.71
398.842	23.15
399.048	37.06
399.253	28.06
399.458	14.49
399.664	-24.94
399.869	-8.58
400.074	20.12
400.28	-3.23
400.485	-30.62
400.69	-7.12
400.896	-0.86
401.101	15.56
401.306	18.65
401.511	1.33
401.716	7.15
401.922	-30.92
402.127	5.75
402.332	-24.96
402.537	6.04
402.742	-9.23
402.947	34
403.153	-51.42
403.358	-19.36
403.563	9.48
403.768	-0.9
403.973	20.21
404.178	-0.51
404.383	-8.42
404.588	5.17
404.793	-8.95
404.998	3.99
405.203	-14.23
405.408	-17.49
405.613	2.64
405.818	2.23
406.023	2.18
406.228	-12.54
406.433	-6.77
406.638	-4.54
406.842	8.81
407.047	9.69
407.252	-10.09
407.457	17.2
407.662	3
407.867	7.68
408.071	9.99
408.276	-3.74
408.481	2.4
408.686	4.48
408.891	1.36
409.095	6.54
409.3	-1.77
409.505	8.81
409.709	-2.53
409.914	5.6
410.119	2.75
410.323	-6.51
410.528	1.05
410.733	7.28
410.937	-2.57
411.142	-0.15
411.346	-2.3
411.551	-2.48
411.756	4.87
411.96	-0.12
412.165	-2.54
412.369	2.1
412.574	-4.45
412.778	4.13
412.983	0.89
413.187	2.46
413.392	-3.08
413.596	1.14
413.8	-0.01
414.005	2.54
414.209	-1.15
414.414	-0.08
414.618	-0.95
414.822	-0.01
415.027	0.55
415.231	0.06
415.435	1.34
415.64	0.12
415.844	-2.31
416.048	3.5
416.252	2
416.457	0.93
416.661	1.66
416.865	-1.47
417.069	1.29
417.274	1.09
417.478	0.46
417.682	2.94
417.886	-1.87
418.09	1.48
418.294	0.3
418.498	1.29
418.702	1.7
418.907	1.53
419.111	-1.26
419.315	2.45
419.519	3.07
419.723	-2.16
419.927	0.32
420.131	1.31
420.335	0.44
420.539	-0.64
420.743	1.52
420.947	-0.34
421.151	-0.53
421.355	-1.41
421.558	1.66
421.762	0.08
421.966	1.43
422.17	0.65
422.374	0.81
422.578	0.49
422.782	1.85
422.985	0.82
423.189	0.9
423.393	0.68
423.597	-0.57
423.801	1.06
424.004	0.44
424.208	-0.4
424.412	0.09
424.615	0.31
424.819	0.8
425.023	1.4
425.226	1.14
425.43	0.95
425.634	1.76
425.837	-0.21
426.041	1.02
426.245	1.37
426.448	0.33
426.652	0.66
426.855	0.26
427.059	-0.31
427.262	0.61
427.466	-0.41
427.669	0.31
427.873	0.87
428.076	0.66
428.28	0.88
428.483	0.81
428.687	0.85
428.89	0.94
429.094	-0.07
429.297	1.15
429.5	0.36
429.704	1.14
429.907	0.78
430.11	0.88
430.314	0.72
430.517	0.86
430.72	0.76
430.924	0.64
431.127	0.56
431.33	0.52
431.533	0.67
431.737	0.81
431.94	0.67
432.143	0.63
432.346	0.68
432.549	0.15
432.752	-0.14
432.956	0.35
433.159	0.19
433.362	0.09
433.565	0.6
433.768	0.99
433.971	0.28
434.174	0.69
434.377	0.5
434.58	0.38
434.783	-0.12
434.986	0.76
435.189	1.14
435.392	0.72
435.595	0.74
435.798	0.51
436.001	1.02
436.204	0.63
436.407	0.64
436.61	0.77
436.813	0.89
437.016	0.56
437.219	0.2
437.421	0.16
437.624	0.49
437.827	0.63
438.03	0.61
438.233	0.49
438.435	0.41
438.638	1.05
438.841	0.63
439.044	0.52
439.246	0.39
439.449	0.54
439.652	0.49
439.854	0.65
440.057	0.77
440.26	0.64
440.462	0.7
440.665	0.31
440.868	0.6
441.07	0.74
441.273	0.84
441.475	0.15
441.678	0.73
441.88	0.83
442.083	0.06
442.286	0.25
442.488	0.31
442.69	0.92
442.893	0.82
443.095	0.38
443.298	0.52
443.5	0.73
443.703	0.47
443.905	0.55
444.108	0.56
444.31	0.44
444.512	0.6
444.715	0.52
444.917	0.14
445.119	0.62
445.322	0.09
445.524	0.9
445.726	0.31
445.928	0.64
446.131	0.72
446.333	0.44
446.535	0.2
446.737	0.55
446.94	0.87
447.142	0.48
447.344	0.49
447.546	0.37
447.748	0.45
447.95	0.67
448.152	0.81
448.354	0.61
448.557	0.74
448.759	1
448.961	0.32
449.163	0.51
449.365	0.72
449.567	0.79
449.769	0.51
449.971	0.8
450.173	0.63
450.375	0.7
450.577	0.36
450.779	0.42
450.981	0.64
451.182	0.37
451.384	0.53
451.586	1.02
451.788	0.78
451.99	0.88
452.192	0.4
452.394	0.99
452.595	0.73
452.797	0.75
452.999	0.94
453.201	0.76
453.402	0.48
453.604	0.31
453.806	0.8
454.008	0.63
454.209	0.79
454.411	0.91
454.613	0.15
454.814	0.52
455.016	0.88
455.218	0.92
455.419	0.79
455.621	0.69
455.822	0.33
456.024	0.38
456.225	0.97
456.427	0.95
456.629	0.35
456.83	0.82
457.032	0.47
457.233	0.58
457.435	0.23
457.636	0.26
457.837	0.98
458.039	0.66
458.24	0.84
458.442	0.79
458.643	-0.16
458.844	1.18
459.046	0.75
459.247	0.26
459.448	0.74
459.65	0.24
459.851	1.12
460.052	0.86
460.254	1.29
460.455	1.16
460.656	0.47
460.857	0.1
461.059	0.38
461.26	0.72
461.461	1.02
461.662	0.9
461.863	1.4
462.065	0.93
462.266	0.61
462.467	0.32
462.668	0.03
462.869	1.19
463.07	0.67
463.271	-0.05
463.472	0.62
463.673	0.8
463.874	0.92
464.075	1.14
464.276	0.83
464.477	0.95
464.678	0.75
464.879	0.02
465.08	1.23
465.281	1.08
465.482	0.47
465.683	-0.24
465.884	1.21
466.085	0.27
466.285	0.2
466.486	1.41
466.687	1.73
466.888	1.14
467.089	0.84
467.29	0.59
467.49	1.45
467.691	0.5
467.892	1.02
468.093	0.83
468.293	0.18
468.494	1.23
468.695	1.1
468.895	0.42
469.096	0.26
469.297	0.89
469.497	0.66
469.698	1.12
469.898	-0.77
470.099	1.77
470.3	1.01
470.5	0.9
470.701	1.8
470.901	1.65
471.102	1.29
471.302	0.42
471.503	2.67
471.703	2.23
471.904	1.18
472.104	0.64
472.305	0.33
472.505	1.13
472.705	1.73
472.906	0.65
473.106	2.07
473.306	0.95
473.507	1.18
473.707	0.48
473.907	1.36
474.108	0.43
474.308	0.87
474.508	0.29
474.709	1.68
474.909	1.66
475.109	0.38
475.309	0.11
475.51	-0.69
475.71	0.44
475.91	2.93
476.11	-0.44
476.31	0.17
476.51	0.75
476.71	1.33
476.911	2.9
477.111	-0.3
477.311	0.9
477.511	0.03
477.711	1.22
477.911	-0.69
478.111	3
478.311	0.12
478.511	1.1
478.711	1.69
478.911	1.36
479.111	0.7
479.311	0.78
479.511	2.08
479.711	-0.03
479.91	-0.44
480.11	2.04
480.31	-0.6
480.51	1.67
480.71	-0.06
480.91	1.41
481.109	1.2
481.309	1.51
481.509	-0
481.709	1.78
481.909	1.44
482.108	-1.45
482.308	0.76
482.508	1.24
482.707	1.35
482.907	0.95
483.107	0.48
483.306	1.73
483.506	2.32
483.706	-1
483.905	0.47
484.105	1.95
484.304	1.86
484.504	1.23
484.704	1.11
484.903	-0.65
485.103	0.72
485.302	0.57
485.502	2.56
485.701	1.03
485.901	-0.48
486.1	-0.25
486.299	1.51
486.499	0.59
486.698	0.86
486.898	0.7
487.097	1.02
487.296	0.3
487.496	1.37
487.695	0.27
487.894	-0.12
488.094	1.05
488.293	1.43
488.492	-0.41
488.692	1.81
488.891	1.93
489.09	1.66
489.289	-0.26
489.489	-0.5
489.688	0.74
489.887	1.45
490.086	0.96
490.285	1.14
490.484	1.26
490.683	2.71
490.883	1.75
491.082	1.42
491.281	1.61
491.48	1.05
491.679	1.31
491.878	1.05
492.077	2.48
492.276	1.82
492.475	0.61
492.674	0.78
492.873	0.86
493.072	1.01
493.271	1.24
493.47	0.15
493.669	-0.23
493.867	-0.03
494.066	1.29
494.265	1.77
494.464	1.12
494.663	0.35
494.862	0.21
495.06	-0.07
495.259	-1.05
495.458	0.34
495.657	0.34
495.856	0.63
496.054	0.99
496.253	0.44
496.452	1.18
496.65	1.06
496.849	0.68
497.048	0.19
497.246	0.74
497.445	1.17
497.644	1.39
497.842	1.11
498.041	0.69
498.239	0.52
498.438	0.23
498.636	1.73
498.835	1.6
499.034	0.8
499.232	0.24
499.431	0.04
499.629	0.18
499.827	1.79
500.026	-0.04
500.224	0.29
500.423	0.05
500.621	-0.16
500.82	1.22
501.018	1.22
501.216	0.8
501.415	0.52
501.613	0.08
501.811	0.47
502.01	1.96
502.208	0.19
502.406	1.32
502.604	1.54
502.803	0.98
503.001	0.72
503.199	0.38
503.397	0.58
503.595	0.59
503.794	0.61
503.992	0.8
504.19	0.44
504.388	0.74
504.586	0.48
504.784	0.63
504.982	0.94
505.18	0.56
505.378	0.82
505.576	0.67
505.774	0.9
505.972	0.69
506.17	1.32
506.368	0.86
506.566	0.32
506.764	0.93
506.962	0.64
507.16	1.04
507.358	0.48
507.556	0.59
507.754	0.61
507.952	0.63
508.15	0.69
508.347	0.72
508.545	0.79
508.743	0.57
508.941	0.91
509.139	1.51
509.336	0.1
509.534	1.44
509.732	0.56
509.93	0.29
510.127	0.82
510.325	0.43
510.523	0.91
510.72	1.03
510.918	1.08
511.116	1.04
511.313	0.18
511.511	1.19
511.708	0.55
511.906	0.84
512.104	0.71
512.301	0.34
512.499	0.75
512.696	0.49
512.894	-0.08
513.091	0.56
513.289	0.86
513.486	0.4
513.683	0.14
513.881	0.52
514.078	1.29
514.276	1.26
514.473	0.67
514.67	0.66
514.868	0.82
515.065	0.74
515.262	1.02
515.46	0.48
515.657	0.9
515.854	0.61
516.052	0.65
516.249	0.7
516.446	0.63
516.643	1.04
516.84	0.75
517.038	0.58
517.235	0.73
517.432	1
517.629	0.79
517.826	0.76
518.023	0.76
518.221	0.65
518.418	1.01
518.615	0.71
518.812	0.59
519.009	0.63
519.206	0.76
519.403	0.95
519.6	0.71
519.797	0.24
519.994	0.38
520.191	1.07
520.388	1.14
520.585	0.65
520.782	0.61
520.978	0.67
521.175	0.71
521.372	1.02
521.569	0.68
521.766	0.19
521.963	0.41
522.159	0.58
522.356	0.54
522.553	1.04
522.75	0.59
522.947	1.03
523.143	1.04
523.34	0.84
523.537	1.09
523.733	0.84
523.93	0.78
524.127	0.92
524.323	0.9
524.52	0.68
524.717	0.79
524.913	0.78
525.11	0.88
525.306	0.98
525.503	0.93
525.7	1.08
525.896	0.46
526.093	0.78
526.289	0.9
526.486	0.59
526.682	0.35
526.878	0.65
527.075	1.21
527.271	1.04
527.468	0.86
527.664	0.91
527.861	0.74
528.057	1.07
528.253	0.8
528.45	0.85
528.646	0.78
528.842	1.18
529.039	0.71
529.235	1.1
529.431	0.83
529.627	0.64
529.824	0.55
530.02	1.16
530.216	1.02
530.412	0.68
530.608	0.54
530.804	1.39
531.001	0.97
531.197	1.23
531.393	0.86
531.589	1
531.785	0.88
531.981	1.21
532.177	1.13
532.373	1.08
532.569	0.84
532.765	0.76
532.961	0.63
533.157	0.52
533.353	0.96
533.549	0.99
533.745	0.7
533.941	1
534.137	1.22
534.333	0.48
534.529	1.15
534.725	0.9
534.92	0.77
535.116	0.81
535.312	0.69
535.508	1.03
535.704	0.97
535.899	0.82
536.095	1.08
536.291	1.08
536.487	0.67
536.682	1.1
536.878	0.8
537.074	0.78
537.269	0.69
537.465	1.16
537.661	0.98
537.856	0.94
538.052	1.02
538.248	1.01
538.443	1
538.639	1.16
538.834	0.91
539.03	1.03
539.225	1.09
539.421	1.11
539.616	1.18
539.812	0.8
540.007	1.31
540.203	0.95
540.398	0.86
540.593	1.23
540.789	1.47
540.984	0.89
541.18	0.89
541.375	0.94
541.57	1.3
541.766	1.1
541.961	0.98
542.156	1.41
542.352	1.23
542.547	0.76
542.742	1.31
542.937	1.24
543.133	1.39
543.328	1.43
543.523	1.2
543.718	0.78
543.913	0.92
544.108	0.57
544.304	1.22
544.499	1.39
544.694	1.17
544.889	1.22
545.084	1.34
545.279	1.23
545.474	1.27
545.669	1.28
545.864	0.85
546.059	1.16
546.254	1.16
546.449	1.25
546.644	0.93
546.839	1.24
547.034	1.24
547.229	1.27
547.424	1.34
547.618	1.13
547.813	1.22
548.008	1.52
548.203	1.22
548.398	1.08
548.593	1.35
548.787	1.37
548.982	1.12
549.177	1.22
549.372	1.09
549.566	1.36
549.761	1.21
549.956	0.96
550.15	1.24
550.345	1.35
550.54	1.67
550.734	1.25
550.929	1.32
551.124	1.31
551.318	1.31
551.513	1.51
551.707	1.56
551.902	1.2
552.096	1.51
552.291	1.9
552.485	1.2
552.68	1.6
552.874	1.46
553.069	1.76
553.263	1.56
553.458	1.36
553.652	1.35
553.847	1.18
554.041	1.53
554.235	1.22
554.43	1.44
554.624	1.64
554.818	1.42
555.013	1.39
555.207	1.52
555.401	1.65
555.595	1.57
555.79	1.06
555.984	1.82
556.178	1.46
556.372	1.41
556.566	1.62
556.761	1.6
556.955	1.68
557.149	1.6
557.343	1.39
557.537	1.91
557.731	1.6
557.925	1.41
558.119	1.32
558.313	1.34
558.507	1.29
558.701	1.61
558.895	1.75
559.089	2
559.283	1.9
559.477	1.83
559.671	1.77
559.865	1.67
560.059	1.49
560.253	1.63
560.447	1.93
560.641	1.68
560.835	1.77
561.028	2.04
561.222	2
561.416	1.95
561.61	1.98
561.804	1.84
561.997	1.76
562.191	1.82
562.385	1.79
562.579	1.83
562.772	1.98
562.966	1.69
563.16	1.64
563.353	1.59
563.547	1.83
563.741	1.8
563.934	1.95
564.128	1.93
564.321	1.71
564.515	1.96
564.708	2.03
564.902	1.7
565.095	1.86
565.289	2.21
565.482	2.17
565.676	1.8
565.869	1.79
566.063	1.7
566.256	2.06
566.45	2.09
566.643	2.04
566.836	1.97
567.03	2.18
567.223	2
567.416	2.16
567.61	2.32
567.803	2.12
567.996	2.08
568.19	2.23
568.383	2.11
568.576	2.02
568.769	2.12
568.963	2.32
569.156	2.1
569.349	2.17
569.542	2.38
569.735	2.16
569.928	2.29
570.121	2.26
570.315	2.24
570.508	2.13
570.701	2.08
570.894	2.5
571.087	2.15
571.28	2.38
571.473	2.56
571.666	2.26
571.859	2.38
572.052	2.12
572.245	2.66
572.438	2.11
572.631	2.42
572.824	2.55
573.016	2.43
573.209	2.4
573.402	2.41
573.595	2.54
573.788	2.63
573.981	2.57
574.173	2.42
574.366	2.75
574.559	2.68
574.752	2.3
574.944	2.27
575.137	2.42
575.33	2.22
575.523	2.63
575.715	2.52
575.908	2.63
576.101	2.47
576.293	2.51
576.486	2.54
576.678	2.63
576.871	2.2
577.063	2.53
577.256	2.51
577.449	2.68
577.641	2.66
577.834	2.29
578.026	2.71
578.219	2.68
578.411	2.76
578.603	2.77
578.796	2.55
578.988	2.47
579.181	2.66
579.373	2.58
579.565	2.55
579.758	2.53
579.95	2.72
580.142	2.42
580.335	2.82
580.527	2.77
580.719	3.13
580.912	2.66
581.104	2.95
581.296	2.98
581.488	2.79
581.68	3.13
581.873	2.65
582.065	2.62
582.257	2.89
582.449	2.69
582.641	2.94
582.833	2.99
583.025	2.43
583.217	2.92
583.41	3.07
583.602	3.05
583.794	2.9
583.986	3.1
584.178	3
584.37	3.12
584.562	2.72
584.753	2.95
584.945	3.27
585.137	2.92
585.329	3.02
585.521	3.49
585.713	3.21
585.905	3.24
586.097	3.37
586.289	3.19
586.48	3.3
586.672	3
586.864	3.6
587.056	3.54
587.247	3.05
587.439	3.16
587.631	2.96
587.823	3.16
588.014	3.39
588.206	3.39
588.398	3.03
588.589	3.46
588.781	3.32
588.972	3.71
589.164	3.59
589.356	3.64
589.547	3.39
589.739	3.64
589.93	3.73
590.122	3.66
590.313	3.22
590.505	3.34
590.696	3.47
590.888	3.33
591.079	3.88
591.271	3.91
591.462	3.53
591.653	3.64
591.845	3.55
592.036	3.51
592.227	3.45
592.419	3.72
592.61	3.78
592.801	3.48
592.993	3.83
593.184	3.9
593.375	3.58
593.566	3.86
593.758	3.98
593.949	3.77
594.14	3.35
594.331	3.79
594.522	3.81
594.713	4.07
594.905	3.59
595.096	3.8
595.287	3.84
595.478	3.74
595.669	4.28
595.86	4.17
596.051	3.92
596.242	4.19
596.433	4.2
596.624	3.89
596.815	3.98
597.006	4.08
597.197	4.02
597.388	3.96
597.579	3.98
597.77	4.28
597.96	3.85
598.151	4.18
598.342	4.07
598.533	4.44
598.724	4.55
598.915	4.46
599.105	4.25
599.296	4.63
599.487	3.94
599.678	4.44
599.868	4.47
600.059	4.19
600.25	4.56
600.44	4.23
600.631	4.5
600.822	4.43
601.012	4.74
601.203	4.31
601.394	4.66
601.584	4.58
601.775	4.89
601.965	4.55
602.156	4.67
602.346	4.75
602.537	4.66
602.727	4.94
602.918	4.47
603.108	4.78
603.299	5.03
603.489	5.15
603.679	4.49
603.87	5.11
604.06	5
604.251	5.02
604.441	4.79
604.631	4.83
604.822	4.86
605.012	4.78
605.202	4.57
605.392	4.44
605.583	4.63
605.773	5.21
605.963	4.74
606.153	4.45
606.344	4.47
606.534	5.01
606.724	5.2
606.914	4.88
607.104	4.71
607.294	5.48
607.484	4.86
607.674	4.95
607.864	5.06
608.054	5.02
608.245	4.84
608.435	5.36
608.625	5.19
608.814	5.05
609.004	5.32
609.194	5.08
609.384	5.33
609.574	4.92
609.764	5.53
609.954	5.14
610.144	5.31
610.334	5.62
610.524	5.38
610.713	5.26
610.903	5.16
611.093	5.35
611.283	5.59
611.473	5
611.662	5.16
611.852	4.85
612.042	5.05
612.231	4.97
612.421	5.45
612.611	5.19
612.8	5.71
612.99	5.6
613.18	5.39
613.369	5.87
613.559	5.41
613.748	5.42
613.938	5.72
614.128	4.96
614.317	5.68
614.507	5.73
614.696	5.82
614.886	5.43
615.075	5.29
615.264	5.54
615.454	5.75
615.643	5.4
615.833	6
616.022	5.23
616.211	6.14
616.401	5.63
616.59	6.11
616.779	5.9
616.969	5.18
617.158	5.29
617.347	6.32
617.537	5.84
617.726	5.71
617.915	5.31
618.104	5.44
618.293	6.35
618.483	5.81
618.672	6.55
618.861	6.3
619.05	5.61
619.239	6.1
619.428	6.05
619.617	6.3
619.806	5.97
619.995	5.61
620.184	5.9
620.373	5.34
620.562	5.9
620.751	6.11
620.94	6.19
621.129	6.24
621.318	5.79
621.507	5.93
621.696	5.82
621.885	5.64
622.074	5.68
622.263	6.03
622.452	6.45
622.64	6.02
622.829	6.33
623.018	6.36
623.207	5.98
623.396	6.45
623.584	6.49
623.773	6.43
623.962	5.9
624.15	6.66
624.339	6.3
624.528	6.5
624.716	6.65
624.905	6.65
625.094	6.64
625.282	6.57
625.471	5.96
625.659	6.28
625.848	5.77
626.037	7.07
626.225	6.81
626.414	5.95
626.602	6.59
626.791	6.77
626.979	6.6
627.167	6.62
627.356	6.56
627.544	6.19
627.733	6.57
627.921	6.75
628.109	6.86
628.298	6.4
628.486	6.15
628.674	6.72
628.863	7.41
629.051	6.73
629.239	7.16
629.428	6.34
629.616	7.11
629.804	6.97
629.992	6.92
630.18	6.44
630.369	7.32
630.557	6.14
630.745	6.27
630.933	7.14
631.121	6.81
631.309	6.55
631.497	7.26
631.685	6.81
631.873	6.85
632.061	6.79
632.249	6.99
632.437	7.1
632.625	7.23
632.813	6.85
633.001	6.52
633.189	6.58
633.377	6.9
633.565	6.04
633.753	6.73
633.941	6.97
634.129	6.52
634.316	6.53
634.504	7.73
634.692	6.88
634.88	6.58
635.068	6.84
635.255	7.04
635.443	6.23
635.631	6.98
635.818	7.42
636.006	7.46
636.194	7.37
636.382	5.98
636.569	7.28
636.757	7.97
636.944	7.54
637.132	7.94
637.32	8.19
637.507	7.81
637.695	7.39
637.882	8.08
638.07	7.14
638.257	7.59
638.445	7.17
638.632	6.81
638.82	6.24
639.007	6.19
639.194	7.49
639.382	7.31
639.569	6.79
639.757	7.69
639.944	6.31
640.131	7.24
640.319	6.85
640.506	7.26
640.693	6.47
640.88	7.5
641.068	7.18
641.255	7.7
641.442	6.08
641.629	7.17
641.817	8.1
642.004	6.7
642.191	7.15
642.378	7.52
642.565	7.9
642.752	7.8
642.939	6.77
643.126	6.88
643.313	6.96
643.501	6.99
643.688	7.25
643.875	6.88
644.062	7.35
644.249	6.63
644.435	7.15
644.622	6.96
644.809	6.8
644.996	6.64
645.183	6.49
645.37	7.84
645.557	6.97
645.744	6.47
645.931	6.76
646.117	6.25
646.304	6.67
646.491	6.14
646.678	7.02
646.865	7.92
647.051	6.6
647.238	6.35
647.425	6.72
647.611	6.22
647.798	6.72
647.985	6.69
648.171	6.72
648.358	6.16
648.545	7.15
648.731	6
648.918	7.09
649.104	6.32
649.291	6.36
649.477	5.55
649.664	7.53
649.85	6.37
650.037	7.06
650.223	7.13
650.41	6.64
650.596	6.25
650.783	6.77
650.969	6.53
651.155	6.7
651.342	5.87
651.528	5.85
651.714	7.06
651.901	6.95
652.087	7.26
652.273	5.05
652.46	7.19
652.646	6.86
652.832	6.16
653.018	5.75
653.204	7.51
653.391	6.41
653.577	7.89
653.763	7.55
653.949	7.55
654.135	6.42
654.321	6.96
654.507	7.18
654.693	6.25
654.879	5.56
655.065	5.58
655.252	5.56
655.438	7.25
655.624	8.03
655.809	7.09
655.995	6.3
656.181	6.29
656.367	7.51
656.553	6.01
656.739	6.51
656.925	7.25
657.111	7.1
657.297	7.94
657.482	6.72
657.668	7.19
657.854	6.65
658.04	6.17
658.226	4.22
658.411	6.05
658.597	6.45
658.783	6.09
658.968	6.7
659.154	5.04
659.34	6.77
659.525	5.23
659.711	5.85
659.897	5.54
660.082	6.55
660.268	6.05
660.453	5.57
660.639	6.34
660.824	6.07
661.01	7.04
661.195	6.04
661.381	5.29
661.566	6.7
661.752	5.08
661.937	5.98
662.123	3.86
662.308	5.44
662.494	6.13
662.679	4.74
662.864	6.41
663.05	5.53
663.235	6.55
663.42	5.35
663.605	5.03
663.791	5.92
663.976	3.34
664.161	5.86
664.346	5.44
664.532	6.14
664.717	5.49
664.902	5.5
665.087	7.25
665.272	4.6
665.457	5.04
665.642	5.72
665.828	7.27
666.013	6.77
666.198	2.74
666.383	5.43
666.568	6.3
666.753	6.6
666.938	5.18
667.123	6.03
667.308	4.97
667.493	3.85
667.677	5.27
667.862	4.37
668.047	5.64
668.232	6.1
668.417	4.24
668.602	2.93
668.787	6.55
668.971	4.25
669.156	4.04
669.341	5.17
669.526	5.36
669.711	4.96
669.895	6.55
670.08	3.38
670.265	4.82
670.449	5.8
670.634	6.61
670.819	3.8
671.003	5.35
671.188	4.39
671.372	3.17
671.557	3.28
671.742	6.55
671.926	5.24
672.111	3.08
672.295	3.79
672.48	5.53
672.664	2.94
672.849	0.49
673.033	6.81
673.217	4.77
673.402	3.69
673.586	2.62
673.771	4.84
673.955	6.64
674.139	3.8
674.324	3.51
674.508	1.84
674.692	5.82
674.876	5.92
675.061	6.89
675.245	6.15
675.429	2.65
675.613	4.45
675.798	7.59
675.982	5.19
676.166	3.97
676.35	3.86
676.534	4.37
676.718	3.93
676.902	8.19
677.087	2.57
677.271	2.69
677.455	5.36
677.639	1.85
677.823	1.93
678.007	5.92
678.191	6.42
678.375	5.04
678.559	4.47
678.742	6.35
678.926	4.92
679.11	5.84
679.294	5.33
679.478	4.64
679.662	4.52
679.846	4.77
680.029	7.32
680.213	4.01
680.397	5.73
680.581	2.57
680.765	6.26
680.948	3.72
681.132	3.46
681.316	2.33
681.499	5.78
681.683	3.45
681.867	4.01
682.05	5.66
682.234	0.91
682.417	4.06
682.601	6.17
682.785	5.59
682.968	6.73
683.152	7.69
683.335	2.97
683.519	5.46
683.702	4.23
683.886	10.04
684.069	5.38
684.253	6.36
684.436	5.77
684.619	3.74
684.803	6.82
684.986	4.21
685.169	5.8
685.353	6.26
685.536	4.78
685.719	7.43
685.903	7.82
686.086	4.14
686.269	9.51
686.452	3.58
686.636	9.37
686.819	4.59
687.002	9.21
687.185	10.9
687.368	6.77
687.551	6.78
687.734	7.35
687.918	7.46
688.101	6.42
688.284	7.77
688.467	8.62
688.65	8.23
688.833	5.4
689.016	8.19
689.199	8.09
689.382	10.25
689.565	10.1
689.748	6.77
689.93	3.05
690.113	8.91
690.296	5.35
690.479	6.99
690.662	5.46
690.845	5.67
691.028	6.15
691.21	9.89
691.393	6.32
691.576	10.41
691.759	5.7
691.941	12.56
692.124	8.65
692.307	9.04
692.489	6.59
692.672	5.84
692.855	13.43
693.037	12.54
693.22	12.54
693.403	8.76
693.585	14.69
693.768	11.27
693.95	9.32
694.133	10.15
694.315	7.5
694.498	13.74
694.68	8.22
694.863	11.22
695.045	8.78
695.228	7.54
695.41	11.33
695.592	11.67
695.775	6.21
695.957	9.8
696.139	6.2
696.322	9.61
696.504	11.69
696.686	7.37
696.869	7.79
697.051	15.5
697.233	12.97
697.415	8.3
697.597	8.29
697.78	10.1
697.962	11.53
698.144	15.22
698.326	8.78
698.508	11.28
698.69	12.24
698.872	12.97
699.055	7.49
699.237	11.58
699.419	5.38
699.601	6.31
699.783	15.35
699.965	9.28
700.147	7.54
700.329	12.56
700.51	14.17
700.692	13.71
700.874	10.36
701.056	13.96
701.238	9.35
701.42	17.9
701.602	12.53
701.783	10.6
701.965	10.96
702.147	9.12
702.329	14.97
702.511	12.55
702.692	7.02
702.874	8.03
703.056	5.47
703.237	12.98
703.419	11.16
703.601	10.19
703.782	6.74
703.964	16.98
704.146	14.15
704.327	17.47
704.509	21.38
704.69	11.42
704.872	13.63
705.053	5.03
705.235	17.71
705.416	8.31
705.598	8.18
705.779	10.41
705.961	8
706.142	12.59
706.323	14.38
706.505	10.64
706.686	1.92
706.867	7.21
707.049	-2.23
707.23	14.28
707.411	10.5
707.593	16.69
707.774	6.97
707.955	4.47
708.136	9.89
708.318	8.13
708.499	7.06
708.68	8.84
708.861	18.59
709.042	6.86
709.223	12.67
709.404	12.63
709.585	14.86
709.767	8.7
709.948	13.28
710.129	8
710.31	6.12
710.491	8.52
710.672	8.97
710.853	-0.56
711.034	17.76
711.214	13.44
711.395	11.8
711.576	14.96
711.757	10.65
711.938	14.14
712.119	6.32
712.3	15.21
712.481	10.57
712.661	15.28
712.842	3.28
713.023	17.02
713.204	0.19
713.384	4.12
713.565	19.61
713.746	6.8
713.926	-1.65
714.107	7.33
714.288	4.13
714.468	6.72
714.649	15.28
714.83	6.02
715.01	20.04
715.191	8.56
715.371	6.6
715.552	16.07
715.732	16.7
715.913	17.1
716.093	17.61
716.274	22.87
716.454	19.86
716.635	21.66
716.815	4.52
716.995	9.43
717.176	17.21
717.356	2.66
717.536	11.76
717.717	11.25
717.897	7.28
718.077	6.78
718.258	-0.95
718.438	13.4
718.618	11.45
718.798	3.4
718.978	9.89
719.159	18.1
719.339	18.76
719.519	9.94
719.699	21.22
719.879	14.13
720.059	10.67
720.239	11.25
720.419	17.6
720.599	3.36
720.779	13.23
720.959	3.96
721.139	15.25
721.319	10.48
721.499	18.43
721.679	-4.02
721.859	17.67
722.039	2.28
722.219	12.59
722.399	0.27
722.579	10.43
722.759	12.75
722.938	8.38
723.118	17.4
723.298	17.47
723.478	0.67
723.658	22.43
723.837	27.26
724.017	2.01
724.197	2.44
724.376	5.1
724.556	-0.03
724.736	22.61
724.915	8.39
725.095	10.27
725.275	-11.74
725.454	13.58
725.634	1.66
725.813	8.38
725.993	6.94
726.172	0.27
726.352	25.96
726.531	12.87
726.711	9.45
726.89	19.87
727.07	24.77
727.249	13.82
727.428	4.31
727.608	21
727.787	4.88
727.966	7.7
728.146	4.55
728.325	17.3
728.504	15.62
728.684	0.37
728.863	18.81
729.042	7.52
729.221	-43.1
729.4	-1.23
729.58	10.48
729.759	9.14
729.938	14.08
730.117	12.13
730.296	15.51
730.475	8.73
730.654	5.42
730.833	27.04
731.013	-7.71
731.192	-9.02
731.371	12.12
731.55	21.43
731.729	-0.03
731.907	23.45
732.086	18.32
732.265	6.13
732.444	5.86
732.623	5.83
732.802	18.31
732.981	6.41
733.16	12.21
733.339	13.18
733.517	8.13
733.696	9.78
733.875	20.83
734.054	4.74
734.232	9.86
734.411	31.12
734.59	14.75
734.768	12.58
734.947	0.74
735.126	-5.35
735.304	15.13
735.483	13.72
735.662	15.54
735.84	3.77
736.019	7.96
736.197	-7.16
736.376	29.72
736.554	14.06
736.733	17
736.911	24.78
737.09	-2.92
737.268	-2.5
737.447	45.71
737.625	13.9
737.803	-11.93
737.982	38.11
738.16	15.57
738.338	24.25
738.517	8.49
738.695	31.77
738.873	2.61
739.052	-2.97
739.23	-24.64
739.408	0.73
739.586	9.92
739.764	6.22
739.943	27.33
740.121	22.28
740.299	9.57
740.477	15.41
740.655	22.87
740.833	5.73
741.011	11.87
741.189	8.53
741.367	8.74
741.545	-3.31
741.723	31.08
741.901	8.05
742.079	25.49
742.257	9.89
742.435	15.11
742.613	-20.99
742.791	42.07
742.969	25.79
743.147	26.36
743.325	-29.43
743.503	19.25
743.68	25.97
743.858	-5.87
744.036	-26.38
744.214	15.85
744.391	-12.51
744.569	4.33
744.747	-1.16
744.925	-17.03
745.102	-13.68
745.28	-9.29
745.458	21.22
745.635	35.71
745.813	36.07
745.99	31.28
746.168	0.61
746.345	71.58
746.523	10.53
746.7	-0.91
746.878	34.3
747.055	10.12
747.233	20
747.41	61.55
747.588	-5.52
747.765	10.95
747.943	-8.36
748.12	-38.73
748.297	6.71
748.475	36.71
748.652	2.32
748.829	-0.7
749.007	14.27
749.184	-5.59
749.361	17.83
749.538	35.21
749.716	15.57
749.893	-2.52
750.07	31.75
750.247	28.79
750.424	-5.1
750.601	22.23
750.778	7.78
750.956	9.97
751.133	-3.72
751.31	2.78
751.487	3.74
751.664	-11.78
751.841	-2.46
752.018	7.42
752.195	-2.87
752.372	28.5
752.549	-0.1
752.726	21.82
752.902	24.64
753.079	30.83
753.256	43.83
753.433	-20.66
753.61	24.31
753.787	-10.25
753.964	15.95
754.14	1.47
754.317	53.21
754.494	39.29
754.671	28.68
754.847	27.14
755.024	24.39
755.201	11.54
755.377	11.62
755.554	6.1
755.73	-16.21
755.907	19.19
756.084	45.47
756.26	47.76
756.437	-1.63
756.613	18.25
756.79	47.46
756.966	2.87
757.143	4.86
757.319	27.54
757.496	5.55
757.672	22.33
757.849	75.78
758.025	-21.74
758.201	23.36
758.378	17.16
758.554	4.11
758.73	24.59
758.907	22.85
759.083	16.42
759.259	12.87
759.435	34.92
759.612	-22.93
759.788	29.77
759.964	70.01
760.14	44.02
760.316	-40.4
760.493	13.09
760.669	49.59
760.845	-76
761.021	-13.9
761.197	-21.37
761.373	37.29
761.549	-14.29
761.725	-2.13
761.901	-6.24
762.077	25.84
762.253	-1.53
762.429	52.42
762.605	-13.08
762.781	10.99
762.957	43.87
763.133	16.19
763.308	-4.19
763.484	2.96
763.66	70.84
763.836	18.6
764.012	-17.82
764.187	-13.95
764.363	28.62
764.539	11.97
764.715	29.9
764.89	-42.24
765.066	-4.5
765.242	-1.51
765.417	-54.44
765.593	47.7
765.769	-29.87
765.944	1.72
766.12	18.86
766.295	14.56
766.471	5.16
766.646	22.7
766.822	-10.91
766.997	-14.09
767.173	25.58
767.348	22.09
767.524	-19.24
767.699	32.47
767.875	-0.96
768.05	23.88
768.225	45.01
768.401	51.78
768.576	53.09
768.751	7.5
768.927	22.53
769.102	49.4
769.277	18.83
769.452	-36.72
769.628	50.14
769.803	63.86
769.978	2.26
770.153	-58.32
770.328	41.14
770.503	22.23
770.679	21.44
770.854	-7.09
771.029	-31.65
771.204	-111.92
771.379	28.62
771.554	3.58
771.729	56.95
771.904	-49.55
772.079	91.9
772.254	29.75
772.429	48.16
772.604	7.81
772.779	25.54
772.953	-56.99
773.128	37.03
773.303	33.4
773.478	8.92
773.653	47.68
773.828	39.16
774.002	81.47
774.177	-73.5
774.352	9.57
774.527	-86.42
774.701	31.11
774.876	83.45
775.051	-212.3
775.225	138.61
775.4	-24.92
775.575	39.69
775.749	-105.61
775.924	-22.81
776.098	-52.96
776.273	11.71
776.447	21.28
776.622	14.67
776.796	-0.17
776.971	89.72
777.145	33.84
777.32	-5.13
777.494	63.53
777.669	-4.46
777.843	-141.04
778.017	-21.49
778.192	-14.99
778.366	9.01
778.54	24.17
778.715	47.58
778.889	80.15
779.063	-19.44
779.237	7.34
779.412	-1.65
779.586	-68.73
779.76	-230.63
779.934	-47.68
780.108	-64.61
780.282	-520.9
780.457	72.67
780.631	-112.24
780.805	-119.96
780.979	-73.13
781.153	24.3
781.327	4.3
781.501	-10.56
781.675	55.69
781.849	-11.79
782.023	-36.9
782.197	-30.73
782.371	-295.43
782.545	-74.23
782.718	-17.31
782.892	111.45
783.066	12.07
783.24	223.08
783.414	-39.6
783.588	14.58
783.761	-40.95
783.935	-16.63
784.109	38.15
784.283	103.48
784.456	175.83
784.63	25.07
784.804	96.17
784.977	3.97
785.151	-83.18
785.324	-63.86
785.498	-34.53
785.672	19.6
785.845	56.95
786.019	175.83
786.192	-437.75
786.366	28.63
786.539	52.54
786.713	-49.32
786.886	39.17
787.06	-22.05
787.233	-30.3
787.406	62.63
787.58	-14.29
787.753	31.57
787.926	183.27
788.1	279.14
788.273	-473.58
788.446	-31.37
788.62	-583.87
788.793	7.01
788.966	106.6
789.139	-78.03
789.313	-52.59
789.486	4957.14
789.659	-192.57
789.832	29.54
790.005	31.22
790.178	383.19
790.351	43.69
790.524	97.29
790.697	-6.97
790.87	104.06
791.044	870.91
791.216	12.86
791.389	-128.88
791.562	-4.29
791.735	-441.77
791.908	1061.04
792.081	52.99
792.254	-238.46
792.427	263.57
792.6	-63.27
792.773	55.07
792.945	-288.06
793.118	-86.6
793.291	-132.97
793.464	-25.96
793.637	-243.56
793.809	60.86
793.982	-41.11
794.155	51.92
794.327	54.7
794.5	370.77
794.673	43.32
794.845	112.45
795.018	-72.59
795.19	122.47
795.363	3.06
795.536	23.73
795.708	-312.9
795.881	5300
796.053	83.16
796.226	349.14
796.398	55.78
796.57	113.82
796.743	17.2
796.915	-27.14
797.088	-291.9
797.26	-388.19
797.432	181.01
797.605	-257.22
797.777	-201.3
797.949	-0.39
798.122	31.41
798.294	85.65
798.466	-41.71
798.638	-4.08
798.81	40.28
798.983	181.01
799.155	-51.35
799.327	-66.75
799.499	81.94
799.671	135.34
799.843	4.5
800.015	14.4
800.187	74.95
800.359	18.4
800.531	-35.49
800.703	-35.74
800.875	55.47
801.047	-14.99
801.219	160.07
801.391	188.31
801.563	-0.72
801.735	-15.96
801.907	21.47
802.079	269.09
802.251	-660.44
802.422	-95.28
802.594	375.32
802.766	77.54
802.938	198.65
803.11	122.86
803.281	-135.76
803.453	47.38
803.625	-8.18
803.796	18.55
803.968	38.61
804.14	98.32
804.311	24.62
804.483	150.17
804.654	-58.01
804.826	157.68
804.998	345.99
805.169	-18.92
805.341	173.6
805.512	246.58
805.684	-47.02
805.855	99.27
806.026	850.77
806.198	448.47
806.369	-11.4
806.541	26.71
806.712	92.13
806.883	16.08
807.055	20
807.226	-61.85
807.397	183.52
807.569	53.98
807.74	-10.38
807.911	147.35
808.082	37.22
808.253	107.92
808.425	94.51
808.596	14.61
808.767	146.04
808.938	-50.82
809.109	238.61
809.28	-142.65
809.451	41.11
809.622	70.05
809.793	-2054.84
809.964	-146.96
810.135	-49.15
810.306	180.92
810.477	193.96
810.648	31.21
810.819	75.53
810.99	980
811.161	76.21
811.332	78.38
811.503	5.88
811.674	592.31
811.844	-256.92
812.015	2.9
812.186	-30.06
812.357	165.24
812.527	86.98
812.698	82.61
812.869	839.62
813.04	-49.43
813.21	1410.34
813.381	135.8
813.551	13.24
813.722	49.26
813.893	35.3
814.063	-86.6
814.234	129.09
814.404	87.9
814.575	166.44
814.745	-296.46
814.916	52.36
815.086	17.47
815.257	-167.26
815.427	-214.11
815.598	103.73
815.768	122.01
815.938	39.29
816.109	-29.55
816.279	-2.49
816.449	25.08
816.62	-1836.84
816.79	43.97
816.96	-66.04
817.13	32.44
817.301	-11.68
817.471	-9.75
817.641	-118.4
817.811	44.53
817.981	-9100
818.152	-131.28
818.322	143.56
818.492	-7.29
818.662	-123.32
818.832	29.68
819.002	-6.62
819.172	299.29
819.342	104.62
819.512	11.71
819.682	28.37
819.852	-23.89
820.022	45.01
820.192	-147.19
820.362	-130.6
820.531	105.21
820.701	-21.28
820.871	93.22
821.041	-53.85
821.211	-4.41
821.381	-5.74
821.55	-15.74
821.72	-337.21
821.89	573.85
822.059	116.49
822.229	60.31
822.399	21.08
822.568	232.92
822.738	31.71
822.908	271.78
823.077	-146.49
823.247	89
823.416	500
823.586	147.06
823.756	53.8
823.925	211.39
824.095	472.09
824.264	-312.56
824.433	223.89
824.603	18.16
824.772	-75.48
824.942	-669.62
825.111	-54.77
825.28	67.7
825.45	103.48
825.619	142.24
825.788	-133.71
825.958	-57.55
826.127	41.07
826.296	-90.23
826.465	192.24
826.635	-47.43
826.804	-3.54
826.973	74.91
827.142	142.55
827.311	274.5
827.48	116
827.649	18.5
827.818	396.06
827.988	-18.4
828.157	-19.12
828.326	-53.85
828.495	17.28
828.664	89.11
828.833	46.29
829.002	-208.07
829.17	274.5
829.339	-84.92
829.508	-44.13
829.677	-39.33
829.846	28.63
830.015	-91.55
830.184	-7.79
830.352	70.03
830.521	534.53
830.69	851.22
830.859	2900
831.027	-1078.95
831.196	-4.09
831.365	-6.48
831.533	-15.99
831.702	-97.57
831.871	-121.69
832.039	24.2
832.208	-94.78
832.377	-133.07
832.545	92.8
832.714	38.02
832.882	2.07
833.051	120.43
833.219	842.86
833.388	102.97
833.556	27.7
833.724	42.05
833.893	-33.87
834.061	-763.16
834.23	76.95
834.398	-46.72
834.566	-294.81
834.735	157.14
834.903	228.3
835.071	4340
835.239	-160.98
835.408	162.24
835.576	-1481.4
835.744	104.22
835.912	-43.16
836.08	58.88
836.249	341.51
836.417	114.97
836.585	46.83
836.753	231.88
836.921	156.22
837.089	-357.14
837.257	-867.44
837.425	137.45
837.593	122.94
837.761	89.7
837.929	3.58
838.097	109.77
838.265	-23.79
838.433	39.67
838.601	114.85
838.769	74.68
838.936	783.15
839.104	35.69
839.272	89.62
839.44	55.83
839.608	-1051.22
839.775	-20.84
839.943	-27.56
840.111	64.86
840.279	78.99
840.446	34.33
840.614	-92.21
840.781	-178.26
840.949	42.99
841.117	223.08
841.284	-25.32
841.452	-170.81
841.619	82.53
841.787	48.34
841.954	304.65
842.122	340.46
842.289	49.23
842.457	115.86
842.624	109.11
842.792	9.49
842.959	-14.29
843.126	-0.28
843.294	25.84
843.461	-7.55
843.629	154.4
843.796	17.93
843.963	140.47
844.13	121.41
844.298	50.58
844.465	-77.26
844.632	209.32
844.799	-115.08
844.966	152.77
845.134	76.05
845.301	73.09
845.468	-16.56
845.635	-76.68
845.802	-220
845.969	8.95
846.136	55.11
846.303	-194.74
846.47	-1.73
846.637	223.08
846.804	-2531.58
846.971	79.02
847.138	203.47
847.305	-41.59
847.472	87.84
847.639	55.97
847.805	63.93
847.972	-154.55
848.139	-226.18
848.306	1005.26
848.473	464.18
848.639	-8.24
848.806	221.6
848.973	-13.96
849.14	121.45
849.306	-210.31
849.473	-239.07
849.64	500
849.806	212.92
849.973	337.84
850.139	285.43
850.306	16.65
850.472	-111.07
850.639	-3.61
850.806	-5.26
850.972	374.78
851.139	-1385.71
851.305	-46.51
851.471	205.34
851.638	102.45
851.804	-1.49
851.971	-96.01
852.137	27.83
852.303	-0.43
852.47	-32.49
852.636	207.18
852.802	-76.38
852.968	132.34
853.135	0.51
853.301	-172.83
853.467	71.15
853.633	38.46
853.8	130.47
853.966	-279.7
854.132	1185.71
854.298	132.12
854.464	-12.36
854.63	66.39
854.796	-12.54
854.962	33.81
855.128	55.7
855.294	54.64
855.46	56.6
855.626	-59.8
855.792	-139.38
855.958	232.04
856.124	-302.45
856.29	190.07
856.456	-8.58
856.622	198.72
856.787	936.36
856.953	41.77
857.119	381.19
857.285	215.64
857.45	-169.96
857.616	98.97
857.782	8.95
857.948	52.35
858.113	-85.67
858.279	341.62
858.445	-38.58
858.61	25.58
858.776	43.32
858.941	-129.7
859.107	28.12
859.273	45.41
859.438	-18.08
859.604	-2784.21
859.769	197.64
859.935	-22.77
860.1	81.01
860.265	69.86
860.431	102.88
860.596	157.14
860.762	115.16
860.927	34.28
861.092	21.97
861.258	-26.91
861.423	106.18
861.588	112.9
861.753	-185.71
861.919	-20.75
862.084	55.91
862.249	203.05
862.414	184.64
862.579	323.35
862.745	71.96
862.91	136.9
863.075	3.58
863.24	56.78
863.405	17.59
863.57	-117.59
863.735	160.79
863.9	-94.69
864.065	-4.22
864.23	53.56
864.395	132.74
864.56	-94.56
864.725	424.05
864.89	526.97
865.055	192.19
865.22	-20.14
865.384	176.4
865.549	-70.87
865.714	-90.16
865.879	35.74
866.044	-39.02
866.208	92.06
866.373	-67.03
866.538	-0.23
866.702	63.28
866.867	95.08
867.032	118.82
867.196	114.22
867.361	269.6
867.526	-133.48
867.69	-170.68
867.855	-278.02
868.019	914.55
868.184	-44.17
868.348	-36.52
868.513	1312.9
868.677	425.29
868.842	-63.96
869.006	88.67
869.17	-247.17
869.335	558.54
869.499	-303.88
869.663	317.22
869.828	-102.43
869.992	53.49
870.156	3.45
870.321	123.46
870.485	26.39
870.649	56.73
870.813	-31.37
870.978	249.79
871.142	-72.31
871.306	-165.4
871.47	447.45
871.634	301.57
871.798	-148.45
871.962	32.57
872.126	-4814.29
872.29	-8.47
872.454	-1728.57
872.618	46.41
872.782	643.28
872.946	258.39
873.11	120.1
873.274	146.24
873.438	1700
873.602	-88.92
873.766	-216.88
873.93	0.27
874.094	1.12
874.257	-25.2
874.421	527.75
874.585	20
874.749	-93.92
874.912	-138.85
875.076	-41.94
875.24	0.33
875.403	323.89
875.567	129.71
875.731	-268.54
875.894	-24.08
876.058	218.66
876.222	-106.74
876.385	-187.44
876.549	118.44
876.712	-176.36
876.876	-228.74
877.039	-55.98
877.203	100.94
877.366	89.11
877.529	-51.24
877.693	19.04
877.856	125.21
878.02	39.22
878.183	18.5
878.346	219.48
878.51	128.32
878.673	-268.35
878.836	83.6
878.999	887.1
879.163	109.37
879.326	-73.91
879.489	65.12
879.652	28.78
879.815	76.78
879.978	-97.55
880.142	193.96
880.305	447.83
880.468	-0.24
880.631	83.02
880.794	135.57
880.957	295.12
881.12	5.88
881.283	-258.74
881.446	2.01
881.609	68.35
881.772	159.93
881.935	-1123.53
882.097	220.72
882.26	137.74
882.423	23.62
882.586	4.06
882.749	-14.29
882.912	-192.02
883.074	159.28
883.237	104.34
883.4	76.66
883.562	62.23
883.725	48.8
883.888	150.39
884.05	8660
884.213	-41.94
884.376	50.22
884.538	86.28
884.701	86.28
884.863	86.28
