181.954	119.03
182.172	119.03
182.39	119.03
182.608	2280
182.826	600
183.043	63.83
183.261	89.92
183.479	191.79
183.697	2223.53
183.914	89.88
184.132	131.55
184.35	255.61
184.567	103.1
184.785	-100.88
185.003	91
185.22	208.58
185.438	24.18
185.656	9.05
185.873	-9.23
186.091	123.55
186.309	1262.07
186.526	160.18
186.744	91.99
186.961	-159.91
187.179	110.9
187.396	88.34
187.614	-249.23
187.831	-7080
188.049	-25.77
188.266	45.39
188.484	-116.42
188.701	565.05
188.919	59.7
189.136	100.25
189.354	99.61
189.571	2.84
189.789	22.62
190.006	28.11
190.223	-100.54
190.441	67.85
190.658	-5400
190.876	51.29
191.093	-112.09
191.31	32.73
191.528	-12.65
191.745	56.51
191.962	91.38
192.179	127.87
192.397	36.44
192.614	105.06
192.831	58.77
193.049	-4.75
193.266	320.39
193.483	22.16
193.7	507.69
193.917	119.56
194.135	176.98
194.352	71.81
194.569	20.45
194.786	182.72
195.003	80.09
195.221	8.52
195.438	-103.89
195.655	220.1
195.872	156.61
196.089	131.35
196.306	97.26
196.523	148.59
196.74	115.1
196.957	61.45
197.174	51.78
197.391	81.02
197.608	57.17
197.825	212.9
198.042	25.67
198.259	-227.59
198.476	238.91
198.693	9960
198.91	182.83
199.127	-313.43
199.344	157.89
199.561	183.82
199.778	51.62
199.995	-367.16
200.212	-517.24
200.429	88.15
200.646	-83.54
200.862	964.04
201.079	-38.26
201.296	735.1
201.513	-145.63
201.73	-104.06
201.947	34.24
202.163	61.32
202.38	183.82
202.597	189.3
202.814	-6.1
203.03	1080
203.247	51.26
203.464	69.98
203.681	-350.65
203.897	93.4
204.114	-486.79
204.331	117.98
204.547	-13.95
204.764	40.59
204.981	-1305.88
205.197	196.6
205.414	182.89
205.63	-1386.21
205.847	93.47
206.064	556.36
206.28	-96.46
206.497	31.27
206.713	121.44
206.93	27.33
207.146	78.16
207.363	-249.23
207.579	112.09
207.796	-270.8
208.012	-126.58
208.229	134.33
208.445	21.25
208.662	25.21
208.878	42.76
209.095	-529.41
209.311	24.11
209.528	-600
209.744	62.55
209.96	-43.71
210.177	157.28
210.393	69.77
210.609	840
210.826	460.12
211.042	193.04
211.258	653.73
211.475	-279.14
211.691	15.09
211.907	569.62
212.124	66.42
212.34	85.71
212.556	80.09
212.772	-72.53
212.989	99.34
213.205	28.78
213.421	-220.1
213.637	510.45
213.853	-67.7
214.069	31.58
214.286	152.19
214.502	-188.06
214.718	144.83
214.934	113.88
215.15	226.23
215.366	-23.14
215.582	188.69
215.798	72.05
216.015	124.49
216.231	197.84
216.447	11.26
216.663	55.09
216.879	117.59
217.095	-108.72
217.311	-418.87
217.527	97.55
217.743	-168.93
217.959	-305.66
218.175	-90.63
218.391	271.94
218.606	37.71
218.822	151.3
219.038	-176.47
219.254	157.89
219.47	64.02
219.686	128.09
219.902	64.39
220.118	34.41
220.334	18.86
220.549	57.46
220.765	-56.66
220.981	89.58
221.197	47.6
221.413	-547.25
221.628	-159.49
221.844	509.43
222.06	87.38
222.276	23.67
222.491	91.42
222.707	60.98
222.923	-293.96
223.139	-10.49
223.354	-25.31
223.57	-193.7
223.786	46.45
224.001	-25.48
224.217	99.71
224.432	45.09
224.648	149.03
224.864	-62.17
225.079	510.45
225.295	-138.46
225.51	321.08
225.726	66.9
225.942	9.4
226.157	62.37
226.373	94.47
226.588	44.21
226.804	-1105.26
227.019	298.49
227.235	40.64
227.45	93.26
227.665	6120
227.881	-23.62
228.096	-140.87
228.312	7.44
228.527	37.2
228.743	-161.14
228.958	22.74
229.173	-558.26
229.389	-26.7
229.604	44.25
229.819	47.41
230.035	-36.04
230.25	-78.72
230.465	-104.68
230.681	-84.04
230.896	43.74
231.111	19.97
231.327	82.7
231.542	-840
231.757	176.21
231.972	-53
232.187	-53.62
232.403	-3252.63
232.618	79.32
232.833	51.87
233.048	-883.64
233.263	-12.62
233.478	161.74
233.694	153.49
233.909	-329.03
234.124	134.73
234.339	57.53
234.554	1675.86
234.769	73.09
234.984	-88.79
235.199	90.15
235.414	-451.33
235.629	-281.01
235.844	33.27
236.059	76.96
236.274	-30.82
236.489	-110.97
236.704	94.87
236.919	89.21
237.134	47.6
237.349	29.91
237.564	48.97
237.779	1.58
237.994	43.4
238.209	97.94
238.424	-47.85
238.639	30.79
238.853	120
239.068	-41.69
239.283	-45.32
239.498	115.57
239.713	68.68
239.928	31.33
240.142	-77.51
240.357	17.98
240.572	15.21
240.787	184.74
241.001	109.79
241.216	29.67
241.431	202.85
241.646	-11.69
241.86	-72.65
242.075	-488.37
242.29	-26.83
242.504	0.74
242.719	175.16
242.934	656.69
243.148	66.97
243.363	-66.97
243.577	-74.16
243.792	-17
244.007	-10.08
244.221	-132.47
244.436	-44.78
244.65	239.26
244.865	71.09
245.079	228.7
245.294	-73.38
245.508	73.5
245.723	147.04
245.937	-112.09
246.152	-139.22
246.366	89.54
246.581	-18.25
246.795	114.11
247.01	30.08
247.224	24.38
247.438	-80.09
247.653	-2.89
247.867	221.41
248.081	40.66
248.296	1419.51
248.51	65.54
248.724	56.95
248.939	-277.61
249.153	105.31
249.367	18.42
249.582	50.68
249.796	-257.14
250.01	-43.71
250.224	53.31
250.439	-92.96
250.653	118.54
250.867	17.5
251.081	270.14
251.295	-23.33
251.51	120
251.724	82.01
251.938	91.45
252.152	-170.8
252.366	47.94
252.58	-316.36
252.794	49.53
253.008	584.11
253.223	-6.65
253.437	118.5
253.651	6.29
253.865	106.69
254.079	56.21
254.293	126.25
254.507	32.73
254.721	72.95
254.935	-6.59
255.149	26.64
255.363	96.44
255.577	253.69
255.791	50.85
256.005	703.07
256.218	40.48
256.432	151.92
256.646	64.84
256.86	52.39
257.074	18.07
257.288	-360
257.502	85.71
257.716	83.7
257.929	27.19
258.143	-37.15
258.357	86.93
258.571	99.63
258.785	55.09
258.998	6.66
259.212	82
259.426	-99.55
259.64	61.81
259.853	-197.49
260.067	150.35
260.281	108.79
260.494	105.54
260.708	-100.99
260.922	-1.23
261.135	106.69
261.349	31.26
261.563	105.54
261.776	35.29
261.99	36.78
262.203	33.84
262.417	-2.12
262.63	-10.17
262.844	384.27
263.058	50.85
263.271	98.73
263.485	29.16
263.698	161.86
263.912	120
264.125	26.53
264.339	118.11
264.552	23.56
264.765	-380.87
264.979	126.02
265.192	47.41
265.406	63.5
265.619	100.33
265.832	72.37
266.046	-3.36
266.259	156.61
266.473	-367.74
266.686	19.55
266.899	157.18
267.113	6840
267.326	-36.04
267.539	4.94
267.752	29.58
267.966	65.76
268.179	77.49
268.392	-47.29
268.605	-14.17
268.819	58.2
269.032	190.52
269.245	581.54
269.458	64.21
269.671	-53.16
269.885	19.96
270.098	52.77
270.311	-144.3
270.524	59.54
270.737	-56.78
270.95	-131.13
271.163	458.27
271.376	483.87
271.589	37.97
271.802	7.81
272.016	5.86
272.229	80.82
272.442	-94.74
272.655	104.97
272.868	-34.99
273.081	-573.03
273.294	35.62
273.506	358.3
273.719	-17.5
273.932	54.37
274.145	4440
274.358	90.24
274.571	113.95
274.784	11.32
274.997	14.27
275.21	-104.61
275.423	-21.8
275.635	-177.89
275.848	50.38
276.061	19.87
276.274	19.95
276.487	161.74
276.699	31.27
276.912	29.16
277.125	201.7
277.338	64.1
277.55	44.59
277.763	15.9
277.976	54.11
278.189	-243.96
278.401	-24.73
278.614	62.4
278.827	93.48
279.039	163.94
279.252	38.07
279.464	-118.16
279.677	74.64
279.89	11.26
280.102	-310.55
280.315	-131.71
280.527	31.58
280.74	-972.41
280.952	67.95
281.165	-14.76
281.377	-19.5
281.59	-80.88
281.802	40.23
282.015	50.6
282.227	31.7
282.44	427.34
282.652	6.74
282.865	167.77
283.077	93.98
283.29	116.88
283.502	69.99
283.714	99.53
283.927	68.44
284.139	-198.28
284.351	139.64
284.564	-214.97
284.776	11.9
284.988	-36.04
285.201	295.52
285.413	37.36
285.625	-55.14
285.838	81.53
286.05	77.69
286.262	99.63
286.474	-59.82
286.686	-17.05
286.899	-115.7
287.111	35.29
287.323	23.86
287.535	386.14
287.747	72.5
287.959	-24.11
288.172	403.64
288.384	54.78
288.596	-34.17
288.808	192.45
289.02	826.42
289.232	147.39
289.444	-58.66
289.656	-119.22
289.868	50.54
290.08	128.83
290.292	12.77
290.504	87.73
290.716	7.08
290.928	126.36
291.14	460.47
291.352	127.87
291.564	458.82
291.776	102.26
291.988	231.9
292.2	-110.9
292.412	-29.19
292.624	-9.84
292.835	80.6
293.047	27.39
293.259	-35.74
293.471	-2.71
293.683	512.2
293.895	19.96
294.106	-42.17
294.318	26.69
294.53	85.91
294.742	2089.66
294.953	-130.63
295.165	88.71
295.377	135.7
295.589	-7.36
295.8	20.94
296.012	80.07
296.224	-13.38
296.435	63.73
296.647	-11.07
296.858	211.51
297.07	544.62
297.282	5.74
297.493	131.83
297.705	-106.29
297.916	-4.27
298.128	89.92
298.34	47.41
298.551	-11.56
298.763	32.4
298.974	111.25
299.186	31.9
299.397	-22.74
299.609	251.61
299.82	97.41
300.031	82.69
300.243	-1168.42
300.454	224.54
300.666	44.05
300.877	127.96
301.089	211.91
301.3	44.89
301.511	-8.39
301.723	-1.33
301.934	761.19
302.145	1.81
302.357	49.29
302.568	-139.2
302.779	34.88
302.99	115.7
303.202	59.87
303.413	113.89
303.624	6.1
303.835	532.08
304.047	-85.02
304.258	-4.42
304.469	38.18
304.68	-20.04
304.891	43.9
305.103	48.65
305.314	70.9
305.525	-4028.57
305.736	307.09
305.947	50.29
306.158	2858.82
306.369	38.52
306.58	53.31
306.791	143.61
307.002	22.62
307.213	45.79
307.424	-116.61
307.636	-1.63
307.846	148.59
308.057	-506.8
308.268	-8.56
308.479	23.41
308.69	35.49
308.901	74.25
309.112	1074.42
309.323	83.81
309.534	-90.35
309.745	0.87
309.956	-73.09
310.167	-69.58
310.377	38.56
310.588	10.42
310.799	99.6
311.01	-69.7
311.221	96.57
311.432	55.36
311.642	49.26
311.853	61.74
312.064	-765.52
312.275	82.53
312.485	137.35
312.696	19.53
312.907	-27.14
313.117	68.2
313.328	88.28
313.539	47.57
313.749	-46.15
313.96	-32.97
314.171	73.2
314.381	94.14
314.592	-53.45
314.802	32.76
315.013	34.33
315.224	6.14
315.434	-726.32
315.645	5640
315.855	-24.52
316.066	128.09
316.276	214.13
316.487	219.51
316.697	34.23
316.908	75.14
317.118	56.19
317.329	192.71
317.539	1.67
317.749	-90.13
317.96	-671.64
318.17	-73.87
318.381	349.45
318.591	-125.27
318.801	46.02
319.012	180.21
319.222	320.39
319.432	-7.44
319.643	85.71
319.853	-24.22
320.063	50.6
320.273	28.93
320.484	481.32
320.694	129.8
320.904	63.05
321.114	330.34
321.325	-475.86
321.535	-156.4
321.745	5.74
321.955	65.27
322.165	85.2
322.375	63.8
322.585	-62.58
322.796	-558.62
323.006	123.38
323.216	1.27
323.426	-75.93
323.636	94.74
323.846	889.66
324.056	55.15
324.266	62.12
324.476	97.33
324.686	301.62
324.896	-2.44
325.106	894.34
325.316	109.35
325.526	-1547.37
325.736	37.36
325.946	-11.1
326.156	771.43
326.366	-307.83
326.576	89.09
326.785	135.68
326.995	154.67
327.205	9.05
327.415	217.63
327.625	205.84
327.835	22.29
328.044	87.44
328.254	130.43
328.464	-142.05
328.674	163.64
328.884	99.28
329.093	221.39
329.303	45.33
329.513	204.97
329.722	-1989.47
329.932	127.73
330.142	51.6
330.351	40.14
330.561	163.64
330.771	-201.48
330.98	-112.81
331.19	1116.92
331.4	-154.77
331.609	36.58
331.819	365.85
332.028	195.43
332.238	71.19
332.447	42.08
332.657	54.82
332.866	68.4
333.076	82.52
333.285	-115.31
333.495	-1141.94
333.704	-239.46
333.914	39.31
334.123	14.26
334.333	452.31
334.542	67.03
334.752	156.92
334.961	169.81
335.17	165.83
335.38	50.68
335.589	61.43
335.798	18.48
336.008	85.71
336.217	58.72
336.426	75.07
336.636	125.11
336.845	65.92
337.054	537.66
337.263	-4.94
337.473	42.28
337.682	95.77
337.891	108.23
338.1	332.37
338.309	57.65
338.519	135.31
338.728	31.81
338.937	-420.47
339.146	323.74
339.355	260.38
339.564	-1610.53
339.773	-93.47
339.983	42.49
340.192	-349.57
340.401	233.79
340.61	31.05
340.819	25.19
341.028	-60.98
341.237	1023.53
341.446	-1.12
341.655	75.93
341.864	139.34
342.073	120.76
342.282	-114.22
342.491	126.14
342.699	-366.99
342.908	225.97
343.117	-20.58
343.326	70.45
343.535	-861.82
343.744	-35.13
343.953	168
344.162	23.41
344.37	28.27
344.579	-26.87
344.788	78.26
344.997	15.53
345.206	220.85
345.414	-12.34
345.623	210.33
345.832	57.61
346.041	-33.5
346.249	51.43
346.458	66.8
346.667	81.08
346.875	101.71
347.084	19.15
347.293	136.07
347.501	-167.77
347.71	-47.39
347.918	42.07
348.127	349.45
348.336	-147.02
348.544	146.61
348.753	277.61
348.961	9.66
349.17	229.34
349.378	220.57
349.587	-55.09
349.795	506.8
350.004	840
350.212	61.31
350.421	-355.75
350.629	96.07
350.838	52.69
351.046	97.26
351.254	86.04
351.463	0.92
351.671	-1042.11
351.879	174.94
352.088	35.73
352.296	-366.37
352.504	165.56
352.713	114.17
352.921	165.35
353.129	52.98
353.338	8.75
353.546	34.17
353.754	-77.3
353.962	-50.92
354.171	36.2
354.379	-1926.32
354.587	4.89
354.795	-154.4
355.003	-19.97
355.212	56.19
355.42	169.81
355.628	108.43
355.836	75.25
356.044	-8.03
356.252	60.77
356.46	0.93
356.668	1098.46
356.876	60.55
357.084	105.34
357.292	6.66
357.5	82.65
357.708	46.31
357.916	86.65
358.124	43.73
358.332	-80.6
358.54	-709.09
358.748	-54.55
358.956	123.11
359.164	-7.47
359.372	62.69
359.58	-142.45
359.788	37.89
359.996	-1.53
360.203	5.78
360.411	-54.32
360.619	-159.8
360.827	74.66
361.035	-62.58
361.242	36.95
361.45	7.59
361.658	150.71
361.866	63.93
362.073	6.36
362.281	145.48
362.489	-2.32
362.697	36.9
362.904	-77.95
363.112	161.13
363.32	-6.3
363.527	-172.17
363.735	-90.35
363.943	-40.41
364.15	150.53
364.358	126.25
364.565	180.13
364.773	66.13
364.98	-184.45
365.188	-27.21
365.395	195.04
365.603	2.03
365.81	-11.25
366.018	55.25
366.225	55.98
366.433	25.31
366.64	34.41
366.848	33.74
367.055	-24.45
367.263	39.33
367.47	72.71
367.677	-311.39
367.885	91.8
368.092	96.04
368.299	-82.82
368.507	90.28
368.714	-122.12
368.921	-4.72
369.129	12.59
369.336	67.51
369.543	66.09
369.751	-13.58
369.958	-164.13
370.165	56.77
370.372	-27.94
370.579	-10.74
370.787	-3.75
370.994	155.41
371.201	89.92
371.408	37.76
371.615	-25.19
371.822	-4.1
372.029	-83.39
372.237	-401.14
372.444	178.38
372.651	0.97
372.858	-12.32
373.065	47.26
373.272	-23.02
373.479	-641.38
373.686	-65.4
373.893	506.8
374.1	106.22
374.307	-349.64
374.514	-12.15
374.721	31.81
374.928	412.99
375.135	46.31
375.341	600
375.548	-36.96
375.755	71.72
375.962	-13.65
376.169	15.46
376.376	148.18
376.583	6.65
376.789	66.77
376.996	83.37
377.203	-37.27
377.41	35.29
377.617	71.33
377.823	86.63
378.03	-1567.74
378.237	154
378.443	44.57
378.65	-124.53
378.857	-157.2
379.063	448.1
379.27	-88.7
379.477	83.38
379.683	-11.44
379.89	14.63
380.097	57.53
380.303	35
380.51	19.24
380.716	14.13
380.923	127.56
381.129	59.2
381.336	155.91
381.542	50.24
381.749	-28.04
381.955	43.3
382.162	68.54
382.368	73.87
382.575	11.56
382.781	-144.83
382.988	-95.22
383.194	34.65
383.4	38.79
383.607	17.56
383.813	42.07
384.02	-18.77
384.226	62.07
384.432	77.88
384.639	58.33
384.845	-569.62
385.051	120.52
385.257	17.27
385.464	46.46
385.67	84.39
385.876	-6.48
386.082	-152.54
386.289	58.8
386.495	-0.73
386.701	-17.59
386.907	-78.26
387.113	21.91
387.319	53.65
387.526	68.4
387.732	-42.52
387.938	235.2
388.144	-297.39
388.35	84.47
388.556	68.04
388.762	-3.54
388.968	1604.65
389.174	65.33
389.38	-32.4
389.586	-8.65
389.792	-2.75
389.998	-190.5
390.204	19.24
390.41	61.79
390.616	-3.36
390.822	72.9
391.028	21.72
391.234	65.3
391.439	-320.39
391.645	-11.55
391.851	27.35
392.057	37.86
392.263	74.78
392.469	102.01
392.674	-20.42
392.88	17.79
393.086	0.72
393.292	47.17
393.498	-34.33
393.703	58.16
393.909	19.32
394.115	86.2
394.32	39.8
394.526	22.63
394.732	54.73
394.937	25.99
395.143	65.59
395.349	53.13
395.554	69.35
395.76	32.56
395.965	-24.78
396.171	-32.78
396.377	41.1
396.582	14.1
396.788	-4.14
396.993	57.59
397.199	-10.37
397.404	36.16
397.61	-15.77
397.815	-37.36
398.021	15.43
398.226	44.65
398.431	-5.38
398.637	5.73
398.842	39.39
399.048	44.63
399.253	17.86
399.458	-4.98
399.664	-3.11
399.869	6.38
400.074	26.4
400.28	41.57
400.485	-13.53
400.69	-10.95
400.896	-1.99
401.101	12.75
401.306	6.36
401.511	9.34
401.716	-8.85
401.922	19.99
402.127	-8.4
402.332	-12.45
402.537	35.57
402.742	-6.66
402.947	52.65
403.153	-3.4
403.358	-0.26
403.563	13.28
403.768	24.4
403.973	17.4
404.178	1.65
404.383	3.31
404.588	5.72
404.793	25.68
404.998	4.7
405.203	-2.56
405.408	-3.53
405.613	29.54
405.818	11.43
406.023	8.66
406.228	-14.24
406.433	4.33
406.638	0.99
406.842	6.39
407.047	9.34
407.252	-6.49
407.457	11.11
407.662	2.4
407.867	22.75
408.071	4.37
408.276	-1.42
408.481	3.53
408.686	5.41
408.891	5.99
409.095	8.58
409.3	2.19
409.505	9.2
409.709	-0.59
409.914	6.17
410.119	5.74
410.323	-4.61
410.528	-3.12
410.733	7.74
410.937	3.06
411.142	5.38
411.346	8.44
411.551	2.41
411.756	1.8
411.96	2.74
412.165	1.86
412.369	2.83
412.574	-0.25
412.778	4.57
412.983	8.3
413.187	5.08
413.392	-0.32
413.596	3.15
413.8	6.73
414.005	3.73
414.209	4.53
414.414	2.69
414.618	1.34
414.822	3.43
415.027	4.58
415.231	5.56
415.435	5.35
415.64	5.62
415.844	2.94
416.048	5.41
416.252	2.57
416.457	4.8
416.661	4.27
416.865	2.04
417.069	0.44
417.274	2.16
417.478	0.63
417.682	3.36
417.886	2.03
418.09	3.89
418.294	2.86
418.498	3.96
418.702	2.6
418.907	1.79
419.111	0.65
419.315	3.04
419.519	3.28
419.723	-0.95
419.927	2.29
420.131	4.04
420.335	2.46
420.539	2.72
420.743	5.46
420.947	1.07
421.151	1.42
421.355	2.37
421.558	3.4
421.762	2.13
421.966	2.8
422.17	1.81
422.374	3.44
422.578	1.87
422.782	1.74
422.985	2
423.189	3.09
423.393	2.32
423.597	2.45
423.801	2.57
424.004	1.32
424.208	1.91
424.412	2.37
424.615	2.09
424.819	2.13
425.023	2.1
425.226	2.34
425.43	2.89
425.634	2.51
425.837	1.38
426.041	2.4
426.245	2.41
426.448	2.53
426.652	2.32
426.855	1.75
427.059	1.3
427.262	2.25
427.466	1.92
427.669	1.57
427.873	1.73
428.076	2.41
428.28	2.18
428.483	2.38
428.687	2.34
428.89	2.11
429.094	1.02
429.297	1.5
429.5	1.55
429.704	1.96
429.907	3.32
430.11	1.95
430.314	2.44
430.517	1.61
430.72	2.09
430.924	2.15
431.127	1.59
431.33	1.67
431.533	2.14
431.737	1.77
431.94	1.78
432.143	2.21
432.346	1.74
432.549	1.55
432.752	1.14
432.956	1.96
433.159	1.83
433.362	1.33
433.565	1.57
433.768	1.56
433.971	1.23
434.174	1.81
434.377	1.84
434.58	1.6
434.783	0.93
434.986	1.84
435.189	2.23
435.392	1.8
435.595	1.64
435.798	1.61
436.001	2.02
436.204	1.5
436.407	1.74
436.61	1.57
436.813	2.06
437.016	1.71
437.219	1.64
437.421	1.65
437.624	1.71
437.827	1.52
438.03	1.52
438.233	1.51
438.435	1.51
438.638	1.77
438.841	1.52
439.044	1.35
439.246	1.31
439.449	1.55
439.652	1.74
439.854	1.78
440.057	1.71
440.26	1.5
440.462	1.79
440.665	1.13
440.868	1.79
441.07	1.77
441.273	1.86
441.475	1.59
441.678	1.55
441.88	1.28
442.083	1.4
442.286	1.62
442.488	1.16
442.69	1.68
442.893	1.54
443.095	1.42
443.298	1.41
443.5	1.4
443.703	1.62
443.905	1.66
444.108	1.46
444.31	1.73
444.512	1.43
444.715	1.47
444.917	1.25
445.119	1.57
445.322	1.61
445.524	1.82
445.726	1.33
445.928	1.47
446.131	1.83
446.333	1.22
446.535	1.29
446.737	1.46
446.94	2
447.142	1.64
447.344	1.51
447.546	1.53
447.748	1.54
447.95	1.56
448.152	1.87
448.354	1.47
448.557	1.89
448.759	1.72
448.961	1.08
449.163	1.62
449.365	1.71
449.567	1.63
449.769	1.41
449.971	1.89
450.173	1.73
450.375	1.69
450.577	1.69
450.779	1.72
450.981	1.85
451.182	1.41
451.384	1.48
451.586	1.98
451.788	1.48
451.99	1.78
452.192	1.01
452.394	1.77
452.595	2.12
452.797	1.37
452.999	1.58
453.201	1.49
453.402	1.18
453.604	1.67
453.806	1.82
454.008	1.79
454.209	1.7
454.411	1.97
454.613	1.66
454.814	1.59
455.016	1.67
455.218	1.85
455.419	1.8
455.621	1.59
455.822	1.46
456.024	1.28
456.225	2.21
456.427	1.85
456.629	1.52
456.83	2.17
457.032	1.94
457.233	1.55
457.435	1.7
457.636	1.66
457.837	1.79
458.039	1.28
458.24	2.26
458.442	2.06
458.643	1.61
458.844	1.65
459.046	1.56
459.247	2.53
459.448	1.95
459.65	1.74
459.851	1.45
460.052	2.09
460.254	2.29
460.455	1.84
460.656	2.3
460.857	1.57
461.059	1.17
461.26	1.62
461.461	2.02
461.662	1.59
461.863	2.33
462.065	2.04
462.266	1.45
462.467	1.38
462.668	1.37
462.869	1.75
463.07	2.13
463.271	2.23
463.472	1.07
463.673	1.98
463.874	1.71
464.075	2.74
464.276	1.46
464.477	2.21
464.678	2.24
464.879	1.53
465.08	2.12
465.281	2.38
465.482	1.82
465.683	1.3
465.884	2.4
466.085	1.9
466.285	1.8
466.486	2.82
466.687	3
466.888	1.82
467.089	2.36
467.29	1.91
467.49	1.75
467.691	1.45
467.892	1.79
468.093	2.09
468.293	1.07
468.494	2.31
468.695	1.86
468.895	1.36
469.096	1.52
469.297	2.69
469.497	1.92
469.698	2.06
469.898	1.09
470.099	2.18
470.3	2.47
470.5	0.55
470.701	2.57
470.901	2.38
471.102	2.48
471.302	1.59
471.503	2.59
471.703	3.83
471.904	2.3
472.104	1.65
472.305	2.14
472.505	2.71
472.705	1.21
472.906	2.13
473.106	3.56
473.306	2.3
473.507	3.38
473.707	3.62
473.907	1.77
474.108	1.43
474.308	1.27
474.508	2.17
474.709	2.13
474.909	2.99
475.109	1.2
475.309	2.35
475.51	2.14
475.71	1.63
475.91	3.8
476.11	1.28
476.31	1.53
476.51	2.89
476.71	1.6
476.911	3.09
477.111	1.78
477.311	1.42
477.511	0.62
477.711	1.35
477.911	0.82
478.111	3.14
478.311	1.16
478.511	2.46
478.711	3.93
478.911	2.77
479.111	2.06
479.311	2.35
479.511	3.79
479.711	2.13
479.91	-0.05
480.11	2.59
480.31	1.65
480.51	3.3
480.71	2.5
480.91	3.71
481.109	3.69
481.309	2.19
481.509	1.14
481.709	3.53
481.909	1.71
482.108	0.82
482.308	1.74
482.508	1.94
482.707	2.72
482.907	2.17
483.107	1.69
483.306	1.99
483.506	2.08
483.706	1.98
483.905	2.5
484.105	2.03
484.304	0.6
484.504	1.44
484.704	3.21
484.903	2.7
485.103	2.95
485.302	2.28
485.502	3.08
485.701	2.3
485.901	1.58
486.1	1.67
486.299	1.59
486.499	2.13
486.698	2.53
486.898	1.42
487.097	0.8
487.296	1.25
487.496	2.3
487.695	1.06
487.894	1.54
488.094	3.64
488.293	1.94
488.492	2.31
488.692	1.79
488.891	3.09
489.09	3.69
489.289	0.21
489.489	0.46
489.688	-0.13
489.887	2.18
490.086	1.97
490.285	2.62
490.484	2.52
490.683	2.79
490.883	3.46
491.082	3.76
491.281	1.52
491.48	2.3
491.679	2.17
491.878	2.85
492.077	3.86
492.276	2.02
492.475	1.68
492.674	1.37
492.873	1.4
493.072	1.05
493.271	3.41
493.47	1.01
493.669	2.9
493.867	1.89
494.066	3.16
494.265	2.64
494.464	2.13
494.663	1.27
494.862	1.24
495.06	1.52
495.259	0.25
495.458	1.56
495.657	1.47
495.856	1.85
496.054	2.08
496.253	1.5
496.452	1.8
496.65	2.15
496.849	1.14
497.048	1.48
497.246	1.84
497.445	0.98
497.644	2.2
497.842	2.34
498.041	2.24
498.239	1.58
498.438	2.69
498.636	1.36
498.835	1.9
499.034	2.11
499.232	2.6
499.431	1.54
499.629	1.52
499.827	2.55
500.026	1.71
500.224	2.29
500.423	0.66
500.621	1.78
500.82	2.19
501.018	2.76
501.216	1.83
501.415	2.18
501.613	1.45
501.811	1.96
502.01	2.18
502.208	1.47
502.406	1.99
502.604	2.06
502.803	1.64
503.001	2.32
503.199	2.05
503.397	1.14
503.595	2.1
503.794	1.51
503.992	1.79
504.19	1.64
504.388	1.54
504.586	1.52
504.784	0.86
504.982	1.55
505.18	1.73
505.378	1.12
505.576	1.94
505.774	2.08
505.972	1.01
506.17	2.46
506.368	1.75
506.566	1.65
506.764	1.46
506.962	2.13
507.16	1.65
507.358	1.58
507.556	1.37
507.754	1.87
507.952	1.63
508.15	1.79
508.347	1.9
508.545	1.85
508.743	1.56
508.941	1.69
509.139	1.78
509.336	1.82
509.534	2.6
509.732	1.97
509.93	1.44
510.127	1.46
510.325	1.62
510.523	2.21
510.72	2.04
510.918	2.15
511.116	1.39
511.313	1.44
511.511	1.39
511.708	1.4
511.906	1.93
512.104	1.68
512.301	1.45
512.499	1.52
512.696	1.75
512.894	1.34
513.091	1.48
513.289	1.77
513.486	1.38
513.683	1.77
513.881	2
514.078	2.12
514.276	1.71
514.473	1.64
514.67	2.05
514.868	1.7
515.065	1.69
515.262	2.21
515.46	1.91
515.657	1.68
515.854	1.85
516.052	1.52
516.249	1.39
516.446	1.79
516.643	1.49
516.84	1.56
517.038	1.6
517.235	1.74
517.432	1.8
517.629	1.89
517.826	1.62
518.023	2
518.221	1.55
518.418	2.2
518.615	1.96
518.812	1.57
519.009	2.29
519.206	1.75
519.403	1.68
519.6	1.78
519.797	1.41
519.994	2.25
520.191	2.03
520.388	1.87
520.585	1.98
520.782	1.92
520.978	1.5
521.175	1.97
521.372	2.06
521.569	1.92
521.766	1.6
521.963	1.46
522.159	1.63
522.356	2.03
522.553	2.02
522.75	2.1
522.947	2
523.143	2.15
523.34	1.98
523.537	2.14
523.733	2.1
523.93	2.02
524.127	2
524.323	1.87
524.52	1.69
524.717	1.95
524.913	1.91
525.11	1.63
525.306	2.27
525.503	2.18
525.7	2.2
525.896	1.64
526.093	2.18
526.289	2.48
526.486	2
526.682	1.89
526.878	2.05
527.075	2.12
527.271	2.09
527.468	2.21
527.664	1.95
527.861	1.93
528.057	2.04
528.253	2.17
528.45	1.67
528.646	2.01
528.842	2.16
529.039	1.83
529.235	2.2
529.431	2.14
529.627	1.95
529.824	2.24
530.02	1.75
530.216	2.34
530.412	2.19
530.608	1.98
530.804	1.85
531.001	2.15
531.197	2.25
531.393	1.92
531.589	1.85
531.785	2.23
531.981	1.99
532.177	2.45
532.373	2.31
532.569	2.16
532.765	2
532.961	1.78
533.157	2.04
533.353	2.13
533.549	2.16
533.745	2.69
533.941	1.92
534.137	1.9
534.333	1.94
534.529	2.3
534.725	1.95
534.92	2.08
535.116	2.02
535.312	2.14
535.508	2.29
535.704	2.13
535.899	1.91
536.095	2.02
536.291	2.03
536.487	1.75
536.682	2.28
536.878	2.3
537.074	1.95
537.269	2.06
537.465	1.93
537.661	2.05
537.856	2.31
538.052	2.25
538.248	2.1
538.443	2.43
538.639	2.25
538.834	2.29
539.03	1.91
539.225	2.37
539.421	1.99
539.616	2.12
539.812	2.15
540.007	2.44
540.203	1.95
540.398	2.35
540.593	2.31
540.789	2.37
540.984	2.17
541.18	2.26
541.375	2.15
541.57	2.54
541.766	2.73
541.961	2.26
542.156	2.66
542.352	2.45
542.547	2.21
542.742	2.25
542.937	2.55
543.133	2.68
543.328	2.16
543.523	2.39
543.718	2.2
543.913	2.6
544.108	2.3
544.304	2.29
544.499	2.5
544.694	2.45
544.889	2.22
545.084	2.66
545.279	2.78
545.474	2.68
545.669	2.44
545.864	2.15
546.059	2.46
546.254	1.72
546.449	2.42
546.644	2.19
546.839	2.24
547.034	2.28
547.229	2.67
547.424	2.45
547.618	2.41
547.813	2.32
548.008	2.58
548.203	2.49
548.398	2.41
548.593	2.71
548.787	2.66
548.982	2.22
549.177	2.3
549.372	2.46
549.566	2.51
549.761	2.38
549.956	2.29
550.15	2.44
550.345	2.61
550.54	2.61
550.734	2.79
550.929	2.6
551.124	2.52
551.318	2.56
551.513	2.47
551.707	2.73
551.902	2.68
552.096	2.78
552.291	2.65
552.485	2.68
552.68	2.55
552.874	2.81
553.069	2.6
553.263	2.8
553.458	2.66
553.652	2.81
553.847	2.68
554.041	2.69
554.235	2.75
554.43	2.8
554.624	2.82
554.818	2.87
555.013	2.85
555.207	2.81
555.401	2.76
555.595	3
555.79	2.55
555.984	2.67
556.178	2.86
556.372	2.94
556.566	2.74
556.761	2.83
556.955	2.97
557.149	3.17
557.343	2.74
557.537	3.01
557.731	3.19
557.925	2.79
558.119	2.97
558.313	2.71
558.507	2.78
558.701	3.33
558.895	3.23
559.089	3.27
559.283	3.26
559.477	3.18
559.671	3.21
559.865	3.17
560.059	3.08
560.253	3.03
560.447	3.13
560.641	3.03
560.835	3.4
561.028	3.45
561.222	3.14
561.416	3.25
561.61	2.85
561.804	3.29
561.997	3.07
562.191	3.12
562.385	3.13
562.579	2.99
562.772	3.38
562.966	3.18
563.16	2.88
563.353	3.02
563.547	3.02
563.741	3.13
563.934	3.36
564.128	3.02
564.321	3.08
564.515	3.41
564.708	2.97
564.902	3.23
565.095	3.05
565.289	3.48
565.482	3.37
565.676	3.07
565.869	3.37
566.063	3.14
566.256	3.3
566.45	3.26
566.643	3.36
566.836	3.54
567.03	3.33
567.223	3.47
567.416	3.56
567.61	3.25
567.803	3.61
567.996	3.32
568.19	3.45
568.383	3.33
568.576	3.46
568.769	3.56
568.963	3.24
569.156	3.55
569.349	3.68
569.542	3.89
569.735	3.53
569.928	3.63
570.121	3.62
570.315	3.8
570.508	3.37
570.701	3.61
570.894	3.68
571.087	3.84
571.28	3.86
571.473	3.95
571.666	3.73
571.859	3.55
572.052	3.57
572.245	3.84
572.438	3.83
572.631	3.77
572.824	3.68
573.016	3.81
573.209	3.75
573.402	3.91
573.595	3.85
573.788	4.03
573.981	4.05
574.173	4.08
574.366	4.44
574.559	3.97
574.752	3.72
574.944	3.99
575.137	4
575.33	3.96
575.523	4.36
575.715	3.89
575.908	3.99
576.101	3.98
576.293	4.03
576.486	4.09
576.678	3.88
576.871	3.91
577.063	3.9
577.256	3.94
577.449	4.34
577.641	4.09
577.834	4.06
578.026	4.11
578.219	4.32
578.411	4.32
578.603	4.35
578.796	3.92
578.988	4.01
579.181	3.86
579.373	4.33
579.565	4.24
579.758	4.23
579.95	4.18
580.142	3.92
580.335	4.54
580.527	4.55
580.719	4.34
580.912	4.46
581.104	4.61
581.296	4.44
581.488	4.52
581.68	4.52
581.873	4.69
582.065	4.06
582.257	3.94
582.449	4.13
582.641	4.69
582.833	4.13
583.025	4.55
583.217	4.69
583.41	4.54
583.602	4.74
583.794	4.73
583.986	5.23
584.178	4.47
584.37	5.11
584.562	4.4
584.753	4.64
584.945	4.58
585.137	4.63
585.329	4.51
585.521	5.09
585.713	4.77
585.905	4.67
586.097	4.88
586.289	4.79
586.48	4.77
586.672	4.73
586.864	5.15
587.056	5.15
587.247	4.93
587.439	4.84
587.631	4.72
587.823	5.22
588.014	5.29
588.206	5.24
588.398	4.79
588.589	5.38
588.781	5.14
588.972	4.97
589.164	5.24
589.356	5.43
589.547	4.96
589.739	5.27
589.93	5.1
590.122	5.38
590.313	5.1
590.505	5.03
590.696	5.06
590.888	4.94
591.079	5.64
591.271	5.32
591.462	5.61
591.653	5.43
591.845	5.57
592.036	5.9
592.227	5.24
592.419	5.54
592.61	5.26
592.801	5.41
592.993	5.45
593.184	5.63
593.375	5.47
593.566	5.48
593.758	5.36
593.949	6.12
594.14	5.71
594.331	5.66
594.522	5.81
594.713	5.53
594.905	5.72
595.096	6.16
595.287	5.78
595.478	5.62
595.669	5.85
595.86	5.66
596.051	5.97
596.242	6.12
596.433	6.28
596.624	6.05
596.815	6.07
597.006	5.99
597.197	5.99
597.388	5.65
597.579	6.07
597.77	6.09
597.96	6.2
598.151	6.26
598.342	5.97
598.533	6.87
598.724	6.25
598.915	6.44
599.105	6.27
599.296	6.62
599.487	5.84
599.678	6.73
599.868	6.85
600.059	6.52
600.25	6.54
600.44	6.79
600.631	6.52
600.822	6.66
601.012	6.54
601.203	6.79
601.394	6.81
601.584	6.75
601.775	6.8
601.965	6.57
602.156	6.82
602.346	7.1
602.537	6.8
602.727	6.79
602.918	6.69
603.108	6.96
603.299	7.2
603.489	7.53
603.679	6.82
603.87	6.64
604.06	6.98
604.251	6.69
604.441	7.34
604.631	6.55
604.822	6.94
605.012	7.56
605.202	7.41
605.392	6.91
605.583	7.14
605.773	7.51
605.963	7.55
606.153	7.22
606.344	6.81
606.534	7.22
606.724	7.41
606.914	7.22
607.104	7.24
607.294	7.05
607.484	7.43
607.674	7.7
607.864	7.67
608.054	7.72
608.245	7.61
608.435	7.87
608.625	7.71
608.814	7.35
609.004	7.79
609.194	7.59
609.384	8.02
609.574	7.63
609.764	7.6
609.954	7.87
610.144	8.02
610.334	7.96
610.524	8.04
610.713	7.84
610.903	7.91
611.093	7.69
611.283	8.2
611.473	8.06
611.662	8.49
611.852	8.13
612.042	7.44
612.231	8.2
612.421	8.54
612.611	7.87
612.8	8.45
612.99	7.98
613.18	7.97
613.369	8.5
613.559	8.28
613.748	8.19
613.938	8.41
614.128	8.06
614.317	8.6
614.507	8.39
614.696	8.6
614.886	8.81
615.075	8.37
615.264	8.69
615.454	8.74
615.643	8.46
615.833	8.85
616.022	8.41
616.211	8.91
616.401	8.29
616.59	9.34
616.779	8.47
616.969	8.72
617.158	8.14
617.347	8.86
617.537	9.12
617.726	9.3
617.915	8.87
618.104	8.64
618.293	8.79
618.483	8.9
618.672	9.15
618.861	9.45
619.05	9.5
619.239	8.98
619.428	8.6
619.617	9.18
619.806	8.38
619.995	9.04
620.184	9.11
620.373	9.25
620.562	9.1
620.751	9.07
620.94	8.88
621.129	9.03
621.318	8.89
621.507	9.2
621.696	8.81
621.885	9.28
622.074	9.41
622.263	9.55
622.452	9.22
622.64	9.46
622.829	9.08
623.018	9.33
623.207	9.51
623.396	9.43
623.584	9.93
623.773	10.08
623.962	9.32
624.15	10.13
624.339	9.96
624.528	9.89
624.716	9.7
624.905	9.75
625.094	10.04
625.282	9.11
625.471	9.52
625.659	9.43
625.848	9.33
626.037	9.22
626.225	9.96
626.414	9.58
626.602	9.85
626.791	9.77
626.979	9.9
627.167	9.36
627.356	10.08
627.544	10.42
627.733	10.65
627.921	10.31
628.109	10.04
628.298	10.4
628.486	10
628.674	11.15
628.863	10.78
629.051	11.07
629.239	10.21
629.428	10.3
629.616	10.53
629.804	11.09
629.992	10.59
630.18	10.31
630.369	10.2
630.557	11.46
630.745	10.13
630.933	10.41
631.121	10.75
631.309	10.58
631.497	10.85
631.685	10.68
631.873	10.55
632.061	10
632.249	11.56
632.437	11.12
632.625	10.7
632.813	11.4
633.001	10.86
633.189	10.47
633.377	11.02
633.565	10.18
633.753	10.2
633.941	11
634.129	11.04
634.316	10.56
634.504	11.25
634.692	11.14
634.88	11.78
635.068	10.83
635.255	11.06
635.443	11.24
635.631	11.29
635.818	12.07
636.006	11.04
636.194	11.52
636.382	10.57
636.569	11.37
636.757	11.63
636.944	12.79
637.132	11.85
637.32	12.23
637.507	10.89
637.695	11.54
637.882	12.11
638.07	12.41
638.257	11.49
638.445	10.75
638.632	11.13
638.82	10.26
639.007	11.16
639.194	11.29
639.382	10.95
639.569	11.13
639.757	12.22
639.944	10.18
640.131	11.12
640.319	11.51
640.506	12.31
640.693	11.25
640.88	10.5
641.068	11.31
641.255	11.66
641.442	10.95
641.629	10.1
641.817	11.3
642.004	10.98
642.191	12.61
642.378	12.37
642.565	11.67
642.752	11.44
642.939	10.6
643.126	11.85
643.313	12.23
643.501	12.25
643.688	11.59
643.875	10.89
644.062	11.9
644.249	11.2
644.435	11.41
644.622	10.47
644.809	11.76
644.996	10.7
645.183	11.06
645.37	12.97
645.557	11.51
645.744	10.84
645.931	11.47
646.117	10.92
646.304	11.76
646.491	10.94
646.678	11.39
646.865	11.86
647.051	11.34
647.238	11.21
647.425	11.56
647.611	10.65
647.798	11.13
647.985	10.82
648.171	12.18
648.358	11.04
648.545	11.88
648.731	10.16
648.918	11.75
649.104	11.71
649.291	10.66
649.477	10.47
649.664	11.6
649.85	11.37
650.037	11.82
650.223	10.41
650.41	10.53
650.596	10.48
650.783	12.03
650.969	10.33
651.155	11.87
651.342	10.53
651.528	11.64
651.714	11.12
651.901	12.74
652.087	12.11
652.273	10.71
652.46	11.19
652.646	11.38
652.832	11.02
653.018	10.5
653.204	11.91
653.391	11.77
653.577	11.15
653.763	12.11
653.949	11.34
654.135	11.3
654.321	11.74
654.507	11.93
654.693	10.71
654.879	12.56
655.065	11.32
655.252	10.27
655.438	11.49
655.624	12.86
655.809	10.83
655.995	11.25
656.181	11.43
656.367	11.4
656.553	12.76
656.739	11.47
656.925	11.58
657.111	11.74
657.297	11.78
657.482	10.5
657.668	11.9
657.854	12.02
658.04	10.77
658.226	10.28
658.411	11.47
658.597	11.62
658.783	12.28
658.968	11.06
659.154	10.98
659.34	10.58
659.525	10.14
659.711	10.6
659.897	11.32
660.082	11.26
660.268	10.8
660.453	10.96
660.639	11.75
660.824	12.79
661.01	12.31
661.195	11.21
661.381	11.94
661.566	11.96
661.752	11.17
661.937	11.83
662.123	9.69
662.308	11.44
662.494	11.09
662.679	9.77
662.864	12.65
663.05	11.5
663.235	11.43
663.42	11.81
663.605	10.43
663.791	10.99
663.976	10.56
664.161	9.89
664.346	12.26
664.532	10.09
664.717	10.15
664.902	10.73
665.087	13.58
665.272	12.38
665.457	11.42
665.642	8.23
665.828	11.03
666.013	11.61
666.198	9.37
666.383	8.63
666.568	10.73
666.753	11.1
666.938	9.59
667.123	11.73
667.308	10.79
667.493	10.01
667.677	9.29
667.862	11.96
668.047	10.66
668.232	12.95
668.417	12.05
668.602	9
668.787	11.35
668.971	10.97
669.156	11.49
669.341	9.43
669.526	11.41
669.711	13.1
669.895	10.58
670.08	9.89
670.265	13.71
670.449	11.93
670.634	11.02
670.819	11.44
671.003	9.67
671.188	12.86
671.372	9.73
671.557	12.57
671.742	12.06
671.926	11.3
672.111	9.87
672.295	10.31
672.48	9.14
672.664	8.87
672.849	9.44
673.033	11.53
673.217	10.91
673.402	10.07
673.586	8.58
673.771	9.8
673.955	13.66
674.139	12.06
674.324	9.7
674.508	11.8
674.692	9.68
674.876	11.16
675.061	10.87
675.245	16.11
675.429	11.08
675.613	8.33
675.798	10.53
675.982	12.53
676.166	9.78
676.35	13.85
676.534	13
676.718	9.95
676.902	15.43
677.087	10.37
677.271	9.6
677.455	13.43
677.639	9.62
677.823	13.33
678.007	13.11
678.191	13.28
678.375	12.94
678.559	13.08
678.742	11.53
678.926	10.87
679.11	14.09
679.294	15.8
679.478	10.87
679.662	11.52
679.846	14.15
680.029	12.89
680.213	15.53
680.397	16.71
680.581	13.47
680.765	14.44
680.948	13.03
681.132	14.99
681.316	9.8
681.499	14.54
681.683	15.65
681.867	14.01
682.05	15.75
682.234	11.06
682.417	14.48
682.601	19
682.785	12.74
682.968	15.27
683.152	14.84
683.335	14.01
683.519	12.42
683.702	15.09
683.886	15.84
684.069	16.2
684.253	16.32
684.436	20.01
684.619	13.09
684.803	17.72
684.986	14.96
685.169	18.8
685.353	15.74
685.536	17.77
685.719	18.07
685.903	19.99
686.086	13.25
686.269	18.02
686.452	15.45
686.636	18.91
686.819	20.24
687.002	22.13
687.185	19.09
687.368	20.78
687.551	18.28
687.734	21.12
687.918	21.46
688.101	20.24
688.284	19.97
688.467	17.87
688.65	20.67
688.833	18.14
689.016	17.59
689.199	16.97
689.382	21.6
689.565	18.34
689.748	20.69
689.93	18.45
690.113	24.1
690.296	23.41
690.479	23.45
690.662	23.12
690.845	22.01
691.028	21.34
691.21	22.76
691.393	21.93
691.576	23.78
691.759	22.09
691.941	26.47
692.124	24.88
692.307	22.54
692.489	21.03
692.672	21.29
692.855	24.82
693.037	27
693.22	27.04
693.403	24.56
693.585	26.93
693.768	28.94
693.95	25.74
694.133	26.09
694.315	26.41
694.498	29.22
694.68	24.06
694.863	29.59
695.045	27.83
695.228	23.05
695.41	26.89
695.592	31.42
695.775	30.68
695.957	28.63
696.139	23.97
696.322	29.75
696.504	27.5
696.686	29.76
696.869	23.65
697.051	33.72
697.233	32.96
697.415	32.68
697.597	27.3
697.78	29.96
697.962	27.85
698.144	30.2
698.326	27.29
698.508	34.21
698.69	25.13
698.872	31.29
699.055	31.96
699.237	26.08
699.419	28.18
699.601	28.06
699.783	34.72
699.965	30.31
700.147	28.59
700.329	32.86
700.51	31.63
700.692	31.49
700.874	31.16
701.056	35.6
701.238	31.42
701.42	33.22
701.602	34.05
701.783	27.63
701.965	25.17
702.147	28.89
702.329	36.4
702.511	32.04
702.692	31.49
702.874	35.16
703.056	32.04
703.237	38.28
703.419	33.08
703.601	31.4
703.782	34.21
703.964	32.86
704.146	36.45
704.327	34.04
704.509	33.92
704.69	37.99
704.872	34.42
705.053	30.02
705.235	31.72
705.416	26.32
705.598	30.3
705.779	29.72
705.961	36.29
706.142	30.66
706.323	37.08
706.505	35.24
706.686	29.02
706.867	32.41
707.049	34.54
707.23	33.55
707.411	31.12
707.593	31.23
707.774	32.59
707.955	29.67
708.136	27.08
708.318	34.05
708.499	32.77
708.68	24.9
708.861	44.19
709.042	24.52
709.223	35.47
709.404	33.64
709.585	30.44
709.767	36
709.948	32.1
710.129	38.57
710.31	28.56
710.491	27.15
710.672	39.32
710.853	26.28
711.034	40.6
711.214	34.41
711.395	36.83
711.576	39.79
711.757	45.36
711.938	36.38
712.119	31.98
712.3	44.29
712.481	25.23
712.661	31.69
712.842	31.62
713.023	42.59
713.204	31.21
713.384	31.32
713.565	30.68
713.746	30.28
713.926	27.01
714.107	29.89
714.288	27.34
714.468	31.97
714.649	37.97
714.83	31.57
715.01	47.49
715.191	36.97
715.371	37.24
715.552	37.63
715.732	38.53
715.913	35.85
716.093	41.02
716.274	35.18
716.454	34
716.635	30.06
716.815	41.42
716.995	35.98
717.176	36.96
717.356	39.57
717.536	37.25
717.717	23.56
717.897	30.39
718.077	25.27
718.258	45.49
718.438	39.47
718.618	35.77
718.798	26.56
718.978	43.88
719.159	26.62
719.339	46.07
719.519	36.08
719.699	43.49
719.879	37.87
720.059	39.47
720.239	28.74
720.419	46.17
720.599	37.31
720.779	53.45
720.959	35.98
721.139	39.69
721.319	30.5
721.499	45.72
721.679	30.49
721.859	36.28
722.039	35.92
722.219	33.16
722.399	40.72
722.579	35.97
722.759	28.03
722.938	41.4
723.118	32.5
723.298	45.21
723.478	46.23
723.658	42.27
723.837	34.41
724.017	23.93
724.197	31.59
724.376	37.43
724.556	49.26
724.736	33.23
724.915	36.42
725.095	40.4
725.275	33.01
725.454	53.31
725.634	44.83
725.813	44.54
725.993	59.73
726.172	54.86
726.352	48.01
726.531	40.92
726.711	40.78
726.89	26.38
727.07	37.04
727.249	46.7
727.428	37.78
727.608	31.21
727.787	17.51
727.966	47.76
728.146	16.75
728.325	49.91
728.504	37.08
728.684	23.44
728.863	47.28
729.042	12.52
729.221	18.57
729.4	59.26
729.58	44.66
729.759	48.03
729.938	60.48
730.117	40.15
730.296	31.23
730.475	44.75
730.654	39.17
730.833	39.49
731.013	38.09
731.192	28.53
731.371	44.64
731.55	67.51
731.729	36.16
731.907	47.88
732.086	46.89
732.265	44.4
732.444	49.04
732.623	34.58
732.802	30.86
732.981	50.95
733.16	39.59
733.339	29.2
733.517	38.05
733.696	52.35
733.875	26.21
734.054	38.36
734.232	57.92
734.411	52.65
734.59	25.32
734.768	32.6
734.947	41.35
735.126	5.57
735.304	43.43
735.483	50.95
735.662	51.49
735.84	23.46
736.019	19.99
736.197	30.15
736.376	33.93
736.554	60.68
736.733	33.84
736.911	52.2
737.09	24.69
737.268	33.65
737.447	53.76
737.625	50.74
737.803	26.06
737.982	69.2
738.16	22.46
738.338	55.73
738.517	38.12
738.695	47.33
738.873	33.14
739.052	37.88
739.23	22.96
739.408	34.71
739.586	36.83
739.764	38.89
739.943	31.77
740.121	29.2
740.299	47.32
740.477	31.1
740.655	52.66
740.833	57.46
741.011	54.45
741.189	64.58
741.367	46.23
741.545	41.67
741.723	34.32
741.901	46.83
742.079	32.89
742.257	45.36
742.435	33.97
742.613	40.77
742.791	26.99
742.969	46.23
743.147	50.38
743.325	41.91
743.503	28.14
743.68	22.4
743.858	43.54
744.036	34.5
744.214	19.71
744.391	2.72
744.569	12.22
744.747	46.5
744.925	58.64
745.102	66.76
745.28	23.42
745.458	54.34
745.635	39.03
745.813	63.21
745.99	36.66
746.168	41.11
746.345	118.57
746.523	34.87
746.7	38.89
746.878	42.52
747.055	33.8
747.233	42.46
747.41	61.97
747.588	24.61
747.765	20.48
747.943	50.91
748.12	-11.93
748.297	63.04
748.475	51.51
748.652	49.77
748.829	66.52
749.007	26.63
749.184	27.32
749.361	34.4
749.538	92.88
749.716	37.44
749.893	27.25
750.07	46.01
750.247	54.61
750.424	45.69
750.601	60.47
750.778	57.16
750.956	41.11
751.133	47.96
751.31	61.44
751.487	19.38
751.664	21.93
751.841	17.92
752.018	37.58
752.195	15.34
752.372	43.47
752.549	47.88
752.726	43.04
752.902	58.02
753.079	69.08
753.256	56.04
753.433	53.23
753.61	60.63
753.787	-8.47
753.964	66.2
754.14	37.91
754.317	71.75
754.494	49.71
754.671	52.27
754.847	22.37
755.024	81.38
755.201	26.95
755.377	38.51
755.554	60.19
755.73	-0.45
755.907	81.66
756.084	92.89
756.26	27.56
756.437	43.5
756.613	-12.65
756.79	57.07
756.966	64.48
757.143	80.04
757.319	77.73
757.496	93.51
757.672	59.6
757.849	32.59
758.025	27.07
758.201	96.5
758.378	62.51
758.554	39.72
758.73	49.75
758.907	52.91
759.083	54.81
759.259	94.51
759.435	41.9
759.612	53.09
759.788	89.07
759.964	44.04
760.14	52.82
760.316	-1.34
760.493	24.26
760.669	78.31
760.845	-10.06
761.021	28.7
761.197	34.71
761.373	42.65
761.549	73.17
761.725	45.6
761.901	9.96
762.077	82.68
762.253	48.69
762.429	54.8
762.605	52.46
762.781	4.34
762.957	19.4
763.133	51.21
763.308	31.94
763.484	38.04
763.66	159.28
763.836	44.99
764.012	-2.65
764.187	30.48
764.363	50.27
764.539	52.72
764.715	26.37
764.89	-18.35
765.066	25.52
765.242	76.14
765.417	55.25
765.593	77.83
765.769	81.46
765.944	-4.93
766.12	86.66
766.295	15.17
766.471	25.75
766.646	60.11
766.822	65.47
766.997	13.27
767.173	64.19
767.348	11.1
767.524	-10.17
767.699	68.71
767.875	39.53
768.05	-26.83
768.225	68.6
768.401	59.79
768.576	153.09
768.751	81.58
768.927	-69.47
769.102	165.38
769.277	31.35
769.452	81.58
769.628	37.11
769.803	107.19
769.978	136.76
770.153	-8.84
770.328	101.18
770.503	123.35
770.679	61.32
770.854	6.08
771.029	47.32
771.204	-210.6
771.379	28.07
771.554	30.79
771.729	17.27
771.904	-24.69
772.079	70.33
772.254	47.97
772.429	129.25
772.604	-29.92
772.779	28.67
772.953	-25.52
773.128	30.03
773.303	75.08
773.478	65.09
773.653	56.05
773.828	34.22
774.002	116.08
774.177	6.12
774.352	339.13
774.527	26.36
774.701	53.13
774.876	35.72
775.051	150.8
775.225	192.28
775.4	80.3
775.575	100.91
775.749	-34.77
775.924	68.95
776.098	125.05
776.273	119.11
776.447	68.92
776.622	40.69
776.796	-3.03
776.971	57.07
777.145	43.74
777.32	77.28
777.494	73.12
777.669	33.3
777.843	103.58
778.017	31.99
778.192	17.99
778.366	37.56
778.54	61.65
778.715	72.17
778.889	31.27
779.063	44.46
779.237	24.2
779.412	44.98
779.586	108.68
779.76	157.2
779.934	-26.5
780.108	68.41
780.282	-277.61
780.457	90.66
780.631	-120.7
780.805	-22.31
780.979	-761.19
781.153	56.78
781.327	52.71
781.501	70.33
781.675	106.71
781.849	32.81
782.023	-24.09
782.197	24.29
782.371	44.57
782.545	231.9
782.718	-2.12
782.892	155.64
783.066	25.16
783.24	361.94
783.414	-5.08
783.588	107.19
783.761	18.23
783.935	66.97
784.109	73.61
784.283	307.83
784.456	167.77
784.63	11.08
784.804	23.71
784.977	41.08
785.151	41.5
785.324	7.23
785.498	-1.07
785.672	12.85
785.845	120.9
786.019	71.09
786.192	-51.66
786.366	21.57
786.539	71.19
786.713	89.92
786.886	19.06
787.06	59.82
787.233	-15.03
787.406	-11.94
787.58	53.13
787.753	99.76
787.926	95.91
788.1	195.09
788.273	-781.13
788.446	-148.34
788.62	561.29
788.793	-61.32
788.966	-40.82
789.139	45.63
789.313	1.63
789.486	942.86
789.659	-113.14
789.832	31.58
790.005	50.34
790.178	292.04
790.351	44.97
790.524	136.27
790.697	21.34
790.87	94.42
791.044	534.55
791.216	122.6
791.389	-548.66
791.562	40.14
791.735	235.44
791.908	677.92
792.081	-6.65
792.254	-6.59
792.427	-78.07
792.6	12.24
792.773	18.67
792.945	-635.82
793.118	183.13
793.291	270.33
793.464	-114.89
793.637	143.56
793.809	62.23
793.982	72.55
794.155	151.92
794.327	13.01
794.5	415.38
794.673	94.74
794.845	-67.7
795.018	82.23
795.19	-155.06
795.363	32.76
795.536	115.74
795.708	-948.39
795.881	-360
796.053	8.84
796.226	222.86
796.398	168.12
796.57	9.07
796.743	211.66
796.915	24.29
797.088	-26.72
797.26	-335.43
797.432	751.9
797.605	73.8
797.777	-412.99
797.949	-85.71
798.122	59.32
798.294	56.5
798.466	10.29
798.638	28.21
798.81	35.49
798.983	-129.11
799.155	91.32
799.327	-114.22
799.499	154.06
799.671	103.89
799.843	-19.96
800.015	81.71
800.187	45.79
800.359	83.81
800.531	108.69
800.703	-0.77
800.875	81.77
801.047	107.19
801.219	116.72
801.391	-132.47
801.563	64.75
801.735	-33.22
801.907	408.59
802.079	123.03
802.251	46.15
802.422	-4.72
802.594	-23.38
802.766	14.25
802.938	460.09
803.11	12.24
803.281	27.81
803.453	98.49
803.625	39.85
803.796	35.72
803.968	39.74
804.14	18.95
804.311	103.16
804.483	242.03
804.654	41.99
804.826	141.07
804.998	279.14
805.169	-94.98
805.341	504
805.512	3.73
805.684	99.79
805.855	62.75
806.026	1412.31
806.198	84.66
806.369	39.25
806.541	56.22
806.712	157.78
806.883	142.23
807.055	111.03
807.226	-128.32
807.397	-362.64
807.569	-387.61
807.74	36.7
807.911	46.53
808.082	51.12
808.253	-219.8
808.425	79.25
808.596	397.75
808.767	237.41
808.938	5.9
809.109	77.23
809.28	-184.83
809.451	76.48
809.622	-3.21
809.793	-483.87
809.964	46.96
810.135	22.37
810.306	239.31
810.477	342.28
810.648	30.28
810.819	81.45
810.99	-10200
811.161	60.22
811.332	152.43
811.503	9.08
811.674	-27.69
811.844	-230.77
812.015	64.91
812.186	261.35
812.357	69.53
812.527	45.81
812.698	72.12
812.869	260.38
813.04	53.3
813.21	186.21
813.381	-81.71
813.551	-136.9
813.722	54.37
813.893	47.59
814.063	28.29
814.234	-1123.64
814.404	71.27
814.575	168.81
814.745	-196.46
814.916	85.11
815.086	87.16
815.257	-45.74
815.427	121.47
815.598	11.9
815.768	98.21
815.938	5.41
816.109	55.87
816.279	-5.74
816.449	99.7
816.62	-1042.11
816.79	75.09
816.96	464.15
817.13	-32.95
817.301	100.51
817.471	-6.94
817.641	379.14
817.811	-223.36
817.981	-2657.14
818.152	54.03
818.322	148.51
818.492	103.21
818.662	36.04
818.832	36.95
819.002	-16.1
819.172	121.71
819.342	121.39
819.512	65.64
819.682	42.79
819.852	62.27
820.022	67.85
820.192	-74.16
820.362	30.6
820.531	33.22
820.701	208.16
820.871	148.47
821.041	-122.17
821.211	1.15
821.381	64.34
821.55	354.89
821.72	-265.12
821.89	-27.69
822.059	45.77
822.229	41.22
822.399	99.55
822.568	99.69
822.738	278.05
822.908	62.58
823.077	166.05
823.247	96.56
823.416	-2152.94
823.586	105.88
823.756	59.15
823.925	493.67
824.095	432.56
824.264	99.55
824.433	-185.84
824.603	129.64
824.772	-8.17
824.942	-250.63
825.111	165.83
825.28	-137.89
825.45	26.09
825.619	413.66
825.788	-101.12
825.958	21.8
826.127	47.02
826.296	127.04
826.465	86.12
826.635	-9.06
826.804	53.95
826.973	6.64
827.142	-53.62
827.311	-116.78
827.48	127.58
827.649	110.97
827.818	99.21
827.988	-100.8
828.157	137.3
828.326	-46.15
828.495	11.9
828.664	-7
828.833	44.52
829.002	-182.61
829.17	-100.67
829.339	87.44
829.508	80.16
829.677	-465.17
829.846	-7.19
830.015	35.49
830.184	-41.68
830.352	119.22
830.521	444.6
830.69	248.78
830.859	-811.76
831.027	1610.53
831.196	-46.84
831.365	91.42
831.533	33.74
831.702	55.87
831.871	30.36
832.039	5.25
832.208	245.22
832.377	137.01
832.545	-72.49
832.714	112.61
832.882	10.49
833.051	5.89
833.219	4371.43
833.388	82.53
833.556	-5.25
833.724	40.28
833.893	-13.23
834.061	663.16
834.23	221.69
834.398	34.75
834.566	23.38
834.735	4371.43
834.903	-509.43
835.071	-3720
835.239	-76.72
835.408	81.01
835.576	404.65
835.744	163.06
835.912	99.79
836.08	85.14
836.249	56.6
836.417	-67.38
836.585	143.2
836.753	70.3
836.921	340.54
837.089	-1285.71
837.257	-1269.77
837.425	-84.26
837.593	-61.35
837.761	-18.27
837.929	80.13
838.097	114.5
838.265	-44.01
838.433	13.77
838.601	30.24
838.769	463.29
838.936	-20.22
839.104	11.44
839.272	151.15
839.44	103.58
839.608	219.51
839.775	69.98
839.943	80.64
840.111	75.14
840.279	-7.88
840.446	-80.6
840.614	-335.06
840.781	5.22
840.949	49.58
841.117	89.59
841.284	-368.24
841.452	-227.33
841.619	-34.63
841.787	130.63
841.954	265.12
842.122	-24.28
842.289	97.77
842.457	-49.29
842.624	132.57
842.792	48.18
842.959	284.57
843.126	18.59
843.294	-162.31
843.461	27.19
843.629	24
843.796	32.4
843.963	137.74
844.13	72.68
844.298	-2.32
844.465	1.75
844.632	-78.26
844.799	250.25
844.966	-99.57
845.134	85.51
845.301	17.85
845.468	-242.38
845.635	61.48
845.802	33.19
845.969	41.43
846.136	188.78
846.303	284.21
846.47	16.78
846.637	-341.54
846.804	2178.95
846.971	-108.2
847.138	81.08
847.305	5.31
847.472	-78.42
847.639	130.68
847.805	65.25
847.972	148.05
848.139	-69.53
848.306	-600
848.473	98.51
848.639	-25.21
848.806	-216
848.973	111.28
849.14	111.67
849.306	-8.07
849.473	27.81
849.64	156.92
849.806	-8.61
849.973	353.51
850.139	3.97
850.306	90.72
850.472	219.19
850.639	171.15
850.806	-347.37
850.972	485.22
851.139	4371.43
851.305	18.8
851.471	-32.03
851.638	-69.94
851.804	367.16
851.971	-137.03
852.137	17.27
852.303	109.79
852.47	25.67
852.636	54.55
852.802	61.42
852.968	89.36
853.135	-63.96
853.301	-294.8
853.467	-9.84
853.633	106.26
853.8	6.81
853.966	-350.25
854.132	1285.71
854.298	-153.28
854.464	-87.64
854.63	41.34
854.796	172.88
854.962	306.47
855.128	94.21
855.294	8.66
855.46	-139
855.626	19.35
855.792	-20.85
855.958	75.73
856.124	209.82
856.29	393.38
856.456	135.55
856.622	-22.98
856.787	350.65
856.953	32.92
857.119	-77.23
857.285	173.46
857.45	74.2
857.616	-7.71
857.782	-32.23
857.948	197.49
858.113	-157.68
858.279	70.05
858.445	99.21
858.61	739.53
858.776	279.35
858.941	100.99
859.107	28.7
859.273	57.88
859.438	-24.35
859.604	-1989.47
859.769	-137.01
859.935	29.7
860.1	100.15
860.265	-10.98
860.431	479.14
860.596	4200
860.762	204.66
860.927	345.04
861.092	52.98
861.258	-134.28
861.423	48.65
861.588	114.64
861.753	6428.57
861.919	-916.98
862.084	70.87
862.249	217.63
862.414	47.1
862.579	45.69
862.745	107.63
862.91	272.32
863.075	142.67
863.24	50.69
863.405	81.41
863.57	119.22
863.735	78.42
863.9	-26.55
864.065	67.16
864.23	121.9
864.395	147.33
864.56	103.32
864.725	949.37
864.89	-87.64
865.055	144.98
865.22	-51.19
865.384	33.71
865.549	-168.93
865.714	-111.01
865.879	-139.67
866.044	-13.77
866.208	186.1
866.373	-204.4
866.538	164.4
866.702	-5.9
866.867	47.45
867.032	80.47
867.196	64.01
867.361	139.2
867.526	131.33
867.69	-80.55
867.855	178.02
868.019	272.73
868.184	22.8
868.348	-96.25
868.513	-1683.87
868.677	-58.37
868.842	-86.93
869.006	5.1
869.17	-758.49
869.335	-278.05
869.499	203.88
869.663	615.89
869.828	-12.15
869.992	1130.23
870.156	119.64
870.321	47.51
870.485	6.65
870.649	102.9
870.813	-2.21
870.978	405.96
871.142	212.31
871.306	105.21
871.47	564.96
871.634	297.64
871.798	-562.73
871.962	102.51
872.126	-85.71
872.29	18.89
872.454	4028.57
872.618	-66.03
872.782	-170.15
872.946	148.99
873.11	87.44
873.274	-79.77
873.438	1447.06
873.602	52.24
873.766	179.22
873.93	-238.36
874.094	411.24
874.257	39.79
874.421	163.01
874.585	-76.36
874.749	40.81
874.912	-30.22
875.076	153.35
875.24	5.9
875.403	96.25
875.567	-44.57
875.731	-47.19
875.894	31.84
876.058	-100.48
876.222	60.67
876.385	244.22
876.549	4.77
876.712	10.91
876.876	-65.59
877.039	-122.78
877.203	21.08
877.366	-21.01
877.529	-175.97
877.693	-13.23
877.856	149.59
878.02	23.41
878.183	-5.64
878.346	-241.56
878.51	-228.32
878.673	-47.48
878.836	35.96
878.999	754.84
879.163	240.28
879.326	1.53
879.489	40.87
879.652	64.1
879.815	84.47
879.978	-2.45
880.142	132.89
880.305	11.18
880.468	27.47
880.631	77.98
880.794	14.32
880.957	365.85
881.12	1517.65
881.283	45.74
881.446	25.23
881.609	366.91
881.772	107.49
881.935	-882.35
882.097	256.27
882.26	147.17
882.423	123.62
882.586	-28.78
882.749	169.68
882.912	55.21
883.074	6.55
883.237	48.16
883.4	74.8
883.562	13.2
883.725	-264
883.888	288.19
884.05	-8280
884.213	129.53
884.376	-8.1
884.538	110.12
884.701	110.12
884.863	110.12
