181.954	-46.96
182.172	-46.96
182.39	-46.96
182.608	-2480
182.826	360.44
183.043	52.77
183.261	89.37
183.479	195.89
183.697	1247.06
183.914	74.49
184.132	188.24
184.35	233.18
184.567	109.3
184.785	548.67
185.003	-115.17
185.22	90.99
185.438	121.31
185.656	122.61
185.873	-467.69
186.091	61.87
186.309	1103.45
186.526	188.24
186.744	-28.38
186.961	28.25
187.179	235.07
187.396	-13
187.614	-153.85
187.831	9280
188.049	-262.58
188.266	76.48
188.484	-764.18
188.701	132.04
188.919	123.35
189.136	178.55
189.354	214.67
189.571	-43.6
189.789	99.33
190.006	56.87
190.223	36.76
190.441	55.4
190.658	-4400
190.876	28.77
191.093	-786.81
191.31	-7.83
191.528	110.54
191.745	-71.34
191.962	133.58
192.179	65.57
192.397	-148.99
192.614	59.14
192.831	-18.22
193.049	78.61
193.266	225.24
193.483	13.59
193.7	-24.62
193.917	114.81
194.135	123.74
194.352	24.71
194.569	68.16
194.786	218.57
195.003	116.16
195.221	28.39
195.438	171.02
195.655	164.82
195.872	127.46
196.089	25.92
196.306	-39.58
196.523	-2.51
196.74	81.63
196.957	61.68
197.174	-148.22
197.391	82.97
197.608	72.91
197.825	748.39
198.042	13.95
198.259	-96.55
198.476	104.56
198.693	-1040
198.91	-120.17
199.127	417.91
199.344	191.09
199.561	46.24
199.778	20.56
199.995	-334.33
200.212	-800
200.429	121.33
200.646	-268.35
200.862	467.42
201.079	23.02
201.296	185.43
201.513	-19.42
201.73	-60.52
201.947	66.5
202.163	27.25
202.38	351.45
202.597	53.48
202.814	-51.53
203.03	3760
203.247	44.22
203.464	-31.36
203.681	-67.53
203.897	99.21
204.114	-1049.06
204.331	139.83
204.547	-18.6
204.764	55.58
204.981	2164.71
205.197	190.64
205.414	91.98
205.63	275.86
205.847	279.4
206.064	356.36
206.28	46.87
206.497	93.3
206.713	154.71
206.93	-6.07
207.146	63.33
207.363	-283.08
207.579	-325.27
207.796	-173.45
208.012	51.51
208.229	-244.78
208.445	17.44
208.662	-49.75
208.878	91.58
209.095	-2000
209.311	4.59
209.528	2800
209.744	-3.09
209.96	-180.13
210.177	97.09
210.393	115.35
210.609	2320
210.826	245.4
211.042	233.04
211.258	937.31
211.475	-4.28
211.691	82.4
211.907	5.06
212.124	-5.25
212.34	-11.43
212.556	104.92
212.772	30.77
212.989	145.7
213.205	107.75
213.421	-130.65
213.637	400
213.853	-38.91
214.069	-2568.42
214.286	183.09
214.502	-244.78
214.718	-115.36
214.934	83.85
215.15	128.52
215.366	-19.54
215.582	-7.07
215.798	92.43
216.015	2.99
216.231	-34.59
216.447	57.57
216.663	105.21
216.879	134.67
217.095	303.36
217.311	-777.36
217.527	204.9
217.743	-77.67
217.959	-324.53
218.175	-19.89
218.391	-40.29
218.606	91.43
218.822	-518.26
219.038	85.56
219.254	74.11
219.47	87.34
219.686	696.63
219.902	146.19
220.118	-26.29
220.334	-2.33
220.549	138.08
220.765	-0.97
220.981	95.77
221.197	23.24
221.413	175.82
221.628	-298.73
221.844	377.36
222.06	120.39
222.276	-36.36
222.491	30.12
222.707	-13.11
222.923	-155.7
223.139	50.87
223.354	-16.87
223.57	362.2
223.786	67.87
224.001	-132.82
224.217	197.08
224.432	67.05
224.648	166.74
224.864	-27.95
225.079	-262.69
225.295	-97.27
225.51	56.22
225.726	-5.49
225.942	189.34
226.157	6.99
226.373	47.66
226.588	3.37
226.804	-989.47
227.019	-16.08
227.235	69.35
227.45	83.08
227.665	2320
227.881	286.61
228.096	107.83
228.312	54.59
228.527	115.74
228.743	112
228.958	102.62
229.173	-372.17
229.389	107.73
229.604	19.21
229.819	40.33
230.035	-176.68
230.25	8.16
230.465	17.02
230.681	142.02
230.896	-39.63
231.111	61.36
231.327	26.98
231.542	-8480
231.757	163.57
231.972	1.41
232.187	27.23
232.403	-2505.26
232.618	5.42
232.833	97.54
233.048	247.27
233.263	-26.77
233.478	160
233.694	-102.33
233.909	400
234.124	2.58
234.339	36.01
234.554	-965.52
234.769	-120.11
234.984	-256.5
235.199	116.96
235.414	-120.35
235.629	-435.44
235.844	-10.02
236.059	101.7
236.274	73.72
236.489	-152.98
236.704	72.28
236.919	144.61
237.134	131.84
237.349	55.13
237.564	119.26
237.779	26.39
237.994	22.13
238.209	109.03
238.424	31.9
238.639	84.6
238.853	31.76
239.068	146.22
239.283	80.97
239.498	42.22
239.713	94.17
239.928	14.58
240.142	3.83
240.357	92.64
240.572	-59.72
240.787	122.07
241.001	22.13
241.216	33.1
241.431	139.5
241.646	50.97
241.86	-159.64
242.075	-1776.74
242.29	28.62
242.504	-12.82
242.719	4.97
242.934	352.76
243.148	52.85
243.363	93.85
243.577	-314.61
243.792	-61.54
244.007	15.27
244.221	-862.34
244.436	131.34
244.65	24.54
244.865	121.33
245.079	211.66
245.294	-489.21
245.508	-24.94
245.723	4.51
245.937	-364.84
246.152	-46
246.366	76.84
246.581	-42.22
246.795	-203.68
247.01	-93.93
247.224	-30.93
247.438	-66.51
247.653	31.57
247.867	-42.82
248.081	35.32
248.296	429.27
248.51	34.78
248.724	25.31
248.939	-226.87
249.153	238.37
249.367	20.03
249.582	30.52
249.796	-176.62
250.01	312.58
250.224	-16.8
250.439	-22.54
250.653	6.08
250.867	80.96
251.081	109.95
251.295	2.49
251.51	93.62
251.724	158.27
251.938	288.48
252.152	-169.34
252.366	22.28
252.58	-210.91
252.794	18.4
253.008	360.26
253.223	19.51
253.437	-13.79
253.651	57.74
253.865	81.07
254.079	-54.3
254.293	41.68
254.507	72.73
254.721	126.05
254.935	123.08
255.149	108.25
255.363	92.75
255.577	166.44
255.791	135.59
256.005	341.1
256.218	7.8
256.432	-5.12
256.646	60.38
256.86	75.49
257.074	131.85
257.288	400
257.502	-219.78
257.716	105.55
257.929	160.73
258.143	66.79
258.357	48.06
258.571	156.46
258.785	-49.63
258.998	44.37
259.212	95.44
259.426	-89.69
259.64	90.02
259.853	110.34
260.067	104.92
260.281	74.77
260.494	-71.33
260.708	316.83
260.922	-4.11
261.135	31.29
261.349	-59.83
261.563	102.17
261.776	1388.24
261.99	55.34
262.203	126
262.417	-40.99
262.63	-18.98
262.844	157.3
263.058	90.85
263.271	58.81
263.485	56.27
263.698	-5.02
263.912	17.02
264.125	69.05
264.339	144.88
264.552	120.85
264.765	-194.78
264.979	185.58
265.192	56.68
265.406	70.84
265.619	69.51
265.832	33.59
266.046	-3.74
266.259	-161.36
266.473	-3587.1
266.686	72.73
266.899	61.05
267.113	-4640
267.326	18.37
267.539	42.17
267.752	41.67
267.966	91.47
268.179	245.02
268.392	143.61
268.605	-72.44
268.819	138.44
269.032	-3.79
269.245	-172.31
269.458	129.89
269.671	-222.78
269.885	-12.42
270.098	60.62
270.311	-268.35
270.524	62.9
270.737	80.82
270.95	296.69
271.163	3.15
271.376	1019.35
271.589	-192.41
271.802	109.99
272.016	110.75
272.229	72.9
272.442	64.78
272.655	34.56
272.868	96.76
273.081	-1244.94
273.294	4.66
273.506	9.89
273.719	4.8
273.932	67.87
274.145	-8720
274.358	67.55
274.571	123.7
274.784	15.09
274.997	40.53
275.21	-4.01
275.423	-8.41
275.635	2.01
275.848	46.41
276.061	121.85
276.274	-20.46
276.487	3.48
276.699	75.43
276.912	-84.91
277.125	456.17
277.338	59.54
277.55	27.47
277.763	-51.08
277.976	-16.03
278.189	-153.85
278.401	46.41
278.614	323.2
278.827	8.52
279.039	1.13
279.252	88.22
279.464	-78.77
279.677	78.19
279.89	30.54
280.102	-130.65
280.315	604.88
280.527	-484.21
280.74	-1337.93
280.952	128.19
281.165	94.36
281.377	21.41
281.59	-58.93
281.802	-103.79
282.015	29.88
282.227	125.24
282.44	417.27
282.652	426.97
282.865	-26.54
283.077	93.49
283.29	71.31
283.502	79.16
283.714	13.27
283.927	-29.71
284.139	-63.52
284.351	120.72
284.564	136.9
284.776	56.66
284.988	9.89
285.201	346.27
285.413	59.97
285.625	-15.14
285.838	68.4
286.05	34.39
286.262	14.76
286.474	113.6
286.686	33.02
286.899	-105.83
287.111	2.69
287.323	5.89
287.535	174.26
287.747	149.91
287.959	-20.21
288.172	400
288.384	37.81
288.596	-64.69
288.808	196.23
289.02	1215.09
289.232	81.39
289.444	-48.71
289.656	-6.51
289.868	44.92
290.08	-34.36
290.292	37.45
290.504	34.96
290.716	19.4
290.928	110.16
291.14	818.6
291.352	200.47
291.564	-23.53
291.776	220.12
291.988	-12.27
292.2	-20.85
292.412	-34.59
292.624	183.61
292.835	400
293.047	30.63
293.259	8.78
293.471	-88.69
293.683	458.54
293.895	88.97
294.106	-2.47
294.318	73.81
294.53	29.8
294.742	-427.59
294.953	98.89
295.165	54.95
295.377	59.07
295.589	4.9
295.8	-21.36
296.012	83.69
296.224	68.61
296.435	181.16
296.647	125.46
296.858	-368.35
297.07	972.31
297.282	32.89
297.493	57.49
297.705	-224
297.916	-16.5
298.128	30.52
298.34	-31.61
298.551	-22.42
298.763	8.64
298.974	61.49
299.186	0.69
299.397	151.6
299.609	-219.35
299.82	143.06
300.031	78.5
300.243	463.16
300.454	377.91
300.666	78.59
300.877	206.64
301.089	119.15
301.3	72.06
301.511	5.08
301.723	-33.7
301.934	-119.4
302.145	-9.67
302.357	83.85
302.568	428.8
302.779	48.87
302.99	292.38
303.202	102
303.413	12.52
303.624	-100.34
303.835	-732.08
304.047	-22.67
304.258	48.31
304.469	37.41
304.68	20.43
304.891	27.49
305.103	98.84
305.314	78.27
305.525	-1314.29
305.736	296.06
305.947	59.7
306.158	-164.71
306.369	114.04
306.58	80.13
306.791	167.87
307.002	35.91
307.213	-53.23
307.424	14.13
307.636	86.1
307.846	159.25
308.057	-7.77
308.268	31.06
308.479	23
308.69	41.82
308.901	26.17
309.112	-1358.14
309.323	200.44
309.534	-16.99
309.745	66.57
309.956	-38.53
310.167	-33.61
310.377	-4.11
310.588	283.87
310.799	-3.24
311.01	-100.23
311.221	105.54
311.432	43.69
311.642	-62.32
311.853	73.88
312.064	110.34
312.275	203.72
312.485	70.36
312.696	30.51
312.907	-28.14
313.117	66.59
313.328	31.92
313.539	-72.63
313.749	87.34
313.96	-246.15
314.171	85.84
314.381	19.65
314.592	38.99
314.802	3.73
315.013	-18.53
315.224	79.63
315.434	-1557.89
315.645	640
315.855	-8.72
316.066	-220.22
316.276	81.98
316.487	-390.24
316.697	56.34
316.908	23.18
317.118	22.96
317.329	102.05
317.539	45.02
317.749	291.85
317.96	-1050.75
318.17	-56.16
318.381	610.99
318.591	-272.53
318.801	54.41
319.012	-168.2
319.222	528.16
319.432	117.12
319.643	88.63
319.853	-111.21
320.063	56.41
320.273	30.48
320.484	281.32
320.694	57.14
320.904	-92.2
321.114	8.99
321.325	1103.45
321.535	138.39
321.745	14.53
321.955	57.14
322.165	-2.42
322.375	44.25
322.585	112.88
322.796	358.62
323.006	89.01
323.216	138.69
323.426	54.59
323.636	222.01
323.846	937.93
324.056	59.16
324.266	6.82
324.476	72.28
324.686	101.62
324.896	46.01
325.106	1237.74
325.316	71
325.526	-231.58
325.736	20.33
325.946	21.5
326.156	1116.88
326.366	191.3
326.576	17.89
326.785	38.19
326.995	9.07
327.205	-94.47
327.415	371.53
327.625	408.76
327.835	-59.45
328.044	50.25
328.254	253.91
328.464	115.9
328.674	43.46
328.884	-359.71
329.093	149.73
329.303	72.46
329.513	19.88
329.722	210.53
329.932	99.46
330.142	114.67
330.351	48.03
330.561	312.73
330.771	14.76
330.98	-11.99
331.19	233.85
331.4	-130.04
331.609	46.22
331.819	-39.02
332.028	125.71
332.238	-2.71
332.447	92.18
332.657	54.57
332.866	95.11
333.076	71.15
333.285	-112.05
333.495	748.39
333.704	-154.26
333.914	35.23
334.123	13.89
334.333	-135.38
334.542	108.99
334.752	-320
334.961	1101.89
335.17	-245.23
335.38	23.98
335.589	0.41
335.798	74.74
336.008	703.3
336.217	98.72
336.426	129.26
336.636	42.55
336.845	170.14
337.054	88.31
337.263	46.13
337.473	22.19
337.682	56.03
337.891	84.76
338.1	89.21
338.309	-125.27
338.519	184.05
338.728	0.49
338.937	-195.28
339.146	-23.02
339.355	-596.23
339.564	715.79
339.773	80.4
339.983	77.05
340.192	128.7
340.401	-5.45
340.61	76.08
340.819	11.82
341.028	132.46
341.237	-1576.47
341.446	-71.03
341.655	126.05
341.864	36.02
342.073	55.78
342.282	-59.76
342.491	66.54
342.699	178.64
342.908	-36.36
343.117	70.71
343.326	113.36
343.535	-320
343.744	-119.91
343.953	-100.57
344.162	49.48
344.37	39.37
344.579	-244.78
344.788	43.99
344.997	38.59
345.206	13.03
345.414	133.08
345.623	-29.52
345.832	-10.3
346.041	223.35
346.249	63.19
346.458	26.15
346.667	24.47
346.875	116.33
347.084	59.36
347.293	55.29
347.501	-100.47
347.71	16.52
347.918	-73.8
348.127	-259.34
348.336	-235.76
348.544	151.13
348.753	883.58
348.961	11.45
349.17	131.27
349.378	165.55
349.587	60.55
349.795	-42.72
350.004	-153.85
350.212	63.83
350.421	102.65
350.629	-45.92
350.838	33.55
351.046	82.79
351.254	-45.12
351.463	-17.71
351.671	-42.11
351.879	133.98
352.088	72.06
352.296	410.62
352.504	144.03
352.713	-71.26
352.921	-431.5
353.129	-65.71
353.338	-19.83
353.546	-20.96
353.754	-144.79
353.962	160.89
354.171	57.77
354.379	589.47
354.587	27.01
354.795	114.66
355.003	-12.68
355.212	88.22
355.42	490.57
355.628	50.12
355.836	147.8
356.044	51.24
356.252	61.93
356.46	69.67
356.668	1360
356.876	102.75
357.084	4.27
357.292	-20.29
357.5	22.18
357.708	-26.07
357.916	27.25
358.124	-65.31
358.332	-352.24
358.54	-101.82
358.748	-20.78
358.956	31.97
359.164	35.79
359.372	88.63
359.58	28.78
359.788	47.3
359.996	-60.36
360.203	25.31
360.411	13.47
360.619	-377.89
360.827	32.98
361.035	17.18
361.242	93.84
361.45	248.1
361.658	-180.09
361.866	36.64
362.073	9.89
362.281	80.51
362.489	9.81
362.697	-20.96
362.904	88.22
363.112	191.3
363.32	-80.36
363.527	-6.96
363.735	112.74
363.943	27.95
364.15	9.89
364.358	60.92
364.565	24.19
364.773	-11.22
364.98	-108.83
365.188	114.9
365.395	185.61
365.603	139.66
365.81	25.58
366.018	68.5
366.225	64.13
366.433	-46.65
366.64	133.15
366.848	17.64
367.055	-85.27
367.263	63.19
367.47	18.12
367.677	141.77
367.885	-9.76
368.092	-22.19
368.299	-103.66
368.507	131.56
368.714	569.91
368.921	78.74
369.129	84.48
369.336	8.24
369.543	78.62
369.751	-18.64
369.958	-19.73
370.165	56.53
370.372	-52.33
370.579	37.85
370.787	84.61
370.994	93.11
371.201	128.61
371.408	15.66
371.615	34.21
371.822	-1.82
372.029	-35.25
372.237	-443.43
372.444	88.65
372.651	35.54
372.858	16.42
373.065	13.56
373.272	71.61
373.479	-1917.24
373.686	98.58
373.893	178.64
374.1	-19.14
374.307	-402.88
374.514	229.96
374.721	-14.3
374.928	166.23
375.135	56.26
375.341	6640
375.548	11.53
375.755	85.13
375.962	23.47
376.169	-142.39
376.376	-80.97
376.583	14.19
376.789	89.92
376.996	90.02
377.203	63.33
377.41	-17.48
377.617	81.12
377.823	-100.53
378.03	167.74
378.237	42.71
378.443	50.29
378.65	-279.25
378.857	85.61
379.063	536.71
379.27	3.48
379.477	23.98
379.683	-28.34
379.89	27.15
380.097	-43.84
380.303	47.51
380.51	61.07
380.716	44.19
380.923	229.92
381.129	7.66
381.336	-53.54
381.542	52.3
381.749	5.23
381.955	78.35
382.162	133.07
382.368	29.37
382.575	0.7
382.781	1062.07
382.988	-26.77
383.194	-11.78
383.4	2.2
383.607	67
383.813	94.46
384.02	42.79
384.226	-107.84
384.432	5.12
384.639	44.61
384.845	369.62
385.051	-84.67
385.257	47.06
385.464	46.13
385.67	62.45
385.876	-9.5
386.082	-263.05
386.289	52.89
386.495	-44.71
386.701	32.57
386.907	25.58
387.113	1.42
387.319	59.97
387.526	212.38
387.732	-72.44
387.938	-22.4
388.144	233.04
388.35	43.77
388.556	73.05
388.762	55.73
388.968	-381.4
389.174	-22.03
389.38	161.56
389.586	44.56
389.792	46.41
389.998	-40.6
390.204	-61.81
390.41	39.65
390.616	16.45
390.822	-57.57
391.028	12.82
391.234	60.65
391.439	-532.04
391.645	3.35
391.851	28.28
392.057	12.24
392.263	5.18
392.469	55.58
392.674	-0.74
392.88	33.16
393.086	-13.89
393.292	13.89
393.498	99.18
393.703	-0.66
393.909	51.15
394.115	91.04
394.32	101.13
394.526	-9.57
394.732	45.52
394.937	67.37
395.143	-241.3
395.349	24.19
395.554	-136.68
395.76	51.15
395.965	-7.01
396.171	55.4
396.377	-60.27
396.582	20.02
396.788	13.2
396.993	-6.8
397.199	-20.38
397.404	18.15
397.61	0.5
397.815	9.66
398.021	47.63
398.226	13.53
398.431	35.09
398.637	5.51
398.842	39.25
399.048	25.54
399.253	29.89
399.458	-8.93
399.664	-3.26
399.869	-3.97
400.074	3.76
400.28	4.65
400.485	-5.82
400.69	36.96
400.896	1.06
401.101	43.04
401.306	36.93
401.511	36.2
401.716	-11.58
401.922	-23.61
402.127	15.26
402.332	-8.3
402.537	36.14
402.742	4.29
402.947	51.92
403.153	-18.36
403.358	29.4
403.563	14.2
403.768	15.69
403.973	8.48
404.178	10.98
404.383	6.77
404.588	8.78
404.793	11.18
404.998	5.96
405.203	4.47
405.408	-1.11
405.613	16.13
405.818	2.04
406.023	13.33
406.228	-2.09
406.433	9.09
406.638	3.76
406.842	19.82
407.047	8.05
407.252	14.39
407.457	13.81
407.662	6.14
407.867	11.28
408.071	9.65
408.276	3.8
408.481	7.13
408.686	3.34
408.891	5.17
409.095	13.56
409.3	1.81
409.505	9.94
409.709	4.93
409.914	4.86
410.119	10.21
410.323	-2.37
410.528	0.96
410.733	7.07
410.937	5.59
411.142	1.14
411.346	2.96
411.551	1.9
411.756	7
411.96	5.98
412.165	-0.8
412.369	5.93
412.574	2.16
412.778	3.69
412.983	5.2
413.187	8.63
413.392	0.39
413.596	2.16
413.8	7.05
414.005	6.43
414.209	4.14
414.414	6.17
414.618	4.51
414.822	3.14
415.027	6.01
415.231	8.21
415.435	4.51
415.64	3.04
415.844	2.57
416.048	4.31
416.252	2.89
416.457	4.9
416.661	4.15
416.865	4.04
417.069	2.86
417.274	4.68
417.478	6.45
417.682	4.94
417.886	3.07
418.09	4.47
418.294	5.08
418.498	4.5
418.702	5.71
418.907	4.7
419.111	2.95
419.315	4.88
419.519	6.42
419.723	3.65
419.927	4.45
420.131	6.77
420.335	1.98
420.539	3.62
420.743	6.26
420.947	1.69
421.151	3.91
421.355	3.61
421.558	4.4
421.762	4.7
421.966	3.69
422.17	5.07
422.374	3.06
422.578	4.25
422.782	3.59
422.985	3.28
423.189	4.94
423.393	2.98
423.597	5.09
423.801	3.68
424.004	3.71
424.208	3.17
424.412	3.42
424.615	4.14
424.819	4.55
425.023	3.42
425.226	3.56
425.43	4.29
425.634	3.94
425.837	3.76
426.041	4.07
426.245	3.62
426.448	3.45
426.652	4.14
426.855	3.18
427.059	3.8
427.262	3.53
427.466	2.51
427.669	3.42
427.873	2.99
428.076	3.73
428.28	3.67
428.483	3.59
428.687	3.21
428.89	3.71
429.094	2.35
429.297	3.5
429.5	3.96
429.704	3.63
429.907	3.48
430.11	3.29
430.314	3.78
430.517	3.51
430.72	3.48
430.924	3.56
431.127	3.68
431.33	3.59
431.533	3.46
431.737	3.22
431.94	3.02
432.143	3.8
432.346	3.64
432.549	3.51
432.752	3.15
432.956	3.14
433.159	3.09
433.362	2.99
433.565	3.2
433.768	3.71
433.971	2.69
434.174	3.14
434.377	2.96
434.58	3.08
434.783	2.78
434.986	3.38
435.189	3.81
435.392	3.29
435.595	3.45
435.798	3.48
436.001	3.73
436.204	2.9
436.407	3.15
436.61	3.44
436.813	3.44
437.016	3.13
437.219	2.92
437.421	3.05
437.624	3.48
437.827	2.87
438.03	3.12
438.233	2.74
438.435	2.88
438.638	3.11
438.841	3.54
439.044	3.21
439.246	2.56
439.449	3
439.652	3.24
439.854	3.35
440.057	3.14
440.26	3.06
440.462	3.4
440.665	2.68
440.868	3
441.07	3.34
441.273	3.29
441.475	2.83
441.678	3.23
441.88	3.41
442.083	2.94
442.286	2.92
442.488	2.56
442.69	2.97
442.893	2.99
443.095	2.84
443.298	3.08
443.5	2.99
443.703	3.25
443.905	2.88
444.108	3.03
444.31	2.59
444.512	3.24
444.715	2.77
444.917	3.03
445.119	3.27
445.322	2.93
445.524	3.14
445.726	3.25
445.928	2.83
446.131	3.22
446.333	2.96
446.535	3.01
446.737	2.93
446.94	3.49
447.142	3.07
447.344	2.87
447.546	3.21
447.748	3.09
447.95	2.98
448.152	2.95
448.354	2.9
448.557	3.21
448.759	3.42
448.961	2.78
449.163	3.02
449.365	3.31
449.567	3.31
449.769	3.05
449.971	3.15
450.173	3.24
450.375	3.43
450.577	3.11
450.779	3.21
450.981	3.2
451.182	2.97
451.384	2.93
451.586	3.41
451.788	3.12
451.99	3.16
452.192	2.8
452.394	3.08
452.595	3.37
452.797	3.43
452.999	3.19
453.201	3.28
453.402	3.29
453.604	3.31
453.806	3.19
454.008	3.44
454.209	2.96
454.411	3.25
454.613	3.36
454.814	3.15
455.016	3.64
455.218	3.25
455.419	3.45
455.621	3.27
455.822	3.12
456.024	2.86
456.225	3.7
456.427	3.66
456.629	2.95
456.83	3.91
457.032	3.3
457.233	3.35
457.435	3.25
457.636	3.8
457.837	3.51
458.039	3.13
458.24	3.44
458.442	3.93
458.643	2.43
458.844	3.99
459.046	3.82
459.247	3.75
459.448	3.38
459.65	3.65
459.851	3.74
460.052	4.17
460.254	3.94
460.455	3.87
460.656	3.84
460.857	3.45
461.059	2.82
461.26	3.48
461.461	3.64
461.662	3.61
461.863	3.99
462.065	3.76
462.266	3.56
462.467	3.84
462.668	3.64
462.869	4.41
463.07	3.54
463.271	3.86
463.472	3.53
463.673	3.87
463.874	3.61
464.075	3.7
464.276	2.72
464.477	4.48
464.678	4.24
464.879	3.4
465.08	3.5
465.281	3.63
465.482	3.32
465.683	3.44
465.884	3.96
466.085	4.13
466.285	4.02
466.486	4.23
466.687	3.94
466.888	5.01
467.089	4.15
467.29	4.22
467.49	3.78
467.691	3.8
467.892	3.37
468.093	3.56
468.293	4.32
468.494	2.85
468.695	4.05
468.895	3.08
469.096	3.52
469.297	4.34
469.497	3.53
469.698	5.35
469.898	3.86
470.099	4.25
470.3	4.75
470.5	3.67
470.701	5.41
470.901	5.01
471.102	4.98
471.302	3.03
471.503	5.62
471.703	4.98
471.904	4.67
472.104	3.17
472.305	3.19
472.505	4.21
472.705	3.78
472.906	5.5
473.106	5.47
473.306	4.52
473.507	4.8
473.707	4.12
473.907	5.15
474.108	3.86
474.308	2.99
474.508	4.2
474.709	5.05
474.909	4.47
475.109	2.58
475.309	2.88
475.51	3.42
475.71	4.65
475.91	5.57
476.11	2.63
476.31	3.49
476.51	4.64
476.71	4.26
476.911	4.82
477.111	4.61
477.311	2.5
477.511	4.87
477.711	3.73
477.911	4.08
478.111	5.26
478.311	4.67
478.511	3.76
478.711	4.39
478.911	4.13
479.111	4.7
479.311	3.07
479.511	5.46
479.711	3.03
479.91	1.89
480.11	5.8
480.31	4.1
480.51	5.64
480.71	3.81
480.91	4.42
481.109	4.36
481.309	2.78
481.509	2.38
481.709	5.56
481.909	4.87
482.108	2.77
482.308	4.04
482.508	3.73
482.707	4.99
482.907	3.4
483.107	4.71
483.306	3.72
483.506	3.99
483.706	1.85
483.905	3.06
484.105	5.91
484.304	3.02
484.504	3.27
484.704	3.7
484.903	2.54
485.103	3.94
485.302	2.43
485.502	5.23
485.701	4.42
485.901	2.12
486.1	4.75
486.299	4.37
486.499	4.7
486.698	3.7
486.898	4.51
487.097	3.06
487.296	3.87
487.496	3.52
487.695	4.64
487.894	3.09
488.094	3.57
488.293	3.87
488.492	4.12
488.692	3.18
488.891	4.5
489.09	2.88
489.289	3.96
489.489	3.83
489.688	2.92
489.887	3.54
490.086	4.49
490.285	3.9
490.484	4.17
490.683	4.46
490.883	4.93
491.082	5.09
491.281	3.26
491.48	3.37
491.679	4.95
491.878	4.09
492.077	5.81
492.276	4.22
492.475	2.44
492.674	4.02
492.873	4.17
493.072	3.86
493.271	4.27
493.47	3.47
493.669	3.17
493.867	3.38
494.066	4.63
494.265	3.47
494.464	4.6
494.663	3.8
494.862	3.23
495.06	3.85
495.259	2.86
495.458	4.51
495.657	3.32
495.856	3.81
496.054	3.94
496.253	4.29
496.452	3.31
496.65	3.42
496.849	4.13
497.048	2.99
497.246	3.25
497.445	3.33
497.644	3.97
497.842	3.74
498.041	3.8
498.239	4.22
498.438	4.09
498.636	3.63
498.835	3.93
499.034	4.6
499.232	3.66
499.431	3.73
499.629	3.74
499.827	4.19
500.026	3.93
500.224	4.26
500.423	3.84
500.621	3.31
500.82	4.16
501.018	4.45
501.216	3.21
501.415	4.35
501.613	3.93
501.811	3.07
502.01	4.36
502.208	4
502.406	4.8
502.604	4.35
502.803	3.48
503.001	5.02
503.199	3.79
503.397	3.67
503.595	3.4
503.794	3.72
503.992	4.25
504.19	4
504.388	4.2
504.586	4.06
504.784	3.48
504.982	3.77
505.18	3.13
505.378	3.55
505.576	4.31
505.774	3.9
505.972	4.43
506.17	4.71
506.368	4.08
506.566	3.8
506.764	3.61
506.962	4.49
507.16	4.01
507.358	3.72
507.556	3.78
507.754	4.32
507.952	3.99
508.15	4.92
508.347	4.19
508.545	4.71
508.743	4.3
508.941	4.27
509.139	4.3
509.336	4.26
509.534	4.27
509.732	4.15
509.93	3.49
510.127	4.12
510.325	4.41
510.523	4.54
510.72	4.59
510.918	4.77
511.116	4.4
511.313	3.63
511.511	4.75
511.708	4.29
511.906	4.69
512.104	4.87
512.301	4.22
512.499	4.53
512.696	4.26
512.894	3.97
513.091	4.28
513.289	4.31
513.486	4.67
513.683	4.58
513.881	4.06
514.078	4.73
514.276	4.93
514.473	3.89
514.67	4.46
514.868	4.17
515.065	4.64
515.262	4.65
515.46	4.46
515.657	4.57
515.854	4.74
516.052	4.32
516.249	4.88
516.446	4.26
516.643	4.59
516.84	4.53
517.038	4.41
517.235	4.32
517.432	4.36
517.629	4.72
517.826	4.57
518.023	4.7
518.221	4.84
518.418	5.04
518.615	4.49
518.812	4.77
519.009	4.66
519.206	4.31
519.403	4.67
519.6	4.88
519.797	4.22
519.994	4.62
520.191	4.47
520.388	5.03
520.585	4.44
520.782	4.76
520.978	3.9
521.175	4.91
521.372	4.68
521.569	4.76
521.766	4.28
521.963	4.6
522.159	5.24
522.356	4.48
522.553	5.15
522.75	5.05
522.947	5.14
523.143	5.3
523.34	4.83
523.537	4.84
523.733	5.27
523.93	5.27
524.127	5.16
524.323	5.36
524.52	5.32
524.717	4.81
524.913	5.18
525.11	4.54
525.306	5.32
525.503	4.99
525.7	5.48
525.896	5.31
526.093	5.16
526.289	5.35
526.486	4.64
526.682	4.55
526.878	4.67
527.075	5.63
527.271	5.16
527.468	5.46
527.664	5.32
527.861	5.27
528.057	5.2
528.253	5.1
528.45	5.11
528.646	5.11
528.842	5.57
529.039	4.81
529.235	5.35
529.431	5.39
529.627	5.25
529.824	5.63
530.02	5
530.216	5.57
530.412	5.52
530.608	4.99
530.804	5.7
531.001	5.73
531.197	5.27
531.393	5.35
531.589	5.34
531.785	5.38
531.981	5.38
532.177	5.6
532.373	5.66
532.569	5.24
532.765	5.53
532.961	5.12
533.157	5.23
533.353	5.14
533.549	5.88
533.745	5.7
533.941	5.36
534.137	5.69
534.333	5.44
534.529	5.5
534.725	5.89
534.92	5.54
535.116	5.54
535.312	5.51
535.508	5.74
535.704	5.76
535.899	5.48
536.095	5.47
536.291	5.73
536.487	5.83
536.682	5.48
536.878	5.19
537.074	5.26
537.269	5.27
537.465	5.84
537.661	5.73
537.856	5.75
538.052	5.72
538.248	6.08
538.443	5.95
538.639	5.66
538.834	5.62
539.03	5.73
539.225	5.87
539.421	5.88
539.616	5.91
539.812	5.68
540.007	6.05
540.203	5.92
540.398	5.99
540.593	6.02
540.789	6.1
540.984	5.95
541.18	6.13
541.375	5.78
541.57	6.13
541.766	6.29
541.961	5.77
542.156	6.25
542.352	6.24
542.547	5.87
542.742	5.93
542.937	6.09
543.133	6.48
543.328	6.17
543.523	6.19
543.718	6.06
543.913	6.37
544.108	6.08
544.304	6.09
544.499	6.62
544.694	6.31
544.889	6.27
545.084	6.66
545.279	6.46
545.474	6.18
545.669	6.19
545.864	6.28
546.059	6.52
546.254	6.27
546.449	6.71
546.644	6.17
546.839	6.1
547.034	6.65
547.229	6.5
547.424	7.05
547.618	6.32
547.813	7.02
548.008	6.63
548.203	6.66
548.398	6.59
548.593	6.72
548.787	6.66
548.982	6.73
549.177	6.36
549.372	6.74
549.566	7.09
549.761	6.39
549.956	6.36
550.15	6.86
550.345	6.75
550.54	7.1
550.734	6.7
550.929	6.92
551.124	6.9
551.318	6.92
551.513	6.86
551.707	7.18
551.902	7.27
552.096	6.83
552.291	7.28
552.485	6.97
552.68	7.06
552.874	7.07
553.069	7.17
553.263	7.39
553.458	7.01
553.652	7.31
553.847	7.15
554.041	7.4
554.235	6.82
554.43	7.62
554.624	7.26
554.818	7.39
555.013	7.52
555.207	7.25
555.401	7.51
555.595	7.75
555.79	7.3
555.984	7.37
556.178	7.67
556.372	7.65
556.566	7.12
556.761	7.63
556.955	7.54
557.149	7.83
557.343	7.68
557.537	7.56
557.731	7.73
557.925	7.59
558.119	7.69
558.313	7.96
558.507	7.32
558.701	8.23
558.895	8.02
559.089	8.14
559.283	8.18
559.477	7.81
559.671	8.11
559.865	7.51
560.059	8.13
560.253	7.61
560.447	8.3
560.641	8.02
560.835	8.47
561.028	8.29
561.222	8.31
561.416	8.16
561.61	8.04
561.804	8.3
561.997	8.42
562.191	8.35
562.385	8.37
562.579	8.23
562.772	8.79
562.966	8.13
563.16	8.2
563.353	8.41
563.547	8.4
563.741	8.39
563.934	8.64
564.128	8.31
564.321	8.66
564.515	8.69
564.708	8.77
564.902	7.81
565.095	8.77
565.289	8.81
565.482	8.81
565.676	8.82
565.869	8.73
566.063	9.23
566.256	8.64
566.45	8.59
566.643	8.53
566.836	8.33
567.03	9.07
567.223	8.93
567.416	8.89
567.61	8.78
567.803	8.98
567.996	8.98
568.19	9.28
568.383	8.98
568.576	8.94
568.769	8.9
568.963	9.23
569.156	9.21
569.349	9.19
569.542	9.07
569.735	8.99
569.928	9.36
570.121	9.5
570.315	9.48
570.508	9.42
570.701	8.92
570.894	9.47
571.087	9.17
571.28	9.52
571.473	10.01
571.666	9.24
571.859	9.48
572.052	9.4
572.245	9.77
572.438	9.79
572.631	9.37
572.824	9.57
573.016	9.56
573.209	9.82
573.402	9.89
573.595	9.93
573.788	9.83
573.981	9.51
574.173	9.77
574.366	9.66
574.559	10.27
574.752	9.97
574.944	9.9
575.137	9.93
575.33	9.74
575.523	10.01
575.715	9.93
575.908	9.9
576.101	9.95
576.293	10.07
576.486	10.03
576.678	10.15
576.871	10.02
577.063	10.56
577.256	10.13
577.449	10.36
577.641	10.22
577.834	10
578.026	10.05
578.219	10.15
578.411	10.22
578.603	10.76
578.796	10.44
578.988	10.29
579.181	10.31
579.373	10.23
579.565	10.39
579.758	10.28
579.95	10.22
580.142	10.47
580.335	10.34
580.527	10.85
580.719	10.44
580.912	10.43
581.104	10.96
581.296	10.69
581.488	10.6
581.68	10.75
581.873	10.62
582.065	10.73
582.257	10.63
582.449	10.64
582.641	11.13
582.833	10.8
583.025	10.98
583.217	11.1
583.41	11.06
583.602	11.34
583.794	11.07
583.986	11.56
584.178	10.76
584.37	11.21
584.562	10.76
584.753	11.35
584.945	11.21
585.137	11.07
585.329	11.51
585.521	11.62
585.713	11.19
585.905	11.14
586.097	11.59
586.289	11.36
586.48	11.05
586.672	11.15
586.864	11.31
587.056	11.69
587.247	11.38
587.439	11.46
587.631	11.38
587.823	11.76
588.014	11.48
588.206	11.76
588.398	11.48
588.589	11.9
588.781	11.29
588.972	11.56
589.164	11.47
589.356	11.51
589.547	12.09
589.739	11.85
589.93	11.77
590.122	11.83
590.313	11.81
590.505	11.73
590.696	11.83
590.888	12.16
591.079	12.15
591.271	12.44
591.462	12.26
591.653	12.15
591.845	12.17
592.036	11.89
592.227	12.46
592.419	12.55
592.61	12.34
592.801	12.13
592.993	12.47
593.184	12.03
593.375	12.16
593.566	12.63
593.758	12.13
593.949	12.85
594.14	12.42
594.331	13.15
594.522	12.72
594.713	12.57
594.905	12.86
595.096	12.97
595.287	12.12
595.478	12.64
595.669	12.8
595.86	12.88
596.051	12.67
596.242	12.97
596.433	12.87
596.624	12.49
596.815	12.97
597.006	13.09
597.197	13.52
597.388	12.97
597.579	13.33
597.77	13.13
597.96	13.61
598.151	13.27
598.342	13.02
598.533	13.79
598.724	13.96
598.915	13.09
599.105	12.81
599.296	13.84
599.487	12.64
599.678	13.62
599.868	13.55
600.059	13.52
600.25	14
600.44	13.74
600.631	13.65
600.822	13.51
601.012	13.54
601.203	13.93
601.394	13.59
601.584	14.37
601.775	14.4
601.965	14.65
602.156	13.94
602.346	13.8
602.537	13.91
602.727	14.35
602.918	14.09
603.108	14.04
603.299	13.74
603.489	14.42
603.679	14.28
603.87	14.31
604.06	14.25
604.251	14.23
604.441	14.24
604.631	14.14
604.822	14.27
605.012	14.24
605.202	14.54
605.392	13.73
605.583	14.69
605.773	14.41
605.963	14.73
606.153	14.35
606.344	14.31
606.534	15.07
606.724	15.02
606.914	15
607.104	14.83
607.294	14.46
607.484	15.31
607.674	15.07
607.864	15.11
608.054	15.36
608.245	15.1
608.435	15.57
608.625	14.99
608.814	14.63
609.004	15.59
609.194	15
609.384	14.98
609.574	15.08
609.764	15.44
609.954	14.68
610.144	15.22
610.334	14.91
610.524	15.19
610.713	15.52
610.903	15.47
611.093	14.96
611.283	15.72
611.473	14.95
611.662	15.25
611.852	15.27
612.042	15.31
612.231	15.26
612.421	15.41
612.611	15.69
612.8	15.56
612.99	15.73
613.18	15.44
613.369	15.63
613.559	15.75
613.748	15.29
613.938	15.95
614.128	15.24
614.317	16.23
614.507	16.08
614.696	15.49
614.886	15.96
615.075	15.07
615.264	15.68
615.454	16.09
615.643	15.72
615.833	15.48
616.022	16.29
616.211	16.29
616.401	15.58
616.59	15.67
616.779	16.45
616.969	16.02
617.158	15.66
617.347	16.01
617.537	16.65
617.726	16.17
617.915	15.45
618.104	15.5
618.293	16.41
618.483	16.18
618.672	17.23
618.861	16.58
619.05	16.5
619.239	16.36
619.428	16.27
619.617	16.74
619.806	16.3
619.995	15.93
620.184	15.93
620.373	16.15
620.562	16.75
620.751	16.33
620.94	16.29
621.129	16.85
621.318	16.31
621.507	16.18
621.696	16.61
621.885	16.14
622.074	16.76
622.263	16.04
622.452	17.2
622.64	17.52
622.829	16.63
623.018	16.89
623.207	16.79
623.396	17.08
623.584	16.13
623.773	17.38
623.962	16.64
624.15	16.14
624.339	17.31
624.528	16.86
624.716	17.06
624.905	16.67
625.094	17.53
625.282	17.12
625.471	17.15
625.659	17.22
625.848	16.43
626.037	16.38
626.225	17.12
626.414	17.2
626.602	16.79
626.791	16.52
626.979	17.04
627.167	16.78
627.356	17.07
627.544	17.27
627.733	16.84
627.921	17.67
628.109	17.76
628.298	17.32
628.486	16.66
628.674	17.39
628.863	17.36
629.051	18.16
629.239	17.59
629.428	17.48
629.616	18.44
629.804	18.35
629.992	17.77
630.18	17.99
630.369	17.24
630.557	18.78
630.745	17.69
630.933	18.25
631.121	17.59
631.309	17.5
631.497	17.85
631.685	17.74
631.873	18.08
632.061	17.4
632.249	18.43
632.437	18.49
632.625	18.16
632.813	18.36
633.001	18.86
633.189	18.78
633.377	18.35
633.565	17
633.753	18.1
633.941	18.09
634.129	18.17
634.316	18.72
634.504	17.9
634.692	19.05
634.88	17.84
635.068	18.04
635.255	18.33
635.443	18.15
635.631	18.19
635.818	18.91
636.006	18.6
636.194	19.25
636.382	18.16
636.569	18.29
636.757	18.36
636.944	19.09
637.132	18.41
637.32	19.19
637.507	18.49
637.695	18.97
637.882	18.72
638.07	19.19
638.257	18.53
638.445	18.83
638.632	18.23
638.82	18.56
639.007	18.44
639.194	18.61
639.382	19.31
639.569	18.97
639.757	19
639.944	18.14
640.131	18.9
640.319	18.39
640.506	18.87
640.693	19.75
640.88	19.17
641.068	18.42
641.255	18.79
641.442	19.25
641.629	18.12
641.817	19.59
642.004	19.3
642.191	19.37
642.378	19.61
642.565	19.16
642.752	19.49
642.939	17.75
643.126	18.22
643.313	18.67
643.501	19.46
643.688	19.26
643.875	18.96
644.062	19.3
644.249	19.04
644.435	18.19
644.622	17.64
644.809	20.15
644.996	19.39
645.183	18.81
645.37	21.3
645.557	19.54
645.744	18.26
645.931	19.02
646.117	18.77
646.304	18.26
646.491	18.87
646.678	19.31
646.865	18.46
647.051	19.74
647.238	18.65
647.425	19.45
647.611	19.77
647.798	18.64
647.985	18.84
648.171	19.76
648.358	19.24
648.545	20.22
648.731	18.6
648.918	19.88
649.104	18.62
649.291	19.33
649.477	19.35
649.664	19.96
649.85	20
650.037	18.93
650.223	18.31
650.41	19.35
650.596	17.72
650.783	18.63
650.969	18.63
651.155	20.4
651.342	19.28
651.528	18.68
651.714	19.46
651.901	18.62
652.087	18.88
652.273	18.18
652.46	20.47
652.646	20.53
652.832	18.48
653.018	19.37
653.204	18.73
653.391	19.32
653.577	18.92
653.763	20.05
653.949	20.75
654.135	20.5
654.321	19.56
654.507	19.44
654.693	18.88
654.879	19.76
655.065	18.26
655.252	18.17
655.438	19.96
655.624	19.74
655.809	19.66
655.995	19.27
656.181	19.87
656.367	21.04
656.553	19.91
656.739	19.65
656.925	20.4
657.111	18.96
657.297	20.61
657.482	20.06
657.668	20.19
657.854	18.19
658.04	19.55
658.226	18.2
658.411	18.7
658.597	19.09
658.783	20.99
658.968	19.33
659.154	19.34
659.34	19.69
659.525	19.25
659.711	19.82
659.897	19.79
660.082	18.7
660.268	19.6
660.453	19.59
660.639	20.75
660.824	18.95
661.01	19.5
661.195	19.25
661.381	18.77
661.566	18.48
661.752	18.48
661.937	18.96
662.123	18.64
662.308	19.02
662.494	19.4
662.679	18.84
662.864	17.96
663.05	17.38
663.235	18.92
663.42	19.02
663.605	17.92
663.791	18.29
663.976	18.62
664.161	18.69
664.346	19.48
664.532	18.66
664.717	17.57
664.902	18.64
665.087	19.16
665.272	19.56
665.457	17.62
665.642	17.05
665.828	19.55
666.013	19
666.198	16.39
666.383	17.55
666.568	17.06
666.753	20.27
666.938	18.17
667.123	19.69
667.308	20.06
667.493	19.75
667.677	17.14
667.862	18.38
668.047	18.21
668.232	18.85
668.417	19.18
668.602	16.69
668.787	18.78
668.971	16.53
669.156	18.68
669.341	17.37
669.526	20.23
669.711	18.1
669.895	20.63
670.08	16.52
670.265	19.04
670.449	16.67
670.634	18.02
670.819	18.57
671.003	18.61
671.188	20.15
671.372	17.98
671.557	20.7
671.742	17.7
671.926	17.24
672.111	16.92
672.295	17.68
672.48	17.95
672.664	17.66
672.849	16.68
673.033	17.55
673.217	16.24
673.402	17.37
673.586	15.86
673.771	18.44
673.955	20.16
674.139	18.65
674.324	16.72
674.508	15.97
674.692	18.67
674.876	18.35
675.061	19.55
675.245	19.79
675.429	16.6
675.613	19.46
675.798	20.03
675.982	18.89
676.166	19.01
676.35	21.04
676.534	19.83
676.718	16.97
676.902	22.21
677.087	17.8
677.271	17.87
677.455	18.59
677.639	17.45
677.823	19.47
678.007	18
678.191	16.56
678.375	20
678.559	21.2
678.742	19.3
678.926	21.59
679.11	21.38
679.294	21.34
679.478	17.28
679.662	19.47
679.846	22.25
680.029	20.9
680.213	20.09
680.397	17.96
680.581	20.49
680.765	22.68
680.948	20.93
681.132	22.9
681.316	20.3
681.499	22.34
681.683	21.7
681.867	22.55
682.05	23.16
682.234	20.99
682.417	22.3
682.601	24.19
682.785	22.81
682.968	22.57
683.152	22.76
683.335	20.92
683.519	20.73
683.702	21.62
683.886	26.82
684.069	25.15
684.253	23.63
684.436	25.52
684.619	22.07
684.803	23.34
684.986	24.86
685.169	26.53
685.353	26.31
685.536	21.47
685.719	24.67
685.903	27.93
686.086	21.92
686.269	23.82
686.452	23.04
686.636	24.79
686.819	26.16
687.002	28.76
687.185	27.72
687.368	26.45
687.551	23.42
687.734	28.25
687.918	23.47
688.101	27.52
688.284	26.15
688.467	31.01
688.65	28.59
688.833	26.84
689.016	28.32
689.199	23.48
689.382	26.38
689.565	29.28
689.748	26.35
689.93	20
690.113	28.32
690.296	28.75
690.479	29.93
690.662	26.5
690.845	29.67
691.028	27.01
691.21	30.05
691.393	28.48
691.576	30.66
691.759	26.51
691.941	26.15
692.124	28.97
692.307	32.15
692.489	30.24
692.672	28.16
692.855	26.65
693.037	29.11
693.22	30.64
693.403	31.7
693.585	32.62
693.768	31.61
693.95	29.86
694.133	32.09
694.315	29.32
694.498	33.73
694.68	29.82
694.863	29.19
695.045	32.66
695.228	28.81
695.41	30.05
695.592	28.83
695.775	31.24
695.957	29.83
696.139	26.9
696.322	28.98
696.504	31.45
696.686	32.27
696.869	26.6
697.051	33.12
697.233	36.57
697.415	32.87
697.597	29.09
697.78	35.15
697.962	29.94
698.144	34.73
698.326	31.99
698.508	36.02
698.69	32.78
698.872	29.58
699.055	34.58
699.237	30.32
699.419	31.55
699.601	30.15
699.783	32.95
699.965	32.1
700.147	32.62
700.329	35.68
700.51	30.28
700.692	35.67
700.874	28.11
701.056	33.46
701.238	35.96
701.42	35.41
701.602	31.74
701.783	38.1
701.965	34.28
702.147	35.23
702.329	37.79
702.511	34.42
702.692	31.06
702.874	31.69
703.056	32.15
703.237	33.56
703.419	30.42
703.601	39.13
703.782	32.81
703.964	36.02
704.146	32.14
704.327	33.16
704.509	35.41
704.69	29.5
704.872	31.25
705.053	35.03
705.235	38.87
705.416	29.97
705.598	26.11
705.779	25.96
705.961	32.4
706.142	31.69
706.323	38.83
706.505	29.62
706.686	32.56
706.867	27.34
707.049	35.15
707.23	32.06
707.411	37.54
707.593	34.62
707.774	36.57
707.955	35.63
708.136	32.15
708.318	37.56
708.499	36.95
708.68	32.78
708.861	31.77
709.042	29.23
709.223	37.95
709.404	38.3
709.585	31.81
709.767	29.87
709.948	31.91
710.129	34.77
710.31	22.71
710.491	31.55
710.672	29.84
710.853	23.36
711.034	39.95
711.214	32.38
711.395	28.76
711.576	36.93
711.757	30.37
711.938	28.69
712.119	39.64
712.3	33.25
712.481	27.46
712.661	36.42
712.842	29.57
713.023	33.6
713.204	26.68
713.384	30.54
713.565	32.06
713.746	29.27
713.926	30.44
714.107	35.61
714.288	35.6
714.468	34.79
714.649	39.3
714.83	27.58
715.01	43.99
715.191	31.58
715.371	35.28
715.552	37.99
715.732	36.08
715.913	42.1
716.093	39.73
716.274	37.71
716.454	28.32
716.635	37.57
716.815	40.7
716.995	31.43
717.176	32.13
717.356	28.16
717.536	40.87
717.717	29.61
717.897	24.56
718.077	25.84
718.258	33.52
718.438	31.47
718.618	43.78
718.798	29.49
718.978	37.32
719.159	36.97
719.339	46.47
719.519	26.56
719.699	37.13
719.879	32.06
720.059	28.51
720.239	36.12
720.419	36.73
720.599	31.55
720.779	36.02
720.959	37.93
721.139	26.01
721.319	42.13
721.499	44.28
721.679	27.51
721.859	35.22
722.039	26.35
722.219	37.15
722.399	29.58
722.579	30.84
722.759	27.46
722.938	25.54
723.118	35.22
723.298	32.51
723.478	28.03
723.658	43.15
723.837	39.37
724.017	22.86
724.197	35.65
724.376	25.75
724.556	35.73
724.736	29.12
724.915	34.05
725.095	37.85
725.275	40.89
725.454	41.26
725.634	24.13
725.813	39.89
725.993	45.74
726.172	31.24
726.352	39.75
726.531	42.37
726.711	44.51
726.89	29.48
727.07	33.89
727.249	31.37
727.428	44.95
727.608	24.81
727.787	39.38
727.966	34.16
728.146	32.21
728.325	36.37
728.504	31.08
728.684	34.99
728.863	42.34
729.042	35.51
729.221	-8.06
729.4	37.25
729.58	49.86
729.759	27.95
729.938	41.73
730.117	52.25
730.296	38.45
730.475	35.93
730.654	16.11
730.833	32.19
731.013	40.56
731.192	28
731.371	42.05
731.55	35.47
731.729	46.15
731.907	55.52
732.086	23.28
732.265	22
732.444	21.19
732.623	39.96
732.802	30.8
732.981	28.09
733.16	33.39
733.339	23.59
733.517	39.27
733.696	55.79
733.875	33.55
734.054	35.51
734.232	45.07
734.411	30.5
734.59	19.71
734.768	26.06
734.947	38.95
735.126	28.81
735.304	31.41
735.483	29.38
735.662	46.12
735.84	22.12
736.019	40.97
736.197	14.4
736.376	42.94
736.554	68.65
736.733	61.13
736.911	53.53
737.09	29.88
737.268	31.11
737.447	29.89
737.625	38.48
737.803	34.52
737.982	62.27
738.16	13.89
738.338	41.78
738.517	42.29
738.695	40.33
738.873	53.2
739.052	43.18
739.23	-0.43
739.408	22.51
739.586	20.67
739.764	41.41
739.943	74.37
740.121	31.97
740.299	33.07
740.477	38.54
740.655	76.9
740.833	46.87
741.011	51.65
741.189	35.55
741.367	47.7
741.545	23.6
741.723	25.72
741.901	64.41
742.079	32.14
742.257	38.51
742.435	35.85
742.613	20.44
742.791	39.94
742.969	33.23
743.147	22.81
743.325	69.01
743.503	58.06
743.68	17.02
743.858	50.03
744.036	29.4
744.214	3.69
744.391	4.15
744.569	4.6
744.747	28.58
744.925	51.87
745.102	63.22
745.28	5.5
745.458	39.01
745.635	48.01
745.813	46.29
745.99	52.85
746.168	29.64
746.345	89.79
746.523	13.24
746.7	21.18
746.878	33.97
747.055	32.95
747.233	29.71
747.41	69.73
747.588	35.44
747.765	36.27
747.943	54.56
748.12	34
748.297	32.19
748.475	43.06
748.652	39.28
748.829	37.49
749.007	38
749.184	37.58
749.361	53.27
749.538	59.83
749.716	24.31
749.893	58.53
750.07	43.52
750.247	38.69
750.424	54.56
750.601	34.6
750.778	19.49
750.956	22.28
751.133	44.17
751.31	36.43
751.487	33.69
751.664	39.32
751.841	22.56
752.018	49.22
752.195	18.9
752.372	25.59
752.549	32.32
752.726	55.26
752.902	70.62
753.079	49.77
753.256	35.53
753.433	21.52
753.61	28.25
753.787	3.76
753.964	51.72
754.14	10.98
754.317	77.28
754.494	56.44
754.671	46.05
754.847	33.03
755.024	66.9
755.201	29.3
755.377	31.52
755.554	81.08
755.73	40.63
755.907	27.73
756.084	62.32
756.26	58
756.437	20.64
756.613	36.95
756.79	34.38
756.966	75.14
757.143	58.74
757.319	37.91
757.496	60.47
757.672	37.04
757.849	74.09
758.025	30.84
758.201	19.02
758.378	62.38
758.554	40.42
758.73	44.51
758.907	45.38
759.083	53.97
759.259	25.2
759.435	45.43
759.612	51.76
759.788	29.24
759.964	75.14
760.14	55.73
760.316	-8.66
760.493	18.37
760.669	68.41
760.845	45.42
761.021	55.58
761.197	8.97
761.373	49.46
761.549	-2.23
761.725	0.34
761.901	13.28
762.077	38.07
762.253	6.83
762.429	86.88
762.605	15.57
762.781	57.93
762.957	23.67
763.133	46.85
763.308	31.71
763.484	50.04
763.66	129.3
763.836	57.64
764.012	34.17
764.187	34.98
764.363	18.72
764.539	57.57
764.715	5.43
764.89	-25.37
765.066	64.64
765.242	56.34
765.417	70.44
765.593	75.18
765.769	59.98
765.944	28.08
766.12	49.57
766.295	40.1
766.471	16
766.646	42.21
766.822	15.74
766.997	-28.87
767.173	50.6
767.348	13.49
767.524	13.56
767.699	35.89
767.875	-27.24
768.05	18.65
768.225	73.52
768.401	-12.26
768.576	88.11
768.751	24.9
768.927	-34.53
769.102	110.79
769.277	-2.43
769.452	40.15
769.628	24.36
769.803	74.74
769.978	104.31
770.153	18.53
770.328	62.3
770.503	38.33
770.679	10.42
770.854	21.42
771.029	-12.46
771.204	288.74
771.379	25.24
771.554	-1.24
771.729	45.56
771.904	52.24
772.079	70.04
772.254	137.35
772.429	133.1
772.604	12.79
772.779	83.69
772.953	-37.42
773.128	34.21
773.303	4.14
773.478	9.45
773.653	44.19
773.828	57.79
774.002	-8.72
774.177	4.53
774.352	-194.78
774.527	70.84
774.701	65.64
774.876	82.74
775.051	85.56
775.225	103.47
775.4	12.19
775.575	76.88
775.749	14.21
775.924	13.04
776.098	-13
776.273	21.21
776.447	45.24
776.622	68.56
776.796	8.74
776.971	63.75
777.145	18.72
777.32	60.73
777.494	46.14
777.669	21.11
777.843	-72.96
778.017	111.15
778.192	100.93
778.366	114.2
778.54	109.99
778.715	85.46
778.889	227.3
779.063	61.92
779.237	89.76
779.412	90.47
779.586	-25.81
779.76	63.47
779.934	5.89
780.108	-26.21
780.282	-83.58
780.457	73.15
780.631	-65.31
780.805	71.23
780.979	274.63
781.153	-51.15
781.327	20.93
781.501	-16.79
781.675	15.16
781.849	80.68
782.023	-15.3
782.197	40.18
782.371	64
782.545	90.8
782.718	-70.67
782.892	78
783.066	66.07
783.24	127.94
783.414	7.15
783.588	77.21
783.761	20.9
783.935	63.78
784.109	141.85
784.283	-163.48
784.456	280.57
784.63	-68.6
784.804	73.77
784.977	21.64
785.151	18.69
785.324	53.01
785.498	9.3
785.672	57.99
785.845	39.55
786.019	75.83
786.192	10.6
786.366	51.66
786.539	17.63
786.713	27.25
786.886	65.06
787.06	-13.29
787.233	74.72
787.406	37.98
787.58	10.39
787.753	-51.08
787.926	-37.17
788.1	171.78
788.273	-301.89
788.446	165.31
788.62	1716.13
788.793	-40.08
788.966	145.15
789.139	89.01
789.313	-5.45
789.486	1771.43
789.659	-237.71
789.832	49.41
790.005	25.31
790.178	-99.12
790.351	57.77
790.524	180.34
790.697	111.52
790.87	64.97
791.044	749.09
791.216	75.24
791.389	79.14
791.562	41.85
791.735	-268.35
791.908	197.4
792.081	96.67
792.254	373.63
792.427	292.94
792.6	46.65
792.773	18.4
792.945	-764.18
793.118	42.68
793.291	-206.59
793.464	-171.91
793.637	171.78
793.809	28.96
793.982	60.31
794.155	175.96
794.327	64.58
794.5	-652.31
794.673	-66.4
794.845	-80.93
795.018	-38.58
795.19	-4.49
795.363	53.26
795.536	152.55
795.708	-993.55
795.881	640
796.053	114.53
796.226	276.57
796.398	128.53
796.57	151.19
796.743	29.15
796.915	22.19
797.088	147.37
797.26	-374.8
797.432	96.2
797.605	85.56
797.777	-753.25
797.949	-12.36
798.122	47.06
798.294	60.99
798.466	-66.29
798.638	-13.79
798.81	190.42
798.983	-10.13
799.155	135.42
799.327	-27.95
799.499	125.94
799.671	31.1
799.843	7.83
800.015	40.47
800.187	-13.31
800.359	139.25
800.531	-4.71
800.703	67.1
800.875	89.06
801.047	87.06
801.219	10.92
801.391	-285.71
801.563	11.51
801.735	9.12
801.907	127.61
802.079	165.3
802.251	-391.21
802.422	248.82
802.594	181.82
802.766	125.27
802.938	217.04
803.11	169.8
803.281	-148.34
803.453	94.06
803.625	78.92
803.796	59.36
803.968	54.93
804.14	26.11
804.311	2.2
804.483	245.42
804.654	67.81
804.826	20.06
804.998	85.56
805.169	-7.72
805.341	102.4
805.512	265.84
805.684	59.96
805.855	60.92
806.026	-24.62
806.198	238.04
806.369	11.96
806.541	89.51
806.712	170.3
806.883	73.02
807.055	27.66
807.226	-71.68
807.397	189.01
807.569	-77.88
807.74	65.43
807.911	-6.53
808.082	-68.16
808.253	55.45
808.425	43.91
808.596	-314.61
808.767	210.07
808.938	10.49
809.109	-229.7
809.28	1.9
809.451	18.67
809.622	27.81
809.793	-451.61
809.964	-27.83
810.135	-47.46
810.306	143.35
810.477	142.28
810.648	41.12
810.819	42.07
810.99	-6800
811.161	11.9
811.332	101.62
811.503	47.06
811.674	215.38
811.844	-504.62
812.015	58.05
812.186	-152.15
812.357	65.24
812.527	96.62
812.698	10.23
812.869	286.79
813.04	-1.82
813.21	-882.76
813.381	17.12
813.551	160
813.722	137.07
813.893	58.48
814.063	30.77
814.234	225.45
814.404	34.56
814.575	33.9
814.745	-438.94
814.916	46.94
815.086	53.89
815.257	173.99
815.427	326.38
815.598	13.54
815.768	129.3
815.938	16.08
816.109	152.23
816.279	58.13
816.449	-31.42
816.62	968.42
816.79	88.63
816.96	-573.58
817.13	2.07
817.301	-44.67
817.471	64.79
817.641	31.9
817.811	224.82
817.981	3485.71
818.152	7.58
818.322	245.54
818.492	85.13
818.662	103.18
818.832	7.61
819.002	73.7
819.172	250.53
819.342	219.65
819.512	29.17
819.682	116.64
819.852	-62.6
820.022	32.82
820.192	49.44
820.362	-44.35
820.531	-131.6
820.701	32.65
820.871	115.25
821.041	19.91
821.211	-132.05
821.381	217.46
821.55	440.85
821.72	-269.77
821.89	621.54
822.059	78.35
822.229	101.37
822.399	-8.97
822.568	106.58
822.738	-917.07
822.908	370.55
823.077	-29.52
823.247	46.77
823.416	-1647.06
823.586	213.9
823.756	48.45
823.925	430.38
824.095	567.44
824.264	-186.55
824.433	-300.88
824.603	92.54
824.772	43.6
824.942	-70.89
825.111	207.04
825.28	94.41
825.45	-38.26
825.619	27.33
825.788	-260.67
825.958	23.71
826.127	80.25
826.296	36.48
826.465	58.35
826.635	186.1
826.804	73.02
826.973	169.74
827.142	-59.57
827.311	-59.06
827.48	48.84
827.649	204.39
827.818	381.1
827.988	419.2
828.157	298.43
828.326	-106.1
828.495	43.06
828.664	287.94
828.833	115.9
829.002	-159.01
829.17	238.93
829.339	128.64
829.508	-61.54
829.677	-125.84
829.846	-5.86
830.015	85.63
830.184	61.47
830.352	-26.06
830.521	469.06
830.69	692.68
830.859	258.82
831.027	1284.21
831.196	-1.49
831.365	120.49
831.533	66.59
831.702	186.23
831.871	64.58
832.039	57.14
832.208	-330.43
832.377	400
832.545	94.6
832.714	43.12
832.882	8.9
833.051	91.16
833.219	2285.71
833.388	212.64
833.556	-75.8
833.724	56.54
833.893	-4.01
834.061	1536.84
834.23	82.71
834.398	15.44
834.566	-192.21
834.735	5028.57
834.903	15.09
835.071	4240
835.239	-233.44
835.408	128.15
835.576	-213.95
835.744	92.88
835.912	139.79
836.08	25.92
836.249	309.43
836.417	207.49
836.585	182.48
836.753	115.53
836.921	134.05
837.089	2800
837.257	288.37
837.425	37.45
837.593	31.92
837.761	144.26
837.929	259.28
838.097	114.2
838.265	110.2
838.433	69.51
838.601	27.59
838.769	415.19
838.936	521.35
839.104	43.6
839.272	90.38
839.44	211.51
839.608	546.34
839.775	55.83
839.943	66.51
840.111	193.64
840.279	-41.28
840.446	865.67
840.614	57.14
840.781	-27.83
840.949	63.71
841.117	-170.14
841.284	-12.02
841.452	-151.55
841.619	51.79
841.787	72.32
841.954	-576.74
842.122	143.35
842.289	78.9
842.457	56.66
842.624	61.05
842.792	163.5
842.959	173.71
843.126	146.48
843.294	-41.34
843.461	182.48
843.629	35.2
843.796	88.98
843.963	87.16
844.13	112.68
844.298	219.31
844.465	-12.83
844.632	124.22
844.799	110.55
844.966	185.53
845.134	62.28
845.301	-16.04
845.468	-211.92
845.635	94.7
845.802	124.26
845.969	-69.57
846.136	161.92
846.303	400
846.47	-25.03
846.637	196.92
846.804	-105.26
846.971	-36.72
847.138	140.54
847.305	-428.32
847.472	27.96
847.639	102.11
847.805	88.06
847.972	306.49
848.139	152.79
848.306	-421.05
848.473	364.18
848.639	-1.34
848.806	-147.2
848.973	104.02
849.14	188.01
849.306	55.61
849.473	-164.24
849.64	455.38
849.806	-151.2
849.973	302.7
850.139	18.54
850.306	93.52
850.472	280.44
850.639	-17.05
850.806	-231.58
850.972	577.39
851.139	-2000
851.305	79.04
851.471	-22.78
851.638	112.88
851.804	167.16
851.971	-84.26
852.137	6.14
852.303	175.32
852.47	78.61
852.636	-185.65
852.802	135.43
852.968	52.77
853.135	113.71
853.301	-16.18
853.467	-60.33
853.633	-14.31
853.8	57.7
853.966	-26.4
854.132	6400
854.298	-274.45
854.464	-193.26
854.63	119.66
854.796	265.76
854.962	296.4
855.128	29.09
855.294	-60.21
855.46	-32.84
855.626	36.72
855.792	61.78
855.958	190.29
856.124	267.48
856.29	256.95
856.456	15.41
856.622	32.34
856.787	587.01
856.953	103.02
857.119	-407.92
857.285	18.96
857.45	217.67
857.616	-25.71
857.782	71.61
857.948	46.39
858.113	-5.46
858.279	-56.85
858.445	50.39
858.61	818.6
858.776	25.91
858.941	91.09
859.107	30.34
859.273	4.71
859.438	-87.08
859.604	273.68
859.769	144.88
859.935	-289.11
860.1	14.09
860.265	83.53
860.431	201.44
860.596	3314.29
860.762	60.64
860.927	39.66
861.092	57.49
861.258	-58.92
861.423	219.31
861.588	-34.74
861.753	-2342.86
861.919	-935.85
862.084	324.41
862.249	208.81
862.414	19.11
862.579	107.61
862.745	4.12
862.91	258.3
863.075	-18.24
863.24	110.02
863.405	303.52
863.57	-33.88
863.735	9.73
863.9	176.99
864.065	47.71
864.23	140.37
864.395	233.45
864.56	80.97
864.725	475.95
864.89	-98.88
865.055	69.89
865.22	47.78
865.384	-220.22
865.549	-403.88
865.714	-52.46
865.879	-64.26
866.044	-83.93
866.208	105.21
866.373	268.13
866.538	-15.93
866.702	-103.61
866.867	41.48
867.032	64
867.196	87.62
867.361	198.4
867.526	-125.32
867.69	-112.88
867.855	-206.59
868.019	727.27
868.184	-54.52
868.348	15.02
868.513	-103.23
868.677	-108.95
868.842	-151.24
869.006	141.64
869.17	-1320.75
869.335	400
869.499	-217.48
869.663	280.79
869.828	161.94
869.992	372.09
870.156	22.19
870.321	-163.05
870.485	78.05
870.649	83.38
870.813	-219.93
870.978	73.19
871.142	-892.31
871.306	36.02
871.47	49.64
871.634	343.31
871.798	72.05
871.962	80.18
872.126	3314.29
872.29	-96.85
872.454	8457.14
872.618	-59.33
872.782	-280.6
872.946	375.84
873.11	327.64
873.274	67.05
873.438	-305.88
873.602	99.21
873.766	-67.53
873.93	-106.3
874.094	386.52
874.257	65.78
874.421	226.59
874.585	487.27
874.749	9.26
874.912	-92.09
875.076	75.43
875.24	270.16
875.403	256.66
875.567	98.29
875.731	373.03
875.894	-21.22
876.058	141.63
876.222	292.13
876.385	86.43
876.549	-52.15
876.712	683.64
876.876	-139.27
877.039	103.47
877.203	29.04
877.366	12.45
877.529	-172.44
877.693	-40.08
877.856	123.84
878.02	-9.03
878.183	23.82
878.346	-270.13
878.51	28.32
878.673	192.81
878.836	10.09
878.999	283.87
879.163	130.21
879.326	160.61
879.489	92.64
879.652	62.75
879.815	-37.16
879.978	-222.04
880.142	37.58
880.305	250.93
880.468	81.93
880.631	-39.26
880.794	25.16
880.957	-390.24
881.12	-2988.24
881.283	77.13
881.446	70.93
881.609	693.53
881.772	165.47
881.935	1811.76
882.097	197.44
882.26	-1298.11
882.423	44.22
882.586	112.18
882.749	186.59
882.912	311.66
883.074	51.79
883.237	100.65
883.4	-20.16
883.562	21.22
883.725	-118.4
883.888	40.94
884.05	-1520
884.213	78.41
884.376	34.78
884.538	132.42
884.701	132.42
884.863	132.42
