181.954	-100.81
182.172	-100.81
182.39	-100.81
182.608	13860
182.826	280.22
183.043	-131.49
183.261	69.48
183.479	178.59
183.697	4923.53
183.914	137.25
184.132	162.03
184.35	238.12
184.567	102.25
184.785	-23.89
185.003	-84.06
185.22	-32.19
185.438	89.25
185.656	19.6
185.873	69.23
186.091	36.95
186.309	-51.72
186.526	270.14
186.744	161.33
186.961	-62.19
187.179	-4.27
187.396	23.52
187.614	-170.77
187.831	4740
188.049	134.36
188.266	18.57
188.484	-694.03
188.701	-369.9
188.919	55.86
189.136	103.99
189.354	163.32
189.571	-100.95
189.789	-47.23
190.006	-16.96
190.223	11.35
190.441	4.96
190.658	-6985.71
190.876	102.17
191.093	-1091.21
191.31	-14.69
191.528	26
191.745	-146.09
191.962	135.96
192.179	93.44
192.397	-61.94
192.614	-1.17
192.831	-133.26
193.049	32.81
193.266	-276.7
193.483	40.32
193.7	-133.85
193.917	33.46
194.135	192.09
194.352	-72.97
194.569	70.4
194.786	80.99
195.003	-2.11
195.221	31.35
195.438	-121.91
195.655	-22.61
195.872	21.36
196.089	107.71
196.306	-62.53
196.523	140.13
196.74	371.02
196.957	65.94
197.174	28.93
197.391	63.99
197.608	24.11
197.825	-880.65
198.042	-5.23
198.259	279.31
198.476	68.39
198.693	7140
198.91	81.12
199.127	219.4
199.344	-144.53
199.561	109.25
199.778	27.15
199.995	-550.75
200.212	1686.21
200.429	251.66
200.646	-634.18
200.862	765.17
201.079	-33.13
201.296	-196.69
201.513	-323.3
201.73	-60.89
201.947	15.63
202.163	-4.21
202.38	185.55
202.597	-17.65
202.814	-60
203.03	-10140
203.247	-76.88
203.464	23.52
203.681	214.29
203.897	19.79
204.114	560.38
204.331	18.66
204.547	-1025.58
204.764	83.91
204.981	3935.29
205.197	108.51
205.414	14.44
205.63	1189.66
205.847	212.56
206.064	-343.64
206.28	33.51
206.497	63.28
206.713	89.58
206.93	12.36
207.146	5.41
207.363	87.69
207.579	-260.44
207.796	188.5
208.012	74.79
208.229	-568.66
208.445	-74.39
208.662	-11.6
208.878	16.2
209.095	-1288.24
209.311	-7.92
209.528	-3042.86
209.744	1.16
209.96	-276.16
210.177	-8.74
210.393	33.77
210.609	6420
210.826	-49.69
211.042	169.57
211.258	953.73
211.475	-242.25
211.691	-39.88
211.907	702.53
212.124	-38.84
212.34	-149.14
212.556	-2.11
212.772	16.48
212.989	-323.84
213.205	-43.17
213.421	-239.7
213.637	165.67
213.853	101.56
214.069	-1815.79
214.286	53.35
214.502	-13.43
214.718	-157.05
214.934	46.74
215.15	136.72
215.366	101.03
215.582	22.26
215.798	25.73
216.015	79.07
216.231	128.11
216.447	28.91
216.663	-94.54
216.879	-34.67
217.095	118.79
217.311	130.19
217.527	108.91
217.743	-672.82
217.959	39.62
218.175	74
218.391	-196.4
218.606	-18.86
218.822	-247.83
219.038	-197.33
219.254	91.58
219.47	-76.67
219.686	994.38
219.902	54.59
220.118	54.13
220.334	39.46
220.549	151.67
220.765	-32.69
220.981	-46.48
221.197	7.04
221.413	-893.41
221.628	353.16
221.844	62.26
222.06	-32.04
222.276	-28.3
222.491	59.37
222.707	34.43
222.923	-291.95
223.139	52.94
223.354	-29.03
223.57	276.38
223.786	-6.04
224.001	-165.64
224.217	81.34
224.432	109.25
224.648	93.95
224.864	67.23
225.079	380.6
225.295	-115.38
225.51	478.38
225.726	-46.83
225.942	79.94
226.157	24.56
226.373	-19.15
226.588	-52.42
226.804	-4152.63
227.019	-167.34
227.235	30.65
227.45	28.47
227.665	15540
227.881	106.3
228.096	-393.91
228.312	-82.63
228.527	45.31
228.743	-18.86
228.958	-191.55
229.173	-623.48
229.389	-114.52
229.604	-116.81
229.819	-58.04
230.035	-134.63
230.25	-251.02
230.465	-105.96
230.681	43.97
230.896	-33.08
231.111	24.75
231.327	80.06
231.542	2580
231.757	47.96
231.972	-160.07
232.187	225.96
232.403	-1373.68
232.618	-234.92
232.833	43.95
233.048	223.64
233.263	-72.85
233.478	-456.52
233.694	-160.47
233.909	-2119.35
234.124	72.21
234.339	-62.82
234.554	444.83
234.769	175.92
234.984	-127.8
235.199	50.89
235.414	103.54
235.629	-543.04
235.844	-20.93
236.059	129.06
236.274	-17.22
236.489	-66.77
236.704	-9.24
236.919	-27.11
237.134	72.74
237.349	171.55
237.564	64.31
237.779	41.95
237.994	128.94
238.209	29
238.424	-20.25
238.639	22.86
238.853	-25.19
239.068	-71.6
239.283	-191.24
239.498	159.1
239.713	26.57
239.928	33.4
240.142	96.17
240.357	-113.62
240.572	-76.9
240.787	72.75
241.001	103.4
241.216	20.89
241.431	221
241.646	129.99
241.86	-326.91
242.075	-1779.07
242.29	43.47
242.504	-32.18
242.719	229.19
242.934	238.58
243.148	19.82
243.363	17.08
243.577	-84.27
243.792	-76.52
244.007	11.45
244.221	292.21
244.436	-479.1
244.65	-101.23
244.865	137.91
245.079	12.11
245.294	-66.91
245.508	-54.12
245.723	-53.24
245.937	-62.64
246.152	-36.34
246.366	84.91
246.581	-31.66
246.795	-255.83
247.01	-72.03
247.224	-2.75
247.438	-38.64
247.653	14.15
247.867	61.69
248.081	20.33
248.296	1104.88
248.51	46.13
248.724	68.09
248.939	-461.19
249.153	28.16
249.367	45.07
249.582	13.9
249.796	619.48
250.01	-339.74
250.224	-24.72
250.439	119.15
250.653	203.34
250.867	-44.77
251.081	-135.07
251.295	-20.06
251.51	-208.09
251.724	-489.93
251.938	346.84
252.152	295.62
252.366	138.74
252.58	-365.45
252.794	18.27
253.008	-101.32
253.223	40.58
253.437	0.94
253.651	-28.99
253.865	113
254.079	-70.55
254.293	12.63
254.507	-234.55
254.721	51.36
254.935	-365.93
255.149	146.51
255.363	31.15
255.577	304.03
255.791	-7.12
256.005	266.87
256.218	-35.53
256.432	-60.61
256.646	54.03
256.86	-26.2
257.074	68.94
257.288	10980
257.502	-154.95
257.716	61.01
257.929	171.3
258.143	57.97
258.357	-54.06
258.571	147.23
258.785	12.66
258.998	-28.05
259.212	178.96
259.426	-90.13
259.64	57.53
259.853	46.08
260.067	-10.54
260.281	-10.65
260.494	-25.3
260.708	246.53
260.922	-41.27
261.135	114.79
261.349	-82.18
261.563	73.01
261.776	2594.12
261.99	44.66
262.203	44.98
262.417	166.43
262.63	-112.88
262.844	495.51
263.058	66.1
263.271	15.48
263.485	52.94
263.698	118.57
263.912	169.79
264.125	-14.53
264.339	-148.82
264.552	15.41
264.765	-268.7
264.979	-14.11
265.192	92.37
265.406	47.3
265.619	81.64
265.832	108.55
266.046	-19.63
266.259	102.71
266.473	-2196.77
266.686	60.21
266.899	14.35
267.113	-3660
267.326	-32.86
267.539	-1.48
267.752	6.98
267.966	23.14
268.179	58.67
268.392	101.4
268.605	-309.45
268.819	121.08
269.032	-112.32
269.245	1103.08
269.458	40.96
269.671	18.99
269.885	-44.57
270.098	-20.7
270.311	-239.24
270.524	-47.18
270.737	-5.37
270.95	-149.01
271.163	-44.88
271.376	1287.1
271.589	-862.03
271.802	33.43
272.016	8.79
272.229	40.41
272.442	1.21
272.655	-22.68
272.868	-110.8
273.081	-232.58
273.294	-5.24
273.506	34.98
273.719	-34.48
273.932	12.36
274.145	9540
274.358	140.11
274.571	16.64
274.784	-28.3
274.997	25.64
275.21	-100.4
275.423	14.34
275.635	110.05
275.848	11.45
276.061	-29.8
276.274	-20.72
276.487	-216.52
276.699	-11.17
276.912	16.11
277.125	144.26
277.338	25.74
277.55	-9.88
277.763	-74.46
277.976	34.27
278.189	82.42
278.401	24.27
278.614	429.6
278.827	94.67
279.039	14.37
279.252	-133.23
279.464	25.32
279.677	99.35
279.89	-10.14
280.102	-155.28
280.315	2246.34
280.527	-805.26
280.74	-1210.34
280.952	99.04
281.165	-86.4
281.377	34.99
281.59	-63.01
281.802	28.86
282.015	-65.78
282.227	21.72
282.44	148.92
282.652	-124.72
282.865	126.54
283.077	35.42
283.29	79.69
283.502	28.7
283.714	35.55
283.927	-10.34
284.139	-42.49
284.351	-11.51
284.564	-145.99
284.776	118.13
284.988	-37.1
285.201	-120.9
285.413	61.37
285.625	50.27
285.838	11.45
286.05	22.52
286.262	9.96
286.474	106.04
286.686	-4.47
286.899	-359.19
287.111	69.08
287.323	-1.33
287.535	353.47
287.747	63.57
287.959	-29.97
288.172	-103.64
288.384	-8.7
288.596	-119.59
288.808	16.98
289.02	-118.87
289.232	-43.92
289.444	-44.77
289.656	-69.38
289.868	-95.25
290.08	75.46
290.292	-376.6
290.504	-64.03
290.716	9.83
290.928	55.23
291.14	453.49
291.352	-170.73
291.564	1817.65
291.776	109.03
291.988	-79.14
292.2	-260.19
292.412	108.65
292.624	77.7
292.835	541.79
293.047	-34.9
293.259	-55.49
293.471	242.99
293.683	841.46
293.895	34.15
294.106	-58.82
294.318	24.22
294.53	29.69
294.742	2348.28
294.953	-153.87
295.165	-2.44
295.377	114.95
295.589	-58.32
295.8	17.86
296.012	8.4
296.224	41.68
296.435	132.87
296.647	-29.89
296.858	-58.27
297.07	216.92
297.282	5.16
297.493	-36.34
297.705	-53.14
297.916	-9.82
298.128	0.82
298.34	-103.81
298.551	-45.71
298.763	5.83
298.974	23.3
299.186	-20.07
299.397	126.82
299.609	-1074.19
299.82	236.47
300.031	-0.99
300.243	521.05
300.454	-71.78
300.666	49.95
300.877	52.61
301.089	57.45
301.3	51.76
301.511	-11.82
301.723	21.95
301.934	398.51
302.145	-89.73
302.357	220.11
302.568	237.6
302.779	14.48
302.99	103.59
303.202	-2
303.413	7.63
303.624	-43.73
303.835	560.38
304.047	-100.81
304.258	-54.34
304.469	24.74
304.68	27.7
304.891	-12.64
305.103	-142.47
305.314	6.48
305.525	42.86
305.736	-16.54
305.947	84.39
306.158	1111.76
306.369	42.11
306.58	122.62
306.791	250.82
307.002	42.55
307.213	-79.26
307.424	-15.9
307.636	10.63
307.846	-2.82
308.057	119.42
308.268	-5.23
308.479	37.58
308.69	5.36
308.901	12.38
309.112	-188.37
309.323	-25.94
309.534	24.32
309.745	-36.03
309.956	111.33
310.167	-96.3
310.377	36.25
310.588	60.3
310.799	-149.39
311.01	-133.26
311.221	-21.37
311.432	-23.86
311.642	-32.21
311.853	13.46
312.064	-300
312.275	373.61
312.485	64.34
312.696	-14.23
312.907	-64.82
313.117	37.54
313.328	124.94
313.539	-69.82
313.749	-32.01
313.96	-919.78
314.171	35.53
314.381	48.02
314.592	-19.66
314.802	19.57
315.013	-51.5
315.224	13.67
315.434	-2005.26
315.645	3300
315.855	-97.28
316.066	-205.62
316.276	64.66
316.487	285.37
316.697	-26.19
316.908	-44.3
317.118	-60.73
317.329	-56.72
317.539	4.74
317.749	112.02
317.96	-282.09
318.17	-95.25
318.381	121.98
318.591	-563.74
318.801	5.64
319.012	-20.14
319.222	84.47
319.432	-58.81
319.643	49.85
319.853	71.3
320.063	12.97
320.273	95.65
320.484	16.48
320.694	273.06
320.904	-47.8
321.114	-313.48
321.325	1437.93
321.535	-260.19
321.745	-8.6
321.955	-10.62
322.165	4.53
322.375	15.79
322.585	-12.88
322.796	1479.31
323.006	136.06
323.216	131.29
323.426	21.59
323.636	38.76
323.846	1272.41
324.056	56.6
324.266	79.03
324.476	62.22
324.686	-131.35
324.896	19.89
325.106	1828.3
325.316	84.15
325.526	-4152.63
325.736	1.91
325.946	0.26
326.156	666.23
326.366	-247.83
326.576	-1.61
326.785	-203.52
326.995	199.72
327.205	-70.85
327.415	147.46
327.625	584.67
327.835	25.69
328.044	73.87
328.254	-60
328.464	-66.78
328.674	149.67
328.884	-170.5
329.093	-261.5
329.303	42.16
329.513	273.91
329.722	-3457.89
329.932	-48.84
330.142	-75.38
330.351	35.51
330.561	463.64
330.771	-105.17
330.98	-97.28
331.19	106.15
331.4	-151.59
331.609	87.63
331.819	-534.15
332.028	-156
332.238	45.76
332.447	-81.16
332.657	67.96
332.866	-116.29
333.076	57.39
333.285	-112.38
333.495	-648.39
333.704	-332.29
333.914	41.57
334.123	-100.37
334.333	789.23
334.542	4.09
334.752	1306.15
334.961	832.08
335.17	-245.73
335.38	-149.59
335.589	10.24
335.798	44.97
336.008	-537.36
336.217	16.6
336.426	6.21
336.636	-151.91
336.845	-93.8
337.054	541.56
337.263	-48.93
337.473	-10.34
337.682	-104.56
337.891	-14.19
338.1	36.69
338.309	-22.42
338.519	44.42
338.728	-5.55
338.937	-545.67
339.146	-446.76
339.355	311.32
339.564	-173.68
339.773	79.9
339.983	5.95
340.192	-331.3
340.401	46.59
340.61	37.34
340.819	-25.66
341.028	101.31
341.237	1252.94
341.446	31.96
341.655	-49.88
341.864	-294.31
342.073	48.02
342.282	-187.23
342.491	-23.58
342.699	457.28
342.908	323.38
343.117	-201.85
343.326	25.51
343.535	-910.91
343.744	-131.38
343.953	-46.29
344.162	-11.13
344.37	0.31
344.579	129.85
344.788	-158.82
344.997	84
345.206	-57.65
345.414	79.07
345.623	-47.6
345.832	-35.83
346.041	382.23
346.249	28.74
346.458	18.69
346.667	82.36
346.875	13.53
347.084	10.61
347.293	44.71
347.501	-118.01
347.71	-37.55
347.918	23.25
348.127	-497.8
348.336	-474.83
348.544	17.86
348.753	-156.72
348.961	-102.5
349.17	42.86
349.378	51.67
349.587	-61.79
349.795	-637.86
350.004	-115.38
350.212	14.12
350.421	-140.71
350.629	33.53
350.838	-34.21
351.046	265.59
351.254	-54.49
351.463	-54.5
351.671	-3521.05
351.879	81.69
352.088	57.25
352.296	411.5
352.504	63.99
352.713	49.8
352.921	-574.02
353.129	-26.49
353.338	49.85
353.546	-7.52
353.754	-108.59
353.962	-74.17
354.171	13.71
354.379	-2068.42
354.587	-10.83
354.795	-30.29
355.003	-69.89
355.212	-13.6
355.42	469.81
355.628	-31.08
355.836	9.15
356.044	-79.73
356.252	-19.21
356.46	-16.33
356.668	1140
356.876	-24.77
357.084	-47.18
357.292	-26.15
357.5	-31.66
357.708	-71.53
357.916	-15.53
358.124	32.36
358.332	-371.64
358.54	-169.09
358.748	214.29
358.956	-27.86
359.164	-7.81
359.372	59.59
359.58	-317.27
359.788	12.74
359.996	13.04
360.203	-44.15
360.411	28.42
360.619	-426.63
360.827	22.04
361.035	-277.91
361.242	203.23
361.45	-163.29
361.658	-9.95
361.866	34.21
362.073	-143.11
362.281	8.08
362.489	22.06
362.697	8.88
362.904	-82.48
363.112	98.98
363.32	7.65
363.527	-529.57
363.735	-40.54
363.943	-42.31
364.15	-113.43
364.358	5.41
364.565	-4.54
364.773	-16.23
364.98	-266.08
365.188	0.65
365.395	30.52
365.603	-177.97
365.81	-23.48
366.018	4.36
366.225	16.95
366.433	-40.94
366.64	27.27
366.848	81.04
367.055	-126.96
367.263	-3.53
367.47	46.55
367.677	-497.47
367.885	-63.19
368.092	36.61
368.299	-168.17
368.507	46.74
368.714	772.57
368.921	-35.43
369.129	122.94
369.336	-9.03
369.543	-20.09
369.751	-17.18
369.958	-267.71
370.165	83.71
370.372	-76.5
370.579	34.53
370.787	78.47
370.994	231.15
371.201	56.4
371.408	-14.69
371.615	-34.99
371.822	58.09
372.029	17.29
372.237	-327.43
372.444	4.86
372.651	-18.9
372.858	153.96
373.065	9.87
373.272	-112.79
373.479	1106.9
373.686	-186.26
373.893	410.68
374.1	176.56
374.307	-524.46
374.514	-241.7
374.721	-18.87
374.928	728.57
375.135	-36.54
375.341	-5580
375.548	-23.2
375.755	-37.61
375.962	-54.25
376.169	-58.31
376.376	-100.81
376.583	-47.23
376.789	39.66
376.996	-6.46
377.203	-35.47
377.41	71.09
377.617	-2.94
377.823	-49.73
378.03	-841.94
378.237	25.26
378.443	-361.71
378.65	288.68
378.857	-38.75
379.063	-421.52
379.27	-613.04
379.477	134.88
379.683	-67.85
379.89	19.41
380.097	-86.3
380.303	44.06
380.51	-6.87
380.716	-10.48
380.923	-101.57
381.129	9.28
381.336	-602.36
381.542	28.5
381.749	-35.33
381.955	92.34
382.162	-52.3
382.368	-56.37
382.575	-12.08
382.781	1355.17
382.988	-45.32
383.194	-21.4
383.4	-72.21
383.607	-38.45
383.813	-118.45
384.02	-3.33
384.226	-104.39
384.432	-67.46
384.639	48.15
384.845	-482.28
385.051	0.65
385.257	-10.14
385.464	-43
385.67	124.26
385.876	-4.54
386.082	-100.68
386.289	68.36
386.495	-24.42
386.701	-288.27
386.907	-118.93
387.113	33.39
387.319	10.32
387.526	-42.02
387.732	-82.68
387.938	612
388.144	-91.3
388.35	54.3
388.556	11.05
388.762	10.27
388.968	-132.56
389.174	10.89
389.38	34.34
389.586	-27.92
389.792	-60
389.998	-38.23
390.204	-163.56
390.41	62.66
390.616	-8.41
390.822	-73.46
391.028	2.79
391.234	22.6
391.439	-579.61
391.645	-12.8
391.851	46.05
392.057	-1.72
392.263	-15.25
392.469	-41.13
392.674	-11.87
392.88	-16.2
393.086	-55.69
393.292	-71.85
393.498	-149.59
393.703	-5.72
393.909	5.8
394.115	34.57
394.32	-1.13
394.526	-31.74
394.732	26.36
394.937	32.63
395.143	-125.1
395.349	-27.86
395.554	-330.15
395.76	14.41
395.965	-32.67
396.171	-42.31
396.377	-74.56
396.582	2.76
396.788	-19.11
396.993	68.89
397.199	5.73
397.404	-20.03
397.61	-25.16
397.815	-107.88
398.021	-27.2
398.226	-45.06
398.431	-27.22
398.637	1.59
398.842	-3.11
399.048	26.27
399.253	22.23
399.458	-16.66
399.664	-3.33
399.869	1.91
400.074	12.01
400.28	-3.65
400.485	-43.42
400.69	-13.95
400.896	28.87
401.101	-7.2
401.306	16.66
401.511	12.62
401.716	-7.7
401.922	-13.85
402.127	1.88
402.332	-23.3
402.537	17.79
402.742	29.53
402.947	44.93
403.153	-33.88
403.358	-7.7
403.563	17.66
403.768	3.13
403.973	14.15
404.178	-2.7
404.383	0.11
404.588	15.68
404.793	13.26
404.998	6.82
405.203	0.49
405.408	4.68
405.613	7.43
405.818	8.13
406.023	7.32
406.228	-7.43
406.433	-2.81
406.638	2.33
406.842	10.28
407.047	7.78
407.252	6.95
407.457	12.79
407.662	5.11
407.867	-1.81
408.071	10.06
408.276	-5.86
408.481	10.74
408.686	-8.12
408.891	-2.31
409.095	6.41
409.3	9.17
409.505	7.95
409.709	-3.48
409.914	1.8
410.119	10.78
410.323	5.33
410.528	-3.76
410.733	8.75
410.937	0.75
411.142	-2.96
411.346	9.05
411.551	-1.58
411.756	10.36
411.96	9.21
412.165	-2.62
412.369	5.47
412.574	-0.88
412.778	2.91
412.983	4.6
413.187	6.98
413.392	2.73
413.596	1.58
413.8	5.89
414.005	6.18
414.209	5.27
414.414	2.45
414.618	2.99
414.822	2.78
415.027	4.91
415.231	4.54
415.435	4.95
415.64	4.77
415.844	4.81
416.048	4.43
416.252	6.72
416.457	6.27
416.661	4.85
416.865	0.39
417.069	3.32
417.274	5.42
417.478	2.25
417.682	3.39
417.886	4.06
418.09	5.77
418.294	4.56
418.498	3.11
418.702	6.04
418.907	2.85
419.111	3.81
419.315	3.98
419.519	6.23
419.723	2.16
419.927	6.3
420.131	5.9
420.335	3.88
420.539	3.85
420.743	6.26
420.947	2.62
421.151	4.44
421.355	3.55
421.558	5.72
421.762	3.9
421.966	5.18
422.17	3.95
422.374	4.72
422.578	3.96
422.782	5.64
422.985	4.49
423.189	4.51
423.393	3.88
423.597	4.74
423.801	4.23
424.004	4.01
424.208	5.18
424.412	4.92
424.615	3.97
424.819	5.29
425.023	4.6
425.226	4.66
425.43	4.94
425.634	4.13
425.837	4.54
426.041	4.57
426.245	4.47
426.448	4.55
426.652	4.95
426.855	4.24
427.059	3.25
427.262	4.64
427.466	3.66
427.669	3.97
427.873	4.16
428.076	4.16
428.28	4.41
428.483	3.63
428.687	3.88
428.89	5.02
429.094	3.56
429.297	3.64
429.5	4.22
429.704	4.43
429.907	5.24
430.11	4.31
430.314	4.52
430.517	3.98
430.72	4.76
430.924	4.57
431.127	4.06
431.33	4.25
431.533	4.28
431.737	4.68
431.94	3.89
432.143	4.65
432.346	4.16
432.549	4.55
432.752	3.48
432.956	4.56
433.159	4.27
433.362	4.27
433.565	3.89
433.768	4.44
433.971	4.39
434.174	4.43
434.377	4.12
434.58	4.32
434.783	3.84
434.986	4.46
435.189	4.98
435.392	4.37
435.595	4.21
435.798	4.27
436.001	4.69
436.204	4.44
436.407	4.61
436.61	4.74
436.813	4.85
437.016	4.18
437.219	4.12
437.421	4.03
437.624	4.41
437.827	3.93
438.03	4.53
438.233	4.2
438.435	4.31
438.638	4.38
438.841	4.05
439.044	4.24
439.246	4.11
439.449	4.05
439.652	4.43
439.854	4.69
440.057	4.16
440.26	4.34
440.462	4.53
440.665	4.19
440.868	4.66
441.07	4.72
441.273	4.72
441.475	4.14
441.678	4.24
441.88	4.09
442.083	3.9
442.286	4.16
442.488	3.78
442.69	4.53
442.893	4.39
443.095	4.25
443.298	4.06
443.5	4.32
443.703	4.24
443.905	4.28
444.108	4.16
444.31	4.22
444.512	4.34
444.715	4.59
444.917	4.08
445.119	4.35
445.322	4.18
445.524	4.67
445.726	4.45
445.928	4.06
446.131	4.42
446.333	4.27
446.535	4.54
446.737	4.29
446.94	4.77
447.142	4.11
447.344	4.46
447.546	4.47
447.748	4.33
447.95	4.61
448.152	4.6
448.354	4.14
448.557	4.87
448.759	4.6
448.961	4.38
449.163	4.8
449.365	4.31
449.567	4.47
449.769	4.32
449.971	3.99
450.173	4.65
450.375	4.57
450.577	4.21
450.779	4.2
450.981	4.54
451.182	4.43
451.384	4.33
451.586	4.6
451.788	4.5
451.99	4.7
452.192	3.91
452.394	4.94
452.595	4.62
452.797	4.13
452.999	4.78
453.201	4.54
453.402	4.25
453.604	3.9
453.806	4.53
454.008	4.47
454.209	4.72
454.411	4.78
454.613	4.44
454.814	4.63
455.016	4.78
455.218	4.49
455.419	4.84
455.621	4.89
455.822	4.58
456.024	4.68
456.225	4.87
456.427	4.88
456.629	4.75
456.83	5.08
457.032	4.48
457.233	4.86
457.435	4.72
457.636	4.57
457.837	4.86
458.039	4.47
458.24	5.07
458.442	4.6
458.643	4.6
458.844	4.59
459.046	4.2
459.247	5
459.448	4.69
459.65	4.74
459.851	4.99
460.052	4.55
460.254	5.32
460.455	4.97
460.656	5.18
460.857	4.91
461.059	4.52
461.26	4.34
461.461	4.52
461.662	4.42
461.863	5.65
462.065	4.57
462.266	4.37
462.467	4.68
462.668	4.04
462.869	4.94
463.07	5.13
463.271	5.37
463.472	3.9
463.673	4.71
463.874	5.14
464.075	5.08
464.276	4.21
464.477	4.58
464.678	5.44
464.879	4.66
465.08	5.39
465.281	5.05
465.482	4.87
465.683	4.89
465.884	4.67
466.085	5.57
466.285	5.66
466.486	5.01
466.687	4.94
466.888	4.88
467.089	4.39
467.29	5.14
467.49	5.34
467.691	5.22
467.892	4.58
468.093	4.96
468.293	4.44
468.494	4.9
468.695	4.01
468.895	4.22
469.096	3.3
469.297	5.37
469.497	3.85
469.698	4.9
469.898	4.46
470.099	5.06
470.3	6.02
470.5	5.01
470.701	5.15
470.901	5.28
471.102	5.95
471.302	5.39
471.503	5.64
471.703	6.46
471.904	5.26
472.104	4.32
472.305	3.52
472.505	5.51
472.705	4.67
472.906	6.65
473.106	5.52
473.306	4.93
473.507	6.61
473.707	5.27
473.907	4.38
474.108	4.37
474.308	4.09
474.508	4.46
474.709	5.24
474.909	5.7
475.109	3.6
475.309	6.13
475.51	4.48
475.71	4.29
475.91	5.59
476.11	3.83
476.31	4.22
476.51	6.77
476.71	3.51
476.911	6.67
477.111	3.47
477.311	5.57
477.511	4.1
477.711	4.65
477.911	2.94
478.111	5.65
478.311	4.63
478.511	4.51
478.711	5.35
478.911	4.78
479.111	5.61
479.311	4.8
479.511	6.21
479.711	3.73
479.91	2.17
480.11	5.4
480.31	4.38
480.51	4.78
480.71	4.46
480.91	5.51
481.109	4.82
481.309	4.39
481.509	2.5
481.709	4.77
481.909	4.3
482.108	3.89
482.308	4.51
482.508	4.41
482.707	5.3
482.907	4.25
483.107	4.51
483.306	4.02
483.506	5.65
483.706	3.56
483.905	4.16
484.105	4.41
484.304	6.2
484.504	3.68
484.704	5.69
484.903	4.79
485.103	5.27
485.302	3.51
485.502	5.19
485.701	7.46
485.901	4.19
486.1	4.45
486.299	4.9
486.499	5.35
486.698	3.7
486.898	3.53
487.097	4.71
487.296	3.45
487.496	4.74
487.695	3.8
487.894	4.53
488.094	5.23
488.293	5.53
488.492	3.82
488.692	4.38
488.891	4.02
489.09	4.22
489.289	3.9
489.489	4.86
489.688	3.66
489.887	4.56
490.086	3.58
490.285	3.64
490.484	6.89
490.683	6.11
490.883	6.24
491.082	4.93
491.281	3.5
491.48	4.07
491.679	4.46
491.878	5.77
492.077	5.94
492.276	5.1
492.475	3.78
492.674	5.14
492.873	5.33
493.072	4.45
493.271	5.77
493.47	3.14
493.669	3.72
493.867	4.57
494.066	4.56
494.265	4.57
494.464	5.44
494.663	3.87
494.862	4.49
495.06	4.01
495.259	3.4
495.458	5.58
495.657	4.23
495.856	4.56
496.054	5.66
496.253	6.12
496.452	3.28
496.65	4.8
496.849	3.94
497.048	4.56
497.246	5.79
497.445	3.74
497.644	5.09
497.842	6.33
498.041	5.77
498.239	4.9
498.438	4.25
498.636	4.66
498.835	5
499.034	3.96
499.232	4.57
499.431	4.35
499.629	3.7
499.827	3.86
500.026	4.37
500.224	5.14
500.423	4.45
500.621	4.74
500.82	5.49
501.018	4.65
501.216	5.72
501.415	5.37
501.613	4.58
501.811	4.63
502.01	5.03
502.208	4.65
502.406	5.28
502.604	5.31
502.803	5.33
503.001	5.8
503.199	5.12
503.397	4.83
503.595	4.86
503.794	4.38
503.992	5.47
504.19	4.95
504.388	5.8
504.586	4.97
504.784	4.56
504.982	5.07
505.18	4.89
505.378	4.83
505.576	5.12
505.774	4.7
505.972	5.1
506.17	5.61
506.368	5.45
506.566	4.97
506.764	5.09
506.962	4.94
507.16	5.4
507.358	5.03
507.556	5.14
507.754	5.19
507.952	5.16
508.15	5.47
508.347	4.96
508.545	5.51
508.743	5.06
508.941	4.93
509.139	5.56
509.336	5.33
509.534	5.83
509.732	5.79
509.93	4.6
510.127	5.94
510.325	5.17
510.523	5.24
510.72	6
510.918	5.66
511.116	5.79
511.313	5.06
511.511	5.46
511.708	5.66
511.906	5.7
512.104	5.65
512.301	5.18
512.499	5.7
512.696	4.99
512.894	5.05
513.091	5.17
513.289	5.78
513.486	5.64
513.683	4.82
513.881	5.37
514.078	5.26
514.276	5.26
514.473	5.03
514.67	5.67
514.868	6.15
515.065	5.42
515.262	6.23
515.46	5.57
515.657	5.76
515.854	5.5
516.052	5.75
516.249	6.23
516.446	5.34
516.643	5.62
516.84	6.14
517.038	5.42
517.235	5.21
517.432	5.88
517.629	5.75
517.826	5.85
518.023	5.94
518.221	5.69
518.418	5.82
518.615	6.16
518.812	5.95
519.009	5.95
519.206	5.44
519.403	6.28
519.6	5.7
519.797	5.51
519.994	5.7
520.191	5.88
520.388	5.96
520.585	5.81
520.782	5.88
520.978	5.36
521.175	5.78
521.372	6.37
521.569	5.93
521.766	5.61
521.963	5.77
522.159	5.95
522.356	5.99
522.553	6.1
522.75	5.65
522.947	5.94
523.143	6.42
523.34	6.31
523.537	6.16
523.733	5.91
523.93	5.73
524.127	6.35
524.323	6.29
524.52	5.95
524.717	6.01
524.913	6.01
525.11	5.49
525.306	6.17
525.503	6.29
525.7	6.32
525.896	5.43
526.093	6.21
526.289	6.33
526.486	5.83
526.682	5.65
526.878	6.27
527.075	6.38
527.271	5.87
527.468	6.18
527.664	6.44
527.861	6.42
528.057	6.05
528.253	6.42
528.45	5.82
528.646	5.9
528.842	6.38
529.039	5.95
529.235	6.18
529.431	6.32
529.627	6.23
529.824	6.8
530.02	6.43
530.216	6.65
530.412	6.3
530.608	6.17
530.804	6.43
531.001	6.51
531.197	6.26
531.393	6.61
531.589	6.28
531.785	6.26
531.981	6.61
532.177	6.41
532.373	6.46
532.569	5.87
532.765	6.08
532.961	6.37
533.157	6.25
533.353	6.32
533.549	6.35
533.745	6.68
533.941	6.23
534.137	6.23
534.333	6.32
534.529	6.32
534.725	6.08
534.92	6.36
535.116	6.28
535.312	6.06
535.508	6.17
535.704	6.59
535.899	6.14
536.095	6.49
536.291	6.8
536.487	5.92
536.682	6.67
536.878	6.27
537.074	6.35
537.269	6.12
537.465	6.32
537.661	6.1
537.856	6.64
538.052	6.52
538.248	6.52
538.443	6.56
538.639	6.73
538.834	6.11
539.03	6.61
539.225	7.28
539.421	6.44
539.616	6.39
539.812	6.57
540.007	6.39
540.203	6.41
540.398	6.6
540.593	6.64
540.789	6.58
540.984	6.85
541.18	6.77
541.375	6.3
541.57	6.83
541.766	6.95
541.961	6.81
542.156	6.84
542.352	7.05
542.547	6.68
542.742	6.87
542.937	6.87
543.133	7.35
543.328	6.9
543.523	6.72
543.718	6.73
543.913	6.93
544.108	6.37
544.304	6.66
544.499	6.96
544.694	6.95
544.889	6.83
545.084	7.28
545.279	7.38
545.474	7.2
545.669	6.58
545.864	7.12
546.059	6.83
546.254	6.75
546.449	6.91
546.644	6.53
546.839	7.08
547.034	6.59
547.229	7.32
547.424	6.81
547.618	6.95
547.813	7.2
548.008	7.05
548.203	7.12
548.398	6.73
548.593	7.24
548.787	7.19
548.982	7.12
549.177	6.59
549.372	6.92
549.566	7.18
549.761	7.1
549.956	6.89
550.15	7.18
550.345	7.04
550.54	7.25
550.734	6.79
550.929	7.23
551.124	6.99
551.318	7.21
551.513	6.9
551.707	7.36
551.902	7.14
552.096	7.37
552.291	7.72
552.485	7.3
552.68	7.62
552.874	7.15
553.069	7.47
553.263	7.61
553.458	7.61
553.652	7.77
553.847	7.2
554.041	7.84
554.235	7.29
554.43	7.06
554.624	7.41
554.818	7.49
555.013	7.47
555.207	7.65
555.401	7.65
555.595	7.31
555.79	7.17
555.984	7.61
556.178	7.49
556.372	7.63
556.566	7.68
556.761	7.52
556.955	7.47
557.149	7.83
557.343	7.5
557.537	8.08
557.731	7.93
557.925	7.64
558.119	7.73
558.313	7.73
558.507	7.83
558.701	8.04
558.895	7.74
559.089	8.03
559.283	7.7
559.477	8.25
559.671	8.28
559.865	7.84
560.059	8.07
560.253	8.12
560.447	7.6
560.641	8.2
560.835	8.17
561.028	7.94
561.222	7.86
561.416	7.98
561.61	7.75
561.804	7.68
561.997	7.76
562.191	8.08
562.385	8.28
562.579	8.1
562.772	8.14
562.966	7.81
563.16	8.26
563.353	8.44
563.547	7.96
563.741	7.88
563.934	8.1
564.128	7.97
564.321	7.75
564.515	8.21
564.708	8.36
564.902	7.97
565.095	8.42
565.289	8.35
565.482	8.24
565.676	8.02
565.869	8.41
566.063	8.32
566.256	8.18
566.45	8.3
566.643	8.35
566.836	8.29
567.03	8.33
567.223	8.53
567.416	8.6
567.61	8.25
567.803	8.41
567.996	8.59
568.19	8.28
568.383	8.3
568.576	8.18
568.769	8.73
568.963	8.27
569.156	8.75
569.349	8.56
569.542	8.62
569.735	8.16
569.928	8.39
570.121	8.78
570.315	8.63
570.508	8.2
570.701	8.26
570.894	8.75
571.087	8.73
571.28	8.84
571.473	8.79
571.666	8.55
571.859	8.63
572.052	8.51
572.245	8.84
572.438	8.57
572.631	8.5
572.824	8.81
573.016	8.28
573.209	9.08
573.402	8.69
573.595	8.49
573.788	8.91
573.981	8.78
574.173	8.56
574.366	8.82
574.559	8.82
574.752	8.59
574.944	8.76
575.137	9.18
575.33	8.58
575.523	9.18
575.715	9.04
575.908	8.91
576.101	8.76
576.293	8.47
576.486	9.2
576.678	8.8
576.871	8.75
577.063	9.05
577.256	9.07
577.449	9.07
577.641	8.78
577.834	8.82
578.026	9.08
578.219	8.65
578.411	9.15
578.603	9.53
578.796	8.91
578.988	9.12
579.181	8.95
579.373	9.4
579.565	9.31
579.758	9.02
579.95	9.01
580.142	9.16
580.335	9.17
580.527	9.24
580.719	9.14
580.912	8.73
581.104	9.15
581.296	9.18
581.488	8.87
581.68	9.23
581.873	9.08
582.065	8.94
582.257	9.22
582.449	9.46
582.641	9.33
582.833	9.02
583.025	9.03
583.217	9.34
583.41	9.34
583.602	9.7
583.794	9.14
583.986	9.67
584.178	9.55
584.37	9.79
584.562	9.13
584.753	9.16
584.945	9.5
585.137	9.52
585.329	9.65
585.521	9.9
585.713	10.04
585.905	9.8
586.097	9.55
586.289	9.31
586.48	9.9
586.672	9.28
586.864	9.93
587.056	9.9
587.247	9.73
587.439	9.76
587.631	9.37
587.823	9.81
588.014	9.49
588.206	9.66
588.398	9.72
588.589	9.98
588.781	9.83
588.972	10.04
589.164	9.85
589.356	9.83
589.547	9.67
589.739	9.68
589.93	9.61
590.122	9.94
590.313	9.81
590.505	9.8
590.696	10.09
590.888	10.18
591.079	10.07
591.271	10.16
591.462	9.84
591.653	10.32
591.845	10.36
592.036	10.18
592.227	9.64
592.419	10
592.61	10.15
592.801	10.13
592.993	10.64
593.184	10.53
593.375	10.13
593.566	10.61
593.758	10.15
593.949	10.46
594.14	10.46
594.331	9.9
594.522	10.21
594.713	10.43
594.905	10.36
595.096	10.8
595.287	10.63
595.478	10.58
595.669	10.4
595.86	10.11
596.051	10.44
596.242	10.64
596.433	10.97
596.624	10.49
596.815	10.58
597.006	10.74
597.197	10.57
597.388	10.31
597.579	10.71
597.77	10.83
597.96	10.76
598.151	10.28
598.342	10.59
598.533	10.89
598.724	10.9
598.915	10.94
599.105	10.95
599.296	11
599.487	10.48
599.678	10.79
599.868	10.85
600.059	11.3
600.25	11.47
600.44	11.08
600.631	10.91
600.822	11.23
601.012	11.68
601.203	11.06
601.394	11.12
601.584	11.01
601.775	11.41
601.965	11.21
602.156	10.53
602.346	11.61
602.537	11.4
602.727	10.98
602.918	11.54
603.108	11.47
603.299	11.22
603.489	12.02
603.679	11.24
603.87	11.59
604.06	11.88
604.251	11.32
604.441	11.74
604.631	11.67
604.822	11.69
605.012	11.37
605.202	11.34
605.392	11.33
605.583	12.17
605.773	11.87
605.963	11.85
606.153	11.6
606.344	11.75
606.534	11.75
606.724	11.92
606.914	11.09
607.104	11.73
607.294	12.15
607.484	12.22
607.674	12.02
607.864	11.93
608.054	11.82
608.245	11.91
608.435	11.93
608.625	12.43
608.814	11.72
609.004	11.95
609.194	12.45
609.384	12.17
609.574	12.53
609.764	12.01
609.954	11.39
610.144	12.5
610.334	12.11
610.524	12.08
610.713	12.37
610.903	12.36
611.093	12.06
611.283	12.29
611.473	12.04
611.662	12.19
611.852	12.11
612.042	12.11
612.231	12.39
612.421	12.74
612.611	12.06
612.8	12.51
612.99	12.2
613.18	12.16
613.369	12.53
613.559	12.58
613.748	12.85
613.938	13.01
614.128	12.4
614.317	12.65
614.507	12.78
614.696	13.07
614.886	12.98
615.075	12.41
615.264	12.97
615.454	12.67
615.643	12.93
615.833	12.56
616.022	12.62
616.211	13.55
616.401	12.63
616.59	13.06
616.779	13.53
616.969	12.65
617.158	12.93
617.347	13.19
617.537	12.44
617.726	13.05
617.915	12.64
618.104	12.7
618.293	13.53
618.483	12.87
618.672	13.17
618.861	13.48
619.05	13.33
619.239	12.95
619.428	13.05
619.617	13.4
619.806	12.48
619.995	13.26
620.184	13.36
620.373	12.78
620.562	13.78
620.751	12.76
620.94	13.47
621.129	13.56
621.318	13.27
621.507	13.07
621.696	13.09
621.885	13.76
622.074	13.87
622.263	13.04
622.452	13.31
622.64	13.45
622.829	13.66
623.018	13.69
623.207	13.11
623.396	12.97
623.584	13.27
623.773	13.35
623.962	13.62
624.15	14.42
624.339	13.74
624.528	14.1
624.716	13.01
624.905	13.54
625.094	13.94
625.282	13.43
625.471	13.63
625.659	13.77
625.848	13.46
626.037	13.46
626.225	14.2
626.414	14.55
626.602	14.22
626.791	14.46
626.979	14.36
627.167	14.24
627.356	14.13
627.544	14.42
627.733	13.52
627.921	13.69
628.109	15.02
628.298	14.37
628.486	14.13
628.674	13.41
628.863	14.84
629.051	15.05
629.239	15.02
629.428	14.33
629.616	14.88
629.804	14.52
629.992	14.62
630.18	14.41
630.369	14.94
630.557	14.37
630.745	13.97
630.933	14.66
631.121	14.58
631.309	13.39
631.497	14.82
631.685	13.93
631.873	13.35
632.061	14.41
632.249	15.54
632.437	16.09
632.625	14.43
632.813	14.43
633.001	14.85
633.189	14.16
633.377	15
633.565	13.19
633.753	14.14
633.941	15.04
634.129	14.89
634.316	15.07
634.504	15.63
634.692	14.62
634.88	14.71
635.068	14.31
635.255	15.62
635.443	14.36
635.631	14.72
635.818	15.99
636.006	15.75
636.194	15
636.382	14.72
636.569	15.37
636.757	15.91
636.944	15.68
637.132	16.17
637.32	15.44
637.507	16.19
637.695	14.87
637.882	15.32
638.07	16.31
638.257	15.14
638.445	14.88
638.632	14.65
638.82	14.79
639.007	14.62
639.194	15.11
639.382	15.6
639.569	15.83
639.757	15.77
639.944	15.36
640.131	16.04
640.319	14.53
640.506	15.97
640.693	15.07
640.88	16.23
641.068	15.65
641.255	15.55
641.442	14.84
641.629	15.61
641.817	15.71
642.004	15.87
642.191	15.76
642.378	16.51
642.565	16.04
642.752	16.42
642.939	15.7
643.126	16.36
643.313	16.47
643.501	16.14
643.688	15.24
643.875	15.98
644.062	15.66
644.249	14.81
644.435	14.56
644.622	15.09
644.809	15.9
644.996	15.32
645.183	15.65
645.37	17.2
645.557	16.83
645.744	15.27
645.931	14.98
646.117	15.19
646.304	15.75
646.491	16.12
646.678	17.08
646.865	16.27
647.051	16.3
647.238	16.15
647.425	15.82
647.611	15.53
647.798	16.15
647.985	15.78
648.171	17.03
648.358	15.31
648.545	16.4
648.731	14
648.918	16.27
649.104	14.71
649.291	15.6
649.477	16.21
649.664	15.88
649.85	16.87
650.037	16
650.223	14.8
650.41	16.76
650.596	16.14
650.783	16.87
650.969	16.03
651.155	16.42
651.342	15.61
651.528	15.95
651.714	16.03
651.901	16.85
652.087	16.32
652.273	16.03
652.46	15.99
652.646	16.93
652.832	16.31
653.018	15.23
653.204	16.95
653.391	17.09
653.577	15
653.763	18.02
653.949	17.21
654.135	16.59
654.321	15.95
654.507	16.51
654.693	16.13
654.879	16.96
655.065	15.64
655.252	15.12
655.438	15.95
655.624	17.35
655.809	16.25
655.995	15.58
656.181	16.53
656.367	16.89
656.553	17.52
656.739	17.23
656.925	16.31
657.111	16.4
657.297	18.67
657.482	17.3
657.668	18.48
657.854	16.99
658.04	16.8
658.226	15.62
658.411	16.33
658.597	16.68
658.783	17.28
658.968	16.55
659.154	16.51
659.34	16.18
659.525	16.44
659.711	16.83
659.897	17.31
660.082	16.65
660.268	15.78
660.453	14.71
660.639	17.31
660.824	17.15
661.01	16.19
661.195	18.2
661.381	16.42
661.566	16.9
661.752	15.17
661.937	15.57
662.123	17.79
662.308	16.79
662.494	17.99
662.679	16.73
662.864	15.97
663.05	17.37
663.235	15.91
663.42	17.99
663.605	17.73
663.791	16.52
663.976	15.79
664.161	17.87
664.346	16.53
664.532	14.22
664.717	16.09
664.902	17.9
665.087	18.86
665.272	17.12
665.457	14.8
665.642	16.09
665.828	15.67
666.013	17.67
666.198	13.36
666.383	17.55
666.568	15.24
666.753	17.63
666.938	16.04
667.123	18.1
667.308	16.43
667.493	16.75
667.677	15.61
667.862	15.99
668.047	14.92
668.232	16.67
668.417	17.79
668.602	15.7
668.787	17.37
668.971	15.91
669.156	17.69
669.341	15.45
669.526	18.4
669.711	18.06
669.895	17.77
670.08	15.53
670.265	14.53
670.449	15.14
670.634	16.91
670.819	14.36
671.003	15.09
671.188	16.48
671.372	15.78
671.557	18.35
671.742	16.02
671.926	16.37
672.111	15.58
672.295	15.64
672.48	15.83
672.664	15.92
672.849	14.64
673.033	16.76
673.217	14.71
673.402	16.8
673.586	13.41
673.771	14.42
673.955	16.03
674.139	16.72
674.324	15.84
674.508	15.97
674.692	16.42
674.876	17.4
675.061	17.84
675.245	18.04
675.429	17.33
675.613	14.63
675.798	18.59
675.982	16.94
676.166	15.8
676.35	16.55
676.534	17.55
676.718	16.33
676.902	18.3
677.087	13.42
677.271	15.72
677.455	18.78
677.639	15.02
677.823	18.55
678.007	17.84
678.191	17.87
678.375	14.95
678.559	17.74
678.742	14.72
678.926	18.6
679.11	18.73
679.294	17.96
679.478	14.62
679.662	14.83
679.846	16.71
680.029	19.57
680.213	18.49
680.397	18.18
680.581	18.6
680.765	18.28
680.948	19.66
681.132	15.97
681.316	16.24
681.499	18.17
681.683	19.03
681.867	18.47
682.05	18.07
682.234	16.66
682.417	20.09
682.601	21.67
682.785	20.07
682.968	18.31
683.152	19.41
683.335	16.97
683.519	20.42
683.702	20.37
683.886	21.05
684.069	19.27
684.253	20.19
684.436	21.14
684.619	18.19
684.803	21.12
684.986	20.44
685.169	20.65
685.353	20.1
685.536	18.9
685.719	24.59
685.903	21.1
686.086	20.4
686.269	20.11
686.452	21.82
686.636	23.99
686.819	22.62
687.002	22.86
687.185	24.6
687.368	23.98
687.551	19.34
687.734	21.87
687.918	22.12
688.101	21.31
688.284	23.69
688.467	23.84
688.65	22.28
688.833	24.8
689.016	22.21
689.199	20.85
689.382	27.95
689.565	24.38
689.748	23.35
689.93	19.09
690.113	22.55
690.296	21.11
690.479	25.59
690.662	20.26
690.845	21.51
691.028	22.58
691.21	23.87
691.393	27.01
691.576	21.39
691.759	24.2
691.941	27.53
692.124	28.79
692.307	25.76
692.489	25.16
692.672	28.06
692.855	25.55
693.037	27.15
693.22	27.2
693.403	23.69
693.585	27
693.768	32.21
693.95	25.45
694.133	28.23
694.315	25.38
694.498	29.38
694.68	24.32
694.863	27.58
695.045	29.78
695.228	24.8
695.41	26.05
695.592	26.94
695.775	20.8
695.957	23.84
696.139	28.62
696.322	25.39
696.504	25.83
696.686	26.3
696.869	26
697.051	25.75
697.233	25.39
697.415	31.94
697.597	21.21
697.78	27.08
697.962	25.91
698.144	31.36
698.326	26.93
698.508	24.12
698.69	24.91
698.872	30
699.055	28.55
699.237	24.08
699.419	25.1
699.601	21.83
699.783	33.38
699.965	29.83
700.147	24.08
700.329	32.72
700.51	27.84
700.692	27.47
700.874	25.3
701.056	26.63
701.238	26.59
701.42	31.31
701.602	29.68
701.783	28.51
701.965	26.35
702.147	31.38
702.329	25.4
702.511	27.44
702.692	29.53
702.874	23.26
703.056	22.93
703.237	26.87
703.419	28.28
703.601	32.23
703.782	33.42
703.964	24.57
704.146	26.54
704.327	31.3
704.509	32.63
704.69	27.87
704.872	30.06
705.053	29.71
705.235	31.3
705.416	22.76
705.598	26.1
705.779	25.68
705.961	17.79
706.142	29.71
706.323	30.46
706.505	25.96
706.686	25.28
706.867	23.72
707.049	22.96
707.23	36.43
707.411	27.86
707.593	29.09
707.774	31.66
707.955	24.98
708.136	30.19
708.318	27.71
708.499	19.92
708.68	31.66
708.861	30.6
709.042	29.98
709.223	31.36
709.404	24.24
709.585	29.47
709.767	32.65
709.948	25.02
710.129	28.63
710.31	21.91
710.491	25.63
710.672	27.62
710.853	17.57
711.034	38.54
711.214	28.34
711.395	26.45
711.576	30.77
711.757	19.88
711.938	21.85
712.119	31.36
712.3	27.57
712.481	17.56
712.661	25.53
712.842	19.29
713.023	28.92
713.204	14.58
713.384	29.39
713.565	31.69
713.746	28.87
713.926	18.8
714.107	24.08
714.288	22.75
714.468	26.81
714.649	26.89
714.83	36.42
715.01	31.4
715.191	20.41
715.371	31.42
715.552	29.24
715.732	23.07
715.913	27.13
716.093	36.77
716.274	34.49
716.454	25.59
716.635	32.84
716.815	28.66
716.995	29.91
717.176	28.4
717.356	11.65
717.536	23.8
717.717	27.11
717.897	22.18
718.077	27.42
718.258	42.62
718.438	22.81
718.618	25.94
718.798	21.26
718.978	35.85
719.159	29.22
719.339	39.16
719.519	25.81
719.699	40.27
719.879	23.39
720.059	34.41
720.239	24.27
720.419	32.72
720.599	28.15
720.779	40.71
720.959	23.22
721.139	18.35
721.319	27.8
721.499	32.79
721.679	22.7
721.859	22.31
722.039	0.94
722.219	31.08
722.399	29.26
722.579	17.82
722.759	21.96
722.938	28.49
723.118	21.36
723.298	26.98
723.478	41.61
723.658	29.09
723.837	34.85
724.017	34.71
724.197	24.41
724.376	41.44
724.556	20.62
724.736	19.52
724.915	35.19
725.095	32.52
725.275	24.46
725.454	36.05
725.634	15.31
725.813	26.86
725.993	18.14
726.172	32.96
726.352	22.22
726.531	30.65
726.711	37.27
726.89	13.98
727.07	35.42
727.249	28.5
727.428	27.21
727.608	6.43
727.787	18.08
727.966	29.49
728.146	26.54
728.325	32.5
728.504	36.06
728.684	19.73
728.863	36.03
729.042	14.01
729.221	-8.11
729.4	13.27
729.58	16.77
729.759	23.51
729.938	28.65
730.117	31.75
730.296	28.5
730.475	28.28
730.654	21.14
730.833	25.39
731.013	8.82
731.192	-2.13
731.371	26.09
731.55	25.88
731.729	28.71
731.907	22.84
732.086	22.05
732.265	27.19
732.444	19.47
732.623	30.7
732.802	20.19
732.981	32.35
733.16	27.23
733.339	9.06
733.517	26.76
733.696	35.1
733.875	40.47
734.054	28.72
734.232	31.43
734.411	33.22
734.59	7.48
734.768	27.83
734.947	30.38
735.126	21.34
735.304	15.28
735.483	25.04
735.662	29.81
735.84	31.81
736.019	19.47
736.197	18.16
736.376	30.21
736.554	42.93
736.733	34.74
736.911	22.59
737.09	8.75
737.268	17.31
737.447	55.01
737.625	31.03
737.803	8.74
737.982	49.69
738.16	2.12
738.338	43.48
738.517	25.19
738.695	32.99
738.873	27.18
739.052	17.23
739.23	7.28
739.408	14.89
739.586	9.55
739.764	25.71
739.943	22.84
740.121	23.39
740.299	13.79
740.477	36
740.655	17.37
740.833	33.71
741.011	46.73
741.189	29.61
741.367	33.71
741.545	37.18
741.723	15.88
741.901	25.26
742.079	17.4
742.257	22.68
742.435	40.69
742.613	-7.04
742.791	15.57
742.969	14.08
743.147	24.92
743.325	8.06
743.503	37.11
743.68	10.24
743.858	17.62
744.036	36.46
744.214	14.7
744.391	-13.8
744.569	33.99
744.747	24.64
744.925	45.18
745.102	-4.89
745.28	-15.67
745.458	25.27
745.635	14.73
745.813	38.76
745.99	28.98
746.168	29.58
746.345	66.09
746.523	20.39
746.7	47.87
746.878	17.6
747.055	-9.27
747.233	38.11
747.41	66.81
747.588	34.18
747.765	12.99
747.943	31.11
748.12	19.12
748.297	18.61
748.475	15.73
748.652	33.64
748.829	34.87
749.007	25.92
749.184	14.7
749.361	29.93
749.538	42.52
749.716	8.63
749.893	-9.38
750.07	13.61
750.247	3.61
750.424	59.5
750.601	-6.65
750.778	43.85
750.956	-18.55
751.133	20.68
751.31	27.89
751.487	24.51
751.664	25.59
751.841	28.07
752.018	21.46
752.195	-10.92
752.372	24.27
752.549	7.39
752.726	37.91
752.902	57.08
753.079	43.65
753.256	28.41
753.433	-1.2
753.61	37.1
753.787	-29.07
753.964	-15.81
754.14	-12.83
754.317	64.07
754.494	30.76
754.671	51.5
754.847	28.46
755.024	39.85
755.201	36.7
755.377	55.81
755.554	4.03
755.73	11.87
755.907	56.04
756.084	-0.88
756.26	37.35
756.437	33.9
756.613	28.15
756.79	34.33
756.966	13.04
757.143	49.95
757.319	37.18
757.496	48.36
757.672	11.87
757.849	47.28
758.025	-16.49
758.201	52.45
758.378	15.91
758.554	3.55
758.73	1.06
758.907	19.34
759.083	45.31
759.259	32.67
759.435	43.51
759.612	-13.42
759.788	55.39
759.964	33.39
760.14	33.63
760.316	-22.18
760.493	-8.02
760.669	49.95
760.845	-10.45
761.021	69.02
761.197	-29.4
761.373	-9.06
761.549	11.92
761.725	-26.39
761.901	26.27
762.077	11.46
762.253	10.43
762.429	24.17
762.605	56.09
762.781	23.11
762.957	-23.25
763.133	63.74
763.308	9.85
763.484	32.71
763.66	-16.09
763.836	27.17
764.012	2.21
764.187	0.96
764.363	86.51
764.539	17.32
764.715	26.86
764.89	-24.12
765.066	3.28
765.242	36.67
765.417	12.12
765.593	22.37
765.769	7.44
765.944	3.81
766.12	39.07
766.295	-9.15
766.471	48.22
766.646	34.32
766.822	15.56
766.997	-58.32
767.173	50.51
767.348	-24.48
767.524	27.82
767.699	-18.06
767.875	53.52
768.05	0.29
768.225	21.27
768.401	29.48
768.576	-1.43
768.751	20.2
768.927	-39.79
769.102	48.34
769.277	-12.76
769.452	-28.59
769.628	0.29
769.803	96.71
769.978	64.68
770.153	-108
770.328	49.3
770.503	44.93
770.679	46.29
770.854	0.43
771.029	33.01
771.204	-149.01
771.379	18.61
771.554	-42.46
771.729	-17.65
771.904	-25.22
772.079	7.38
772.254	28.7
772.429	63.57
772.604	4.8
772.779	67.71
772.953	23.69
773.128	-3
773.303	-24.51
773.478	9.34
773.653	-0.73
773.828	31.25
774.002	-5.72
774.177	-26.84
774.352	242.61
774.527	2
774.701	1.22
774.876	91.12
775.051	-222.99
775.225	70.66
775.4	0.33
775.575	18.14
775.749	-64.49
775.924	74.61
776.098	-61.38
776.273	22.56
776.447	5.61
776.622	22.56
776.796	-41.85
776.971	85.6
777.145	-8.81
777.32	38.01
777.494	77.3
777.669	31.94
777.843	-45.93
778.017	-26.66
778.192	5.27
778.366	-91.15
778.54	31.69
778.715	87.79
778.889	-2.23
779.063	71.53
779.237	104.55
779.412	-2.67
779.586	-37.97
779.76	14.39
779.934	11.21
780.108	30.28
780.282	-998.51
780.457	33.78
780.631	67.35
780.805	9.98
780.979	-694.03
781.153	86.7
781.327	58.88
781.501	40.38
781.675	-23.62
781.849	12.03
782.023	32.7
782.197	-62.52
782.371	-128.57
782.545	104.91
782.718	94.35
782.892	167.98
783.066	15.63
783.24	185.83
783.414	-39.23
783.588	79.47
783.761	28.07
783.935	-56.72
784.109	-15.63
784.283	-143.48
784.456	-27.01
784.63	16.62
784.804	33.41
784.977	61.12
785.151	-55.51
785.324	38.31
785.498	-63.86
785.672	73.64
785.845	39.42
786.019	-118.01
786.192	-156.95
786.366	14.78
786.539	-31.53
786.713	-71.12
786.886	59.19
787.06	11.78
787.233	-59.45
787.406	38.13
787.58	-10.98
787.753	84.58
787.926	30.11
788.1	178.53
788.273	-526.42
788.446	-87.45
788.62	-67.74
788.793	-37.88
788.966	115.67
789.139	85.35
789.313	134.88
789.486	-1842.86
789.659	-108
789.832	69.92
790.005	-16.09
790.178	528.32
790.351	0.55
790.524	102.71
790.697	-11.52
790.87	47.21
791.044	594.55
791.216	115.7
791.389	-152.41
791.562	29.33
791.735	-710.13
791.908	1040.26
792.081	-49.89
792.254	-102.2
792.427	92.57
792.6	-125.07
792.773	-28.82
792.945	-783.58
793.118	30.52
793.291	-62.64
793.464	72.77
793.637	-27.61
793.809	24.07
793.982	12.38
794.155	120.46
794.327	-10.84
794.5	918.46
794.673	-120.24
794.845	124.9
795.018	-80.71
795.19	414.61
795.363	61.12
795.536	162.97
795.708	-145.16
795.881	10020
796.053	-4.42
796.226	145.71
796.398	122.62
796.57	-12.31
796.743	-6.12
796.915	45.43
797.088	-37.65
797.26	-536.22
797.432	18.99
797.605	-409.09
797.777	-502.6
797.949	-45.17
798.122	10.89
798.294	65.92
798.466	22.29
798.638	-81.82
798.81	-39.72
798.983	-41.77
799.155	7.25
799.327	-117.83
799.499	0.39
799.671	39.22
799.843	-13.5
800.015	176.26
800.187	-44.03
800.359	64.52
800.531	64.06
800.703	3.48
800.875	114.59
801.047	69.61
801.219	150.51
801.391	541.56
801.563	-464.03
801.735	-30.29
801.907	-219.02
802.079	154.26
802.251	-102.2
802.422	-375.59
802.594	354.55
802.766	-38.23
802.938	146.64
803.11	47.76
803.281	-347.68
803.453	28.29
803.625	-4.33
803.796	-4.92
803.968	6.3
804.14	-118.11
804.311	35.08
804.483	66.1
804.654	114.31
804.826	125.08
804.998	-11.23
805.169	-156.37
805.341	160.8
805.512	385.71
805.684	-14.17
805.855	171.19
806.026	1453.85
806.198	9.2
806.369	-86.92
806.541	37.34
806.712	4.83
806.883	-58.04
807.055	58.88
807.226	178.61
807.397	-300
807.569	400.88
807.74	3.84
807.911	67.35
808.082	-122.42
808.253	68.32
808.425	72.56
808.596	171.91
808.767	390.65
808.938	61.97
809.109	317.82
809.28	52.61
809.451	109.34
809.622	27.27
809.793	-919.35
809.964	86.09
810.135	9.15
810.306	12.14
810.477	159.06
810.648	40.93
810.819	30.4
810.99	-5100
811.161	88.1
811.332	173.51
811.503	14.62
811.674	881.54
811.844	-410.77
812.015	-2.37
812.186	252.15
812.357	55.36
812.527	24.41
812.698	-60.61
812.869	1330.19
813.04	-56.72
813.21	1644.83
813.381	82.88
813.551	-127.61
813.722	24.22
813.893	2.33
814.063	69.23
814.234	-278.18
814.404	153.56
814.575	-55.93
814.745	-130.09
814.916	40.46
815.086	18.32
815.257	-79.37
815.427	9.2
815.598	97.67
815.768	44.98
815.938	5.17
816.109	195.55
816.279	-17.78
816.449	-24.47
816.62	-1815.79
816.79	88.52
816.96	605.66
817.13	7.15
817.301	35.03
817.471	-73.88
817.641	149.08
817.811	383.21
817.981	-5442.86
818.152	75.36
818.322	-145.54
818.492	-13.12
818.662	-3.18
818.832	77.6
819.002	103.58
819.172	216.73
819.342	483.82
819.512	80.04
819.682	-1.43
819.852	-17.3
820.022	-9.98
820.192	-313.48
820.362	-57.87
820.531	-18.57
820.701	25.36
820.871	49.83
821.041	188.69
821.211	-35.12
821.381	14.21
821.55	16.6
821.72	-104.65
821.89	106.15
822.059	-27.84
822.229	20.61
822.399	28.25
822.568	177.74
822.738	1368.29
822.908	244.79
823.077	-3.32
823.247	33.43
823.416	3300
823.586	232.62
823.756	-80.28
823.925	-72.15
824.095	6.98
824.264	-300
824.433	262.83
824.603	30.4
824.772	-48.23
824.942	-679.75
825.111	-131.16
825.28	139.75
825.45	-164.35
825.619	206.83
825.788	-313.48
825.958	-8.6
826.127	189.03
826.296	-2.93
826.465	165.88
826.635	40.79
826.804	-94.01
826.973	54.24
827.142	-44.68
827.311	94.63
827.48	53.68
827.649	-25.39
827.818	-233.86
827.988	-88.8
828.157	-17.87
828.326	-70.82
828.495	-75.64
828.664	321.01
828.833	153.71
829.002	5.59
829.17	78.52
829.339	7.54
829.508	-32.79
829.677	-97.75
829.846	-68.31
830.015	24.51
830.184	-39.79
830.352	149.51
830.521	-524.46
830.69	1514.63
830.859	335.29
831.027	142.11
831.196	88.1
831.365	19.44
831.533	79.71
831.702	-23.08
831.871	49.88
832.039	-62.1
832.208	-352.17
832.377	106.3
832.545	82.52
832.714	14.15
832.882	79.65
833.051	70.14
833.219	4328.57
833.388	132.71
833.556	67.35
833.724	-96.47
833.893	-76.35
834.061	-489.47
834.23	29.49
834.398	-59.07
834.566	276.62
834.735	1757.14
834.903	288.68
835.071	-300
835.239	-75.74
835.408	175.06
835.576	-355.81
835.744	-135.36
835.912	-14.53
836.08	44.58
836.249	447.17
836.417	-17.65
836.585	-20.85
836.753	79.29
836.921	205.95
837.089	-3557.14
837.257	-1834.88
837.425	-85.53
837.593	103.99
837.761	0.7
837.929	20.52
838.097	29.77
838.265	54.2
838.433	101.31
838.601	104.24
838.769	-239.24
838.936	535.96
839.104	26.98
839.272	31.6
839.44	69.52
839.608	139.02
839.775	57.93
839.943	-4.78
840.111	45.42
840.279	17.45
840.446	-300
840.614	276.62
840.781	-101.74
840.949	7.54
841.117	118.1
841.284	-68.24
841.452	-128.57
841.619	65.05
841.787	151.66
841.954	174.42
842.122	53.76
842.289	-7.72
842.457	-34.84
842.624	118.22
842.792	418.25
842.959	262.29
843.126	-107.32
843.294	-37.39
843.461	-176.74
843.629	-21.6
843.796	-35.64
843.963	-141.25
844.13	-100.56
844.298	-40.54
844.465	-65.6
844.632	109.94
844.799	-64.82
844.966	-182.55
845.134	16.17
845.301	33.76
845.468	33.77
845.635	1.06
845.802	62.55
845.969	102.05
846.136	65.53
846.303	-1878.95
846.47	24.37
846.637	87.69
846.804	-1626.32
846.971	-28.52
847.138	-26.64
847.305	369.03
847.472	185.11
847.639	-16.16
847.805	199.73
847.972	183.12
848.139	-124.89
848.306	-742.11
848.473	94.03
848.639	-27.73
848.806	410.4
848.973	23.52
849.14	154.26
849.306	-106.28
849.473	-133.11
849.64	180
849.806	67.46
849.973	251.35
850.139	-339.74
850.306	96.44
850.472	102.95
850.639	34.43
850.806	394.74
850.972	86.09
851.139	-1842.86
851.305	73.01
851.471	105.69
851.638	178.53
851.804	-49.25
851.971	-20.62
852.137	59.31
852.303	-34.47
852.47	11.89
852.636	-1.44
852.802	210.24
852.968	195.32
853.135	71.57
853.301	150.87
853.467	50.16
853.633	-57.42
853.8	100.65
853.966	120.3
854.132	-5957.14
854.298	59.12
854.464	239.33
854.63	56.97
854.796	53.9
854.962	123.02
855.128	27.27
855.294	73.61
855.46	-124.05
855.626	6.7
855.792	-448.26
855.958	177.67
856.124	-64.42
856.29	-149.01
856.456	-24.69
856.622	-3.83
856.787	541.56
856.953	-36.62
857.119	20.79
857.285	1.42
857.45	-147.35
857.616	134.96
857.782	-88.24
857.948	46.08
858.113	-119.8
858.279	35.03
858.445	219.69
858.61	146.51
858.776	-120.24
858.941	258.42
859.107	55.66
859.273	120.71
859.438	-34.32
859.604	-1563.16
859.769	40.16
859.935	-62.38
860.1	117.15
860.265	37.14
860.431	-179.14
860.596	728.57
860.762	-6.12
860.927	-82.44
861.092	22.79
861.258	-126.63
861.423	-26.64
861.588	66.25
861.753	-4414.29
861.919	266.04
862.084	77.95
862.249	241.02
862.414	211.95
862.579	-62.44
862.745	207.22
862.91	94.1
863.075	-182.74
863.24	211.59
863.405	25.63
863.57	63.52
863.735	79.33
863.9	-23.89
864.065	67.71
864.23	48.28
864.395	255.16
864.56	-64.35
864.725	-755.7
864.89	751.69
865.055	226.39
865.22	-1.02
865.384	50.56
865.549	-824.27
865.714	-120.14
865.879	-63.93
866.044	113.11
866.208	-20.1
866.373	-23.08
866.538	40.05
866.702	14.75
866.867	64.85
867.032	61.41
867.196	92.6
867.361	218.4
867.526	34.76
867.69	-138.9
867.855	-286.81
868.019	943.64
868.184	-43.64
868.348	56.31
868.513	-880.65
868.677	166.93
868.842	-37.1
869.006	260.91
869.17	650.94
869.335	-300
869.499	14.56
869.663	232.45
869.828	-81.38
869.992	-1918.6
870.156	-24.74
870.321	-7.92
870.485	0.67
870.649	16.62
870.813	-145.02
870.978	118.72
871.142	290.77
871.306	-140.76
871.47	435.77
871.634	200.79
871.798	65.22
871.962	-7.52
872.126	-3900
872.29	141.65
872.454	6900
872.618	-122.01
872.782	4.48
872.946	255.7
873.11	55.78
873.274	19.08
873.438	3511.76
873.602	-21.37
873.766	-66.23
873.93	-73.15
874.094	293.26
874.257	94.69
874.421	386.71
874.585	-561.82
874.749	0.43
874.912	131.65
875.076	0.74
875.24	156.39
875.403	134.13
875.567	-149.14
875.731	171.91
875.894	297.55
876.058	434.93
876.222	495.51
876.385	218.59
876.549	51.03
876.712	-540
876.876	-300
877.039	-22.01
877.203	54.1
877.366	64.2
877.529	-121.91
877.693	-47.49
877.856	94.52
878.02	8.01
878.183	-108.15
878.346	-112.99
878.51	443.36
878.673	-248.2
878.836	78.55
878.999	-1112.9
879.163	172.13
879.326	-29.92
879.489	102.18
879.652	31.47
879.815	126.71
879.978	-30.61
880.142	191.28
880.305	65.22
880.468	107.71
880.631	136.07
880.794	95.66
880.957	-621.95
881.12	2311.76
881.283	-117.04
881.446	18.1
881.609	62.59
881.772	157.33
881.935	-511.76
882.097	0.77
882.26	379.25
882.423	-76.88
882.586	27.68
882.749	46.36
882.912	163.8
883.074	113.73
883.237	204.99
883.4	94.69
883.562	95.86
883.725	-60
883.888	-385.04
884.05	3780
884.213	30.52
884.376	-1.35
884.538	-50.94
884.701	-50.94
884.863	-50.94
