181.954	-1.62
182.172	-1.62
182.39	-1.62
182.608	6800
182.826	654.95
183.043	-119.15
183.261	11.99
183.479	18.77
183.697	376.47
183.914	105.26
184.132	228.88
184.35	165.02
184.567	184.79
184.785	67.26
185.003	31.88
185.22	264.38
185.438	102.11
185.656	-164.82
185.873	153.85
186.091	80
186.309	427.59
186.526	191.86
186.744	33.87
186.961	-102.05
187.179	-7.58
187.396	3.82
187.614	264.62
187.831	3680
188.049	-193.87
188.266	14.31
188.484	-256.72
188.701	-50.49
188.919	107.19
189.136	78.8
189.354	-89.58
189.571	-183.89
189.789	23.06
190.006	61.39
190.223	131.89
190.441	52.86
190.658	800
190.876	121.03
191.093	-334.07
191.31	61.54
191.528	-29.04
191.745	11.22
191.962	27.16
192.179	17.05
192.397	-132.79
192.614	66.93
192.831	-6.38
193.049	-17.75
193.266	683.5
193.483	71.49
193.7	375.38
193.917	82.63
194.135	299.28
194.352	-33.98
194.569	28.82
194.786	214.25
195.003	-62.76
195.221	39.74
195.438	-107.42
195.655	46.23
195.872	-107.12
196.089	62.35
196.306	14.32
196.523	96.55
196.74	26.12
196.957	44.65
197.174	-107.61
197.391	64.97
197.608	79.2
197.825	-167.74
198.042	46.91
198.259	-1144.83
198.476	187.23
198.693	3680
198.91	-3.43
199.127	-167.16
199.344	-6.48
199.561	182.66
199.778	6.26
199.995	-310.45
200.212	1255.17
200.429	271.09
200.646	-521.52
200.862	341.57
201.079	-8.09
201.296	108.61
201.513	31.07
201.73	-214.02
201.947	28.78
202.163	-32.06
202.38	71.68
202.597	-53.48
202.814	149.15
203.03	-400
203.247	-104.52
203.464	31.36
203.681	332.47
203.897	-83.38
204.114	-83.02
204.331	130.42
204.547	-679.07
204.764	82.63
204.981	-964.71
205.197	197.45
205.414	-47.06
205.63	882.76
205.847	-14.07
206.064	560
206.28	-7.63
206.497	-66.5
206.713	52.1
206.93	32.1
207.146	201.2
207.363	375.38
207.579	-268.13
207.796	-60.18
208.012	195.07
208.229	-346.27
208.445	34.88
208.662	25.55
208.878	9.5
209.095	23.53
209.311	-5.97
209.528	-742.86
209.744	-219.31
209.96	196.03
210.177	147.57
210.393	65.49
210.609	-4000
210.826	4.91
211.042	111.3
211.258	531.34
211.475	-245.99
211.691	-52.22
211.907	177.22
212.124	27.77
212.34	477.71
212.556	21.55
212.772	-729.67
212.989	-201.32
213.205	56.09
213.421	-74.37
213.637	262.69
213.853	127.63
214.069	-1726.32
214.286	19.83
214.502	-238.81
214.718	77.74
214.934	126.91
215.15	205.9
215.366	50.39
215.582	7.07
215.798	84.36
216.015	73.27
216.231	255.14
216.447	46.06
216.663	34.74
216.879	-146.73
217.095	260.4
217.311	52.83
217.527	137.19
217.743	-225.24
217.959	-241.51
218.175	-16.83
218.391	14.39
218.606	-84.57
218.822	-34.78
219.038	17.11
219.254	49.68
219.47	4.96
219.686	934.83
219.902	23.64
220.118	61.54
220.334	-1.86
220.549	54.34
220.765	-60.05
220.981	-78.87
221.197	51.84
221.413	-123.08
221.628	374.68
221.844	-15.09
222.06	-50.49
222.276	-72.73
222.491	-11.21
222.707	-26.23
222.923	-238.93
223.139	13.99
223.354	-87.34
223.57	261.42
223.786	28.84
224.001	7.72
224.217	72.3
224.432	321.39
224.648	172.79
224.864	-21.2
225.079	-328.36
225.295	-3.97
225.51	248.65
225.726	-25.39
225.942	-12.54
226.157	41.58
226.373	-124.26
226.588	29.47
226.804	-2736.84
227.019	10.05
227.235	68.43
227.45	60.52
227.665	-3040
227.881	261.42
228.096	80
228.312	46.65
228.527	19.71
228.743	4.57
228.958	-39.65
229.173	-723.48
229.389	136.77
229.604	28.13
229.819	31.61
230.035	-60.78
230.25	-11.66
230.465	-124.26
230.681	-196.74
230.896	12.71
231.111	65.41
231.327	89.15
231.542	320
231.757	1.49
231.972	-86.22
232.187	-11.91
232.403	-2484.21
232.618	47.46
232.833	44.4
233.048	-1120
233.263	45.12
233.478	-368.7
233.694	-762.79
233.909	180.65
234.124	-27.79
234.339	-92.37
234.554	551.72
234.769	-15.86
234.984	-319.28
235.199	69.14
235.414	-357.52
235.629	-202.53
235.844	59.39
236.059	75.37
236.274	60.42
236.489	-31.35
236.704	36.14
236.919	-46.65
237.134	27.71
237.349	-19.94
237.564	42.66
237.779	125.59
237.994	-52.77
238.209	102.06
238.424	-31.9
238.639	60.96
238.853	45.19
239.068	42.3
239.283	136.56
239.498	116.09
239.713	30.24
239.928	67
240.142	99.52
240.357	-112.26
240.572	-156.62
240.787	74.11
241.001	-185.53
241.216	35.92
241.431	377.22
241.646	17.39
241.86	-243.95
242.075	74.42
242.29	-69.41
242.504	0.99
242.719	255.9
242.934	-220.47
243.148	48.29
243.363	34.62
243.577	260.67
243.792	8.1
244.007	4.89
244.221	316.88
244.436	-328.36
244.65	19.63
244.865	191.47
245.079	19.73
245.294	-564.03
245.508	65.03
245.723	-14.65
245.937	-83.52
246.152	-116.63
246.366	15.78
246.581	-7.16
246.795	181.6
247.01	-26.39
247.224	15.2
247.438	-48.71
247.653	81.62
247.867	56.34
248.081	50.92
248.296	419.51
248.51	17.39
248.724	35.76
248.939	-274.63
249.153	11.43
249.367	10.99
249.582	25.07
249.796	67.53
250.01	-113.91
250.224	61.39
250.439	32.68
250.653	150.76
250.867	34.31
251.081	32.23
251.295	1.24
251.51	-103.83
251.724	48.92
251.938	77.32
252.152	-137.23
252.366	-19.37
252.58	-640
252.794	61.16
253.008	211.92
253.223	-30.16
253.437	-20.06
253.651	-32.6
253.865	113.96
254.079	-161.38
254.293	16.03
254.507	-1054.55
254.721	-66.5
254.935	127.47
255.149	92.18
255.363	79.66
255.577	139.6
255.791	-9.49
256.005	-2.45
256.218	-20.39
256.432	-19.44
256.646	3.43
256.86	73.24
257.074	88.75
257.288	5360
257.502	-57.14
257.716	63.87
257.929	64.05
258.143	79.55
258.357	7.07
258.571	20.66
258.785	-9.93
258.998	22.19
259.212	157.05
259.426	73.54
259.64	126.78
259.853	6.27
260.067	119.91
260.281	239.25
260.494	-58.8
260.708	277.23
260.922	13.96
261.135	64.3
261.349	7.39
261.563	-26.99
261.776	1788.24
261.99	146.41
262.203	52.27
262.417	28.27
262.63	-74.58
262.844	44.94
263.058	145.08
263.271	21.81
263.485	115.6
263.698	72.77
263.912	54.47
264.125	-84.21
264.339	-144.88
264.552	85.8
264.765	-368.7
264.979	13.79
265.192	51.23
265.406	-21.6
265.619	170.49
265.832	36.03
266.046	46.36
266.259	51.53
266.473	180.65
266.686	155.75
266.899	-20.05
267.113	2000
267.326	-43.82
267.539	5.27
267.752	49.86
267.966	46.55
268.179	180.07
268.392	180.04
268.605	-418.9
268.819	78.56
269.032	163.03
269.245	467.69
269.458	219.93
269.671	-779.75
269.885	36.36
270.098	23.82
270.311	-172.15
270.524	47.02
270.737	-77.75
270.95	267.55
271.163	157.48
271.376	877.42
271.589	-5.06
271.802	63.68
272.016	108.14
272.229	105.86
272.442	-288.26
272.655	1.73
272.868	-94.17
273.081	-197.75
273.294	51.22
273.506	-18.37
273.719	38.42
273.932	13.18
274.145	-6880
274.358	-7.39
274.571	53.78
274.784	1162.26
274.997	22.91
275.21	-5.61
275.423	-87.95
275.635	-68.34
275.848	23.21
276.061	-18.54
276.274	72.63
276.487	17.39
276.699	-33.75
276.912	-56.27
277.125	28.94
277.338	22.42
277.55	33.49
277.763	22.17
277.976	191.58
278.189	-347.25
278.401	-33.59
278.614	176
278.827	4.26
279.039	9.01
279.252	27.79
279.464	-148.34
279.677	-12.28
279.89	34.04
280.102	4.02
280.315	682.93
280.527	-463.16
280.74	-1227.59
280.952	129.16
281.165	77.57
281.377	65.77
281.59	58.93
281.802	-92.13
282.015	-87.71
282.227	107.24
282.44	135.25
282.652	341.57
282.865	-81.52
283.077	-24.1
283.29	78.87
283.502	23.07
283.714	106.16
283.927	77.45
284.139	48.07
284.351	-40.92
284.564	-367.91
284.776	52.12
284.988	121.55
285.201	-507.46
285.413	7.12
285.625	28.11
285.838	39.69
286.05	47.88
286.262	29.52
286.474	31.42
286.686	-67.12
286.899	-23.32
287.111	-24.87
287.323	36.52
287.535	693.07
287.747	87.57
287.959	11.94
288.172	-203.64
288.384	31.79
288.596	-71.98
288.808	98.11
289.02	1139.62
289.232	121.09
289.444	-29.5
289.656	-212.38
289.868	43.2
290.08	144.79
290.292	-302.98
290.504	39.66
290.716	12.06
290.928	89.54
291.14	130.23
291.352	94.61
291.564	941.18
291.776	124.85
291.988	262.58
292.2	66.35
292.412	54.05
292.624	95.74
292.835	585.07
293.047	-62.44
293.259	47.65
293.471	-144.8
293.683	97.56
293.895	-65.85
294.106	-83.35
294.318	129.82
294.53	35.86
294.742	1668.97
294.953	-183.03
295.165	-24.21
295.377	102.43
295.589	70.75
295.8	65.71
296.012	30.97
296.224	28.13
296.435	114.63
296.647	157.93
296.858	109.35
297.07	283.08
297.282	-14.53
297.493	26.28
297.705	-36.57
297.916	1.14
298.128	51.23
298.34	-125.34
298.551	-25.92
298.763	53.56
298.974	-32.96
299.186	50.77
299.397	89.8
299.609	-903.23
299.82	-7.53
300.031	63.07
300.243	3831.58
300.454	-120.25
300.666	9.51
300.877	236.97
301.089	-139.57
301.3	10.38
301.511	19.31
301.723	-78.05
301.934	-435.82
302.145	-88.22
302.357	164.31
302.568	-179.2
302.779	33.89
302.99	-114.8
303.202	-8.87
303.413	-50.1
303.624	-119.32
303.835	256.6
304.047	-113.36
304.258	94.85
304.469	44.94
304.68	76.23
304.891	15.08
305.103	49.42
305.314	94.03
305.525	-1600
305.736	-296.06
305.947	71.18
306.158	5176.47
306.369	57.02
306.58	76.9
306.791	194.1
307.002	76.12
307.213	29.75
307.424	11.31
307.636	211.44
307.846	-61.44
308.057	322.33
308.268	6.97
308.479	43.53
308.69	6.05
308.901	158.18
309.112	186.05
309.323	-24.83
309.534	7.72
309.745	22
309.956	41.93
310.167	-18.82
310.377	130.59
310.588	22.83
310.799	76.11
311.01	-25.51
311.221	144.59
311.432	35.21
311.642	-53.89
311.853	-23.22
312.064	-234.48
312.275	135.32
312.485	111.81
312.696	32
312.907	-44.22
313.117	65.67
313.328	54.86
313.539	-22.51
313.749	-75.43
313.96	-835.16
314.171	79.79
314.381	37.4
314.592	1.34
314.802	-30.89
315.013	8.72
315.224	42.05
315.434	-589.47
315.645	5600
315.855	11.99
316.066	408.99
316.276	168.2
316.487	1034.15
316.697	21.89
316.908	-74.77
317.118	-37.46
317.329	143.96
317.539	32
317.749	284.98
317.96	-632.84
318.17	-78.62
318.381	-465.93
318.591	-360.44
318.801	48.05
319.012	-98.94
319.222	252.43
319.432	4.96
319.643	198.25
319.853	-157.85
320.063	33.73
320.273	-71.54
320.484	-57.14
320.694	-13.06
320.904	100.34
321.114	152.81
321.325	1668.97
321.535	128.91
321.745	33.65
321.955	26.21
322.165	-80.97
322.375	70.46
322.585	218.4
322.796	-1682.76
323.006	86.76
323.216	76.96
323.426	-0.99
323.636	266.03
323.846	800
324.056	69.38
324.266	74.97
324.476	26.28
324.686	391.35
324.896	4.33
325.106	890.57
325.316	24.09
325.526	-2357.89
325.736	-8.13
325.946	7.05
326.156	628.57
326.366	-587.83
326.576	-24.33
326.785	-188.94
326.995	-12.46
327.205	52.26
327.415	206.1
327.625	-23.36
327.835	26.49
328.044	64.32
328.254	601.74
328.464	70.67
328.674	100.22
328.884	-141.01
329.093	87.7
329.303	52.32
329.513	39.75
329.722	-2042.11
329.932	27.19
330.142	20.91
330.351	40.48
330.561	647.27
330.771	-121.03
330.98	-167.85
331.19	227.69
331.4	-175.27
331.609	58.6
331.819	1414.63
332.028	52.57
332.238	-21.69
332.447	11.22
332.657	59.57
332.866	-67.75
333.076	5.79
333.285	-28.66
333.495	606.45
333.704	121.97
333.914	2.15
334.123	-20.48
334.333	153.85
334.542	80.65
334.752	1132.31
334.961	-218.87
335.17	-32.16
335.38	2.18
335.589	33.09
335.798	87.89
336.008	364.84
336.217	156.6
336.426	68.18
336.636	85.11
336.845	-132.96
337.054	176.62
337.263	-36.24
337.473	49.78
337.682	123.78
337.891	26.62
338.1	-218.71
338.309	-92.53
338.519	72.89
338.728	-7.89
338.937	-617.32
339.146	57.55
339.355	369.81
339.564	989.47
339.773	-134.67
339.983	-46.46
340.192	-306.09
340.401	61.04
340.61	51.47
340.819	14.31
341.028	48.52
341.237	2635.29
341.446	44.11
341.655	55.58
341.864	83.41
342.073	8.87
342.282	36.63
342.491	58.5
342.699	-62.14
342.908	-57.14
343.117	-39.05
343.326	37.25
343.535	-858.18
343.744	-23.42
343.953	100.57
344.162	-6.09
344.37	-9.21
344.579	-435.82
344.788	-53.2
344.997	99.76
345.206	127.69
345.414	95.7
345.623	250.92
345.832	-130.21
346.041	355.33
346.249	98.15
346.458	63.33
346.667	106.97
346.875	6.84
347.084	57.64
347.293	87.26
347.501	-75.83
347.71	-10.69
347.918	-253.87
348.127	-17.58
348.336	-145.7
348.544	124.85
348.753	352.24
348.961	-7.16
349.17	21.62
349.378	75.06
349.587	-120.1
349.795	-481.55
350.004	412.31
350.212	32.61
350.421	375.22
350.629	60.42
350.838	74.97
351.046	84.79
351.254	29.06
351.463	-97.71
351.671	-1663.16
351.879	59.76
352.088	81.83
352.296	247.79
352.504	1.57
352.713	-186.23
352.921	-125.98
353.129	-89.53
353.338	184.26
353.546	-25.51
353.754	-76.07
353.962	-116.61
354.171	-33.64
354.379	-905.26
354.587	-0.47
354.795	6.51
355.003	-8.24
355.212	60.42
355.42	-490.57
355.628	117.59
355.836	-1.36
356.044	61.19
356.252	5.12
356.46	-11.82
356.668	227.69
356.876	63.96
357.084	32.37
357.292	1.27
357.5	-103.76
357.708	42.54
357.916	132.97
358.124	-22.16
358.332	-1080.6
358.54	-116.36
358.748	-306.49
358.956	-6.05
359.164	10.42
359.372	89.09
359.58	-141.01
359.788	67.05
359.996	103.32
360.203	-68.23
360.411	11.79
360.619	-369.85
360.827	51.57
361.035	-90.8
361.242	53.96
361.45	131.65
361.658	123.22
361.866	-83.74
362.073	45.23
362.281	69.73
362.489	-9.81
362.697	-22.78
362.904	67.67
363.112	29.67
363.32	6.6
363.527	-212.17
363.735	-108.11
363.943	10.17
364.15	168.2
364.358	-41.68
364.565	-70.84
364.773	25.65
364.98	-43.82
365.188	58.75
365.395	124.07
365.603	149.15
365.81	10.14
366.018	30.37
366.225	95.14
366.433	-114.14
366.64	2.8
366.848	69.68
367.055	85.27
367.263	130.42
367.47	75.65
367.677	389.87
367.885	4.43
368.092	-13.95
368.299	-72.11
368.507	45.81
368.714	576.99
368.921	148.03
369.129	100.14
369.336	119.18
369.543	69.11
369.751	-13.32
369.958	25.11
370.165	81.44
370.372	33.7
370.579	97.19
370.787	73.09
370.994	268.85
371.201	51.23
371.408	61.54
371.615	-13.69
371.822	29.16
372.029	92.2
372.237	-242.29
372.444	47.57
372.651	-2.58
372.858	11.73
373.065	24.73
373.272	69.57
373.479	468.97
373.686	-53.08
373.893	100.97
374.1	111
374.307	14.39
374.514	173.28
374.721	-15.29
374.928	145.45
375.135	30.19
375.341	5840
375.548	-17.82
375.755	-148.1
375.962	8.14
376.169	-88.06
376.376	-74.49
376.583	4.43
376.789	91.11
376.996	-24.27
377.203	-24.85
377.41	-28.91
377.617	2.8
377.823	-258.82
378.03	-1406.45
378.237	-0.82
378.443	-249.14
378.65	7.55
378.857	-5.9
379.063	162.03
379.27	27.83
379.477	126.43
379.683	54.5
379.89	30.12
380.097	-61.84
380.303	39.35
380.51	58.02
380.716	28.92
380.923	-69.29
381.129	66.57
381.336	157.48
381.542	75.26
381.749	-59.07
381.955	31.22
382.162	157.92
382.368	-0.86
382.575	58.14
382.781	1172.41
382.988	-14.53
383.194	-62.97
383.4	-12.1
383.607	34.71
383.813	47.23
384.02	-36.73
384.226	-174.29
384.432	-77.51
384.639	87.42
384.845	-126.58
385.051	87.26
385.257	8.51
385.464	-24.38
385.67	92.39
385.876	63.93
386.082	-172.2
386.289	76.03
386.495	0.97
386.701	-169.38
386.907	23.53
387.113	16.74
387.319	58.87
387.526	-16.94
387.732	-116.54
387.938	204.8
388.144	153.04
388.35	18.02
388.556	22.39
388.762	-1.89
388.968	-65.12
389.174	49.06
389.38	92.44
389.586	-20.97
389.792	12.21
389.998	-203.02
390.204	-15.16
390.41	40.04
390.616	-18.69
390.822	17.2
391.028	2.07
391.234	7.44
391.439	-190.29
391.645	24.77
391.851	72.19
392.057	-23.71
392.263	6.78
392.469	5.85
392.674	-16.93
392.88	27.98
393.086	-0.48
393.292	12.43
393.498	-194.01
393.703	7.62
393.909	25.02
394.115	14.79
394.32	-15.52
394.526	26.13
394.732	70.96
394.937	48.12
395.143	-59.92
395.349	-37.15
395.554	-466.33
395.76	2
395.965	2.5
396.171	-29.48
396.377	-57.14
396.582	68.23
396.788	-28.86
396.993	19.93
397.199	-8.01
397.404	17.63
397.61	-41.05
397.815	-78.27
398.021	-7.04
398.226	22.19
398.431	-6.38
398.637	42.84
398.842	9.68
399.048	21.07
399.253	27.11
399.458	10.47
399.664	-19.84
399.869	-16.44
400.074	18.19
400.28	34.69
400.485	-36.95
400.69	8.24
400.896	-21.77
401.101	22.76
401.306	19.21
401.511	8.07
401.716	-8.74
401.922	15.2
402.127	-17
402.332	-27.27
402.537	41.11
402.742	12.26
402.947	46.45
403.153	12.17
403.358	20.7
403.563	37.91
403.768	10.22
403.973	8.14
404.178	1.25
404.383	2.94
404.588	5.78
404.793	19.81
404.998	10.14
405.203	-10.78
405.408	13.99
405.613	-1.45
405.818	8.91
406.023	12.81
406.228	-7.3
406.433	-9.74
406.638	-0.38
406.842	-3.1
407.047	-1.33
407.252	3.62
407.457	8.4
407.662	4.71
407.867	-2.18
408.071	12.71
408.276	-5.77
408.481	10.83
408.686	-3.54
408.891	11.12
409.095	1.67
409.3	6.96
409.505	10.9
409.709	5.99
409.914	9.73
410.119	7.36
410.323	7.66
410.528	-6.89
410.733	4.77
410.937	2.8
411.142	4.04
411.346	4.02
411.551	0.08
411.756	8.67
411.96	5.9
412.165	0.44
412.369	4.3
412.574	2.8
412.778	5.65
412.983	1.86
413.187	5.55
413.392	0.06
413.596	5.62
413.8	6.17
414.005	11.87
414.209	2.79
414.414	0.66
414.618	1.93
414.822	1.89
415.027	3.28
415.231	5.3
415.435	4.53
415.64	3.38
415.844	2.1
416.048	4.15
416.252	6.53
416.457	2.12
416.661	3.04
416.865	2.92
417.069	2.31
417.274	2.91
417.478	3.44
417.682	1.96
417.886	1.72
418.09	2.59
418.294	4.62
418.498	4.01
418.702	3.48
418.907	3.37
419.111	2.49
419.315	2.4
419.519	4.25
419.723	1.96
419.927	3.75
420.131	4.94
420.335	3.96
420.539	1.12
420.743	4.66
420.947	2.04
421.151	4.05
421.355	3.07
421.558	2.69
421.762	2.93
421.966	2.74
422.17	2.88
422.374	2.86
422.578	2.94
422.782	4.08
422.985	2.26
423.189	2.39
423.393	2.57
423.597	1.86
423.801	2.16
424.004	2.55
424.208	2.82
424.412	2.29
424.615	3.39
424.819	3.28
425.023	3.25
425.226	2.87
425.43	3.14
425.634	2.63
425.837	2.49
426.041	3.55
426.245	2.67
426.448	2.66
426.652	2.6
426.855	1.62
427.059	3.41
427.262	2.9
427.466	2.55
427.669	3.25
427.873	2.59
428.076	2.63
428.28	2.36
428.483	2.5
428.687	2.86
428.89	2.91
429.094	2.37
429.297	2.88
429.5	2.98
429.704	3.13
429.907	3.02
430.11	2.89
430.314	3.1
430.517	3.32
430.72	2.37
430.924	2.99
431.127	2.31
431.33	2.67
431.533	2.31
431.737	2.52
431.94	2.33
432.143	3.23
432.346	2.45
432.549	2.28
432.752	2.03
432.956	2.66
433.159	1.88
433.362	2.6
433.565	2.68
433.768	2.91
433.971	2.47
434.174	2.41
434.377	2.62
434.58	2.6
434.783	2.19
434.986	2.72
435.189	3.25
435.392	2.49
435.595	2.75
435.798	2.31
436.001	2.79
436.204	2.47
436.407	2.41
436.61	2.24
436.813	2.86
437.016	2.41
437.219	2.35
437.421	2.47
437.624	2.99
437.827	2.24
438.03	2.56
438.233	1.94
438.435	2.65
438.638	2.43
438.841	2.81
439.044	2.48
439.246	2.49
439.449	1.87
439.652	2.71
439.854	2.63
440.057	2.81
440.26	2.67
440.462	2.68
440.665	1.94
440.868	2.58
441.07	2.56
441.273	2.91
441.475	2.28
441.678	2.35
441.88	2.78
442.083	2.02
442.286	2.12
442.488	2.17
442.69	2.64
442.893	2.27
443.095	2.28
443.298	2.22
443.5	2.59
443.703	2.49
443.905	2.51
444.108	2.46
444.31	2.49
444.512	2.17
444.715	2.44
444.917	2.53
445.119	2.4
445.322	2.21
445.524	2.62
445.726	2.34
445.928	2.22
446.131	2.46
446.333	2.08
446.535	2.49
446.737	2.69
446.94	2.92
447.142	2.87
447.344	2.3
447.546	2.41
447.748	2.48
447.95	2.69
448.152	2.29
448.354	2.57
448.557	2.97
448.759	2.68
448.961	2.35
449.163	2.6
449.365	2.78
449.567	2.62
449.769	2.45
449.971	2.78
450.173	2.59
450.375	2.62
450.577	2.87
450.779	2.5
450.981	2.44
451.182	2.08
451.384	2.48
451.586	3.13
451.788	2.61
451.99	2.74
452.192	2.21
452.394	2.86
452.595	2.98
452.797	2.49
452.999	2.89
453.201	2.57
453.402	2.65
453.604	2.72
453.806	3.06
454.008	2.64
454.209	2.51
454.411	2.79
454.613	2.5
454.814	2.57
455.016	2.55
455.218	2.49
455.419	3
455.621	2.61
455.822	2.85
456.024	2.79
456.225	3.41
456.427	3.23
456.629	2.46
456.83	3.02
457.032	2.89
457.233	2.95
457.435	2.67
457.636	2.96
457.837	2.81
458.039	2.38
458.24	2.47
458.442	3.03
458.643	2.43
458.844	3.34
459.046	2.69
459.247	3.41
459.448	2.94
459.65	2.72
459.851	3.55
460.052	3.01
460.254	3.6
460.455	3.47
460.656	3.11
460.857	2.41
461.059	2.43
461.26	2.86
461.461	2.83
461.662	3.26
461.863	3.35
462.065	3.43
462.266	2.11
462.467	2.17
462.668	2.6
462.869	3.01
463.07	3.76
463.271	3.42
463.472	1.68
463.673	2.93
463.874	2.86
464.075	2.16
464.276	2.79
464.477	3.49
464.678	3
464.879	3.03
465.08	3.29
465.281	3.45
465.482	2.28
465.683	2.81
465.884	3.24
466.085	2.68
466.285	3.27
466.486	3.81
466.687	2.67
466.888	2.52
467.089	3.3
467.29	3.36
467.49	2.74
467.691	3.29
467.892	2.78
468.093	3
468.293	2.26
468.494	4.02
468.695	3.08
468.895	3.3
469.096	2.54
469.297	2.91
469.497	3.45
469.698	4.24
469.898	3.32
470.099	3.42
470.3	3.43
470.5	3.43
470.701	4.28
470.901	4.01
471.102	3.84
471.302	2.8
471.503	2.83
471.703	4.73
471.904	3.05
472.104	2.59
472.305	2.17
472.505	3.65
472.705	2.74
472.906	2.84
473.106	3.31
473.306	2.3
473.507	3.58
473.707	4.45
473.907	3.88
474.108	2.13
474.308	3.5
474.508	3.45
474.709	2.99
474.909	3.16
475.109	1.21
475.309	2.95
475.51	1.17
475.71	4.41
475.91	3.18
476.11	2.9
476.31	1.87
476.51	3.64
476.71	2.33
476.911	3.6
477.111	2.5
477.311	2.27
477.511	2.63
477.711	3.08
477.911	1.85
478.111	4.87
478.311	3.2
478.511	3.54
478.711	3
478.911	2.59
479.111	3.43
479.311	3.35
479.511	3.45
479.711	3.92
479.91	1.52
480.11	3.89
480.31	3.48
480.51	4.61
480.71	3.3
480.91	3.02
481.109	2.89
481.309	4.34
481.509	2.89
481.709	5.29
481.909	3.57
482.108	1.85
482.308	3.38
482.508	4.39
482.707	5.41
482.907	3.19
483.107	3.21
483.306	4.44
483.506	3.75
483.706	2.58
483.905	4.05
484.105	3.69
484.304	2.5
484.504	2.42
484.704	3.68
484.903	2.43
485.103	3.5
485.302	1.84
485.502	3.49
485.701	4.13
485.901	4.01
486.1	3.63
486.299	3.45
486.499	3.56
486.698	3.14
486.898	3.79
487.097	3.61
487.296	1.89
487.496	2.8
487.695	1.96
487.894	3.31
488.094	3.04
488.293	3.41
488.492	3.57
488.692	1.68
488.891	2.92
489.09	2.66
489.289	1.63
489.489	2.43
489.688	2.53
489.887	2.35
490.086	2.54
490.285	3.07
490.484	3.27
490.683	2.96
490.883	4.12
491.082	3.57
491.281	3.38
491.48	2.76
491.679	3.51
491.878	3.31
492.077	2.88
492.276	3.22
492.475	3.56
492.674	2.47
492.873	3.62
493.072	2.25
493.271	4.28
493.47	2.11
493.669	1.8
493.867	3.09
494.066	3.78
494.265	4.03
494.464	3.92
494.663	3.19
494.862	2.31
495.06	3.18
495.259	1.42
495.458	2.61
495.657	3.05
495.856	2.18
496.054	3.88
496.253	3.67
496.452	2.9
496.65	2.37
496.849	3.04
497.048	2.74
497.246	2.42
497.445	2.43
497.644	2.73
497.842	3.33
498.041	3.38
498.239	3.3
498.438	3.54
498.636	3.6
498.835	3.58
499.034	2.06
499.232	2.77
499.431	2.11
499.629	2.9
499.827	3.12
500.026	3.43
500.224	3.96
500.423	1.95
500.621	2.64
500.82	3.52
501.018	3.82
501.216	3.05
501.415	3.47
501.613	2.09
501.811	2.91
502.01	3.65
502.208	3.31
502.406	4.11
502.604	4.32
502.803	2.99
503.001	4.25
503.199	3.22
503.397	3.21
503.595	3
503.794	2.57
503.992	3.1
504.19	3.03
504.388	3.96
504.586	3.24
504.784	2.75
504.982	3.18
505.18	3.12
505.378	3.59
505.576	2.91
505.774	3.47
505.972	2.97
506.17	3.59
506.368	3.27
506.566	3.3
506.764	3.61
506.962	4.09
507.16	3.65
507.358	3.62
507.556	3.12
507.754	4.38
507.952	3.77
508.15	3.25
508.347	3.74
508.545	3.36
508.743	3.29
508.941	2.98
509.139	4.11
509.336	3.6
509.534	3.46
509.732	3.75
509.93	3.46
510.127	3.9
510.325	3.14
510.523	3.89
510.72	3.34
510.918	3.46
511.116	3.87
511.313	2.97
511.511	3.13
511.708	3.08
511.906	3.96
512.104	3.96
512.301	3.54
512.499	3.69
512.696	3.16
512.894	3.17
513.091	3.34
513.289	3.2
513.486	3.53
513.683	3.07
513.881	4.05
514.078	4.01
514.276	3.98
514.473	3.35
514.67	4.39
514.868	3.67
515.065	3.94
515.262	4.19
515.46	3.65
515.657	3.53
515.854	3.64
516.052	3.7
516.249	3.72
516.446	4.2
516.643	3.58
516.84	3.58
517.038	3.93
517.235	3.73
517.432	4.05
517.629	3.8
517.826	3.51
518.023	3.9
518.221	3.45
518.418	4.08
518.615	4.19
518.812	4.01
519.009	4.31
519.206	3.96
519.403	3.63
519.6	3.71
519.797	3.65
519.994	3.66
520.191	3.77
520.388	4.35
520.585	3.87
520.782	3.98
520.978	3.78
521.175	3.81
521.372	3.72
521.569	3.42
521.766	3.37
521.963	3.75
522.159	3.87
522.356	3.8
522.553	4.14
522.75	4.11
522.947	3.81
523.143	4.12
523.34	4.3
523.537	3.82
523.733	4.4
523.93	4.14
524.127	3.68
524.323	4.12
524.52	4.17
524.717	4.13
524.913	4.29
525.11	3.47
525.306	4.35
525.503	3.84
525.7	4.12
525.896	3.84
526.093	4.08
526.289	4.11
526.486	3.86
526.682	3.98
526.878	4.08
527.075	4.15
527.271	4.39
527.468	4.21
527.664	4.47
527.861	4.16
528.057	4.14
528.253	4.73
528.45	4.02
528.646	4.08
528.842	4.14
529.039	3.98
529.235	4.82
529.431	4.53
529.627	4.01
529.824	4.55
530.02	4.17
530.216	4.09
530.412	4.36
530.608	4.19
530.804	4.43
531.001	4.66
531.197	4.5
531.393	3.92
531.589	4.17
531.785	4.22
531.981	4.23
532.177	4.44
532.373	4.83
532.569	4.3
532.765	4.31
532.961	3.93
533.157	4.13
533.353	4.45
533.549	4.07
533.745	4.51
533.941	4.01
534.137	4.25
534.333	4.04
534.529	4.17
534.725	4.53
534.92	4.26
535.116	4.39
535.312	4.33
535.508	4.61
535.704	4.41
535.899	4.53
536.095	4.37
536.291	4.46
536.487	4.52
536.682	4.4
536.878	4.46
537.074	4.25
537.269	4.52
537.465	4.51
537.661	4.67
537.856	4.53
538.052	4.5
538.248	4.72
538.443	4.87
538.639	4.59
538.834	4.4
539.03	4.51
539.225	4.72
539.421	4.59
539.616	4.98
539.812	4.53
540.007	4.85
540.203	4.54
540.398	4.31
540.593	4.82
540.789	4.61
540.984	4.43
541.18	4.45
541.375	4.59
541.57	5.05
541.766	5.06
541.961	4.56
542.156	4.8
542.352	4.55
542.547	4.61
542.742	4.78
542.937	5.18
543.133	5.1
543.328	4.88
543.523	4.81
543.718	4.42
543.913	5.23
544.108	4.51
544.304	5.14
544.499	4.98
544.694	4.33
544.889	4.66
545.084	5.11
545.279	5.03
545.474	4.67
545.669	4.92
545.864	4.61
546.059	4.51
546.254	4.4
546.449	4.94
546.644	4.28
546.839	4.93
547.034	4.75
547.229	4.67
547.424	5.09
547.618	5.08
547.813	4.9
548.008	4.92
548.203	4.93
548.398	4.73
548.593	5
548.787	5.05
548.982	4.76
549.177	4.64
549.372	5.1
549.566	4.94
549.761	4.78
549.956	4.66
550.15	4.94
550.345	4.95
550.54	5.3
550.734	5.12
550.929	5.06
551.124	4.91
551.318	4.92
551.513	4.86
551.707	5.32
551.902	5.03
552.096	5.34
552.291	5.41
552.485	5.44
552.68	5.4
552.874	5.29
553.069	5.55
553.263	5.28
553.458	5.07
553.652	5.16
553.847	5.14
554.041	5.53
554.235	5.27
554.43	5.23
554.624	5.28
554.818	5.17
555.013	5.42
555.207	5.39
555.401	5.33
555.595	5.08
555.79	5.21
555.984	5.23
556.178	5.28
556.372	5.37
556.566	5.43
556.761	5.53
556.955	5.31
557.149	5.51
557.343	5.61
557.537	5.72
557.731	5.35
557.925	5.41
558.119	5.53
558.313	5.54
558.507	5.2
558.701	5.52
558.895	6.05
559.089	5.45
559.283	5.6
559.477	5.87
559.671	5.72
559.865	5.63
560.059	5.85
560.253	5.59
560.447	5.87
560.641	5.75
560.835	5.96
561.028	5.9
561.222	6.13
561.416	5.92
561.61	5.3
561.804	5.5
561.997	5.8
562.191	5.62
562.385	5.8
562.579	5.69
562.772	6.07
562.966	5.51
563.16	5.68
563.353	5.61
563.547	5.81
563.741	5.98
563.934	5.81
564.128	5.82
564.321	5.44
564.515	5.93
564.708	5.78
564.902	5.96
565.095	5.62
565.289	6.26
565.482	5.83
565.676	5.85
565.869	6.17
566.063	5.86
566.256	6.18
566.45	5.95
566.643	5.99
566.836	5.87
567.03	6.06
567.223	6.12
567.416	6.42
567.61	6.24
567.803	6.26
567.996	6.1
568.19	5.87
568.383	5.9
568.576	6.18
568.769	6.2
568.963	6.1
569.156	6.41
569.349	6.32
569.542	6.49
569.735	6.25
569.928	6.17
570.121	6.18
570.315	6.31
570.508	6.18
570.701	6.45
570.894	6.58
571.087	6.14
571.28	6.84
571.473	6.4
571.666	6.41
571.859	6.83
572.052	6.25
572.245	6.54
572.438	6.32
572.631	6.49
572.824	6.32
573.016	6.61
573.209	6.41
573.402	6.37
573.595	6.53
573.788	6.68
573.981	6.33
574.173	6.68
574.366	6.51
574.559	6.76
574.752	6.61
574.944	6.28
575.137	6.58
575.33	6.43
575.523	7.04
575.715	6.42
575.908	6.61
576.101	6.87
576.293	6.87
576.486	6.79
576.678	6.79
576.871	6.69
577.063	6.81
577.256	6.66
577.449	6.78
577.641	6.66
577.834	6.63
578.026	6.56
578.219	6.48
578.411	6.75
578.603	7.2
578.796	6.58
578.988	6.71
579.181	6.86
579.373	6.82
579.565	6.71
579.758	7.34
579.95	6.98
580.142	6.64
580.335	7.11
580.527	6.92
580.719	6.65
580.912	6.54
581.104	7.19
581.296	7.11
581.488	6.81
581.68	7.04
581.873	6.92
582.065	6.9
582.257	6.94
582.449	7.03
582.641	6.85
582.833	7.03
583.025	6.83
583.217	7.16
583.41	7.4
583.602	7.02
583.794	6.83
583.986	7.17
584.178	7.17
584.37	7.23
584.562	6.83
584.753	7.18
584.945	7.07
585.137	6.94
585.329	7
585.521	7.27
585.713	7.14
585.905	7.51
586.097	7.26
586.289	7.39
586.48	7.52
586.672	7.26
586.864	7.14
587.056	7.46
587.247	6.99
587.439	6.94
587.631	7.33
587.823	7.38
588.014	7.54
588.206	7.52
588.398	7.69
588.589	7.54
588.781	7.22
588.972	7.46
589.164	7.42
589.356	7.64
589.547	7.84
589.739	7.19
589.93	7.73
590.122	7.11
590.313	7.12
590.505	7.64
590.696	7.23
590.888	7.18
591.079	7.86
591.271	7.49
591.462	7.62
591.653	7.8
591.845	7.46
592.036	7.74
592.227	7.57
592.419	7.27
592.61	7.65
592.801	7.58
592.993	7.53
593.184	8.01
593.375	7.38
593.566	8.13
593.758	7.73
593.949	7.88
594.14	7.53
594.331	7.51
594.522	8.04
594.713	7.44
594.905	7.66
595.096	7.97
595.287	7.66
595.478	8.11
595.669	7.85
595.86	7.83
596.051	7.72
596.242	8.26
596.433	8.32
596.624	7.84
596.815	8.3
597.006	8.09
597.197	8.05
597.388	8.01
597.579	8.18
597.77	8.15
597.96	8.24
598.151	8.06
598.342	8.25
598.533	8.39
598.724	8.36
598.915	8.41
599.105	8.19
599.296	8.3
599.487	7.93
599.678	8.36
599.868	8.52
600.059	8.15
600.25	9.04
600.44	8.72
600.631	8.63
600.822	8.39
601.012	8.23
601.203	8.74
601.394	7.99
601.584	8.88
601.775	8.48
601.965	8.76
602.156	8.46
602.346	8.97
602.537	8.31
602.727	8.74
602.918	8.62
603.108	8.71
603.299	8.24
603.489	9.01
603.679	9.04
603.87	9.03
604.06	9
604.251	9.16
604.441	8.53
604.631	8.97
604.822	8.68
605.012	8.92
605.202	9.52
605.392	8.84
605.583	8.48
605.773	9.27
605.963	9.02
606.153	8.35
606.344	9.11
606.534	9.27
606.724	9.01
606.914	9.5
607.104	8.78
607.294	8.97
607.484	9.14
607.674	9.19
607.864	9.26
608.054	8.99
608.245	8.83
608.435	9.26
608.625	9
608.814	8.9
609.004	9
609.194	9.25
609.384	9.07
609.574	9.48
609.764	9.28
609.954	9.49
610.144	8.95
610.334	9.29
610.524	9.68
610.713	9.16
610.903	9.51
611.093	9.18
611.283	9.31
611.473	8.99
611.662	9.12
611.852	8.85
612.042	9.32
612.231	9.08
612.421	9.61
612.611	9.03
612.8	9.82
612.99	9.45
613.18	9.39
613.369	9.91
613.559	10.05
613.748	9.18
613.938	10.05
614.128	8.93
614.317	9.51
614.507	9.81
614.696	9.63
614.886	10.05
615.075	9.79
615.264	10.1
615.454	9.68
615.643	10.32
615.833	10.17
616.022	9.88
616.211	10.22
616.401	9.79
616.59	10.33
616.779	10.28
616.969	9.54
617.158	10.35
617.347	10
617.537	9.93
617.726	9.66
617.915	9.61
618.104	9.82
618.293	10.74
618.483	9.69
618.672	9.85
618.861	10.11
619.05	10.03
619.239	10.39
619.428	10.32
619.617	10.82
619.806	10.38
619.995	9.81
620.184	10.09
620.373	9.67
620.562	10.16
620.751	9.68
620.94	10.07
621.129	10.3
621.318	10.09
621.507	10.31
621.696	10.3
621.885	9.73
622.074	10.02
622.263	10.37
622.452	10.41
622.64	10.63
622.829	10.2
623.018	11.08
623.207	10.63
623.396	10.82
623.584	10.28
623.773	11.08
623.962	10.68
624.15	11.29
624.339	10.69
624.528	11.01
624.716	10.38
624.905	10.26
625.094	10.81
625.282	10.93
625.471	11.01
625.659	10.35
625.848	10.3
626.037	10.92
626.225	10.66
626.414	10.77
626.602	11.65
626.791	10.76
626.979	11
627.167	10.99
627.356	11.01
627.544	10.61
627.733	11.1
627.921	10.42
628.109	10.42
628.298	10.07
628.486	10.39
628.674	11.54
628.863	11.09
629.051	11.66
629.239	11.75
629.428	10.87
629.616	11.2
629.804	11.59
629.992	10.76
630.18	10.92
630.369	11.19
630.557	11.7
630.745	11.01
630.933	11.86
631.121	11.47
631.309	11.58
631.497	10.73
631.685	11.02
631.873	10.73
632.061	11.21
632.249	11.55
632.437	12
632.625	12
632.813	11.52
633.001	12
633.189	11.44
633.377	12.07
633.565	10.69
633.753	10.76
633.941	11.45
634.129	11.51
634.316	11.24
634.504	12.77
634.692	12.1
634.88	11.79
635.068	10.74
635.255	10.89
635.443	12.26
635.631	11.88
635.818	12.78
636.006	11.99
636.194	11.62
636.382	10.78
636.569	11.93
636.757	11.75
636.944	11.79
637.132	12.09
637.32	12.18
637.507	12.04
637.695	10.93
637.882	12.01
638.07	13.09
638.257	11.65
638.445	11.5
638.632	12.06
638.82	10.71
639.007	11.3
639.194	11.92
639.382	11.67
639.569	10.86
639.757	12.89
639.944	11.73
640.131	11.27
640.319	11.93
640.506	11.88
640.693	11.97
640.88	12.13
641.068	12.07
641.255	12.5
641.442	11.45
641.629	11.32
641.817	13.15
642.004	10.97
642.191	12.22
642.378	12.13
642.565	12.49
642.752	12.17
642.939	11
643.126	11.67
643.313	12.72
643.501	12.34
643.688	12.61
643.875	12.5
644.062	12.04
644.249	11.72
644.435	11.65
644.622	12.27
644.809	12.01
644.996	10.93
645.183	10.88
645.37	12.94
645.557	12.49
645.744	11.74
645.931	11.9
646.117	11.87
646.304	11.58
646.491	11.52
646.678	12.81
646.865	12.79
647.051	12.2
647.238	11.98
647.425	12.56
647.611	12.71
647.798	11.86
647.985	12.56
648.171	12.98
648.358	11.61
648.545	12.13
648.731	11.69
648.918	12.03
649.104	13.27
649.291	13.28
649.477	12.35
649.664	12.67
649.85	13.03
650.037	12.51
650.223	12.3
650.41	13.48
650.596	12.33
650.783	13.32
650.969	12.74
651.155	13.06
651.342	11.79
651.528	12.05
651.714	12.49
651.901	12.66
652.087	12.68
652.273	11.56
652.46	13.67
652.646	12.53
652.832	12.9
653.018	11.68
653.204	13.51
653.391	13.14
653.577	12.84
653.763	12.18
653.949	12.94
654.135	12.95
654.321	13.45
654.507	12.82
654.693	12.87
654.879	13.2
655.065	12.73
655.252	11.26
655.438	12.98
655.624	14.41
655.809	12.57
655.995	12.55
656.181	14.45
656.367	12.92
656.553	15.07
656.739	14.07
656.925	14.41
657.111	13.33
657.297	14.46
657.482	11.86
657.668	12.88
657.854	13.43
658.04	12.73
658.226	12.14
658.411	12.71
658.597	14.02
658.783	14.8
658.968	13.31
659.154	11.7
659.34	12.85
659.525	13.2
659.711	13.14
659.897	13.72
660.082	13.51
660.268	11.32
660.453	13.38
660.639	13.16
660.824	14.3
661.01	14.32
661.195	11.76
661.381	12.8
661.566	13.83
661.752	13.4
661.937	12.6
662.123	11.22
662.308	12.57
662.494	13.56
662.679	12.01
662.864	12.54
663.05	12.51
663.235	14.01
663.42	12.9
663.605	12.24
663.791	13.09
663.976	12.98
664.161	15.69
664.346	13.09
664.532	13.17
664.717	12.02
664.902	14.86
665.087	16.11
665.272	13.61
665.457	13.19
665.642	13.59
665.828	13.83
666.013	13.36
666.198	11.59
666.383	13.08
666.568	12.38
666.753	14.48
666.938	14.82
667.123	13.53
667.308	13
667.493	12.41
667.677	13.41
667.862	13.84
668.047	12.25
668.232	14.55
668.417	14.15
668.602	14.03
668.787	15.05
668.971	12.99
669.156	13.25
669.341	14.41
669.526	15.59
669.711	16.54
669.895	14.47
670.08	13.08
670.265	14.74
670.449	14.41
670.634	12.61
670.819	13.11
671.003	14.37
671.188	14
671.372	15.63
671.557	15.77
671.742	15.01
671.926	13.08
672.111	12.92
672.295	12.11
672.48	14.8
672.664	11.86
672.849	12.89
673.033	16.19
673.217	12.52
673.402	12.21
673.586	10.9
673.771	13.57
673.955	16.59
674.139	15.27
674.324	12.71
674.508	13.14
674.692	12.77
674.876	13.33
675.061	14.83
675.245	16.4
675.429	13.42
675.613	13.17
675.798	16.18
675.982	14.34
676.166	15.24
676.35	12.76
676.534	16.28
676.718	16.06
676.902	16.76
677.087	13.2
677.271	14.99
677.455	15.08
677.639	13.5
677.823	15.68
678.007	17.04
678.191	15.26
678.375	14.87
678.559	15.73
678.742	16.48
678.926	13.86
679.11	19.95
679.294	15.27
679.478	15.91
679.662	13.06
679.846	16.41
680.029	14.01
680.213	16.42
680.397	15.51
680.581	13.88
680.765	15.52
680.948	12.93
681.132	15.53
681.316	14.11
681.499	17.67
681.683	15.15
681.867	14.02
682.05	20.25
682.234	14.97
682.417	17.39
682.601	20.35
682.785	13.39
682.968	17.25
683.152	17.73
683.335	14.63
683.519	16.07
683.702	15.91
683.886	15.73
684.069	18.14
684.253	19.26
684.436	16.91
684.619	15.3
684.803	15.08
684.986	19.06
685.169	18.55
685.353	20.6
685.536	18.19
685.719	18.36
685.903	17.61
686.086	14.78
686.269	17.17
686.452	15.18
686.636	19.53
686.819	19.9
687.002	20.99
687.185	20.87
687.368	19.63
687.551	17.27
687.734	19.31
687.918	20.43
688.101	17.8
688.284	16.31
688.467	21.6
688.65	21.27
688.833	23.41
689.016	16.83
689.199	18.78
689.382	20.72
689.565	21.5
689.748	18.03
689.93	16.98
690.113	23.73
690.296	20.04
690.479	19.63
690.662	18.06
690.845	18.83
691.028	15.44
691.21	20.17
691.393	21.94
691.576	21.96
691.759	16.4
691.941	22.09
692.124	19.73
692.307	16.99
692.489	20.28
692.672	16.14
692.855	20.72
693.037	25.07
693.22	18.21
693.403	19.47
693.585	20.98
693.768	25.83
693.95	19.06
694.133	22.72
694.315	23.95
694.498	18.77
694.68	16.99
694.863	18.75
695.045	19.51
695.228	18.6
695.41	20.19
695.592	22.23
695.775	20.45
695.957	22.95
696.139	18.18
696.322	21.65
696.504	24.42
696.686	18.96
696.869	15.97
697.051	19.41
697.233	28.95
697.415	19.46
697.597	19.44
697.78	19.36
697.962	18.83
698.144	23.2
698.326	16.44
698.508	20.81
698.69	19.88
698.872	22.02
699.055	23.63
699.237	21.61
699.419	16.13
699.601	18.82
699.783	22.34
699.965	17.52
700.147	16.15
700.329	21.61
700.51	23.12
700.692	24.64
700.874	20.69
701.056	27.57
701.238	20.32
701.42	22.74
701.602	25.64
701.783	19.63
701.965	17.51
702.147	22.06
702.329	20.96
702.511	25.2
702.692	31.51
702.874	23.57
703.056	21.24
703.237	23.21
703.419	20.17
703.601	21.71
703.782	21.47
703.964	21.08
704.146	25.55
704.327	24.4
704.509	20.35
704.69	21.07
704.872	26.45
705.053	17.65
705.235	32.66
705.416	15.48
705.598	23.18
705.779	21.33
705.961	20.57
706.142	22.67
706.323	23.53
706.505	22.8
706.686	17.91
706.867	21.75
707.049	17.34
707.23	24.48
707.411	21.31
707.593	28.36
707.774	19.25
707.955	25.54
708.136	18.25
708.318	23.62
708.499	23.7
708.68	24.29
708.861	21.29
709.042	17.98
709.223	21.87
709.404	22.12
709.585	18.54
709.767	16.85
709.948	24.92
710.129	22.41
710.31	14.74
710.491	19.79
710.672	21.69
710.853	18.55
711.034	27.54
711.214	23.15
711.395	22.75
711.576	27.68
711.757	20.7
711.938	30.91
712.119	22.99
712.3	20.35
712.481	12.26
712.661	28.83
712.842	16.8
713.023	26.66
713.204	17.94
713.384	16.49
713.565	18.33
713.746	18.43
713.926	15.42
714.107	28.33
714.288	24.21
714.468	26.28
714.649	25.6
714.83	20.48
715.01	25.46
715.191	21.79
715.371	19.56
715.552	21.58
715.732	26.86
715.913	28.74
716.093	23.85
716.274	21.1
716.454	24.55
716.635	23.31
716.815	19.9
716.995	20.12
717.176	16.5
717.356	18.21
717.536	26.12
717.717	19.09
717.897	17.54
718.077	20.51
718.258	21.44
718.438	25.63
718.618	29.22
718.798	24.55
718.978	18.54
719.159	22.24
719.339	31.08
719.519	19.6
719.699	27.72
719.879	34.77
720.059	22.45
720.239	20.26
720.419	33.29
720.599	30.08
720.779	32.59
720.959	31.54
721.139	15.73
721.319	12.75
721.499	32.07
721.679	12.43
721.859	19.63
722.039	20.1
722.219	20.34
722.399	20.04
722.579	8.45
722.759	24.42
722.938	16.23
723.118	37.8
723.298	28.09
723.478	34.78
723.658	31.09
723.837	31.95
724.017	14.82
724.197	20.97
724.376	13.9
724.556	13.69
724.736	25.73
724.915	21.67
725.095	37.33
725.275	33.09
725.454	21.93
725.634	34.73
725.813	16.69
725.993	40.77
726.172	34.25
726.352	28.63
726.531	31.38
726.711	31.36
726.89	21.69
727.07	34
727.249	14.44
727.428	23.02
727.608	22.25
727.787	34.91
727.966	20.75
728.146	16.46
728.325	18.19
728.504	12.72
728.684	15.89
728.863	40.36
729.042	20.14
729.221	-0.2
729.4	29.8
729.58	23.07
729.759	28.06
729.938	19.98
730.117	29.65
730.296	18.73
730.475	25.77
730.654	22.09
730.833	15.19
731.013	-4.77
731.192	29.5
731.371	23.75
731.55	21.31
731.729	23.07
731.907	51.24
732.086	27.8
732.265	-1.11
732.444	33.11
732.623	53.09
732.802	22.1
732.981	33.39
733.16	16.48
733.339	8.81
733.517	34.25
733.696	38.05
733.875	20.26
734.054	12.59
734.232	14.7
734.411	47.58
734.59	12.44
734.768	36.27
734.947	30.54
735.126	12.02
735.304	16.85
735.483	27.37
735.662	40.93
735.84	31.56
736.019	18.8
736.197	18.84
736.376	35.08
736.554	39.61
736.733	21.01
736.911	20.91
737.09	9.91
737.268	7.7
737.447	38.28
737.625	34.26
737.803	20.23
737.982	39.68
738.16	25.18
738.338	34.12
738.517	23.28
738.695	47.76
738.873	9.37
739.052	42.36
739.23	-22.21
739.408	24.53
739.586	23.63
739.764	22.79
739.943	36.49
740.121	29.28
740.299	3.88
740.477	26.57
740.655	3.34
740.833	31.31
741.011	31.24
741.189	29.3
741.367	46.84
741.545	11.8
741.723	7.1
741.901	14.51
742.079	53.43
742.257	21.51
742.435	35.03
742.613	4.09
742.791	45.48
742.969	21.01
743.147	14.37
743.325	16.24
743.503	14.83
743.68	15.25
743.858	-5.25
744.036	41.73
744.214	20.52
744.391	16.07
744.569	15.46
744.747	14.29
744.925	26.31
745.102	-22.4
745.28	33.42
745.458	55.98
745.635	33.07
745.813	29.06
745.99	29.87
746.168	24.51
746.345	61.37
746.523	33.67
746.7	27.32
746.878	45.42
747.055	19.38
747.233	32.53
747.41	40.6
747.588	19.85
747.765	51.76
747.943	47.27
748.12	19.47
748.297	33.62
748.475	20.97
748.652	23.62
748.829	44.13
749.007	12.98
749.184	11.53
749.361	38.83
749.538	73.42
749.716	53.17
749.893	-0.4
750.07	32.12
750.247	45.79
750.424	45.86
750.601	28.88
750.778	56.44
750.956	-6.24
751.133	-12.69
751.31	10
751.487	17.99
751.664	-13
751.841	-1.86
752.018	24.88
752.195	22
752.372	30.88
752.549	9.06
752.726	25.35
752.902	63.38
753.079	45.89
753.256	47.55
753.433	15.57
753.61	58.37
753.787	-2.63
753.964	25.86
754.14	14.29
754.317	52.43
754.494	42
754.671	59.7
754.847	29.83
755.024	29.23
755.201	30.41
755.377	31.84
755.554	9.51
755.73	5.08
755.907	16.91
756.084	66.21
756.26	41.62
756.437	17.77
756.613	8.44
756.79	43.84
756.966	53.81
757.143	33.09
757.319	3.81
757.496	39.87
757.672	-8.36
757.849	63.76
758.025	29.2
758.201	12.87
758.378	40.17
758.554	-6.13
758.73	24.38
758.907	13.41
759.083	42.03
759.259	42.84
759.435	39.29
759.612	62.42
759.788	17.78
759.964	34.73
760.14	33.95
760.316	-34.35
760.493	23.58
760.669	37.44
760.845	-40.77
761.021	-25.51
761.197	-40.14
761.373	28.82
761.549	13.1
761.725	-12.64
761.901	-9.85
762.077	48.26
762.253	-0.24
762.429	68.76
762.605	17.36
762.781	-23.96
762.957	33.44
763.133	42.85
763.308	3.62
763.484	62.55
763.66	42.37
763.836	11.3
764.012	17.08
764.187	5.92
764.363	15.23
764.539	39.83
764.715	11.5
764.89	-11.33
765.066	-28.19
765.242	34.46
765.417	90.47
765.593	65.78
765.769	-44.39
765.944	-2.99
766.12	58.41
766.295	6.97
766.471	57.31
766.646	48.13
766.822	1.43
766.997	-36.79
767.173	43.16
767.348	17.85
767.524	0.8
767.699	40.61
767.875	-2.07
768.05	-4.95
768.225	103.62
768.401	23.14
768.576	37.4
768.751	2.54
768.927	-53.89
769.102	29.83
769.277	-4.86
769.452	37.61
769.628	1.9
769.803	122.38
769.978	-35.32
770.153	59.79
770.328	70.46
770.503	35.35
770.679	90.58
770.854	-11
771.029	-24.93
771.204	-137.75
771.379	29.6
771.554	55.37
771.729	80.6
771.904	14.31
772.079	-23.15
772.254	56.09
772.429	-21.72
772.604	-13.92
772.779	-34.27
772.953	33.05
773.128	90.26
773.303	9.51
773.478	18.9
773.653	45.49
773.828	71.79
774.002	90.46
774.177	0.91
774.352	80
774.527	37.82
774.701	53.29
774.876	68.62
775.051	-124.06
775.225	30.89
775.4	42.66
775.575	26.51
775.749	53.08
775.924	1.37
776.098	-110.9
776.273	42.42
776.447	19.95
776.622	6.91
776.796	-6.72
776.971	41.13
777.145	-25.24
777.32	69.95
777.494	28.65
777.669	48.77
777.843	49.51
778.017	-16.16
778.192	-1.65
778.366	-48.24
778.54	65.41
778.715	101.97
778.889	13.9
779.063	34.92
779.237	19.44
779.412	75.73
779.586	-3.97
779.76	-98.89
779.934	11.78
780.108	-5.24
780.282	-579.1
780.457	16.94
780.631	-232.07
780.805	-85.32
780.979	-614.93
781.153	-10.23
781.327	59.81
781.501	44.57
781.675	-11.66
781.849	46.17
782.023	22.18
782.197	19.19
782.371	-221.71
782.545	-2.45
782.718	-56.54
782.892	50.81
783.066	25.41
783.24	265.59
783.414	-55.69
783.588	78.03
783.761	27.22
783.935	-22.78
784.109	96.13
784.283	38.26
784.456	49.29
784.63	-20.05
784.804	38.32
784.977	45.31
785.151	5.98
785.324	62.65
785.498	-47.94
785.672	72.49
785.845	68.59
786.019	-1.9
786.192	13.25
786.366	-13.32
786.539	47.46
786.713	-73.02
786.886	-6.16
787.06	-95.47
787.233	-20.05
787.406	50.23
787.58	53.36
787.753	-21.2
787.926	206.69
788.1	-142.33
788.273	664.15
788.446	-54.61
788.62	180.65
788.793	13.63
788.966	166.6
789.139	-45.07
789.313	-37.06
789.486	-4514.29
789.659	-43.43
789.832	-5.59
790.005	17.61
790.178	130.97
790.351	73.86
790.524	136.95
790.697	-36.42
790.87	148.22
791.044	1105.45
791.216	41.68
791.389	-117.65
791.562	52.83
791.735	-445.57
791.908	800
792.081	25.72
792.254	-373.63
792.427	-69.89
792.6	-172.59
792.773	79.03
792.945	495.52
793.118	-9.93
793.291	-17.58
793.464	-17.02
793.637	-98.16
793.809	29.75
793.982	60.88
794.155	97.19
794.327	7.71
794.5	430.77
794.673	-98.79
794.845	24.9
795.018	-247.72
795.19	382.02
795.363	36.22
795.536	44.35
795.708	-1058.06
795.881	-1360
796.053	21.89
796.226	-22.86
796.398	10.28
796.57	79.48
796.743	5.83
796.915	-58.17
797.088	-21.05
797.26	-125.98
797.432	237.97
797.605	-117.65
797.777	-135.06
797.949	12.36
798.122	-9.51
798.294	197.31
798.466	176
798.638	28.84
798.81	-1.13
798.983	-217.72
799.155	77.95
799.327	-12.53
799.499	44.39
799.671	87.63
799.843	-38.36
800.015	57.59
800.187	6.26
800.359	57.65
800.531	-23.56
800.703	59.87
800.875	-1.54
801.047	-8.21
801.219	189.76
801.391	-306.49
801.563	-123.74
801.735	49.51
801.907	-46.63
802.079	160.25
802.251	-676.92
802.422	-267.72
802.594	301.3
802.766	25.05
802.938	105.83
803.11	50.61
803.281	-105.96
803.453	28.87
803.625	34.26
803.796	-7.59
803.968	-4.52
804.14	-0.84
804.311	-15.41
804.483	112.54
804.654	-2.49
804.826	231.97
804.998	273.8
805.169	-219.31
805.341	320
805.512	54.66
805.684	-30.39
805.855	110.83
806.026	1630.77
806.198	-90.8
806.369	73.27
806.541	14.55
806.712	132.38
806.883	119.89
807.055	68.79
807.226	78.61
807.397	-136.26
807.569	215.93
807.74	31.86
807.911	158.37
808.082	-163.23
808.253	-281.19
808.425	75.47
808.596	-62.92
808.767	230.22
808.938	80
809.109	-55.45
809.28	-297.63
809.451	7.18
809.622	158.29
809.793	180.65
809.964	-66.09
810.135	75.93
810.306	-60.12
810.477	260.4
810.648	-23.18
810.819	86.42
810.99	12800
811.161	14.87
811.332	229.19
811.503	71.93
811.674	-141.54
811.844	227.69
812.015	78.1
812.186	137.42
812.357	151.07
812.527	13.02
812.698	8.18
812.869	98.11
813.04	-85.65
813.21	717.24
813.381	122.96
813.551	49.58
813.722	92.26
813.893	59.1
814.063	34.74
814.234	-181.82
814.404	48.38
814.575	59.66
814.745	-240.71
814.916	93.87
815.086	77.47
815.257	68.16
815.427	255.21
815.598	43.87
815.768	57.22
815.938	24.28
816.109	32.39
816.279	3.82
816.449	107.55
816.62	-1347.37
816.79	40.87
816.96	-354.72
817.13	-34.4
817.301	-71.07
817.471	8.6
817.641	85.89
817.811	151.82
817.981	800
818.152	117.54
818.322	110.89
818.492	44.31
818.662	74.91
818.832	30.01
819.002	-5.01
819.172	223.49
819.342	252.02
819.512	14.59
819.682	86.85
819.852	-28.34
820.022	-3.55
820.192	-170.79
820.362	36.36
820.531	84.69
820.701	-57.14
820.871	-86.78
821.041	88.69
821.211	-59.12
821.381	114.71
821.55	23.83
821.72	1134.88
821.89	-49.23
822.059	55.26
822.229	25.04
822.399	-50.22
822.568	160.5
822.738	390.24
822.908	321.47
823.077	-125.46
823.247	15.96
823.416	-1670.59
823.586	177.54
823.756	15.77
823.925	-141.77
824.095	716.28
824.264	-71.75
824.433	-304.42
824.603	61.19
824.772	25.07
824.942	-430.38
825.111	-333.67
825.28	367.7
825.45	48.7
825.619	114.29
825.788	-332.58
825.958	38.24
826.127	-31.35
826.296	26.06
826.465	94.12
826.635	-62.84
826.804	93.73
826.973	64.94
827.142	-93.62
827.311	18.79
827.48	122.95
827.649	-20.06
827.818	148.03
827.988	-16
828.157	-46.39
828.326	-27.59
828.495	-15.86
828.664	127.63
828.833	74.91
829.002	-94.41
829.17	155.7
829.339	178.89
829.508	-21.05
829.677	139.33
829.846	103.33
830.015	12.39
830.184	29.47
830.352	26.06
830.521	-106.47
830.69	887.8
830.859	2635.29
831.027	-589.47
831.196	-16.36
831.365	-36.43
831.533	110.69
831.702	-103.64
831.871	-32.77
832.039	79.3
832.208	-765.22
832.377	-88.19
832.545	28.79
832.714	73.53
832.882	-33.7
833.051	90.37
833.219	1828.57
833.388	68.4
833.556	-165.6
833.724	-145.58
833.893	-10.42
834.061	863.16
834.23	120.68
834.398	109.65
834.566	316.88
834.735	2857.14
834.903	550.94
835.071	-400
835.239	-73.44
835.408	97.03
835.576	-455.81
835.744	33.77
835.912	9.26
836.08	85.36
836.249	-988.68
836.417	68.45
836.585	24.17
836.753	80.65
836.921	86.49
837.089	-6742.86
837.257	-372.09
837.425	-129.36
837.593	135.66
837.761	-14.99
837.929	115.96
838.097	90.99
838.265	42.22
838.433	28.85
838.601	58.36
838.769	-65.82
838.936	570.79
839.104	47.96
839.272	58.02
839.44	81.49
839.608	-253.66
839.775	13
839.943	51.03
840.111	77.76
840.279	7.5
840.446	-632.84
840.614	-88.31
840.781	-128.7
840.949	62.75
841.117	45.25
841.284	63.52
841.452	-250.93
841.619	62.4
841.787	64.94
841.954	-762.79
842.122	-87.86
842.289	44.6
842.457	7.93
842.624	83.83
842.792	-128.47
842.959	93.71
843.126	-28.17
843.294	-122.8
843.461	-88.22
843.629	-140.8
843.796	19.87
843.963	-283.27
844.13	86.76
844.298	105.02
844.465	-116.62
844.632	397.52
844.799	46.23
844.966	-93.62
845.134	97.25
845.301	8.28
845.468	196.03
845.635	155.48
845.802	49.36
845.969	-28.64
846.136	25.65
846.303	-1157.89
846.47	-34.09
846.637	-30.77
846.804	-2484.21
846.971	60.33
847.138	91.12
847.305	-134.51
847.472	-13.37
847.639	187.35
847.805	61.54
847.972	238.96
848.139	42.92
848.306	-210.53
848.473	835.82
848.639	13.45
848.806	-313.6
848.973	97.9
849.14	133.75
849.306	-28.7
849.473	100.66
849.64	153.85
849.806	-101.44
849.973	118.92
850.139	-18.54
850.306	22.36
850.472	64.94
850.639	213.77
850.806	-21.05
850.972	330.43
851.139	114.29
851.305	77.11
851.471	-169.4
851.638	-53.99
851.804	11.94
851.971	36.36
852.137	60.65
852.303	228.09
852.47	29.79
852.636	1.91
852.802	261.42
852.968	131.06
853.135	294.42
853.301	9.25
853.467	139.02
853.633	-24.33
853.8	94
853.966	-101.52
854.132	2514.29
854.298	-189.78
854.464	71.91
854.63	102.18
854.796	75.93
854.962	161.15
855.128	36.36
855.294	-122.89
855.46	-118.48
855.626	22.83
855.792	-191.51
855.958	299.03
856.124	-120.25
856.29	219.87
856.456	30.82
856.622	120.85
856.787	535.06
856.953	74.36
857.119	158.42
857.285	-53.08
857.45	53.71
857.616	-11.31
857.782	-80.82
857.948	28.84
858.113	116.04
858.279	-46.7
858.445	233.07
858.61	-232.56
858.776	187.85
858.941	396.04
859.107	27.07
859.273	34.82
859.438	-23.62
859.604	-1410.53
859.769	-173.23
859.935	-102.97
860.1	83.31
860.265	44.35
860.431	-37.41
860.596	2000
860.762	-25.66
860.927	24.93
861.092	92.81
861.258	-22.66
861.423	3.09
861.588	1.99
861.753	8514.29
861.919	279.25
862.084	-107.09
862.249	283.39
862.414	103.75
862.579	87.31
862.745	87.42
862.91	277.49
863.075	37.79
863.24	106.88
863.405	190.95
863.57	-79.48
863.735	216.41
863.9	-400
864.065	-10.28
864.23	90.77
864.395	142.35
864.56	-70.09
864.725	-126.58
864.89	247.19
865.055	188.85
865.22	177.47
865.384	638.2
865.549	-155.34
865.714	-6.56
865.879	72.13
866.044	44.59
866.208	67.49
866.373	562.64
866.538	105.85
866.702	24.92
866.867	93.5
867.032	-30.12
867.196	74.54
867.361	176
867.526	-266.09
867.69	4.38
867.855	-109.89
868.019	189.09
868.184	43.51
868.348	38.23
868.513	-1212.9
868.677	15.56
868.842	113.07
869.006	194.9
869.17	301.89
869.335	-253.66
869.499	333.98
869.663	-98.01
869.828	71.26
869.992	520.93
870.156	37.18
870.321	-16.42
870.485	-30.16
870.649	33.77
870.813	-1.48
870.978	80
871.142	-529.23
871.306	-291.94
871.47	143.07
871.634	176.38
871.798	-228.57
871.962	29.16
872.126	7142.86
872.29	-71.67
872.454	3371.43
872.618	-193.3
872.782	889.55
872.946	131.54
873.11	58.29
873.274	106.36
873.438	2141.18
873.602	-1.06
873.766	-290.91
873.93	47.12
874.094	166.29
874.257	71.09
874.421	300.58
874.585	189.09
874.749	27.21
874.912	-270.5
875.076	52.61
875.24	17.05
875.403	189.76
875.567	169.14
875.731	665.17
875.894	109.39
876.058	99.52
876.222	85.39
876.385	136.68
876.549	34.98
876.712	1956.36
876.876	-45.34
877.039	16.99
877.203	77.75
877.366	76.26
877.529	7.07
877.693	-24.85
877.856	129.32
878.02	55.85
878.183	55.17
878.346	129.87
878.51	46.02
878.673	23.02
878.836	23.97
878.999	103.23
879.163	176.11
879.326	-34.78
879.489	110.08
879.652	38.88
879.815	54.57
879.978	55.51
880.142	123.49
880.305	285.71
880.468	-76.14
880.631	13.79
880.794	73.75
880.957	565.85
881.12	-1952.94
881.283	-44.84
881.446	-11.7
881.609	161.15
881.772	26.06
881.935	-2305.88
882.097	8.18
882.26	98.11
882.423	-122.61
882.586	47.23
882.749	82.8
882.912	-83.44
883.074	114.82
883.237	71.15
883.4	26.53
883.562	61.06
883.725	-140.8
883.888	138.58
884.05	-11680
884.213	31.76
884.376	42.58
884.538	-6.86
884.701	-6.86
884.863	-6.86
