181.954	58.7
182.172	58.7
182.39	58.7
182.608	6700
182.826	436.26
183.043	-60.85
183.261	134.33
183.479	129.91
183.697	2605.88
183.914	165.59
184.132	26.2
184.35	151.12
184.567	71.27
184.785	-32.74
185.003	5.91
185.22	169.53
185.438	25.14
185.656	-35.68
185.873	53.85
186.091	89.95
186.309	-127.59
186.526	238.46
186.744	112.36
186.961	-59.91
187.179	245.02
187.396	57.55
187.614	109.23
187.831	-2180
188.049	-58.28
188.266	61.21
188.484	-464.18
188.701	24.27
188.919	71.03
189.136	5.74
189.354	37.45
189.571	80.09
189.789	2.88
190.006	95.15
190.223	-188.65
190.441	44.35
190.658	2242.86
190.876	6.38
191.093	370.33
191.31	-6.57
191.528	56.44
191.745	38.68
191.962	87.89
192.179	168.85
192.397	73.28
192.614	88.33
192.831	-48.97
193.049	57.21
193.266	164.08
193.483	90.25
193.7	515.38
193.917	63.8
194.135	164.75
194.352	-41.31
194.569	56.18
194.786	129.81
195.003	33.96
195.221	103.87
195.438	-3.89
195.655	12.56
195.872	16.61
196.089	33.8
196.306	73.47
196.523	-26.02
196.74	268.98
196.957	19.22
197.174	-219.8
197.391	112.92
197.608	47.8
197.825	390.32
198.042	-18.86
198.259	-3.45
198.476	141.95
198.693	1420
198.91	200.43
199.127	-392.54
199.344	-19.03
199.561	138.15
199.778	18.88
199.995	-750.75
200.212	989.66
200.429	28.91
200.646	639.24
200.862	349.44
201.079	18.82
201.296	159.6
201.513	327.18
201.73	-43.91
201.947	59.8
202.163	86.77
202.38	-21.39
202.597	-44.39
202.814	69.49
203.03	4060
203.247	72.86
203.464	62.14
203.681	-188.31
203.897	50.92
204.114	337.74
204.331	72.77
204.547	86.05
204.764	98.9
204.981	-1064.71
205.197	102.55
205.414	225.13
205.63	37.93
205.847	410.55
206.064	-63.64
206.28	29.7
206.497	15.14
206.713	74.75
206.93	80.48
207.146	19.44
207.363	773.85
207.579	-130.77
207.796	264.6
208.012	72.05
208.229	-195.52
208.445	-52.04
208.662	2.18
208.878	-49.03
209.095	629.41
209.311	16.65
209.528	4642.86
209.744	-73.75
209.96	159.6
210.177	12.62
210.393	83.81
210.609	2140
210.826	37.42
211.042	178.26
211.258	789.55
211.475	-172.73
211.691	-24.31
211.907	487.34
212.124	49.34
212.34	124
212.556	50.82
212.772	-565.93
212.989	223.18
213.205	-150.18
213.421	-59.8
213.637	270.15
213.853	111.67
214.069	2531.58
214.286	59.77
214.502	144.78
214.718	-33.54
214.934	173.09
215.15	290.82
215.366	61.44
215.582	-37.81
215.798	20.69
216.015	98.88
216.231	-45.95
216.447	43.68
216.663	-14.64
216.879	169.35
217.095	160.4
217.311	790.57
217.527	229.62
217.743	-103.88
217.959	20.75
218.175	78.2
218.391	69.78
218.606	21.14
218.822	115.65
219.038	-95.72
219.254	149.26
219.47	0.25
219.686	443.82
219.902	35.61
220.118	33.71
220.334	-26.43
220.549	42.54
220.765	-26.39
220.981	50.99
221.197	-17.32
221.413	370.33
221.628	244.3
221.844	586.79
222.06	245.63
222.276	63.98
222.491	122.07
222.707	121.64
222.923	-250.34
223.139	118.12
223.354	68.73
223.57	-225.98
223.786	28.1
224.001	144.02
224.217	35.28
224.432	408.67
224.648	111.66
224.864	37.83
225.079	-338.81
225.295	-41.44
225.51	181.08
225.726	26.93
225.942	45.45
226.157	26.59
226.373	-162.98
226.588	45.68
226.804	1394.74
227.019	133.17
227.235	73.13
227.45	5.09
227.665	13660
227.881	-159.84
228.096	11.3
228.312	-59.31
228.527	81.88
228.743	295.43
228.958	-94.17
229.173	-625.22
229.389	53.63
229.604	61.92
229.819	-107.63
230.035	-287.99
230.25	-69.68
230.465	36.17
230.681	-66.12
230.896	-15.51
231.111	38.35
231.327	207.33
231.542	1180
231.757	39.78
231.972	-25.09
232.187	133.19
232.403	-1763.16
232.618	53.22
232.833	-11.92
233.048	-303.64
233.263	39.2
233.478	-239.13
233.694	-946.51
233.909	312.9
234.124	44.75
234.339	-37.38
234.554	1982.76
234.769	-81.87
234.984	-134.08
235.199	21.49
235.414	-192.04
235.629	-667.09
235.844	21.65
236.059	69.35
236.274	-25.08
236.489	-74.92
236.704	88.91
236.919	42.27
237.134	72.51
237.349	147.51
237.564	49.73
237.779	47.76
237.994	-45.53
238.209	66.72
238.424	214.11
238.639	37.48
238.853	31.3
239.068	-17.82
239.283	-68.58
239.498	126.91
239.713	119.44
239.928	-28.28
240.142	166.03
240.357	6.81
240.572	-33.52
240.787	-123.98
241.001	71.91
241.216	42.48
241.431	255.87
241.646	39.73
241.86	-144.84
242.075	-1811.63
242.29	28.09
242.504	41.55
242.719	252.8
242.934	284.25
243.148	-51.71
243.363	87.7
243.577	-68.54
243.792	-111.34
244.007	29.47
244.221	497.4
244.436	-500
244.65	-117.18
244.865	193.84
245.079	-47.98
245.294	-76.98
245.508	-42.98
245.723	111.83
245.937	-262.64
246.152	-17.04
246.366	142.2
246.581	-49.19
246.795	-131.9
247.01	25.59
247.224	59.9
247.438	11.48
247.653	74.01
247.867	47.61
248.081	140.66
248.296	173.17
248.51	29.37
248.724	28.2
248.939	359.7
249.153	303.27
249.367	21.49
249.582	-35.69
249.796	61.04
250.01	-174.17
250.224	-21.16
250.439	84.79
250.653	138.3
250.867	-12.18
251.081	-27.96
251.295	-89.42
251.51	-142.55
251.724	-413.67
251.938	204.83
252.152	-114.6
252.366	84.02
252.58	329.09
252.794	55.35
253.008	215.23
253.223	-26.39
253.437	-48.59
253.651	-48.78
253.865	59.85
254.079	-34.23
254.293	-100.8
254.507	-849.09
254.721	6.2
254.935	-328.57
255.149	131.71
255.363	76.96
255.577	257.05
255.791	20.68
256.005	7.98
256.218	-19.64
256.432	-110.23
256.646	105.15
256.86	-47.04
257.074	22.98
257.288	5260
257.502	423.08
257.716	-34.12
257.929	138.07
258.143	26.83
258.357	-29.33
258.571	40.22
258.785	-92.06
258.998	-45.48
259.212	41.43
259.426	11.21
259.64	95.25
259.853	-157.68
260.067	174.47
260.281	116.82
260.494	23.37
260.708	438.61
260.922	5.13
261.135	47.94
261.349	-70.42
261.563	69.64
261.776	-782.35
261.99	16.99
262.203	41.4
262.417	8.83
262.63	-158.31
262.844	416.85
263.058	20.68
263.271	63.19
263.485	30.95
263.698	102.26
263.912	-142.55
264.125	-121.05
264.339	48.03
264.552	-104.83
264.765	-134.78
264.979	26.65
265.192	-120.71
265.406	62.42
265.619	105.9
265.832	82.6
266.046	-42.43
266.259	-93.22
266.473	158.06
266.686	98.97
266.899	158.77
267.113	-6260
267.326	119.08
267.539	45.63
267.752	0.09
267.966	16.37
268.179	-8.49
268.392	96.85
268.605	66.93
268.819	119.4
269.032	-10.9
269.245	-112.31
269.458	35.79
269.671	-287.34
269.885	29.49
270.098	-32.34
270.311	320.25
270.524	119.24
270.737	-18.16
270.95	151.66
271.163	114.17
271.376	700
271.589	-363.29
271.802	8.83
272.016	-34.85
272.229	106.66
272.442	-53.04
272.655	101.3
272.868	-155.29
273.081	39.33
273.294	44.82
273.506	68.2
273.719	-18.35
273.932	15.98
274.145	9100
274.358	-44.06
274.571	84.87
274.784	609.43
274.997	37.09
275.21	-103.21
275.423	-34.23
275.635	-138.19
275.848	-32.82
276.061	151.66
276.274	-12.02
276.487	272.17
276.699	-5.71
276.912	40.15
277.125	-106.81
277.338	-27.15
277.55	48.64
277.763	-106.75
277.976	139.68
278.189	-64.84
278.401	1.98
278.614	488.8
278.827	20.91
279.039	101.69
279.252	-61.33
279.464	-67.26
279.677	58.32
279.89	-29.91
280.102	-319.1
280.315	1139.02
280.527	257.89
280.74	-210.34
280.952	173.73
281.165	26.19
281.377	69.02
281.59	-165.2
281.802	-104.66
282.015	58.07
282.227	68.3
282.44	95.68
282.652	106.74
282.865	85.78
283.077	176.63
283.29	99.29
283.502	102.36
283.714	205.21
283.927	22.02
284.139	40.77
284.351	34.02
284.564	141.71
284.776	94.9
284.988	127.56
285.201	-159.7
285.413	-10.55
285.625	-0.54
285.838	22.14
286.05	36.67
286.262	-92.62
286.474	22.05
286.686	-33.96
286.899	-343.95
287.111	4.2
287.323	23.12
287.535	414.85
287.747	-64.97
287.959	18.03
288.172	-412.73
288.384	-12.78
288.596	-163.78
288.808	-318.87
289.02	179.25
289.232	95.53
289.444	2.23
289.656	-116.94
289.868	26.13
290.08	-58.28
290.292	-76.17
290.504	24.37
290.716	75.62
290.928	28.42
291.14	476.74
291.352	50.82
291.564	1405.88
291.776	106.16
291.988	7.98
292.2	-45.02
292.412	362.7
292.624	82.3
292.835	-446.27
293.047	-56.41
293.259	218.5
293.471	21.27
293.683	319.51
293.895	-56.57
294.106	-91.62
294.318	69.36
294.53	85.33
294.742	3472.41
294.953	53.51
295.165	76.95
295.377	132.52
295.589	12.78
295.8	54.41
296.012	89.13
296.224	-1.89
296.435	79.56
296.647	53.51
296.858	112.95
297.07	663.08
297.282	11.66
297.493	113.55
297.705	-6.29
297.916	34.28
298.128	72.21
298.34	-71.66
298.551	-12.43
298.763	28.73
298.974	78.13
299.186	-51.29
299.397	-66.18
299.609	-848.39
299.82	98.59
300.031	15.99
300.243	1836.84
300.454	-58.28
300.666	31.13
300.877	421.33
301.089	41.28
301.3	40.46
301.511	38.25
301.723	90.69
301.934	646.27
302.145	-93.96
302.357	162.89
302.568	76
302.779	34.38
302.99	32.74
303.202	109.31
303.413	-27.98
303.624	-186.78
303.835	-1.89
304.047	-286.23
304.258	53.17
304.469	0.72
304.68	98.82
304.891	-31.71
305.103	-110.81
305.314	119.06
305.525	3442.86
305.736	10.24
305.947	110.33
306.158	2394.12
306.369	11.86
306.58	44.75
306.791	212.13
307.002	57.99
307.213	-86.69
307.424	8.83
307.636	134.33
307.846	7.84
308.057	280.58
308.268	-58.8
308.479	-54
308.69	46.35
308.901	87.2
309.112	-388.37
309.323	37.47
309.534	-59.85
309.745	66.14
309.956	-92.07
310.167	-30.08
310.377	123.14
310.588	-74.19
310.799	14.98
311.01	-46.24
311.221	-69.39
311.432	87.91
311.642	7.79
311.853	111.08
312.064	-127.59
312.275	182.53
312.485	133.25
312.696	25.77
312.907	-174.37
313.117	9.76
313.328	-21.2
313.539	-58.06
313.749	-14.64
313.96	-64.84
314.171	71.68
314.381	28.68
314.592	52.61
314.802	-4.66
315.013	-55.31
315.224	70.42
315.434	-1447.37
315.645	9100
315.855	52.59
316.066	-338.2
316.276	114.84
316.487	-119.51
316.697	57.39
316.908	-20
317.118	0.3
317.329	19.36
317.539	16.84
317.749	71.67
317.96	-1234.33
318.17	-152.7
318.381	-170.33
318.591	40.66
318.801	-32.85
319.012	47
319.222	280.58
319.432	-68.24
319.643	38.78
319.853	-365.47
320.063	33.24
320.273	22.55
320.484	-130.77
320.694	259.18
320.904	-146.1
321.114	-311.24
321.325	1858.62
321.535	63.03
321.745	-38.81
321.955	108.65
322.165	-148.34
322.375	45.22
322.585	-95.09
322.796	2272.41
323.006	61.13
323.216	205.29
323.426	-86.1
323.636	510.53
323.846	575.86
324.056	55.63
324.266	36.3
324.476	7.6
324.686	200.54
324.896	3.38
325.106	1152.83
325.316	43.9
325.526	-4352.63
325.736	39.77
325.946	3.26
326.156	279.22
326.366	-176.52
326.576	-32.02
326.785	66.83
326.995	261.47
327.205	54.77
327.415	215.93
327.625	594.89
327.835	44.75
328.044	271.86
328.254	-20
328.464	59.72
328.674	103.99
328.884	-146.04
329.093	13.37
329.303	40.05
329.513	357.14
329.722	-2205.26
329.932	-40.61
330.142	76.73
330.351	-16.3
330.561	-456.36
330.771	-61.62
330.98	-58.58
331.19	644.62
331.4	-279.51
331.609	51.41
331.819	143.9
332.028	-129.71
332.238	171.19
332.447	31.46
332.657	40.68
332.866	90.23
333.076	72.08
333.285	-120.85
333.495	1241.94
333.704	-263.23
333.914	52.95
334.123	4.57
334.333	-149.23
334.542	36.24
334.752	903.08
334.961	586.79
335.17	6.53
335.38	49.32
335.589	41.05
335.798	120.94
336.008	409.89
336.217	-265.11
336.426	39.11
336.636	-60.85
336.845	40.85
337.054	419.48
337.263	-76.94
337.473	-57.42
337.682	-46.58
337.891	-73.38
338.1	156.12
338.309	-8.9
338.519	74.03
338.728	4.56
338.937	-452.76
339.146	-335.97
339.355	-816.98
339.564	-1573.68
339.773	-162.31
339.983	-10.48
340.192	-333.04
340.401	88.56
340.61	38.74
340.819	-3.58
341.028	-27.87
341.237	-852.94
341.446	69.72
341.655	-62.28
341.864	136.97
342.073	-1.74
342.282	-34.46
342.491	24.31
342.699	-57.28
342.908	294.81
343.117	41.42
343.326	-271.66
343.535	-412.73
343.744	-109.37
343.953	96.57
344.162	20.65
344.37	-16.23
344.579	-392.54
344.788	-18.16
344.997	98.59
345.206	12.05
345.414	105.61
345.623	-4.06
345.832	-123.42
346.041	230.96
346.249	94.96
346.458	-23.19
346.667	25.75
346.875	82.27
347.084	29.08
347.293	59.83
347.501	-79.15
347.71	13.24
347.918	-97.05
348.127	-592.31
348.336	-356.95
348.544	106.16
348.753	-786.57
348.961	-49.19
349.17	199.61
349.378	107.71
349.587	3.23
349.795	-45.63
350.004	884.62
350.212	45.58
350.421	20.35
350.629	0.3
350.838	17.43
351.046	95.51
351.254	-41.11
351.463	29.47
351.671	-500
351.879	78.31
352.088	-12.67
352.296	190.27
352.504	94.13
352.713	-106.48
352.921	-329.92
353.129	-49.08
353.338	84.26
353.546	-29.84
353.754	111.04
353.962	-35.06
354.171	41.86
354.379	-2015.79
354.587	0.12
354.795	12.05
355.003	85.74
355.212	-75.83
355.42	518.87
355.628	14.7
355.836	-68.81
356.044	-123.71
356.252	79.74
356.46	-14.77
356.668	921.54
356.876	86.63
357.084	-32.82
357.292	38.19
357.5	-55.64
357.708	105.15
357.916	-9.54
358.124	-101.17
358.332	-894.03
358.54	460
358.748	-79.22
358.956	-36.07
359.164	36.81
359.372	53.85
359.58	-258.27
359.788	55.22
359.996	-82.61
360.203	-54.33
360.411	-52.84
360.619	-337.19
360.827	55.92
361.035	74.23
361.242	291.79
361.45	-408.86
361.658	-39.34
361.866	83.18
362.073	-16.61
362.281	102.85
362.489	28
362.697	-5.24
362.904	80.06
363.112	95.4
363.32	16.34
363.527	32.17
363.735	23.55
363.943	-53.24
364.15	-80.21
364.358	-57.52
364.565	23.54
364.773	168.54
364.98	-262.54
365.188	-15.33
365.395	21.09
365.603	-32.2
365.81	10.69
366.018	48.63
366.225	62.94
366.433	68.73
366.64	70.63
366.848	79.49
367.055	15.36
367.263	38.49
367.47	74.86
367.677	426.58
367.885	-31.71
368.092	110.46
368.299	-77.46
368.507	62.45
368.714	328.32
368.921	114.17
369.129	72.31
369.336	64.82
369.543	-116.41
369.751	-47.8
369.958	-343.95
370.165	18.8
370.372	-76.94
370.579	89.26
370.787	85.73
370.994	117.7
371.201	111.44
371.408	8.53
371.615	11.35
371.822	43.96
372.029	146.78
372.237	-239.43
372.444	116.22
372.651	50.57
372.858	189.74
373.065	12.06
373.272	6.39
373.479	-748.28
373.686	-187.2
373.893	350.49
374.1	194.74
374.307	-534.53
374.514	-130.77
374.721	-22.07
374.928	-312.99
375.135	28.99
375.341	6940
375.548	6.42
375.755	-97.67
375.962	-12.81
376.169	-36.3
376.376	-130.77
376.583	-21.06
376.789	62.81
376.996	35.42
377.203	21.84
377.41	12.27
377.617	-41.82
377.823	-44.39
378.03	-1506.45
378.237	49.49
378.443	-198.29
378.65	518.87
378.857	-17.34
379.063	305.06
379.27	63.48
379.477	-16.08
379.683	-195.91
379.89	-29.16
380.097	49.51
380.303	54.88
380.51	-16.34
380.716	-7.72
380.923	-244.88
381.129	-42.27
381.336	57.48
381.542	23.8
381.749	22.62
381.955	90.28
382.162	17.03
382.368	39.09
382.575	-37.65
382.781	-1162.07
382.988	-98.47
383.194	-17.55
383.4	-77.44
383.607	53.38
383.813	26.94
384.02	-7.16
384.226	-131.35
384.432	-122.67
384.639	58.85
384.845	-879.75
385.051	2.81
385.257	18.15
385.464	87.15
385.67	108.52
385.876	2.81
386.082	-154.24
386.289	46.87
386.495	8.87
386.701	-73.94
386.907	24.81
387.113	-2.05
387.319	-36.18
387.526	19.87
387.732	-358.27
387.938	383.2
388.144	-541.74
388.35	17.46
388.556	17.82
388.762	0.12
388.968	-137.21
389.174	-5.88
389.38	98.7
389.586	-25.03
389.792	-18.17
389.998	-28.29
390.204	-90.67
390.41	16.27
390.616	-28.97
390.822	-107.48
391.028	24.92
391.234	17.95
391.439	-534.95
391.645	5.1
391.851	53.67
392.057	-41.11
392.263	22.83
392.469	-15.17
392.674	-28.61
392.88	-15.44
393.086	7.31
393.292	41.86
393.498	-78.2
393.703	26.93
393.909	16.65
394.115	44.52
394.32	10.64
394.526	0.09
394.732	5.1
394.937	22.04
395.143	-111.34
395.349	-2.38
395.554	-343.22
395.76	37.49
395.965	49.69
396.171	-12.07
396.377	-58.51
396.582	8.68
396.788	1
396.993	-2.79
397.199	-1
397.404	36.62
397.61	-13.39
397.815	15.37
398.021	39.11
398.226	1.76
398.431	8.47
398.637	-3.71
398.842	22.46
399.048	23.77
399.253	33.5
399.458	32.99
399.664	-21.24
399.869	4.32
400.074	8.95
400.28	11.48
400.485	-2.55
400.69	24.07
400.896	-20.64
401.101	14.05
401.306	18.03
401.511	-4.09
401.716	-21.57
401.922	-24.49
402.127	-1.11
402.332	-18.44
402.537	48.84
402.742	6.01
402.947	27.8
403.153	1.29
403.358	15.18
403.563	-22
403.768	4.35
403.973	14.06
404.178	-10.78
404.383	-17.62
404.588	14.93
404.793	14.89
404.998	-0.41
405.203	1.61
405.408	-2.87
405.613	13.05
405.818	20.96
406.023	1.6
406.228	6.6
406.433	0.03
406.638	-3.64
406.842	14.42
407.047	-2.97
407.252	1.61
407.457	8.76
407.662	8.34
407.867	3.52
408.071	8.32
408.276	2.43
408.481	5.87
408.686	1.24
408.891	4.53
409.095	3.68
409.3	1.59
409.505	0.62
409.709	4.04
409.914	-1.75
410.119	-1.88
410.323	-1.5
410.528	2.9
410.733	4.82
410.937	-0.84
411.142	5.6
411.346	3.06
411.551	6.32
411.756	8.6
411.96	4.49
412.165	-2.15
412.369	2.45
412.574	-2.52
412.778	3.96
412.983	-0.69
413.187	4.95
413.392	-0.44
413.596	4.02
413.8	0.17
414.005	6.08
414.209	3.2
414.414	0.84
414.618	1.31
414.822	1.21
415.027	5.31
415.231	4.07
415.435	3.79
415.64	2.38
415.844	1.46
416.048	3.51
416.252	1.41
416.457	4.01
416.661	3.55
416.865	2.12
417.069	2.38
417.274	1.19
417.478	1.31
417.682	2.9
417.886	1.51
418.09	2.48
418.294	3.19
418.498	2.18
418.702	4.58
418.907	1.74
419.111	0.9
419.315	3.78
419.519	3.3
419.723	0.3
419.927	3.59
420.131	3.57
420.335	2.65
420.539	0.47
420.743	2.93
420.947	1
421.151	1.6
421.355	1.41
421.558	2.47
421.762	0.93
421.966	2.36
422.17	1.34
422.374	1.06
422.578	1.5
422.782	1.75
422.985	2.27
423.189	1.9
423.393	1.27
423.597	2.28
423.801	2.29
424.004	2.19
424.208	2.5
424.412	1.9
424.615	2.88
424.819	2.2
425.023	1.93
425.226	2.01
425.43	2.5
425.634	1.57
425.837	0.62
426.041	1.93
426.245	1.54
426.448	1.45
426.652	2.15
426.855	1.15
427.059	1.54
427.262	1.73
427.466	1.57
427.669	1.29
427.873	1.82
428.076	1.61
428.28	1.19
428.483	1.66
428.687	1.5
428.89	2.17
429.094	1.1
429.297	1.4
429.5	2.2
429.704	2.2
429.907	2.31
430.11	1.77
430.314	1.76
430.517	1.43
430.72	2.07
430.924	1.73
431.127	1.87
431.33	1.85
431.533	2.42
431.737	1.92
431.94	1.52
432.143	1.65
432.346	0.97
432.549	1.42
432.752	1.33
432.956	1.9
433.159	1.52
433.362	1.09
433.565	1.19
433.768	1.17
433.971	1.03
434.174	1.73
434.377	1.72
434.58	1.81
434.783	0.34
434.986	1.48
435.189	1.85
435.392	1.45
435.595	1.53
435.798	1.14
436.001	1.7
436.204	1.71
436.407	1.23
436.61	1.46
436.813	1.78
437.016	1.54
437.219	1.56
437.421	1.72
437.624	1.52
437.827	1.48
438.03	1.32
438.233	1.43
438.435	1.46
438.638	1.69
438.841	1.49
439.044	1.73
439.246	1.23
439.449	1.33
439.652	1.45
439.854	1.6
440.057	1.48
440.26	1.68
440.462	1.76
440.665	1.32
440.868	1.65
441.07	1.58
441.273	1.72
441.475	1.11
441.678	1.73
441.88	1.44
442.083	1.21
442.286	1.42
442.488	1.09
442.69	1.46
442.893	1.29
443.095	1.6
443.298	1.39
443.5	1.37
443.703	1.05
443.905	1.38
444.108	1.51
444.31	1.69
444.512	1.12
444.715	1.45
444.917	1.23
445.119	1.7
445.322	1.38
445.524	1.66
445.726	1.34
445.928	1.82
446.131	1.41
446.333	1.48
446.535	1.26
446.737	1.51
446.94	1.79
447.142	1.73
447.344	1.73
447.546	1.41
447.748	1.41
447.95	1.45
448.152	1.78
448.354	1.7
448.557	1.67
448.759	1.7
448.961	1.24
449.163	1.66
449.365	1.65
449.567	1.45
449.769	1.45
449.971	1.54
450.173	1.24
450.375	1.69
450.577	1.49
450.779	1.54
450.981	1.38
451.182	1.74
451.384	1.69
451.586	1.66
451.788	1.54
451.99	1.68
452.192	1.19
452.394	1.93
452.595	2.13
452.797	1.87
452.999	1.59
453.201	1.6
453.402	1.68
453.604	1.56
453.806	1.72
454.008	1.63
454.209	1.93
454.411	2.1
454.613	1.95
454.814	1.63
455.016	1.81
455.218	1.56
455.419	1.67
455.621	1.93
455.822	1.08
456.024	1.37
456.225	1.91
456.427	1.73
456.629	1.68
456.83	1.55
457.032	1.68
457.233	1.49
457.435	1.45
457.636	1.55
457.837	1.81
458.039	1.3
458.24	1.72
458.442	1.86
458.643	1.33
458.844	2.38
459.046	1.27
459.247	2.07
459.448	1.91
459.65	1.61
459.851	1.93
460.052	1.77
460.254	2.29
460.455	2.23
460.656	2.13
460.857	1.07
461.059	1.15
461.26	1.59
461.461	2.21
461.662	1.26
461.863	2
462.065	1.22
462.266	2.14
462.467	0.8
462.668	0.49
462.869	2.27
463.07	1.67
463.271	1.16
463.472	0.43
463.673	1.2
463.874	1.13
464.075	1.48
464.276	1.83
464.477	1.53
464.678	1.95
464.879	1.46
465.08	2.33
465.281	2.07
465.482	1.05
465.683	0.76
465.884	1.49
466.085	1.41
466.285	1.3
466.486	3.12
466.687	1.86
466.888	1.77
467.089	1.1
467.29	1.49
467.49	1.63
467.691	1.08
467.892	1.65
468.093	1.34
468.293	2.37
468.494	1.75
468.695	2.17
468.895	1.46
469.096	1.27
469.297	1.84
469.497	1.87
469.698	2.63
469.898	1.08
470.099	2.61
470.3	3.32
470.5	1.2
470.701	3.21
470.901	2.56
471.102	1.82
471.302	1.84
471.503	2.58
471.703	3.07
471.904	2.1
472.104	0.22
472.305	0.85
472.505	2.21
472.705	1.35
472.906	2.77
473.106	2.96
473.306	2.41
473.507	2.76
473.707	1.28
473.907	1.63
474.108	0.99
474.308	2.25
474.508	1.68
474.709	1.98
474.909	1.13
475.109	0.54
475.309	2.5
475.51	0.26
475.71	2.64
475.91	2.54
476.11	-0.03
476.31	1.15
476.51	2.71
476.71	1.3
476.911	2.16
477.111	1.88
477.311	1.52
477.511	0.4
477.711	1.07
477.911	0.75
478.111	2.34
478.311	1.21
478.511	1.37
478.711	2.19
478.911	1.37
479.111	0.86
479.311	2.43
479.511	2.59
479.711	0.94
479.91	0.57
480.11	4.21
480.31	1.45
480.51	2.47
480.71	1.38
480.91	3.88
481.109	2.38
481.309	1.89
481.509	1.44
481.709	2.2
481.909	2.24
482.108	0.77
482.308	1.54
482.508	3.2
482.707	4
482.907	1.59
483.107	1.19
483.306	1.27
483.506	1.54
483.706	2.28
483.905	2.58
484.105	2.2
484.304	0.93
484.504	1.08
484.704	2.05
484.903	1.98
485.103	2.06
485.302	0.61
485.502	2.6
485.701	2.31
485.901	0.8
486.1	1.53
486.299	1.09
486.499	1.71
486.698	2.13
486.898	1.6
487.097	0.97
487.296	1.84
487.496	1.13
487.695	1.59
487.894	1.2
488.094	1.54
488.293	1.46
488.492	2.04
488.692	1.21
488.891	1.09
489.09	2.46
489.289	0.43
489.489	1.33
489.688	-0.57
489.887	0.51
490.086	1.05
490.285	1.49
490.484	1.76
490.683	3.08
490.883	2.76
491.082	2.78
491.281	1.99
491.48	1.02
491.679	0.99
491.878	1.16
492.077	2.03
492.276	1.82
492.475	1.65
492.674	2.35
492.873	2.1
493.072	0.52
493.271	1.78
493.47	0.5
493.669	-0.05
493.867	1.25
494.066	2.62
494.265	1.72
494.464	3.03
494.663	1.61
494.862	1.35
495.06	1.44
495.259	0.26
495.458	2.53
495.657	0.02
495.856	1.27
496.054	2.33
496.253	1.27
496.452	1.68
496.65	0.91
496.849	1.19
497.048	1.68
497.246	0.9
497.445	0.58
497.644	1.27
497.842	2.26
498.041	1.69
498.239	1.05
498.438	1.26
498.636	2.01
498.835	1.89
499.034	1.07
499.232	1.46
499.431	0.89
499.629	1.4
499.827	1.63
500.026	0.89
500.224	1.4
500.423	0.71
500.621	0.55
500.82	1.86
501.018	2.67
501.216	1.77
501.415	1.49
501.613	1.37
501.811	2.53
502.01	1.92
502.208	1.48
502.406	1.77
502.604	1.62
502.803	1.78
503.001	2.28
503.199	1.48
503.397	1.47
503.595	1.83
503.794	1.69
503.992	1.36
504.19	1.42
504.388	2
504.586	1.08
504.784	1.32
504.982	1.09
505.18	1.92
505.378	1.19
505.576	1.59
505.774	2.34
505.972	1.86
506.17	2.65
506.368	1.3
506.566	1.56
506.764	1.38
506.962	2.33
507.16	1.75
507.358	1.72
507.556	1.34
507.754	2.47
507.952	1.48
508.15	1.94
508.347	2.04
508.545	1.7
508.743	1.81
508.941	1.8
509.139	2.14
509.336	1.84
509.534	1.84
509.732	2.11
509.93	1.8
510.127	1.44
510.325	1.81
510.523	1.49
510.72	2.03
510.918	1.7
511.116	2.14
511.313	1.77
511.511	1.61
511.708	1.5
511.906	2.39
512.104	2.06
512.301	1.92
512.499	1.89
512.696	1.74
512.894	1.31
513.091	1.79
513.289	2.09
513.486	2.12
513.683	1.57
513.881	1.71
514.078	2.05
514.276	2.53
514.473	1.44
514.67	2.4
514.868	1.91
515.065	1.82
515.262	2.4
515.46	2.08
515.657	1.61
515.854	1.87
516.052	1.82
516.249	2.13
516.446	2.16
516.643	2.29
516.84	1.77
517.038	1.83
517.235	1.43
517.432	2.46
517.629	2.29
517.826	2.45
518.023	2.48
518.221	1.63
518.418	2.68
518.615	2.13
518.812	2.53
519.009	2.21
519.206	2.22
519.403	2.07
519.6	2.19
519.797	2.13
519.994	2.22
520.191	2.54
520.388	2.56
520.585	2.26
520.782	2.39
520.978	1.86
521.175	2.07
521.372	2.56
521.569	2.22
521.766	2.24
521.963	1.79
522.159	2.19
522.356	2.37
522.553	2.61
522.75	2.51
522.947	2.46
523.143	2.18
523.34	2.45
523.537	2.49
523.733	2.57
523.93	2.34
524.127	2.61
524.323	2.33
524.52	2.58
524.717	2.54
524.913	2.52
525.11	2.18
525.306	2.73
525.503	2.31
525.7	2.88
525.896	2.12
526.093	2.41
526.289	2.61
526.486	2.51
526.682	2.38
526.878	2.85
527.075	2.62
527.271	2.69
527.468	2.61
527.664	2.79
527.861	2.41
528.057	2.17
528.253	2.96
528.45	2.15
528.646	2.49
528.842	2.67
529.039	2.3
529.235	2.77
529.431	2.34
529.627	2.47
529.824	2.71
530.02	2.33
530.216	2.65
530.412	2.97
530.608	2.33
530.804	2.56
531.001	3.02
531.197	2.36
531.393	2.33
531.589	2.48
531.785	2.57
531.981	2.83
532.177	2.85
532.373	2.93
532.569	2.82
532.765	2.41
532.961	2.55
533.157	2.58
533.353	2.96
533.549	2.78
533.745	2.83
533.941	2.63
534.137	2.69
534.333	2.28
534.529	2.81
534.725	2.48
534.92	2.86
535.116	2.61
535.312	2.87
535.508	2.59
535.704	3.06
535.899	2.45
536.095	2.82
536.291	2.77
536.487	2.37
536.682	2.99
536.878	2.63
537.074	2.61
537.269	2.9
537.465	2.51
537.661	2.74
537.856	2.61
538.052	3
538.248	3.1
538.443	2.84
538.639	2.95
538.834	2.61
539.03	2.78
539.225	2.93
539.421	2.69
539.616	2.76
539.812	2.76
540.007	3.26
540.203	2.6
540.398	2.9
540.593	3.03
540.789	3.23
540.984	3.18
541.18	2.97
541.375	2.99
541.57	3.31
541.766	2.98
541.961	3.12
542.156	3.21
542.352	3.06
542.547	2.7
542.742	3.01
542.937	3.2
543.133	3.14
543.328	3.3
543.523	2.94
543.718	3.23
543.913	3.09
544.108	2.83
544.304	3.3
544.499	3.33
544.694	3.35
544.889	3.28
545.084	3.29
545.279	3.55
545.474	3.22
545.669	3.36
545.864	3.17
546.059	3.26
546.254	2.9
546.449	3.25
546.644	3.16
546.839	3.37
547.034	3.44
547.229	3.66
547.424	3.58
547.618	3.83
547.813	3.43
548.008	3.65
548.203	3.33
548.398	3.44
548.593	3.42
548.787	3.49
548.982	3.28
549.177	3.24
549.372	3.27
549.566	3.67
549.761	3.42
549.956	3.13
550.15	3.62
550.345	3.67
550.54	3.43
550.734	3.49
550.929	3.37
551.124	3.44
551.318	3.77
551.513	3.59
551.707	3.88
551.902	3.88
552.096	3.83
552.291	3.6
552.485	3.67
552.68	3.99
552.874	3.6
553.069	3.92
553.263	3.88
553.458	3.71
553.652	3.95
553.847	3.77
554.041	4.04
554.235	4.16
554.43	3.78
554.624	3.89
554.818	3.4
555.013	3.91
555.207	3.58
555.401	4.3
555.595	4.08
555.79	3.99
555.984	4.01
556.178	4.18
556.372	4.28
556.566	3.82
556.761	3.76
556.955	4.05
557.149	4.09
557.343	4.31
557.537	4.31
557.731	4.09
557.925	4.02
558.119	4.03
558.313	4.14
558.507	4.01
558.701	4.15
558.895	4.56
559.089	4.14
559.283	4.32
559.477	4.12
559.671	4.52
559.865	4.47
560.059	4.12
560.253	4.52
560.447	4.16
560.641	4.25
560.835	4.6
561.028	4.39
561.222	4.35
561.416	4.62
561.61	4.14
561.804	4.48
561.997	4.48
562.191	4.56
562.385	4.48
562.579	4.49
562.772	4.69
562.966	4.25
563.16	4.08
563.353	4.54
563.547	4.7
563.741	4.22
563.934	4.67
564.128	4.54
564.321	4.82
564.515	4.67
564.708	4.67
564.902	4.73
565.095	4.51
565.289	5.11
565.482	4.74
565.676	4.52
565.869	4.69
566.063	4.86
566.256	4.58
566.45	4.61
566.643	4.68
566.836	4.42
567.03	4.82
567.223	4.64
567.416	5.01
567.61	5.12
567.803	4.95
567.996	4.78
568.19	4.67
568.383	4.98
568.576	4.55
568.769	5.04
568.963	4.9
569.156	4.89
569.349	5
569.542	5.25
569.735	5.11
569.928	4.74
570.121	5.09
570.315	5.23
570.508	4.94
570.701	5.01
570.894	5.21
571.087	4.94
571.28	5.21
571.473	5.3
571.666	5.33
571.859	5.08
572.052	4.98
572.245	5.24
572.438	5.22
572.631	5.36
572.824	5.18
573.016	5.08
573.209	5.49
573.402	5.26
573.595	5.57
573.788	5.64
573.981	5.45
574.173	5.43
574.366	5.58
574.559	5.53
574.752	5.07
574.944	5.12
575.137	5.53
575.33	5.48
575.523	5.67
575.715	5.64
575.908	5.56
576.101	5.5
576.293	5.53
576.486	5.47
576.678	5.38
576.871	5.52
577.063	5.7
577.256	5.48
577.449	5.91
577.641	5.46
577.834	5.71
578.026	5.65
578.219	5.66
578.411	5.84
578.603	6.13
578.796	5.25
578.988	5.81
579.181	5.75
579.373	5.73
579.565	5.79
579.758	5.94
579.95	5.84
580.142	5.67
580.335	5.87
580.527	6.05
580.719	5.95
580.912	5.91
581.104	6.41
581.296	5.94
581.488	5.86
581.68	5.89
581.873	6.07
582.065	6.07
582.257	5.67
582.449	5.79
582.641	5.96
582.833	6.08
583.025	5.98
583.217	6.09
583.41	6.01
583.602	6.25
583.794	6.05
583.986	6.71
584.178	6.18
584.37	6.62
584.562	6.01
584.753	6.67
584.945	6.38
585.137	6.07
585.329	6.07
585.521	6.79
585.713	6.36
585.905	6.57
586.097	6.77
586.289	6.43
586.48	6.42
586.672	6.51
586.864	6.49
587.056	6.67
587.247	6.39
587.439	6.41
587.631	6.43
587.823	6.73
588.014	6.41
588.206	6.18
588.398	6.7
588.589	6.79
588.781	6.44
588.972	6.66
589.164	6.92
589.356	6.69
589.547	6.54
589.739	6.61
589.93	7.16
590.122	6.76
590.313	6.72
590.505	7.1
590.696	6.76
590.888	6.79
591.079	6.95
591.271	7.08
591.462	6.96
591.653	7.24
591.845	7.05
592.036	7.34
592.227	6.79
592.419	6.96
592.61	7.15
592.801	7.2
592.993	7.2
593.184	7.25
593.375	6.85
593.566	6.82
593.758	7.4
593.949	7.6
594.14	6.95
594.331	6.89
594.522	8.05
594.713	7.41
594.905	7.55
595.096	7.44
595.287	7.47
595.478	7.04
595.669	7.49
595.86	7.45
596.051	7.34
596.242	7.94
596.433	7.5
596.624	7.25
596.815	8.18
597.006	8.11
597.197	7.81
597.388	7.99
597.579	7.88
597.77	7.65
597.96	7.76
598.151	7.99
598.342	7.86
598.533	8.47
598.724	8.02
598.915	7.94
599.105	7.94
599.296	8.25
599.487	7.68
599.678	8.45
599.868	8.13
600.059	8.54
600.25	8.69
600.44	8.04
600.631	7.53
600.822	8.11
601.012	7.98
601.203	8.58
601.394	8.45
601.584	8.31
601.775	8.2
601.965	8.86
602.156	8.34
602.346	8.54
602.537	8.45
602.727	8.46
602.918	8.55
603.108	8.8
603.299	8.9
603.489	9.06
603.679	9.2
603.87	8.76
604.06	8.66
604.251	9.01
604.441	8.89
604.631	8.87
604.822	9.1
605.012	8.8
605.202	8.94
605.392	8.48
605.583	8.67
605.773	9.29
605.963	9.15
606.153	9.19
606.344	8.62
606.534	9.3
606.724	9.08
606.914	9.15
607.104	9.56
607.294	8.96
607.484	9.34
607.674	9.44
607.864	9.48
608.054	9
608.245	8.87
608.435	9.42
608.625	10.06
608.814	8.8
609.004	9.21
609.194	9.22
609.384	9.56
609.574	9.38
609.764	9.6
609.954	9.31
610.144	9.45
610.334	9.42
610.524	10.11
610.713	9.58
610.903	9.88
611.093	9.93
611.283	9.82
611.473	9.77
611.662	9.91
611.852	10.13
612.042	9.7
612.231	9.5
612.421	9.46
612.611	10.03
612.8	10.03
612.99	9.72
613.18	9.41
613.369	10.15
613.559	9.76
613.748	10.05
613.938	10.16
614.128	9.66
614.317	10.4
614.507	10.19
614.696	10.36
614.886	10.02
615.075	9.74
615.264	10.37
615.454	10.04
615.643	10.35
615.833	9.83
616.022	10.16
616.211	10.24
616.401	10.08
616.59	10.2
616.779	10.22
616.969	9.93
617.158	9.56
617.347	10.62
617.537	10.65
617.726	9.99
617.915	9.83
618.104	10.19
618.293	10.75
618.483	10.3
618.672	10.39
618.861	11.05
619.05	10.19
619.239	10.91
619.428	10.35
619.617	10.99
619.806	10.82
619.995	10.58
620.184	10.3
620.373	10.35
620.562	10.25
620.751	10.78
620.94	10.47
621.129	10.83
621.318	10.65
621.507	10.7
621.696	10.78
621.885	9.95
622.074	10.75
622.263	10.7
622.452	11.18
622.64	10.62
622.829	10.69
623.018	11.49
623.207	10.85
623.396	10.75
623.584	10.45
623.773	12.03
623.962	11.4
624.15	11.34
624.339	10.87
624.528	11.36
624.716	11.21
624.905	11.3
625.094	10.85
625.282	10.86
625.471	10.78
625.659	11.1
625.848	10.59
626.037	11.9
626.225	11.68
626.414	10.72
626.602	11.26
626.791	10.81
626.979	11.53
627.167	11.41
627.356	11.53
627.544	11.5
627.733	12.26
627.921	11.49
628.109	11.55
628.298	11.53
628.486	11.16
628.674	11.91
628.863	11.75
629.051	12.4
629.239	11.47
629.428	11.46
629.616	12.49
629.804	12.24
629.992	11.45
630.18	11.87
630.369	12.7
630.557	12.37
630.745	11.52
630.933	12.39
631.121	12.48
631.309	12.92
631.497	11.98
631.685	12.04
631.873	12.22
632.061	11.97
632.249	12.59
632.437	12.55
632.625	11.68
632.813	12.43
633.001	13.03
633.189	12.22
633.377	12.72
633.565	11.7
633.753	11.55
633.941	11.79
634.129	11.99
634.316	11.77
634.504	12.59
634.692	12.67
634.88	12.5
635.068	12.65
635.255	12.68
635.443	12.2
635.631	12.4
635.818	13.22
636.006	12.75
636.194	12.31
636.382	12.28
636.569	13.65
636.757	12.9
636.944	13.12
637.132	13.34
637.32	13.25
637.507	12.54
637.695	12.14
637.882	12.82
638.07	13.27
638.257	12.47
638.445	11.54
638.632	12.53
638.82	11.7
639.007	11.69
639.194	12.34
639.382	13.09
639.569	11.18
639.757	13.14
639.944	10.9
640.131	11.76
640.319	12.41
640.506	12.3
640.693	12.16
640.88	12.15
641.068	13.11
641.255	11.98
641.442	11.33
641.629	10.52
641.817	12.47
642.004	12.37
642.191	12.16
642.378	12.43
642.565	12.28
642.752	11.7
642.939	12.19
643.126	10.99
643.313	11.65
643.501	12.45
643.688	12.13
643.875	12.04
644.062	11.84
644.249	11.69
644.435	10.5
644.622	12.05
644.809	12
644.996	11.9
645.183	11.87
645.37	11.73
645.557	11.76
645.744	11.21
645.931	10.84
646.117	10.5
646.304	11.83
646.491	11.21
646.678	11.83
646.865	11.54
647.051	11.18
647.238	11.01
647.425	11.14
647.611	11.55
647.798	11.33
647.985	12.24
648.171	11.48
648.358	10.86
648.545	12.34
648.731	10.84
648.918	11.44
649.104	11.22
649.291	11.1
649.477	11.3
649.664	11.47
649.85	11.58
650.037	12.02
650.223	11.68
650.41	11.44
650.596	11.53
650.783	12.21
650.969	11.94
651.155	11.58
651.342	10.82
651.528	11.17
651.714	11.36
651.901	11.91
652.087	13.19
652.273	10.94
652.46	11.23
652.646	11.95
652.832	11.98
653.018	11.86
653.204	12.79
653.391	11.56
653.577	10.02
653.763	12.33
653.949	12.53
654.135	11.48
654.321	11.53
654.507	10.58
654.693	11.28
654.879	11.66
655.065	10.59
655.252	11.25
655.438	12.46
655.624	12.21
655.809	11.04
655.995	10.32
656.181	12.11
656.367	12.53
656.553	12.33
656.739	10.91
656.925	13.15
657.111	11.52
657.297	12.02
657.482	11.64
657.668	11.08
657.854	11.53
658.04	10.5
658.226	10.88
658.411	11.54
658.597	12.94
658.783	11.1
658.968	10.86
659.154	11.19
659.34	12.18
659.525	10.33
659.711	10.92
659.897	11.68
660.082	10.35
660.268	11.14
660.453	10.94
660.639	11.05
660.824	12.18
661.01	11.83
661.195	10.53
661.381	11.33
661.566	10.95
661.752	10.89
661.937	10.4
662.123	9.58
662.308	10.77
662.494	10.55
662.679	9.98
662.864	11.93
663.05	10.6
663.235	11.32
663.42	10.86
663.605	10.23
663.791	9.18
663.976	10.8
664.161	11.07
664.346	11.27
664.532	9.58
664.717	10.53
664.902	9.91
665.087	12.37
665.272	12.13
665.457	11.51
665.642	11.01
665.828	11.43
666.013	10.93
666.198	9.39
666.383	11.5
666.568	11.24
666.753	11.37
666.938	11.29
667.123	12.73
667.308	10.42
667.493	9.93
667.677	10.8
667.862	11.17
668.047	10.86
668.232	8.93
668.417	9.81
668.602	9.46
668.787	13.51
668.971	10.77
669.156	12.73
669.341	8.74
669.526	11.43
669.711	10.64
669.895	12.81
670.08	10.47
670.265	11.67
670.449	9.53
670.634	11.76
670.819	13.12
671.003	10.34
671.188	10.92
671.372	9.96
671.557	12.23
671.742	12.24
671.926	10.66
672.111	10.67
672.295	10.42
672.48	11.28
672.664	12.19
672.849	9.7
673.033	12.68
673.217	11.93
673.402	10.14
673.586	10.13
673.771	12.07
673.955	14.9
674.139	13.69
674.324	12.87
674.508	12.6
674.692	12.57
674.876	14.06
675.061	13.92
675.245	14.25
675.429	13.76
675.613	10.68
675.798	14.09
675.982	15.27
676.166	11.29
676.35	14.5
676.534	14.54
676.718	13.62
676.902	15.56
677.087	9.57
677.271	13.22
677.455	12.62
677.639	12.28
677.823	16.62
678.007	17.73
678.191	15.89
678.375	13.83
678.559	16.01
678.742	14.56
678.926	16.03
679.11	17.8
679.294	14.96
679.478	14.22
679.662	13.3
679.846	15.52
680.029	14.87
680.213	17.22
680.397	17.89
680.581	14.47
680.765	17.15
680.948	16.73
681.132	17.6
681.316	15.67
681.499	18.16
681.683	16.53
681.867	17.52
682.05	18.88
682.234	16.89
682.417	18.92
682.601	15.54
682.785	20.99
682.968	17.22
683.152	20.1
683.335	17.08
683.519	22.72
683.702	20.48
683.886	21.22
684.069	18.29
684.253	22.78
684.436	19.92
684.619	20.05
684.803	18.08
684.986	18.95
685.169	24.51
685.353	18.47
685.536	23.82
685.719	22.38
685.903	24.2
686.086	20.52
686.269	23.28
686.452	19.22
686.636	25.18
686.819	25.72
687.002	22.37
687.185	24.87
687.368	25.2
687.551	24.83
687.734	23.96
687.918	23.82
688.101	24.91
688.284	26.06
688.467	27.04
688.65	27.83
688.833	28.62
689.016	23.97
689.199	26.76
689.382	29.73
689.565	31.33
689.748	24.92
689.93	24.93
690.113	29.38
690.296	27.71
690.479	24.99
690.662	27.02
690.845	28.85
691.028	28.49
691.21	32.78
691.393	30.41
691.576	28.27
691.759	27.08
691.941	29.29
692.124	31.31
692.307	30.81
692.489	29.97
692.672	33.47
692.855	29.07
693.037	33.66
693.22	33.32
693.403	31.25
693.585	35.98
693.768	37.31
693.95	32.91
694.133	35.36
694.315	34.51
694.498	32.91
694.68	31.59
694.863	33.61
695.045	34.25
695.228	31.68
695.41	30.93
695.592	36.72
695.775	31.12
695.957	33.26
696.139	34
696.322	36.4
696.504	37.22
696.686	34.97
696.869	32.99
697.051	35.94
697.233	35.74
697.415	37.15
697.597	37.9
697.78	34.31
697.962	33.52
698.144	38.07
698.326	30.54
698.508	39.05
698.69	33.16
698.872	38.42
699.055	43.11
699.237	36.86
699.419	37.97
699.601	29.92
699.783	43.23
699.965	34.91
700.147	39.37
700.329	41.12
700.51	41.45
700.692	43.28
700.874	37.4
701.056	42.93
701.238	38.86
701.42	42.35
701.602	39.91
701.783	40.65
701.965	35.47
702.147	39.89
702.329	37.65
702.511	37.36
702.692	44.53
702.874	35.36
703.056	41.2
703.237	45.89
703.419	37.55
703.601	46.1
703.782	44.03
703.964	37.41
704.146	36.78
704.327	43.36
704.509	40.16
704.69	38.2
704.872	43.02
705.053	39.08
705.235	45.35
705.416	37.97
705.598	37.83
705.779	35.41
705.961	44.53
706.142	39.67
706.323	39.49
706.505	40.23
706.686	39.5
706.867	42.89
707.049	46.65
707.23	40.79
707.411	44.96
707.593	40.9
707.774	42.17
707.955	52.71
708.136	41.87
708.318	43.97
708.499	47.35
708.68	50.6
708.861	40.09
709.042	37.75
709.223	43.08
709.404	46.22
709.585	36.57
709.767	47.78
709.948	43.08
710.129	41.96
710.31	42.49
710.491	36.6
710.672	45.24
710.853	36.14
711.034	50.98
711.214	43.32
711.395	39.22
711.576	39.57
711.757	40.05
711.938	42.47
712.119	35.17
712.3	42.92
712.481	34.53
712.661	44.19
712.842	49.32
713.023	44.67
713.204	42.59
713.384	44.98
713.565	43.16
713.746	40.13
713.926	40.78
714.107	40.53
714.288	42.85
714.468	39.44
714.649	42.66
714.83	42.8
715.01	50.14
715.191	30.88
715.371	44.83
715.552	41.92
715.732	46.99
715.913	50.93
716.093	47.65
716.274	39.37
716.454	58.54
716.635	51.28
716.815	44.28
716.995	39.75
717.176	56.5
717.356	43.04
717.536	57.27
717.717	43.53
717.897	41.69
718.077	41.37
718.258	57.55
718.438	55.98
718.618	55.69
718.798	46.76
718.978	50.55
719.159	45.09
719.339	46.86
719.519	41.57
719.699	50.18
719.879	56.1
720.059	35.28
720.239	55.58
720.419	58.06
720.599	45.27
720.779	68.93
720.959	48.08
721.139	52.4
721.319	49.36
721.499	49.8
721.679	35.43
721.859	40.47
722.039	38.69
722.219	52.47
722.399	35.34
722.579	45.66
722.759	43.82
722.938	38.08
723.118	53.95
723.298	46.04
723.478	46.44
723.658	58.98
723.837	49.82
724.017	41.78
724.197	39.14
724.376	62.23
724.556	41.75
724.736	43.26
724.915	49.07
725.095	49.62
725.275	45.92
725.454	34.38
725.634	42.66
725.813	56.61
725.993	43.44
726.172	44.85
726.352	44.88
726.531	32.7
726.711	55.8
726.89	49.93
727.07	57.07
727.249	45.13
727.428	44.14
727.608	43.09
727.787	49.77
727.966	56.11
728.146	48.34
728.325	50.09
728.504	41.96
728.684	37.3
728.863	52.37
729.042	33.42
729.221	27.17
729.4	37.55
729.58	47
729.759	66.9
729.938	48.69
730.117	54.09
730.296	40.68
730.475	33.16
730.654	60.05
730.833	38.4
731.013	48.1
731.192	46.31
731.371	61.65
731.55	54.43
731.729	50.31
731.907	56.53
732.086	55.5
732.265	44.2
732.444	58.12
732.623	48.24
732.802	62.44
732.981	42.6
733.16	49.91
733.339	43.94
733.517	45.18
733.696	60.26
733.875	40.39
734.054	49.32
734.232	51.56
734.411	72.59
734.59	43.64
734.768	58.03
734.947	43.51
735.126	29.74
735.304	50.13
735.483	51.2
735.662	67.97
735.84	31.31
736.019	22.76
736.197	29.48
736.376	66.43
736.554	63.99
736.733	75.98
736.911	67.46
737.09	44.15
737.268	30
737.447	59.05
737.625	69.29
737.803	73.28
737.982	75.23
738.16	61.26
738.338	53.81
738.517	66.68
738.695	42.07
738.873	76.93
739.052	43.54
739.23	64.1
739.408	41.01
739.586	55.98
739.764	27.19
739.943	52.92
740.121	36.6
740.299	41.54
740.477	46.78
740.655	60.24
740.833	73.5
741.011	59.64
741.189	62.75
741.367	54.8
741.545	27.28
741.723	26.04
741.901	33.99
742.079	48.59
742.257	61.41
742.435	63.58
742.613	82.32
742.791	78.35
742.969	47.05
743.147	38.3
743.325	57.37
743.503	70.25
743.68	50.14
743.858	22.46
744.036	47.72
744.214	22.88
744.391	55.28
744.569	51.44
744.747	57.4
744.925	76.03
745.102	68.11
745.28	37.66
745.458	102.66
745.635	47.88
745.813	66.68
745.99	53.32
746.168	60.22
746.345	82.45
746.523	52.03
746.7	54.43
746.878	34.96
747.055	33.49
747.233	70.2
747.41	88.18
747.588	43.8
747.765	28.17
747.943	47.58
748.12	-11.45
748.297	36.34
748.475	55.73
748.652	48.64
748.829	53.4
749.007	29.26
749.184	53.31
749.361	64.51
749.538	67.47
749.716	60.61
749.893	64.28
750.07	38.58
750.247	51.57
750.424	81.42
750.601	87.56
750.778	47.2
750.956	40.17
751.133	16.9
751.31	63.47
751.487	31.22
751.664	13.73
751.841	21.57
752.018	68.81
752.195	42.84
752.372	60.97
752.549	-11.72
752.726	66.98
752.902	49.47
753.079	60.27
753.256	109.01
753.433	27.53
753.61	61.37
753.787	32.83
753.964	34.65
754.14	13.08
754.317	52.06
754.494	32.57
754.671	57.51
754.847	40.82
755.024	22
755.201	65.58
755.377	44.92
755.554	22.44
755.73	37.71
755.907	88.33
756.084	52.68
756.26	59.82
756.437	12.61
756.613	54.18
756.79	34.23
756.966	53.24
757.143	58.43
757.319	61.3
757.496	89.16
757.672	36.82
757.849	40.69
758.025	12.88
758.201	129.37
758.378	38.24
758.554	36.86
758.73	39.19
758.907	27.28
759.083	37.31
759.259	94.06
759.435	41.52
759.612	86.87
759.788	63.38
759.964	77.74
760.14	58.58
760.316	25.17
760.493	44.48
760.669	99.46
760.845	20.26
761.021	87.7
761.197	-6.97
761.373	84.23
761.549	61.11
761.725	0.09
761.901	41.96
762.077	68.46
762.253	1.53
762.429	62.7
762.605	6.19
762.781	37.99
762.957	53.51
763.133	53.74
763.308	43.6
763.484	55.87
763.66	66.16
763.836	49.17
764.012	42.56
764.187	31.7
764.363	111.1
764.539	52.3
764.715	45.63
764.89	39.52
765.066	93.44
765.242	109.08
765.417	46.69
765.593	24.62
765.769	65.29
765.944	36.82
766.12	71.11
766.295	-2.01
766.471	24.51
766.646	67.63
766.822	34.53
766.997	79.74
767.173	77.12
767.348	11.86
767.524	3.69
767.699	24.2
767.875	24.94
768.05	20.65
768.225	80.03
768.401	44.39
768.576	15.37
768.751	35.2
768.927	53.26
769.102	97.6
769.277	8.87
769.452	38.25
769.628	49.19
769.803	69.2
769.978	-24.44
770.153	-32.63
770.328	46.51
770.503	92.74
770.679	180.56
770.854	83.5
771.029	43.33
771.204	-94.7
771.379	43.2
771.554	-39.04
771.729	36.17
771.904	30.23
772.079	62.66
772.254	94.5
772.429	31.7
772.604	18.16
772.779	85.17
772.953	70.11
773.128	43.77
773.303	18.72
773.478	73.58
773.653	45.9
773.828	42.05
774.002	114.71
774.177	1.47
774.352	647.83
774.527	43.28
774.701	53.7
774.876	132.09
775.051	193.05
775.225	296.91
775.4	6.64
775.575	66.69
775.749	-22.24
775.924	78.39
776.098	25.43
776.273	71.15
776.447	9.71
776.622	29.72
776.796	52.61
776.971	39.85
777.145	-6.42
777.32	65.45
777.494	55.91
777.669	37.22
777.843	35.5
778.017	-13.41
778.192	-8.58
778.366	12.98
778.54	22.72
778.715	34.29
778.889	-11.66
779.063	49.38
779.237	43.54
779.412	33.67
779.586	62.78
779.76	44.65
779.934	9.63
780.108	-4.59
780.282	-607.46
780.457	83.25
780.631	17.78
780.805	-16.24
780.979	-786.57
781.153	-58.06
781.327	85.42
781.501	-38.06
781.675	28.28
781.849	5.95
782.023	114.91
782.197	16.34
782.371	158.29
782.545	-58.28
782.718	110.6
782.892	68.87
783.066	76.37
783.24	189.88
783.414	-65.38
783.588	88.91
783.761	26.37
783.935	19.36
784.109	70.76
784.283	-40.87
784.456	267.77
784.63	19.26
784.804	56.17
784.977	35.59
785.151	4.67
785.324	49.4
785.498	-4.11
785.672	65.4
785.845	133.79
786.019	-33.65
786.192	302.65
786.366	75.23
786.539	-48.47
786.713	-84.74
786.886	38.21
787.06	116.31
787.233	-13.44
787.406	-5.67
787.58	-5.55
787.753	110.12
787.926	160.22
788.1	-95.09
788.273	-1518.87
788.446	-43.91
788.62	1706.45
788.793	74.75
788.966	22.06
789.139	17.18
789.313	59.13
789.486	-8900
789.659	-253.14
789.832	19.44
790.005	132.19
790.178	583.19
790.351	41.86
790.524	45.08
790.697	56.47
790.87	17.77
791.044	1.82
791.216	73.21
791.389	-134.22
791.562	90.74
791.735	-272.15
791.908	590.91
792.081	90.69
792.254	-38.46
792.427	-80.67
792.6	-31.2
792.773	-3.11
792.945	610.45
793.118	41.94
793.291	-262.64
793.464	-178.3
793.637	-73.01
793.809	-11.55
793.982	8.68
794.155	144.5
794.327	69.64
794.5	-278.46
794.673	-189.07
794.845	-149.81
795.018	-91.88
795.19	93.26
795.363	56.06
795.536	58.76
795.708	-1932.26
795.881	-740
796.053	-40.21
796.226	48.57
796.398	18.25
796.57	93.52
796.743	-150.15
796.915	32.53
797.088	-91.9
797.26	-244.88
797.432	-317.72
797.605	51.87
797.777	-297.4
797.949	111.58
798.122	54.19
798.294	199.55
798.466	-157.14
798.638	-116.3
798.81	91.55
798.983	168.35
799.155	88.9
799.327	-51.81
799.499	77.55
799.671	267.49
799.843	-30.33
800.015	-65.76
800.187	9.59
800.359	45.45
800.531	1.91
800.703	150.32
800.875	41.27
801.047	5.13
801.219	138.91
801.391	-718.18
801.563	52.52
801.735	62.87
801.907	-95.09
802.079	117.03
802.251	-262.64
802.422	-225.98
802.594	-515.58
802.766	-38.66
802.938	43.5
803.11	58.37
803.281	-349.01
803.453	81.14
803.625	46.29
803.796	50.82
803.968	50.57
804.14	-27.58
804.311	3.44
804.483	114.24
804.654	33.75
804.826	-22.26
804.998	270.05
805.169	-152.51
805.341	-87.2
805.512	215.53
805.684	83.98
805.855	105.5
806.026	644.62
806.198	147.85
806.369	-37.94
806.541	37.06
806.712	156.89
806.883	117.98
807.055	13.64
807.226	158.96
807.397	-64.84
807.569	508.85
807.74	46.23
807.911	264.08
808.082	-53.36
808.253	129.7
808.425	107.2
808.596	147.19
808.767	43.88
808.938	117.7
809.109	165.35
809.28	-113.27
809.451	38.6
809.622	-179.14
809.793	196.77
809.964	-93.04
810.135	73.56
810.306	41.04
810.477	321.48
810.648	-4.3
810.819	30.02
810.99	-740
811.161	17.47
811.332	31.89
811.503	74.79
811.674	478.46
811.844	312.31
812.015	-9.23
812.186	331.9
812.357	236.48
812.527	16.65
812.698	27.88
812.869	496.23
813.04	16.63
813.21	451.72
813.381	13.62
813.551	34.08
813.722	31.8
813.893	31.88
814.063	24.07
814.234	-914.55
814.404	18.36
814.575	57.29
814.745	-22.12
814.916	-69.18
815.086	2.74
815.257	5.83
815.427	-36.2
815.598	23.69
815.768	44.7
815.938	51.27
816.109	97.57
816.279	112.62
816.449	-75.83
816.62	68.42
816.79	35.94
816.96	473.58
817.13	-20
817.301	-91.88
817.471	-39.83
817.641	405.52
817.811	183.21
817.981	-3242.86
818.152	97.16
818.322	58.42
818.492	80.76
818.662	114.84
818.832	32.14
819.002	30.23
819.172	243.06
819.342	158.96
819.512	43.57
819.682	34.39
819.852	-23.56
820.022	77.38
820.192	52.81
820.362	74.72
820.531	109.77
820.701	-17.2
820.871	-64.75
821.041	53.85
821.211	50.48
821.381	35.66
821.55	220
821.72	-500
821.89	866.15
822.059	150.72
822.229	1.98
822.399	-166.37
822.568	188.4
822.738	-529.27
822.908	228.83
823.077	-132.47
823.247	89.27
823.416	-1841.18
823.586	-140.64
823.756	-97.75
823.925	411.39
824.095	811.63
824.264	-160.99
824.433	20.35
824.603	144.74
824.772	-9.54
824.942	-667.09
825.111	-186.43
825.28	-90.06
825.45	345.22
825.619	133.54
825.788	-149.44
825.958	-45.7
826.127	-18.5
826.296	258.31
826.465	169.18
826.635	47.43
826.804	-88.01
826.973	146.49
827.142	-183.4
827.311	120.13
827.48	50.74
827.649	15.36
827.818	57.48
827.988	-39.2
828.157	0.31
828.326	-143.5
828.495	13.31
828.664	275.1
828.833	343.82
829.002	-134.78
829.17	224.83
829.339	253.77
829.508	87.85
829.677	-108.99
829.846	32.09
830.015	13.8
830.184	7.79
830.352	51.14
830.521	-51.08
830.69	114.63
830.859	-711.76
831.027	-310.53
831.196	178.07
831.365	-43.96
831.533	55.68
831.702	-198.79
831.871	32.05
832.039	-34.69
832.208	-72.17
832.377	57.48
832.545	64.52
832.714	105.2
832.882	64.71
833.051	193.12
833.219	2928.57
833.388	75.46
833.556	-38.19
833.724	-12.37
833.893	0.2
834.061	5.26
834.23	-125.76
834.398	0.39
834.566	341.56
834.735	357.14
834.903	926.42
835.071	4300
835.239	-149.84
835.408	54.69
835.576	420.93
835.744	85.75
835.912	184.63
836.08	115.42
836.249	858.49
836.417	237.97
836.585	286.71
836.753	46.05
836.921	304.32
837.089	-9242.86
837.257	-1113.95
837.425	-106.81
837.593	-36.16
837.761	84.54
837.929	-3.58
838.097	71.6
838.265	62.43
838.433	-0.33
838.601	190.72
838.769	745.57
838.936	740.45
839.104	91.83
839.272	91.76
839.44	86
839.608	-236.59
839.775	124.09
839.943	71.3
840.111	87.66
840.279	-31.71
840.446	-446.27
840.614	-422.08
840.781	230.43
840.949	53.29
841.117	15.84
841.284	97.42
841.452	-97.52
841.619	31.67
841.787	53.51
841.954	-220.93
842.122	-194.8
842.289	-49.23
842.457	-92.07
842.624	131.44
842.792	-132.12
842.959	-40.57
843.126	-74.08
843.294	10.64
843.461	-32.33
843.629	200.8
843.796	46.87
843.963	60.31
844.13	115.21
844.298	-171.04
844.465	-31.2
844.632	-67.7
844.799	-17.59
844.966	122.98
845.134	44.67
845.301	-38.94
845.468	-78.81
845.635	25.8
845.802	92.34
845.969	119.95
846.136	14.63
846.303	-436.84
846.47	-19.04
846.637	72.31
846.804	-815.79
846.971	-4.26
847.138	269.11
847.305	-234.51
847.472	-36.78
847.639	64.87
847.805	-83.02
847.972	-125.97
848.139	-98.28
848.306	510.53
848.473	664.18
848.639	32.44
848.806	104.8
848.973	98.85
849.14	283.6
849.306	-31.84
849.473	-126.49
849.64	552.31
849.806	-189.95
849.973	531.35
850.139	254.97
850.306	44.35
850.472	199.63
850.639	109.84
850.806	-2584.21
850.972	251.3
851.139	-2385.71
851.305	-40.24
851.471	-21.71
851.638	184.66
851.804	341.79
851.971	-18.4
852.137	50.48
852.303	102.55
852.47	-18.86
852.636	-98.09
852.802	133.07
852.968	-101.7
853.135	206.6
853.301	-194.8
853.467	180.66
853.633	83.9
853.8	36.79
853.966	-164.97
854.132	4814.29
854.298	60.58
854.464	147.19
854.63	101.01
854.796	175.25
854.962	173.38
855.128	110.91
855.294	49.28
855.46	-105.87
855.626	-62.28
855.792	-110.81
855.958	280.58
856.124	-87.73
856.29	175.5
856.456	-48.16
856.622	-14.89
856.787	715.58
856.953	41.55
857.119	391.09
857.285	23.22
857.45	-8.13
857.616	110.8
857.782	-5.88
857.948	-18.5
858.113	-20.82
858.279	176.14
858.445	-27.56
858.61	-332.56
858.776	53.85
858.941	355.45
859.107	29.29
859.273	107.06
859.438	40.22
859.604	-1321.05
859.769	284.25
859.935	-84.16
860.1	84.38
860.265	38.64
860.431	354.68
860.596	8071.43
860.762	59.77
860.927	-3.68
861.092	29.77
861.258	-102.27
861.423	264.48
861.588	167
861.753	5842.86
861.919	-273.58
862.084	-27.56
862.249	236.27
862.414	69.28
862.579	23.86
862.745	113.61
862.91	159.78
863.075	-85.67
863.24	105.89
863.405	-186.43
863.57	-73.94
863.735	145.59
863.9	285.84
864.065	41.65
864.23	95.25
864.395	110.68
864.56	25.68
864.725	487.34
864.89	-82.02
865.055	57.62
865.22	11.95
865.384	201.12
865.549	-534.95
865.714	-89.7
865.879	35.08
866.044	188.52
866.208	95.53
866.373	-196.7
866.538	-55.97
866.702	-43.61
866.867	37.79
867.032	124
867.196	95.73
867.361	268
867.526	-36.48
867.69	-10.14
867.855	-223.08
868.019	656.36
868.184	-29.75
868.348	110.24
868.513	-267.74
868.677	172.37
868.842	-16.61
869.006	128.9
869.17	-681.13
869.335	-821.95
869.499	-173.79
869.663	-86.75
869.828	-82.19
869.992	-304.65
870.156	63.12
870.321	-77.71
870.485	58.76
870.649	3.43
870.813	97.79
870.978	-45.53
871.142	-592.31
871.306	-158.77
871.47	507.3
871.634	511.02
871.798	81.37
871.962	-18.91
872.126	-3757.14
872.29	89.83
872.454	2414.29
872.618	217.7
872.782	502.99
872.946	297.32
873.11	109.05
873.274	82.66
873.438	-5.88
873.602	35.09
873.766	731.17
873.93	-72.6
874.094	241.57
874.257	-16.18
874.421	283.82
874.585	-609.09
874.749	-6.8
874.912	-7.91
875.076	35.98
875.24	-82.95
875.403	97.95
875.567	151.43
875.731	-122.47
875.894	102.45
876.058	332.54
876.222	-122.47
876.385	-35.68
876.549	186.8
876.712	241.82
876.876	44.13
877.039	111.58
877.203	140.75
877.366	46.3
877.529	-131.1
877.693	-33.47
877.856	108.22
878.02	-24.44
878.183	4.08
878.346	61.04
878.51	9.73
878.673	-163.31
878.836	82.97
878.999	545.16
879.163	59.25
879.326	34.02
879.489	-19.35
879.652	75.17
879.815	15.53
879.978	-0.41
880.142	55.7
880.305	81.37
880.468	17.59
880.631	22.02
880.794	25.81
880.957	524.39
881.12	-3252.94
881.283	5.83
881.446	0.18
881.609	276.98
881.772	125.41
881.935	-1558.82
882.097	196.68
882.26	473.58
882.423	-102.01
882.586	88.93
882.749	234.69
882.912	-146.63
883.074	91.58
883.237	54.45
883.4	15.65
883.562	79.04
883.725	-221.6
883.888	10.24
884.05	-4100
884.213	56.82
884.376	39.73
884.538	51.63
884.701	51.63
884.863	51.63
