181.954	-70.04
182.172	-70.04
182.39	-70.04
182.608	-1100
182.826	640.66
183.043	2.98
183.261	109.81
183.479	226.69
183.697	1229.41
183.914	-45.75
184.132	177.01
184.35	116.14
184.567	150.7
184.785	-38.05
185.003	-11.05
185.22	120.6
185.438	47.02
185.656	-243.72
185.873	-195.38
186.091	31.43
186.309	-313.79
186.526	-111.76
186.744	25.86
186.961	119.13
187.179	-116.11
187.396	-7.84
187.614	-66.15
187.831	2260
188.049	-187.12
188.266	83.49
188.484	-114.93
188.701	-39.81
188.919	34.98
189.136	105.99
189.354	192.66
189.571	-81.99
189.789	73.39
190.006	41.84
190.223	197.3
190.441	69.5
190.658	-4528.57
190.876	67.44
191.093	-31.87
191.31	9.37
191.528	66.28
191.745	-25.05
191.962	64.77
192.179	-14.1
192.397	-128.34
192.614	-21.4
192.831	-77.68
193.049	4.91
193.266	146.6
193.483	29.1
193.7	727.69
193.917	40.77
194.135	22.3
194.352	-29.73
194.569	59.1
194.786	66.31
195.003	94.38
195.221	117.03
195.438	57.6
195.655	136.18
195.872	-91.19
196.089	62.17
196.306	36.84
196.523	51.1
196.74	310.61
196.957	25.43
197.174	160.91
197.391	22.5
197.608	9.53
197.825	-829.03
198.042	-16.01
198.259	-231.03
198.476	118.24
198.693	-4220
198.91	223.61
199.127	-526.87
199.344	-2.02
199.561	-115.03
199.778	28.94
199.995	-670.15
200.212	-396.55
200.429	-30.81
200.646	358.23
200.862	356.18
201.079	66.41
201.296	139.74
201.513	612.62
201.73	-174.54
201.947	100
202.163	6.21
202.38	294.22
202.597	-60.43
202.814	47.12
203.03	6340
203.247	27.64
203.464	-19.31
203.681	53.25
203.897	141.16
204.114	643.4
204.331	87.9
204.547	-541.86
204.764	84.64
204.981	523.53
205.197	309.36
205.414	42.25
205.63	596.55
205.847	39.7
206.064	78.18
206.28	47.68
206.497	-34
206.713	148.1
206.93	58.35
207.146	-13.03
207.363	-158.46
207.579	-783.52
207.796	25.66
208.012	67.12
208.229	386.57
208.445	41.14
208.662	79.83
208.878	-37.37
209.095	-1170.59
209.311	-11.6
209.528	11071.43
209.744	21.24
209.96	-130.46
210.177	437.86
210.393	25.21
210.609	4900
210.826	-172.39
211.042	465.22
211.258	494.03
211.475	-2.67
211.691	-56.65
211.907	479.75
212.124	43.71
212.34	237.14
212.556	-43.33
212.772	-71.43
212.989	100
213.205	82.29
213.421	-111.06
213.637	-43.28
213.853	39.3
214.069	352.63
214.286	169.97
214.502	-7.46
214.718	-129.47
214.934	93.2
215.15	111.8
215.366	118.51
215.582	104.24
215.798	86.68
216.015	57.38
216.231	190.81
216.447	38.42
216.663	100
216.879	39.7
217.095	164.43
217.311	-964.15
217.527	129.4
217.743	-167.96
217.959	-624.53
218.175	-35.37
218.391	-98.56
218.606	17.71
218.822	392.17
219.038	132.09
219.254	74.74
219.47	28.54
219.686	302.25
219.902	55.21
220.118	22.8
220.334	7.8
220.549	124.05
220.765	18.64
220.981	-190.7
221.197	-5.92
221.413	-137.36
221.628	-188.61
221.844	552.83
222.06	-249.51
222.276	34.13
222.491	49.56
222.707	-49.51
222.923	-407.38
223.139	-27.82
223.354	49.38
223.57	-51.18
223.786	32.56
224.001	30.5
224.217	-64.43
224.432	-253.76
224.648	128.51
224.864	-30.12
225.079	458.21
225.295	4.71
225.51	171.35
225.726	56.78
225.942	58.62
226.157	59.15
226.373	-175.74
226.588	-26.32
226.804	-1605.26
227.019	27.64
227.235	62.8
227.45	58.73
227.665	5380
227.881	100
228.096	246.09
228.312	-36.97
228.527	101.91
228.743	52
228.958	2.04
229.173	-369.57
229.389	-43.33
229.604	118.52
229.819	119.62
230.035	-112.01
230.25	-106.41
230.465	-22.55
230.681	-220.52
230.896	-41.31
231.111	61.79
231.327	43.7
231.542	-4940
231.757	42.01
231.972	-78.09
232.187	-78.72
232.403	-2363.16
232.618	-127.8
232.833	71.61
233.048	-183.64
233.263	-10.13
233.478	-66.96
233.694	-541.86
233.909	-558.06
234.124	90.31
234.339	-54.99
234.554	1424.14
234.769	-83.57
234.984	51.57
235.199	-2.75
235.414	-165.49
235.629	-36.71
235.844	63.51
236.059	68.67
236.274	81.87
236.489	39.81
236.704	156.67
236.919	54.52
237.134	93.3
237.349	19.06
237.564	8.6
237.779	14.51
237.994	-119.57
238.209	71.47
238.424	48.47
238.639	58.94
238.853	37.71
239.068	-45.02
239.283	107.25
239.498	163.32
239.713	131.1
239.928	17.24
240.142	-26.32
240.357	-86.38
240.572	56.06
240.787	-53.68
241.001	-7.23
241.216	15.24
241.431	87.19
241.646	-24.14
241.86	13.9
242.075	-1044.19
242.29	14.13
242.504	0.86
242.719	271.43
242.934	175.59
243.148	-55.81
243.363	61.73
243.577	-169.66
243.792	148.58
244.007	21.22
244.221	-102.6
244.436	-598.51
244.65	180.98
244.865	151.18
245.079	175.34
245.294	-400.72
245.508	14.48
245.723	56.06
245.937	-137.36
246.152	63.04
246.366	130.87
246.581	-82.47
246.795	-142.94
247.01	-39.31
247.224	40.24
247.438	-43.33
247.653	64.2
247.867	225.07
248.081	60.57
248.296	831.71
248.51	10.92
248.724	103.3
248.939	-867.16
249.153	31.43
249.367	-29.89
249.582	-34.06
249.796	-367.53
250.01	52.32
250.224	18.58
250.439	39.15
250.653	110.94
250.867	-2.92
251.081	-64.93
251.295	-4.51
251.51	-119.57
251.724	-262.59
251.938	135.69
252.152	-154.01
252.366	123.24
252.58	12.73
252.794	-7.17
253.008	235.1
253.223	25.5
253.437	5.96
253.651	-3.38
253.865	102.29
254.079	-23.9
254.293	95.19
254.507	-183.64
254.721	-13.15
254.935	495.6
255.149	6.13
255.363	62.45
255.577	397.99
255.791	246.44
256.005	70.55
256.218	-15.14
256.432	100
256.646	77.36
256.86	83.1
257.074	33.44
257.288	9460
257.502	-269.23
257.716	3.19
257.929	197.89
258.143	27.95
258.357	6.71
258.571	11.44
258.785	-90.57
258.998	44.85
259.212	76.57
259.426	-2.24
259.64	90.49
259.853	28.53
260.067	142.15
260.281	32.71
260.494	-27.23
260.708	515.84
260.922	-57.7
261.135	81.22
261.349	59.66
261.563	157.83
261.776	805.88
261.99	72.68
262.203	60.39
262.417	-61.13
262.63	104.07
262.844	-237.08
263.058	-58.64
263.271	81.3
263.485	170.59
263.698	115.06
263.912	-206.38
264.125	-21.26
264.339	-60.63
264.552	81.87
264.765	-98.26
264.979	32.29
265.192	126.16
265.406	19.65
265.619	33.11
265.832	56.03
266.046	41.68
266.259	-17.97
266.473	-1990.32
266.686	100
266.899	-28.47
267.113	6100
267.326	-99.29
267.539	-10.71
267.752	33.02
267.966	74.02
268.179	122.14
268.392	142.03
268.605	-41.73
268.819	128.74
269.032	179.62
269.245	543.08
269.458	29.15
269.671	-355.7
269.885	57.43
270.098	33.42
270.311	160.76
270.524	-11.76
270.737	-108.7
270.95	44.37
271.163	-192.91
271.376	-1100
271.589	-249.37
271.802	47.9
272.016	21.82
272.229	138.03
272.442	-55.47
272.655	6.7
272.868	-107.34
273.081	59.55
273.294	77.65
273.506	66.08
273.719	-37.91
273.932	52.55
274.145	3700
274.358	77.84
274.571	61.68
274.784	145.28
274.997	20.7
275.21	51.9
275.423	31.17
275.635	39.7
275.848	131.15
276.061	243.05
276.274	11
276.487	-150.43
276.699	-60.79
276.912	26.34
277.125	74.47
277.338	-87.04
277.55	31.14
277.763	-27.23
277.976	116.83
278.189	-97.8
278.401	109.16
278.614	109.6
278.827	-8.66
279.039	83.1
279.252	41.99
279.464	-151.66
279.677	105.82
279.89	27.91
280.102	-38.69
280.315	919.51
280.527	-278.95
280.74	224.14
280.952	53.73
281.165	13.17
281.377	157.36
281.59	92.48
281.802	-4.96
282.015	-33.01
282.227	34.25
282.44	531.65
282.652	113.48
282.865	151.18
283.077	186.75
283.29	47.58
283.502	11.93
283.714	105.69
283.927	61.8
284.139	-59.66
284.351	72.38
284.564	350.27
284.776	79.6
284.988	6.71
285.201	297.01
285.413	49.68
285.625	-114.05
285.838	-26.41
286.05	67.36
286.262	157.56
286.474	89.12
286.686	-13.67
286.899	-34.53
287.111	-2.86
287.323	11.63
287.535	195.05
287.747	68.48
287.959	4.94
288.172	274.55
288.384	-0.54
288.596	-31.21
288.808	-398.11
289.02	-466.04
289.232	100
289.444	-97.6
289.656	-79.8
289.868	87.04
290.08	55.83
290.292	-53.19
290.504	-176.3
290.716	66.97
290.928	91.16
291.14	2025.58
291.352	49.41
291.564	-1382.35
291.776	117.25
291.988	-363.8
292.2	-47.87
292.412	28.65
292.624	202.3
292.835	440.3
293.047	-2.5
293.259	-65.52
293.471	116.29
293.683	1563.41
293.895	-2.98
294.106	3.82
294.318	48.6
294.53	86.03
294.742	968.97
294.953	-90.41
295.165	76.25
295.377	167.29
295.589	32.75
295.8	82.75
296.012	24.88
296.224	-4.97
296.435	121.64
296.647	73.43
296.858	151.8
297.07	1300
297.282	-60.61
297.493	-62.63
297.705	4
297.916	50.5
298.128	-1.36
298.34	96.73
298.551	-42.91
298.763	195.9
298.974	-12.2
299.186	38.25
299.397	-85.42
299.609	-751.61
299.82	-29.88
300.031	47.08
300.243	100
300.454	166.26
300.666	68.98
300.877	20.38
301.089	-27.66
301.3	87.18
301.511	63.41
301.723	-3.77
301.934	-97.01
302.145	103.63
302.357	93.2
302.568	407.2
302.779	-13.5
302.99	-126.01
303.202	52.11
303.413	3.72
303.624	-42.37
303.835	-58.49
304.047	7.69
304.258	-2.5
304.469	38.24
304.68	62.28
304.891	-62.31
305.103	-140.93
305.314	93.9
305.525	4728.57
305.736	-268.5
305.947	51.78
306.158	3700
306.369	59.52
306.58	12.76
306.791	100
307.002	-33.57
307.213	-3.33
307.424	-52.65
307.636	122.89
307.846	73.67
308.057	-16.5
308.268	20.13
308.479	11.29
308.69	-10.59
308.901	117.07
309.112	183.72
309.323	-70.29
309.534	81.47
309.745	79.16
309.956	-141.36
310.167	-87.56
310.377	62.98
310.588	-31.02
310.799	124.29
311.01	-110.48
311.221	-10.82
311.432	41.46
311.642	-11.16
311.853	163.32
312.064	-1100
312.275	501.49
312.485	175.18
312.696	52
312.907	136.18
313.117	64.18
313.328	-19.7
313.539	-7.42
313.749	-48.88
313.96	-453.85
314.171	62.6
314.381	73.38
314.592	-45.21
314.802	23.3
315.013	-119.07
315.224	46.42
315.434	-2363.16
315.645	-2300
315.855	-30.79
316.066	234.83
316.276	295.05
316.487	100
316.697	-14.55
316.908	-32.34
317.118	-41.39
317.329	141
317.539	22.98
317.749	311.16
317.96	-938.81
318.17	1.51
318.381	-97.8
318.591	-308.79
318.801	1.01
319.012	2.47
319.222	298.06
319.432	-13.15
319.643	134.99
319.853	51.57
320.063	42.17
320.273	-38.1
320.484	218.68
320.694	168.57
320.904	152.88
321.114	167.42
321.325	1962.07
321.535	9
321.745	-51.43
321.955	68.55
322.165	-84.89
322.375	101.29
322.585	306.13
322.796	844.83
323.006	-58.87
323.216	59.41
323.426	-66.75
323.636	404.31
323.846	-355.17
324.056	36.97
324.266	-16.38
324.476	23.61
324.686	158.38
324.896	49.66
325.106	892.45
325.316	-4.6
325.526	-2047.37
325.736	89.33
325.946	-24.76
326.156	-24.68
326.366	-546.96
326.576	65.65
326.785	136.18
326.995	59.21
327.205	21.61
327.415	116.27
327.625	634.31
327.835	-37.64
328.044	-50.75
328.254	68.7
328.464	66.08
328.674	214.41
328.884	-262.59
329.093	29.41
329.303	47.36
329.513	85.09
329.722	-2236.84
329.932	93.56
330.142	-9.27
330.351	-9.09
330.561	100
330.771	-90.41
330.98	67.3
331.19	376.92
331.4	-107.77
331.609	83.62
331.819	919.51
332.028	-30.29
332.238	140.68
332.447	92.79
332.657	54.94
332.866	10.1
333.076	10.65
333.285	2.28
333.495	-1835.48
333.704	-233.63
333.914	25.24
334.123	23.22
334.333	450.77
334.542	224.25
334.752	1336.92
334.961	394.34
335.17	-92.96
335.38	47.68
335.589	67.74
335.798	203.49
336.008	324.18
336.217	181.7
336.426	40.89
336.636	-119.57
336.845	5.35
337.054	661.04
337.263	-2.8
337.473	28.04
337.682	100
337.891	49.56
338.1	-72.66
338.309	-151.96
338.519	187.47
338.728	20.1
338.937	-145.67
339.146	5.04
339.355	-692.45
339.564	415.79
339.773	21.61
339.983	4.82
340.192	-651.3
340.401	18.26
340.61	53.01
340.819	19.75
341.028	-6.23
341.237	1582.35
341.446	-99.63
341.655	25.56
341.864	9
342.073	22.03
342.282	-122.65
342.491	5.67
342.699	18.45
342.908	68.83
343.117	39.84
343.326	114.57
343.535	-685.45
343.744	-147.31
343.953	-188
344.162	22.36
344.37	10.79
344.579	-473.13
344.788	7.93
344.997	136.71
345.206	33.55
345.414	5.79
345.623	131
345.832	-113.58
346.041	118.27
346.249	81.85
346.458	-2.96
346.667	105.12
346.875	105.6
347.084	54.44
347.293	-11.45
347.501	20.38
347.71	-35.6
347.918	51.29
348.127	-176.92
348.336	-249.67
348.544	21.15
348.753	46.27
348.961	44.19
349.17	-15.83
349.378	207.97
349.587	-75.68
349.795	-86.41
350.004	561.54
350.212	49.02
350.421	-27.43
350.629	-117.52
350.838	-14.81
351.046	85.04
351.254	38.05
351.463	24.89
351.671	-3121.05
351.879	79.76
352.088	121.98
352.296	312.39
352.504	163.41
352.713	61.13
352.921	-277.95
353.129	-131.62
353.338	-36.44
353.546	97.27
353.754	203.07
353.962	24.72
354.171	3.47
354.379	226.32
354.587	11.99
354.795	88.27
355.003	-16.01
355.212	27.49
355.42	937.74
355.628	134.7
355.836	-54.58
356.044	-12.43
356.252	37.14
356.46	45.88
356.668	986.15
356.876	62.25
357.084	28.55
357.292	6.81
357.5	20.57
357.708	-7.03
357.916	-24.25
358.124	120.99
358.332	-240.3
358.54	383.64
358.748	-429.87
358.956	4.1
359.164	-39.98
359.372	77.96
359.58	-573.38
359.788	3.56
359.996	-19.69
360.203	-25.45
360.411	-8.63
360.619	-98.99
360.827	-0.75
361.035	-106.13
361.242	156.3
361.45	-82.28
361.658	-99.05
361.866	-25.61
362.073	-35.69
362.281	27.73
362.489	-26.97
362.697	-47.61
362.904	-16.01
363.112	93.86
363.32	-13.34
363.527	-390.43
363.735	132.43
363.943	22.24
364.15	-44.17
364.358	37.47
364.565	-19.22
364.773	92.79
364.98	32.16
365.188	-94.38
365.395	204.22
365.603	-5.76
365.81	7.39
366.018	36.03
366.225	150.46
366.433	-45.91
366.64	44.62
366.848	55.02
367.055	-46.71
367.263	61.68
367.47	11.66
367.677	175.95
367.885	-22.39
368.092	-29.32
368.299	-109.58
368.507	155.93
368.714	546.02
368.921	-183.46
369.129	106.71
369.336	31.54
369.543	4.1
369.751	-69.37
369.958	-109.87
370.165	87.07
370.372	-54.32
370.579	11
370.787	74.47
370.994	233.77
371.201	96.73
371.408	88.25
371.615	-39.97
371.822	-39.41
372.029	100
372.237	-592.57
372.444	48.11
372.651	-12.44
372.858	149.27
373.065	47.36
373.272	47.83
373.479	-437.93
373.686	-25.12
373.893	134.95
374.1	31.1
374.307	-461.15
374.514	-123.48
374.721	-37.61
374.928	302.6
375.135	-103.77
375.341	10900
375.548	19.79
375.755	-85.42
375.962	32.46
376.169	-46.14
376.376	-89.47
376.583	84.04
376.789	61.46
376.996	1.37
377.203	1.4
377.41	-4.87
377.617	-5.73
377.823	-2.67
378.03	-906.45
378.237	72.9
378.443	-181.14
378.65	-352.83
378.857	29.15
379.063	160.76
379.27	-275.65
379.477	83.65
379.683	86.92
379.89	7.1
380.097	55.38
380.303	26.63
380.51	-8.09
380.716	-16.98
380.923	-41.73
381.129	32.84
381.336	-51.18
381.542	5.17
381.749	46.17
381.955	50.52
382.162	75.95
382.368	-19.22
382.575	-49.21
382.781	-24.14
382.988	-37.67
383.194	6.23
383.4	-2.34
383.607	51.56
383.813	122.14
384.02	10.39
384.226	-76.8
384.432	-14.08
384.639	39.41
384.845	-294.94
385.051	50.76
385.257	15.89
385.464	90.12
385.67	53.55
385.876	87.04
386.082	-103.39
386.289	90.08
386.495	34.39
386.701	-232.25
386.907	-81.07
387.113	-0.45
387.319	7.57
387.526	-28.99
387.732	-268.5
387.938	-92
388.144	235.65
388.35	39.18
388.556	-18.41
388.762	37.66
388.968	993.02
389.174	57.95
389.38	74.08
389.586	-50.98
389.792	-13.59
389.998	-39.96
390.204	-32.94
390.41	2.98
390.616	59.63
390.822	-52.52
391.028	9.41
391.234	33.02
391.439	-750.49
391.645	1.59
391.851	62.05
392.057	28.87
392.263	92.82
392.469	31.99
392.674	-26.95
392.88	0.53
393.086	-14.97
393.292	-49.18
393.498	-11.17
393.703	-19.3
393.909	1.75
394.115	98.29
394.32	14.39
394.526	8.37
394.732	66.86
394.937	54.96
395.143	-31.17
395.349	24.84
395.554	-285.93
395.76	51.34
395.965	-56.2
396.171	29.86
396.377	8.41
396.582	47.29
396.788	5.14
396.993	21.26
397.199	-5.91
397.404	22.23
397.61	3.88
397.815	-79.92
398.021	-36.4
398.226	-5.55
398.431	16.25
398.637	0.74
398.842	2.14
399.048	28.11
399.253	-4.12
399.458	15
399.664	-11.03
399.869	-9.71
400.074	15.77
400.28	19.41
400.485	-55.35
400.69	6.06
400.896	-29.79
401.101	-8.57
401.306	20.65
401.511	22.54
401.716	3.66
401.922	-26.24
402.127	-2.56
402.332	23.18
402.537	11.24
402.742	2.57
402.947	77.93
403.153	-4.59
403.358	11.27
403.563	25.85
403.768	24
403.973	7.57
404.178	13.92
404.383	27.18
404.588	24.46
404.793	7.04
404.998	-10.03
405.203	8.51
405.408	9.8
405.613	17.55
405.818	13.71
406.023	-9.58
406.228	4.25
406.433	9.17
406.638	2.42
406.842	8.5
407.047	17.33
407.252	8.36
407.457	4.14
407.662	10.49
407.867	3.17
408.071	11.41
408.276	-2.06
408.481	9.8
408.686	-4.99
408.891	9.34
409.095	10.72
409.3	3.61
409.505	14.84
409.709	-2.59
409.914	6.51
410.119	3.57
410.323	0.69
410.528	2.98
410.733	9.44
410.937	4.2
411.142	0.9
411.346	6.17
411.551	-1.16
411.756	0.3
411.96	4.88
412.165	-2.7
412.369	6.62
412.574	0.87
412.778	4.87
412.983	5.63
413.187	8.75
413.392	1.68
413.596	4.3
413.8	6.33
414.005	6.53
414.209	3.09
414.414	3.91
414.618	3.66
414.822	5.49
415.027	4.03
415.231	3.83
415.435	6.32
415.64	4.41
415.844	0.22
416.048	2.7
416.252	4.95
416.457	4.86
416.661	3.9
416.865	3.07
417.069	0.86
417.274	5.19
417.478	2.55
417.682	4.67
417.886	4.35
418.09	4.3
418.294	2.65
418.498	4.55
418.702	5.14
418.907	2.07
419.111	3
419.315	2.74
419.519	4.69
419.723	2.17
419.927	5.35
420.131	5.18
420.335	3.11
420.539	2.86
420.743	3.38
420.947	2.26
421.151	3.8
421.355	3.07
421.558	3.89
421.762	3.32
421.966	2.46
422.17	3.42
422.374	3.6
422.578	3.17
422.782	3.39
422.985	3.11
423.189	3.44
423.393	3.06
423.597	2.72
423.801	2.78
424.004	3.49
424.208	2.04
424.412	2.46
424.615	3.45
424.819	3.84
425.023	3.39
425.226	3.35
425.43	3.06
425.634	3.09
425.837	2.62
426.041	3.17
426.245	3.35
426.448	2.34
426.652	3.67
426.855	2.7
427.059	2.58
427.262	2.84
427.466	2.53
427.669	3.17
427.873	2.92
428.076	3.75
428.28	2.62
428.483	2.71
428.687	2.94
428.89	3.41
429.094	2.4
429.297	2.06
429.5	2.63
429.704	2.63
429.907	2.79
430.11	3.17
430.314	3.24
430.517	3.11
430.72	3
430.924	2.95
431.127	2.75
431.33	2.48
431.533	3.2
431.737	2.94
431.94	3.18
432.143	2.99
432.346	2.77
432.549	2.83
432.752	3.04
432.956	2.3
433.159	2.24
433.362	2.67
433.565	2.92
433.768	2.7
433.971	2.55
434.174	2.88
434.377	3.05
434.58	2.67
434.783	2.54
434.986	2.94
435.189	3.37
435.392	2.88
435.595	2.95
435.798	2.91
436.001	3.1
436.204	2.68
436.407	2.56
436.61	2.84
436.813	3.17
437.016	2.72
437.219	2.73
437.421	2.79
437.624	2.83
437.827	2.75
438.03	3.01
438.233	2.5
438.435	2.82
438.638	2.9
438.841	2.78
439.044	2.48
439.246	2.42
439.449	2.46
439.652	3.3
439.854	2.94
440.057	2.43
440.26	2.52
440.462	3.1
440.665	2.09
440.868	2.65
441.07	2.65
441.273	2.77
441.475	2.85
441.678	2.58
441.88	2.59
442.083	2.67
442.286	2.44
442.488	2.43
442.69	2.75
442.893	2.62
443.095	2.52
443.298	2.75
443.5	2.71
443.703	2.66
443.905	2.47
444.108	2.59
444.31	2.64
444.512	2.68
444.715	2.85
444.917	2.17
445.119	2.65
445.322	2.61
445.524	2.79
445.726	2.76
445.928	2.58
446.131	2.83
446.333	2.57
446.535	2.46
446.737	2.89
446.94	2.94
447.142	2.63
447.344	2.74
447.546	2.72
447.748	2.78
447.95	2.64
448.152	2.86
448.354	2.41
448.557	2.82
448.759	2.88
448.961	2.42
449.163	2.53
449.365	2.49
449.567	2.59
449.769	2.85
449.971	2.73
450.173	2.61
450.375	2.54
450.577	2.64
450.779	2.75
450.981	2.76
451.182	2.68
451.384	2.7
451.586	2.97
451.788	2.76
451.99	2.7
452.192	2.13
452.394	3
452.595	3.33
452.797	2.78
452.999	2.94
453.201	2.68
453.402	2.92
453.604	2.75
453.806	3.11
454.008	2.67
454.209	2.77
454.411	3.23
454.613	2.79
454.814	3
455.016	2.23
455.218	2.52
455.419	3.16
455.621	3.1
455.822	2.36
456.024	2.73
456.225	3.14
456.427	2.83
456.629	2.52
456.83	3.16
457.032	2.71
457.233	2.42
457.435	2.89
457.636	2.78
457.837	2.92
458.039	2.74
458.24	2.71
458.442	3.04
458.643	1.7
458.844	3.04
459.046	3.15
459.247	2.82
459.448	3.32
459.65	3.05
459.851	2.54
460.052	3.05
460.254	3.34
460.455	2.96
460.656	2.87
460.857	2.93
461.059	2.27
461.26	2.98
461.461	2.99
461.662	2.03
461.863	3.03
462.065	2.76
462.266	2.79
462.467	2.9
462.668	2.4
462.869	3.76
463.07	2.85
463.271	3.54
463.472	2.17
463.673	2.85
463.874	3.26
464.075	3.11
464.276	2.48
464.477	3.49
464.678	2.81
464.879	2.92
465.08	3.65
465.281	3.49
465.482	2.21
465.683	2.17
465.884	3.36
466.085	2.84
466.285	1.94
466.486	3.13
466.687	3.28
466.888	3.64
467.089	3.4
467.29	2.75
467.49	2.39
467.691	3.07
467.892	2.28
468.093	1.78
468.293	2.49
468.494	2.71
468.695	3.01
468.895	2.82
469.096	2.24
469.297	3.63
469.497	3.15
469.698	3.83
469.898	2.47
470.099	3.53
470.3	3.58
470.5	2.28
470.701	4.84
470.901	4.13
471.102	2.55
471.302	1.85
471.503	2.81
471.703	3.79
471.904	3.74
472.104	2.69
472.305	2.17
472.505	3.38
472.705	2.89
472.906	1.78
473.106	4.08
473.306	2.81
473.507	3.4
473.707	4.58
473.907	2.84
474.108	1.89
474.308	2.18
474.508	3.47
474.709	3.82
474.909	3.88
475.109	2.15
475.309	2.24
475.51	2.46
475.71	3.1
475.91	2.32
476.11	2.08
476.31	1.51
476.51	4.07
476.71	2.68
476.911	3.29
477.111	1.6
477.311	1.74
477.511	1.44
477.711	3.26
477.911	1.99
478.111	4.78
478.311	2.2
478.511	2.34
478.711	3.55
478.911	2.84
479.111	2.24
479.311	3.37
479.511	3.26
479.711	1.98
479.91	0.46
480.11	3.89
480.31	1.97
480.51	4.28
480.71	2.69
480.91	2.68
481.109	4
481.309	2.51
481.509	2.67
481.709	3.09
481.909	2.87
482.108	1.85
482.308	1.68
482.508	2.1
482.707	3.11
482.907	2.65
483.107	1.72
483.306	3.79
483.506	3.84
483.706	2.08
483.905	2.6
484.105	3.6
484.304	2.34
484.504	1.73
484.704	2.31
484.903	3.01
485.103	3.86
485.302	1.61
485.502	3.96
485.701	2.73
485.901	2.73
486.1	3.08
486.299	3.08
486.499	1.79
486.698	1.96
486.898	3.3
487.097	3.4
487.296	0.86
487.496	1.82
487.695	1.66
487.894	2.23
488.094	3.46
488.293	2.62
488.492	1.47
488.692	3.4
488.891	3.15
489.09	2.33
489.289	2.02
489.489	2.13
489.688	1.87
489.887	2.63
490.086	3.05
490.285	2.65
490.484	4.28
490.683	3.35
490.883	4.2
491.082	3.28
491.281	2.51
491.48	2.22
491.679	2.84
491.878	2.67
492.077	4.4
492.276	2.02
492.475	2.09
492.674	3.01
492.873	2.61
493.072	2.59
493.271	3.24
493.47	2.58
493.669	1.62
493.867	1.67
494.066	2.45
494.265	2.69
494.464	2.68
494.663	2.24
494.862	1.77
495.06	2.44
495.259	0.67
495.458	4.01
495.657	1.82
495.856	2.81
496.054	3.01
496.253	1.81
496.452	2.17
496.65	1.91
496.849	2.14
497.048	1.97
497.246	1.06
497.445	2.9
497.644	1.96
497.842	2.64
498.041	2.57
498.239	1.46
498.438	2.75
498.636	2.34
498.835	3.38
499.034	2.5
499.232	1.97
499.431	2.04
499.629	1.43
499.827	2.19
500.026	1.76
500.224	1.79
500.423	3.19
500.621	2.89
500.82	3.48
501.018	2.76
501.216	2.15
501.415	2.85
501.613	1.79
501.811	1.73
502.01	3.04
502.208	2.4
502.406	4.03
502.604	3.25
502.803	3.23
503.001	3.77
503.199	2.79
503.397	2.54
503.595	2.55
503.794	2.19
503.992	2.98
504.19	3.06
504.388	3.25
504.586	2.63
504.784	1.89
504.982	2.75
505.18	2.48
505.378	2.41
505.576	2.97
505.774	2.47
505.972	3.3
506.17	3.15
506.368	2.93
506.566	2.84
506.764	2.58
506.962	2.45
507.16	3.02
507.358	3.26
507.556	2.25
507.754	2.97
507.952	3.16
508.15	3.15
508.347	2.67
508.545	3.22
508.743	3.02
508.941	2.92
509.139	3.06
509.336	3.31
509.534	3.4
509.732	3.35
509.93	2.76
510.127	3.24
510.325	3
510.523	2.9
510.72	2.96
510.918	3.6
511.116	3.29
511.313	2.49
511.511	2.91
511.708	2.96
511.906	3.21
512.104	3.3
512.301	3.14
512.499	3.22
512.696	2.96
512.894	2.37
513.091	3.37
513.289	3.2
513.486	2.61
513.683	3.36
513.881	2.86
514.078	3.49
514.276	3.09
514.473	2.77
514.67	3.33
514.868	3.5
515.065	3.31
515.262	3.7
515.46	3.14
515.657	2.95
515.854	3.23
516.052	3.02
516.249	3.22
516.446	3.09
516.643	3.42
516.84	3.31
517.038	3.28
517.235	2.8
517.432	3.68
517.629	3.67
517.826	3.32
518.023	3.84
518.221	3.69
518.418	3.59
518.615	3.15
518.812	3.39
519.009	3.31
519.206	3.42
519.403	3.08
519.6	3.41
519.797	3.35
519.994	3.25
520.191	3.54
520.388	3.59
520.585	3.6
520.782	3.4
520.978	3.32
521.175	3.65
521.372	3.8
521.569	3.57
521.766	3.51
521.963	2.97
522.159	3.49
522.356	3.6
522.553	3.57
522.75	3.69
522.947	3.36
523.143	3.37
523.34	3.7
523.537	3.61
523.733	3.56
523.93	3.15
524.127	3.68
524.323	3.61
524.52	3.29
524.717	3.52
524.913	3.46
525.11	3.59
525.306	3.99
525.503	3.77
525.7	3.6
525.896	3.24
526.093	3.7
526.289	4.2
526.486	3.63
526.682	3.66
526.878	3.73
527.075	3.98
527.271	3.73
527.468	3.69
527.664	3.97
527.861	3.57
528.057	3.66
528.253	3.82
528.45	3.37
528.646	3.88
528.842	3.94
529.039	3.57
529.235	4.07
529.431	4.07
529.627	4.28
529.824	3.78
530.02	3.64
530.216	4.27
530.412	4.27
530.608	3.79
530.804	4.17
531.001	4.48
531.197	4.16
531.393	4.06
531.589	4.28
531.785	4.23
531.981	4.23
532.177	4.47
532.373	4.13
532.569	4.1
532.765	4.1
532.961	4.2
533.157	3.9
533.353	4.24
533.549	4.08
533.745	4.28
533.941	4.24
534.137	4.1
534.333	4.01
534.529	4.54
534.725	4.22
534.92	4.08
535.116	4.32
535.312	4.29
535.508	4.25
535.704	4.46
535.899	4.08
536.095	4.39
536.291	4.27
536.487	4.12
536.682	4.47
536.878	4.48
537.074	4.11
537.269	4.64
537.465	4.49
537.661	4.23
537.856	4.37
538.052	4.43
538.248	4.38
538.443	4.81
538.639	4.63
538.834	4.15
539.03	4.29
539.225	4.58
539.421	4.6
539.616	4.86
539.812	4.71
540.007	4.75
540.203	4.48
540.398	4.5
540.593	4.91
540.789	4.91
540.984	4.84
541.18	5.1
541.375	4.5
541.57	5.04
541.766	4.87
541.961	4.85
542.156	4.98
542.352	5.15
542.547	4.94
542.742	4.86
542.937	4.89
543.133	5.09
543.328	5.1
543.523	4.87
543.718	4.98
543.913	5.45
544.108	4.96
544.304	5
544.499	5.32
544.694	4.82
544.889	4.95
545.084	5.8
545.279	5.39
545.474	5.04
545.669	5.4
545.864	5.13
546.059	5.33
546.254	4.93
546.449	5.17
546.644	5.35
546.839	5.1
547.034	5.27
547.229	5.59
547.424	5.79
547.618	5.28
547.813	5.69
548.008	5.44
548.203	5.66
548.398	5.6
548.593	5.79
548.787	5.31
548.982	5.7
549.177	5.64
549.372	5.42
549.566	5.75
549.761	5.58
549.956	5.66
550.15	5.57
550.345	5.84
550.54	5.99
550.734	5.54
550.929	5.8
551.124	5.67
551.318	5.78
551.513	5.56
551.707	6.05
551.902	5.56
552.096	6.13
552.291	6.03
552.485	5.94
552.68	5.99
552.874	6.16
553.069	6.39
553.263	6.21
553.458	6.36
553.652	6.34
553.847	6.34
554.041	6.37
554.235	6.06
554.43	6.59
554.624	6.36
554.818	6.45
555.013	6.73
555.207	5.98
555.401	6.6
555.595	6.3
555.79	5.89
555.984	6.32
556.178	6.24
556.372	6.46
556.566	6.54
556.761	6.34
556.955	6.61
557.149	6.77
557.343	6.67
557.537	6.59
557.731	6.81
557.925	6.63
558.119	6.93
558.313	6.85
558.507	6.18
558.701	7.01
558.895	6.98
559.089	7.28
559.283	6.8
559.477	7.2
559.671	6.94
559.865	7.25
560.059	7.09
560.253	7
560.447	6.85
560.641	6.93
560.835	7.12
561.028	7.3
561.222	7.19
561.416	7.2
561.61	7.25
561.804	7.11
561.997	7.29
562.191	7.6
562.385	7.49
562.579	7.02
562.772	7.7
562.966	7.29
563.16	7.36
563.353	7.44
563.547	7.55
563.741	7.25
563.934	7.74
564.128	7.65
564.321	7.32
564.515	7.39
564.708	7.77
564.902	7.26
565.095	7.8
565.289	7.83
565.482	7.7
565.676	7.69
565.869	7.55
566.063	7.69
566.256	8.19
566.45	7.77
566.643	7.49
566.836	7.81
567.03	8.01
567.223	8.28
567.416	8.66
567.61	8.3
567.803	8.32
567.996	8.08
568.19	8.14
568.383	8.16
568.576	8.02
568.769	8.22
568.963	8.27
569.156	8.42
569.349	8.52
569.542	8.44
569.735	8.42
569.928	8.47
570.121	8.56
570.315	8.8
570.508	8.45
570.701	8.86
570.894	8.85
571.087	8.53
571.28	9.01
571.473	8.98
571.666	8.82
571.859	8.86
572.052	8.74
572.245	9.15
572.438	9.31
572.631	8.78
572.824	9.01
573.016	8.79
573.209	9
573.402	8.66
573.595	9.1
573.788	9.34
573.981	9.34
574.173	9.38
574.366	9.47
574.559	9.18
574.752	9.06
574.944	9.14
575.137	9.18
575.33	9.35
575.523	9.61
575.715	9.33
575.908	9.22
576.101	9.17
576.293	9.5
576.486	9.27
576.678	9.69
576.871	9.23
577.063	9.6
577.256	9.65
577.449	9.73
577.641	9.74
577.834	9.31
578.026	9.65
578.219	9.99
578.411	9.69
578.603	10.47
578.796	9.8
578.988	9.57
579.181	9.91
579.373	9.94
579.565	10.31
579.758	10.17
579.95	9.66
580.142	9.82
580.335	10
580.527	10.47
580.719	10.13
580.912	10.34
581.104	10.21
581.296	10.37
581.488	10.19
581.68	10.42
581.873	10.37
582.065	10.31
582.257	10.4
582.449	10.31
582.641	10.54
582.833	10.46
583.025	10.16
583.217	10.42
583.41	10.61
583.602	10.7
583.794	10.15
583.986	10.94
584.178	10.84
584.37	10.78
584.562	10.43
584.753	10.85
584.945	11.06
585.137	10.8
585.329	10.96
585.521	11.56
585.713	11.19
585.905	11.29
586.097	11.13
586.289	10.99
586.48	11.39
586.672	11.14
586.864	11.4
587.056	11.61
587.247	10.93
587.439	11.29
587.631	10.69
587.823	11.66
588.014	11.54
588.206	11.75
588.398	11.3
588.589	11.84
588.781	11.36
588.972	11.56
589.164	11.92
589.356	11.87
589.547	11.62
589.739	11.36
589.93	11.59
590.122	11.92
590.313	11.65
590.505	12.1
590.696	11.87
590.888	12.03
591.079	12.24
591.271	11.69
591.462	12.02
591.653	12.42
591.845	12.53
592.036	12.54
592.227	11.98
592.419	12.38
592.61	12.3
592.801	12.39
592.993	12.16
593.184	12.36
593.375	12.09
593.566	12.29
593.758	12.87
593.949	12.36
594.14	12.53
594.331	12.56
594.522	13.06
594.713	13.03
594.905	13.08
595.096	12.73
595.287	12.68
595.478	13.13
595.669	13.07
595.86	12.89
596.051	12.72
596.242	13.11
596.433	13.08
596.624	12.95
596.815	13.21
597.006	12.98
597.197	13.12
597.388	13.31
597.579	13.53
597.77	13.44
597.96	13.78
598.151	13.84
598.342	13.33
598.533	13.88
598.724	13.58
598.915	13.81
599.105	13.35
599.296	13.73
599.487	13.47
599.678	14.13
599.868	13.83
600.059	14.04
600.25	14.39
600.44	14.08
600.631	14.11
600.822	14.31
601.012	14.24
601.203	14.39
601.394	13.75
601.584	14.32
601.775	14.37
601.965	14.87
602.156	14.08
602.346	14.78
602.537	14.32
602.727	14.33
602.918	14.47
603.108	14.58
603.299	14.26
603.489	15.44
603.679	14.03
603.87	14.72
604.06	15.11
604.251	14.52
604.441	15.2
604.631	14.87
604.822	15.04
605.012	15.27
605.202	15.42
605.392	14.99
605.583	14.63
605.773	15.02
605.963	15.25
606.153	15.25
606.344	15.23
606.534	15.5
606.724	15.76
606.914	14.96
607.104	15.31
607.294	15.27
607.484	15.74
607.674	15.84
607.864	16.04
608.054	15.69
608.245	15.45
608.435	16.53
608.625	16
608.814	15.51
609.004	16
609.194	15.83
609.384	15.99
609.574	15.21
609.764	15.64
609.954	16.28
610.144	15.89
610.334	16.61
610.524	16.26
610.713	15.96
610.903	15.81
611.093	16.15
611.283	15.8
611.473	16.03
611.662	16.41
611.852	16.28
612.042	16.04
612.231	16.22
612.421	16.23
612.611	15.92
612.8	16.59
612.99	16.88
613.18	16.71
613.369	17.1
613.559	16.76
613.748	16.67
613.938	16.39
614.128	16.67
614.317	16.77
614.507	16.8
614.696	16.57
614.886	16.88
615.075	16.42
615.264	16.46
615.454	17.61
615.643	16.78
615.833	16.6
616.022	16.63
616.211	17.88
616.401	16.86
616.59	17.29
616.779	17.64
616.969	17.64
617.158	16.77
617.347	16.67
617.537	17.71
617.726	17.62
617.915	16.56
618.104	17.54
618.293	17.05
618.483	17.45
618.672	17.82
618.861	17.46
619.05	17.56
619.239	17.82
619.428	17.59
619.617	17.75
619.806	17.7
619.995	17.37
620.184	17.99
620.373	17.7
620.562	18.25
620.751	17.57
620.94	18.01
621.129	17.37
621.318	17.69
621.507	17.86
621.696	17.74
621.885	17.91
622.074	17.68
622.263	17.97
622.452	18.99
622.64	18.2
622.829	17.76
623.018	18.01
623.207	17.68
623.396	18.81
623.584	18.39
623.773	18.28
623.962	18.48
624.15	18.54
624.339	19.14
624.528	18.31
624.716	18.6
624.905	17.73
625.094	17.9
625.282	18.9
625.471	18.31
625.659	17.58
625.848	18.41
626.037	19.29
626.225	19.23
626.414	18.92
626.602	19.03
626.791	19.45
626.979	17.82
627.167	18.74
627.356	18.93
627.544	19.53
627.733	19.44
627.921	19.24
628.109	18.74
628.298	19.01
628.486	18.79
628.674	19
628.863	19.29
629.051	19.76
629.239	19.45
629.428	18.65
629.616	20.04
629.804	19.42
629.992	19.73
630.18	18.82
630.369	19.56
630.557	19.1
630.745	18.91
630.933	19.71
631.121	19.89
631.309	19.2
631.497	19.8
631.685	19.26
631.873	19.41
632.061	19.49
632.249	20.64
632.437	20.02
632.625	19.92
632.813	20.1
633.001	20.66
633.189	19.84
633.377	19.62
633.565	19.42
633.753	18.79
633.941	19.56
634.129	19.66
634.316	20.29
634.504	20.53
634.692	20.53
634.88	19.95
635.068	20.76
635.255	20.03
635.443	21.76
635.631	20.04
635.818	20.62
636.006	20.15
636.194	20.83
636.382	19.01
636.569	20.06
636.757	20.22
636.944	21.43
637.132	22.13
637.32	20.86
637.507	20.5
637.695	20.18
637.882	21.21
638.07	21.01
638.257	20.92
638.445	20.5
638.632	20.57
638.82	20.38
639.007	19.44
639.194	20.6
639.382	20.58
639.569	20.77
639.757	21.74
639.944	19.85
640.131	20.67
640.319	20.99
640.506	21.13
640.693	21.47
640.88	22.01
641.068	21.76
641.255	20.11
641.442	20.34
641.629	21.3
641.817	21.71
642.004	20.74
642.191	21.1
642.378	21.2
642.565	22.05
642.752	21.86
642.939	20.77
643.126	21.61
643.313	22.01
643.501	21.69
643.688	22.51
643.875	20.5
644.062	20.75
644.249	20.86
644.435	20.91
644.622	20.11
644.809	21.41
644.996	21.28
645.183	21.4
645.37	21.49
645.557	21.75
645.744	19.52
645.931	20.48
646.117	21.29
646.304	20.24
646.491	22.04
646.678	22.3
646.865	20.97
647.051	21.63
647.238	21.58
647.425	20.66
647.611	21.61
647.798	21.53
647.985	20.73
648.171	22.84
648.358	20.87
648.545	21.22
648.731	21.24
648.918	21.41
649.104	20.96
649.291	20.56
649.477	20.69
649.664	22.34
649.85	21.07
650.037	21.67
650.223	20.52
650.41	21.36
650.596	20.45
650.783	21.41
650.969	21.1
651.155	22.88
651.342	19.77
651.528	20.13
651.714	21.71
651.901	22.2
652.087	21.92
652.273	21.52
652.46	22.37
652.646	21.23
652.832	21.38
653.018	20.28
653.204	22.05
653.391	21.69
653.577	21.6
653.763	22.02
653.949	22.9
654.135	21.15
654.321	22.11
654.507	22.12
654.693	20.84
654.879	21.7
655.065	22.2
655.252	19.98
655.438	20.76
655.624	22.79
655.809	21.92
655.995	20.77
656.181	22.4
656.367	21.78
656.553	22.82
656.739	21.73
656.925	22.66
657.111	23.38
657.297	21.79
657.482	20.86
657.668	20.77
657.854	21.26
658.04	19.32
658.226	19.87
658.411	19.97
658.597	21.5
658.783	22.19
658.968	21.07
659.154	20.89
659.34	21.37
659.525	20.39
659.711	21.86
659.897	22.33
660.082	22.11
660.268	20.29
660.453	20.15
660.639	23.54
660.824	21.44
661.01	21.48
661.195	19.05
661.381	20.59
661.566	20.77
661.752	20.51
661.937	21
662.123	20.02
662.308	21.7
662.494	19.9
662.679	20.43
662.864	20.46
663.05	20.66
663.235	20.47
663.42	20.37
663.605	20.08
663.791	18.85
663.976	19.82
664.161	19.6
664.346	18.91
664.532	19.5
664.717	17.25
664.902	19.63
665.087	22.66
665.272	19.09
665.457	18.85
665.642	17.19
665.828	18.76
666.013	18.94
666.198	18.44
666.383	19.87
666.568	19.06
666.753	21.64
666.938	19.27
667.123	21.89
667.308	19.32
667.493	21.79
667.677	18.1
667.862	19.75
668.047	20.25
668.232	19.24
668.417	21.28
668.602	17.95
668.787	19.97
668.971	18.05
669.156	21.44
669.341	19.66
669.526	19.5
669.711	21.85
669.895	16.72
670.08	19.44
670.265	17.63
670.449	18.83
670.634	19.5
670.819	20.12
671.003	20.34
671.188	17.54
671.372	17.09
671.557	18.97
671.742	20.58
671.926	18.33
672.111	19.16
672.295	18.44
672.48	16.55
672.664	16.98
672.849	15.61
673.033	16.73
673.217	17.81
673.402	17.21
673.586	17.84
673.771	16.85
673.955	20.58
674.139	19.07
674.324	18.63
674.508	17.46
674.692	17.8
674.876	20.1
675.061	21.89
675.245	19.71
675.429	18.39
675.613	19.06
675.798	19.23
675.982	19.35
676.166	19.69
676.35	20.38
676.534	20.7
676.718	19
676.902	21.44
677.087	18.78
677.271	20.97
677.455	19.89
677.639	17.31
677.823	19.64
678.007	22.81
678.191	19.2
678.375	20.11
678.559	18.52
678.742	19.36
678.926	20.98
679.11	22.17
679.294	21.13
679.478	21.72
679.662	20.03
679.846	21.67
680.029	22.44
680.213	22.8
680.397	20.1
680.581	22.91
680.765	21.35
680.948	23.69
681.132	24.79
681.316	18.04
681.499	20.5
681.683	22.9
681.867	22.62
682.05	25.1
682.234	21.31
682.417	22.6
682.601	27.75
682.785	24.98
682.968	22.58
683.152	24.19
683.335	22.82
683.519	25
683.702	22.94
683.886	25.59
684.069	24.62
684.253	26.13
684.436	24.39
684.619	25
684.803	28.16
684.986	24.68
685.169	25
685.353	27.81
685.536	24.32
685.719	29.02
685.903	23.84
686.086	25.03
686.269	25.03
686.452	24.06
686.636	29.83
686.819	26.46
687.002	31.69
687.185	26.61
687.368	26.33
687.551	26.69
687.734	31.42
687.918	29.46
688.101	27.32
688.284	29.33
688.467	32.41
688.65	30.99
688.833	30.23
689.016	26.56
689.199	30.02
689.382	29.99
689.565	30.76
689.748	30.24
689.93	30.42
690.113	35.8
690.296	33.73
690.479	34.45
690.662	31.13
690.845	31.29
691.028	29.47
691.21	35.34
691.393	33.69
691.576	30.91
691.759	29.17
691.941	32.03
692.124	36.43
692.307	37.41
692.489	32.21
692.672	31.53
692.855	37.68
693.037	34.04
693.22	38.33
693.403	29.59
693.585	35.24
693.768	39.96
693.95	32.34
694.133	34
694.315	31.9
694.498	38.19
694.68	34.1
694.863	34.79
695.045	34.92
695.228	40.48
695.41	38.24
695.592	35.58
695.775	32.99
695.957	35.27
696.139	35.48
696.322	34.47
696.504	38.91
696.686	35.33
696.869	31.36
697.051	34.42
697.233	42.03
697.415	35.97
697.597	31.88
697.78	33.44
697.962	39.49
698.144	33.96
698.326	37.51
698.508	39.71
698.69	35.1
698.872	34.78
699.055	40.21
699.237	39.75
699.419	40.13
699.601	35.76
699.783	45.15
699.965	34.62
700.147	34.18
700.329	39.86
700.51	35.74
700.692	39.68
700.874	33.26
701.056	41.54
701.238	43.25
701.42	43.4
701.602	39.61
701.783	38.26
701.965	27.86
702.147	33.34
702.329	40.06
702.511	37.98
702.692	44.73
702.874	35.42
703.056	36.29
703.237	40.88
703.419	40.5
703.601	42.6
703.782	43.72
703.964	34.52
704.146	42.96
704.327	41.87
704.509	34.31
704.69	37.06
704.872	39.15
705.053	33.57
705.235	44.63
705.416	38.75
705.598	44.16
705.779	36.81
705.961	43.74
706.142	41.31
706.323	40.79
706.505	38.62
706.686	36.61
706.867	35.75
707.049	33.92
707.23	36.65
707.411	44.54
707.593	37.42
707.774	43.14
707.955	42.82
708.136	39.84
708.318	41.59
708.499	39.35
708.68	34.87
708.861	42.04
709.042	29.27
709.223	42.69
709.404	42.08
709.585	41.14
709.767	44.04
709.948	49.73
710.129	39.52
710.31	29.51
710.491	30.77
710.672	35.55
710.853	33.89
711.034	39.68
711.214	40.3
711.395	41.76
711.576	38.07
711.757	41.26
711.938	43.39
712.119	40.84
712.3	39.12
712.481	34.96
712.661	45.63
712.842	37.86
713.023	42.97
713.204	37.98
713.384	40.55
713.565	39.53
713.746	34.58
713.926	38.85
714.107	32.48
714.288	44.33
714.468	45.46
714.649	40.71
714.83	29.7
715.01	46.41
715.191	40.42
715.371	46.22
715.552	43.01
715.732	32.23
715.913	46.71
716.093	45.86
716.274	41.19
716.454	28.6
716.635	47.04
716.815	49.61
716.995	33.42
717.176	42
717.356	35.35
717.536	43.36
717.717	26.51
717.897	42.65
718.077	40.27
718.258	43.17
718.438	41.76
718.618	34.57
718.798	38.89
718.978	26.98
719.159	35.92
719.339	43.88
719.519	44.6
719.699	50.74
719.879	33.17
720.059	45.4
720.239	33.17
720.419	48.07
720.599	43.32
720.779	57.6
720.959	38.49
721.139	37.26
721.319	52.42
721.499	44.63
721.679	26.78
721.859	47.93
722.039	28.16
722.219	44.53
722.399	36.95
722.579	37.26
722.759	47.34
722.938	24.12
723.118	48.84
723.298	39.4
723.478	42.43
723.658	44.79
723.837	40.94
724.017	34.48
724.197	37.63
724.376	51.13
724.556	38.7
724.736	47.18
724.915	39.93
725.095	36.68
725.275	25.09
725.454	35.19
725.634	45.19
725.813	38.07
725.993	44.23
726.172	55.76
726.352	33.53
726.531	56.83
726.711	34.37
726.89	41.25
727.07	42.96
727.249	40.34
727.428	30.94
727.608	26.23
727.787	43.06
727.966	45.47
728.146	37.94
728.325	46.08
728.504	46.49
728.684	37.9
728.863	43.82
729.042	28.06
729.221	26.29
729.4	21.78
729.58	38.81
729.759	33.8
729.938	53.81
730.117	43.38
730.296	36.55
730.475	47.06
730.654	32.19
730.833	35.01
731.013	40.18
731.192	43.39
731.371	32.1
731.55	45.61
731.729	35.42
731.907	44.6
732.086	35.35
732.265	33.04
732.444	28.03
732.623	55.57
732.802	42.17
732.981	36.8
733.16	40.94
733.339	33.5
733.517	43.25
733.696	42.92
733.875	59.18
734.054	44.35
734.232	57.95
734.411	45.97
734.59	27.56
734.768	34.07
734.947	38.27
735.126	29.47
735.304	42.55
735.483	49.27
735.662	36.3
735.84	52.66
736.019	45.7
736.197	11.2
736.376	43.03
736.554	44.1
736.733	82.44
736.911	41.47
737.09	22.33
737.268	47.44
737.447	57.91
737.625	49.04
737.803	10.94
737.982	62.98
738.16	64.84
738.338	61.84
738.517	28.03
738.695	46.63
738.873	47.5
739.052	49.16
739.23	7.49
739.408	43.09
739.586	31.33
739.764	40.5
739.943	52.69
740.121	33.52
740.299	52.43
740.477	43.65
740.655	64.18
740.833	49.1
741.011	53.41
741.189	60.34
741.367	50.41
741.545	37.9
741.723	31.37
741.901	8.54
742.079	52.74
742.257	45.84
742.435	55.52
742.613	27.12
742.791	66.78
742.969	46.28
743.147	37.49
743.325	29.79
743.503	44.8
743.68	42.19
743.858	37.8
744.036	43.81
744.214	49.51
744.391	2.01
744.569	19.16
744.747	39.86
744.925	63.12
745.102	41.32
745.28	45.9
745.458	91.64
745.635	38.56
745.813	74.47
745.99	42.98
746.168	43.84
746.345	71.34
746.523	33.22
746.7	59.02
746.878	34.68
747.055	15.69
747.233	41.45
747.41	42.69
747.588	33.77
747.765	40.09
747.943	57.01
748.12	-11.86
748.297	47.1
748.475	44.87
748.652	17.19
748.829	54.37
749.007	39.86
749.184	63.34
749.361	70.74
749.538	70.22
749.716	46.61
749.893	6.76
750.07	34
750.247	23.07
750.424	65.86
750.601	69.12
750.778	62.47
750.956	47.19
751.133	15.8
751.31	42.8
751.487	45.28
751.664	53.21
751.841	49.04
752.018	27.5
752.195	11.7
752.372	4.18
752.549	11.33
752.726	46.26
752.902	46.85
753.079	40.28
753.256	51.4
753.433	42.3
753.61	55.05
753.787	-37.72
753.964	42.66
754.14	21.12
754.317	71.17
754.494	74.41
754.671	41.31
754.847	52.43
755.024	64.58
755.201	54.39
755.377	43.46
755.554	3.21
755.73	53.4
755.907	30.01
756.084	34.57
756.26	72.11
756.437	37.3
756.613	59.85
756.79	43.8
756.966	27.15
757.143	51.6
757.319	5.78
757.496	34.98
757.672	43.54
757.849	64.74
758.025	38.97
758.201	54.69
758.378	51.34
758.554	31.43
758.73	29.41
758.907	13.98
759.083	34.09
759.259	107.56
759.435	56.72
759.612	31.49
759.788	58.4
759.964	68.75
760.14	33.88
760.316	6.8
760.493	38.31
760.669	78.4
760.845	52
761.021	50.8
761.197	34.83
761.373	43.91
761.549	55.68
761.725	13.92
761.901	39.55
762.077	59.49
762.253	-3.23
762.429	18.04
762.605	16.53
762.781	31.27
762.957	43.62
763.133	89.41
763.308	44.28
763.484	9.72
763.66	146.22
763.836	45.08
764.012	11.63
764.187	6.62
764.363	54.3
764.539	41.76
764.715	30.98
764.89	-35.9
765.066	40.22
765.242	24.56
765.417	41.84
765.593	69.36
765.769	81.58
765.944	34.58
766.12	41.28
766.295	53.97
766.471	15.35
766.646	63.72
766.822	3.4
766.997	23.17
767.173	52
767.348	9.9
767.524	56.93
767.699	-28.93
767.875	55.59
768.05	38.34
768.225	49.64
768.401	35.61
768.576	84.79
768.751	100
768.927	79.79
769.102	88.81
769.277	2.31
769.452	80.18
769.628	38.34
769.803	55.65
769.978	40.86
770.153	-51.58
770.328	11.06
770.503	62.05
770.679	104.81
770.854	11.43
771.029	0.68
771.204	-66.89
771.379	-12.3
771.554	16.02
771.729	9.89
771.904	76.39
772.079	-2.46
772.254	84.27
772.429	93.7
772.604	20.98
772.779	52.55
772.953	41.68
773.128	45.4
773.303	0.72
773.478	14.93
773.653	10.32
773.828	41.6
774.002	168.66
774.177	40.2
774.352	277.39
774.527	79.23
774.701	46.39
774.876	95.16
775.051	-272.19
775.225	109.27
775.4	30.79
775.575	68.19
775.749	28.22
775.924	3.26
776.098	-39.96
776.273	86.68
776.447	55.12
776.622	-2.1
776.796	23.36
776.971	-14.14
777.145	-10.99
777.32	40.94
777.494	85.49
777.669	66.15
777.843	-25.08
778.017	-45.4
778.192	42.92
778.366	-74.05
778.54	-7.67
778.715	121.54
778.889	40.45
779.063	36.61
779.237	57.81
779.412	22.24
779.586	13.65
779.76	-19.56
779.934	-38.62
780.108	-13.24
780.282	-7.46
780.457	48.03
780.631	-116.91
780.805	-101.96
780.979	-562.69
781.153	75.45
781.327	21.5
781.501	67
781.675	134.99
781.849	31.47
782.023	21.99
782.197	-51.12
782.371	196
782.545	107.36
782.718	49.12
782.892	42.04
783.066	10.04
783.24	90.28
783.414	-19.66
783.588	21.15
783.761	-34.14
783.935	28.93
784.109	43.53
784.283	162.61
784.456	208.06
784.63	8.18
784.804	46.83
784.977	48.27
785.151	-7.66
785.324	-24.34
785.498	67.8
785.672	145.47
785.845	18.9
786.019	71.56
786.192	100
786.366	90.41
786.539	-91.19
786.713	-56.95
786.886	15.69
787.06	81.87
787.233	-9.34
787.406	85.3
787.58	-6.26
787.753	45.06
787.926	211.52
788.1	225.15
788.273	-171.7
788.446	29.15
788.62	-54.84
788.793	-3.41
788.966	149.48
789.139	35.77
789.313	70.57
789.486	2842.86
789.659	17.71
789.832	85.82
790.005	47.18
790.178	365.49
790.351	67.09
790.524	161.02
790.697	110.24
790.87	118.27
791.044	78.18
791.216	61.03
791.389	-150.27
791.562	83.53
791.735	-203.8
791.908	53.25
792.081	-17.07
792.254	-216.48
792.427	37.55
792.6	16.03
792.773	7.44
792.945	243.28
793.118	91.07
793.291	-71.43
793.464	324.68
793.637	-98.77
793.809	88.26
793.982	4.41
794.155	146.04
794.327	-4.1
794.5	432.31
794.673	-176.92
794.845	29.96
795.018	81.73
795.19	383.15
795.363	42.48
795.536	54.77
795.708	138.71
795.881	340
796.053	52
796.226	58.86
796.398	115.42
796.57	110.37
796.743	-1.46
796.915	-58.32
797.088	36.84
797.26	260.63
797.432	24.05
797.605	-163.1
797.777	-1100
797.949	252.9
798.122	33.92
798.294	234.53
798.466	-153.71
798.638	-80.56
798.81	113.52
798.983	327.85
799.155	38.55
799.327	-99.52
799.499	120.13
799.671	66.08
799.843	27.2
800.015	184.05
800.187	13.11
800.359	121.29
800.531	43.45
800.703	31.87
800.875	146.07
801.047	-25.67
801.219	-14.68
801.391	-9.09
801.563	402.16
801.735	-21.17
801.907	70.55
802.079	-17.35
802.251	-730.77
802.422	-22.83
802.594	68.83
802.766	66.31
802.938	148.43
803.11	129.39
803.281	171.52
803.453	76.25
803.625	50.34
803.796	0.6
803.968	45.72
804.14	29.26
804.311	35.63
804.483	67.46
804.654	57.08
804.826	92.48
804.998	401.6
805.169	-103.86
805.341	359.2
805.512	-34.16
805.684	90.14
805.855	137.43
806.026	44.62
806.198	365.03
806.369	19.25
806.541	94.97
806.712	196.6
806.883	64.03
807.055	66.36
807.226	-239.88
807.397	310.99
807.569	397.35
807.74	11.24
807.911	90.2
808.082	-61.43
808.253	-197.03
808.425	67.07
808.596	100
808.767	341.73
808.938	162.95
809.109	52.48
809.28	-116.11
809.451	41.83
809.622	29.41
809.793	-519.35
809.964	298.26
810.135	59.32
810.306	-73.41
810.477	100
810.648	-7.66
810.819	-12.43
810.99	-6380
811.161	-78.44
811.332	177.84
811.503	19.33
811.674	376.92
811.844	487.69
812.015	74.67
812.186	298.77
812.357	74.25
812.527	87.98
812.698	-1.28
812.869	394.34
813.04	-39.41
813.21	-2051.72
813.381	-30.74
813.551	69.58
813.722	105.93
813.893	58.94
814.063	58.31
814.234	-772.73
814.404	30.02
814.575	-42.37
814.745	-282.3
814.916	-11.38
815.086	39.37
815.257	186.1
815.427	144.17
815.598	52.39
815.768	78.54
815.938	53.73
816.109	143.72
816.279	56.41
816.449	52.87
816.62	1931.58
816.79	80.71
816.96	-986.79
817.13	45.28
817.301	69.54
817.471	-66.61
817.641	63.19
817.811	485.4
817.981	-585.71
818.152	77.25
818.322	-137.62
818.492	-15.45
818.662	70.32
818.832	65.06
819.002	67.8
819.172	193.95
819.342	301.16
819.512	90.79
819.682	134.23
819.852	9.06
820.022	60.09
820.192	-129.21
820.362	-126.16
820.531	29.64
820.701	107
820.871	-103.39
821.041	67.42
821.211	-45.11
821.381	117.96
821.55	-2.13
821.72	-820.93
821.89	432.31
822.059	67.84
822.229	12.06
822.399	-126.01
822.568	111.29
822.738	773.17
822.908	70.55
823.077	-59.41
823.247	33.98
823.416	594.12
823.586	202.67
823.756	-48.73
823.925	464.56
824.095	546.51
824.264	-169.06
824.433	15.04
824.603	17.4
824.772	5.18
824.942	-659.49
825.111	-86.93
825.28	18.01
825.45	131.3
825.619	271.43
825.788	46.07
825.958	17.4
826.127	-46.71
826.296	119.54
826.465	156.47
826.635	81.87
826.804	80.38
826.973	117.71
827.142	38.72
827.311	204.7
827.48	117.68
827.649	-125.71
827.818	52.76
827.988	90.4
828.157	5.96
828.326	-119.63
828.495	-56.37
828.664	76.65
828.833	100
829.002	-131.06
829.17	-12.75
829.339	142.21
829.508	-104.05
829.677	100
829.846	66.44
830.015	-109.58
830.184	21.68
830.352	-36.81
830.521	-38.13
830.69	1534.15
830.859	2217.65
831.027	-2552.63
831.196	-7.06
831.365	34.85
831.533	29.88
831.702	-11.74
831.871	-4.1
832.039	33.53
832.208	-317.39
832.377	109.45
832.545	50.64
832.714	86.14
832.882	31.32
833.051	15.13
833.219	-6757.14
833.388	104.46
833.556	-29.45
833.724	2.47
833.893	-5.81
834.061	1931.58
834.23	22.71
834.398	11.97
834.566	349.35
834.735	-1785.71
834.903	462.26
835.071	-2300
835.239	-65.25
835.408	149.43
835.576	434.88
835.744	27.18
835.912	145.47
836.08	97.32
836.249	462.26
836.417	337.43
836.585	-8.76
836.753	64.03
836.921	158.38
837.089	-3671.43
837.257	-458.14
837.425	-145.11
837.593	-25.69
837.761	24.12
837.929	-28.99
838.097	78.02
838.265	44.19
838.433	-53.44
838.601	125.46
838.769	327.85
838.936	46.07
839.104	-92.92
839.272	65.19
839.44	36.55
839.608	-163.41
839.775	-30.78
839.943	67.2
840.111	-39.07
840.279	-1.31
840.446	100
840.614	84.42
840.781	68.7
840.949	36.77
841.117	273.76
841.284	-121.46
841.452	-153.42
841.619	36.35
841.787	51.29
841.954	-1351.16
842.122	190.17
842.289	97.94
842.457	32.01
842.624	231.21
842.792	-197.81
842.959	-167.43
843.126	245.35
843.294	-71.43
843.461	-113.9
843.629	-82.4
843.796	125.92
843.963	57.98
844.13	96.62
844.298	164.86
844.465	180.47
844.632	77.64
844.799	3.52
844.966	186.81
845.134	52.57
845.301	8.41
845.468	-114.57
845.635	104.24
845.802	100
845.969	4.86
846.136	73.55
846.303	226.32
846.47	13.72
846.637	173.85
846.804	478.95
846.971	52.79
847.138	113.9
847.305	110.62
847.472	70.82
847.639	7.26
847.805	128.65
847.972	-133.77
848.139	259.66
848.306	-1478.95
848.473	511.94
848.639	-2.86
848.806	-236
848.973	141.3
849.14	103.79
849.306	-2.24
849.473	-43.05
849.64	413.85
849.806	-55.02
849.973	119.46
850.139	-90.73
850.306	81.7
850.472	60.15
850.639	135.41
850.806	100
850.972	454.78
851.139	4042.86
851.305	27.71
851.471	-134.88
851.638	70.55
851.804	46.27
851.971	44.12
852.137	-26.68
852.303	74.47
852.47	37.24
852.636	77.03
852.802	-41.73
852.968	-37.87
853.135	-101.02
853.301	51.45
853.467	80.33
853.633	-45.97
853.8	29.98
853.966	-131.47
854.132	-3157.14
854.298	-337.96
854.464	356.18
854.63	87.9
854.796	177.29
854.962	48.2
855.128	44.46
855.294	-28.66
855.46	12.02
855.626	1.74
855.792	16.6
855.958	-28.16
856.124	63.19
856.29	211.26
856.456	43.26
856.622	268.51
856.787	411.69
856.953	82.53
857.119	539.6
857.285	191
857.45	-61.13
857.616	62.98
857.782	-65.73
857.948	156.43
858.113	-6.48
858.279	26.9
858.445	326.77
858.61	1272.09
858.776	134.01
858.941	313.86
859.107	66.39
859.273	20.94
859.438	-99.26
859.604	-215.79
859.769	90.55
859.935	-173.27
860.1	153.29
860.265	47.04
860.431	74.1
860.596	6785.71
860.762	173.47
860.927	-18.98
861.092	75.36
861.258	-8.78
861.423	2.7
861.588	40.45
861.753	7471.43
861.919	-239.62
862.084	307.87
862.249	87.8
862.414	124.57
862.579	167.01
862.745	43.09
862.91	250.55
863.075	84.36
863.24	71.71
863.405	3.52
863.57	111.73
863.735	176.6
863.9	-38.05
864.065	115.41
864.23	-67.81
864.395	18.86
864.56	-26.89
864.725	434.18
864.89	477.53
865.055	50.93
865.22	13.99
865.384	-304.49
865.549	181.55
865.714	-48.95
865.879	64.59
866.044	-57.38
866.208	-19.11
866.373	218.68
866.538	192.74
866.702	155.08
866.867	28.3
867.032	12.47
867.196	96.59
867.361	-111.2
867.526	79.4
867.69	-47.95
867.855	561.54
868.019	296.36
868.184	-39.97
868.348	-80.2
868.513	-1603.23
868.677	244.75
868.842	32.16
869.006	96.6
869.17	-239.62
869.335	-865.85
869.499	-459.22
869.663	449.67
869.828	-259.51
869.992	183.72
870.156	64.02
870.321	-128.74
870.485	-38.36
870.649	39.84
870.813	-54.98
870.978	-129.79
871.142	-10.77
871.306	-25.12
871.47	152.55
871.634	-202.36
871.798	181.99
871.962	100
872.126	-4700
872.29	62.23
872.454	2328.57
872.618	19.62
872.782	332.84
872.946	164.43
873.11	208.54
873.274	224.86
873.438	1370.59
873.602	-102.64
873.766	84.42
873.93	7.95
874.094	801.12
874.257	182.76
874.421	162.43
874.585	100
874.749	30.54
874.912	-20.86
875.076	58.31
875.24	-61.31
875.403	140.96
875.567	148
875.731	-21.35
875.894	222.45
876.058	260.77
876.222	-317.98
876.385	166.33
876.549	100
876.712	427.27
876.876	-94.33
877.039	-99.23
877.203	69.09
877.366	15.95
877.529	146.64
877.693	54.31
877.856	159.18
878.02	-62.63
878.183	81.19
878.346	645.45
878.51	15.04
878.673	74.1
878.836	16.72
878.999	-1487.1
879.163	122.48
879.326	23.27
879.489	14.99
879.652	69.97
879.815	105.22
879.978	144.08
880.142	-53.02
880.305	-131.06
880.468	1.69
880.631	29.97
880.794	-48.37
880.957	129.27
881.12	-252.94
881.283	159.19
881.446	18.83
881.609	169.06
881.772	228.99
881.935	2076.47
882.097	139.9
882.26	167.92
882.423	-20.6
882.586	135.42
882.749	51.02
882.912	-47.24
883.074	118.72
883.237	3.69
883.4	-43.24
883.562	56.53
883.725	311.2
883.888	487.4
884.05	-4700
884.213	22.58
884.376	-34.93
884.538	-7.03
884.701	-7.03
884.863	-7.03
