181.954	-196.36
182.172	-196.36
182.39	-196.36
182.608	4660
182.826	271.43
183.043	-42.98
183.261	106.54
183.479	159.82
183.697	4123.53
183.914	-50.61
184.132	228.34
184.35	299.1
184.567	83.1
184.785	-38.05
185.003	56.81
185.22	38.2
185.438	7.87
185.656	-159.3
185.873	-232.31
186.091	25.52
186.309	-1306.9
186.526	78.28
186.744	36.84
186.961	-88.61
187.179	-59.24
187.396	-3.25
187.614	210.77
187.831	820
188.049	-128.22
188.266	40.58
188.484	-311.94
188.701	18.45
188.919	65.71
189.136	153.87
189.354	-76.06
189.571	-212.8
189.789	97.34
190.006	51.53
190.223	-23.24
190.441	6.99
190.658	-928.57
190.876	88.6
191.093	-1126.37
191.31	-24.2
191.528	26.93
191.745	-70.74
191.962	100
192.179	115.74
192.397	-118.62
192.614	198.05
192.831	-80.41
193.049	42.95
193.266	193.2
193.483	-16.99
193.7	524.62
193.917	53.93
194.135	264.03
194.352	-205.79
194.569	49.76
194.786	112.96
195.003	100
195.221	90.71
195.438	-73.85
195.655	3.52
195.872	132.54
196.089	66.37
196.306	-59.16
196.523	-95.61
196.74	188.16
196.957	58.57
197.174	26.9
197.391	60.08
197.608	70.17
197.825	-1100
198.042	44.85
198.259	596.55
198.476	16.11
198.693	340
198.91	146.35
199.127	-992.54
199.344	41.7
199.561	405.2
199.778	27.6
199.995	-741.79
200.212	1424.14
200.429	259.24
200.646	-477.22
200.862	464.04
201.079	-2.64
201.296	227.15
201.513	123.3
201.73	60.15
201.947	-7.2
202.163	-41.88
202.38	321.97
202.597	93.58
202.814	-13.9
203.03	-5180
203.247	39.7
203.464	-14.72
203.681	84.42
203.897	87.34
204.114	892.45
204.331	77.82
204.547	-932.56
204.764	45.16
204.981	947.06
205.197	-32.77
205.414	55.08
205.63	1134.48
205.847	311.06
206.064	143.64
206.28	-66.76
206.497	70.22
206.713	90.38
206.93	-48.37
207.146	30.26
207.363	-176.92
207.579	-361.54
207.796	248.67
208.012	4.66
208.229	-294.03
208.445	116.35
208.662	-16.97
208.878	92.22
209.095	100
209.311	10.45
209.528	1814.29
209.744	-43.63
209.96	-432.45
210.177	-156.31
210.393	31.91
210.609	9460
210.826	-260.74
211.042	162.61
211.258	404.48
211.475	-220.86
211.691	-20.72
211.907	-188.61
212.124	7.69
212.34	223.43
212.556	52.22
212.772	-612.09
212.989	44.37
213.205	-1.85
213.421	-364.32
213.637	261.19
213.853	57.98
214.069	3447.37
214.286	194.46
214.502	-598.51
214.718	-118.18
214.934	86.4
215.15	202.3
215.366	359.13
215.582	-48.41
215.798	101.21
216.015	55.14
216.231	-178.92
216.447	66.96
216.663	129.78
216.879	-424.62
217.095	51.68
217.311	-624.53
217.527	124.05
217.743	65.05
217.959	281.13
218.175	111.47
218.391	-20.86
218.606	-489.71
218.822	-129.57
219.038	-2.67
219.254	125.26
219.47	13.65
219.686	544.94
219.902	135.46
220.118	-30.91
220.334	17.58
220.549	134.74
220.765	53.51
220.981	59.44
221.197	39.66
221.413	-559.34
221.628	-264.56
221.844	915.09
222.06	263.11
222.276	1.2
222.491	68.48
222.707	194.43
222.923	-286.58
223.139	105.72
223.354	-120.35
223.57	-287.4
223.786	61.82
224.001	62.93
224.217	-22.45
224.432	9.83
224.648	55.94
224.864	-1.2
225.079	-258.21
225.295	-54.84
225.51	372.43
225.726	7.38
225.942	24.76
226.157	53.63
226.373	-185.96
226.588	82.32
226.804	-3942.11
227.019	3.52
227.235	-6.08
227.45	57.08
227.665	12580
227.881	-126.77
228.096	246.09
228.312	-16.13
228.527	71.38
228.743	-78.29
228.958	37.03
229.173	-703.48
229.389	29.74
229.604	67.07
229.819	-138.69
230.035	-158.66
230.25	-127.41
230.465	-58.3
230.681	-197.07
230.896	1.31
231.111	28.8
231.327	152.79
231.542	-2300
231.757	153.53
231.972	-44.17
232.187	-114.47
232.403	-1163.16
232.618	-99.32
232.833	21.38
233.048	558.18
233.263	-58.32
233.478	-25.22
233.694	-262.79
233.909	-132.26
234.124	117.45
234.339	10.76
234.554	1672.41
234.769	140.79
234.984	-185.2
235.199	37.96
235.414	-16.81
235.629	-613.92
235.844	57.07
236.059	109.53
236.274	-23.26
236.489	-204.7
236.704	-20.74
236.919	58.02
237.134	57.09
237.349	180.94
237.564	81.72
237.779	-23.48
237.994	89.79
238.209	168.46
238.424	-238.65
238.639	60.81
238.853	35.88
239.068	74.62
239.283	-1.51
239.498	153.83
239.713	92.22
239.928	21.97
240.142	-55.02
240.357	47.68
240.572	-170.42
240.787	106.54
241.001	-78.72
241.216	18.87
241.431	228.11
241.646	67.62
241.86	-335.87
242.075	-848.84
242.29	44.19
242.504	6.78
242.719	181.99
242.934	-107.87
243.148	-12.07
243.363	9.79
243.577	194.38
243.792	-21.46
244.007	10.23
244.221	100
244.436	279.1
244.65	26.38
244.865	270.62
245.079	137.67
245.294	-435.25
245.508	-30.96
245.723	69.58
245.937	-203.3
246.152	-106.98
246.366	32.08
246.581	22.72
246.795	-47.24
247.01	-13.98
247.224	40.24
247.438	-150.12
247.653	39.94
247.867	52.68
248.081	134.5
248.296	1124.39
248.51	33.83
248.724	83.49
248.939	-168.66
249.153	163.67
249.367	-37.64
249.582	1.91
249.796	240.26
250.01	-58.94
250.224	20.52
250.439	59.44
250.653	16.11
250.867	19.73
251.081	-161.61
251.295	-13.84
251.51	-349.36
251.724	-150.36
251.938	180.3
252.152	283.94
252.366	123.24
252.58	-249.09
252.794	-15.29
253.008	28.48
253.223	62.75
253.437	9.72
253.651	-8.96
253.865	60.99
254.079	-26.2
254.293	20.64
254.507	12.73
254.721	19.6
254.935	-203.3
255.149	82.24
255.363	105.12
255.577	212.75
255.791	-5.76
256.005	379.75
256.218	1.05
256.432	72.38
256.646	-25.56
256.86	-11.55
257.074	63.87
257.288	2500
257.502	-242.86
257.716	45.55
257.929	20.24
258.143	21.2
258.357	-107.77
258.571	-54.98
258.785	-129.28
258.998	-8.4
259.212	185.9
259.426	-126.01
259.64	119.02
259.853	-174.61
260.067	94.38
260.281	88.79
260.494	4.58
260.708	444.55
260.922	18.69
261.135	-24.61
261.349	-23.03
261.563	157.83
261.776	-1735.29
261.99	47.46
262.203	2.61
262.417	-52.65
262.63	34.92
262.844	464.04
263.058	140.68
263.271	14.7
263.485	-35.04
263.698	100
263.912	-114.47
264.125	-33.89
264.339	-117.32
264.552	-132.02
264.765	-317.39
264.979	13.48
265.192	-89.65
265.406	-11.45
265.619	131.48
265.832	81.68
266.046	1.31
266.259	22.71
266.473	-1719.35
266.686	17.67
266.899	64.46
267.113	-5180
267.326	-14.49
267.539	16.97
267.752	35.26
267.966	114.61
268.179	104.43
268.392	-13.49
268.605	185.04
268.819	121.56
269.032	-121.8
269.245	358.46
269.458	210.7
269.671	-598.73
269.885	84.04
270.098	-12.04
270.311	-127.85
270.524	63.36
270.737	-31.97
270.95	-50.99
271.163	-306.3
271.376	-1293.55
271.589	-325.32
271.802	-40.67
272.016	-130.62
272.229	82.88
272.442	-94.33
272.655	42.98
272.868	-32.18
273.081	-7.87
273.294	18.98
273.506	-18.73
273.719	65.01
273.932	-20.59
274.145	3940
274.358	1.85
274.571	19.33
274.784	416.98
274.997	3.79
275.21	-10.62
275.423	-0.96
275.635	-177.39
275.848	50.53
276.061	-305.3
276.274	-38.11
276.487	-233.91
276.699	-99.5
276.912	90.79
277.125	-48.09
277.338	-66.02
277.55	34.52
277.763	30.6
277.976	42.28
278.189	86.81
278.401	-33.74
278.614	224.8
278.827	10.52
279.039	86.48
279.252	-26.89
279.464	-28.9
279.677	65.11
279.89	0.88
280.102	-322.11
280.315	2178.05
280.527	-1100
280.74	-189.66
280.952	97.11
281.165	-12.88
281.377	77.06
281.59	-57.99
281.802	33.53
282.015	71.08
282.227	31.9
282.44	229.5
282.652	410.11
282.865	196.68
283.077	4.58
283.29	53.25
283.502	98.43
283.714	-99.05
283.927	55.44
284.139	-13.3
284.351	-4.35
284.564	-9.09
284.776	167.99
284.988	-31.45
285.201	655.22
285.413	92.38
285.625	151.89
285.838	45.04
286.05	15.13
286.262	69
286.474	114.5
286.686	-36.4
286.899	-66.82
287.111	-21.01
287.323	31.08
287.535	76.24
287.747	95.8
287.959	-40.53
288.172	-641.82
288.384	-3.11
288.596	-72.21
288.808	756.6
289.02	575.47
289.232	-4.22
289.444	-85.25
289.656	-122.8
289.868	-39.96
290.08	-113.5
290.292	-150.21
290.504	37.48
290.716	68.55
290.928	69.96
291.14	713.95
291.352	-3.98
291.564	-1170.59
291.776	188.71
291.988	166.26
292.2	26.07
292.412	190.81
292.624	25.25
292.835	314.93
293.047	11.63
293.259	-69.28
293.471	311.76
293.683	773.17
293.895	100
294.106	9.74
294.318	64.42
294.53	39.93
294.742	803.45
294.953	-156.83
295.165	79.05
295.377	124.67
295.589	-26.09
295.8	72.9
296.012	50.58
296.224	56.78
296.435	152.91
296.647	-6.27
296.858	125.9
297.07	949.23
297.282	104.59
297.493	58.11
297.705	72.57
297.916	14.65
298.128	11.72
298.34	-47.14
298.551	5.43
298.763	-3.67
298.974	41.05
299.186	-54.37
299.397	44.02
299.609	-674.19
299.82	116.94
300.031	28.56
300.243	-1289.47
300.454	217.79
300.666	65.25
300.877	48.82
301.089	-17.45
301.3	6.56
301.511	-21.98
301.723	-49
301.934	135.82
302.145	-23.26
302.357	188.39
302.568	637.6
302.779	38.52
302.99	-120.63
303.202	65.41
303.413	3.72
303.624	-30.17
303.835	371.7
304.047	-36.03
304.258	66.42
304.469	13
304.68	48.13
304.891	-43.68
305.103	146.33
305.314	48.16
305.525	614.29
305.736	-41.73
305.947	73.82
306.158	3558.82
306.369	77.8
306.58	117.45
306.791	155.08
307.002	35.37
307.213	-36.2
307.424	23.67
307.636	116.35
307.846	-31.66
308.057	344.66
308.268	10.62
308.479	43.33
308.69	35.63
308.901	43.67
309.112	-820.93
309.323	84.04
309.534	-173.36
309.745	-37.19
309.956	32.01
310.167	-71.43
310.377	121.59
310.588	-63.77
310.799	-142.91
311.01	34.4
311.221	-7.65
311.432	22.38
311.642	46.95
311.853	122.16
312.064	265.52
312.275	256.13
312.485	97.11
312.696	-26.14
312.907	-56.78
313.117	61.42
313.328	100
313.539	50.9
313.749	76.18
313.96	-651.65
314.171	97.86
314.381	-40.73
314.592	-81.51
314.802	-69.37
315.013	-24.25
315.224	20.74
315.434	-6026.32
315.645	2260
315.855	77.11
316.066	329.21
316.276	239.93
316.487	1300
316.697	79.05
316.908	-39.07
317.118	-117.52
317.329	37.13
317.539	56.47
317.749	208.15
317.96	-992.54
318.17	22.25
318.381	574.73
318.591	-651.65
318.801	27.06
319.012	-145.94
319.222	-74.76
319.432	-78.66
319.643	113.99
319.853	-142.15
320.063	22.61
320.273	8.55
320.484	20.88
320.694	109.8
320.904	-62.71
321.114	19.1
321.325	1010.34
321.535	-110.43
321.745	-104.21
321.955	77.98
322.165	-179.15
322.375	26.53
322.585	41.1
322.796	637.93
323.006	-112.96
323.216	150.74
323.426	111.91
323.636	272.25
323.846	513.79
324.056	51.9
324.266	-28.96
324.476	-92.2
324.686	275.14
324.896	75.64
325.106	847.17
325.316	94.29
325.526	-594.74
325.736	-9.78
325.946	19.65
326.156	458.44
326.366	-348.7
326.576	48.48
326.785	-310.05
326.995	201.98
327.205	87.94
327.415	197.63
327.625	310.22
327.835	-55.09
328.044	-86.93
328.254	340
328.464	57.6
328.674	20.18
328.884	-210.79
329.093	-2.67
329.303	46.39
329.513	226.71
329.722	-5394.74
329.932	87.12
330.142	75.72
330.351	-4.97
330.561	601.82
330.771	-307.38
330.98	-7.9
331.19	764.62
331.4	-251.94
331.609	74.89
331.819	1329.27
332.028	100
332.238	-38.31
332.447	37.47
332.657	47.43
332.866	-36.81
333.076	42.92
333.285	96.09
333.495	216.13
333.704	-212.11
333.914	36.84
334.123	-51.37
334.333	893.85
334.542	142.51
334.752	1152.31
334.961	416.98
335.17	-195.48
335.38	-96.19
335.589	62.77
335.798	38.4
336.008	113.19
336.217	-32.77
336.426	-6.4
336.636	84.68
336.845	-38.59
337.054	598.7
337.263	-24.55
337.473	-31.33
337.682	84.36
337.891	36.95
338.1	169.06
338.309	-2.49
338.519	61.73
338.728	-65.72
338.937	-740.94
339.146	238.13
339.355	-352.83
339.564	-1857.89
339.773	-44.72
339.983	144.19
340.192	-359.13
340.401	67.3
340.61	27.83
340.819	25.35
341.028	119.67
341.237	1229.41
341.446	48.41
341.655	10.67
341.864	-81.99
342.073	-21.71
342.282	-235.42
342.491	115.36
342.699	-494.17
342.908	287.01
343.117	-26.65
343.326	41.7
343.535	-314.55
343.744	-63
343.953	-37.14
344.162	95.43
344.37	-40.73
344.579	-634.33
344.788	-50.38
344.997	116.94
345.206	139.09
345.414	-34.58
345.623	148.71
345.832	-54.57
346.041	361.93
346.249	9.24
346.458	60.78
346.667	-28.02
346.875	29.08
347.084	3.71
347.293	71.49
347.501	54.5
347.71	-32.69
347.918	-63.84
348.127	-18.68
348.336	-11.26
348.544	31.01
348.753	-347.76
348.961	-33.09
349.17	169.5
349.378	10.54
349.587	70.22
349.795	-307.77
350.004	303.08
350.212	35.25
350.421	68.14
350.629	-5.14
350.838	18.22
351.046	120.95
351.254	-74.38
351.463	17.56
351.671	-1731.58
351.879	36.39
352.088	30.38
352.296	397.35
352.504	6.07
352.713	-128.34
352.921	-192.91
353.129	-74.95
353.338	16.03
353.546	-31.21
353.754	-393.25
353.962	-147.97
354.171	-40.4
354.379	-26.32
354.587	-11.76
354.795	-28.99
355.003	-10.3
355.212	-335.05
355.42	892.45
355.628	198.31
355.836	-99.32
356.044	-30.78
356.252	-36.9
356.46	-8.24
356.668	1263.08
356.876	95.28
357.084	30.38
357.292	-16.01
357.5	20.57
357.708	7.38
357.916	37.87
358.124	-113.41
358.332	-508.96
358.54	-161.82
358.748	349.35
358.956	-47.73
359.164	-35.9
359.372	98.62
359.58	-210.79
359.788	50.4
359.996	32.48
360.203	-38.65
360.411	41.89
360.619	-285.93
360.827	92.8
361.035	-201.84
361.242	205.57
361.45	-97.47
361.658	-59.24
361.866	14.77
362.073	-44.17
362.281	101.9
362.489	-26.97
362.697	34.4
362.904	9.37
363.112	146.04
363.32	-27.74
363.527	-286.09
363.735	-270.66
363.943	-8.26
364.15	-73.85
364.358	3.81
364.565	81.86
364.773	42.28
364.98	-6.01
365.188	63.71
365.395	28.54
365.603	59.32
365.81	-8.49
366.018	5.01
366.225	123.65
366.433	-221.59
366.64	68.11
366.848	35.17
367.055	235.42
367.263	31.43
367.47	-19.59
367.677	540.51
367.885	-78.27
368.092	1.11
368.299	-106.2
368.507	84.02
368.714	546.02
368.921	-126.77
369.129	103.36
369.336	-0.79
369.543	-27
369.751	-96.54
369.958	-201.35
370.165	-36.53
370.372	-70.29
370.579	23.27
370.787	-45.68
370.994	-18.03
371.201	-37.33
371.408	56.36
371.615	2.95
371.822	97.27
372.029	-26.1
372.237	-57.71
372.444	28.65
372.651	-24.07
372.858	-104.11
373.065	15.05
373.272	-16.62
373.479	968.97
373.686	-36.49
373.893	-377.67
374.1	197.61
374.307	-340.29
374.514	56.28
374.721	14.18
374.928	520.78
375.135	-9.09
375.341	5380
375.548	-41.55
375.755	-232.36
375.962	-30.78
376.169	4.45
376.376	-108.91
376.583	-30.38
376.789	57.88
376.996	76.52
377.203	-8.22
377.41	9.24
377.617	39.58
377.823	112.83
378.03	-480.65
378.237	-65.09
378.443	-44
378.65	100
378.857	-90.41
379.063	69.62
379.27	193.91
379.477	132.7
379.683	-96.19
379.89	28.74
380.097	8.41
380.303	20.73
380.51	61.53
380.716	53.21
380.923	-202.36
381.129	-13.11
381.336	298.43
381.542	51.46
381.749	5.79
381.955	110.6
382.162	18.24
382.368	-32.18
382.575	-5.08
382.781	637.93
382.988	-35.37
383.194	-50.85
383.4	-28.75
383.607	30.98
383.813	-54.98
384.02	23.71
384.226	-57.99
384.432	-82.08
384.639	14.09
384.845	-537.97
385.051	4.1
385.257	11.39
385.464	88.14
385.67	89.16
385.876	30.02
386.082	-123.73
386.289	29.16
386.495	-0.61
386.701	-13.36
386.907	-44.25
387.113	23.06
387.319	2.61
387.526	-1.63
387.732	-136.22
387.938	301.6
388.144	-66.96
388.35	53.66
388.556	16.94
388.762	41.91
388.968	-346.51
389.174	45.93
389.38	27.43
389.586	-28.96
389.792	-20.92
389.998	-148.81
390.204	16.03
390.41	33.01
390.616	-18.88
390.822	-9.91
391.028	-11.69
391.234	-18.33
391.439	-564.08
391.645	14.64
391.851	48.65
392.057	-62.91
392.263	3.09
392.469	-31.63
392.674	-25.85
392.88	15.13
393.086	-3.47
393.292	-3.11
393.498	-148.5
393.703	21.46
393.909	39.28
394.115	41.96
394.32	36.92
394.526	-5.98
394.732	29.71
394.937	100
395.143	-99.19
395.349	-52.92
395.554	-334.17
395.76	34.87
395.965	-14.14
396.171	22.24
396.377	53.03
396.582	55.87
396.788	6.06
396.993	-2.07
397.199	-5.91
397.404	44.01
397.61	-50.19
397.815	0.89
398.021	7.44
398.226	-31.53
398.431	-10.07
398.637	0.74
398.842	21.22
399.048	10.73
399.253	36.16
399.458	18.83
399.664	-34.12
399.869	-11.41
400.074	0.35
400.28	9.89
400.485	-42.25
400.69	-16.54
400.896	8.43
401.101	27.62
401.306	1.93
401.511	21.15
401.716	-6.83
401.922	-2.4
402.127	-10.09
402.332	-25.19
402.537	18.01
402.742	-7.09
402.947	66.58
403.153	-3.35
403.358	-7.53
403.563	5.3
403.768	0.68
403.973	11.21
404.178	-11.96
404.383	5.99
404.588	0.9
404.793	6.19
404.998	-17.18
405.203	-19.49
405.408	8.14
405.613	15.55
405.818	1.48
406.023	5.85
406.228	4.56
406.433	6.61
406.638	-6.04
406.842	10.12
407.047	4.13
407.252	-7.26
407.457	11.88
407.662	0.65
407.867	7.84
408.071	16.1
408.276	9.98
408.481	7.79
408.686	6.25
408.891	7.18
409.095	7.25
409.3	6.77
409.505	9.82
409.709	-2.92
409.914	11.16
410.119	11.56
410.323	3.72
410.528	0.85
410.733	9.18
410.937	-1.34
411.142	1.44
411.346	12.14
411.551	0.32
411.756	9.35
411.96	8.58
412.165	5.84
412.369	5.73
412.574	2.89
412.778	2.85
412.983	4.14
413.187	4.54
413.392	1.59
413.596	4.71
413.8	10.79
414.005	7.76
414.209	6.67
414.414	1.49
414.618	2.58
414.822	4.57
415.027	6.79
415.231	5.43
415.435	7.73
415.64	5.37
415.844	3.98
416.048	6.69
416.252	5.22
416.457	5.46
416.661	5.62
416.865	3.56
417.069	3.86
417.274	3.85
417.478	4.5
417.682	3.36
417.886	1.48
418.09	5.6
418.294	5.66
418.498	3.92
418.702	5.1
418.907	4.55
419.111	4.37
419.315	5.05
419.519	4.72
419.723	2.84
419.927	5.78
420.131	5.11
420.335	4.23
420.539	3.22
420.743	7.2
420.947	2.01
421.151	3.77
421.355	4.45
421.558	3.43
421.762	4.11
421.966	4.26
422.17	4.94
422.374	5.52
422.578	4.92
422.782	4.34
422.985	4.06
423.189	5.52
423.393	4.01
423.597	4.71
423.801	4.42
424.004	4
424.208	3.51
424.412	4.8
424.615	3.58
424.819	4.5
425.023	4.51
425.226	4.59
425.43	5.46
425.634	4.33
425.837	4.7
426.041	4.77
426.245	4.48
426.448	5.27
426.652	4.63
426.855	4.05
427.059	3.68
427.262	4.85
427.466	4.32
427.669	4.5
427.873	3.84
428.076	5.27
428.28	4.76
428.483	4.34
428.687	4.75
428.89	4.1
429.094	3.52
429.297	3.86
429.5	4.55
429.704	4.46
429.907	5.63
430.11	4.42
430.314	5.03
430.517	4.92
430.72	5.13
430.924	4.38
431.127	4.43
431.33	4.69
431.533	4.22
431.737	4.5
431.94	4.2
432.143	5
432.346	4.1
432.549	4.05
432.752	4.43
432.956	5.06
433.159	3.82
433.362	4.39
433.565	4.37
433.768	3.97
433.971	3.65
434.174	4.35
434.377	4.63
434.58	4.7
434.783	3.59
434.986	4.36
435.189	4.86
435.392	4.12
435.595	4.81
435.798	4.04
436.001	4.46
436.204	4.41
436.407	4.37
436.61	4.67
436.813	4.35
437.016	4.48
437.219	4.26
437.421	4.25
437.624	4.19
437.827	3.76
438.03	4.89
438.233	3.86
438.435	4.63
438.638	4.54
438.841	4.23
439.044	3.92
439.246	4.39
439.449	3.93
439.652	4.21
439.854	4.56
440.057	4.27
440.26	3.97
440.462	4.61
440.665	4.18
440.868	4.53
441.07	4.74
441.273	4.76
441.475	4.21
441.678	4.5
441.88	4.38
442.083	4.35
442.286	4.32
442.488	3.93
442.69	4.7
442.893	4.09
443.095	4.44
443.298	4.21
443.5	4.31
443.703	4.51
443.905	4.11
444.108	4.19
444.31	4.35
444.512	3.91
444.715	4.24
444.917	4.45
445.119	4.33
445.322	4.14
445.524	4.64
445.726	4.37
445.928	4.45
446.131	4.47
446.333	4.37
446.535	4.44
446.737	4.49
446.94	4.52
447.142	4.45
447.344	4.5
447.546	4.22
447.748	4.14
447.95	4.42
448.152	4.62
448.354	4.62
448.557	4.39
448.759	4.47
448.961	4.29
449.163	4.55
449.365	4.55
449.567	4.32
449.769	4.24
449.971	4.19
450.173	4.17
450.375	4.31
450.577	4.44
450.779	4.35
450.981	4.1
451.182	4.58
451.384	4.34
451.586	4.92
451.788	4.62
451.99	4.44
452.192	4.17
452.394	4.46
452.595	4.79
452.797	4.38
452.999	4.8
453.201	4.69
453.402	4.49
453.604	4.6
453.806	4.49
454.008	4.87
454.209	5.03
454.411	4.44
454.613	4.63
454.814	4.42
455.016	4.58
455.218	4.85
455.419	4.81
455.621	4.97
455.822	4.82
456.024	4.41
456.225	4.86
456.427	5.04
456.629	4.37
456.83	4.92
457.032	4.75
457.233	4.74
457.435	4.85
457.636	4.93
457.837	5.16
458.039	4.46
458.24	4.67
458.442	4.92
458.643	4.19
458.844	5.01
459.046	4.8
459.247	5.12
459.448	5.07
459.65	4.44
459.851	4.62
460.052	5.45
460.254	5.12
460.455	5.02
460.656	5.3
460.857	4.29
461.059	4.39
461.26	4.65
461.461	4.48
461.662	4.56
461.863	5.29
462.065	5.13
462.266	5.48
462.467	4.77
462.668	4.43
462.869	5.99
463.07	5.43
463.271	5.43
463.472	3.95
463.673	4.13
463.874	5.29
464.075	4.37
464.276	4.98
464.477	5.16
464.678	6.03
464.879	4.16
465.08	4.91
465.281	5.96
465.482	4.34
465.683	4.19
465.884	4.8
466.085	5
466.285	4.26
466.486	5.01
466.687	5.69
466.888	5.09
467.089	5.35
467.29	4.69
467.49	4.75
467.691	5.13
467.892	4.72
468.093	5.35
468.293	5.06
468.494	4.42
468.695	4.2
468.895	5.18
469.096	4.66
469.297	4.96
469.497	4.72
469.698	5.68
469.898	5.23
470.099	5.73
470.3	5.12
470.5	4.38
470.701	6.13
470.901	5.99
471.102	4.64
471.302	3.68
471.503	4.45
471.703	5.9
471.904	5.19
472.104	5.73
472.305	3.86
472.505	4.58
472.705	4.17
472.906	5.1
473.106	5.79
473.306	4.89
473.507	5.99
473.707	5.87
473.907	5.99
474.108	4.78
474.308	4.84
474.508	5.47
474.709	5.44
474.909	5.57
475.109	3.86
475.309	4.33
475.51	4.61
475.71	5.21
475.91	5.06
476.11	3.96
476.31	4.34
476.51	5.92
476.71	4.85
476.911	5.88
477.111	3.84
477.311	4.76
477.511	5.54
477.711	5.04
477.911	4.99
478.111	6.48
478.311	3.53
478.511	4.96
478.711	5.83
478.911	3.74
479.111	5.1
479.311	4.3
479.511	5.19
479.711	4.61
479.91	3.62
480.11	5.13
480.31	4.61
480.51	6.1
480.71	3.61
480.91	5.21
481.109	5.85
481.309	4.74
481.509	3.35
481.709	5.75
481.909	4.56
482.108	2.94
482.308	5.07
482.508	3.65
482.707	6.22
482.907	4.13
483.107	5.04
483.306	4.16
483.506	4.5
483.706	4.32
483.905	5.3
484.105	5.67
484.304	4.91
484.504	4.79
484.704	5.73
484.903	3.63
485.103	4.92
485.302	3.78
485.502	4.49
485.701	6.13
485.901	3.94
486.1	5.22
486.299	4.66
486.499	4.61
486.698	3.99
486.898	4.03
487.097	3.46
487.296	4.3
487.496	5.6
487.695	3.69
487.894	4.84
488.094	5.09
488.293	4.46
488.492	3.51
488.692	3.09
488.891	5.03
489.09	4.79
489.289	5.01
489.489	5.28
489.688	4.24
489.887	5.02
490.086	5.6
490.285	5.75
490.484	5.99
490.683	4.69
490.883	5.12
491.082	4.05
491.281	3.59
491.48	4.1
491.679	5.17
491.878	4.86
492.077	6.14
492.276	5.04
492.475	4.6
492.674	4.73
492.873	5.24
493.072	3.86
493.271	5.62
493.47	3.08
493.669	4.26
493.867	4.12
494.066	5.62
494.265	4.67
494.464	5.3
494.663	3.21
494.862	4.35
495.06	4.32
495.259	2.91
495.458	5.56
495.657	4.54
495.856	6.16
496.054	4.03
496.253	4.91
496.452	4.62
496.65	5.24
496.849	3.86
497.048	4.87
497.246	4.77
497.445	4.53
497.644	3.99
497.842	5.27
498.041	4.7
498.239	5.19
498.438	5.91
498.636	4.95
498.835	4.96
499.034	4.77
499.232	5.16
499.431	4.18
499.629	4
499.827	4.93
500.026	4.08
500.224	4.8
500.423	4.67
500.621	5.72
500.82	4.79
501.018	5.55
501.216	4.45
501.415	5.21
501.613	3.95
501.811	5.2
502.01	5.29
502.208	4.95
502.406	5.19
502.604	5.44
502.803	4.77
503.001	5.59
503.199	4.9
503.397	4.56
503.595	4.86
503.794	4.61
503.992	5.07
504.19	4.9
504.388	5.15
504.586	5.23
504.784	5.31
504.982	5.06
505.18	4.91
505.378	5.26
505.576	5.17
505.774	5.08
505.972	5.04
506.17	6.17
506.368	4.88
506.566	4.59
506.764	4.85
506.962	5.38
507.16	5.44
507.358	5.07
507.556	5.04
507.754	6.35
507.952	4.77
508.15	5.63
508.347	5.4
508.545	5.16
508.743	5.14
508.941	5.26
509.139	5.64
509.336	5.05
509.534	5.76
509.732	5.55
509.93	4.87
510.127	5.34
510.325	5.06
510.523	5.7
510.72	5.94
510.918	5.76
511.116	5.27
511.313	5.59
511.511	4.86
511.708	4.56
511.906	5.82
512.104	5.75
512.301	5.68
512.499	5.7
512.696	4.87
512.894	4.49
513.091	5.77
513.289	5.62
513.486	5.39
513.683	5.12
513.881	5.42
514.078	5.73
514.276	5.56
514.473	5.76
514.67	5.69
514.868	5.64
515.065	5.21
515.262	5.93
515.46	5.87
515.657	6.05
515.854	5.84
516.052	5.56
516.249	5.73
516.446	5.65
516.643	5.74
516.84	5.77
517.038	5.5
517.235	5.69
517.432	5.85
517.629	5.98
517.826	5.69
518.023	5.5
518.221	5.92
518.418	6.1
518.615	5.91
518.812	5.39
519.009	5.93
519.206	5.77
519.403	5.85
519.6	5.94
519.797	5.65
519.994	5.9
520.191	6.1
520.388	6.28
520.585	5.91
520.782	6.2
520.978	4.94
521.175	5.92
521.372	6.35
521.569	5.71
521.766	5.52
521.963	5.52
522.159	6.39
522.356	5.87
522.553	6.05
522.75	6.19
522.947	6.15
523.143	5.98
523.34	5.68
523.537	6.18
523.733	6.27
523.93	5.92
524.127	6.23
524.323	6.02
524.52	6.07
524.717	5.97
524.913	6.29
525.11	5.76
525.306	5.79
525.503	5.87
525.7	6.3
525.896	6.18
526.093	5.91
526.289	6.19
526.486	6.11
526.682	5.72
526.878	6.31
527.075	6.18
527.271	5.84
527.468	6.44
527.664	6.23
527.861	6.05
528.057	6.27
528.253	6.39
528.45	6.12
528.646	6.28
528.842	6.49
529.039	5.6
529.235	6.23
529.431	6.31
529.627	6.06
529.824	6.44
530.02	6.42
530.216	6.68
530.412	6.52
530.608	5.86
530.804	6.51
531.001	6.86
531.197	6.02
531.393	6.41
531.589	6.04
531.785	6.59
531.981	6.49
532.177	6.57
532.373	5.94
532.569	6.1
532.765	6.37
532.961	6.29
533.157	6.25
533.353	6.23
533.549	6.54
533.745	6.61
533.941	5.96
534.137	6.46
534.333	6.12
534.529	6.34
534.725	6.27
534.92	6.35
535.116	6.51
535.312	6.48
535.508	6.45
535.704	6.56
535.899	5.8
536.095	6.38
536.291	6.08
536.487	5.97
536.682	6.65
536.878	6.43
537.074	6.28
537.269	6.26
537.465	6.48
537.661	6.42
537.856	6.73
538.052	6.68
538.248	6.56
538.443	6.47
538.639	6.37
538.834	6.27
539.03	6.46
539.225	6.53
539.421	6.03
539.616	6.38
539.812	6.69
540.007	6.3
540.203	6.26
540.398	6.34
540.593	6.4
540.789	6.89
540.984	6.49
541.18	6.43
541.375	6.02
541.57	6.66
541.766	6.66
541.961	6.2
542.156	6.61
542.352	6.89
542.547	6.75
542.742	6.18
542.937	6.76
543.133	7.34
543.328	6.71
543.523	6.55
543.718	6.5
543.913	7.13
544.108	6.6
544.304	6.41
544.499	6.51
544.694	6.76
544.889	6.74
545.084	6.77
545.279	6.82
545.474	6.67
545.669	6.43
545.864	6.44
546.059	6.84
546.254	6.69
546.449	6.84
546.644	6.1
546.839	6.87
547.034	6.79
547.229	6.92
547.424	6.85
547.618	6.86
547.813	6.86
548.008	6.82
548.203	6.89
548.398	7.01
548.593	6.92
548.787	6.87
548.982	6.76
549.177	6.94
549.372	6.98
549.566	7.2
549.761	6.97
549.956	6.97
550.15	6.88
550.345	7.13
550.54	7.38
550.734	7.07
550.929	7.17
551.124	7.21
551.318	6.88
551.513	6.71
551.707	6.95
551.902	7.11
552.096	7.08
552.291	7.18
552.485	6.61
552.68	7.26
552.874	7.18
553.069	6.88
553.263	7.26
553.458	7.46
553.652	7.34
553.847	6.69
554.041	7.22
554.235	7.17
554.43	7.45
554.624	7.49
554.818	7.02
555.013	7.08
555.207	6.97
555.401	7.05
555.595	7.27
555.79	6.88
555.984	7.69
556.178	7.16
556.372	7.39
556.566	7.28
556.761	7.69
556.955	7.41
557.149	7.69
557.343	7.14
557.537	7.48
557.731	7.51
557.925	7.13
558.119	7.36
558.313	7.35
558.507	7.27
558.701	7.55
558.895	7.6
559.089	7.71
559.283	7.69
559.477	7.79
559.671	7.59
559.865	7.08
560.059	7.5
560.253	7.64
560.447	7.66
560.641	7.51
560.835	7.64
561.028	7.79
561.222	7.9
561.416	7.54
561.61	7.61
561.804	7.38
561.997	7.78
562.191	7.73
562.385	7.88
562.579	7.56
562.772	7.81
562.966	7.28
563.16	7.61
563.353	7.98
563.547	7.88
563.741	7.92
563.934	7.71
564.128	7.76
564.321	7.44
564.515	8.09
564.708	7.62
564.902	7.23
565.095	8.04
565.289	8.32
565.482	7.85
565.676	7.89
565.869	7.53
566.063	8
566.256	8.08
566.45	7.96
566.643	8.03
566.836	7.59
567.03	8.37
567.223	7.97
567.416	8.15
567.61	7.8
567.803	8.39
567.996	8.01
568.19	7.94
568.383	8.08
568.576	8.3
568.769	7.97
568.963	8
569.156	8.56
569.349	8.15
569.542	8.6
569.735	8.18
569.928	8.26
570.121	8.22
570.315	8.27
570.508	8.27
570.701	8.54
570.894	8.36
571.087	8.08
571.28	8.53
571.473	8.27
571.666	8.59
571.859	8.09
572.052	7.9
572.245	8.64
572.438	8.47
572.631	8.46
572.824	8.64
573.016	8.19
573.209	8.41
573.402	8.26
573.595	8.54
573.788	8.55
573.981	8.74
574.173	8.4
574.366	8.74
574.559	8.57
574.752	8.21
574.944	8.4
575.137	8.58
575.33	8.52
575.523	8.52
575.715	8.25
575.908	8.65
576.101	8.37
576.293	8.75
576.486	8.19
576.678	8.37
576.871	8.25
577.063	8.6
577.256	8.31
577.449	8.47
577.641	8.67
577.834	8.46
578.026	8.21
578.219	8.6
578.411	8.64
578.603	9.04
578.796	8.64
578.988	8.86
579.181	8.48
579.373	8.95
579.565	8.76
579.758	8.91
579.95	8.68
580.142	8.44
580.335	8.47
580.527	8.66
580.719	8.62
580.912	8.73
581.104	9.03
581.296	8.63
581.488	8.72
581.68	8.71
581.873	8.96
582.065	9.05
582.257	8.49
582.449	8.9
582.641	8.71
582.833	8.62
583.025	8.65
583.217	9
583.41	8.93
583.602	9.06
583.794	8.93
583.986	9.05
584.178	9
584.37	9.18
584.562	8.81
584.753	9.21
584.945	8.76
585.137	9.15
585.329	9.17
585.521	9.23
585.713	9.4
585.905	9.17
586.097	9.22
586.289	9.3
586.48	9.04
586.672	9.16
586.864	9.13
587.056	9.69
587.247	8.73
587.439	9.22
587.631	9.35
587.823	9.45
588.014	9.47
588.206	9.39
588.398	9.21
588.589	9.46
588.781	9.15
588.972	9.18
589.164	9.69
589.356	9.26
589.547	9.43
589.739	9.3
589.93	9.52
590.122	9.46
590.313	9.11
590.505	9.37
590.696	9.19
590.888	9.41
591.079	9.65
591.271	9.71
591.462	9.55
591.653	9.56
591.845	9.85
592.036	9.8
592.227	9.53
592.419	9.62
592.61	9.55
592.801	9.65
592.993	9.88
593.184	10.03
593.375	9.26
593.566	9.72
593.758	9.77
593.949	10.15
594.14	10.1
594.331	9.75
594.522	9.97
594.713	9.78
594.905	9.83
595.096	9.95
595.287	10.19
595.478	9.95
595.669	9.69
595.86	9.44
596.051	9.75
596.242	10.3
596.433	10.1
596.624	10.29
596.815	10.09
597.006	10.04
597.197	10.21
597.388	9.48
597.579	10.34
597.77	10.5
597.96	10.25
598.151	10.03
598.342	10.05
598.533	10.31
598.724	10.28
598.915	10.88
599.105	10.33
599.296	10.23
599.487	9.81
599.678	10.32
599.868	10.47
600.059	11
600.25	10.41
600.44	10.75
600.631	10.66
600.822	10.93
601.012	10.51
601.203	10.26
601.394	10.62
601.584	10.5
601.775	10.78
601.965	10.95
602.156	10.37
602.346	10.71
602.537	10.79
602.727	10.33
602.918	10.57
603.108	10.71
603.299	10.71
603.489	11.2
603.679	11.49
603.87	10.98
604.06	11.51
604.251	10.97
604.441	11.17
604.631	10.89
604.822	11.08
605.012	11.07
605.202	11.2
605.392	10.95
605.583	11.07
605.773	11.02
605.963	11.11
606.153	11.67
606.344	11.03
606.534	11.63
606.724	12.33
606.914	11.3
607.104	11.48
607.294	10.98
607.484	11.26
607.674	11.32
607.864	11.6
608.054	11.86
608.245	11.87
608.435	12.11
608.625	11.78
608.814	11.55
609.004	11.52
609.194	11.64
609.384	11.59
609.574	11.59
609.764	11.68
609.954	11.56
610.144	11.16
610.334	11.39
610.524	12.2
610.713	11.92
610.903	11.97
611.093	12.05
611.283	11.73
611.473	11.77
611.662	11.61
611.852	11.42
612.042	12.11
612.231	11.84
612.421	12.38
612.611	11.86
612.8	12.05
612.99	12.26
613.18	11.44
613.369	11.77
613.559	11.97
613.748	12.12
613.938	12.55
614.128	12.02
614.317	12.19
614.507	12.13
614.696	12.09
614.886	12.52
615.075	12.33
615.264	12.92
615.454	12.57
615.643	11.77
615.833	12.45
616.022	12.27
616.211	12.8
616.401	12.58
616.59	12.93
616.779	12.67
616.969	11.93
617.158	12.5
617.347	12.47
617.537	12.7
617.726	12.33
617.915	11.99
618.104	12.44
618.293	12.51
618.483	12.28
618.672	12.82
618.861	13.04
619.05	12.58
619.239	12.84
619.428	12.78
619.617	12.42
619.806	12.21
619.995	12.11
620.184	12.37
620.373	12.68
620.562	12.62
620.751	12.39
620.94	12.71
621.129	13.32
621.318	12.69
621.507	12.42
621.696	12.83
621.885	13.1
622.074	13.25
622.263	12.53
622.452	12.26
622.64	13.1
622.829	12.96
623.018	13.35
623.207	13.03
623.396	13.04
623.584	12.74
623.773	13.72
623.962	13.3
624.15	13.28
624.339	14.21
624.528	12.91
624.716	13.69
624.905	13.81
625.094	13.5
625.282	13.53
625.471	13.54
625.659	13.03
625.848	12.77
626.037	13.21
626.225	13.58
626.414	13.83
626.602	13.43
626.791	13.63
626.979	13.32
627.167	12.57
627.356	13.43
627.544	14.3
627.733	13.71
627.921	13.02
628.109	13.3
628.298	13.21
628.486	13.87
628.674	13.55
628.863	13.06
629.051	13.26
629.239	14.1
629.428	13.58
629.616	13.88
629.804	13.98
629.992	14.1
630.18	13.73
630.369	13.9
630.557	13.53
630.745	13.55
630.933	14.73
631.121	14.14
631.309	14.38
631.497	14.49
631.685	13.22
631.873	13.76
632.061	13.79
632.249	15.09
632.437	14.29
632.625	14.43
632.813	13.5
633.001	14.58
633.189	14.53
633.377	14.22
633.565	13.44
633.753	13.69
633.941	13.29
634.129	13.63
634.316	13.88
634.504	15.35
634.692	14.15
634.88	13.43
635.068	14.24
635.255	14.49
635.443	14.42
635.631	14.62
635.818	15.12
636.006	14.28
636.194	14.35
636.382	13.64
636.569	14.04
636.757	15.68
636.944	14.79
637.132	14.57
637.32	14.46
637.507	14.11
637.695	14.1
637.882	14.68
638.07	15.45
638.257	14.04
638.445	15.03
638.632	14.77
638.82	14.2
639.007	13.47
639.194	14.38
639.382	14.8
639.569	14.23
639.757	15.13
639.944	13.4
640.131	15
640.319	14.53
640.506	14.29
640.693	14.64
640.88	14.65
641.068	15.54
641.255	14.9
641.442	14.35
641.629	14.17
641.817	15.7
642.004	14.47
642.191	14.82
642.378	15.75
642.565	16.21
642.752	15.81
642.939	15.03
643.126	14.37
643.313	14.66
643.501	15.19
643.688	15.61
643.875	16
644.062	14.47
644.249	13.52
644.435	13.64
644.622	13.89
644.809	15.66
644.996	14.4
645.183	14.98
645.37	16.48
645.557	15.03
645.744	15.67
645.931	15.16
646.117	14.81
646.304	15.14
646.491	15.14
646.678	15.31
646.865	16.24
647.051	15.26
647.238	15.21
647.425	14.01
647.611	15.31
647.798	14.5
647.985	15.13
648.171	15.29
648.358	15.53
648.545	15.46
648.731	12.97
648.918	15.88
649.104	15.69
649.291	15.87
649.477	15.76
649.664	15.54
649.85	14.92
650.037	15.51
650.223	14.61
650.41	17.07
650.596	14.88
650.783	16.14
650.969	16.5
651.155	16.84
651.342	15.12
651.528	14.94
651.714	15.7
651.901	15.65
652.087	15.51
652.273	14.73
652.46	14.75
652.646	15.97
652.832	14.35
653.018	15.9
653.204	16.56
653.391	16.75
653.577	14.32
653.763	16.28
653.949	16.1
654.135	16.55
654.321	16.24
654.507	15.54
654.693	14.54
654.879	17.02
655.065	15.48
655.252	13.68
655.438	16.32
655.624	16.77
655.809	14.89
655.995	14.84
656.181	16.92
656.367	15.5
656.553	15.92
656.739	16.01
656.925	18.39
657.111	14.33
657.297	17.14
657.482	16
657.668	17.15
657.854	16.09
658.04	14.15
658.226	15.22
658.411	15.81
658.597	16.43
658.783	15.91
658.968	15.52
659.154	15.24
659.34	16.42
659.525	15.96
659.711	17.18
659.897	17.09
660.082	16.26
660.268	16.88
660.453	17
660.639	17.2
660.824	16.67
661.01	17.76
661.195	17.14
661.381	14.05
661.566	16.96
661.752	14.14
661.937	15.08
662.123	14.12
662.308	15.58
662.494	16.04
662.679	16.56
662.864	15.59
663.05	16.44
663.235	16.26
663.42	16.82
663.605	16.1
663.791	17.01
663.976	17.76
664.161	15.26
664.346	14.67
664.532	16.4
664.717	15.42
664.902	17.78
665.087	18.24
665.272	18.76
665.457	14.68
665.642	14.16
665.828	15.58
666.013	16.56
666.198	16.05
666.383	15.69
666.568	15.56
666.753	15.83
666.938	14.5
667.123	16.7
667.308	17.65
667.493	15.05
667.677	16.02
667.862	17.14
668.047	17.17
668.232	16.53
668.417	15.2
668.602	14.8
668.787	16.31
668.971	15.19
669.156	16.14
669.341	14.45
669.526	15.85
669.711	17.95
669.895	19.23
670.08	15.18
670.265	16.28
670.449	14.48
670.634	15.89
670.819	15.68
671.003	15.96
671.188	17.3
671.372	14.53
671.557	16.17
671.742	16.93
671.926	14.9
672.111	16.61
672.295	13.57
672.48	14.22
672.664	15.59
672.849	12.57
673.033	16.02
673.217	16.07
673.402	14.9
673.586	12.21
673.771	16.03
673.955	15.91
674.139	17.79
674.324	15.49
674.508	16.63
674.692	15.2
674.876	15.91
675.061	17.72
675.245	19.05
675.429	16.2
675.613	13.63
675.798	16.94
675.982	15.42
676.166	15.43
676.35	16.81
676.534	19.46
676.718	16.25
676.902	17.29
677.087	13.34
677.271	15.34
677.455	16.07
677.639	12
677.823	18.82
678.007	18.48
678.191	18.19
678.375	13.65
678.559	15.83
678.742	17.58
678.926	17.31
679.11	21.54
679.294	17.65
679.478	14.53
679.662	19.75
679.846	14.96
680.029	17.91
680.213	17.13
680.397	13.56
680.581	17.42
680.765	17.5
680.948	15.16
681.132	16.28
681.316	16.32
681.499	20.1
681.683	19.05
681.867	19.79
682.05	20.78
682.234	15.46
682.417	18.72
682.601	19.8
682.785	18.4
682.968	16.17
683.152	21.72
683.335	19.97
683.519	17.16
683.702	19.95
683.886	20.24
684.069	18.26
684.253	22.75
684.436	20.84
684.619	21.44
684.803	17.41
684.986	18.92
685.169	18.93
685.353	18.98
685.536	16.97
685.719	20.35
685.903	23.5
686.086	18.85
686.269	24.04
686.452	18.9
686.636	22.4
686.819	20.95
687.002	20.51
687.185	24.98
687.368	19.96
687.551	17.26
687.734	22.53
687.918	23.48
688.101	21.33
688.284	20.55
688.467	23.28
688.65	21.71
688.833	21.52
689.016	24.47
689.199	21.62
689.382	23.25
689.565	23.25
689.748	19.44
689.93	20.76
690.113	20.88
690.296	21.61
690.479	23.12
690.662	22.36
690.845	22.5
691.028	22.37
691.21	25.04
691.393	21.85
691.576	23.48
691.759	23.12
691.941	25.55
692.124	26.37
692.307	23.13
692.489	22.22
692.672	22.84
692.855	22.47
693.037	26.84
693.22	28.04
693.403	20.99
693.585	26.59
693.768	27.47
693.95	28.29
694.133	24.31
694.315	24.77
694.498	25.77
694.68	24.54
694.863	28.84
695.045	26.76
695.228	22.78
695.41	24.36
695.592	29.05
695.775	25.81
695.957	27.7
696.139	22.35
696.322	23.72
696.504	28.57
696.686	25.52
696.869	26.82
697.051	23.62
697.233	26.73
697.415	29.51
697.597	23.8
697.78	23.33
697.962	24.64
698.144	28.03
698.326	17.2
698.508	23.54
698.69	24.65
698.872	23.6
699.055	24.78
699.237	24.23
699.419	19.4
699.601	22.7
699.783	32.86
699.965	25.22
700.147	23.68
700.329	29.37
700.51	29.87
700.692	26.07
700.874	26.16
701.056	29.91
701.238	26.4
701.42	31.24
701.602	24.06
701.783	23.5
701.965	24.93
702.147	29.38
702.329	27.2
702.511	24.51
702.692	30.4
702.874	27.26
703.056	22.35
703.237	30.25
703.419	28.19
703.601	26.99
703.782	27.09
703.964	24.96
704.146	30.35
704.327	29.22
704.509	35.69
704.69	25.5
704.872	29.19
705.053	22.68
705.235	32.91
705.416	25.49
705.598	24.8
705.779	29.73
705.961	24.13
706.142	26.21
706.323	32.84
706.505	26.43
706.686	24.73
706.867	28.24
707.049	31.23
707.23	28.36
707.411	29.78
707.593	26.64
707.774	27.7
707.955	32.18
708.136	20.49
708.318	31.91
708.499	27.39
708.68	23.8
708.861	35.7
709.042	16.74
709.223	28.75
709.404	31.94
709.585	27.04
709.767	22.42
709.948	28.59
710.129	30.72
710.31	21.96
710.491	27.98
710.672	27.04
710.853	20.7
711.034	33.91
711.214	23.29
711.395	29.62
711.576	24.83
711.757	34.15
711.938	28.4
712.119	30.08
712.3	34.26
712.481	21.09
712.661	21.85
712.842	25.77
713.023	21.81
713.204	26.93
713.384	28.14
713.565	26.8
713.746	27.57
713.926	14.8
714.107	34.47
714.288	27.95
714.468	26.67
714.649	30.34
714.83	36.11
715.01	33.46
715.191	24.34
715.371	22.32
715.552	23.95
715.732	27.22
715.913	27.86
716.093	29.29
716.274	33.7
716.454	20.69
716.635	32.15
716.815	28.96
716.995	13.87
717.176	36.98
717.356	15.51
717.536	29.76
717.717	17.26
717.897	20.1
718.077	24.89
718.258	29.14
718.438	24.7
718.618	31.64
718.798	23.85
718.978	29.88
719.159	37.47
719.339	37.91
719.519	23.22
719.699	36.51
719.879	27.93
720.059	25.38
720.239	30.14
720.419	33.27
720.599	29.01
720.779	40.22
720.959	14.84
721.139	22.26
721.319	17.1
721.499	27.01
721.679	17.99
721.859	34.02
722.039	23.25
722.219	26.88
722.399	20.31
722.579	11.28
722.759	31.96
722.938	26.59
723.118	19.52
723.298	23.85
723.478	21.14
723.658	27.01
723.837	46.44
724.017	14.46
724.197	19.31
724.376	28.57
724.556	19.44
724.736	45.15
724.915	22.81
725.095	32
725.275	33.98
725.454	25.14
725.634	17.79
725.813	30.04
725.993	31.24
726.172	34.22
726.352	14.66
726.531	34.65
726.711	20.71
726.89	32.4
727.07	20.95
727.249	22.58
727.428	30.22
727.608	10.21
727.787	26.37
727.966	12.6
728.146	19.25
728.325	34.85
728.504	36.48
728.684	15.86
728.863	36.84
729.042	24.08
729.221	-2.6
729.4	34.95
729.58	15.01
729.759	28.71
729.938	53.45
730.117	53.61
730.296	24.98
730.475	26.5
730.654	8.41
730.833	21.47
731.013	37.11
731.192	12.39
731.371	34.19
731.55	43.7
731.729	23.04
731.907	35.07
732.086	32.96
732.265	27.82
732.444	1.09
732.623	33.36
732.802	23.83
732.981	37.23
733.16	24.75
733.339	29.24
733.517	42.39
733.696	35.57
733.875	17.9
734.054	31.63
734.232	30.33
734.411	46.76
734.59	32.74
734.768	32.63
734.947	30.12
735.126	6.67
735.304	16.81
735.483	41.1
735.662	48.33
735.84	40.82
736.019	16.66
736.197	29.24
736.376	23.07
736.554	54.18
736.733	44.21
736.911	23.68
737.09	28.57
737.268	-1.19
737.447	52.42
737.625	5.92
737.803	21.5
737.982	37.35
738.16	19.91
738.338	49.69
738.517	22.17
738.695	38.59
738.873	23.11
739.052	34.5
739.23	26.25
739.408	19.95
739.586	34.66
739.764	43.11
739.943	29.96
740.121	48.24
740.299	35.22
740.477	7.76
740.655	44.84
740.833	15.52
741.011	21.99
741.189	38.9
741.367	26.13
741.545	34.09
741.723	21.99
741.901	7.07
742.079	41.88
742.257	16.51
742.435	29.61
742.613	30.01
742.791	57.88
742.969	31.81
743.147	62.28
743.325	32.66
743.503	33.54
743.68	19.55
743.858	91.71
744.036	-0.3
744.214	1.1
744.391	3.56
744.569	23.55
744.747	13.69
744.925	44.68
745.102	-6.31
745.28	26.11
745.458	9.56
745.635	54.18
745.813	52.05
745.99	37.34
746.168	58.55
746.345	61.31
746.523	30.68
746.7	21.39
746.878	5.4
747.055	20.78
747.233	36.18
747.41	39.82
747.588	34.99
747.765	24.2
747.943	25.33
748.12	12.82
748.297	39.72
748.475	21.48
748.652	17.19
748.829	19.66
749.007	28.4
749.184	-8.59
749.361	25.24
749.538	43.57
749.716	30.33
749.893	26.14
750.07	51.34
750.247	-10.59
750.424	75.9
750.601	72.55
750.778	42.4
750.956	15.1
751.133	4.09
751.31	47.9
751.487	-9.44
751.664	-12.1
751.841	5.24
752.018	28.03
752.195	8.91
752.372	35.27
752.549	-6.4
752.726	42.16
752.902	41.61
753.079	52.93
753.256	36.51
753.433	18.26
753.61	22.28
753.787	31.14
753.964	-7.1
754.14	12.7
754.317	31.7
754.494	8.45
754.671	70.05
754.847	48.47
755.024	30.01
755.201	25.36
755.377	17.14
755.554	-1.76
755.73	-10.23
755.907	25.95
756.084	59.1
756.26	48.87
756.437	9.86
756.613	34.55
756.79	21.2
756.966	20.26
757.143	-24.1
757.319	30.68
757.496	33.38
757.672	40.85
757.849	27.34
758.025	17.31
758.201	69.79
758.378	37.12
758.554	0.49
758.73	6.45
758.907	35.64
759.083	19.04
759.259	35.19
759.435	23.56
759.612	41.77
759.788	25.85
759.964	55.49
760.14	19.44
760.316	5
760.493	11.17
760.669	31.95
760.845	10.19
761.021	-55.81
761.197	-20.43
761.373	20.55
761.549	14.7
761.725	14.94
761.901	29.25
762.077	36.25
762.253	12.14
762.429	64.08
762.605	41.8
762.781	21
762.957	47.28
763.133	56.21
763.308	33.41
763.484	12.76
763.66	103.3
763.836	6.52
764.012	-14.87
764.187	-11.13
764.363	2.07
764.539	10.63
764.715	16.66
764.89	38.84
765.066	-28.31
765.242	-3.38
765.417	78.68
765.593	36.26
765.769	13.58
765.944	30.1
766.12	42.23
766.295	1.66
766.471	-8.22
766.646	51.63
766.822	20.57
766.997	7.8
767.173	54.23
767.348	24.27
767.524	37.79
767.699	41.91
767.875	19.17
768.05	-2.76
768.225	60.06
768.401	-0.35
768.576	1.11
768.751	48.16
768.927	-79.37
769.102	58.46
769.277	38.76
769.452	20.71
769.628	21.22
769.803	38.4
769.978	112.32
770.153	-13.68
770.328	35.55
770.503	38.6
770.679	107.21
770.854	-35.46
771.029	31.06
771.204	-130.46
771.379	29.49
771.554	-4.51
771.729	23.4
771.904	52.77
772.079	44.43
772.254	44.95
772.429	45.36
772.604	26.62
772.779	-24.55
772.953	-31.23
773.128	47.59
773.303	36.71
773.478	103.87
773.653	15.19
773.828	35.21
774.002	73.84
774.177	-42.7
774.352	-66.96
774.527	13.72
774.701	88.3
774.876	95.16
775.051	-131.02
775.225	100
775.4	-13.6
775.575	50.29
775.749	-25.61
775.924	58.83
776.098	-42.26
776.273	11.22
776.447	2.76
776.622	8.26
776.796	-29.08
776.971	4.37
777.145	73.88
777.32	5.76
777.494	38.6
777.669	71.61
777.843	-60.26
778.017	53.47
778.192	11.89
778.366	110.99
778.54	42.69
778.715	48.29
778.889	34.49
779.063	40.13
779.237	-12.93
779.412	23.76
779.586	-54.84
779.76	-187.82
779.934	-14.16
780.108	5.64
780.282	-634.33
780.457	53.8
780.631	-25.95
780.805	-106.65
780.979	-150.75
781.153	-31.97
781.327	23.74
781.501	6.22
781.675	65.01
781.849	-6.44
782.023	28.87
782.197	-16.94
782.371	-30.29
782.545	136.81
782.718	66.08
782.892	175.13
783.066	-20.46
783.24	100
783.414	-53.53
783.588	70.43
783.761	-60.39
783.935	-42.14
784.109	-8.91
784.283	-108.7
784.456	350.24
784.63	1.85
784.804	97.13
784.977	48.27
785.151	-12.15
785.324	100
785.498	-91.06
785.672	-24.55
785.845	71.46
786.019	-30.81
786.192	-122.52
786.366	-18.24
786.539	112.2
786.713	21.53
786.886	-1.64
787.06	187.01
787.233	-94.08
787.406	-37.83
787.58	-10.51
787.753	30.6
787.926	-69.52
788.1	26.38
788.273	-443.4
788.446	51.29
788.62	-1370.97
788.793	1.4
788.966	97.53
789.139	25.63
789.313	14.99
789.486	-3842.86
789.659	-2.86
789.832	58.75
790.005	58.73
790.178	471.68
790.351	78.06
790.524	116.27
790.697	41.96
790.87	-52.28
791.044	514.55
791.216	39.92
791.389	-323.53
791.562	89.71
791.735	-249.37
791.908	1222.08
792.081	110.64
792.254	34.07
792.427	10.78
792.6	-78.43
792.773	22.06
792.945	-329.85
793.118	7.69
793.291	-269.23
793.464	-17.45
793.637	55.83
793.809	76.52
793.982	62.45
794.155	93.86
794.327	108.67
794.5	-583.08
794.673	56.28
794.845	-119.46
795.018	106.09
795.19	-75.28
795.363	119.17
795.536	52.11
795.708	-1835.48
795.881	5140
796.053	69.68
796.226	154.86
796.398	47.56
796.57	-78.83
796.743	-39.94
796.915	53.22
797.088	61.13
797.26	-60.63
797.432	-370.89
797.605	292.51
797.777	22.08
797.949	44.4
798.122	35.42
798.294	320.63
798.466	202.86
798.638	77.43
798.81	66.2
798.983	160.76
799.155	43.67
799.327	91.33
799.499	52
799.671	10.95
799.843	-36.2
800.015	184.05
800.187	38.94
800.359	49.45
800.531	-6.04
800.703	2.45
800.875	37.81
801.047	13.76
801.219	161.43
801.391	442.86
801.563	186.33
801.735	-5.54
801.907	593.25
802.079	243.85
802.251	-18.68
802.422	-117.32
802.594	240.26
802.766	19.65
802.938	73.09
803.11	261.63
803.281	-321.19
803.453	66.47
803.625	8.76
803.796	9.92
803.968	16.64
804.14	92.42
804.311	63.69
804.483	177.29
804.654	25.35
804.826	5.96
804.998	22.99
805.169	-266.02
805.341	263.2
805.512	85.09
805.684	13.76
805.855	117.61
806.026	543.08
806.198	158.9
806.369	-45.79
806.541	59.72
806.712	91.41
806.883	93.46
807.055	46.17
807.226	79.19
807.397	152.75
807.569	121.24
807.74	47.08
807.911	-125.31
808.082	-34.53
808.253	52.48
808.425	23.84
808.596	86.52
808.767	-12.23
808.938	56.72
809.109	-113.86
809.28	-161.61
809.451	39.68
809.622	-175.94
809.793	-596.77
809.964	-453.04
810.135	-140
810.306	321.97
810.477	164.43
810.648	-27.85
810.819	-28.49
810.99	10420
811.161	91.08
811.332	35.14
811.503	116.13
811.674	-158.46
811.844	-140
812.015	71.5
812.186	151.53
812.357	-75.11
812.527	-6.63
812.698	-96.42
812.869	983.02
813.04	-88.61
813.21	472.41
813.381	-35.41
813.551	-48.73
813.722	113.84
813.893	-0.78
814.063	22.58
814.234	-1492.73
814.404	157.02
814.575	34.92
814.745	216.81
814.916	93.7
815.086	74.74
815.257	-228.25
815.427	247.24
815.598	20.19
815.768	68.64
815.938	26.17
816.109	36.84
816.279	63.29
816.449	23.87
816.62	-2489.47
816.79	36.62
816.96	-330.19
817.13	35.34
817.301	-27.92
817.471	28.6
817.641	195.71
817.811	-408.03
817.981	-8128.57
818.152	168.25
818.322	-208.91
818.492	-18.95
818.662	78.8
818.832	70.44
819.002	108.59
819.172	300.71
819.342	93.06
819.512	100
819.682	10.62
819.852	-10.71
820.022	-9.09
820.192	-34.83
820.362	-75.61
820.531	60.91
820.701	-4.96
820.871	-17.97
821.041	-24.89
821.211	-17.47
821.381	108.98
821.55	166.38
821.72	-123.26
821.89	-29.23
822.059	70.31
822.229	8.4
822.399	40.81
822.568	130.09
822.738	-309.76
822.908	114.72
823.077	-1.85
823.247	53.78
823.416	-3147.06
823.586	298.93
823.756	-72.39
823.925	388.61
824.095	155.81
824.264	-142.15
824.433	-69.91
824.603	143.59
824.772	-73.3
824.942	-644.3
825.111	3.52
825.28	100
825.45	-327.83
825.619	427.95
825.788	-533.71
825.958	3.63
826.127	115.05
826.296	53.09
826.465	167.76
826.635	67.37
826.804	-86.38
826.973	197.42
827.142	-206.38
827.311	502.68
827.48	52
827.649	36.05
827.818	-79.53
827.988	-34.4
828.157	-31.66
828.326	33.16
828.495	59.21
828.664	-16.73
828.833	19.43
829.002	62.73
829.17	-109.4
829.339	-117.09
829.508	260.32
829.677	410.11
829.846	-2.26
830.015	-92.68
830.184	-36.42
830.352	10.1
830.521	333.09
830.69	509.76
830.859	2288.24
831.027	921.05
831.196	59.85
831.365	-40.81
831.533	66.92
831.702	-99.19
831.871	82.65
832.039	120.99
832.208	-380
832.377	-88.98
832.545	81.49
832.714	54.96
832.882	-8.74
833.051	78.78
833.219	5928.57
833.388	6.32
833.556	-81.92
833.724	-35.69
833.893	25.45
834.061	415.79
834.23	-13.9
834.398	44.4
834.566	287.01
834.735	-242.86
834.903	32.08
835.071	2500
835.239	-120.33
835.408	165.9
835.576	72.09
835.744	-131.13
835.912	-28.84
836.08	32.96
836.249	824.53
836.417	144.92
836.585	31.12
836.753	129.43
836.921	15.68
837.089	-6757.14
837.257	-2439.53
837.425	-53.19
837.593	4.24
837.761	-65.81
837.929	-25.08
838.097	32.21
838.265	50.63
838.433	29.18
838.601	7.69
838.769	69.62
838.936	558.43
839.104	90.19
839.272	39.54
839.44	57.08
839.608	831.71
839.775	-81.26
839.943	-12.07
840.111	100
840.279	84.24
840.446	189.55
840.614	-585.71
840.781	110.43
840.949	28.14
841.117	192.31
841.284	-85.41
841.452	10.56
841.619	73.79
841.787	148.71
841.954	434.88
842.122	335.84
842.289	-19.38
842.457	205.38
842.624	34.4
842.792	-5.11
842.959	-153.71
843.126	89.86
843.294	-16.72
843.461	100
843.629	445.6
843.796	30.02
843.963	-40.08
844.13	147.32
844.298	-11.2
844.465	-4.96
844.632	3.11
844.799	-159.3
844.966	-78.72
845.134	74.13
845.301	64.29
845.468	-194.04
845.635	-103.53
845.802	-42.98
845.969	29.41
846.136	25.45
846.303	-26.32
846.47	0.93
846.637	-749.23
846.804	-1984.21
846.971	5.57
847.138	30.5
847.305	110.62
847.472	30.7
847.639	105.62
847.805	208.22
847.972	458.44
848.139	-3
848.306	542.11
848.473	-97.01
848.639	-23.03
848.806	359.2
848.973	49.52
849.14	115.14
849.306	-126.01
849.473	-130.46
849.64	1096.92
849.806	232.06
849.973	424.32
850.139	92.05
850.306	86.28
850.472	175.28
850.639	107.87
850.806	-3500
850.972	-150.43
851.139	6442.86
851.305	172.29
851.471	-49.47
851.638	158.9
851.804	-222.39
851.971	12.2
852.137	76.97
852.303	-7.23
852.47	23.93
852.636	-9.09
852.802	-41.73
852.968	84.68
853.135	93.91
853.301	2.89
853.467	159.02
853.633	-18.07
853.8	136.95
853.966	-9.64
854.132	-4185.71
854.298	-311.68
854.464	-34.83
854.63	5.21
854.796	266.78
854.962	65.47
855.128	78.18
855.294	-45.98
855.46	68.33
855.626	-19.11
855.792	-39
855.958	507.77
856.124	107.36
856.29	-98.68
856.456	7.53
856.622	33.62
856.787	1253.25
856.953	87.91
857.119	575.25
857.285	-104.74
857.45	36.4
857.616	238.82
857.782	-71.87
857.948	115.05
858.113	-145.73
858.279	160.91
858.445	-32.28
858.61	44.19
858.776	61.13
858.941	-66.34
859.107	39.79
859.273	57.65
859.438	-37.27
859.604	1236.84
859.769	-3.94
859.935	-54.46
860.1	68.76
860.265	79.33
860.431	39.57
860.596	6785.71
860.762	40.52
860.927	161.19
861.092	31.01
861.258	35.41
861.423	25.87
861.588	1.74
861.753	4385.71
861.919	235.85
862.084	-70.08
862.249	270.85
862.414	42.66
862.579	2.54
862.745	127.22
862.91	86.72
863.075	-60.26
863.24	144.79
863.405	-68.84
863.57	14.01
863.735	89.06
863.9	25.66
864.065	-14.5
864.23	87.34
864.395	27.4
864.56	9.37
864.725	24.05
864.89	19.1
865.055	108.92
865.22	-43.34
865.384	-61.8
865.549	-156.31
865.714	-60.19
865.879	96.07
866.044	162.95
866.208	-25.06
866.373	-572.53
866.538	12.88
866.702	56.72
866.867	159.05
867.032	80.24
867.196	77.81
867.361	234.4
867.526	-28.76
867.69	-77.53
867.855	-572.53
868.019	-336.36
868.184	-27.39
868.348	63.14
868.513	-1564.52
868.677	-7.39
868.842	32.16
869.006	188.39
869.17	552.83
869.335	41.46
869.499	-377.67
869.663	338.41
869.828	36.84
869.992	434.88
870.156	-27.74
870.321	-93.55
870.485	6.87
870.649	17.68
870.813	-351.66
870.978	28.51
871.142	-1007.69
871.306	3.32
871.47	73.72
871.634	-60.63
871.798	167.08
871.962	116.4
872.126	6785.71
872.29	82.57
872.454	4385.71
872.618	151.67
872.782	404.48
872.946	244.97
873.11	57.79
873.274	-24.86
873.438	-111.76
873.602	-17.15
873.766	738.96
873.93	21.1
874.094	-183.15
874.257	192.31
874.421	217.92
874.585	601.82
874.749	13.17
874.912	-150.36
875.076	-51.86
875.24	-29.84
875.403	362.12
875.567	175.43
875.731	450.56
875.894	-91.02
876.058	94.26
876.222	234.83
876.385	33.67
876.549	120.99
876.712	841.82
876.876	-186.64
877.039	-52.9
877.203	105.62
877.366	-44.75
877.529	-294.35
877.693	42.28
877.856	218.36
878.02	-119.3
878.183	17.24
878.346	-258.44
878.51	206.19
878.673	48.2
878.836	111.36
878.999	370.97
879.163	-1.17
879.326	103.07
879.489	44.41
879.652	53.8
879.815	86.07
879.978	2.04
880.142	3.36
880.305	338.51
880.468	100
880.631	131.83
880.794	37.53
880.957	-17.07
881.12	241.18
881.283	-147.53
881.446	53.93
881.609	238.13
881.772	45.28
881.935	452.94
882.097	60.1
882.26	-624.53
882.423	-261.81
882.586	95.57
882.749	79.01
882.912	-135.58
883.074	144.93
883.237	68.76
883.4	160.48
883.562	110.87
883.725	-53.6
883.888	-88.98
884.05	-860
884.213	22.58
884.376	49.63
884.538	58.83
884.701	58.83
884.863	58.83
