181.954	26.32
182.172	26.32
182.39	26.32
182.608	860
182.826	572.53
183.043	-48.94
183.261	-41.14
183.479	75.95
183.697	1523.53
183.914	123.48
184.132	265.78
184.35	82.96
184.567	92.68
184.785	69.91
185.003	-44.47
185.22	121.46
185.438	65.83
185.656	-45.73
185.873	140
186.091	41.87
186.309	-927.59
186.526	-40.27
186.744	70.25
186.961	-15.26
187.179	76.3
187.396	108.8
187.614	66.15
187.831	3980
188.049	-195.71
188.266	22.15
188.484	-350.75
188.701	-344.66
188.919	60.79
189.136	49.63
189.354	-35.14
189.571	2.37
189.789	83.59
190.006	45.4
190.223	10.27
190.441	58.58
190.658	-6785.71
190.876	97.01
191.093	-20.88
191.31	62.8
191.528	37.7
191.745	20.24
191.962	126.79
192.179	73.11
192.397	-182.59
192.614	16.73
192.831	-26.2
193.049	29.32
193.266	109.71
193.483	8.12
193.7	176.92
193.917	55.76
194.135	20.86
194.352	-58.3
194.569	79.94
194.786	273.22
195.003	186.65
195.221	30.06
195.438	-61.84
195.655	-130.15
195.872	17.97
196.089	49.21
196.306	33.89
196.523	-36.05
196.74	120.41
196.957	112.66
197.174	-14.72
197.391	99.61
197.608	43.16
197.825	-409.68
198.042	82.57
198.259	-555.17
198.476	140.73
198.693	4220
198.91	106.01
199.127	-404.48
199.344	201.21
199.561	267.63
199.778	60.89
199.995	-583.58
200.212	975.86
200.429	-179.62
200.646	-373.42
200.862	587.64
201.079	21.31
201.296	19.21
201.513	121.36
201.73	6.27
201.947	108.44
202.163	-1.4
202.38	198.27
202.597	175.94
202.814	13.9
203.03	380
203.247	98.99
203.464	26.2
203.681	-6.49
203.897	134.3
204.114	239.62
204.331	113.78
204.547	-881.4
204.764	22.85
204.981	-100
205.197	170.64
205.414	-74.33
205.63	-679.31
205.847	-51.76
206.064	249.09
206.28	-5.18
206.497	120.35
206.713	82.77
206.93	-40.13
207.146	10.62
207.363	343.08
207.579	-258.24
207.796	27.43
208.012	-76.99
208.229	-708.96
208.445	86.38
208.662	4.87
208.878	-4.1
209.095	-2570.59
209.311	-7.69
209.528	585.71
209.744	127.03
209.96	-115.89
210.177	-251.46
210.393	57.4
210.609	6140
210.826	84.05
211.042	233.91
211.258	670.15
211.475	-67.91
211.691	53.77
211.907	67.09
212.124	-25.7
212.34	325.14
212.556	88.29
212.772	-310.99
212.989	-187.42
213.205	-188.56
213.421	-365.33
213.637	616.42
213.853	138.13
214.069	278.95
214.286	-51.02
214.502	-583.58
214.718	-250.47
214.934	-4.82
215.15	171.48
215.366	75.84
215.582	56.89
215.798	96.17
216.015	70.47
216.231	36.22
216.447	80.23
216.663	4.22
216.879	26.63
217.095	302.68
217.311	918.87
217.527	113.81
217.743	-379.61
217.959	307.55
218.175	30.78
218.391	193.53
218.606	174.29
218.822	35.65
219.038	-29.41
219.254	79.37
219.47	39.95
219.686	965.17
219.902	51.17
220.118	47.69
220.334	34.11
220.549	12.25
220.765	51.09
220.981	-29.01
221.197	83.69
221.413	84.62
221.628	-206.33
221.844	466.04
222.06	-344.66
222.276	15.27
222.491	70.23
222.707	136.07
222.923	-325.5
223.139	12.56
223.354	-13.65
223.57	-109.45
223.786	-3.29
224.001	94.59
224.217	29.45
224.432	253.76
224.648	130.67
224.864	-24.82
225.079	-494.03
225.295	-16.63
225.51	-15.68
225.726	-1.2
225.942	50.47
226.157	44.62
226.373	-105.11
226.588	3.58
226.804	-1236.84
227.019	68.84
227.235	-10.45
227.45	51.86
227.665	-4660
227.881	79.53
228.096	-79.13
228.312	13.15
228.527	79.33
228.743	229.14
228.958	-68.51
229.173	-392.17
229.389	6.79
229.604	2.92
229.819	155.04
230.035	1.77
230.25	-107
230.465	99.15
230.681	-10.1
230.896	68.22
231.111	18.09
231.327	-1.47
231.542	-100
231.757	149.81
231.972	65.37
232.187	99.15
232.403	-1615.79
232.618	66.78
232.833	97.63
233.048	-405.45
233.263	23.9
233.478	119.13
233.694	-211.63
233.909	-1377.42
234.124	68.66
234.339	-15.46
234.554	106.9
234.769	-62.61
234.984	-30.04
235.199	140.39
235.414	69.91
235.629	-221.52
235.844	15.92
236.059	68.9
236.274	110.27
236.489	-194.04
236.704	126.69
236.919	102.92
237.134	38.1
237.349	178.01
237.564	84.11
237.779	-20.84
237.994	-191.91
238.209	19.81
238.424	-387.12
238.639	34.37
238.853	19.08
239.068	99.4
239.283	-31.12
239.498	295.78
239.713	3.67
239.928	11.13
240.142	49.28
240.357	96.19
240.572	-137.18
240.787	79.84
241.001	37.87
241.216	23.51
241.431	314.23
241.646	34.93
241.86	-256.05
242.075	-1662.79
242.29	33.09
242.504	49.45
242.719	93.79
242.934	287.4
243.148	28.47
243.363	110.48
243.577	-59.55
243.792	-17.41
244.007	17.25
244.221	40.26
244.436	-888.06
244.65	385.89
244.865	207.11
245.079	45.29
245.294	-548.92
245.508	12.25
245.723	55.49
245.937	58.24
246.152	5.95
246.366	62.61
246.581	41.68
246.795	-217.79
247.01	70.98
247.224	-54.39
247.438	15.22
247.653	36.28
247.867	133.24
248.081	-90.14
248.296	1100
248.51	59.07
248.724	81.57
248.939	419.4
249.153	46.94
249.367	45.4
249.582	-67.3
249.796	461.04
250.01	-187.42
250.224	49.27
250.439	-79.72
250.653	27.66
250.867	-13.55
251.081	13.74
251.295	-38.41
251.51	145.11
251.724	-341.73
251.938	114.13
252.152	-327.74
252.366	24.94
252.58	140
252.794	46.14
253.008	297.35
253.223	120.84
253.437	-28.53
253.651	52.27
253.865	74.38
254.079	19.31
254.293	-37.47
254.507	969.09
254.721	22.08
254.935	559.34
255.149	135.94
255.363	41.68
255.577	-19.46
255.791	156.27
256.005	157.67
256.218	-37.03
256.432	7.42
256.646	77.02
256.86	119.72
257.074	67.35
257.288	4700
257.502	203.3
257.716	8.91
257.929	-16.62
258.143	71.11
258.357	27.21
258.571	-11.44
258.785	48.88
258.998	93.98
259.212	82.21
259.426	-13.9
259.64	80.67
259.853	144.51
260.067	138.88
260.281	81.68
260.494	93.73
260.708	292.08
260.922	-40.86
261.135	34.85
261.349	-51.6
261.563	53.25
261.776	-1229.41
261.99	87.04
262.203	79.92
262.417	-95.76
262.63	-67.46
262.844	115.73
263.058	58.64
263.271	7.5
263.485	1.28
263.698	58.09
263.912	211.49
264.125	-67.16
264.339	-43.31
264.552	8.76
264.765	-329.57
264.979	9.09
265.192	-83.65
265.406	-4.1
265.619	10.16
265.832	0.76
266.046	43.55
266.259	-34.92
266.473	-951.61
266.686	68.78
266.899	28.47
267.113	9020
267.326	44.17
267.539	-40.69
267.752	57.4
267.966	34.78
268.179	-2.58
268.392	49.21
268.605	-270.08
268.819	76.77
269.032	-134.12
269.245	47.69
269.458	201.11
269.671	-8.86
269.885	-9.53
270.098	-2.57
270.311	264.56
270.524	11.76
270.737	53.45
270.95	-107.95
271.163	88.98
271.376	1332.26
271.589	234.18
271.802	5.93
272.016	28.99
272.229	21.71
272.442	113.77
272.655	-42.98
272.868	1.08
273.081	102.25
273.294	42.49
273.506	162.9
273.719	44.08
273.932	-30.81
274.145	6620
274.358	93.14
274.571	43.19
274.784	-439.62
274.997	27.93
275.21	-42.28
275.423	-28.87
275.635	-75.88
275.848	130.84
276.061	186.09
276.274	-20.2
276.487	-16.52
276.699	63.77
276.912	7.42
277.125	22.55
277.338	47.11
277.55	35.47
277.763	79.28
277.976	118.84
278.189	-179.12
278.401	-19.39
278.614	53.6
278.827	42.21
279.039	1.41
279.252	26.89
279.464	84.14
279.677	37.64
279.89	-12.89
280.102	-33.67
280.315	-41.46
280.527	-415.79
280.74	-844.83
280.952	87.95
281.165	51.09
281.377	78.97
281.59	231.03
281.802	22.45
282.015	-7.47
282.227	54.99
282.44	305.76
282.652	196.63
282.865	-105.69
283.077	64.82
283.29	160.68
283.502	44.69
283.714	190.05
283.927	90.98
284.139	-192.7
284.351	108.7
284.564	143.85
284.776	110.76
284.988	205.3
285.201	688.06
285.413	70.78
285.625	-125.95
285.838	-13.89
286.05	50.16
286.262	32.84
286.474	273.41
286.686	64.01
286.899	-40.81
287.111	43.19
287.323	18.41
287.535	-4.95
287.747	61.82
287.959	-21.47
288.172	-230.91
288.384	19.87
288.596	-80.87
288.808	511.32
289.02	126.42
289.232	81.64
289.444	50.26
289.656	5.54
289.868	-19.65
290.08	54.6
290.292	-13.19
290.504	-3.19
290.716	25.82
290.928	82.03
291.14	318.6
291.352	37.7
291.564	-664.71
291.776	222.79
291.988	-33.74
292.2	-202.37
292.412	256.76
292.624	21.97
292.835	-225.37
293.047	-24.01
293.259	-81.19
293.471	73.76
293.683	192.68
293.895	45.01
294.106	-42.29
294.318	14.66
294.53	74.62
294.742	1431.03
294.953	81.55
295.165	87.19
295.377	110.84
295.589	-64.27
295.8	23.2
296.012	6.75
296.224	68.78
296.435	157.31
296.647	-15.87
296.858	-91.37
297.07	915.38
297.282	-139.01
297.493	-1.44
297.705	-10.86
297.916	-19.77
298.128	63.49
298.34	89.65
298.551	82.84
298.763	39.96
298.974	38.83
299.186	79.07
299.397	-173.47
299.609	-1106.45
299.82	131.53
300.031	90.52
300.243	3373.68
300.454	10.43
300.666	42.71
300.877	-54.5
301.089	104.26
301.3	53.89
301.511	21.98
301.723	-44.12
301.934	-476.12
302.145	-150.76
302.357	80.17
302.568	216.8
302.779	-25.52
302.99	-121.52
303.202	88.91
303.413	24.46
303.624	-59.32
303.835	-530.19
304.047	-168.02
304.258	51.99
304.469	38.13
304.68	22.59
304.891	70.29
305.103	205.79
305.314	101.27
305.525	2300
305.736	51.18
305.947	48.79
306.158	1947.06
306.369	72.36
306.58	175.28
306.791	265.9
307.002	44.34
307.213	-55.38
307.424	18.73
307.636	30.79
307.846	-13.48
308.057	-181.55
308.268	57.84
308.479	-3.9
308.69	35.35
308.901	82.65
309.112	-825.58
309.323	19.73
309.534	201.16
309.745	58.03
309.956	12.18
310.167	55.29
310.377	82.01
310.588	206.7
310.799	65.18
311.01	-86.33
311.221	61.48
311.432	15.8
311.642	-49.47
311.853	172.3
312.064	1306.9
312.275	167.66
312.485	70.6
312.696	40.65
312.907	-15.58
313.117	25.37
313.328	67.58
313.539	-78.52
313.749	36.97
313.96	-47.25
314.171	97.68
314.381	52.14
314.592	14.96
314.802	19.84
315.013	-109.81
315.224	68.56
315.434	-2626.32
315.645	-3700
315.855	40.6
316.066	169.66
316.276	154.42
316.487	251.22
316.697	129.1
316.908	5.42
317.118	124.77
317.329	-97.27
317.539	70.79
317.749	-53.65
317.96	-798.51
318.17	-58.53
318.381	137.36
318.591	-429.67
318.801	40.67
319.012	48.41
319.222	296.12
319.432	93.55
319.643	109.91
319.853	77.58
320.063	49.68
320.273	28.77
320.484	-165.93
320.694	267.35
320.904	5.76
321.114	520.22
321.325	1431.03
321.535	13.74
321.745	-1.34
321.955	63.56
322.165	-67.37
322.375	72.72
322.585	-19.02
322.796	-1010.34
323.006	190.7
323.216	49.68
323.426	126.3
323.636	405.26
323.846	313.79
324.056	58.4
324.266	-2.49
324.476	-31.01
324.686	-9.19
324.896	7.17
325.106	601.89
325.316	-23.93
325.526	-2626.32
325.736	-2.41
325.946	23.7
326.156	164.94
326.366	275.65
326.576	71.74
326.785	-112.06
326.995	171.95
327.205	80.9
327.415	274.24
327.625	101.46
327.835	33.76
328.044	62.81
328.254	-277.39
328.464	222.26
328.674	128.82
328.884	-264.03
329.093	86.1
329.303	40.37
329.513	309.94
329.722	-100
329.932	35.24
330.142	-85.83
330.351	15.27
330.561	-536.36
330.771	-91.14
330.98	66.76
331.19	121.54
331.4	-66.08
331.609	69.24
331.819	-304.88
332.028	-257.71
332.238	95.25
332.447	39.48
332.657	59.2
332.866	75.9
333.076	88.62
333.285	103.26
333.495	248.39
333.704	-261.43
333.914	81.74
334.123	-75.87
334.333	601.54
334.542	63.49
334.752	1247.69
334.961	692.45
335.17	-87.94
335.38	43.87
335.589	83.66
335.798	70.02
336.008	783.52
336.217	-84.68
336.426	91.53
336.636	12.34
336.845	48.73
337.054	-224.68
337.263	-52.55
337.473	-2.85
337.682	28.99
337.891	28.2
338.1	133.09
338.309	-27.4
338.519	146.01
338.728	-9.74
338.937	-279.53
339.146	3.6
339.355	-167.92
339.564	-984.21
339.773	147.24
339.983	97.17
340.192	-225.22
340.401	155.04
340.61	17.48
340.819	11.98
341.028	-13.44
341.237	1311.76
341.446	-10.28
341.655	123.33
341.864	19.43
342.073	46.43
342.282	-105.78
342.491	36.01
342.699	-146.6
342.908	-177.92
343.117	-24.01
343.326	-95.14
343.535	183.64
343.744	-74.71
343.953	-38.29
344.162	71.27
344.37	-39.69
344.579	7.46
344.788	-53.96
344.997	-15.29
345.206	99.35
345.414	9.91
345.623	63.84
345.832	-80.33
346.041	295.94
346.249	85.55
346.458	0.51
346.667	101.42
346.875	11.98
347.084	78.08
347.293	-1.51
347.501	2.37
347.71	-22.72
347.918	23.99
348.127	45.05
348.336	-179.47
348.544	55.24
348.753	114.93
348.961	33.09
349.17	85.33
349.378	72.75
349.587	-49.38
349.795	109.71
350.004	546.15
350.212	1.95
350.421	-344.25
350.629	34.14
350.838	38.4
351.046	163.34
351.254	14.72
351.463	8.09
351.671	-163.16
351.879	53.25
352.088	4.43
352.296	-163.72
352.504	76.13
352.713	-138.87
352.921	-62.2
353.129	82.34
353.338	144.9
353.546	12.07
353.754	91.41
353.962	-308.12
354.171	-56.12
354.379	-1805.26
354.587	53.67
354.795	87.62
355.003	-1.11
355.212	99.4
355.42	-167.92
355.628	67.71
355.836	119.66
356.044	10.13
356.252	64.84
356.46	-81.34
356.668	989.23
356.876	25.82
357.084	33.74
357.292	25.52
357.5	-20.57
357.708	-34.13
357.916	99.46
358.124	151.9
358.332	-82.09
358.54	-929.09
358.748	-349.35
358.956	76.24
359.164	33.18
359.372	6.08
359.58	-220.86
359.788	70.84
359.996	-44.76
360.203	-78.54
360.411	-79.79
360.619	-256.78
360.827	6.15
361.035	-313.5
361.242	202.64
361.45	97.47
361.658	81.99
361.866	34.58
362.073	44.17
362.281	10.3
362.489	42.45
362.697	-39.86
362.904	103.02
363.112	280.56
363.32	-11.84
363.527	-308.7
363.735	-30.5
363.943	9.78
364.15	6.01
364.358	-11.02
364.565	19.22
364.773	92.38
364.98	-197.53
365.188	-24.84
365.395	69.73
365.603	-18.64
365.81	28.34
366.018	-59.29
366.225	82.92
366.433	-144.67
366.64	94.69
366.848	62.73
367.055	-28.53
367.263	-5.21
367.47	78.03
367.677	-84.81
367.885	-52.11
368.092	-3.01
368.299	-18.87
368.507	110.92
368.714	346.02
368.921	-52.76
369.129	79.58
369.336	48.34
369.543	11.45
369.751	-13.72
369.958	-175.34
370.165	72.46
370.372	25.06
370.579	81.07
370.787	-8.39
370.994	155.74
371.201	102.72
371.408	71.19
371.615	28.77
371.822	-23.46
372.029	42.37
372.237	-38.29
372.444	120.54
372.651	22.13
372.858	167.45
373.065	11.27
373.272	-7.93
373.479	-348.28
373.686	70.62
373.893	-181.55
374.1	-82.78
374.307	-445.32
374.514	147.77
374.721	68.68
374.928	180.52
375.135	68.78
375.341	-2020
375.548	49.41
375.755	60.93
375.962	46.59
376.169	-18.5
376.376	196.36
376.583	-20.18
376.789	38.91
376.996	29.16
377.203	-6.21
377.41	-11.26
377.617	74.55
377.823	28.34
378.03	480.65
378.237	47.84
378.443	-305.71
378.65	669.81
378.857	54.98
379.063	-24.05
379.27	-79.13
379.477	1.36
379.683	-67.3
379.89	18.35
380.097	87.87
380.303	57.7
380.51	-13.89
380.716	2.36
380.923	-24.41
381.129	113.84
381.336	-52.76
381.542	50.14
381.749	97.38
381.955	59.06
382.162	29.86
382.368	-22.25
382.575	-11.73
382.781	-968.97
382.988	-60.99
383.194	-23.9
383.4	-4.26
383.607	13.82
383.813	46.13
384.02	15.04
384.226	-152.66
384.432	40.4
384.639	28.41
384.845	416.46
385.051	47.73
385.257	11.14
385.464	66.06
385.67	44
385.876	135.85
386.082	-116.27
386.289	70.01
386.495	34.14
386.701	-185.99
386.907	-47.83
387.113	5.79
387.319	8.94
387.526	9.45
387.732	-33.86
387.938	-4
388.144	-141.74
388.35	35.16
388.556	37.85
388.762	17.59
388.968	-100
389.174	41.18
389.38	89.2
389.586	-18.22
389.792	-46.87
389.998	-35.21
390.204	-47.52
390.41	87.1
390.616	54.77
390.822	3.18
391.028	-0.72
391.234	17.21
391.439	63.11
391.645	28.54
391.851	77.49
392.057	-40.34
392.263	28.02
392.469	-36.38
392.674	0.46
392.88	33.23
393.086	39.4
393.292	-38.57
393.498	-129.43
393.703	16.32
393.909	-6.16
394.115	-6.12
394.32	-54.94
394.526	4.88
394.732	18.49
394.937	54.76
395.143	-182.59
395.349	-48.16
395.554	-491.96
395.76	42.98
395.965	0.63
396.171	32.66
396.377	-41.29
396.582	18.9
396.788	-9.75
396.993	47.27
397.199	20.11
397.404	55.54
397.61	-11.39
397.815	46.38
398.021	-51.29
398.226	-23.68
398.431	-23.43
398.637	-9.65
398.842	17.76
399.048	11.39
399.253	41.36
399.458	-4.28
399.664	-19.17
399.869	-24.31
400.074	16.26
400.28	-4.18
400.485	-5.75
400.69	20.78
400.896	18.65
401.101	-13.64
401.306	9.3
401.511	12.74
401.716	19.28
401.922	-33.37
402.127	11.83
402.332	8.83
402.537	42.97
402.742	0.65
402.947	14.14
403.153	0.26
403.358	11.7
403.563	21.25
403.768	9.68
403.973	-5.5
404.178	13.37
404.383	12.98
404.588	17.82
404.793	21.83
404.998	11.82
405.203	0.16
405.408	5.16
405.613	12.16
405.818	19.77
406.023	7.37
406.228	-1.75
406.433	5.27
406.638	0.68
406.842	5.9
407.047	10.31
407.252	6.2
407.457	13.58
407.662	9.94
407.867	8.73
408.071	10.31
408.276	4.03
408.481	18.04
408.686	9.48
408.891	3.81
409.095	12.42
409.3	7.62
409.505	11.47
409.709	9.64
409.914	8.57
410.119	9.06
410.323	1.73
410.528	11.77
410.733	9.16
410.937	9.58
411.142	10.01
411.346	9.07
411.551	8.34
411.756	6.66
411.96	10.02
412.165	3.42
412.369	5.16
412.574	9.95
412.778	10.92
412.983	7.6
413.187	7.54
413.392	3.38
413.596	9.45
413.8	9.2
414.005	12.18
414.209	6.96
414.414	7.01
414.618	8.64
414.822	7.53
415.027	9.12
415.231	7.75
415.435	8.49
415.64	9.15
415.844	3.85
416.048	8.85
416.252	7.05
416.457	7.48
416.661	5.88
416.865	4.97
417.069	6.28
417.274	8.5
417.478	7.2
417.682	8.33
417.886	4.85
418.09	6.99
418.294	7.66
418.498	9.44
418.702	7.75
418.907	6.67
419.111	6.87
419.315	7.76
419.519	7.87
419.723	6.96
419.927	7.48
420.131	9.92
420.335	7.18
420.539	5.15
420.743	9.22
420.947	7
421.151	5.66
421.355	6.46
421.558	6.99
421.762	6.39
421.966	8.13
422.17	6.13
422.374	6.83
422.578	6.96
422.782	6.99
422.985	6.53
423.189	6.99
423.393	6.68
423.597	6.2
423.801	7.51
424.004	6.64
424.208	6.52
424.412	5.63
424.615	6.93
424.819	7.21
425.023	6.76
425.226	6.8
425.43	8.24
425.634	6.98
425.837	6.14
426.041	6.41
426.245	6.71
426.448	6.27
426.652	6.81
426.855	5.61
427.059	5.73
427.262	7.27
427.466	6.03
427.669	6.06
427.873	7.05
428.076	5.63
428.28	6.33
428.483	6.61
428.687	5.95
428.89	6.87
429.094	5.59
429.297	5.95
429.5	7.43
429.704	7.06
429.907	6.84
430.11	6.85
430.314	6.67
430.517	6.77
430.72	6.68
430.924	6.67
431.127	6.53
431.33	6.48
431.533	6.92
431.737	6.23
431.94	6.29
432.143	6.72
432.346	6.08
432.549	6.81
432.752	6.09
432.956	6.4
433.159	5.68
433.362	6.47
433.565	5.79
433.768	6.93
433.971	6.1
434.174	6.69
434.377	6.62
434.58	6.54
434.783	6.03
434.986	6.47
435.189	6.4
435.392	6.56
435.595	6.45
435.798	6.46
436.001	7.04
436.204	6.2
436.407	6.11
436.61	6.69
436.813	7.18
437.016	6.07
437.219	6.22
437.421	6.31
437.624	6.8
437.827	6.6
438.03	6.7
438.233	5.78
438.435	6.35
438.638	6.71
438.841	6.1
439.044	6.13
439.246	6.51
439.449	5.96
439.652	6.37
439.854	6.39
440.057	6.42
440.26	6.63
440.462	6.74
440.665	6.13
440.868	6.4
441.07	6.36
441.273	6.44
441.475	5.7
441.678	6.3
441.88	6.27
442.083	6.12
442.286	6.37
442.488	6.31
442.69	6.37
442.893	6.27
443.095	5.85
443.298	6.3
443.5	6.31
443.703	6.31
443.905	6.07
444.108	6.25
444.31	6.24
444.512	6.31
444.715	6
444.917	6.31
445.119	6.51
445.322	6.43
445.524	6.12
445.726	6.18
445.928	6.41
446.131	6.63
446.333	6.46
446.535	5.83
446.737	6.05
446.94	6.5
447.142	6.5
447.344	6.69
447.546	6.04
447.748	6.1
447.95	6.79
448.152	6.62
448.354	6.16
448.557	6.45
448.759	6.16
448.961	6.15
449.163	6.73
449.365	6.43
449.567	6.32
449.769	6.27
449.971	6.75
450.173	6.99
450.375	6.28
450.577	6.68
450.779	6.41
450.981	6.33
451.182	6.42
451.384	6.5
451.586	7.02
451.788	5.93
451.99	6.76
452.192	5.76
452.394	6.96
452.595	6.91
452.797	6.54
452.999	6.89
453.201	7.01
453.402	6.39
453.604	6.52
453.806	6.72
454.008	7.06
454.209	6.67
454.411	6.61
454.613	6.66
454.814	6.81
455.016	6.91
455.218	6.5
455.419	7.19
455.621	6.98
455.822	6.81
456.024	6.46
456.225	6.99
456.427	7.46
456.629	6.68
456.83	7.09
457.032	7.03
457.233	6.78
457.435	6.65
457.636	7.21
457.837	7.28
458.039	6.65
458.24	7.17
458.442	7.17
458.643	6.61
458.844	7.73
459.046	7.14
459.247	7.46
459.448	7.45
459.65	7.47
459.851	7.49
460.052	7.32
460.254	6.41
460.455	7.81
460.656	7.23
460.857	7.41
461.059	7.17
461.26	7.23
461.461	7.74
461.662	6.79
461.863	7
462.065	7.63
462.266	7.4
462.467	6.35
462.668	6.78
462.869	8.4
463.07	6.73
463.271	7.49
463.472	6.53
463.673	6.98
463.874	7.5
464.075	7.57
464.276	7.61
464.477	7.31
464.678	6.49
464.879	7.18
465.08	7.05
465.281	7.66
465.482	7.16
465.683	7.25
465.884	7.32
466.085	7.59
466.285	7.84
466.486	7.61
466.687	8.38
466.888	7.92
467.089	8.27
467.29	7.78
467.49	7.49
467.691	7.8
467.892	7.33
468.093	6.98
468.293	7.39
468.494	6.51
468.695	7.22
468.895	7.28
469.096	7.51
469.297	7.24
469.497	8.22
469.698	8
469.898	6.92
470.099	8.85
470.3	8.03
470.5	7.36
470.701	8.59
470.901	8.15
471.102	8.21
471.302	6.26
471.503	8.58
471.703	9.16
471.904	8.37
472.104	6.19
472.305	7.4
472.505	7.03
472.705	8.29
472.906	8.22
473.106	8.54
473.306	6.73
473.507	7.87
473.707	7.25
473.907	7.77
474.108	6.14
474.308	9.08
474.508	8.49
474.709	7.56
474.909	6.83
475.109	6.18
475.309	7.3
475.51	6.64
475.71	8.1
475.91	8.13
476.11	7.13
476.31	6.98
476.51	10.11
476.71	6.43
476.911	6.93
477.111	8.4
477.311	6.51
477.511	7.17
477.711	7.77
477.911	6.93
478.111	9.57
478.311	7
478.511	9.07
478.711	8.13
478.911	6.61
479.111	8.2
479.311	6.28
479.511	9.67
479.711	6.21
479.91	5.93
480.11	8.34
480.31	6.49
480.51	8.5
480.71	7.04
480.91	7.21
481.109	5.94
481.309	7.73
481.509	6.19
481.709	8.29
481.909	7.92
482.108	6.11
482.308	6.05
482.508	9.41
482.707	9.27
482.907	7.45
483.107	8.09
483.306	7.8
483.506	6.56
483.706	5.78
483.905	7.09
484.105	7.72
484.304	5.96
484.504	6.24
484.704	8.61
484.903	6.43
485.103	8.85
485.302	8.17
485.502	8.67
485.701	7.38
485.901	7.29
486.1	6.99
486.299	7.56
486.499	7.09
486.698	6.66
486.898	7.85
487.097	4.96
487.296	5.5
487.496	6.42
487.695	6.89
487.894	5.76
488.094	6.6
488.293	8.41
488.492	6.8
488.692	7.52
488.891	7.46
489.09	7.39
489.289	5.42
489.489	7.1
489.688	6.37
489.887	7.61
490.086	6.53
490.285	6.28
490.484	8.02
490.683	8.35
490.883	8.97
491.082	6.51
491.281	6.57
491.48	7.86
491.679	7.78
491.878	7.01
492.077	8.62
492.276	6.93
492.475	6.09
492.674	7.38
492.873	8.06
493.072	7.47
493.271	7.9
493.47	5.84
493.669	5.81
493.867	6.48
494.066	7.26
494.265	7.2
494.464	7.56
494.663	5.91
494.862	7.5
495.06	6.12
495.259	6.84
495.458	6.01
495.657	7.64
495.856	7.45
496.054	8.34
496.253	7.5
496.452	6.87
496.65	6.98
496.849	6.77
497.048	6.93
497.246	6.39
497.445	7.29
497.644	7.4
497.842	7.26
498.041	7.84
498.239	7.14
498.438	7.14
498.636	7.29
498.835	7.48
499.034	7.41
499.232	7.71
499.431	7.36
499.629	6.64
499.827	7.91
500.026	6.34
500.224	8.05
500.423	7.1
500.621	7.78
500.82	7.95
501.018	8.38
501.216	7.76
501.415	7.68
501.613	7.83
501.811	7.47
502.01	7.31
502.208	7.3
502.406	8.03
502.604	7.64
502.803	8.32
503.001	8.02
503.199	7.55
503.397	6.45
503.595	7.05
503.794	6.8
503.992	7.37
504.19	7.39
504.388	7.75
504.586	7.4
504.784	7.51
504.982	6.85
505.18	7.91
505.378	7.15
505.576	6.82
505.774	6.75
505.972	7.38
506.17	7.91
506.368	7.54
506.566	7.75
506.764	7.68
506.962	7.75
507.16	7.57
507.358	6.98
507.556	7.7
507.754	7.85
507.952	6.89
508.15	8.18
508.347	7.99
508.545	7.82
508.743	7.81
508.941	7.89
509.139	8.25
509.336	7.95
509.534	8.21
509.732	7.74
509.93	7.69
510.127	8.28
510.325	7.58
510.523	8.03
510.72	8.46
510.918	7.97
511.116	8.43
511.313	7.52
511.511	7.88
511.708	7.84
511.906	8.23
512.104	7.93
512.301	7.58
512.499	7.27
512.696	7.61
512.894	7.15
513.091	8.16
513.289	7.6
513.486	7.88
513.683	8.23
513.881	8.03
514.078	8.2
514.276	7.63
514.473	7.59
514.67	8.41
514.868	7.84
515.065	8.37
515.262	8.37
515.46	7.5
515.657	8.73
515.854	7.95
516.052	7.6
516.249	8.31
516.446	8.2
516.643	8.26
516.84	8.17
517.038	7.93
517.235	8.02
517.432	8
517.629	7.88
517.826	7.89
518.023	8.32
518.221	8.34
518.418	8.33
518.615	8.27
518.812	7.89
519.009	8.48
519.206	8.08
519.403	8.27
519.6	8.68
519.797	8.02
519.994	8.19
520.191	8.33
520.388	8.5
520.585	8.16
520.782	8.68
520.978	8.01
521.175	8.55
521.372	8.65
521.569	8.43
521.766	8.07
521.963	7.94
522.159	7.98
522.356	8.3
522.553	8.12
522.75	8.28
522.947	8.41
523.143	8.75
523.34	8.39
523.537	8.25
523.733	8.66
523.93	8.34
524.127	8.67
524.323	8.66
524.52	8.51
524.717	8.61
524.913	8.24
525.11	8.68
525.306	8.62
525.503	8.51
525.7	8.72
525.896	8.11
526.093	8.26
526.289	9.01
526.486	8.43
526.682	8.29
526.878	8.48
527.075	8.84
527.271	8.57
527.468	9.12
527.664	8.57
527.861	8.17
528.057	8.76
528.253	8.73
528.45	8.83
528.646	8.82
528.842	8.63
529.039	8.7
529.235	8.94
529.431	8.68
529.627	8.59
529.824	8.69
530.02	9.07
530.216	9
530.412	8.8
530.608	8.53
530.804	8.69
531.001	8.95
531.197	8.56
531.393	8.79
531.589	8.92
531.785	9.16
531.981	8.58
532.177	9.14
532.373	9.18
532.569	8.71
532.765	8.54
532.961	8.64
533.157	8.58
533.353	8.44
533.549	9.32
533.745	9.36
533.941	8.79
534.137	9.23
534.333	8.4
534.529	8.83
534.725	9.05
534.92	8.7
535.116	9.12
535.312	8.77
535.508	9.04
535.704	8.85
535.899	9.24
536.095	8.65
536.291	8.89
536.487	8.74
536.682	9.29
536.878	9.07
537.074	8.94
537.269	9.11
537.465	8.56
537.661	8.95
537.856	9.26
538.052	9
538.248	9.29
538.443	9.53
538.639	9.67
538.834	9
539.03	8.82
539.225	9.59
539.421	9.31
539.616	9.44
539.812	9.06
540.007	9.32
540.203	9.43
540.398	9.75
540.593	8.97
540.789	9.45
540.984	9.28
541.18	9.33
541.375	9.23
541.57	9.76
541.766	9.63
541.961	9.47
542.156	9.46
542.352	9.48
542.547	9.28
542.742	9.32
542.937	9.91
543.133	10.15
543.328	9.45
543.523	9.95
543.718	9.36
543.913	9.37
544.108	9.55
544.304	9.68
544.499	10.19
544.694	9.7
544.889	9.98
545.084	9.94
545.279	9.95
545.474	10.01
545.669	9.7
545.864	9.78
546.059	9.82
546.254	9.23
546.449	10.08
546.644	9.75
546.839	9.87
547.034	9.84
547.229	9.92
547.424	10.02
547.618	10.05
547.813	10.28
548.008	9.85
548.203	10.12
548.398	9.92
548.593	9.91
548.787	10.49
548.982	10.11
549.177	10.28
549.372	9.93
549.566	10.01
549.761	9.89
549.956	9.98
550.15	10.16
550.345	10.27
550.54	10.79
550.734	10.07
550.929	10.37
551.124	10.37
551.318	10.16
551.513	10.32
551.707	10.51
551.902	10.12
552.096	10.36
552.291	10.93
552.485	10.72
552.68	10.51
552.874	10.41
553.069	10.36
553.263	10.52
553.458	10.76
553.652	10.79
553.847	10.42
554.041	10.27
554.235	10.44
554.43	10.62
554.624	10.83
554.818	10.78
555.013	10.54
555.207	10.91
555.401	10.98
555.595	11.03
555.79	10.55
555.984	11.11
556.178	10.59
556.372	10.99
556.566	10.76
556.761	11.41
556.955	11.06
557.149	11.06
557.343	11.16
557.537	10.93
557.731	11.15
557.925	11.24
558.119	11.03
558.313	11.44
558.507	10.9
558.701	11.25
558.895	11.63
559.089	11.25
559.283	11.08
559.477	11.19
559.671	11.43
559.865	11.2
560.059	11.37
560.253	10.94
560.447	11.8
560.641	11.12
560.835	11.59
561.028	11.94
561.222	11.48
561.416	11.38
561.61	11.6
561.804	11.13
561.997	11.62
562.191	11.45
562.385	11.81
562.579	11.37
562.772	12.22
562.966	11.78
563.16	11.99
563.353	12.13
563.547	12.06
563.741	11.89
563.934	11.88
564.128	11.92
564.321	11.82
564.515	12.55
564.708	12.15
564.902	11.63
565.095	12.25
565.289	12.18
565.482	12.12
565.676	12.04
565.869	12.08
566.063	11.6
566.256	12.11
566.45	12.07
566.643	12.13
566.836	12.14
567.03	12.37
567.223	12.37
567.416	12.17
567.61	12.32
567.803	12.23
567.996	12.5
568.19	12.23
568.383	12.28
568.576	12.16
568.769	12.44
568.963	12.63
569.156	12.6
569.349	12.46
569.542	12.98
569.735	12.86
569.928	12.73
570.121	12.8
570.315	12.74
570.508	12.41
570.701	12.87
570.894	12.95
571.087	12.83
571.28	13.29
571.473	12.91
571.666	13.16
571.859	12.47
572.052	12.61
572.245	12.83
572.438	12.99
572.631	12.68
572.824	12.99
573.016	12.53
573.209	13.33
573.402	13.04
573.595	12.84
573.788	12.9
573.981	13.22
574.173	12.93
574.366	13.14
574.559	13.34
574.752	13
574.944	12.72
575.137	13.51
575.33	13.04
575.523	13.13
575.715	13.42
575.908	13.03
576.101	13.32
576.293	13.44
576.486	13.33
576.678	13.25
576.871	13.32
577.063	13.68
577.256	13.71
577.449	13.66
577.641	13.25
577.834	13.97
578.026	13.6
578.219	13.74
578.411	14.05
578.603	13.68
578.796	13.73
578.988	13.47
579.181	13.33
579.373	13.88
579.565	13.82
579.758	14
579.95	13.37
580.142	13.56
580.335	13.78
580.527	13.58
580.719	14.15
580.912	13.82
581.104	14.05
581.296	14.03
581.488	13.94
581.68	14.02
581.873	13.76
582.065	14.12
582.257	14.14
582.449	13.84
582.641	13.97
582.833	14.17
583.025	13.72
583.217	14.46
583.41	14.61
583.602	14.24
583.794	14.21
583.986	14.37
584.178	13.83
584.37	14.59
584.562	14.27
584.753	14.99
584.945	14.38
585.137	14.04
585.329	14.73
585.521	15
585.713	14.22
585.905	14.43
586.097	14.39
586.289	14.87
586.48	14.98
586.672	14.57
586.864	14.67
587.056	14.85
587.247	14.39
587.439	14.06
587.631	14.98
587.823	14.89
588.014	14.67
588.206	14.84
588.398	14.29
588.589	14.76
588.781	14.47
588.972	15.18
589.164	14.95
589.356	15.08
589.547	15.16
589.739	14.63
589.93	15.13
590.122	14.9
590.313	15.4
590.505	14.82
590.696	15.22
590.888	14.89
591.079	15.19
591.271	15.4
591.462	15.3
591.653	15.91
591.845	15.27
592.036	15.2
592.227	15.5
592.419	15.18
592.61	15.66
592.801	15.48
592.993	15.22
593.184	15.74
593.375	15.74
593.566	15.44
593.758	15.14
593.949	15.48
594.14	15.37
594.331	15.17
594.522	15.96
594.713	16.05
594.905	16.16
595.096	16.14
595.287	15.63
595.478	16.09
595.669	16.04
595.86	15.75
596.051	16.16
596.242	16.07
596.433	16.01
596.624	15.78
596.815	16.15
597.006	16.06
597.197	16.15
597.388	16.22
597.579	16.13
597.77	16.41
597.96	15.83
598.151	16.43
598.342	16.09
598.533	16.73
598.724	16.42
598.915	16.46
599.105	16.49
599.296	16.78
599.487	16.47
599.678	16.7
599.868	17.02
600.059	16.4
600.25	17.49
600.44	16.95
600.631	16.86
600.822	17.29
601.012	17.37
601.203	16.96
601.394	16.99
601.584	17.2
601.775	17.24
601.965	17.07
602.156	16.67
602.346	17.36
602.537	17.35
602.727	17.68
602.918	17.57
603.108	16.62
603.299	17.09
603.489	17.64
603.679	16.58
603.87	17.93
604.06	17.53
604.251	17.34
604.441	17.51
604.631	17.12
604.822	17.81
605.012	17.55
605.202	17.53
605.392	17.35
605.583	17.67
605.773	17.8
605.963	18.3
606.153	17.24
606.344	17.78
606.534	17.49
606.724	18.2
606.914	17.97
607.104	17.79
607.294	18.05
607.484	17.86
607.674	17.91
607.864	17.66
608.054	18.08
608.245	17.94
608.435	18.27
608.625	17.94
608.814	18.1
609.004	17.96
609.194	18.2
609.384	18.29
609.574	18.86
609.764	18.18
609.954	18.31
610.144	17.68
610.334	18.91
610.524	18.89
610.713	18.97
610.903	18.46
611.093	18.71
611.283	18.93
611.473	18.8
611.662	18.16
611.852	18.92
612.042	18.24
612.231	18.54
612.421	19.01
612.611	18.7
612.8	18.86
612.99	19.03
613.18	19
613.369	19.47
613.559	19.41
613.748	18.86
613.938	19.18
614.128	18.66
614.317	19.25
614.507	19.61
614.696	19.54
614.886	19.78
615.075	19.01
615.264	19.12
615.454	19.08
615.643	19.43
615.833	19.23
616.022	19.48
616.211	19.54
616.401	19.28
616.59	19.46
616.779	19.65
616.969	19.65
617.158	19.13
617.347	20.05
617.537	20.32
617.726	20.01
617.915	19.63
618.104	18.86
618.293	19.21
618.483	19.41
618.672	19.68
618.861	19.96
619.05	19.48
619.239	19.49
619.428	19.79
619.617	20.52
619.806	19.86
619.995	20.12
620.184	20.34
620.373	18.9
620.562	19.28
620.751	20.22
620.94	19.9
621.129	20.1
621.318	19.6
621.507	19.84
621.696	19.91
621.885	20.9
622.074	20.09
622.263	20.23
622.452	19.69
622.64	20.17
622.829	20.22
623.018	20.56
623.207	20.02
623.396	20.22
623.584	19.9
623.773	20.76
623.962	20.53
624.15	20.92
624.339	20.35
624.528	20.31
624.716	19.73
624.905	20.66
625.094	20.16
625.282	20.66
625.471	20.38
625.659	20.71
625.848	21.06
626.037	21.23
626.225	21.25
626.414	21.54
626.602	20.37
626.791	21.51
626.979	20.54
627.167	20.98
627.356	21.33
627.544	21.49
627.733	20.69
627.921	21.08
628.109	21.52
628.298	20.8
628.486	21.64
628.674	21.79
628.863	21.39
629.051	21.36
629.239	22.15
629.428	20.99
629.616	22.09
629.804	22.04
629.992	21.37
630.18	21.63
630.369	21.24
630.557	22.08
630.745	21
630.933	21.6
631.121	21.28
631.309	21.84
631.497	22.2
631.685	20.71
631.873	21.35
632.061	21.46
632.249	21.89
632.437	22.87
632.625	21.17
632.813	20.9
633.001	22.62
633.189	21.53
633.377	22.23
633.565	20.72
633.753	21.16
633.941	21.3
634.129	21.83
634.316	22.36
634.504	23.15
634.692	21.74
634.88	22.42
635.068	22.16
635.255	22.94
635.443	23.01
635.631	22.7
635.818	22.34
636.006	21.99
636.194	22.51
636.382	21.66
636.569	22.51
636.757	22.62
636.944	21.68
637.132	22.24
637.32	22.36
637.507	20.85
637.695	22.02
637.882	23.6
638.07	22.97
638.257	22.52
638.445	21.4
638.632	22.66
638.82	22.39
639.007	22.55
639.194	21.63
639.382	23.51
639.569	22.16
639.757	22.73
639.944	21.91
640.131	22.4
640.319	22.3
640.506	22.85
640.693	23.24
640.88	23.09
641.068	23.26
641.255	22.11
641.442	24.35
641.629	23.09
641.817	23.89
642.004	23.13
642.191	23.68
642.378	23.79
642.565	23.48
642.752	22.65
642.939	23.06
643.126	23.41
643.313	24.43
643.501	22.52
643.688	23.44
643.875	24.16
644.062	23.36
644.249	23.1
644.435	23.11
644.622	22.57
644.809	23.21
644.996	23.27
645.183	23.62
645.37	23.76
645.557	23.74
645.744	22.85
645.931	22.73
646.117	23.18
646.304	23.42
646.491	23.48
646.678	23.8
646.865	22.84
647.051	23.58
647.238	22.95
647.425	23.83
647.611	23.57
647.798	23.07
647.985	22.94
648.171	24.07
648.358	22.87
648.545	23.64
648.731	22.98
648.918	24.13
649.104	22.96
649.291	25.47
649.477	23.14
649.664	23.52
649.85	23.96
650.037	22.99
650.223	23.97
650.41	23.85
650.596	23.39
650.783	23.14
650.969	23.81
651.155	24.01
651.342	24.37
651.528	24.41
651.714	23.52
651.901	25.14
652.087	24.54
652.273	23
652.46	24.77
652.646	25.1
652.832	24.32
653.018	23.8
653.204	24.54
653.391	25.21
653.577	24.31
653.763	25.04
653.949	24.15
654.135	24.01
654.321	24.17
654.507	24.83
654.693	24.43
654.879	25.8
655.065	24.88
655.252	23.1
655.438	23.25
655.624	24.21
655.809	24.82
655.995	22.78
656.181	25.68
656.367	25.62
656.553	24.68
656.739	25.29
656.925	25.56
657.111	23.38
657.297	24.98
657.482	23.44
657.668	25.26
657.854	24.58
658.04	24.08
658.226	24.06
658.411	24.01
658.597	24.92
658.783	24.73
658.968	25.17
659.154	24.9
659.34	24.6
659.525	23.93
659.711	25.14
659.897	24.8
660.082	24.35
660.268	24.53
660.453	24.69
660.639	24.94
660.824	23.89
661.01	26.31
661.195	25.53
661.381	23.83
661.566	25.21
661.752	23.71
661.937	25.09
662.123	24.54
662.308	24.2
662.494	23.51
662.679	25.29
662.864	24.52
663.05	23.64
663.235	26.03
663.42	25.69
663.605	23.24
663.791	25.73
663.976	24.61
664.161	26
664.346	25.4
664.532	25.87
664.717	24.96
664.902	25.87
665.087	25.58
665.272	26.68
665.457	23.33
665.642	23.73
665.828	26.41
666.013	24.25
666.198	23.91
666.383	26.88
666.568	26.83
666.753	26.11
666.938	23.46
667.123	26.68
667.308	24.97
667.493	23.11
667.677	26.53
667.862	26.21
668.047	25.78
668.232	26.14
668.417	26.1
668.602	25.9
668.787	28.22
668.971	23.61
669.156	26.92
669.341	23.84
669.526	27.98
669.711	27.4
669.895	27.23
670.08	26.63
670.265	26.6
670.449	26.47
670.634	25.82
670.819	25.43
671.003	25.97
671.188	25.71
671.372	26.39
671.557	27.54
671.742	26.91
671.926	24.1
672.111	25.76
672.295	24.69
672.48	26.82
672.664	24.04
672.849	24.89
673.033	25.9
673.217	26.22
673.402	25.86
673.586	23.46
673.771	27.23
673.955	27.21
674.139	27.12
674.324	26.63
674.508	27.01
674.692	24.85
674.876	28.46
675.061	24.96
675.245	28.69
675.429	24.05
675.613	25.22
675.798	28.92
675.982	27.2
676.166	27.72
676.35	28.1
676.534	28.86
676.718	26.61
676.902	29.52
677.087	22.9
677.271	24.25
677.455	29.87
677.639	24.27
677.823	28.11
678.007	29.7
678.191	26.89
678.375	26.97
678.559	29.64
678.742	27.39
678.926	27.78
679.11	31
679.294	29.88
679.478	25.75
679.662	28.52
679.846	28.32
680.029	28.07
680.213	28.62
680.397	29.72
680.581	29.59
680.765	30.35
680.948	26.26
681.132	29.94
681.316	26.02
681.499	29.28
681.683	31.55
681.867	29.69
682.05	30.7
682.234	31.05
682.417	30.6
682.601	29.57
682.785	29.4
682.968	33.81
683.152	33.99
683.335	30.53
683.519	29.84
683.702	30.53
683.886	33.54
684.069	33.39
684.253	33.81
684.436	34.72
684.619	30.48
684.803	29.98
684.986	32.97
685.169	32.34
685.353	32.99
685.536	31.59
685.719	33.42
685.903	31.18
686.086	28.5
686.269	34.54
686.452	33.88
686.636	36.05
686.819	29.91
687.002	30.05
687.185	34.53
687.368	30.84
687.551	32.51
687.734	35.33
687.918	34.52
688.101	31.93
688.284	31.05
688.467	34.59
688.65	32.09
688.833	33.75
689.016	32.42
689.199	29.55
689.382	33.8
689.565	31.59
689.748	34.24
689.93	30.82
690.113	32.71
690.296	36.32
690.479	32.85
690.662	31.66
690.845	31.91
691.028	29.3
691.21	32.89
691.393	31.57
691.576	33.89
691.759	28.9
691.941	32.71
692.124	33.88
692.307	35.15
692.489	33.8
692.672	32.21
692.855	37.66
693.037	35.3
693.22	32.72
693.403	31.2
693.585	43.87
693.768	37.52
693.95	33.82
694.133	36.61
694.315	33.81
694.498	34.18
694.68	33.13
694.863	37.03
695.045	33.65
695.228	32.27
695.41	34.87
695.592	37.94
695.775	35.08
695.957	36
696.139	34.95
696.322	32.85
696.504	39.77
696.686	33.09
696.869	32.93
697.051	34.7
697.233	37.88
697.415	35.55
697.597	29.1
697.78	39.04
697.962	35.56
698.144	37.21
698.326	38.59
698.508	34.91
698.69	33.39
698.872	33.71
699.055	31.53
699.237	32.85
699.419	33.32
699.601	33.74
699.783	40.85
699.965	32.11
700.147	36.78
700.329	29.13
700.51	35.28
700.692	39
700.874	32.78
701.056	38.5
701.238	35.27
701.42	33.32
701.602	42.24
701.783	24.13
701.965	32.22
702.147	39.33
702.329	39.1
702.511	39.22
702.692	38.78
702.874	28.64
703.056	37.01
703.237	36.04
703.419	35.08
703.601	38.15
703.782	40.57
703.964	35.33
704.146	39.04
704.327	31.61
704.509	36.42
704.69	32.87
704.872	36.12
705.053	35.18
705.235	31.45
705.416	30.82
705.598	37.29
705.779	31.98
705.961	37.99
706.142	38.79
706.323	40.22
706.505	38.6
706.686	36.58
706.867	39.77
707.049	34.84
707.23	33.86
707.411	37.89
707.593	35.16
707.774	38.51
707.955	33.65
708.136	32.77
708.318	39.72
708.499	37.47
708.68	34.84
708.861	38.84
709.042	28.94
709.223	37.18
709.404	32.38
709.585	30.42
709.767	35.99
709.948	30.33
710.129	42.95
710.31	31.53
710.491	34.19
710.672	39.93
710.853	28.62
711.034	33.89
711.214	32.54
711.395	27.3
711.576	30.48
711.757	38.43
711.938	36.53
712.119	40.23
712.3	42.98
712.481	27.82
712.661	38.47
712.842	40.22
713.023	40.07
713.204	29.76
713.384	30.93
713.565	28.19
713.746	32.6
713.926	27.81
714.107	31.66
714.288	35.22
714.468	30.93
714.649	40.17
714.83	28.35
715.01	39.27
715.191	44.03
715.371	29.11
715.552	21.93
715.732	38.88
715.913	38.87
716.093	34.08
716.274	33.02
716.454	38.28
716.635	42.11
716.815	30.05
716.995	41.54
717.176	40
717.356	27.96
717.536	37.03
717.717	33.01
717.897	31.02
718.077	26.45
718.258	40.09
718.438	37.63
718.618	44.78
718.798	26.54
718.978	40.24
719.159	41.85
719.339	49.14
719.519	35.82
719.699	35.79
719.879	24.48
720.059	27.39
720.239	41.1
720.419	45.68
720.599	25.85
720.779	45.47
720.959	33.47
721.139	19.75
721.319	38.36
721.499	47.38
721.679	30.2
721.859	26.65
722.039	18.01
722.219	45.74
722.399	20.26
722.579	28.97
722.759	41.56
722.938	36.93
723.118	41.6
723.298	34.49
723.478	19.34
723.658	41.62
723.837	33.89
724.017	54.12
724.197	26.65
724.376	27.14
724.556	29.34
724.736	42.78
724.915	41.91
725.095	43.49
725.275	4.41
725.454	31.57
725.634	38.37
725.813	44.5
725.993	38.47
726.172	32.14
726.352	36.77
726.531	39.4
726.711	44.93
726.89	28.56
727.07	47.56
727.249	43.12
727.428	24.74
727.608	23.84
727.787	34.5
727.966	38.06
728.146	29.77
728.325	38.65
728.504	28.29
728.684	30.62
728.863	43.76
729.042	30.37
729.221	17.94
729.4	31.69
729.58	29.8
729.759	35.11
729.938	31.18
730.117	54.2
730.296	21.95
730.475	47.38
730.654	31.34
730.833	30.88
731.013	51.34
731.192	26.69
731.371	59.69
731.55	42.19
731.729	49.66
731.907	52.25
732.086	34.89
732.265	29.17
732.444	49
732.623	42.09
732.802	41.4
732.981	26.84
733.16	23.81
733.339	19.79
733.517	48.33
733.696	48.12
733.875	25.71
734.054	44.29
734.232	58.3
734.411	53.8
734.59	21.96
734.768	41.22
734.947	29.67
735.126	28.33
735.304	36.04
735.483	43.17
735.662	45.09
735.84	18.77
736.019	41
736.197	27.27
736.376	28.45
736.554	51.07
736.733	57.04
736.911	47.95
737.09	12.66
737.268	23.29
737.447	48.68
737.625	23.27
737.803	37.88
737.982	48.65
738.16	18.5
738.338	49.19
738.517	25.81
738.695	33.41
738.873	34.16
739.052	18.78
739.23	-15.26
739.408	21.4
739.586	35.67
739.764	34.67
739.943	50.75
740.121	20.14
740.299	37.66
740.477	36.9
740.655	32.54
740.833	58.99
741.011	64.7
741.189	46.85
741.367	45.67
741.545	34.54
741.723	1.03
741.901	11.37
742.079	52
742.257	29.97
742.435	43.71
742.613	45.76
742.791	63.72
742.969	28.11
743.147	32.02
743.325	26.09
743.503	27.02
743.68	32
743.858	11.13
744.036	33.02
744.214	39.02
744.391	22.88
744.569	34.73
744.747	30.3
744.925	32.02
745.102	7.16
745.28	10.83
745.458	67.19
745.635	36.97
745.813	53.19
745.99	34.1
746.168	48.41
746.345	84.84
746.523	40.75
746.7	59.72
746.878	33.46
747.055	3.21
747.233	45.05
747.41	40.42
747.588	39.75
747.765	60.77
747.943	54.62
748.12	-11.17
748.297	22.4
748.475	42
748.652	56.07
748.829	47.83
749.007	35.18
749.184	51.47
749.361	40.86
749.538	55.98
749.716	34.78
749.893	41.68
750.07	36.33
750.247	27.07
750.424	46.61
750.601	49.25
750.778	64.07
750.956	24.35
751.133	22.27
751.31	37.05
751.487	22.36
751.664	19.9
751.841	6.7
752.018	35.94
752.195	32.92
752.372	30.09
752.549	-8.97
752.726	48.46
752.902	28.76
753.079	36.65
753.256	60.68
753.433	27.76
753.61	58.72
753.787	6.11
753.964	13.84
754.14	53.92
754.317	52.9
754.494	73.26
754.671	49.16
754.847	33.08
755.024	63.6
755.201	41.81
755.377	22.83
755.554	52.64
755.73	13.82
755.907	71.43
756.084	67.09
756.26	38.13
756.437	41.87
756.613	15.2
756.79	47.18
756.966	0.41
757.143	48.91
757.319	20.47
757.496	81.4
757.672	36.22
757.849	43.19
758.025	19.11
758.201	12.45
758.378	7.8
758.554	12.06
758.73	66.69
758.907	10.78
759.083	33.25
759.259	18.81
759.435	51.04
759.612	40.44
759.788	26.6
759.964	20.28
760.14	79.35
760.316	-32.79
760.493	5.28
760.669	76.06
760.845	-25.68
761.021	1.14
761.197	-20.66
761.373	-10.03
761.549	19.58
761.725	51.67
761.901	53.86
762.077	50.08
762.253	13.48
762.429	106.29
762.605	45.5
762.781	50.1
762.957	41.31
763.133	65.98
763.308	22.31
763.484	21.72
763.66	46.91
763.836	19.18
764.012	-18.7
764.187	38.91
764.363	80.2
764.539	14.48
764.715	19.8
764.89	-23.9
765.066	25.39
765.242	17.35
765.417	57.03
765.593	38.51
765.769	30.34
765.944	30.84
766.12	30.7
766.295	22.41
766.471	47.49
766.646	62.18
766.822	28.8
766.997	39.7
767.173	64.09
767.348	-0.76
767.524	-7.88
767.699	45.93
767.875	30.57
768.05	25.59
768.225	26.77
768.401	36.31
768.576	69.26
768.751	78.4
768.927	59.16
769.102	74.17
769.277	34.14
769.452	12.83
769.628	51.86
769.803	92.2
769.978	13.35
770.153	-9.05
770.328	36.63
770.503	81.95
770.679	150.1
770.854	59.77
771.029	40.21
771.204	-203.31
771.379	30.58
771.554	-19.75
771.729	53.19
771.904	-9.84
772.079	33.72
772.254	49.41
772.429	38.7
772.604	7.24
772.779	40.36
772.953	108.51
773.128	24.48
773.303	66.29
773.478	68.85
773.653	8.2
773.828	39.62
774.002	4.63
774.177	-3.51
774.352	317.39
774.527	29.43
774.701	115.43
774.876	86.48
775.051	2.67
775.225	-160.23
775.4	25.35
775.575	53.11
775.749	14.39
775.924	-7.38
776.098	28.49
776.273	10.97
776.447	-0.62
776.622	70.16
776.796	-23.36
776.971	72.75
777.145	12.3
777.32	64.61
777.494	56.28
777.669	72.52
777.843	56.35
778.017	53.15
778.192	63.81
778.366	68.55
778.54	33.72
778.715	87.43
778.889	102.48
779.063	80.48
779.237	22.85
779.412	17.41
779.586	63.77
779.76	77.12
779.934	12.8
780.108	36.83
780.282	-977.61
780.457	27.05
780.631	-176.97
780.805	-20.16
780.979	-816.42
781.153	102.56
781.327	148.97
781.501	68.45
781.675	109.91
781.849	77.89
782.023	21.61
782.197	-19.04
782.371	-65.71
782.545	61.96
782.718	116.25
782.892	95.35
783.066	72.3
783.24	240.08
783.414	-22.11
783.588	141.48
783.761	29.77
783.935	94.08
784.109	105.71
784.283	-58.26
784.456	13.74
784.63	-11.35
784.804	19.28
784.977	53.17
785.151	-104.49
785.324	4.1
785.498	-3.4
785.672	14.66
785.845	96.75
786.019	-213.74
786.192	-20.53
786.366	47
786.539	-14.58
786.713	60.22
786.886	36.28
787.06	95.77
787.233	23.01
787.406	13.94
787.58	84.18
787.753	-4.58
787.926	-24.16
788.1	-41.1
788.273	-100
788.446	-139.85
788.62	-22.58
788.793	44.29
788.966	149.9
789.139	150.14
789.313	20.98
789.486	5557.14
789.659	50.86
789.832	83.03
790.005	46.91
790.178	346.02
790.351	136.93
790.524	217.29
790.697	21.19
790.87	131.47
791.044	-34.55
791.216	54.26
791.389	-93.58
791.562	62.61
791.735	-251.9
791.908	133.77
792.081	-46.78
792.254	150.55
792.427	20.45
792.6	50.44
792.773	34.78
792.945	-368.66
793.118	108.44
793.291	-350.55
793.464	-64.26
793.637	-41.1
793.809	123.09
793.982	79.23
794.155	81.07
794.327	56.14
794.5	-173.85
794.673	-95.14
794.845	96.11
795.018	-93.91
795.19	142.7
795.363	32.62
795.536	171.4
795.708	16.13
795.881	-1060
796.053	92
796.226	140
796.398	97.43
796.57	52.92
796.743	-33.53
796.915	11.54
797.088	99.19
797.26	-14.96
797.432	-24.05
797.605	137.43
797.777	-1050.65
797.949	1.93
798.122	71.21
798.294	158.3
798.466	-120.57
798.638	84.33
798.81	55.49
798.983	507.59
799.155	39.97
799.327	-19.04
799.499	79.61
799.671	69.61
799.843	19.77
800.015	54.09
800.187	10.37
800.359	107.54
800.531	25.48
800.703	28.52
800.875	-10.17
801.047	40.45
801.219	129.35
801.391	-22.08
801.563	167.63
801.735	-100
801.907	194.48
802.079	111.99
802.251	-864.84
802.422	183.46
802.594	-177.92
802.766	24.41
802.938	212.11
803.11	42.04
803.281	-123.84
803.453	29.92
803.625	45.52
803.796	-10.96
803.968	16.32
804.14	1.05
804.311	30.4
804.483	-6.44
804.654	75.43
804.826	9.09
804.998	195.19
805.169	-354.83
805.341	197.6
805.512	71.43
805.684	87.27
805.855	58.53
806.026	730.77
806.198	-136.81
806.369	-41.68
806.541	66.15
806.712	91.06
806.883	20.98
807.055	178.13
807.226	121.97
807.397	269.23
807.569	48.67
807.74	108.25
807.911	-36.33
808.082	-89.24
808.253	-266.34
808.425	25.56
808.596	-167.42
808.767	487.05
808.938	-13.44
809.109	-135.64
809.28	-43.13
809.451	37.88
809.622	15.51
809.793	-1145.16
809.964	171.3
810.135	-47.12
810.306	128.9
810.477	117.45
810.648	65.98
810.819	23.9
810.99	7580
811.161	221.19
811.332	191.89
811.503	27.06
811.674	675.38
811.844	103.08
812.015	-160.16
812.186	437.42
812.357	95.71
812.527	-2.38
812.698	-14.07
812.869	692.45
813.04	-20.73
813.21	-472.41
813.381	12.06
813.551	-5.35
813.722	52.22
813.893	64.23
814.063	45.91
814.234	-623.64
814.404	-6.7
814.575	-10.51
814.745	-376.11
814.916	53.42
815.086	51.58
815.257	18.39
815.427	-63.19
815.598	33.02
815.768	7.29
815.938	71.29
816.109	162.35
816.279	35.37
816.449	204.53
816.62	-2373.68
816.79	102.53
816.96	-688.68
817.13	21.87
817.301	180.2
817.471	-58.35
817.641	260.74
817.811	-47.45
817.981	-4557.14
818.152	-94.31
818.322	280.2
818.492	-12.54
818.662	-23.67
818.832	67.97
819.002	91.06
819.172	126.33
819.342	385.55
819.512	-17.08
819.682	36.93
819.852	73.97
820.022	-12.2
820.192	-59.55
820.362	35.7
820.531	130.62
820.701	22.45
820.871	83.05
821.041	-67.42
821.211	-3.26
821.381	85.54
821.55	99.15
821.72	513.95
821.89	435.38
822.059	-8.45
822.229	24.58
822.399	-67.71
822.568	193.42
822.738	-773.17
822.908	209.2
823.077	-82.29
823.247	78.27
823.416	-1511.76
823.586	214.44
823.756	35.21
823.925	-130.38
824.095	290.7
824.264	13
824.433	101.77
824.603	76.67
824.772	-139.24
824.942	-403.8
825.111	-148.24
825.28	-85.09
825.45	306.96
825.619	153.42
825.788	-140.45
825.958	21.61
826.127	118.18
826.296	-115.64
826.465	120.24
826.635	48.64
826.804	-11.72
826.973	280.81
827.142	-186.81
827.311	270.47
827.48	69.26
827.649	-126.33
827.818	13.39
827.988	72.8
828.157	27.9
828.326	33.69
828.495	-25.21
828.664	180.16
828.833	69.61
829.002	116.15
829.17	157.72
829.339	74.87
829.508	172.06
829.677	425.84
829.846	90.15
830.015	14.93
830.184	61.68
830.352	-14.01
830.521	400.72
830.69	748.78
830.859	676.47
831.027	1163.16
831.196	69.52
831.365	11.38
831.533	60.09
831.702	-129.15
831.871	38.8
832.039	78.43
832.208	-402.61
832.377	-430.71
832.545	63.5
832.714	66.31
832.882	-17.97
833.051	93.32
833.219	5042.86
833.388	-1.86
833.556	15.45
833.724	-19.43
833.893	-37.47
834.061	278.95
834.23	-38.98
834.398	-7.34
834.566	-349.35
834.735	6242.86
834.903	-598.11
835.071	1100
835.239	2.3
835.408	149.89
835.576	569.77
835.744	55.15
835.912	127.37
836.08	117.21
836.249	-530.19
836.417	2.67
836.585	157.4
836.753	213.9
836.921	152.97
837.089	-442.86
837.257	-1327.91
837.425	-181.7
837.593	-1.25
837.761	12.41
837.929	-10.1
838.097	92.37
838.265	73.88
838.433	-103.93
838.601	49.6
838.769	294.94
838.936	7.87
839.104	11.17
839.272	152.82
839.44	15.71
839.608	-1329.27
839.775	53.73
839.943	99.54
840.111	32.34
840.279	35.08
840.446	-673.13
840.614	-255.84
840.781	359.13
840.949	45.15
841.117	-89.14
841.284	-295.71
841.452	-122.36
841.619	23.56
841.787	28.41
841.954	-379.07
842.122	87.28
842.289	62.61
842.457	49.58
842.624	58.54
842.792	-135.04
842.959	-65.71
843.126	-22.25
843.294	13.07
843.461	16.01
843.629	149.6
843.796	55.51
843.963	-165.37
844.13	116.34
844.298	215.06
844.465	8.45
844.632	-189.44
844.799	364.32
844.966	99.15
845.134	39.4
845.301	-39.46
845.468	-100
845.635	10.25
845.802	32.77
845.969	-23.27
846.136	-15.83
846.303	-478.95
846.47	27.83
846.637	-321.54
846.804	-1110.53
846.971	-131.48
847.138	307.72
847.305	-354.87
847.472	118.84
847.639	178.22
847.805	30.5
847.972	-271.43
848.139	13.3
848.306	-1173.68
848.473	258.21
848.639	43.19
848.806	53.6
848.973	173.04
849.14	13.56
849.306	-110.76
849.473	11.26
849.64	453.85
849.806	37.8
849.973	399.46
850.139	74.83
850.306	79.92
850.472	116.97
850.639	147.87
850.806	3373.68
850.972	265.22
851.139	5214.29
851.305	21.45
851.471	130.6
851.638	-70.55
851.804	616.42
851.971	-38.8
852.137	47.41
852.303	63.4
852.47	14.1
852.636	60.77
852.802	277.95
852.968	-74.47
853.135	-112.18
853.301	31.79
853.467	53.44
853.633	24.51
853.8	-4.7
853.966	15.74
854.132	4185.71
854.298	-47.45
854.464	735.96
854.63	144.03
854.796	115.59
854.962	193.53
855.128	38.84
855.294	-10.93
855.46	-117.6
855.626	19.11
855.792	-123.17
855.958	-111.65
856.124	-203.07
856.29	82.78
856.456	19.79
856.622	-28.51
856.787	507.79
856.953	7.5
857.119	-278.22
857.285	121.8
857.45	-61.84
857.616	-59.9
857.782	-38.62
857.948	178.37
858.113	14.68
858.279	27.92
858.445	221.26
858.61	1993.02
858.776	74.9
858.941	42.57
859.107	56.83
859.273	38.35
859.438	-135.42
859.604	468.42
859.769	22.83
859.935	6.93
860.1	1.07
860.265	33.05
860.431	-194.96
860.596	8128.57
860.762	186.88
860.927	100.57
861.092	77.41
861.258	-42.21
861.423	196.53
861.588	13.15
861.753	1957.14
861.919	805.66
862.084	60.63
862.249	339.32
862.414	145.73
862.579	64.47
862.745	78.14
862.91	139.11
863.075	154.07
863.24	65.03
863.405	-21.61
863.57	25.08
863.735	122.49
863.9	377.88
864.065	82.75
864.23	115.3
864.395	28.11
864.56	41.39
864.725	188.61
864.89	88.76
865.055	87.36
865.22	207.17
865.384	-100
865.549	-18.45
865.714	40.52
865.879	-17.38
866.044	45.57
866.208	-79.16
866.373	-60.44
866.538	65.81
866.702	-80.33
866.867	24.43
867.032	41.18
867.196	91.18
867.361	130.4
867.526	-125.75
867.69	77.53
867.855	-337.36
868.019	-536.36
868.184	-48.1
868.348	-50.85
868.513	-990.32
868.677	301.56
868.842	6.01
869.006	46.18
869.17	-869.81
869.335	251.22
869.499	-566.02
869.663	559.6
869.828	94.33
869.992	-574.42
870.156	128.49
870.321	-68.33
870.485	-1.55
870.649	39.31
870.813	15.13
870.978	94.04
871.142	-838.46
871.306	-14.69
871.47	276.64
871.634	410.24
871.798	-100
871.962	17.54
872.126	-4214.29
872.29	51.09
872.454	242.86
872.618	43.54
872.782	-332.84
872.946	-19.46
873.11	129.15
873.274	163.58
873.438	-1017.65
873.602	-74.67
873.766	538.96
873.93	70.96
874.094	479.78
874.257	20.95
874.421	80.35
874.585	685.45
874.749	5.93
874.912	72.66
875.076	90.57
875.24	53.44
875.403	284.98
875.567	98.86
875.731	129.21
875.894	42.04
876.058	267.46
876.222	196.63
876.385	-27.64
876.549	1.11
876.712	510.91
876.876	-90.28
877.039	150.19
877.203	116.39
877.366	-118.68
877.529	-49.12
877.693	126.05
877.856	215.62
878.02	25.67
878.183	-122.57
878.346	242.86
878.51	-174.34
878.673	167.63
878.836	100.63
878.999	-1300
879.163	1.17
879.326	124.04
879.489	168.12
879.652	66.31
879.815	46.3
879.978	-158.78
880.142	28.86
880.305	86.34
880.468	6.99
880.631	-42.71
880.794	30.15
880.957	-773.17
881.12	-29.41
881.283	7.62
881.446	38.21
881.609	573.38
881.772	216.61
881.935	-1017.65
882.097	56.52
882.26	126.42
882.423	141.21
882.586	63.84
882.749	-30.03
882.912	-33.74
883.074	87.21
883.237	17.14
883.4	-74.54
883.562	56.79
883.725	-224.8
883.888	334.65
884.05	-4420
884.213	129.28
884.376	29.54
884.538	74.96
884.701	74.96
884.863	74.96
