181.954	102.02
182.172	102.02
182.39	102.02
182.608	7440
182.826	-65.93
183.043	-15.32
183.261	88.28
183.479	207.62
183.697	352.94
183.914	126.32
184.132	38.5
184.35	247.53
184.567	175.77
184.785	21.24
185.003	-49.36
185.22	175.11
185.438	161.23
185.656	18.09
185.873	-443.08
186.091	15.37
186.309	-1655.17
186.526	260.63
186.744	8.24
186.961	-79.27
187.179	-85.31
187.396	39.01
187.614	350.77
187.831	2880
188.049	-235.58
188.266	42.92
188.484	-537.31
188.701	151.46
188.919	79.21
189.136	92.77
189.354	-0
189.571	-125.12
189.789	74.5
190.006	-31.02
190.223	-38.92
190.441	53.37
190.658	-2057.14
190.876	112.35
191.093	-171.43
191.31	23.5
191.528	-33.72
191.745	-88.98
191.962	151.93
192.179	39.34
192.397	-19.43
192.614	126.07
192.831	51.94
193.049	51.35
193.266	139.81
193.483	8.86
193.7	55.38
193.917	76.78
194.135	43.17
194.352	-4.63
194.569	50.24
194.786	98.49
195.003	16.86
195.221	100.65
195.438	-8.48
195.655	-150.75
195.872	-24.41
196.089	42.03
196.306	48
196.523	120.38
196.74	171.43
196.957	82.85
197.174	91.37
197.391	-4.7
197.608	30.82
197.825	-580.65
198.042	28.53
198.259	-579.31
198.476	131.31
198.693	720
198.91	30.9
199.127	-752.24
199.344	-155.47
199.561	506.36
199.778	116.65
199.995	-537.31
200.212	910.34
200.429	176.3
200.646	258.23
200.862	215.73
201.079	-22.4
201.296	95.36
201.513	-58.25
201.73	31
201.947	86.35
202.163	-69.74
202.38	145.66
202.597	141.18
202.814	4.07
203.03	4080
203.247	-102.51
203.464	82.6
203.681	405.19
203.897	126.65
204.114	249.06
204.331	50.42
204.547	27.91
204.764	70.2
204.981	-776.47
205.197	122.55
205.414	198.93
205.63	-165.52
205.847	211.06
206.064	283.64
206.28	49.05
206.497	-62.53
206.713	-16.83
206.93	-10.41
207.146	9.62
207.363	572.31
207.579	-369.23
207.796	467.26
208.012	29.59
208.229	-89.55
208.445	3.27
208.662	143.19
208.878	28.51
209.095	70.59
209.311	6.89
209.528	1200
209.744	-194.59
209.96	71.52
210.177	11.65
210.393	79.26
210.609	7920
210.826	265.03
211.042	73.04
211.258	179.1
211.475	12.83
211.691	-41.68
211.907	288.61
212.124	-18.01
212.34	13.71
212.556	-95.55
212.772	-448.35
212.989	-23.84
213.205	128.41
213.421	-168.84
213.637	107.46
213.853	233.46
214.069	-1263.16
214.286	-48.98
214.502	-53.73
214.718	-97.81
214.934	163.17
215.15	90.49
215.366	92.54
215.582	97.53
215.798	46.01
216.015	87.48
216.231	-129.73
216.447	9.01
216.663	8.93
216.879	-168.84
217.095	217.45
217.311	22.64
217.527	171.05
217.743	267.96
217.959	339.62
218.175	-27.53
218.391	-336.69
218.606	-34.29
218.822	-20.87
219.038	-243.85
219.254	138.95
219.47	-0
219.686	808.99
219.902	14.93
220.118	16.78
220.334	-4.19
220.549	72.16
220.765	55.21
220.981	30.42
221.197	8.04
221.413	-395.6
221.628	273.42
221.844	701.89
222.06	116.5
222.276	20.58
222.491	88.27
222.707	47.21
222.923	-370.47
223.139	49.6
223.354	-136.97
223.57	-415.75
223.786	72.53
224.001	-111.2
224.217	-83.97
224.432	166.47
224.648	142.55
224.864	69.4
225.079	626.87
225.295	-163.77
225.51	214.05
225.726	94.68
225.942	94.04
226.157	71.76
226.373	-229.79
226.588	-7.58
226.804	-2652.63
227.019	60.3
227.235	86.8
227.45	85.83
227.665	12000
227.881	94.49
228.096	-584.35
228.312	-47.64
228.527	101.11
228.743	54.86
228.958	34.99
229.173	-427.83
229.389	30.91
229.604	37.05
229.819	-75.2
230.035	-135.69
230.25	10.5
230.465	56.17
230.681	-0
230.896	-13.46
231.111	33
231.327	190.03
231.542	2640
231.757	75.84
231.972	-59.36
232.187	20.43
232.403	-1136.84
232.618	-69.15
232.833	98.27
233.048	-610.91
233.263	34.42
233.478	62.61
233.694	-893.02
233.909	1083.87
234.124	32.96
234.339	42.27
234.554	827.59
234.769	-44.19
234.984	80.72
235.199	116.32
235.414	148.67
235.629	-470.89
235.844	-8.59
236.059	32.69
236.274	-3.63
236.489	-7.52
236.704	54.21
236.919	-157.43
237.134	60.34
237.349	137.24
237.564	41.78
237.779	-50.66
237.994	-30.64
238.209	133.12
238.424	-103.07
238.639	5.6
238.853	49.47
239.068	14.5
239.283	-137.76
239.498	56.99
239.713	18.14
239.928	-21.28
240.142	212.44
240.357	-58.86
240.572	-101.41
240.787	143.87
241.001	102.13
241.216	-14.53
241.431	170.82
241.646	28.79
241.86	-145.29
242.075	-1255.81
242.29	109.48
242.504	-39.95
242.719	-96.89
242.934	226.77
243.148	21.87
243.363	19.13
243.577	-364.04
243.792	38.87
244.007	23.82
244.221	514.29
244.436	-447.76
244.65	-309.2
244.865	-187.68
245.079	156.05
245.294	-224.46
245.508	18.71
245.723	67.61
245.937	263.74
246.152	4.93
246.366	102.92
246.581	-40.79
246.795	-51.53
247.01	85.49
247.224	6.29
247.438	-39.34
247.653	-33.49
247.867	50.7
248.081	49.28
248.296	263.41
248.51	58.54
248.724	3.3
248.939	35.82
249.153	191.02
249.367	-1.94
249.582	-85.01
249.796	-249.35
250.01	-206.62
250.224	23.26
250.439	-131.83
250.653	306.38
250.867	84.39
251.081	-136.49
251.295	27.99
251.51	-76.6
251.724	-94.96
251.938	13.38
252.152	218.98
252.366	-52.3
252.58	-720
252.794	64.95
253.008	286.09
253.223	-55.88
253.437	240.75
253.651	-29.34
253.865	2.29
254.079	-25.24
254.293	52.91
254.507	-21.82
254.721	-38.71
254.935	158.24
255.149	144.61
255.363	81.93
255.577	297.99
255.791	142.37
256.005	139.88
256.218	39.58
256.432	82.86
256.646	-94.68
256.86	60.85
257.074	9.51
257.288	8640
257.502	-435.16
257.716	24.2
257.929	101.51
258.143	67.54
258.357	-72.08
258.571	26.57
258.785	-44.67
258.998	-32.33
259.212	114.53
259.426	-10.76
259.64	129.32
259.853	-60.19
260.067	19.67
260.281	91.96
260.494	109.88
260.708	392.08
260.922	56.67
261.135	6.83
261.349	-127.06
261.563	63.61
261.776	-282.35
261.99	25.22
262.203	47.87
262.417	-131.45
262.63	-187.12
262.844	283.15
263.058	77.29
263.271	-14.02
263.485	-33.76
263.698	54.2
263.912	-20.43
264.125	-12.63
264.339	-66.14
264.552	-50.76
264.765	-240
264.979	-109.09
265.192	65.4
265.406	57.02
265.619	251.8
265.832	-21.98
266.046	-0
266.259	-28.47
266.473	232.26
266.686	117.32
266.899	-2.73
267.113	3120
267.326	-33.92
267.539	59.31
267.752	78.14
267.966	90.93
268.179	168.27
268.392	48.34
268.605	-434.65
268.819	94.85
269.032	5.69
269.245	516.92
269.458	168.27
269.671	-91.14
269.885	74.5
270.098	-4.87
270.311	-106.33
270.524	62.29
270.737	-61.38
270.95	-7.95
271.163	-0
271.376	-348.39
271.589	91.14
271.802	36.47
272.016	11.73
272.229	-43.74
272.442	-34.01
272.655	77.75
272.868	-77.75
273.081	-229.21
273.294	22.35
273.506	42.4
273.719	-0
273.932	63.26
274.145	-2400
274.358	-28.5
274.571	100.84
274.784	384.91
274.997	58.15
275.21	-38.48
275.423	25.24
275.635	253.27
275.848	58.63
276.061	71.52
276.274	-58.31
276.487	-10.43
276.699	-5.96
276.912	-15.35
277.125	10.21
277.338	44.13
277.55	23.71
277.763	-28.92
277.976	96.19
278.189	184.62
278.401	-60.46
278.614	57.6
278.827	3.2
279.039	-37.18
279.252	29
279.464	-15.35
279.677	89.18
279.89	-6.01
280.102	-385.93
280.315	907.32
280.527	-1894.74
280.74	-1324.14
280.952	8.67
281.165	36.47
281.377	121.61
281.59	-45.14
281.802	10.5
282.015	2.89
282.227	23.48
282.44	638.85
282.652	310.11
282.865	73.93
283.077	112.77
283.29	124.68
283.502	66.06
283.714	159.24
283.927	127.32
284.139	-56.65
284.351	52.17
284.564	-64.17
284.776	44.19
284.988	-29.68
285.201	-644.78
285.413	-3.05
285.625	-116.76
285.838	31.15
286.05	-6.53
286.262	-154.98
286.474	116.01
286.686	25.98
286.899	-193.72
287.111	-18.15
287.323	70.69
287.535	297.03
287.747	39.93
287.959	15.15
288.172	-65.45
288.384	16.76
288.596	-5.47
288.808	-67.92
289.02	-158.49
289.232	142.93
289.444	-32.93
289.656	-156.35
289.868	41.47
290.08	36.81
290.292	-5.11
290.504	-42.35
290.716	-4.72
290.928	47.72
291.14	530.23
291.352	-14.05
291.564	1623.53
291.776	81.31
291.988	-544.79
292.2	39.81
292.412	-194.59
292.624	-90.49
292.835	680.6
293.047	42.42
293.259	-154.23
293.471	97.74
293.683	0
293.895	151.31
294.106	-72.5
294.318	13.84
294.53	75.44
294.742	1779.31
294.953	119.56
295.165	88.01
295.377	121.12
295.589	75.66
295.8	24.64
296.012	-7.91
296.224	41.17
296.435	153.91
296.647	-22.14
296.858	120.86
297.07	1089.23
297.282	-48.18
297.493	61.6
297.705	-137.14
297.916	20.48
298.128	-6.54
298.34	71.93
298.551	23.12
298.763	85.53
298.974	17.12
299.186	-16.47
299.397	-27.99
299.609	-696.77
299.82	160.94
300.031	64.83
300.243	3221.05
300.454	139.88
300.666	19.86
300.877	102.37
301.089	-40.85
301.3	16.49
301.511	24.4
301.723	18.63
301.934	250.75
302.145	-105.14
302.357	84.99
302.568	-28.8
302.779	10.64
302.99	43.05
303.202	103.77
303.413	21.14
303.624	-44.75
303.835	-520.75
304.047	-179.76
304.258	51.25
304.469	15.27
304.68	124.95
304.891	-34.59
305.103	83.4
305.314	47.27
305.525	3600
305.736	-179.53
305.947	81.29
306.158	2258.82
306.369	43.09
306.58	17.45
306.791	287.21
307.002	4.31
307.213	82.19
307.424	-93.29
307.636	120.98
307.846	7.52
308.057	-396.12
308.268	-17.12
308.479	24.64
308.69	-0
308.901	37.55
309.112	-1730.23
309.323	-31.93
309.534	83.4
309.745	-36.47
309.956	-33.99
310.167	-36.3
310.377	169.67
310.588	11.91
310.799	111.74
311.01	-87.47
311.221	-12.66
311.432	31.81
311.642	93.47
311.853	107.65
312.064	1282.76
312.275	316.73
312.485	-26.02
312.696	6.7
312.907	-108.54
313.117	30.31
313.328	-47.88
313.539	9.21
313.749	-136.97
313.96	-184.62
314.171	57.7
314.381	36.13
314.592	40.34
314.802	-54.33
315.013	-32.7
315.224	58.05
315.434	-1200
315.645	4560
315.855	-6.54
316.066	431.46
316.276	139.93
316.487	702.44
316.697	44.7
316.908	13.46
317.118	-68.88
317.329	-68.34
317.539	65.86
317.749	169.96
317.96	-501.49
318.17	-101.08
318.381	-237.36
318.591	-791.21
318.801	22.58
319.012	29.68
319.222	-186.41
319.432	-101.24
319.643	59.48
319.853	-75.34
320.063	38.27
320.273	27.99
320.484	-474.73
320.694	318.37
320.904	-0
321.114	269.66
321.325	-248.28
321.535	51.18
321.745	-144.55
321.955	61.34
322.165	-3.63
322.375	7.73
322.585	-213.5
322.796	1075.86
323.006	77.75
323.216	147.15
323.426	77.42
323.636	97.61
323.846	1572.41
324.056	62.2
324.266	53.47
324.476	29.57
324.686	395.68
324.896	71.45
325.106	724.53
325.316	15.21
325.526	-1578.95
325.736	-33.55
325.946	9.52
326.156	919.48
326.366	406.96
326.576	2.15
326.785	-168.84
326.995	-10.2
327.205	253.27
327.415	101.69
327.625	271.53
327.835	21.32
328.044	-12.06
328.254	-62.61
328.464	178.09
328.674	103.77
328.884	-25.9
329.093	-77.01
329.303	21.45
329.513	178.88
329.722	-1894.74
329.932	88.01
330.142	-18.21
330.351	41.17
330.561	152.73
330.771	-0
330.98	-120.98
331.19	701.54
331.4	-72.08
331.609	-4.37
331.819	1258.54
332.028	-144
332.238	-65.08
332.447	-21.64
332.657	52.57
332.866	66.45
333.076	11.17
333.285	-43
333.495	193.55
333.704	-322.87
333.914	3.87
334.123	-15.36
334.333	516.92
334.542	-62.13
334.752	424.62
334.961	724.53
335.17	-192.96
335.38	-55.59
335.589	26.06
335.798	46.82
336.008	224.18
336.217	-148.09
336.426	29.56
336.636	10.21
336.845	-47.32
337.054	529.87
337.263	-23.72
337.473	-37.78
337.682	-7.82
337.891	46.23
338.1	155.4
338.309	38.43
338.519	191.34
338.728	-41.43
338.937	-132.28
339.146	-34.53
339.355	362.26
339.564	1389.47
339.773	42.21
339.983	101.98
340.192	-594.78
340.401	120.98
340.61	26.85
340.819	63.45
341.028	157.38
341.237	1341.18
341.446	47.1
341.655	8.93
341.864	-227.49
342.073	17.12
342.282	-156.14
342.491	-43.88
342.699	-151.46
342.908	171.43
343.117	170.98
343.326	77.73
343.535	-938.18
343.744	-22.48
343.953	205.71
344.162	47.95
344.37	26.39
344.579	-429.85
344.788	39.9
344.997	-11.29
345.206	31.27
345.414	47.1
345.623	-4.43
345.832	-115.22
346.041	152.28
346.249	26.22
346.458	35.55
346.667	23.9
346.875	-9.33
347.084	43.49
347.293	-57.02
347.501	-17.06
347.71	-40.83
347.918	-4.43
348.127	-448.35
348.336	-603.97
348.544	49.28
348.753	17.91
348.961	53.67
349.17	74.13
349.378	70.95
349.587	8.93
349.795	69.9
350.004	480
350.212	39.95
350.421	392.92
350.629	-0
350.838	9.44
351.046	113.72
351.254	-2.29
351.463	-65.95
351.671	-315.79
351.879	-109.88
352.088	36.64
352.296	297.35
352.504	68.1
352.713	24.29
352.921	-56.69
353.129	7.39
353.338	-10.5
353.546	68.34
353.754	-250.31
353.962	17.71
354.171	4.39
354.379	-5557.89
354.587	23.75
354.795	-15.64
355.003	32.33
355.212	-14.5
355.42	656.6
355.628	37.59
355.836	-28.47
356.044	-27.53
356.252	-4.19
356.46	-20.53
356.668	480
356.876	4.72
357.084	-45.8
357.292	36.13
357.5	-60.11
357.708	-0
357.916	6.54
358.124	10.5
358.332	-197.01
358.54	283.64
358.748	327.27
358.956	62.2
359.164	-36.69
359.372	71.64
359.58	-94.96
359.788	15.15
359.996	15.35
360.203	-3.3
360.411	17.68
360.619	-391.96
360.827	-35.98
361.035	-58.9
361.242	84.46
361.45	-486.08
361.658	91
361.866	33.64
362.073	-97.53
362.281	55.15
362.489	-32.52
362.697	101.14
362.904	83.38
363.112	27.62
363.32	-3.6
363.527	-386.09
363.735	74.13
363.943	16.77
364.15	199.29
364.358	4.81
364.565	-49.24
364.773	-55.31
364.98	-161.13
365.188	-25.92
365.395	11.91
365.603	93.56
365.81	-11.91
366.018	-112.44
366.225	59.92
366.433	-205.46
366.64	92.31
366.848	46.31
367.055	-82.76
367.263	80.67
367.47	10.87
367.677	30.38
367.885	-39.91
368.092	-79.87
368.299	-64.23
368.507	113.45
368.714	424.78
368.921	264.57
369.129	134.27
369.336	38.03
369.543	15.55
369.751	-39.95
369.958	156.05
370.165	-1.44
370.372	13.3
370.579	36.83
370.787	37.55
370.994	141.64
371.201	42.51
371.408	75.52
371.615	-46.66
371.822	41
372.029	101.69
372.237	-397.71
372.444	97.3
372.651	69.79
372.858	87.98
373.065	64.61
373.272	49.1
373.479	537.93
373.686	-62.56
373.893	-256.31
374.1	183.73
374.307	-164.03
374.514	131.17
374.721	-16.28
374.928	467.53
375.135	-26.76
375.341	10080
375.548	-48.75
375.755	-73.47
375.962	-2.87
376.169	-137.7
376.376	77.73
376.583	-42.57
376.789	11.65
376.996	89.24
377.203	-69.74
377.41	34.29
377.617	-1.68
377.823	89.84
378.03	-2012.9
378.237	46.82
378.443	-219.43
378.65	-67.92
378.857	-53.14
379.063	-470.89
379.27	-323.48
379.477	9.81
379.683	-111.17
379.89	19.09
380.097	-30.53
380.303	25.3
380.51	-3.66
380.716	70.19
380.923	-66.14
381.129	-28.28
381.336	-113.39
381.542	36.12
381.749	-2.24
381.955	60.09
382.162	21.64
382.368	-49.24
382.575	27.32
382.781	413.79
382.988	-9.18
383.194	-72.03
383.4	-41.27
383.607	61.76
383.813	-168.27
384.02	-1.21
384.226	-101.57
384.432	-78.98
384.639	34.36
384.845	30.38
385.051	-121.81
385.257	-16.52
385.464	49.42
385.67	61.94
385.876	15.55
386.082	-93.56
386.289	55.25
386.495	-40.83
386.701	66.45
386.907	-85.93
387.113	-16.03
387.319	54.47
387.526	-11.73
387.732	207.87
387.938	547.2
388.144	406.96
388.35	35.72
388.556	-21.21
388.762	-0
388.968	-446.51
389.174	-67.58
389.38	147.73
389.586	-1.57
389.792	-34.81
389.998	-38.88
390.204	-101.46
390.41	61.21
390.616	-17.94
390.822	11.21
391.028	54.6
391.234	44.65
391.439	-594.17
391.645	11.05
391.851	71.44
392.057	-11.47
392.263	37.09
392.469	35.1
392.674	-8.83
392.88	10.04
393.086	-41.68
393.292	-50.46
393.498	-219.07
393.703	42.75
393.909	34.22
394.115	87.06
394.32	3
394.526	-4.42
394.732	50.21
394.937	57.75
395.143	24.29
395.349	5.18
395.554	-247.24
395.76	40.42
395.965	-3
396.171	-16.77
396.377	51.66
396.582	-9.81
396.788	11.05
396.993	32.08
397.199	14.19
397.404	54.44
397.61	-28.54
397.815	-1.52
398.021	-51.96
398.226	-12.99
398.431	-40.68
398.637	-5.09
398.842	37.32
399.048	8.69
399.253	26.6
399.458	29.1
399.664	-23.98
399.869	-5.1
400.074	23.13
400.28	-4.44
400.485	5.24
400.69	8.48
400.896	-36.63
401.101	16.45
401.306	15.72
401.511	-1.38
401.716	-8.52
401.922	-11.22
402.127	4.06
402.332	-22.76
402.537	18.97
402.742	7.81
402.947	40.99
403.153	-1.24
403.358	2.61
403.563	18.54
403.768	28.07
403.973	7.79
404.178	-3.76
404.383	0.44
404.588	10.05
404.793	13.58
404.998	-4.47
405.203	0.39
405.408	5.4
405.613	5.34
405.818	0.97
406.023	1.89
406.228	-7.2
406.433	2.89
406.638	3.67
406.842	9.52
407.047	11.45
407.252	-0
407.457	15.73
407.662	8.07
407.867	13.53
408.071	12.35
408.276	-2.41
408.481	-3.23
408.686	8.78
408.891	3.14
409.095	8.1
409.3	6.67
409.505	15.36
409.709	-0.67
409.914	11.71
410.119	2.9
410.323	3.93
410.528	-3.19
410.733	3.77
410.937	9.95
411.142	0.41
411.346	0.25
411.551	8.78
411.756	1.74
411.96	7.39
412.165	-2.41
412.369	1.78
412.574	3.54
412.778	8.38
412.983	4.38
413.187	6.86
413.392	-1.72
413.596	3.6
413.8	4.38
414.005	7.63
414.209	3.65
414.414	2.05
414.618	1.81
414.822	3.4
415.027	4.41
415.231	4.33
415.435	5.77
415.64	5.65
415.844	2
416.048	4.9
416.252	3.89
416.457	5.59
416.661	4.46
416.865	4.84
417.069	3.36
417.274	3.72
417.478	3.64
417.682	5.7
417.886	2.82
418.09	5.48
418.294	5.16
418.498	5.19
418.702	4.24
418.907	3.86
419.111	2.9
419.315	4.91
419.519	5.67
419.723	2.9
419.927	4.12
420.131	6.03
420.335	3.67
420.539	2.44
420.743	6.03
420.947	2.83
421.151	3.87
421.355	3.7
421.558	4.68
421.762	3.67
421.966	4.07
422.17	4.93
422.374	4.55
422.578	4.08
422.782	4.58
422.985	2.27
423.189	3.96
423.393	3.85
423.597	4.01
423.801	4.39
424.004	4.36
424.208	2.72
424.412	4.15
424.615	3.67
424.819	4.36
425.023	4.32
425.226	4.62
425.43	4.33
425.634	4.42
425.837	3.85
426.041	4.75
426.245	3.47
426.448	4.45
426.652	4.55
426.855	3.17
427.059	3.71
427.262	5.01
427.466	2.95
427.669	4.26
427.873	3.45
428.076	3.96
428.28	3.98
428.483	3.4
428.687	3.39
428.89	3.6
429.094	2.56
429.297	4.04
429.5	3.94
429.704	4.46
429.907	3.95
430.11	4.7
430.314	4.54
430.517	3.97
430.72	4.51
430.924	4.03
431.127	3.54
431.33	3.83
431.533	4.16
431.737	4.15
431.94	4.08
432.143	4.44
432.346	3.89
432.549	4.07
432.752	4.18
432.956	3.97
433.159	3.24
433.362	3.58
433.565	4.15
433.768	4.13
433.971	3.83
434.174	3.8
434.377	4.33
434.58	4.14
434.783	3.51
434.986	3.9
435.189	4.61
435.392	3.86
435.595	3.99
435.798	4.26
436.001	4.24
436.204	4.41
436.407	3.88
436.61	4.18
436.813	4.42
437.016	3.87
437.219	3.95
437.421	3.86
437.624	3.5
437.827	4.01
438.03	3.9
438.233	3.68
438.435	4.28
438.638	4.25
438.841	3.84
439.044	3.95
439.246	3.37
439.449	4.06
439.652	3.82
439.854	3.78
440.057	4.42
440.26	4.49
440.462	4.36
440.665	3.36
440.868	4.37
441.07	4.12
441.273	4.23
441.475	4.16
441.678	4.06
441.88	4.05
442.083	3.88
442.286	4.07
442.488	3.54
442.69	4.06
442.893	4.04
443.095	3.77
443.298	4.09
443.5	3.76
443.703	3.92
443.905	4.03
444.108	3.89
444.31	4.18
444.512	4.02
444.715	3.98
444.917	3.86
445.119	4.03
445.322	3.81
445.524	4.34
445.726	4.22
445.928	4.2
446.131	3.73
446.333	4.03
446.535	4.05
446.737	4.12
446.94	4.59
447.142	4.29
447.344	4.41
447.546	4.38
447.748	4.26
447.95	4.37
448.152	4.6
448.354	4.31
448.557	4.56
448.759	4.24
448.961	4.2
449.163	4.3
449.365	4.19
449.567	4.4
449.769	4.1
449.971	4.23
450.173	4.35
450.375	4.44
450.577	4.57
450.779	4.55
450.981	4.43
451.182	4.27
451.384	4.25
451.586	4.75
451.788	4.48
451.99	4.76
452.192	4.07
452.394	4.74
452.595	4.8
452.797	4.75
452.999	4.64
453.201	4.42
453.402	4.68
453.604	4.74
453.806	5.14
454.008	4.71
454.209	4.86
454.411	4.83
454.613	4.75
454.814	4.4
455.016	4.88
455.218	4.51
455.419	5.36
455.621	5.11
455.822	4.97
456.024	4.53
456.225	5.4
456.427	5.1
456.629	4.65
456.83	4.87
457.032	5.04
457.233	4.52
457.435	4.42
457.636	5.04
457.837	5.38
458.039	5.5
458.24	5.45
458.442	5.08
458.643	4.48
458.844	5.44
459.046	5.3
459.247	6.03
459.448	4.97
459.65	4.95
459.851	5.46
460.052	5.26
460.254	5.5
460.455	5.21
460.656	4.42
460.857	4.89
461.059	5.42
461.26	4.98
461.461	6.11
461.662	5.28
461.863	5.64
462.065	4.93
462.266	5.85
462.467	5.2
462.668	4.27
462.869	5.48
463.07	5.06
463.271	5.96
463.472	5.25
463.673	5.46
463.874	5.52
464.075	5.38
464.276	4.94
464.477	5.3
464.678	6.17
464.879	5.04
465.08	6.1
465.281	6.1
465.482	5.37
465.683	4.47
465.884	5.42
466.085	6.27
466.285	4.52
466.486	6.13
466.687	5.53
466.888	5.4
467.089	5.58
467.29	4.82
467.49	5.66
467.691	6.27
467.892	5.29
468.093	4.87
468.293	5.6
468.494	5.14
468.695	4.51
468.895	4.91
469.096	4.51
469.297	5.58
469.497	5.61
469.698	5.88
469.898	5.76
470.099	5.96
470.3	6.89
470.5	4.03
470.701	6.32
470.901	7.28
471.102	5.9
471.302	4.81
471.503	5.77
471.703	6.99
471.904	6.01
472.104	5.37
472.305	4.62
472.505	6.73
472.705	5.66
472.906	5.26
473.106	6.31
473.306	4.9
473.507	6.23
473.707	6.57
473.907	5.38
474.108	4.55
474.308	3.89
474.508	5.32
474.709	4.96
474.909	5.69
475.109	3.62
475.309	4.45
475.51	3.9
475.71	4.81
475.91	5.96
476.11	4.47
476.31	5.31
476.51	4.92
476.71	4.86
476.911	5.8
477.111	5.1
477.311	5
477.511	5.86
477.711	4.85
477.911	4.82
478.111	5.55
478.311	4.57
478.511	5.96
478.711	6.83
478.911	5.86
479.111	5.97
479.311	5.39
479.511	7.32
479.711	4.78
479.91	3.69
480.11	6.29
480.31	4.93
480.51	6.63
480.71	4.54
480.91	5.76
481.109	5.86
481.309	5.33
481.509	3.55
481.709	5.17
481.909	5.53
482.108	3.98
482.308	5.69
482.508	5.27
482.707	7.25
482.907	4.27
483.107	4.15
483.306	4.76
483.506	4.83
483.706	5.74
483.905	4.47
484.105	5.87
484.304	4.59
484.504	4.62
484.704	5
484.903	5.12
485.103	6.87
485.302	3.79
485.502	6.56
485.701	6.36
485.901	5.87
486.1	4.13
486.299	5.32
486.499	5.84
486.698	5.44
486.898	4.63
487.097	5.31
487.296	4.74
487.496	5.71
487.695	5.08
487.894	5.6
488.094	5.53
488.293	6.73
488.492	5.71
488.692	4.04
488.891	6.27
489.09	6.02
489.289	4.51
489.489	4.79
489.688	5.02
489.887	5.41
490.086	6.63
490.285	6.74
490.484	5.76
490.683	5.51
490.883	6.72
491.082	4.97
491.281	4.92
491.48	4.36
491.679	6.24
491.878	6.31
492.077	6.31
492.276	6.61
492.475	5.47
492.674	3.91
492.873	5.68
493.072	5.28
493.271	6.04
493.47	5.01
493.669	5.82
493.867	4.81
494.066	6.03
494.265	7.07
494.464	6.5
494.663	5.56
494.862	5.05
495.06	5.9
495.259	4.93
495.458	5.57
495.657	6.26
495.856	6.43
496.054	7.04
496.253	6.1
496.452	6.46
496.65	4.19
496.849	5.74
497.048	6.39
497.246	6.47
497.445	7.24
497.644	7.2
497.842	6.84
498.041	6.07
498.239	6.5
498.438	5.98
498.636	6.65
498.835	6.97
499.034	6.9
499.232	6.36
499.431	5.31
499.629	5.59
499.827	6.69
500.026	5.68
500.224	7.2
500.423	6.2
500.621	6.03
500.82	7.22
501.018	6.95
501.216	7.13
501.415	7.12
501.613	6.38
501.811	7.07
502.01	7.8
502.208	6.01
502.406	6.8
502.604	7.58
502.803	7.1
503.001	7.45
503.199	7.2
503.397	7.44
503.595	7.37
503.794	6.05
503.992	7.68
504.19	7.72
504.388	7.26
504.586	7.76
504.784	7.24
504.982	7.25
505.18	8
505.378	7.71
505.576	6.68
505.774	8.2
505.972	7.15
506.17	8.65
506.368	7.82
506.566	7.31
506.764	7.66
506.962	8.35
507.16	8.97
507.358	7.37
507.556	7.92
507.754	8.46
507.952	8.26
508.15	8.03
508.347	8.38
508.545	8.46
508.743	8.3
508.941	8.44
509.139	9.18
509.336	8.94
509.534	9.05
509.732	8.68
509.93	8.45
510.127	8.98
510.325	8.32
510.523	9.24
510.72	9.22
510.918	9.26
511.116	9.52
511.313	8.55
511.511	9.49
511.708	9.56
511.906	9.63
512.104	9.33
512.301	9.79
512.499	9.67
512.696	8.92
512.894	9.12
513.091	9.53
513.289	10.15
513.486	9.93
513.683	9.28
513.881	9.88
514.078	10.44
514.276	10.3
514.473	9.65
514.67	10.04
514.868	10.29
515.065	10.26
515.262	10.87
515.46	10.45
515.657	10.4
515.854	10.69
516.052	10.08
516.249	10.69
516.446	10.5
516.643	10.99
516.84	11.14
517.038	10.3
517.235	10.45
517.432	10.97
517.629	11.09
517.826	10.73
518.023	11.17
518.221	11.47
518.418	11.33
518.615	11.05
518.812	10.82
519.009	11.15
519.206	11.37
519.403	11.02
519.6	11.49
519.797	11.55
519.994	10.75
520.191	11.5
520.388	11.45
520.585	12.07
520.782	11.54
520.978	11.27
521.175	11.94
521.372	11.46
521.569	11.85
521.766	11.35
521.963	11.88
522.159	12.16
522.356	12
522.553	12.11
522.75	11.69
522.947	11.68
523.143	11.95
523.34	12.34
523.537	12.56
523.733	12.27
523.93	12.37
524.127	12.25
524.323	12.18
524.52	12.15
524.717	12.47
524.913	11.8
525.11	12.15
525.306	12.7
525.503	12.84
525.7	12.53
525.896	12.19
526.093	12.76
526.289	12.93
526.486	12.66
526.682	12.77
526.878	13.01
527.075	12.98
527.271	12.85
527.468	12.74
527.664	13.07
527.861	12.54
528.057	13.24
528.253	13.52
528.45	13.13
528.646	12.43
528.842	13.56
529.039	12.91
529.235	13.98
529.431	13.28
529.627	12.95
529.824	13.34
530.02	12.98
530.216	13.79
530.412	13.07
530.608	13.31
530.804	13.64
531.001	13.62
531.197	13.55
531.393	13.75
531.589	13.39
531.785	13.4
531.981	13.46
532.177	13.72
532.373	13.53
532.569	13.93
532.765	13.49
532.961	13.28
533.157	13.19
533.353	13.92
533.549	13.92
533.745	13.84
533.941	13.86
534.137	13.16
534.333	13.62
534.529	13.44
534.725	13.81
534.92	13.85
535.116	14.12
535.312	13.46
535.508	13.89
535.704	14.08
535.899	13.74
536.095	13.85
536.291	13.93
536.487	13.8
536.682	13.84
536.878	14.23
537.074	13.74
537.269	13.66
537.465	13.85
537.661	13.75
537.856	13.93
538.052	13.78
538.248	14.23
538.443	13.89
538.639	14.03
538.834	13.99
539.03	13.62
539.225	14.5
539.421	13.77
539.616	14.96
539.812	14.15
540.007	14.54
540.203	14.08
540.398	14.63
540.593	14.8
540.789	14.43
540.984	13.92
541.18	14.24
541.375	13.99
541.57	14.5
541.766	14.2
541.961	14.48
542.156	14.55
542.352	14.18
542.547	14.2
542.742	14.56
542.937	14.77
543.133	14.56
543.328	14.11
543.523	13.98
543.718	14.09
543.913	14.6
544.108	14.67
544.304	14.71
544.499	14.56
544.694	14.47
544.889	14.83
545.084	15.04
545.279	14.84
545.474	15.1
545.669	14.69
545.864	14.5
546.059	14.61
546.254	14.38
546.449	14.38
546.644	14.41
546.839	14.29
547.034	14.87
547.229	14.29
547.424	14.8
547.618	15.14
547.813	15.25
548.008	15.04
548.203	14.68
548.398	15.2
548.593	15.03
548.787	15.15
548.982	14.68
549.177	14.74
549.372	14.4
549.566	15.23
549.761	14.95
549.956	15.19
550.15	14.95
550.345	14.8
550.54	15.22
550.734	15.56
550.929	14.8
551.124	15.04
551.318	15.07
551.513	14.93
551.707	15.42
551.902	15.25
552.096	15.3
552.291	15.36
552.485	15.24
552.68	15.43
552.874	15.06
553.069	15.66
553.263	15.2
553.458	15.15
553.652	15.3
553.847	15.29
554.041	15.46
554.235	15.33
554.43	15.35
554.624	15.4
554.818	15.52
555.013	15.7
555.207	15.1
555.401	15.76
555.595	15.5
555.79	14.97
555.984	15.32
556.178	15.45
556.372	15.47
556.566	15.47
556.761	14.92
556.955	15.19
557.149	15.96
557.343	15.37
557.537	15.25
557.731	15.6
557.925	15.39
558.119	15.55
558.313	15.59
558.507	15.63
558.701	15.76
558.895	15.93
559.089	15.56
559.283	15.57
559.477	16.22
559.671	15.43
559.865	15.77
560.059	15.84
560.253	15.97
560.447	15.43
560.641	15.74
560.835	16.33
561.028	15.52
561.222	15.46
561.416	15.83
561.61	15.76
561.804	15.84
561.997	15.69
562.191	15.77
562.385	15.82
562.579	15.3
562.772	15.87
562.966	15.67
563.16	15.59
563.353	16.12
563.547	16.18
563.741	15.93
563.934	15.46
564.128	15.88
564.321	15.81
564.515	15.88
564.708	16.2
564.902	15.7
565.095	15.8
565.289	15.94
565.482	16.05
565.676	15.83
565.869	16.1
566.063	16.3
566.256	15.81
566.45	15.7
566.643	15.94
566.836	15.84
567.03	15.83
567.223	15.73
567.416	15.93
567.61	15.83
567.803	15.74
567.996	16.31
568.19	15.59
568.383	15.73
568.576	16
568.769	16.18
568.963	15.91
569.156	16.41
569.349	16.01
569.542	16.33
569.735	15.88
569.928	15.82
570.121	15.38
570.315	16.12
570.508	15.56
570.701	16.03
570.894	15.91
571.087	15.56
571.28	16.11
571.473	16
571.666	15.66
571.859	15.84
572.052	15.83
572.245	16.35
572.438	16.16
572.631	16.5
572.824	15.51
573.016	15.89
573.209	16.28
573.402	16.06
573.595	16.1
573.788	16.18
573.981	15.89
574.173	16.12
574.366	16.39
574.559	16.08
574.752	15.84
574.944	15.94
575.137	16.04
575.33	15.8
575.523	16.39
575.715	15.65
575.908	15.98
576.101	15.52
576.293	16.14
576.486	16.01
576.678	16.07
576.871	15.54
577.063	16.39
577.256	16.03
577.449	15.91
577.641	16.06
577.834	16.16
578.026	15.7
578.219	16.21
578.411	16.23
578.603	15.95
578.796	15.67
578.988	15.92
579.181	15.98
579.373	15.67
579.565	16.22
579.758	16.28
579.95	16.42
580.142	15.43
580.335	15.81
580.527	15.99
580.719	16.48
580.912	15.9
581.104	15.91
581.296	16
581.488	16.01
581.68	16.26
581.873	15.47
582.065	15.37
582.257	16
582.449	15.39
582.641	16.03
582.833	15.69
583.025	15.72
583.217	15.93
583.41	15.89
583.602	15.89
583.794	15.72
583.986	16.07
584.178	15.7
584.37	15.41
584.562	15.7
584.753	15.68
584.945	16.51
585.137	15.99
585.329	15.98
585.521	16.29
585.713	16.28
585.905	16.05
586.097	15.73
586.289	16.2
586.48	15.91
586.672	15.94
586.864	16.31
587.056	15.95
587.247	15.42
587.439	15.34
587.631	15.97
587.823	16.11
588.014	15.74
588.206	15.64
588.398	15.81
588.589	16.05
588.781	15.85
588.972	16.34
589.164	16.03
589.356	16.14
589.547	15.76
589.739	15.55
589.93	15.98
590.122	15.91
590.313	16.31
590.505	16.17
590.696	16.4
590.888	15.93
591.079	16.37
591.271	16.32
591.462	16.3
591.653	16.55
591.845	16.4
592.036	16.56
592.227	15.86
592.419	16.29
592.61	15.6
592.801	16.19
592.993	15.87
593.184	15.98
593.375	15.83
593.566	16.27
593.758	15.92
593.949	15.95
594.14	16.04
594.331	16.31
594.522	16.47
594.713	16.15
594.905	16.08
595.096	16.23
595.287	16.14
595.478	16.46
595.669	16.23
595.86	15.93
596.051	15.7
596.242	16.34
596.433	16.15
596.624	15.88
596.815	16.36
597.006	16.24
597.197	16.39
597.388	16.33
597.579	16.43
597.77	15.96
597.96	16.44
598.151	16.79
598.342	15.92
598.533	16.66
598.724	16.65
598.915	16.2
599.105	16.54
599.296	16.29
599.487	15.93
599.678	16.51
599.868	17.03
600.059	17.03
600.25	16.68
600.44	16.97
600.631	16.32
600.822	17.03
601.012	16.71
601.203	16.72
601.394	16.47
601.584	16.4
601.775	16.35
601.965	16.26
602.156	16.65
602.346	16.67
602.537	16.64
602.727	16.79
602.918	16.79
603.108	16.97
603.299	16.39
603.489	17.06
603.679	16.72
603.87	17.1
604.06	17.34
604.251	16.91
604.441	16.25
604.631	17.58
604.822	17.39
605.012	16.44
605.202	17.19
605.392	16.28
605.583	17.26
605.773	16.66
605.963	17.09
606.153	16.48
606.344	16.82
606.534	16.7
606.724	17.82
606.914	16.67
607.104	17.07
607.294	16.52
607.484	17.19
607.674	16.65
607.864	16.56
608.054	16.98
608.245	16.94
608.435	17.25
608.625	17.16
608.814	16.68
609.004	16.87
609.194	16.48
609.384	17.01
609.574	17.14
609.764	16.86
609.954	16.4
610.144	16.49
610.334	17.31
610.524	16.58
610.713	16.8
610.903	16.37
611.093	16.93
611.283	16.88
611.473	16.5
611.662	17.1
611.852	16.78
612.042	16.3
612.231	16.32
612.421	17.23
612.611	16.3
612.8	16.79
612.99	17.26
613.18	16.63
613.369	16.5
613.559	16.9
613.748	16.38
613.938	16.57
614.128	17.2
614.317	17.02
614.507	17.42
614.696	17.24
614.886	16.93
615.075	16.4
615.264	16.66
615.454	17.3
615.643	16.89
615.833	16.78
616.022	16.58
616.211	16.83
616.401	16.3
616.59	16.83
616.779	17.51
616.969	17.27
617.158	16.44
617.347	16.3
617.537	16.85
617.726	16.64
617.915	16.71
618.104	16.44
618.293	16.82
618.483	16.72
618.672	17.2
618.861	17.04
619.05	16.86
619.239	16.71
619.428	16.54
619.617	17.09
619.806	16.34
619.995	16.37
620.184	16.36
620.373	16.5
620.562	16.59
620.751	16.83
620.94	16.49
621.129	16.98
621.318	16.23
621.507	17.29
621.696	16.49
621.885	16.62
622.074	16.67
622.263	16.5
622.452	17.29
622.64	16.78
622.829	16.68
623.018	16.9
623.207	16.35
623.396	16.89
623.584	17.12
623.773	17.32
623.962	16.68
624.15	16.32
624.339	17.19
624.528	16.85
624.716	17.15
624.905	16.7
625.094	17.09
625.282	17.03
625.471	16.35
625.659	16.58
625.848	16.71
626.037	17.38
626.225	17.72
626.414	16.62
626.602	17.4
626.791	17.71
626.979	17.04
627.167	17.02
627.356	16.9
627.544	16.7
627.733	16.58
627.921	17.11
628.109	16.88
628.298	17.11
628.486	16.29
628.674	16.87
628.863	16.82
629.051	17.43
629.239	17.62
629.428	16.98
629.616	17.88
629.804	17.68
629.992	16.18
630.18	17.72
630.369	17.17
630.557	17.35
630.745	17.49
630.933	17.54
631.121	17.56
631.309	17.02
631.497	16.95
631.685	16.51
631.873	17.57
632.061	16.46
632.249	17.57
632.437	17.98
632.625	16.98
632.813	17.13
633.001	17.26
633.189	16.04
633.377	17.36
633.565	16.1
633.753	16.52
633.941	17.35
634.129	16.22
634.316	16.59
634.504	17.6
634.692	17.18
634.88	17.02
635.068	17.54
635.255	17.24
635.443	17.68
635.631	17.75
635.818	17.27
636.006	16.81
636.194	17.63
636.382	16.82
636.569	16.84
636.757	17.6
636.944	17.55
637.132	16.79
637.32	16.49
637.507	17.48
637.695	17.02
637.882	18.35
638.07	18.13
638.257	17.14
638.445	16.68
638.632	15.61
638.82	16.47
639.007	16.19
639.194	17.38
639.382	17.12
639.569	16.93
639.757	17.15
639.944	15.6
640.131	16.71
640.319	16.86
640.506	17.19
640.693	17.1
640.88	17.51
641.068	16.57
641.255	17
641.442	16.63
641.629	16.46
641.817	16.84
642.004	16.82
642.191	16.77
642.378	17.18
642.565	16.34
642.752	17.13
642.939	16.28
643.126	16.7
643.313	16.7
643.501	17.16
643.688	16.94
643.875	15.99
644.062	17.07
644.249	15.67
644.435	15.38
644.622	15.65
644.809	16.57
644.996	15.69
645.183	16.17
645.37	17.28
645.557	16.56
645.744	15.16
645.931	16.12
646.117	15.44
646.304	14.89
646.491	16.28
646.678	16.05
646.865	16.67
647.051	16.63
647.238	15.63
647.425	14.72
647.611	16.05
647.798	15.26
647.985	15.08
648.171	15.26
648.358	15.61
648.545	16.59
648.731	14.72
648.918	16.37
649.104	15.34
649.291	15.81
649.477	15.37
649.664	15.43
649.85	15.09
650.037	15.96
650.223	15.26
650.41	14.6
650.596	14.76
650.783	15.23
650.969	15.38
651.155	14.76
651.342	15.32
651.528	15.15
651.714	13.89
651.901	16.49
652.087	14.99
652.273	13.84
652.46	15.52
652.646	15.42
652.832	15.51
653.018	14.52
653.204	16.57
653.391	14.92
653.577	15.22
653.763	15.76
653.949	15.74
654.135	15.32
654.321	14.6
654.507	16.04
654.693	15.16
654.879	15.68
655.065	14.02
655.252	12.88
655.438	15.46
655.624	14.81
655.809	15.17
655.995	14.33
656.181	15.53
656.367	14.2
656.553	15.18
656.739	15.5
656.925	16.67
657.111	15.62
657.297	15.42
657.482	15.14
657.668	15.3
657.854	15.36
658.04	13.79
658.226	11.69
658.411	14.18
658.597	15.6
658.783	14.54
658.968	13.96
659.154	13.62
659.34	14.76
659.525	14.54
659.711	14.24
659.897	14.24
660.082	14.48
660.268	13.24
660.453	14.79
660.639	15.44
660.824	13.94
661.01	14.76
661.195	14.58
661.381	13.94
661.566	13.76
661.752	12.31
661.937	14.06
662.123	12.91
662.308	14.52
662.494	15.25
662.679	12.64
662.864	13.65
663.05	13.72
663.235	14.24
663.42	12.82
663.605	12.75
663.791	12.01
663.976	12.18
664.161	12.4
664.346	12.82
664.532	12.71
664.717	12
664.902	12.69
665.087	15.89
665.272	13.55
665.457	11.57
665.642	10.8
665.828	12.45
666.013	15.12
666.198	10.23
666.383	13.16
666.568	12.71
666.753	13.94
666.938	10.64
667.123	12.84
667.308	12.83
667.493	12.06
667.677	12.47
667.862	12.71
668.047	13.14
668.232	12.51
668.417	12.15
668.602	13.05
668.787	14.21
668.971	12.27
669.156	12.15
669.341	11.48
669.526	14.71
669.711	12.89
669.895	11.66
670.08	11.34
670.265	14.4
670.449	10.74
670.634	12.15
670.819	12.53
671.003	10.79
671.188	13.89
671.372	12.19
671.557	13.84
671.742	14.62
671.926	13.18
672.111	12.37
672.295	10.63
672.48	12.49
672.664	13.57
672.849	9.88
673.033	12.59
673.217	12.88
673.402	12.57
673.586	11.09
673.771	12.03
673.955	14.67
674.139	10.89
674.324	13.01
674.508	9.11
674.692	12.61
674.876	13.25
675.061	14.93
675.245	14
675.429	13.8
675.613	12.07
675.798	12.71
675.982	13.68
676.166	11.72
676.35	14.21
676.534	16.2
676.718	13.17
676.902	14.39
677.087	9.76
677.271	15.46
677.455	16.54
677.639	9.65
677.823	14.48
678.007	15.87
678.191	14.87
678.375	16.8
678.559	14.99
678.742	15.02
678.926	15.97
679.11	18.2
679.294	13.71
679.478	15.38
679.662	15.36
679.846	15.46
680.029	18.19
680.213	15.23
680.397	14.1
680.581	19.56
680.765	17.63
680.948	16.56
681.132	17.36
681.316	17.45
681.499	17.46
681.683	19.7
681.867	16.81
682.05	16.07
682.234	13.71
682.417	17.52
682.601	21.35
682.785	17.6
682.968	14.35
683.152	20.04
683.335	15.31
683.519	20.83
683.702	17.93
683.886	19.37
684.069	20.28
684.253	21.83
684.436	23.6
684.619	19.59
684.803	19.84
684.986	19.48
685.169	23.48
685.353	21.64
685.536	18.82
685.719	19.14
685.903	22.6
686.086	18.48
686.269	23.47
686.452	21.58
686.636	27.05
686.819	19.99
687.002	22.91
687.185	24.23
687.368	20.54
687.551	19.73
687.734	24.45
687.918	22.1
688.101	19.63
688.284	23.24
688.467	27.77
688.65	26.27
688.833	20.65
689.016	21.26
689.199	21.95
689.382	25.53
689.565	21.91
689.748	23.33
689.93	20.63
690.113	25.22
690.296	19.91
690.479	27.32
690.662	23.32
690.845	22.69
691.028	22.17
691.21	24.66
691.393	24.08
691.576	25.05
691.759	26.31
691.941	22.66
692.124	28.59
692.307	23.91
692.489	27.93
692.672	28.56
692.855	25.53
693.037	27.89
693.22	28.62
693.403	22.82
693.585	26.89
693.768	32.71
693.95	25.78
694.133	26.7
694.315	24.25
694.498	31.22
694.68	25.44
694.863	26.52
695.045	26.98
695.228	28.04
695.41	28.75
695.592	27.51
695.775	27.09
695.957	34.84
696.139	29.72
696.322	25.93
696.504	32.28
696.686	27.79
696.869	31.01
697.051	33.48
697.233	32.71
697.415	26.47
697.597	29.8
697.78	28.58
697.962	30.4
698.144	31.73
698.326	28.77
698.508	26.54
698.69	30.16
698.872	32.71
699.055	32.22
699.237	29.08
699.419	25.07
699.601	23.48
699.783	32.03
699.965	31.73
700.147	26.68
700.329	30.4
700.51	35.56
700.692	30.43
700.874	26.67
701.056	34.99
701.238	30.42
701.42	32.94
701.602	37.01
701.783	32.75
701.965	29.37
702.147	31.11
702.329	31.62
702.511	30.84
702.692	35.01
702.874	27.31
703.056	33.1
703.237	33.52
703.419	34.9
703.601	34.42
703.782	28.01
703.964	29.73
704.146	27.68
704.327	40.36
704.509	31.84
704.69	34.02
704.872	30.55
705.053	32.67
705.235	42.86
705.416	35.71
705.598	28.59
705.779	33
705.961	33.93
706.142	32.83
706.323	37.42
706.505	31.81
706.686	28.65
706.867	30.03
707.049	33.2
707.23	30.7
707.411	30.87
707.593	34.18
707.774	34.59
707.955	34.58
708.136	25.05
708.318	31.05
708.499	37.23
708.68	37.62
708.861	35.04
709.042	33.76
709.223	29.13
709.404	32.16
709.585	33.15
709.767	33.47
709.948	30.1
710.129	37.7
710.31	25.49
710.491	33.79
710.672	24.74
710.853	34.86
711.034	38.81
711.214	35.26
711.395	32.81
711.576	39.71
711.757	40.41
711.938	37.3
712.119	24.01
712.3	41.61
712.481	33.47
712.661	25.65
712.842	38.67
713.023	36.95
713.204	27.43
713.384	26.15
713.565	29.53
713.746	34.27
713.926	25.28
714.107	32.57
714.288	27.64
714.468	35.13
714.649	41.29
714.83	34.49
715.01	39.19
715.191	37.94
715.371	37.77
715.552	37.53
715.732	32.31
715.913	50.7
716.093	33.78
716.274	25.02
716.454	29.15
716.635	41.46
716.815	27.69
716.995	30.28
717.176	33.8
717.356	33.44
717.536	36.34
717.717	32.46
717.897	32.43
718.077	32.56
718.258	40.69
718.438	44.13
718.618	34.91
718.798	26.22
718.978	29.26
719.159	26.96
719.339	37.12
719.519	34.99
719.699	37.28
719.879	27.52
720.059	26.84
720.239	39.88
720.419	36.89
720.599	35.1
720.779	44.47
720.959	36.85
721.139	26.46
721.319	43.78
721.499	46.98
721.679	24.76
721.859	36.15
722.039	23.08
722.219	36.31
722.399	37.66
722.579	21.55
722.759	33.63
722.938	28.42
723.118	41.21
723.298	32.73
723.478	27.57
723.658	40.86
723.837	30.78
724.017	31.23
724.197	23.52
724.376	35.55
724.556	35.62
724.736	42.37
724.915	45.56
725.095	51.78
725.275	21.07
725.454	36.94
725.634	31.8
725.813	41.67
725.993	37.39
726.172	37.55
726.352	43.22
726.531	46.17
726.711	41.35
726.89	28.43
727.07	35.03
727.249	18.47
727.428	31.82
727.608	33.38
727.787	32.07
727.966	42.15
728.146	32.09
728.325	45.89
728.504	34.11
728.684	23.24
728.863	35.24
729.042	25.84
729.221	8.85
729.4	25.14
729.58	22.87
729.759	40.06
729.938	34.56
730.117	29.75
730.296	36.68
730.475	35.8
730.654	32.74
730.833	22.56
731.013	41.41
731.192	25.61
731.371	43.59
731.55	28.15
731.729	30.94
731.907	42.92
732.086	32.32
732.265	19.47
732.444	36.2
732.623	35.63
732.802	36.67
732.981	32.68
733.16	37.19
733.339	28.99
733.517	56.32
733.696	44.47
733.875	47.78
734.054	39.35
734.232	45.76
734.411	59.15
734.59	38.81
734.768	31.34
734.947	41.54
735.126	23.86
735.304	42.28
735.483	36.12
735.662	42.11
735.84	30.01
736.019	39.57
736.197	24.22
736.376	45.36
736.554	62.44
736.733	55.27
736.911	26.22
737.09	27.81
737.268	18.67
737.447	50.78
737.625	42.69
737.803	24.41
737.982	31.89
738.16	63.81
738.338	57.68
738.517	44.78
738.695	53.37
738.873	17.5
739.052	38.13
739.23	11
739.408	14.04
739.586	34.33
739.764	27.66
739.943	40.82
740.121	37.04
740.299	50.61
740.477	36.73
740.655	24.36
740.833	27.81
741.011	65.01
741.189	53.06
741.367	47.01
741.545	20.7
741.723	19.18
741.901	34.67
742.079	60.03
742.257	50.55
742.435	34.22
742.613	38.97
742.791	43.9
742.969	35.13
743.147	26.4
743.325	-8.6
743.503	35.37
743.68	43.36
743.858	-2.49
744.036	7.11
744.214	29.74
744.391	-7.78
744.569	43.86
744.747	23.94
744.925	72.28
745.102	73.99
745.28	18.47
745.458	27.36
745.635	43.31
745.813	83.45
745.99	58.9
746.168	30.08
746.345	103.88
746.523	34.66
746.7	20.07
746.878	45.05
747.055	32.71
747.233	48.53
747.41	80.24
747.588	32.2
747.765	51.96
747.943	31.68
748.12	35.37
748.297	23.99
748.475	45.66
748.652	38.22
748.829	57.85
749.007	49.83
749.184	33.89
749.361	39.01
749.538	41.54
749.716	52.09
749.893	33.91
750.07	24.57
750.247	52.89
750.424	30.13
750.601	69.48
750.778	25.31
750.956	39.44
751.133	45.39
751.31	39.64
751.487	19.76
751.664	28.27
751.841	15.93
752.018	17.06
752.195	3.72
752.372	44.42
752.549	-43.74
752.726	34.16
752.902	51.65
753.079	53.14
753.256	37.62
753.433	45.33
753.61	65.08
753.787	2.26
753.964	10.12
754.14	5.36
754.317	37.6
754.494	31.5
754.671	61.13
754.847	23.22
755.024	71.68
755.201	27.37
755.377	65.31
755.554	26.06
755.73	21.51
755.907	60.86
756.084	73.61
756.26	55.78
756.437	25.87
756.613	7.85
756.79	55.05
756.966	37.41
757.143	28.54
757.319	58.55
757.496	52.98
757.672	57.36
757.849	64.11
758.025	51.19
758.201	100.7
758.378	13.47
758.554	15.89
758.73	38.27
758.907	43.94
759.083	26.51
759.259	32.4
759.435	66.31
759.612	42.25
759.788	18.99
759.964	60.62
760.14	59.28
760.316	20.61
760.493	41.12
760.669	52.93
760.845	66.58
761.021	60.14
761.197	2.83
761.373	-11.68
761.549	40.98
761.725	44.06
761.901	43.96
762.077	51.8
762.253	11.71
762.429	13.81
762.605	42.12
762.781	43.45
762.957	27.82
763.133	33.2
763.308	4.08
763.484	22.32
763.66	64.37
763.836	72.44
764.012	-65.39
764.187	3.09
764.363	67.9
764.539	71.3
764.715	13.02
764.89	2.72
765.066	18.96
765.242	20.95
765.417	29.08
765.593	18.39
765.769	17
765.944	-2.69
766.12	40.73
766.295	-24.06
766.471	13.09
766.646	44.81
766.822	-15.03
766.997	11.18
767.173	44.65
767.348	-28.73
767.524	-21.54
767.699	-9.92
767.875	45.3
768.05	-7.99
768.225	6.95
768.401	23.41
768.576	163.55
768.751	42.69
768.927	-25.26
769.102	55.93
769.277	56.87
769.452	51.84
769.628	19.41
769.803	44.35
769.978	88.71
770.153	-53.05
770.328	-15.47
770.503	24.56
770.679	67.33
770.854	-1.74
771.029	31.55
771.204	-230.46
771.379	26.12
771.554	46.66
771.729	43.55
771.904	-32.2
772.079	-8.68
772.254	67.63
772.429	6.3
772.604	15.8
772.779	79.08
772.953	77.28
773.128	33.85
773.303	-7.45
773.478	18.05
773.653	47.77
773.828	43.8
774.002	91.55
774.177	10.87
774.352	208.7
774.527	43.14
774.701	20.47
774.876	100.5
775.051	19.25
775.225	180.69
775.4	23.5
775.575	11.93
775.749	-60.56
775.924	45.28
776.098	36.71
776.273	85.82
776.447	39.54
776.622	60.67
776.796	-68.57
776.971	46.27
777.145	-15.67
777.32	84.19
777.494	58.05
777.669	-0
777.843	31.27
778.017	-13.57
778.192	62.05
778.366	60.46
778.54	43.42
778.715	28.01
778.889	-17.87
779.063	51.06
779.237	11.17
779.412	74.71
779.586	47.64
779.76	-132.84
779.934	35.33
780.108	29.88
780.282	-376.12
780.457	35.8
780.631	-286.88
780.805	-56.36
780.979	-1379.1
781.153	-33.76
781.327	-2.24
781.501	24.31
781.675	24.49
781.849	21.87
782.023	9.18
782.197	1.8
782.371	-54.86
782.545	-51.53
782.718	106.01
782.892	83.72
783.066	-0
783.24	218.62
783.414	-27.09
783.588	130.6
783.761	24.79
783.935	35.54
784.109	102.86
784.283	-344.35
784.456	-73.93
784.63	98.15
784.804	71.86
784.977	45.65
785.151	-65.05
785.324	8.67
785.498	-0
785.672	11.86
785.845	36.05
786.019	136.49
786.192	182.78
786.366	84.69
786.539	97.63
786.713	-16.35
786.886	-1.15
787.06	166.77
787.233	51.94
787.406	-27.57
787.58	-48.17
787.753	60.72
787.926	187.36
788.1	44.17
788.273	90.57
788.446	-88.56
788.62	-812.9
788.793	9.62
788.966	14.85
789.139	64.23
789.313	22.89
789.486	-2228.57
789.659	48
789.832	23.2
790.005	137
790.178	201.77
790.351	39.49
790.524	-8.14
790.697	17.07
790.87	219.29
791.044	829.09
791.216	71.45
791.389	-115.51
791.562	65.87
791.735	-349.37
791.908	155.84
792.081	50.55
792.254	-263.74
792.427	120.45
792.6	7
792.773	-12.99
792.945	-394.03
793.118	14.89
793.291	-65.93
793.464	-20.43
793.637	-66.26
793.809	136.2
793.982	23.9
794.155	104.35
794.327	78.07
794.5	-720
794.673	-136.03
794.845	140.08
795.018	-97.46
795.19	161.8
795.363	63.91
795.536	87.8
795.708	-1470.97
795.881	8400
796.053	17.68
796.226	322.29
796.398	89.46
796.57	77.75
796.743	-38.48
796.915	-41.38
797.088	53.44
797.26	-0
797.432	-0
797.605	19.25
797.777	-810.39
797.949	-32.43
798.122	64.58
798.294	113
798.466	192
798.638	26.33
798.81	70.99
798.983	637.97
799.155	13.66
799.327	-37.59
799.499	68.13
799.671	131.45
799.843	-23.48
800.015	-60.7
800.187	-75.15
800.359	66.52
800.531	81.3
800.703	3.1
800.875	99.04
801.047	-105.95
801.219	102.39
801.391	-124.68
801.563	-155.4
801.735	293.16
801.907	161.96
802.079	170.35
802.251	-461.54
802.422	18.9
802.594	748.05
802.766	-31.1
802.938	113
803.11	235.1
803.281	-222.52
803.453	23.75
803.625	19.63
803.796	-5.18
803.968	87.24
804.14	78.32
804.311	-1.65
804.483	48.81
804.654	78.38
804.826	-33.86
804.998	340.11
805.169	-217.76
805.341	278.4
805.512	-208.7
805.684	68.99
805.855	138.72
806.026	1218.46
806.198	-73.62
806.369	33.64
806.541	105.73
806.712	105.19
806.883	111.17
807.055	31.4
807.226	124.86
807.397	-646.15
807.569	265.49
807.74	99
807.911	176.33
808.082	-215.25
808.253	-297.03
808.425	80.27
808.596	-539.33
808.767	353.96
808.938	121.97
809.109	213.86
809.28	-221.8
809.451	58.17
809.622	359.36
809.793	-2477.42
809.964	-125.22
810.135	-32.54
810.306	-228.9
810.477	281.88
810.648	-51.59
810.819	20.65
810.99	-1200
811.161	173.98
811.332	97.3
811.503	-4.03
811.674	-830.77
811.844	683.08
812.015	15.83
812.186	95.71
812.357	-92.7
812.527	45.06
812.698	-73.66
812.869	633.96
813.04	27.33
813.21	662.07
813.381	373.54
813.551	-84.51
813.722	96.87
813.893	33.59
814.063	-2.98
814.234	-850.91
814.404	90.71
814.575	8.14
814.745	63.72
814.916	58.84
815.086	25.26
815.257	-59.19
815.427	-29.45
815.598	44.81
815.768	61.07
815.938	49.22
816.109	111.74
816.279	57.36
816.449	68.88
816.62	1768.42
816.79	63.38
816.96	-498.11
817.13	2.49
817.301	-18.27
817.471	-81.32
817.641	235.58
817.811	245.26
817.981	-3771.43
818.152	-73.93
818.322	-83.17
818.492	-38.48
818.662	284.1
818.832	56.44
819.002	53.67
819.172	8.54
819.342	166.47
819.512	-18.43
819.682	-7.61
819.852	9.88
820.022	-26.61
820.192	283.15
820.362	-23.95
820.531	144.63
820.701	17.49
820.871	-81.36
821.041	-38.01
821.211	94.43
821.381	119.7
821.55	97.02
821.72	139.53
821.89	941.54
822.059	42.06
822.229	38.47
822.399	-64.57
822.568	252.04
822.738	-234.15
822.908	51.53
823.077	-141.7
823.247	54.47
823.416	4517.65
823.586	-211.76
823.756	-94.65
823.925	956.96
824.095	167.44
824.264	-145.29
824.433	-106.19
824.603	2.29
824.772	-78.47
824.942	-91.14
825.111	-108.54
825.28	178.88
825.45	146.09
825.619	231.06
825.788	431.46
825.958	27.53
826.127	18.81
826.296	93.81
826.465	121.41
826.635	-47.13
826.804	68.66
826.973	75.28
827.142	-45.96
827.311	249.66
827.48	53.05
827.649	146.71
827.818	9.45
827.988	220.8
828.157	-131.66
828.326	3.18
828.495	180.17
828.664	140.08
828.833	199.29
829.002	-44.72
829.17	80.54
829.339	235.18
829.508	-9.72
829.677	323.6
829.846	22.37
830.015	60.85
830.184	22.74
830.352	-23.45
830.521	-25.9
830.69	995.12
830.859	-141.18
831.027	378.95
831.196	151.67
831.365	54.64
831.533	58.21
831.702	-68.02
831.871	104.1
832.039	62.97
832.208	-521.74
832.377	236.22
832.545	55.53
832.714	10.39
832.882	41.97
833.051	150.88
833.219	-6514.29
833.388	142.75
833.556	10.5
833.724	-8.48
833.893	64.93
834.061	-631.58
834.23	101.69
834.398	134.36
834.566	31.17
834.735	857.14
834.903	-45.28
835.071	-3360
835.239	-47.21
835.408	159.27
835.576	781.4
835.744	37.99
835.912	126.32
836.08	138.1
836.249	-498.11
836.417	121.93
836.585	76.13
836.753	156.95
836.921	58.38
837.089	-8914.29
837.257	-697.67
837.425	-153.19
837.593	-14.96
837.761	-87.12
837.929	19.54
838.097	109.92
838.265	115.92
838.433	102.3
838.601	98.67
838.769	-334.18
838.936	202.25
839.104	71.93
839.272	109.92
839.44	55.99
839.608	-1229.27
839.775	75.72
839.943	-32.8
840.111	65.05
840.279	63.04
840.446	788.06
840.614	31.17
840.781	281.74
840.949	21.56
841.117	16.29
841.284	-56.65
841.452	-29.81
841.619	91.73
841.787	84.13
841.954	474.42
842.122	76.3
842.289	47.34
842.457	183.57
842.624	35.54
842.792	236.5
842.959	-192
843.126	91.27
843.294	-36.47
843.461	-47.13
843.629	38.4
843.796	-2.59
843.963	-219.46
844.13	128.45
844.298	134.36
844.465	-38.48
844.632	-7.45
844.799	-18.09
844.966	-153.19
845.134	35.93
845.301	49.68
845.468	15.89
845.635	182.33
845.802	214.47
845.969	92.07
846.136	122.65
846.303	-1263.16
846.47	63.91
846.637	73.85
846.804	-1642.11
846.971	35.41
847.138	366.02
847.305	-138.05
847.472	-3.65
847.639	39.34
847.805	89.12
847.972	-342.86
848.139	-164.81
848.306	1200
848.473	322.39
848.639	2.02
848.806	-19.2
848.973	80.31
849.14	68.14
849.306	-53.81
849.473	-0
849.64	-627.69
849.806	114.83
849.973	441.08
850.139	63.58
850.306	123.51
850.472	141.7
850.639	43.28
850.806	-189.47
850.972	73.04
851.139	-2742.86
851.305	89.64
851.471	12.81
851.638	-242.94
851.804	-214.93
851.971	-87.8
852.137	133.59
852.303	15.32
852.47	-17.12
852.636	-109.09
852.802	-141.73
852.968	-10.21
853.135	54.82
853.301	-69.36
853.467	173.11
853.633	55.81
853.8	38.9
853.966	18.27
854.132	-1028.57
854.298	78.83
854.464	701.12
854.63	74.62
854.796	272.54
854.962	-0
855.128	79.34
855.294	-32.16
855.46	-45.75
855.626	-17.87
855.792	-347.49
855.958	244.66
856.124	29.45
856.29	-23.84
856.456	50.44
856.622	127.66
856.787	561.04
856.953	41.66
857.119	-190.1
857.285	187.68
857.45	152.65
857.616	40.1
857.782	-6.14
857.948	244.51
858.113	-4.1
858.279	18.27
858.445	-94.49
858.61	167.44
858.776	72.87
858.941	356.44
859.107	46.21
859.273	0
859.438	88.56
859.604	-1515.79
859.769	264.57
859.935	-237.62
860.1	90.05
860.265	55.54
860.431	8.63
860.596	-171.43
860.762	59.48
860.927	64.59
861.092	-71.46
861.258	-132.58
861.423	143.63
861.588	128.04
861.753	5142.86
861.919	203.77
862.084	47.24
862.249	191.19
862.414	212.97
862.579	109.64
862.745	-2.47
862.91	349.82
863.075	-15.64
863.24	30.65
863.405	-60.3
863.57	-7.82
863.735	193.31
863.9	350.44
864.065	-19.82
864.23	82.32
864.395	247.69
864.56	101.51
864.725	1184.81
864.89	296.63
865.055	267.66
865.22	131.06
865.384	-121.35
865.549	-209.71
865.714	-33.72
865.879	-35.41
866.044	-82.62
866.208	128.04
866.373	79.12
866.538	2.81
866.702	157.38
866.867	59.05
867.032	42.35
867.196	81.93
867.361	537.6
867.526	-108.15
867.69	-108.49
867.855	197.8
868.019	589.09
868.184	1.57
868.348	172.01
868.513	-232.26
868.677	177.43
868.842	135.69
869.006	207.37
869.17	-181.13
869.335	-175.61
869.499	-512.62
869.663	294.04
869.828	-72.87
869.992	-697.67
870.156	39.58
870.321	-24.63
870.485	85.14
870.649	-12.66
870.813	79.7
870.978	71.49
871.142	-147.69
871.306	-278.67
871.47	218.98
871.634	207.87
871.798	29.81
871.962	95.67
872.126	-1200
872.29	2.91
872.454	3428.57
872.618	338.76
872.782	214.93
872.946	483.22
873.11	-391.96
873.274	228.9
873.438	1200
873.602	22.16
873.766	732.47
873.93	59.18
874.094	444.94
874.257	0
874.421	20.81
874.585	523.64
874.749	93.78
874.912	-129.5
875.076	122.08
875.24	94.43
875.403	282.59
875.567	411.43
875.731	175.28
875.894	220.41
876.058	235.41
876.222	323.6
876.385	42.21
876.549	19.08
876.712	-0
876.876	-4.86
877.039	189.96
877.203	146.14
877.366	-112.06
877.529	-12.72
877.693	4.81
877.856	233.42
878.02	17.25
878.183	18.81
878.346	623.38
878.51	0
878.673	-112.23
878.836	166.56
878.999	-2167.74
879.163	171.43
879.326	-70.59
879.489	189.65
879.652	68.14
879.815	15.67
879.978	107.76
880.142	410.74
880.305	193.79
880.468	-98.31
880.631	15.92
880.794	-15.62
880.957	87.8
881.12	1411.76
881.283	43.05
881.446	94.33
881.609	51.8
881.772	128.99
881.935	1058.82
882.097	119.69
882.26	-135.85
882.423	-12.06
882.586	-44.28
882.749	202.92
882.912	-125.15
883.074	52.42
883.237	119.74
883.4	70.03
883.562	90.04
883.725	-153.6
883.888	9.45
884.05	-480
884.213	136.97
884.376	10.79
884.538	59.69
884.701	59.69
884.863	59.69
