181.954	162.75
182.172	162.75
182.39	162.75
182.608	600
182.826	-85.71
183.043	-17.87
183.261	-21.25
183.479	107.33
183.697	458.82
183.914	17
184.132	137.97
184.35	-2.69
184.567	130.14
184.785	-376.99
185.003	140.36
185.22	33.48
185.438	-1.15
185.656	-33.17
185.873	-304.62
186.091	47.88
186.309	1055.17
186.526	13.57
186.744	31.58
186.961	-99.77
187.179	99.53
187.396	83.75
187.614	544.62
187.831	5880
188.049	136.2
188.266	20.63
188.484	-8.96
188.701	99.03
188.919	95.17
189.136	34.41
189.354	201.54
189.571	2.84
189.789	99.78
190.006	-28.11
190.223	-126.49
190.441	95.3
190.658	-7285.71
190.876	48.03
191.093	-72.53
191.31	-17.62
191.528	18.27
191.745	-15.63
191.962	47.34
192.179	68.85
192.397	-167.61
192.614	156.42
192.831	-75.17
193.049	23.77
193.266	401.94
193.483	119.65
193.7	-267.69
193.917	143.69
194.135	358.27
194.352	-136.68
194.569	32.13
194.786	89.42
195.003	26.7
195.221	61.16
195.438	-14.84
195.655	238.19
195.872	-54.92
196.089	72.5
196.306	16.42
196.523	163.64
196.74	168.98
196.957	35.21
197.174	-15.23
197.391	81.02
197.608	60.15
197.825	-638.71
198.042	-33.28
198.259	-931.03
198.476	71.12
198.693	7320
198.91	64.38
199.127	-385.07
199.344	-85.02
199.561	253.18
199.778	10.06
199.995	223.88
200.212	1303.45
200.429	139.34
200.646	-189.87
200.862	964.04
201.079	40.12
201.296	536.42
201.513	-75.73
201.73	-77.49
201.947	105.71
202.163	-10.82
202.38	24.28
202.597	48.13
202.814	91.53
203.03	7560
203.247	-15.08
203.464	-65.39
203.681	194.81
203.897	115.57
204.114	101.89
204.331	65.55
204.547	-1074.42
204.764	159.05
204.981	-105.88
205.197	252.77
205.414	150.8
205.63	724.14
205.847	69.35
206.064	927.27
206.28	4.9
206.497	-19.35
206.713	159.92
206.93	-6.51
207.146	116.63
207.363	286.15
207.579	-850.55
207.796	-111.5
208.012	-106.85
208.229	-80.6
208.445	-34.33
208.662	35.29
208.878	99.78
209.095	317.65
209.311	-36.51
209.528	9857.14
209.744	-104.25
209.96	-123.18
210.177	64.08
210.393	30.7
210.609	7560
210.826	-268.71
211.042	495.65
211.258	1298.51
211.475	-240.64
211.691	-29.46
211.907	448.1
212.124	88.93
212.34	65.14
212.556	1.41
212.772	-705.49
212.989	-202.65
213.205	-55.35
213.421	-244.22
213.637	-152.24
213.853	156.42
214.069	-1863.16
214.286	33.24
214.502	-671.64
214.718	-69.59
214.934	222.66
215.15	76.72
215.366	115.68
215.582	19.08
215.798	41.78
216.015	14.58
216.231	29.19
216.447	57.82
216.663	10.42
216.879	75.38
217.095	253.69
217.311	101.89
217.527	52.12
217.743	-355.34
217.959	-939.62
218.175	-88.34
218.391	168.35
218.606	-72
218.822	-5.22
219.038	105.88
219.254	66.95
219.47	-102.73
219.686	680.9
219.902	53.19
220.118	-0.84
220.334	-44
220.549	137.64
220.765	155.45
220.981	-21.97
221.197	-2.01
221.413	-745.05
221.628	-129.11
221.844	169.81
222.06	262.14
222.276	95.71
222.491	-1.05
222.707	171.15
222.923	197.32
223.139	86.8
223.354	84.86
223.57	61.42
223.786	7
224.001	-48.65
224.217	106.71
224.432	169.94
224.648	73.87
224.864	122.89
225.079	707.46
225.295	-99.75
225.51	-113.51
225.726	-9.26
225.942	62.07
226.157	50.23
226.373	-109.79
226.588	31.58
226.804	-2557.89
227.019	9.05
227.235	-31
227.45	27.24
227.665	11160
227.881	-99.21
228.096	109.57
228.312	-102.73
228.527	31.48
228.743	-291.43
228.958	-145.19
229.173	-120
229.389	-51.99
229.604	5.15
229.819	8.17
230.035	36.04
230.25	-15.74
230.465	-191.49
230.681	1.95
230.896	72.9
231.111	65.12
231.327	33.43
231.542	2280
231.757	127.14
231.972	150.53
232.187	-176.17
232.403	-2494.74
232.618	67.12
232.833	44.22
233.048	-381.82
233.263	60.8
233.478	-88.7
233.694	1046.51
233.909	212.9
234.124	51.37
234.339	-22.31
234.554	144.83
234.769	-79.89
234.984	83.41
235.199	82.39
235.414	100.88
235.629	-615.19
235.844	-5.37
236.059	108.29
236.274	45.32
236.489	-28.21
236.704	-1.23
236.919	138.19
237.134	52.96
237.349	72.14
237.564	90.75
237.779	1.58
237.994	145.53
238.209	90.33
238.424	-253.99
238.639	-53.19
238.853	-22.9
239.068	-67.07
239.283	-45.32
239.498	213.72
239.713	-11.66
239.928	0.59
240.142	-123.44
240.357	14.71
240.572	45.63
240.787	106.27
241.001	48.51
241.216	47.83
241.431	224.2
241.646	60.27
241.86	-142.6
242.075	-1102.33
242.29	18.25
242.504	-0.74
242.719	78.26
242.934	-354.33
243.148	58.77
243.363	91.57
243.577	47.19
243.792	89.88
244.007	-28.4
244.221	-70.13
244.436	-277.61
244.65	11.04
244.865	196.21
245.079	-2.69
245.294	-4.32
245.508	140.31
245.723	32.11
245.937	-46.15
246.152	-75.15
246.366	173.93
246.581	-3.22
246.795	202.45
247.01	-1.58
247.224	35.39
247.438	-51.99
247.653	23.68
247.867	8.45
248.081	94.87
248.296	-14.63
248.51	12.09
248.724	75.1
248.939	-241.79
249.153	252.24
249.367	-35.86
249.582	1.63
249.796	-459.74
250.01	-313.91
250.224	41.68
250.439	-18.59
250.653	9.12
250.867	46.31
251.081	8.53
251.295	0.93
251.51	33.19
251.724	-4.32
251.938	60.22
252.152	240.88
252.366	71.19
252.58	316.36
252.794	73.88
253.008	19.87
253.223	-118.4
253.437	-9.4
253.651	56.58
253.865	118.16
254.079	-8.03
254.293	58.92
254.507	163.64
254.721	-72.95
254.935	257.14
255.149	123.04
255.363	46.94
255.577	-28.19
255.791	95.59
256.005	69.94
256.218	-9.9
256.432	26.09
256.646	-15.44
256.86	-25.35
257.074	65.61
257.288	-2520
257.502	-217.58
257.716	-5.04
257.929	56.19
258.143	3.38
258.357	19.08
258.571	90.77
258.785	-19.35
258.998	-25.67
259.212	118.44
259.426	-131.84
259.64	116.96
259.853	31.97
260.067	192.51
260.281	-7.85
260.494	41.93
260.708	398.02
260.922	97.33
261.135	29.87
261.349	-13.11
261.563	93.98
261.776	2505.88
261.99	68.3
262.203	18.98
262.417	-10.6
262.63	144.41
262.844	815.73
263.058	233.9
263.271	4.09
263.485	-7.67
263.698	149.81
263.912	-120
264.125	-34.11
264.339	-61.42
264.552	175.83
264.765	-46.96
264.979	171.16
265.192	106.27
265.406	42.76
265.619	33.44
265.832	90.69
266.046	-10.09
266.259	-50.85
266.473	-1567.74
266.686	110.12
266.899	-23.23
267.113	1080
267.326	-2.12
267.539	0.99
267.752	27.35
267.966	104.74
268.179	135.06
268.392	104.03
268.605	259.84
268.819	102.75
269.032	31.28
269.245	175.38
269.458	148.34
269.671	311.39
269.885	70.51
270.098	-56.02
270.311	159.49
270.524	83.36
270.737	4.6
270.95	-107.28
271.163	-146.46
271.376	-600
271.589	-356.96
271.802	59.91
272.016	-60.59
272.229	67.51
272.442	-138.46
272.655	164.58
272.868	-92.01
273.081	141.57
273.294	21.65
273.506	57.24
273.719	38.08
273.932	-0.99
274.145	-3000
274.358	-7.92
274.571	93.78
274.784	984.91
274.997	63.96
275.21	-63.73
275.423	-95.22
275.635	-81.41
275.848	101.68
276.061	-99.34
276.274	-23.02
276.487	-203.48
276.699	90.82
276.912	35.29
277.125	181.28
277.338	78.81
277.55	28.79
277.763	-56.39
277.976	107.01
278.189	573.63
278.401	24.73
278.614	340.8
278.827	82.29
279.039	59.15
279.252	-88.82
279.464	-176.47
279.677	45.56
279.89	2.25
280.102	-479.4
280.315	336.59
280.527	-3505.26
280.74	-972.41
280.952	1.45
281.165	9.55
281.377	26.39
281.59	-107.21
281.802	117.2
282.015	-88.19
282.227	109.2
282.44	600
282.652	842.7
282.865	116.59
283.077	137.35
283.29	88.55
283.502	66.84
283.714	-54.03
283.927	128.91
284.139	-172.53
284.351	38.36
284.564	67.38
284.776	-1.7
284.988	-120.85
285.201	779.1
285.413	48.03
285.625	113.51
285.838	-0.92
286.05	76.39
286.262	-28.78
286.474	110.57
286.686	-34.91
286.899	-314.8
287.111	37.31
287.323	36.23
287.535	374.26
287.747	68.3
287.959	-64.06
288.172	796.36
288.384	4.51
288.596	-99.77
288.808	328.3
289.02	-11.32
289.232	64.02
289.444	-58.66
289.656	-25.41
289.868	24.62
290.08	-195.09
290.292	-12.77
290.504	29.24
290.716	24.38
290.928	112.22
291.14	879.07
291.352	-26.7
291.564	-600
291.776	94.87
291.988	-114.11
292.2	-196.21
292.412	100.54
292.624	-21.64
292.835	116.42
293.047	-82.18
293.259	137.3
293.471	24.43
293.683	73.17
293.895	22.07
294.106	-82.12
294.318	-16.8
294.53	53.78
294.742	1468.97
294.953	2.21
295.165	91.5
295.377	54.95
295.589	38.88
295.8	-1.23
296.012	97.86
296.224	-91.6
296.435	27.66
296.647	55.35
296.858	220.14
297.07	950.77
297.282	-83.75
297.493	57.91
297.705	-85.71
297.916	67.43
298.128	-21.25
298.34	-70.3
298.551	51.49
298.763	76.46
298.974	80.82
299.186	13.38
299.397	-61.22
299.609	-19.35
299.82	74.82
300.031	29.77
300.243	31.58
300.454	77.3
300.666	14.27
300.877	76.78
301.089	176.17
301.3	76.03
301.511	40.41
301.723	-81.15
301.934	420.9
302.145	88.82
302.357	130.88
302.568	244.8
302.779	-6.5
302.99	-131.84
303.202	73.17
303.413	-55.19
303.624	-6.1
303.835	79.25
304.047	-109.31
304.258	23.86
304.469	26.23
304.68	60.12
304.891	-91.8
305.103	34.75
305.314	109.02
305.525	3342.86
305.736	137.01
305.947	47.53
306.158	2576.47
306.369	69.86
306.58	20.36
306.791	218.36
307.002	72.17
307.213	-48.14
307.424	239.58
307.636	-24.52
307.846	-1.88
308.057	145.63
308.268	-35.18
308.479	-25.87
308.69	-43.74
308.901	87.91
309.112	41.86
309.323	25.28
309.534	57.92
309.745	-51.23
309.956	-66.29
310.167	-51.43
310.377	180.46
310.588	-43.18
310.799	177.33
311.01	-56.04
311.221	71.24
311.432	55.36
311.642	84.63
311.853	-33.25
312.064	558.62
312.275	122.68
312.485	41.93
312.696	16.19
312.907	-75.38
313.117	39.27
313.328	1.5
313.539	19.95
313.749	19.35
313.96	-98.9
314.171	84.95
314.381	40.89
314.592	5.04
314.802	26.36
315.013	-21.25
315.224	20.65
315.434	-2494.74
315.645	-12600
315.855	31.06
316.066	114.61
316.276	129.33
316.487	73.17
316.697	10.48
316.908	43.74
317.118	19.94
317.329	94.31
317.539	37.4
317.749	285.84
317.96	-689.55
318.17	34.99
318.381	112.09
318.591	-164.84
318.801	44.28
319.012	-281.98
319.222	-87.38
319.432	-19.35
319.643	15.74
319.853	56.5
320.063	25.94
320.273	43.86
320.484	-59.34
320.694	149.39
320.904	197.29
321.114	397.75
321.325	1634.48
321.535	-127.96
321.745	-150.29
321.955	46.4
322.165	-208.46
322.375	45.76
322.585	231.9
322.796	310.34
323.006	76.06
323.216	201.69
323.426	31.27
323.636	71.77
323.846	1924.14
324.056	63.44
324.266	33.81
324.476	-18.48
324.686	42.16
324.896	51.15
325.106	916.98
325.316	71.32
325.526	-536.84
325.736	35.83
325.946	-6.87
326.156	350.65
326.366	-641.74
326.576	11.81
326.785	93.47
326.995	42.49
327.205	-117.59
327.415	311.19
327.625	39.42
327.835	-20.36
328.044	75.38
328.254	328.7
328.464	218.37
328.674	129.05
328.884	-427.34
329.093	-182.89
329.303	75.55
329.513	190.06
329.722	347.37
329.932	1.07
330.142	164.92
330.351	-44.25
330.561	447.27
330.771	-210.33
330.98	-40.87
331.19	249.23
331.4	-167.49
331.609	30.03
331.819	1770.73
332.028	-291.43
332.238	189.15
332.447	27.66
332.657	33.79
332.866	48.86
333.076	3.1
333.285	-21.5
333.495	522.58
333.704	-223.32
333.914	48.34
334.123	119.56
334.333	618.46
334.542	-60.49
334.752	618.46
334.961	-305.66
335.17	-57.29
335.38	40.87
335.589	53.98
335.798	119.51
336.008	349.45
336.217	-38.3
336.426	51.43
336.636	-104.68
336.845	25.35
337.054	615.58
337.263	86
337.473	8.1
337.682	-25.41
337.891	22.07
338.1	151.08
338.309	57.65
338.519	80.64
338.728	-21.45
338.937	-316.54
339.146	263.31
339.355	33.96
339.564	221.05
339.773	33.17
339.983	-1.7
340.192	-495.65
340.401	80.11
340.61	54.55
340.819	133.44
341.028	-45.25
341.237	2011.76
341.446	16.82
341.655	-13.4
341.864	-110.9
342.073	21.87
342.282	-30.36
342.491	20.84
342.699	-308.74
342.908	194.81
343.117	49.08
343.326	-114.17
343.535	-32.73
343.744	-18.27
343.953	24
344.162	-2.85
344.37	-18.22
344.579	-277.61
344.788	53.71
344.997	120
345.206	25.41
345.414	39.25
345.623	68.63
345.832	139.11
346.041	289.34
346.249	45.38
346.458	53.32
346.667	-16.22
346.875	68.12
347.084	26.4
347.293	130.89
347.501	162.09
347.71	-28.43
347.918	-81.92
348.127	-270.33
348.336	-107.28
348.544	67.76
348.753	-617.91
348.961	22.54
349.17	-11.58
349.378	146.53
349.587	-105.71
349.795	-366.99
350.004	323.08
350.212	53.04
350.421	-79.65
350.629	-23.56
350.838	30.67
351.046	124.19
351.254	28.68
351.463	0.92
351.671	-3252.63
351.879	-15.9
352.088	63.21
352.296	600
352.504	139.73
352.713	-70.45
352.921	-222.05
353.129	-23.41
353.338	-110.2
353.546	-25.97
353.754	136.2
353.962	-11.07
354.171	-51.55
354.379	347.37
354.587	6.29
354.795	80.13
355.003	-54.2
355.212	-96.07
355.42	600
355.628	27.47
355.836	168.81
356.044	58.51
356.252	17.46
356.46	0.93
356.668	950.77
356.876	14.94
357.084	112.67
357.292	-19.97
357.5	7.51
357.708	36.02
357.916	37.6
358.124	29.74
358.332	188.06
358.54	-534.55
358.748	179.22
358.956	60.91
359.164	34.65
359.372	135.71
359.58	-220.14
359.788	24.11
359.996	10.74
360.203	7.43
360.411	21.47
360.619	-503.52
360.827	67.47
361.035	-327.61
361.242	100.29
361.45	-341.77
361.658	88.15
361.866	88.6
362.073	-125.09
362.281	73.22
362.489	-42.58
362.697	-148.97
362.904	5.44
363.112	136.57
363.32	-2.7
363.527	286.96
363.735	-284.94
363.943	-17.53
364.15	57.24
364.358	58.92
364.565	14.25
364.773	107.01
364.98	-95.41
365.188	50.54
365.395	58.06
365.603	258.31
365.81	-0.66
366.018	-30.05
366.225	74.9
366.433	108.68
366.64	120
366.848	46.97
367.055	-9.4
367.263	63.53
367.47	72.71
367.677	281.01
367.885	3.99
368.092	38.99
368.299	-11.83
368.507	103.06
368.714	398.23
368.921	4.72
369.129	56.22
369.336	-19.97
369.543	-16.85
369.751	-24.77
369.958	-217.94
370.165	98.44
370.372	-51.88
370.579	72.12
370.787	29.29
370.994	112.13
371.201	-1.63
371.408	59.58
371.615	-27.06
371.822	28.7
372.029	18.31
372.237	-360
372.444	-197.84
372.651	-31.99
372.858	167.16
373.065	49.65
373.272	75.19
373.479	-1262.07
373.686	-82.46
373.893	-145.63
374.1	117.7
374.307	-556.83
374.514	60.73
374.721	-48.09
374.928	272.73
375.135	-36.02
375.341	600
375.548	-32.24
375.755	-131.2
375.962	43.83
376.169	-9.84
376.376	17
376.583	-38.58
376.789	47.05
376.996	-50.49
377.203	-34.87
377.41	-89.75
377.617	32.73
377.823	150.8
378.03	-600
378.237	6.16
378.443	78.86
378.65	-169.81
378.857	64.21
379.063	-402.53
379.27	276.52
379.477	83.38
379.683	-89.92
379.89	-4.45
380.097	97.46
380.303	45.96
380.51	46.72
380.716	56.05
380.923	33.07
381.129	-4.42
381.336	-392.13
381.542	24.27
381.749	28.04
381.955	59.2
382.162	109.42
382.368	47.95
382.575	7.36
382.781	1179.31
382.988	-8.03
383.194	-33.3
383.4	-35.49
383.607	80.52
383.813	68.63
384.02	-44.2
384.226	-77.12
384.432	-42.78
384.639	56.52
384.845	-721.52
385.051	29.81
385.257	-47.31
385.464	38.55
385.67	96.77
385.876	66.09
386.082	-54.92
386.289	-37.54
386.495	8.02
386.701	-130.94
386.907	-96.68
387.113	58.24
387.319	56.95
387.526	1.95
387.732	-146.46
387.938	446.4
388.144	339.13
388.35	4.34
388.556	94.55
388.762	7.79
388.968	600
389.174	-30.79
389.38	149.03
389.586	-3.93
389.792	22.9
389.998	-27.21
390.204	-71.72
390.41	57.17
390.616	48.22
390.822	-32.52
391.028	-6.83
391.234	38.51
391.439	-378.64
391.645	15.56
391.851	51.91
392.057	-76.86
392.263	34.1
392.469	34
392.674	2.76
392.88	2.28
393.086	61.08
393.292	16.45
393.498	-60.49
393.703	18.39
393.909	57.96
394.115	45.23
394.32	5.26
394.526	-8.28
394.732	32.64
394.937	-12.13
395.143	-75.3
395.349	-14.25
395.554	-401.01
395.76	47.54
395.965	-23.28
396.171	41.93
396.377	24.66
396.582	43.51
396.788	-31.77
396.993	54.68
397.199	-23.48
397.404	6.61
397.61	-36.8
397.815	-37.36
398.021	15.43
398.226	-41.41
398.431	13.76
398.637	32.45
398.842	7.88
399.048	46.21
399.253	12.54
399.458	26.42
399.664	-36.86
399.869	20.84
400.074	16.91
400.28	4.76
400.485	-37.96
400.69	45.56
400.896	-25.88
401.101	-8.64
401.306	6.36
401.511	28.7
401.716	18.02
401.922	-31.21
402.127	-7.82
402.332	5.33
402.537	26.76
402.742	2.53
402.947	17.97
403.153	-18.26
403.358	8.09
403.563	-6.26
403.768	22.24
403.973	12.2
404.178	-8.23
404.383	-11.25
404.588	7.1
404.793	11.67
404.998	10.06
405.203	15.18
405.408	16.83
405.613	17.86
405.818	12.4
406.023	10.86
406.228	-3.6
406.433	-3.37
406.638	7.76
406.842	5.23
407.047	9.09
407.252	6.22
407.457	14.85
407.662	11.98
407.867	8.52
408.071	15.23
408.276	8.65
408.481	11.8
408.686	7.25
408.891	9.71
409.095	14.17
409.3	7.64
409.505	11.33
409.709	8.14
409.914	4.41
410.119	6.61
410.323	5.82
410.528	-4.18
410.733	11.91
410.937	7.04
411.142	8.93
411.346	2.1
411.551	6.12
411.756	5.86
411.96	3.98
412.165	-1.98
412.369	3.72
412.574	4.9
412.778	1.4
412.983	6.02
413.187	4.81
413.392	-0.86
413.596	6.67
413.8	6.15
414.005	7.18
414.209	1.33
414.414	1.55
414.618	6.04
414.822	4.57
415.027	4.78
415.231	6.16
415.435	5.35
415.64	3.57
415.844	5.67
416.048	4.14
416.252	5.06
416.457	4.03
416.661	2.71
416.865	4.65
417.069	1.42
417.274	3.55
417.478	2.59
417.682	3.21
417.886	2.85
418.09	4.65
418.294	6.14
418.498	4.92
418.702	5.01
418.907	3.17
419.111	3.7
419.315	4.06
419.519	4.8
419.723	1.99
419.927	4.46
420.131	4.66
420.335	2.43
420.539	1.72
420.743	6.11
420.947	2.56
421.151	3.39
421.355	3.56
421.558	2.71
421.762	4.67
421.966	4.17
422.17	4.67
422.374	4.36
422.578	3.84
422.782	3.72
422.985	2.77
423.189	4.39
423.393	2.98
423.597	4.68
423.801	4.05
424.004	3.71
424.208	2.89
424.412	2.66
424.615	3.68
424.819	4.16
425.023	3.66
425.226	3.71
425.43	4.03
425.634	3.78
425.837	2.6
426.041	3.78
426.245	3.17
426.448	3.04
426.652	4.33
426.855	2.54
427.059	2.89
427.262	3.25
427.466	2.84
427.669	3.05
427.873	3.37
428.076	3.6
428.28	4.02
428.483	2.62
428.687	3.28
428.89	3.57
429.094	2.59
429.297	2.72
429.5	3.21
429.704	3.14
429.907	3.45
430.11	3.39
430.314	3.11
430.517	3.3
430.72	3.62
430.924	3.09
431.127	3.88
431.33	3.13
431.533	3.38
431.737	3.02
431.94	2.54
432.143	3.43
432.346	3.2
432.549	2.43
432.752	2.91
432.956	3.67
433.159	2.52
433.362	2.99
433.565	2.95
433.768	3.41
433.971	2.51
434.174	3.36
434.377	3.13
434.58	3.7
434.783	3.04
434.986	3.16
435.189	3.45
435.392	2.58
435.595	3.06
435.798	3.38
436.001	2.9
436.204	2.69
436.407	2.6
436.61	3.15
436.813	3.3
437.016	3.11
437.219	3.15
437.421	3.36
437.624	2.87
437.827	2.74
438.03	3.11
438.233	2.94
438.435	2.69
438.638	2.9
438.841	2.98
439.044	2.77
439.246	2.88
439.449	2.8
439.652	2.88
439.854	2.9
440.057	2.87
440.26	2.86
440.462	2.99
440.665	2.33
440.868	3.34
441.07	2.99
441.273	2.81
441.475	2.62
441.678	2.65
441.88	2.81
442.083	2.47
442.286	3
442.488	2.74
442.69	2.99
442.893	2.91
443.095	2.77
443.298	2.65
443.5	2.9
443.703	3.22
443.905	2.98
444.108	2.66
444.31	2.83
444.512	2.78
444.715	2.96
444.917	2.7
445.119	3.01
445.322	2.74
445.524	3.2
445.726	3.1
445.928	2.78
446.131	3.35
446.333	2.89
446.535	3.17
446.737	2.85
446.94	3.32
447.142	3.28
447.344	3.14
447.546	3.23
447.748	3.11
447.95	3.02
448.152	3.59
448.354	3.36
448.557	3.5
448.759	3.69
448.961	2.98
449.163	3.43
449.365	3.66
449.567	3.81
449.769	3.4
449.971	3.36
450.173	3.74
450.375	3.67
450.577	3.75
450.779	3.71
450.981	3.66
451.182	3.69
451.384	3.83
451.586	4.25
451.788	3.96
451.99	3.92
452.192	3.5
452.394	3.74
452.595	4.48
452.797	3.63
452.999	4.24
453.201	3.77
453.402	4.21
453.604	3.98
453.806	3.91
454.008	4.05
454.209	4.26
454.411	4.36
454.613	4.24
454.814	4.34
455.016	4.38
455.218	4.33
455.419	4.92
455.621	4.47
455.822	4.24
456.024	4.43
456.225	4.59
456.427	4.82
456.629	4.07
456.83	5
457.032	4.6
457.233	4.53
457.435	4.23
457.636	4.59
457.837	4.99
458.039	5
458.24	4.63
458.442	4.46
458.643	4.31
458.844	5.23
459.046	4.69
459.247	4.64
459.448	4.94
459.65	4.32
459.851	5.07
460.052	4.64
460.254	5.17
460.455	5.38
460.656	5.76
460.857	5.25
461.059	4.67
461.26	4.68
461.461	4.84
461.662	5.42
461.863	5.13
462.065	5.48
462.266	5.38
462.467	4.33
462.668	4.81
462.869	5.84
463.07	5.37
463.271	5.56
463.472	5.12
463.673	5.26
463.874	6
464.075	6.04
464.276	4.43
464.477	5.19
464.678	5.93
464.879	5.03
465.08	5.13
465.281	5.84
465.482	5.02
465.683	4.2
465.884	5.58
466.085	4.84
466.285	5.47
466.486	5.94
466.687	5.84
466.888	5.66
467.089	6.76
467.29	4.4
467.49	5.11
467.691	5.08
467.892	5.24
468.093	4.34
468.293	5.47
468.494	6.27
468.695	4.56
468.895	5.28
469.096	5.31
469.297	4.87
469.497	5.49
469.698	5.44
469.898	4.87
470.099	5.8
470.3	6.43
470.5	5.33
470.701	6.08
470.901	5.75
471.102	6.55
471.302	5.42
471.503	6.77
471.703	7.42
471.904	5.66
472.104	5.67
472.305	5.22
472.505	5.49
472.705	5.75
472.906	5.35
473.106	6.27
473.306	4.3
473.507	5.84
473.707	5.73
473.907	4.68
474.108	4.32
474.308	6.26
474.508	5.71
474.709	7.34
474.909	5.52
475.109	3.99
475.309	4.87
475.51	4.35
475.71	6.46
475.91	6.68
476.11	4.78
476.31	4.06
476.51	6.63
476.71	5.25
476.911	5.99
477.111	4.19
477.311	3.44
477.511	4.02
477.711	5.43
477.911	5.46
478.111	6.11
478.311	5.7
478.511	5.41
478.711	6.21
478.911	5.78
479.111	5.59
479.311	5.32
479.511	6.87
479.711	4.4
479.91	2.96
480.11	6.49
480.31	5.52
480.51	7.1
480.71	4.13
480.91	5.83
481.109	6.65
481.309	4.93
481.509	4.88
481.709	6.47
481.909	6.41
482.108	3.99
482.308	6.25
482.508	6.06
482.707	6.69
482.907	4.92
483.107	4.3
483.306	7.06
483.506	6.41
483.706	4.54
483.905	4.8
484.105	6.99
484.304	6.06
484.504	4.6
484.704	6.16
484.903	6.28
485.103	5.79
485.302	6.23
485.502	5.58
485.701	4.88
485.901	4.87
486.1	5.98
486.299	6.51
486.499	5.04
486.698	6.85
486.898	4.64
487.097	5.14
487.296	4.06
487.496	5.57
487.695	3.66
487.894	4.24
488.094	5.15
488.293	5.8
488.492	5.31
488.692	4.72
488.891	5.67
489.09	5.23
489.289	4.64
489.489	5.78
489.688	5.29
489.887	4.25
490.086	6.11
490.285	5.75
490.484	5.44
490.683	6.4
490.883	7.55
491.082	5.2
491.281	4.66
491.48	4.58
491.679	5.43
491.878	7.09
492.077	6.7
492.276	6.07
492.475	5.23
492.674	5.07
492.873	5.99
493.072	4.9
493.271	5.42
493.47	3.9
493.669	5.18
493.867	5.16
494.066	5.18
494.265	5.29
494.464	6.32
494.663	5.03
494.862	5.46
495.06	5.68
495.259	4.81
495.458	5.67
495.657	4.83
495.856	5.44
496.054	6.12
496.253	5.29
496.452	5.47
496.65	5.8
496.849	6.03
497.048	5.08
497.246	5.55
497.445	5.62
497.644	5.78
497.842	6.28
498.041	5.69
498.239	5.73
498.438	5.66
498.636	6.12
498.835	5.95
499.034	5.88
499.232	5.92
499.431	6.39
499.629	5.83
499.827	6.39
500.026	5.03
500.224	5.99
500.423	5.2
500.621	5.22
500.82	6.06
501.018	6.87
501.216	6.47
501.415	6.86
501.613	6.28
501.811	6.11
502.01	6.6
502.208	5.92
502.406	6.49
502.604	6.81
502.803	6.12
503.001	7.27
503.199	6.36
503.397	7.12
503.595	5.98
503.794	6.82
503.992	5.92
504.19	5.85
504.388	6.77
504.586	6.66
504.784	6.57
504.982	6.24
505.18	6.38
505.378	6.52
505.576	6.72
505.774	7.03
505.972	6.97
506.17	7.77
506.368	7.6
506.566	6.72
506.764	6.81
506.962	7.52
507.16	6.83
507.358	6.94
507.556	7.86
507.754	7.78
507.952	7.27
508.15	7.61
508.347	7.45
508.545	7.8
508.743	7.36
508.941	7.02
509.139	7.68
509.336	7.8
509.534	8.38
509.732	7.92
509.93	6.97
510.127	7.96
510.325	7.77
510.523	7.15
510.72	7.92
510.918	8.43
511.116	8.95
511.313	7.34
511.511	7.67
511.708	8.26
511.906	8.85
512.104	8.65
512.301	8.39
512.499	8.72
512.696	8.32
512.894	8.46
513.091	9.17
513.289	8.49
513.486	8.58
513.683	8.65
513.881	8.57
514.078	9.15
514.276	8.9
514.473	8.64
514.67	8.87
514.868	9.29
515.065	8.88
515.262	9.11
515.46	8.3
515.657	9.47
515.854	9.16
516.052	9.29
516.249	9.9
516.446	9.57
516.643	9.63
516.84	9.63
517.038	9.43
517.235	9.4
517.432	9.36
517.629	10.09
517.826	9.56
518.023	9.66
518.221	10.07
518.418	10.29
518.615	9.84
518.812	9.66
519.009	10.14
519.206	10.59
519.403	10.43
519.6	9.74
519.797	9.95
519.994	9.94
520.191	10.26
520.388	10.91
520.585	10.38
520.782	10.38
520.978	9.74
521.175	11.28
521.372	10.83
521.569	10.87
521.766	9.89
521.963	10.15
522.159	10.63
522.356	10.37
522.553	10.96
522.75	10.68
522.947	10.94
523.143	10.92
523.34	11.3
523.537	10.77
523.733	10.92
523.93	10.57
524.127	11.27
524.323	10.87
524.52	10.92
524.717	10.81
524.913	11.17
525.11	11.05
525.306	11.42
525.503	11.18
525.7	11.56
525.896	11.23
526.093	11.6
526.289	11.8
526.486	11.23
526.682	10.96
526.878	11.41
527.075	11.77
527.271	11.55
527.468	12.04
527.664	11.8
527.861	11.77
528.057	10.87
528.253	11.94
528.45	11.98
528.646	11.92
528.842	11.98
529.039	11.1
529.235	11.93
529.431	12.04
529.627	11.64
529.824	12.09
530.02	12.08
530.216	12.2
530.412	12.33
530.608	12.09
530.804	12.59
531.001	12.09
531.197	12.21
531.393	11.88
531.589	12.09
531.785	12.68
531.981	11.96
532.177	12.72
532.373	12.24
532.569	12.34
532.765	11.67
532.961	12.11
533.157	12.15
533.353	12.63
533.549	12.2
533.745	12.6
533.941	12.65
534.137	13.03
534.333	12.41
534.529	12.63
534.725	12.44
534.92	12.95
535.116	12.7
535.312	12.34
535.508	12.53
535.704	12.82
535.899	12.11
536.095	12.77
536.291	12.74
536.487	12.21
536.682	12.62
536.878	12.67
537.074	12.86
537.269	12.88
537.465	12.54
537.661	12.45
537.856	12.49
538.052	12.94
538.248	12.95
538.443	13.04
538.639	13.41
538.834	12.59
539.03	12.91
539.225	12.91
539.421	12.6
539.616	12.84
539.812	12.98
540.007	12.95
540.203	12.68
540.398	12.93
540.593	13.02
540.789	13.11
540.984	13.09
541.18	13.25
541.375	12.78
541.57	13.41
541.766	13.24
541.961	13.12
542.156	13.39
542.352	13.44
542.547	13.05
542.742	12.95
542.937	13.51
543.133	13.55
543.328	13.1
543.523	13.45
543.718	13.39
543.913	13.59
544.108	13.03
544.304	13.04
544.499	13.7
544.694	13.42
544.889	13.72
545.084	13.93
545.279	13.7
545.474	12.96
545.669	13.18
545.864	13.3
546.059	13.84
546.254	13.1
546.449	13.71
546.644	13.34
546.839	13.82
547.034	13.68
547.229	13.66
547.424	13.61
547.618	14.07
547.813	13.29
548.008	13.49
548.203	13.13
548.398	13.35
548.593	13.87
548.787	14.22
548.982	13.74
549.177	14.01
549.372	13.74
549.566	13.73
549.761	13.96
549.956	13.39
550.15	13.37
550.345	14.26
550.54	13.89
550.734	13.65
550.929	13.77
551.124	13.9
551.318	14.03
551.513	13.54
551.707	14.48
551.902	13.96
552.096	14.27
552.291	14.6
552.485	14.2
552.68	14.22
552.874	13.99
553.069	14.27
553.263	14.31
553.458	14.18
553.652	14.18
553.847	13.87
554.041	14.17
554.235	14.04
554.43	14.07
554.624	14
554.818	13.71
555.013	14.04
555.207	14.08
555.401	14.41
555.595	14.63
555.79	13.72
555.984	14.62
556.178	14.04
556.372	14.19
556.566	14.48
556.761	14.51
556.955	14.43
557.149	14.46
557.343	14.33
557.537	14.46
557.731	14.05
557.925	14.5
558.119	14.37
558.313	13.97
558.507	14.4
558.701	14.41
558.895	14.45
559.089	14.38
559.283	14.61
559.477	14.35
559.671	14.59
559.865	13.84
560.059	14.41
560.253	14.51
560.447	14.42
560.641	14.33
560.835	14.34
561.028	14.83
561.222	14.61
561.416	14.04
561.61	14.4
561.804	14.46
561.997	14.63
562.191	14.62
562.385	14.68
562.579	14.35
562.772	14.73
562.966	14.33
563.16	14.18
563.353	14.6
563.547	14.32
563.741	14.64
563.934	14.78
564.128	14.38
564.321	14.43
564.515	14.48
564.708	14.16
564.902	14.64
565.095	14.65
565.289	14.46
565.482	14.88
565.676	14.51
565.869	14.46
566.063	14.61
566.256	14.41
566.45	14.56
566.643	14.64
566.836	13.77
567.03	14.26
567.223	14.27
567.416	14.98
567.61	14.84
567.803	15.03
567.996	14.31
568.19	14.05
568.383	14.51
568.576	14.42
568.769	14.44
568.963	14.03
569.156	14.61
569.349	14.32
569.542	14.8
569.735	14.58
569.928	14.17
570.121	14.49
570.315	14.53
570.508	14.3
570.701	14.39
570.894	14.64
571.087	14.44
571.28	14.68
571.473	14.47
571.666	14.3
571.859	14.17
572.052	14.04
572.245	14.62
572.438	14.09
572.631	14.38
572.824	14.21
573.016	14.61
573.209	14.29
573.402	14.59
573.595	14.29
573.788	14.24
573.981	14.67
574.173	14.29
574.366	13.96
574.559	14.17
574.752	13.8
574.944	14.01
575.137	14.39
575.33	14.52
575.523	14.51
575.715	13.97
575.908	13.91
576.101	14.12
576.293	14.03
576.486	14.57
576.678	13.95
576.871	13.84
577.063	14.02
577.256	14.38
577.449	14.15
577.641	14.39
577.834	14.1
578.026	14.01
578.219	13.84
578.411	13.99
578.603	14.41
578.796	14.41
578.988	13.85
579.181	13.59
579.373	14.4
579.565	14.27
579.758	14.07
579.95	13.63
580.142	13.91
580.335	13.85
580.527	14.02
580.719	13.99
580.912	14.05
581.104	14.41
581.296	14.24
581.488	14.06
581.68	14.21
581.873	14
582.065	14.07
582.257	13.97
582.449	14.23
582.641	13.92
582.833	13.87
583.025	14.01
583.217	13.99
583.41	13.91
583.602	14.34
583.794	14.01
583.986	13.93
584.178	13.97
584.37	14.34
584.562	13.83
584.753	13.77
584.945	14.71
585.137	13.9
585.329	14.04
585.521	14.37
585.713	14.29
585.905	14.33
586.097	13.74
586.289	13.58
586.48	13.74
586.672	14.04
586.864	13.62
587.056	14.41
587.247	13.53
587.439	13.7
587.631	13.8
587.823	13.88
588.014	13.95
588.206	14.07
588.398	13.64
588.589	14.16
588.781	13.87
588.972	13.77
589.164	14.14
589.356	14.47
589.547	13.78
589.739	13.61
589.93	14.06
590.122	13.75
590.313	13.76
590.505	14.06
590.696	13.53
590.888	13.57
591.079	13.7
591.271	14.09
591.462	14.23
591.653	13.96
591.845	13.88
592.036	14.32
592.227	14.11
592.419	13.71
592.61	14.17
592.801	13.78
592.993	14.01
593.184	14.51
593.375	13.94
593.566	14.53
593.758	14.03
593.949	14.32
594.14	13.93
594.331	14.45
594.522	14.04
594.713	14.57
594.905	14.45
595.096	14.33
595.287	13.99
595.478	14.57
595.669	14.35
595.86	14
596.051	13.99
596.242	14.3
596.433	14.15
596.624	14.03
596.815	14.54
597.006	14.9
597.197	14.12
597.388	13.87
597.579	14.71
597.77	14.47
597.96	14.32
598.151	14.54
598.342	14.55
598.533	14.39
598.724	14.63
598.915	14.81
599.105	13.8
599.296	14.59
599.487	14.27
599.678	14.93
599.868	14.68
600.059	14.71
600.25	14.42
600.44	14.34
600.631	14.44
600.822	14.77
601.012	14.46
601.203	14.71
601.394	14.15
601.584	15.08
601.775	14.54
601.965	15.1
602.156	13.95
602.346	14.56
602.537	14.4
602.727	14.27
602.918	14.29
603.108	15.18
603.299	14.32
603.489	14.69
603.679	14.45
603.87	14.7
604.06	14.81
604.251	14.19
604.441	14.92
604.631	14.92
604.822	14.71
605.012	14.45
605.202	14.53
605.392	14.23
605.583	14.84
605.773	14.13
605.963	14.97
606.153	14.37
606.344	14.25
606.534	14.58
606.724	15.28
606.914	14.34
607.104	14.21
607.294	14.57
607.484	15.08
607.674	14.62
607.864	14.54
608.054	15.06
608.245	14.85
608.435	14.94
608.625	15.26
608.814	14.55
609.004	14.49
609.194	14.49
609.384	14.54
609.574	14.57
609.764	14.37
609.954	14.41
610.144	14.72
610.334	15.15
610.524	14.5
610.713	14.78
610.903	14.61
611.093	14.44
611.283	14.95
611.473	15.09
611.662	14.81
611.852	14.14
612.042	14.3
612.231	14.31
612.421	14.6
612.611	13.91
612.8	15.15
612.99	14.17
613.18	14.04
613.369	14.72
613.559	14.74
613.748	14.67
613.938	14.48
614.128	14.04
614.317	14.26
614.507	14.84
614.696	14.64
614.886	14.55
615.075	13.75
615.264	14.79
615.454	14.54
615.643	13.92
615.833	14.21
616.022	14.33
616.211	14.39
616.401	13.89
616.59	14.83
616.779	14.63
616.969	14.03
617.158	13.88
617.347	13.92
617.537	14.48
617.726	14.22
617.915	14.6
618.104	13.82
618.293	14.59
618.483	13.42
618.672	14.83
618.861	13.81
619.05	14.37
619.239	14.13
619.428	14.5
619.617	14.36
619.806	14.16
619.995	14.06
620.184	13.88
620.373	13.92
620.562	14.11
620.751	14
620.94	13.96
621.129	14.21
621.318	13.9
621.507	14.16
621.696	14.18
621.885	13.8
622.074	14.28
622.263	14.27
622.452	14.58
622.64	13.75
622.829	14.56
623.018	15.08
623.207	15.04
623.396	14.28
623.584	13.8
623.773	14.23
623.962	14.7
624.15	14.88
624.339	14.96
624.528	14.2
624.716	14.22
624.905	14.06
625.094	14.7
625.282	14.06
625.471	13.86
625.659	13.83
625.848	13.38
626.037	14.22
626.225	14.83
626.414	14.85
626.602	14.2
626.791	15.04
626.979	14.98
627.167	13.59
627.356	15.09
627.544	14.28
627.733	14.82
627.921	14.34
628.109	14.49
628.298	14.43
628.486	14.39
628.674	14.65
628.863	14.94
629.051	15.49
629.239	14.75
629.428	14.16
629.616	14.83
629.804	14.8
629.992	14.51
630.18	14.19
630.369	14.32
630.557	14.59
630.745	14.24
630.933	15.11
631.121	14.87
631.309	15.02
631.497	14.76
631.685	14.28
631.873	14.14
632.061	13.44
632.249	14.93
632.437	14.88
632.625	14.7
632.813	14.97
633.001	14.89
633.189	14.1
633.377	14.8
633.565	13.63
633.753	14.18
633.941	14.52
634.129	14.65
634.316	14.04
634.504	14.39
634.692	15.08
634.88	14.36
635.068	15.35
635.255	14.72
635.443	15.41
635.631	14.1
635.818	15.22
636.006	14.68
636.194	14.29
636.382	14.13
636.569	14.71
636.757	15.28
636.944	14.94
637.132	14.63
637.32	15.02
637.507	14.25
637.695	14.52
637.882	15.08
638.07	14.76
638.257	14.35
638.445	13.71
638.632	14.29
638.82	13.76
639.007	13.65
639.194	14.28
639.382	13.93
639.569	14.8
639.757	14.01
639.944	12.95
640.131	13.47
640.319	14.36
640.506	13.75
640.693	13.19
640.88	13.57
641.068	13.96
641.255	14.29
641.442	14.56
641.629	13.61
641.817	14.7
642.004	13.75
642.191	12.56
642.378	12.94
642.565	14.54
642.752	13.87
642.939	12.9
643.126	13.88
643.313	14.23
643.501	12.86
643.688	14.4
643.875	13.5
644.062	14.74
644.249	13.64
644.435	12.54
644.622	11.94
644.809	14.1
644.996	12.51
645.183	12.73
645.37	14.2
645.557	12.68
645.744	12.62
645.931	12.06
646.117	12.25
646.304	12.82
646.491	12.5
646.678	13.61
646.865	13.59
647.051	12.8
647.238	11.98
647.425	12.52
647.611	12.44
647.798	12.09
647.985	12.63
648.171	13.1
648.358	12.46
648.545	12.8
648.731	10.44
648.918	11.43
649.104	12.64
649.291	12.5
649.477	12.28
649.664	12.56
649.85	12.66
650.037	12.13
650.223	11.95
650.41	10.9
650.596	10.95
650.783	11.88
650.969	11.83
651.155	12.58
651.342	11.4
651.528	11.23
651.714	12.19
651.901	10.89
652.087	11.85
652.273	11.49
652.46	10.83
652.646	12.14
652.832	12.78
653.018	11.7
653.204	12.51
653.391	13.7
653.577	11.6
653.763	12.55
653.949	13.06
654.135	11.37
654.321	12.91
654.507	12.17
654.693	11.34
654.879	11.62
655.065	10.48
655.252	10.95
655.438	11.97
655.624	12.79
655.809	9.95
655.995	11.4
656.181	13.12
656.367	12.06
656.553	12.51
656.739	12.04
656.925	12.2
657.111	12.12
657.297	12.75
657.482	11.63
657.668	11.51
657.854	10.93
658.04	11.27
658.226	10.49
658.411	11.9
658.597	12.45
658.783	11.82
658.968	11.62
659.154	10.87
659.34	11.06
659.525	11.77
659.711	11.13
659.897	10.42
660.082	12.35
660.268	11.46
660.453	9.58
660.639	10.8
660.824	12.22
661.01	11.87
661.195	10.05
661.381	10.15
661.566	11.28
661.752	9.41
661.937	10.06
662.123	8.43
662.308	9.83
662.494	10.66
662.679	10.33
662.864	12.12
663.05	9.42
663.235	10.41
663.42	10.35
663.605	9.45
663.791	9.83
663.976	10.63
664.161	8.95
664.346	9.99
664.532	8.16
664.717	9.73
664.902	11.16
665.087	11.29
665.272	10.35
665.457	10.66
665.642	9.01
665.828	10.05
666.013	11.84
666.198	7.33
666.383	10.74
666.568	10.9
666.753	12.53
666.938	9.35
667.123	10.49
667.308	8.58
667.493	9.94
667.677	9
667.862	10.05
668.047	11.45
668.232	10.09
668.417	9.75
668.602	9.26
668.787	11.16
668.971	9.8
669.156	9.58
669.341	9.82
669.526	11.82
669.711	10.86
669.895	10.31
670.08	10.4
670.265	12.44
670.449	10.72
670.634	11.7
670.819	9.61
671.003	11.71
671.188	12.82
671.372	12.42
671.557	12.65
671.742	12.88
671.926	9.77
672.111	10.72
672.295	8.15
672.48	10.63
672.664	10.69
672.849	8.22
673.033	10.53
673.217	11.86
673.402	9.98
673.586	8.23
673.771	13.26
673.955	13.21
674.139	12.11
674.324	10.53
674.508	11.93
674.692	11.75
674.876	13.65
675.061	12.62
675.245	15.02
675.429	12.13
675.613	13.95
675.798	13.88
675.982	14.52
676.166	11.22
676.35	13.61
676.534	14.61
676.718	13.2
676.902	15.63
677.087	14.4
677.271	15.63
677.455	15.72
677.639	11.74
677.823	14.1
678.007	16.26
678.191	14.7
678.375	14.91
678.559	14.91
678.742	14.74
678.926	17.15
679.11	17.92
679.294	14.55
679.478	14.69
679.662	18.5
679.846	18.12
680.029	17.74
680.213	16.3
680.397	15.45
680.581	16.38
680.765	18.24
680.948	16.47
681.132	15.58
681.316	17.79
681.499	16.8
681.683	19.78
681.867	18.55
682.05	21
682.234	18.62
682.417	21.38
682.601	21.69
682.785	19.15
682.968	19.72
683.152	19.6
683.335	15.89
683.519	17.64
683.702	19.89
683.886	21.78
684.069	19.71
684.253	23.77
684.436	21.6
684.619	19.17
684.803	19.62
684.986	21.46
685.169	23.96
685.353	24.77
685.536	20.07
685.719	22.34
685.903	23.96
686.086	20.62
686.269	25.42
686.452	21.26
686.636	27.15
686.819	21.58
687.002	26.06
687.185	24.33
687.368	24.75
687.551	20.51
687.734	24.69
687.918	27.43
688.101	20.75
688.284	25.37
688.467	29.26
688.65	27.86
688.833	26.25
689.016	22.15
689.199	26.49
689.382	29.31
689.565	25.7
689.748	20.46
689.93	24.14
690.113	26.64
690.296	26.01
690.479	26.95
690.662	27.28
690.845	26.33
691.028	26.39
691.21	24.7
691.393	27.76
691.576	26.08
691.759	25.33
691.941	29.02
692.124	31.96
692.307	31.75
692.489	32.29
692.672	31.35
692.855	31.54
693.037	29.54
693.22	29.66
693.403	29.67
693.585	29.18
693.768	27.98
693.95	31.1
694.133	31.54
694.315	33.27
694.498	30.64
694.68	28.6
694.863	31.47
695.045	31.51
695.228	28.36
695.41	33.15
695.592	33.69
695.775	33.65
695.957	30.31
696.139	31.5
696.322	29.56
696.504	32.82
696.686	28.45
696.869	30.37
697.051	34.31
697.233	35.68
697.415	30.12
697.597	30.81
697.78	29.86
697.962	28.85
698.144	36.63
698.326	31.79
698.508	37.26
698.69	30.21
698.872	35.93
699.055	35.13
699.237	38.1
699.419	31.69
699.601	27.33
699.783	36.58
699.965	35.29
700.147	28.15
700.329	35.04
700.51	32.96
700.692	37.02
700.874	36.16
701.056	36.05
701.238	39.26
701.42	36.76
701.602	42.97
701.783	35.79
701.965	30.28
702.147	33.09
702.329	33.68
702.511	36.49
702.692	36.59
702.874	36.69
703.056	35.4
703.237	39.27
703.419	33.71
703.601	42.96
703.782	39.46
703.964	38.17
704.146	33.85
704.327	40.29
704.509	41.09
704.69	42.7
704.872	40.98
705.053	35.87
705.235	44.75
705.416	34.51
705.598	45.34
705.779	37.6
705.961	42.16
706.142	41.43
706.323	40.5
706.505	38.89
706.686	35.7
706.867	36.17
707.049	36.91
707.23	35.17
707.411	33.5
707.593	42.01
707.774	45.21
707.955	42.8
708.136	36.53
708.318	40.96
708.499	33.27
708.68	44.18
708.861	43.18
709.042	39.34
709.223	40.79
709.404	35.36
709.585	43.6
709.767	40.53
709.948	33.38
710.129	43.59
710.31	41.93
710.491	36.34
710.672	43.73
710.853	34.95
711.034	44.03
711.214	31.94
711.395	42.57
711.576	43.89
711.757	46.11
711.938	42.71
712.119	43.51
712.3	45.42
712.481	41.02
712.661	50.04
712.842	32.9
713.023	41.34
713.204	40.42
713.384	43.55
713.565	43.23
713.746	44.1
713.926	33.53
714.107	35.05
714.288	40.37
714.468	44.43
714.649	48.68
714.83	42.12
715.01	58.61
715.191	37.61
715.371	38.95
715.552	44.98
715.732	48.74
715.913	39.75
716.093	50.04
716.274	38.6
716.454	47.56
716.635	40.43
716.815	43.01
716.995	43.06
717.176	43.94
717.356	39.79
717.536	51.26
717.717	49.93
717.897	40.27
718.077	38.06
718.258	44.08
718.438	40.38
718.618	47
718.798	47.31
718.978	34.94
719.159	46.73
719.339	48.94
719.519	38.75
719.699	45.08
719.879	49.66
720.059	43.34
720.239	47.44
720.419	46.88
720.599	40.17
720.779	53.45
720.959	39.97
721.139	44.06
721.319	44.81
721.499	42.09
721.679	35.81
721.859	42.34
722.039	29
722.219	52.83
722.399	52.1
722.579	43.25
722.759	34.28
722.938	37.94
723.118	37.47
723.298	36.46
723.478	44.49
723.658	56.93
723.837	52.18
724.017	47.36
724.197	37.06
724.376	41.87
724.556	40.6
724.736	52.67
724.915	31.2
725.095	48.51
725.275	71.4
725.454	53.31
725.634	47.87
725.813	45.3
725.993	34.38
726.172	45.84
726.352	45.27
726.531	46.32
726.711	68.48
726.89	41.54
727.07	45.72
727.249	38.89
727.428	47.18
727.608	27.87
727.787	40.09
727.966	37.32
728.146	47.78
728.325	54.08
728.504	33.01
728.684	42.67
728.863	59.15
729.042	11.73
729.221	15.04
729.4	49.29
729.58	48.98
729.759	39.55
729.938	57.3
730.117	66.7
730.296	38.17
730.475	61.12
730.654	57.49
730.833	57.99
731.013	59.05
731.192	48.3
731.371	39.19
731.55	49.86
731.729	52.4
731.907	58.88
732.086	48.89
732.265	49.62
732.444	39.35
732.623	74.4
732.802	32.27
732.981	48.37
733.16	55.78
733.339	36.02
733.517	46.22
733.696	54.45
733.875	57.29
734.054	44.72
734.232	48.44
734.411	66.45
734.59	21.99
734.768	36.57
734.947	43.29
735.126	45.87
735.304	56.76
735.483	44.5
735.662	49.72
735.84	48.82
736.019	33.88
736.197	45.35
736.376	47.72
736.554	65.21
736.733	67.93
736.911	75.61
737.09	50.1
737.268	24.31
737.447	67.48
737.625	52.49
737.803	56.4
737.982	55.53
738.16	65.44
738.338	60.5
738.517	34.92
738.695	56.47
738.873	59.13
739.052	34.95
739.23	23.61
739.408	34.33
739.586	46.79
739.764	49.33
739.943	42.44
740.121	60.55
740.299	43.78
740.477	40.7
740.655	56.24
740.833	34.89
741.011	66.91
741.189	52.79
741.367	63.28
741.545	42.76
741.723	38.58
741.901	43.15
742.079	65.46
742.257	57.09
742.435	56.95
742.613	17.68
742.791	63.17
742.969	62.25
743.147	49.84
743.325	39.76
743.503	46.9
743.68	58.05
743.858	46.03
744.036	42.32
744.214	34.93
744.391	23.72
744.569	42.3
744.747	61.53
744.925	49.05
745.102	73.56
745.28	64.98
745.458	71.06
745.635	41.54
745.813	68.81
745.99	51.7
746.168	41.78
746.345	83.46
746.523	40.79
746.7	75.68
746.878	39.7
747.055	19.26
747.233	41.93
747.41	61.25
747.588	69.57
747.765	62.66
747.943	47.14
748.12	33.31
748.297	40.29
748.475	53.74
748.652	52.95
748.829	60.74
749.007	60.43
749.184	21.1
749.361	30.07
749.538	61.53
749.716	56.32
749.893	16.35
750.07	66.72
750.247	41.56
750.424	36.65
750.601	81.06
750.778	70.25
750.956	19.05
751.133	42.1
751.31	31.43
751.487	23.18
751.664	26.81
751.841	42.6
752.018	42.91
752.195	60.88
752.372	46.01
752.549	76.26
752.726	42.58
752.902	69.99
753.079	78.19
753.256	71.72
753.433	53.23
753.61	59.23
753.787	66.04
753.964	56.08
754.14	31.01
754.317	61.1
754.494	65.46
754.671	62.66
754.847	28.6
755.024	55.24
755.201	42.71
755.377	58.98
755.554	42.81
755.73	38.09
755.907	89.77
756.084	68.35
756.26	62.09
756.437	58.39
756.613	19.64
756.79	56.49
756.966	31.99
757.143	87.49
757.319	51.49
757.496	88.7
757.672	30.02
757.849	61.44
758.025	20.18
758.201	66.29
758.378	43.79
758.554	43.9
758.73	48.9
758.907	38.06
759.083	72.72
759.259	73.99
759.435	80.58
759.612	79.35
759.788	31.2
759.964	62.98
760.14	48.26
760.316	-31.81
760.493	57.98
760.669	73.99
760.845	25.55
761.021	-15.03
761.197	64.46
761.373	47.32
761.549	53.1
761.725	67.12
761.901	36.06
762.077	42.83
762.253	6.96
762.429	24.41
762.605	44.8
762.781	48.58
762.957	24.53
763.133	46.26
763.308	57.76
763.484	71.51
763.66	53.65
763.836	18.11
764.012	-9.72
764.187	40.51
764.363	24.16
764.539	47.7
764.715	30.28
764.89	36.01
765.066	31.35
765.242	14.67
765.417	72.7
765.593	81.51
765.769	82.88
765.944	15.68
766.12	102.76
766.295	4.71
766.471	21.38
766.646	51.57
766.822	37.57
766.997	4.89
767.173	48.56
767.348	28.07
767.524	23.33
767.699	13.46
767.875	41.3
768.05	11.99
768.225	85.96
768.401	51.43
768.576	122.66
768.751	34.31
768.927	56.84
769.102	55.13
769.277	8.02
769.452	87.67
769.628	-6.28
769.803	109.65
769.978	188.5
770.153	-29.05
770.328	68.96
770.503	25.12
770.679	66.13
770.854	-42.55
771.029	46.15
771.204	210.6
771.379	-41.13
771.554	41.99
771.729	83.35
771.904	16.1
772.079	-2.6
772.254	74.71
772.429	118.74
772.604	26.53
772.779	78.09
772.953	94.05
773.128	30.03
773.303	44.05
773.478	80.56
773.653	24.86
773.828	96.27
774.002	93.19
774.177	2.04
774.352	172.17
774.527	27.96
774.701	43.38
774.876	125.33
775.051	176.47
775.225	164.48
775.4	1.96
775.575	43.25
775.749	79.63
775.924	38.08
776.098	-12.62
776.273	70.28
776.447	67.85
776.622	74.72
776.796	-3.03
776.971	-20.05
777.145	8.49
777.32	91.1
777.494	103.26
777.669	48.59
777.843	95.77
778.017	35.86
778.192	26.68
778.366	79.69
778.54	82.49
778.715	-24.78
778.889	84.86
779.063	61.19
779.237	52.74
779.412	55.65
779.586	-111.66
779.76	15.5
779.934	42.81
780.108	10.22
780.282	-617.91
780.457	72.18
780.631	-22.74
780.805	-48.14
780.979	-26.87
781.153	-23.02
781.327	108.79
781.501	14.76
781.675	92.71
781.849	-10.94
782.023	44.74
782.197	35.08
782.371	-85.71
782.545	3.68
782.718	91.17
782.892	104.11
783.066	26.68
783.24	245.34
783.414	1.69
783.588	52.98
783.761	5.1
783.935	39.64
784.109	162.35
784.283	245.22
784.456	99.53
784.63	109.23
784.804	95.57
784.977	19.78
785.151	-5.61
785.324	-44.82
785.498	9.66
785.672	44.48
785.845	8.26
786.019	-48.34
786.192	-51.66
786.366	27.96
786.539	-168.81
786.713	83.38
786.886	-5.2
787.06	114.2
787.233	64.24
787.406	-8.27
787.58	-3.54
787.753	62.17
787.926	-33.46
788.1	180.37
788.273	-486.79
788.446	37.64
788.62	600
788.793	97.39
788.966	40.82
789.139	15.21
789.313	135.69
789.486	-1114.29
789.659	-58.29
789.832	58.65
790.005	15.68
790.178	653.1
790.351	73.49
790.524	124.07
790.697	58.89
790.87	-155.33
791.044	272.73
791.216	57.65
791.389	3.21
791.562	83.36
791.735	113.92
791.908	350.65
792.081	97.12
792.254	309.89
792.427	37.92
792.6	110.2
792.773	-0.81
792.945	-402.99
793.118	46.15
793.291	191.21
793.464	-237.45
793.637	77.3
793.809	71.62
793.982	53.77
794.155	1.53
794.327	50.6
794.5	175.38
794.673	-65.59
794.845	-95.72
795.018	-179.7
795.19	-532.58
795.363	119.04
795.536	97.12
795.708	-174.19
795.881	14760
796.053	-34.11
796.226	113.14
796.398	112.6
796.57	-112.74
796.743	-19.24
796.915	26.09
797.088	-89.88
797.26	-146.46
797.432	235.44
797.605	-86.63
797.777	-444.16
797.949	20.85
798.122	86.36
798.294	115.7
798.466	-51.43
798.638	-107.21
798.81	92.96
798.983	417.72
799.155	82.79
799.327	-30.36
799.499	84.39
799.671	-57.24
799.843	-36.4
800.015	-7
800.187	-5.87
800.359	107.76
800.531	99.85
800.703	79.74
800.875	107.1
801.047	50.51
801.219	165.87
801.391	-927.27
801.563	21.58
801.735	76.22
801.907	349.69
802.079	77.6
802.251	-547.25
802.422	-108.66
802.594	-225.97
802.766	92.01
802.938	201.79
803.11	213.06
803.281	59.6
803.453	84.52
803.625	15.59
803.796	-2.59
803.968	22.29
804.14	127.58
804.311	22.28
804.483	270.51
804.654	174.49
804.826	280.25
804.998	28.88
805.169	-201.54
805.341	33.6
805.512	324.22
805.684	11.09
805.855	128.81
806.026	-212.31
806.198	40.49
806.369	48.22
806.541	59.58
806.712	136.31
806.883	80.11
807.055	90.84
807.226	-38.15
807.397	-217.58
807.569	-260.18
807.74	94.74
807.911	129.8
808.082	-234.08
808.253	-65.35
808.425	52.49
808.596	-694.38
808.767	38.85
808.938	-108.2
809.109	-53.47
809.28	-440.76
809.451	37.7
809.622	35.29
809.793	-1877.42
809.964	-67.83
810.135	10.17
810.306	-31.21
810.477	269.8
810.648	-14.58
810.819	63.1
810.99	2280
811.161	-15.61
811.332	217.3
811.503	49.41
811.674	360
811.844	-489.23
812.015	115.57
812.186	371.78
812.357	146.78
812.527	29.29
812.698	1.53
812.869	871.7
813.04	23.23
813.21	-62.07
813.381	21.01
813.551	38.87
813.722	101.81
813.893	-34.53
814.063	129.53
814.234	-709.09
814.404	107.56
814.575	30.51
814.745	-323.89
814.916	5.25
815.086	114.95
815.257	67.26
815.427	-18.4
815.598	35.71
815.768	76.75
815.938	67.43
816.109	123.89
816.279	86.04
816.449	-70.69
816.62	-600
816.79	79.22
816.96	-713.21
817.13	-37.93
817.301	39.59
817.471	26.78
817.641	298.16
817.811	100.73
817.981	1114.29
818.152	14.22
818.322	421.78
818.492	12.24
818.662	-69.96
818.832	20.83
819.002	26.83
819.172	343.77
819.342	-121.39
819.512	8.06
819.682	14.26
819.852	42.5
820.022	67.85
820.192	-303.37
820.362	41.24
820.531	72.31
820.701	145.19
820.871	58.98
821.041	160.18
821.211	-21.88
821.381	82.29
821.55	-33.19
821.72	69.77
821.89	-304.62
822.059	102.68
822.229	-0.92
822.399	126.46
822.568	189.97
822.738	-219.51
822.908	150.92
823.077	-37.64
823.247	76.75
823.416	-1164.71
823.586	-22.46
823.756	-8.45
823.925	-129.11
824.095	404.65
824.264	-228.7
824.433	238.94
824.603	35.56
824.772	-70.3
824.942	-964.56
825.111	-93.47
825.28	137.89
825.45	-213.91
825.619	11.18
825.788	195.51
825.958	49.33
826.127	-9.4
826.296	87.95
826.465	32.47
826.635	56.19
826.804	-8.17
826.973	-19.93
827.142	-68.94
827.311	326.17
827.48	125.05
827.649	103.45
827.818	-70.87
827.988	110.4
828.157	31.97
828.326	-68.44
828.495	103.68
828.664	161.09
828.833	82.69
829.002	-160.25
829.17	261.74
829.339	268.34
829.508	-85.02
829.677	-60.67
829.846	11.98
830.015	-42.25
830.184	3.79
830.352	134.85
830.521	133.81
830.69	1653.66
830.859	317.65
831.027	-221.05
831.196	86.99
831.365	32.57
831.533	1.98
831.702	-167.61
831.871	4.34
832.039	68.22
832.208	-193.04
832.377	-118.11
832.545	-38.56
832.714	69.87
832.882	14.31
833.051	24.75
833.219	5057.14
833.388	260.97
833.556	-106.71
833.724	-2.12
833.893	8.42
834.061	-410.53
834.23	156.61
834.398	150.58
834.566	288.31
834.735	7800
834.903	-577.36
835.071	1320
835.239	-108.2
835.408	78.26
835.576	-544.19
835.744	-74.41
835.912	1.26
836.08	43.58
836.249	-758.49
836.417	189.3
836.585	106.95
836.753	246.87
836.921	145.95
837.089	-4200
837.257	-2330.23
837.425	-28.09
837.593	94.26
837.761	-9.84
837.929	44.95
838.097	83.36
838.265	82.65
838.433	57.05
838.601	39.79
838.769	387.34
838.936	667.42
839.104	-11.44
839.272	59.54
839.44	84.91
839.608	600
839.775	24.09
839.943	75.17
840.111	21.31
840.279	28.14
840.446	-277.61
840.614	-38.96
840.781	172.17
840.949	39.52
841.117	111.31
841.284	-213.73
841.452	-316.77
841.619	-10.3
841.787	33.21
841.954	906.98
842.122	-197.69
842.289	17.5
842.457	158.07
842.624	107.97
842.792	56.93
842.959	133.71
843.126	-42.25
843.294	-49.24
843.461	16.31
843.629	187.2
843.796	32.4
843.963	-184.44
844.13	113.24
844.298	118.15
844.465	-36.73
844.632	108.07
844.799	69.35
844.966	140.43
845.134	102.75
845.301	-13.2
845.468	35.76
845.635	154.77
845.802	-43.4
845.969	41.43
846.136	22.85
846.303	-1168.42
846.47	37.55
846.637	-230.77
846.804	-726.32
846.971	139.67
847.138	-11.58
847.305	-185.84
847.472	191.49
847.639	49.18
847.805	39.79
847.972	-179.22
848.139	38.63
848.306	-726.32
848.473	223.88
848.639	49.41
848.806	-4.8
848.973	150.29
849.14	-5.68
849.306	-2.69
849.473	234.44
849.64	-138.46
849.806	37.32
849.973	22.7
850.139	3.97
850.306	66.33
850.472	148.34
850.639	190.82
850.806	1231.58
850.972	224.35
851.139	1285.71
851.305	1.45
851.471	6.41
851.638	224.54
851.804	420.9
851.971	9.31
852.137	-58.73
852.303	-28.09
852.47	-63.71
852.636	-226.79
852.802	108.66
852.968	-12.77
853.135	228.43
853.301	-58.96
853.467	-17.7
853.633	-9.66
853.8	12.64
853.966	-39.59
854.132	2657.14
854.298	512.41
854.464	47.19
854.63	73.61
854.796	18.31
854.962	202.88
855.128	32.73
855.294	-77.94
855.46	15.84
855.626	4.47
855.792	-11.58
855.958	-285.44
856.124	158.28
856.29	321.85
856.456	83.01
856.622	-165.96
856.787	1005.19
856.953	-23.52
857.119	243.56
857.285	65.4
857.45	-69.96
857.616	72.49
857.782	13.81
857.948	77.12
858.113	79.86
858.279	124.87
858.445	-174.8
858.61	-237.21
858.776	75.3
858.941	243.56
859.107	105.72
859.273	83.29
859.438	28.78
859.604	-2747.37
859.769	-165.35
859.935	-516.83
860.1	76.26
860.265	89.77
860.431	358.27
860.596	4885.71
860.762	-54.23
860.927	-22.1
861.092	20.94
861.258	-52.69
861.423	71.81
861.588	69.98
861.753	4542.86
861.919	-713.21
862.084	203.15
862.249	250.17
862.414	186.35
862.579	-63.96
862.745	199.18
862.91	77.49
863.075	177.85
863.24	69.55
863.405	135.68
863.57	146.58
863.735	12.77
863.9	-238.94
864.065	-36.33
864.23	14.25
864.395	66.19
864.56	77.95
864.725	827.85
864.89	761.8
865.055	252.04
865.22	43
865.384	-235.96
865.549	-576.7
865.714	12.65
865.879	17.7
866.044	17.7
866.208	46.15
866.373	-494.51
866.538	37.94
866.702	-29.51
866.867	34.8
867.032	80.47
867.196	127.17
867.361	-273.6
867.526	-218.88
867.69	-169.32
867.855	-72.53
868.019	-76.36
868.184	24.38
868.348	-51.19
868.513	-870.97
868.677	249.81
868.842	-180.21
869.006	66.29
869.17	-169.81
869.335	-453.66
869.499	-483.5
869.663	409.27
869.828	-31.58
869.992	934.88
870.156	22.49
870.321	68.62
870.485	57.21
870.649	-4.75
870.813	-250.18
870.978	-104.68
871.142	156.92
871.306	42.65
871.47	170.8
871.634	533.86
871.798	-63.35
871.962	121.64
872.126	-7971.43
872.29	7.26
872.454	-3514.29
872.618	140.67
872.782	-402.99
872.946	-36.24
873.11	-238.19
873.274	176.88
873.438	4341.18
873.602	-1.58
873.766	-85.71
873.93	-57.53
874.094	667.42
874.257	49.34
874.421	280.92
874.585	10.91
874.749	9.55
874.912	-30.22
875.076	75.93
875.24	49.18
875.403	149.49
875.567	44.57
875.731	680.9
875.894	12.24
876.058	94.74
876.222	-33.71
876.385	51.26
876.549	96.34
876.712	-272.73
876.876	-284.21
877.039	2.32
877.203	77.28
877.366	49.03
877.529	-154.77
877.693	8.42
877.856	205.48
878.02	-3.7
878.183	-133.54
878.346	-272.73
878.51	-37.17
878.673	-4.32
878.836	43.53
878.999	-793.55
879.163	66.04
879.326	69.05
879.489	93.19
879.652	57.17
879.815	63.57
879.978	110.2
880.142	12.08
880.305	316.77
880.468	73.73
880.631	122.55
880.794	40.35
880.957	-600
881.12	882.35
881.283	67.26
881.446	-7.68
881.609	496.4
881.772	84.04
881.935	1235.29
882.097	53.71
882.26	-33.96
882.423	189.95
882.586	2.21
882.749	71.72
882.912	239.26
883.074	42.12
883.237	139.26
883.4	122.55
883.562	81.5
883.725	-72
883.888	23.62
884.05	-3480
884.213	-61.04
884.376	81.86
884.538	3.09
884.701	3.09
884.863	3.09
