181.954	109.72
182.172	109.72
182.39	109.72
182.608	7300
182.826	680.22
183.043	-7.23
183.261	-37.33
183.479	152.79
183.697	1017.65
183.914	-104.05
184.132	157.75
184.35	62.33
184.567	208.17
184.785	110.62
185.003	-20.31
185.22	-121.46
185.438	58.54
185.656	-56.78
185.873	376.92
186.091	43.25
186.309	-644.83
186.526	-46.61
186.744	-29.06
186.961	-20.27
187.179	-70.62
187.396	157.36
187.614	-435.38
187.831	-11180
188.049	-106.13
188.266	62.04
188.484	-329.85
188.701	146.6
188.919	92.91
189.136	225.69
189.354	109.27
189.571	54.5
189.789	36.14
190.006	63.17
190.223	80.54
190.441	-8.26
190.658	2157.14
190.876	103.26
191.093	-110.99
191.31	2.66
191.528	57.85
191.745	37.47
191.962	-12.29
192.179	155.08
192.397	-60.32
192.614	198.05
192.831	-66.74
193.049	39.14
193.266	228.16
193.483	22.01
193.7	303.08
193.917	113.16
194.135	428.06
194.352	-76.06
194.569	50.93
194.786	221.81
195.003	102.81
195.221	55.1
195.438	-56.89
195.655	-14.57
195.872	-9.83
196.089	36.95
196.306	16.63
196.523	92.48
196.74	291.02
196.957	101.38
197.174	32.99
197.391	114.09
197.608	65.2
197.825	1454.84
198.042	-2.69
198.259	-437.93
198.476	-5.78
198.693	-140
198.91	48.5
199.127	368.66
199.344	216.6
199.561	509.25
199.778	50.39
199.995	-634.33
200.212	1010.34
200.429	20.38
200.646	403.8
200.862	167.42
201.079	14.15
201.296	362.25
201.513	158.25
201.73	-94.83
201.947	120.84
202.163	-22.65
202.38	2.89
202.597	112.83
202.814	148.81
203.03	2500
203.247	-105.03
203.464	111.47
203.681	-289.61
203.897	68.34
204.114	122.64
204.331	118.15
204.547	-179.07
204.764	102.19
204.981	2005.88
205.197	94.89
205.414	183.42
205.63	-189.66
205.847	220.6
206.064	78.18
206.28	41.14
206.497	-13.15
206.713	128.86
206.93	-87.42
207.146	-10.62
207.363	118.46
207.579	-150.55
207.796	142.48
208.012	-57.81
208.229	-526.87
208.445	11.72
208.662	51.6
208.878	136.29
209.095	-464.71
209.311	33.87
209.528	7300
209.744	-48.26
209.96	-35.1
210.177	6.8
210.393	66.51
210.609	5620
210.826	41.1
211.042	569.57
211.258	207.46
211.475	29.41
211.691	39.64
211.907	646.84
212.124	16.7
212.34	161.71
212.556	60.66
212.772	-361.54
212.989	290.73
213.205	42.44
213.421	-310.05
213.637	82.09
213.853	132.68
214.069	605.26
214.286	127.99
214.502	-401.49
214.718	-106.9
214.934	79.6
215.15	186.56
215.366	-41.9
215.582	66.08
215.798	89.1
216.015	30.47
216.231	2.7
216.447	104.51
216.663	165.51
216.879	15.58
217.095	140.27
217.311	-216.98
217.527	153.45
217.743	-354.37
217.959	394.34
218.175	-76.67
218.391	22.3
218.606	-9.71
218.822	-233.91
219.038	93.58
219.254	82.32
219.47	13.65
219.686	666.29
219.902	88.8
220.118	-9.09
220.334	-14.55
220.549	1.11
220.765	-59.81
220.981	-72.39
221.197	24.92
221.413	-308.79
221.628	935.44
221.844	507.55
222.06	286.41
222.276	-2.92
222.491	104.2
222.707	88.2
222.923	-504.03
223.139	42.77
223.354	19.6
223.57	166.14
223.786	38.92
224.001	-89.96
224.217	54.52
224.432	-128.9
224.648	190.71
224.864	47.95
225.079	243.28
225.295	-57.82
225.51	151.89
225.726	19.73
225.942	103.76
226.157	86.75
226.373	-196.17
226.588	54.53
226.804	-847.37
227.019	-74.87
227.235	28.36
227.45	38.93
227.665	14740
227.881	-240.16
228.096	-46.09
228.312	-31.02
228.527	12.24
228.743	141.14
228.958	-53.94
229.173	-348.7
229.389	38.17
229.604	56.78
229.819	162.13
230.035	-61.13
230.25	-32.94
230.465	135.74
230.681	29.64
230.896	-52.52
231.111	63.53
231.327	96.48
231.542	-1580
231.757	-65.06
231.972	-112.01
232.187	59.15
232.403	-1163.16
232.618	132.54
232.833	83.62
233.048	78.18
233.263	49.52
233.478	-150.43
233.694	100
233.909	-1332.26
234.124	22.46
234.339	31.9
234.554	-893.1
234.769	-144.76
234.984	-77.58
235.199	65.11
235.414	-324.78
235.629	-355.7
235.844	1.25
236.059	95.91
236.274	-41.39
236.489	-88.09
236.704	58.11
236.919	-22.45
237.134	106.7
237.349	121.11
237.564	98.69
237.779	-42.48
237.994	-12.34
238.209	117.12
238.424	387.12
238.639	19.75
238.853	41.37
239.068	52.87
239.283	-26.89
239.498	112.66
239.713	125.92
239.928	17.24
240.142	31.1
240.357	50.95
240.572	-35.21
240.787	155.59
241.001	176.6
241.216	-21.09
241.431	287.9
241.646	56.82
241.86	-13
242.075	-709.3
242.29	18.43
242.504	61.53
242.719	70.19
242.934	100
243.148	1.59
243.363	4.33
243.577	-264.04
243.792	138.87
244.007	30.38
244.221	100
244.436	-61.19
244.65	-54.6
244.865	213.74
245.079	40.81
245.294	-228.06
245.508	-68.37
245.723	79.72
245.937	-58.24
246.152	23.61
246.366	106.17
246.581	-18.07
246.795	-84.05
247.01	119
247.224	88.99
247.438	-15.22
247.653	79.21
247.867	133.8
248.081	112.32
248.296	1592.68
248.51	94.91
248.724	29.02
248.939	-61.19
249.153	65.71
249.367	-18.26
249.582	-70.03
249.796	37.66
250.01	-50.99
250.224	28.27
250.439	123.66
250.653	136.47
250.867	50.6
251.081	105.69
251.295	-51.17
251.51	-12.34
251.724	39.57
251.938	91.08
252.152	-75.18
252.366	76.76
252.58	-358.18
252.794	31.8
253.008	298.68
253.223	-54.32
253.437	-27.9
253.651	-17.35
253.865	116.06
254.079	12.81
254.293	39.88
254.507	-52.73
254.721	-19.11
254.935	508.79
255.149	209.09
255.363	53.91
255.577	59.73
255.791	67.46
256.005	151.53
256.218	10.04
256.432	63.17
256.646	56.78
256.86	201.41
257.074	113.31
257.288	6100
257.502	179.12
257.716	33.45
257.929	74.62
258.143	54.97
258.357	-90.81
258.571	228.41
258.785	-54.84
258.998	25.83
259.212	120.82
259.426	-104.48
259.64	84.79
259.853	-42.95
260.067	130.91
260.281	73.08
260.494	39.28
260.708	123.76
260.922	-35.52
261.135	93.17
261.349	19.33
261.563	30.6
261.776	-958.82
261.99	24.34
262.203	60.39
262.417	-35.69
262.63	-46.44
262.844	180.9
263.058	132.54
263.271	22.88
263.485	75.45
263.698	24.72
263.912	94.89
264.125	-66.74
264.339	449.61
264.552	165.26
264.765	-35.65
264.979	145.14
265.192	-34.06
265.406	71.49
265.619	119.67
265.832	50.53
266.046	-110.84
266.259	-17.97
266.473	-325.81
266.686	91.77
266.899	-31.21
267.113	5140
267.326	15.19
267.539	-22.57
267.752	41.95
267.966	44.79
268.179	-103.69
268.392	36.95
268.605	-136.22
268.819	120.12
269.032	-19.43
269.245	672.31
269.458	122.14
269.671	-705.06
269.885	-3.77
270.098	54.53
270.311	358.23
270.524	23.05
270.737	35.55
270.95	4.64
271.163	477.95
271.376	1725.81
271.589	-249.37
271.802	-31.98
272.016	37.46
272.229	119.02
272.442	-40.89
272.655	32.61
272.868	-55.51
273.081	73.03
273.294	17.58
273.506	-1.77
273.719	3.26
273.932	-2.8
274.145	9940
274.358	17.68
274.571	104.03
274.784	575.47
274.997	21.76
275.21	39.88
275.423	-182.22
275.635	-183.42
275.848	30.38
276.061	44.37
276.274	29.41
276.487	-192.17
276.699	70.22
276.912	11
277.125	64.26
277.338	20.14
277.55	16.46
277.763	-116.87
277.976	150.5
278.189	-110.99
278.401	2.9
278.614	109.6
278.827	82.42
279.039	211.55
279.252	92.75
279.464	32.48
279.677	61.23
279.89	14.39
280.102	-92.96
280.315	-104.88
280.527	163.16
280.74	-1637.93
280.952	-38.8
281.165	61.79
281.377	93.12
281.59	-103.13
281.802	208.45
282.015	30.6
282.227	64.77
282.44	600.72
282.652	598.88
282.865	134.12
283.077	71.08
283.29	114.17
283.502	29.23
283.714	9
283.927	109.55
284.139	-193.56
284.351	35.55
284.564	29.41
284.776	93.2
284.988	-218.02
285.201	458.21
285.413	121.35
285.625	-101.08
285.838	109.16
286.05	85.64
286.262	-192.25
286.474	9.37
286.686	-31.53
286.899	-99.1
287.111	49.58
287.323	9.87
287.535	-101.98
287.747	91.59
287.959	24.23
288.172	252.73
288.384	66.49
288.596	-77.68
288.808	-216.98
289.02	1254.72
289.232	100
289.444	-9.09
289.656	-126.71
289.868	-47.73
290.08	335.58
290.292	-185.96
290.504	-39.16
290.716	22.94
290.928	87.63
291.14	323.26
291.352	-18.03
291.564	-3076.47
291.776	178.85
291.988	-165.03
292.2	54.5
292.412	119.46
292.624	44.92
292.835	350.75
293.047	4.57
293.259	-88.09
293.471	-79.19
293.683	773.17
293.895	-2.98
294.106	-70.16
294.318	42.67
294.53	20.37
294.742	1465.52
294.953	-103.69
295.165	100
295.377	151.59
295.589	181.96
295.8	-15.81
296.012	78.25
296.224	58.83
296.435	80.76
296.647	-15.13
296.858	22.3
297.07	155.38
297.282	3.63
297.493	16.22
297.705	-290.86
297.916	-22.9
298.128	44.41
298.34	-20.98
298.551	60.07
298.763	42.98
298.974	69.57
299.186	-11.15
299.397	-144.9
299.609	216.13
299.82	136.71
300.031	-8.49
300.243	-2742.11
300.454	77.91
300.666	52.84
300.877	3.32
301.089	176.6
301.3	6.56
301.511	37.48
301.723	107.98
301.934	601.49
302.145	-77.64
302.357	38.81
302.568	4
302.779	-9.95
302.99	-93.72
303.202	1.55
303.413	22.5
303.624	152.88
303.835	349.06
304.047	2.83
304.258	16.94
304.469	40.9
304.68	118.86
304.891	41.46
305.103	-66.8
305.314	118.3
305.525	3871.43
305.736	62.2
305.947	38
306.158	-747.06
306.369	100
306.58	67.04
306.791	139.34
307.002	-14.18
307.213	48.34
307.424	83.04
307.636	28.07
307.846	-114.42
308.057	566.02
308.268	3.01
308.479	-33.06
308.69	2.61
308.901	72.69
309.112	-458.14
309.323	78.71
309.534	49.03
309.745	25.33
309.956	45.61
310.167	-37.14
310.377	50.64
310.588	186.35
310.799	226.32
311.01	45.33
311.221	55.67
311.432	72
311.642	31.79
311.853	90.5
312.064	513.79
312.275	15.24
312.485	137.59
312.696	41.95
312.907	262.81
313.117	29.74
313.328	25.19
313.539	-31.97
313.749	10.67
313.96	-97.8
314.171	66.87
314.381	37.24
314.592	-4.87
314.802	24.9
315.013	-27.52
315.224	2.88
315.434	-2552.63
315.645	100
315.855	168.66
316.066	153.93
316.276	197.53
316.487	304.88
316.697	27.36
316.908	23.74
317.118	85.5
317.329	39.86
317.539	15.16
317.749	347.21
317.96	-383.58
318.17	-8.86
318.381	7.69
318.591	-585.71
318.801	-28.51
319.012	10.95
319.222	65.05
319.432	-19.11
319.643	155.98
319.853	-239.01
320.063	53.22
320.273	16.02
320.484	73.63
320.694	129.39
320.904	38.98
321.114	-61.8
321.325	-1224.14
321.535	-190.05
321.745	-62.91
321.955	140.89
322.165	-124.77
322.375	22.66
322.585	19.02
322.796	844.83
323.006	143.94
323.216	148.2
323.426	52.36
323.636	249.28
323.846	1548.28
324.056	65.17
324.266	51.25
324.476	60.57
324.686	119.46
324.896	-28.28
325.106	1164.15
325.316	33.44
325.526	-1163.16
325.736	66.45
325.946	51.37
326.156	6.49
326.366	-390.43
326.576	121.47
326.785	166.33
326.995	69.41
327.205	154.27
327.415	230.17
327.625	-13.87
327.835	103.88
328.044	39.7
328.254	-202.61
328.464	15.19
328.674	84.04
328.884	-253.96
329.093	-73.26
329.303	77.58
329.513	85.09
329.722	668.42
329.932	35.6
330.142	-67.96
330.351	69.13
330.561	1169.09
330.771	-245.39
330.98	-145.23
331.19	173.85
331.4	-73.85
331.609	91.26
331.819	1241.46
332.028	230.29
332.238	-13.9
332.447	83.17
332.657	121.03
332.866	139.09
333.076	47.88
333.285	21.82
333.495	332.26
333.704	-217.49
333.914	21.37
334.123	-77.7
334.333	136.92
334.542	90.19
334.752	266.15
334.961	-216.98
335.17	-135.18
335.38	64.03
335.589	35.47
335.798	82.75
336.008	218.68
336.217	-160.43
336.426	110.64
336.636	48.94
336.845	154.08
337.054	474.03
337.263	82.21
337.473	31.63
337.682	72.64
337.891	62.17
338.1	134.53
338.309	-143.42
338.519	113.67
338.728	3.82
338.937	71.65
339.146	-72.66
339.355	9.43
339.564	-1415.79
339.773	-225.63
339.983	72.8
340.192	-4.35
340.401	237.33
340.61	29.51
340.819	79.47
341.028	5.57
341.237	876.47
341.446	-5.42
341.655	91.07
341.864	71.56
342.073	42.95
342.282	-140
342.491	23.22
342.699	-668.93
342.908	-305.19
343.117	33.51
343.326	27.13
343.535	-423.64
343.744	-93.91
343.953	120.57
344.162	28.07
344.37	12.04
344.579	-329.85
344.788	-78.01
344.997	43.53
345.206	14.01
345.414	75.33
345.623	-15.13
345.832	-43.33
346.041	197.46
346.249	77.82
346.458	24
346.667	2.7
346.875	44.01
347.084	25.45
347.293	68.9
347.501	-121.8
347.71	27.1
347.918	-1.85
348.127	-823.08
348.336	-360.93
348.544	1.44
348.753	404.48
348.961	-86.76
349.17	197.3
349.378	96.92
349.587	-25.06
349.795	-63.11
350.004	1115.38
350.212	53.16
350.421	-441.59
350.629	16.62
350.838	-24.25
351.046	198.75
351.254	15.11
351.463	13.89
351.671	-531.58
351.879	45.06
352.088	65.19
352.296	-218.58
352.504	182.19
352.713	7.69
352.921	175.59
353.129	8.83
353.338	19.53
353.546	-6.61
353.754	92.64
353.962	-85.98
354.171	1.28
354.379	-1100
354.587	-0.58
354.795	21.82
355.003	-31.22
355.212	92.75
355.42	-194.34
355.628	180.96
355.836	34.92
356.044	109.18
356.252	37.14
356.46	62.67
356.668	1060
356.876	30.8
357.084	52.37
357.292	16.32
357.5	-101.79
357.708	50.6
357.916	217.71
358.124	-85.42
358.332	350.75
358.54	-401.82
358.748	224.68
358.956	22.25
359.164	26.61
359.372	101.38
359.58	-89.93
359.788	80.71
359.996	72.38
360.203	-79.92
360.411	44.42
360.619	-62.81
360.827	-2.55
361.035	-47.24
361.242	198.53
361.45	-97.47
361.658	293.36
361.866	55.14
362.073	193.29
362.281	149.45
362.489	-48.65
362.697	135.54
362.904	-37.76
363.112	176.73
363.32	-42.13
363.527	16.52
363.735	104.63
363.943	-17.41
364.15	-69.61
364.358	13.43
364.565	17.06
364.773	35.07
364.98	-69.61
365.188	48.16
365.395	88.09
365.603	205.76
365.81	43.11
366.018	30.21
366.225	65.31
366.433	40.45
366.64	88.25
366.848	15.33
367.055	-125.71
367.263	25.38
367.47	34.77
367.677	540.51
367.885	-22.39
368.092	4.91
368.299	-96.06
368.507	106.39
368.714	524.78
368.921	-192.91
369.129	0.98
369.336	-12.2
369.543	-65.87
369.751	4.13
369.958	83.86
370.165	62.63
370.372	-30.38
370.579	38.62
370.787	27.91
370.994	64.59
371.201	155.59
371.408	2.66
371.615	-19.44
371.822	7.06
372.029	116.27
372.237	-277.14
372.444	365.95
372.651	-20.19
372.858	68.33
373.065	30.61
373.272	-41.18
373.479	-1431.03
373.686	117.06
373.893	-4.85
374.1	36.84
374.307	-133.09
374.514	158.3
374.721	-45.01
374.928	-383.12
375.135	-46.14
375.341	1540
375.548	37.09
375.755	5.54
375.962	-12.1
376.169	-9.6
376.376	56.28
376.583	30.82
376.789	104.48
376.996	74.17
377.203	75.95
377.41	-41.18
377.617	0.98
377.823	-2.67
378.03	-596.77
378.237	23.61
378.443	-98.86
378.65	507.55
378.857	-6.27
379.063	206.33
379.27	-98.26
379.477	165.4
379.683	24.8
379.89	-22.16
380.097	64.77
380.303	66.27
380.51	-75.88
380.716	17.14
380.923	-183.46
381.129	43.45
381.336	288.98
381.542	36.78
381.749	19.25
381.955	2.8
382.162	148.1
382.368	115.55
382.575	32.75
382.781	679.31
382.988	-85.85
383.194	45.64
383.4	19.12
383.607	24.92
383.813	201.85
384.02	70.94
384.226	145.14
384.432	-64.53
384.639	52.07
384.845	-553.16
385.051	-3.67
385.257	27.91
385.464	48.6
385.67	38.06
385.876	-58.1
386.082	-152.2
386.289	9.33
386.495	-15.19
386.701	-87.62
386.907	-78.01
387.113	54.05
387.319	37.28
387.526	221.17
387.732	175.59
387.938	-82.4
388.144	-35.65
388.35	35.32
388.556	69.96
388.762	80.17
388.968	155.81
389.174	38.42
389.38	-58.1
389.586	-65.14
389.792	-52.06
389.998	14.47
390.204	86.01
390.41	41.1
390.616	37.2
390.822	1.31
391.028	3.21
391.234	12.93
391.439	123.3
391.645	47.78
391.851	62.05
392.057	-17.02
392.263	70.09
392.469	-16.27
392.674	-1.56
392.88	26.08
393.086	-35.09
393.292	-29.43
393.498	-86.38
393.703	2.57
393.909	65.78
394.115	12.94
394.32	21.9
394.526	5.06
394.732	76.9
394.937	53.8
395.143	-70.04
395.349	-14.04
395.554	-388.44
395.76	50.59
395.965	12.89
396.171	54.26
396.377	-59.69
396.582	10.52
396.788	-15.12
396.993	43.13
397.199	26.84
397.404	37.78
397.61	26.41
397.815	-26.56
398.021	-33.15
398.226	-23.41
398.431	-24.43
398.637	0.74
398.842	22.05
399.048	2.83
399.253	34.64
399.458	-7.21
399.664	4.96
399.869	14.1
400.074	25.85
400.28	9.25
400.485	0.51
400.69	1.82
400.896	-0.33
401.101	5.41
401.306	16.91
401.511	1.1
401.716	-8.79
401.922	-10.11
402.127	14.24
402.332	-19.5
402.537	20.05
402.742	31.52
402.947	57.75
403.153	-6.45
403.358	-7.53
403.563	2.3
403.768	6.73
403.973	3.42
404.178	-7.25
404.383	-6.36
404.588	14.41
404.793	16.8
404.998	-9.58
405.203	-1.74
405.408	17.28
405.613	6.87
405.818	5.98
406.023	4.59
406.228	-5.45
406.433	-8.48
406.638	-7.45
406.842	9.43
407.047	11.1
407.252	18.69
407.457	12.38
407.662	5.69
407.867	6.9
408.071	10.13
408.276	5.38
408.481	7.99
408.686	7.88
408.891	2.86
409.095	9.18
409.3	2.38
409.505	8.15
409.709	3.12
409.914	-0.55
410.119	10.54
410.323	-5.5
410.528	-0.67
410.733	4.24
410.937	3.07
411.142	-2.24
411.346	5.15
411.551	-3.76
411.756	3.43
411.96	2.19
412.165	-4.74
412.369	5.07
412.574	-0.14
412.778	-0.71
412.983	6.82
413.187	2.71
413.392	-6.45
413.596	1.36
413.8	4.92
414.005	3.58
414.209	2.86
414.414	1.49
414.618	0.98
414.822	0.11
415.027	2.04
415.231	3.37
415.435	2.09
415.64	1.32
415.844	3.31
416.048	3.42
416.252	2.52
416.457	3.82
416.661	3.52
416.865	1.23
417.069	0.91
417.274	1.12
417.478	1.85
417.682	1.33
417.886	0.12
418.09	1.55
418.294	3.08
418.498	3.17
418.702	1.4
418.907	3.96
419.111	-0.76
419.315	1.91
419.519	0.69
419.723	-1.57
419.927	1.97
420.131	2.96
420.335	0.22
420.539	0.62
420.743	3.63
420.947	0.86
421.151	1.05
421.355	-0.17
421.558	1.85
421.762	1.57
421.966	2.35
422.17	0.02
422.374	1.33
422.578	0.76
422.782	1.69
422.985	-0.06
423.189	0.99
423.393	0.11
423.597	0.67
423.801	1.42
424.004	1.24
424.208	1.06
424.412	0.26
424.615	1.25
424.819	2.05
425.023	2.04
425.226	0.55
425.43	1.1
425.634	1.06
425.837	1.06
426.041	0.71
426.245	1.17
426.448	1.28
426.652	0.6
426.855	0.45
427.059	0.79
427.262	0.81
427.466	0.68
427.669	1.02
427.873	0.55
428.076	1.3
428.28	0.59
428.483	0.67
428.687	0.75
428.89	0.72
429.094	0.13
429.297	0.52
429.5	0.48
429.704	0.99
429.907	1.91
430.11	0.91
430.314	0.93
430.517	1.05
430.72	1.13
430.924	0.98
431.127	0.72
431.33	0.87
431.533	1.5
431.737	0.81
431.94	0.69
432.143	1.04
432.346	0.39
432.549	0.77
432.752	0.2
432.956	1.18
433.159	0.22
433.362	0.07
433.565	0.58
433.768	0.95
433.971	0.27
434.174	0.89
434.377	0.77
434.58	1.11
434.783	0.19
434.986	0.84
435.189	0.82
435.392	0.67
435.595	1.03
435.798	1.14
436.001	0.9
436.204	0.66
436.407	0.71
436.61	0.69
436.813	1.19
437.016	0.73
437.219	0.65
437.421	0.72
437.624	1.01
437.827	0.82
438.03	0.82
438.233	0.65
438.435	0.85
438.638	1.09
438.841	0.88
439.044	0.83
439.246	0.43
439.449	0.81
439.652	0.75
439.854	0.97
440.057	0.73
440.26	0.46
440.462	1.01
440.665	0.28
440.868	0.92
441.07	0.63
441.273	1.21
441.475	0.61
441.678	0.54
441.88	0.52
442.083	0.45
442.286	0.83
442.488	0.38
442.69	1.21
442.893	0.79
443.095	0.67
443.298	0.72
443.5	0.83
443.703	0.55
443.905	0.7
444.108	0.83
444.31	0.61
444.512	0.59
444.715	1.12
444.917	0.61
445.119	0.93
445.322	0.3
445.524	0.99
445.726	0.52
445.928	0.68
446.131	0.96
446.333	0.78
446.535	0.8
446.737	0.58
446.94	1.05
447.142	0.88
447.344	0.7
447.546	0.64
447.748	0.87
447.95	0.54
448.152	1.12
448.354	0.88
448.557	1.19
448.759	0.94
448.961	0.43
449.163	0.92
449.365	1.05
449.567	0.81
449.769	0.78
449.971	0.92
450.173	1.03
450.375	1.14
450.577	1
450.779	0.79
450.981	1.16
451.182	0.61
451.384	0.76
451.586	0.96
451.788	1.07
451.99	1.32
452.192	0.2
452.394	1.37
452.595	1.4
452.797	0.55
452.999	1.38
453.201	1.06
453.402	0.91
453.604	0.96
453.806	1.31
454.008	0.93
454.209	1.02
454.411	1.12
454.613	0.68
454.814	0.68
455.016	1.31
455.218	0.94
455.419	1.74
455.621	1.15
455.822	0.44
456.024	1.07
456.225	1.31
456.427	1.55
456.629	1.15
456.83	1.05
457.032	1.08
457.233	0.81
457.435	0.53
457.636	1.54
457.837	0.96
458.039	0.82
458.24	1.16
458.442	1.38
458.643	0.86
458.844	1.34
459.046	1.14
459.247	1.53
459.448	1.2
459.65	1.49
459.851	1.27
460.052	1.76
460.254	1.24
460.455	1.42
460.656	1.45
460.857	0.81
461.059	0.98
461.26	1.39
461.461	1.27
461.662	1.04
461.863	0.69
462.065	1.47
462.266	1.05
462.467	0.71
462.668	0.43
462.869	1.63
463.07	0.95
463.271	1.12
463.472	0.78
463.673	1.19
463.874	1.54
464.075	1.57
464.276	0.74
464.477	0.99
464.678	1.14
464.879	0.68
465.08	0.95
465.281	1.86
465.482	0.55
465.683	0.39
465.884	1.29
466.085	1.61
466.285	1.47
466.486	1.79
466.687	1.55
466.888	1.67
467.089	1.36
467.29	0.32
467.49	1.09
467.691	1.51
467.892	0.99
468.093	1.78
468.293	1.87
468.494	2.09
468.695	0.52
468.895	1.07
469.096	0.25
469.297	1.36
469.497	1.49
469.698	2.79
469.898	0.96
470.099	1.65
470.3	2.02
470.5	1.37
470.701	2.41
470.901	2.48
471.102	2.27
471.302	1.15
471.503	1.61
471.703	2.48
471.904	1.84
472.104	1.39
472.305	1.12
472.505	1.86
472.705	1.29
472.906	1.42
473.106	2.03
473.306	0.5
473.507	2.22
473.707	2.1
473.907	1.43
474.108	0.39
474.308	1.66
474.508	1.88
474.709	2.66
474.909	1.52
475.109	-0.63
475.309	2.1
475.51	0.82
475.71	1.38
475.91	1.93
476.11	0.34
476.31	0.04
476.51	2.69
476.71	1.29
476.911	2.83
477.111	0.85
477.311	-0.19
477.511	2.51
477.711	1.53
477.911	0.56
478.111	4.11
478.311	0.8
478.511	0.73
478.711	2
478.911	0.95
479.111	2.21
479.311	0.92
479.511	3.66
479.711	1.38
479.91	0.21
480.11	2.9
480.31	1.97
480.51	2.3
480.71	2.23
480.91	1.64
481.109	1.9
481.309	2.16
481.509	1.23
481.709	1.99
481.909	2.29
482.108	0.82
482.308	1.14
482.508	2.47
482.707	2.95
482.907	1.79
483.107	3.59
483.306	2.55
483.506	1.84
483.706	0.27
483.905	0.93
484.105	2.31
484.304	1.69
484.504	-0.17
484.704	2.1
484.903	0.91
485.103	2.83
485.302	0.66
485.502	1.46
485.701	2.39
485.901	0.69
486.1	1.55
486.299	2.77
486.499	1.2
486.698	1.67
486.898	1.43
487.097	1.35
487.296	0.11
487.496	0.99
487.695	0.82
487.894	0.86
488.094	2.83
488.293	1.74
488.492	1.5
488.692	0.86
488.891	2.04
489.09	0.73
489.289	0.27
489.489	1.81
489.688	1.36
489.887	2.38
490.086	0.78
490.285	2.06
490.484	3.05
490.683	2.45
490.883	2.5
491.082	2.48
491.281	1.12
491.48	1.31
491.679	2.44
491.878	2.01
492.077	1.49
492.276	2.28
492.475	1.05
492.674	0.43
492.873	1.91
493.072	1.03
493.271	1.38
493.47	0.39
493.669	1.7
493.867	1.09
494.066	1.99
494.265	1.78
494.464	2.06
494.663	1.01
494.862	-0.01
495.06	1.12
495.259	0.57
495.458	1.65
495.657	1.89
495.856	1.87
496.054	2.19
496.253	0.92
496.452	1.26
496.65	1.35
496.849	0.71
497.048	2.04
497.246	1.45
497.445	1.46
497.644	1.38
497.842	0.92
498.041	1.8
498.239	1.22
498.438	1.9
498.636	1.23
498.835	1.84
499.034	1.45
499.232	0.63
499.431	1.41
499.629	0.67
499.827	1.93
500.026	1.21
500.224	1.21
500.423	0.42
500.621	1.19
500.82	1.38
501.018	2.44
501.216	1.18
501.415	1.65
501.613	1.08
501.811	1.35
502.01	1.51
502.208	1.44
502.406	2.06
502.604	1.41
502.803	1.58
503.001	2.23
503.199	1.69
503.397	1.99
503.595	1.24
503.794	0.68
503.992	1.99
504.19	1.82
504.388	1.8
504.586	1.29
504.784	1.1
504.982	1.93
505.18	1.57
505.378	1.33
505.576	2
505.774	1.6
505.972	1.56
506.17	1.99
506.368	1.74
506.566	1.5
506.764	1.88
506.962	1.87
507.16	1.91
507.358	1.35
507.556	1.53
507.754	2.02
507.952	1.83
508.15	1.37
508.347	1.64
508.545	1.83
508.743	1.17
508.941	1.42
509.139	2.18
509.336	1.7
509.534	2.19
509.732	2.19
509.93	1.24
510.127	1.77
510.325	1.75
510.523	2.27
510.72	2.32
510.918	2.11
511.116	1.7
511.313	1.14
511.511	2.19
511.708	1.68
511.906	2.19
512.104	1.94
512.301	2.11
512.499	2.35
512.696	1.65
512.894	1.36
513.091	2.1
513.289	1.93
513.486	1.93
513.683	2.15
513.881	2.06
514.078	2.12
514.276	2.4
514.473	1.8
514.67	2.45
514.868	2.33
515.065	2.03
515.262	2.38
515.46	1.86
515.657	2
515.854	1.97
516.052	1.51
516.249	2.39
516.446	1.76
516.643	2.58
516.84	2.55
517.038	2.36
517.235	1.97
517.432	2.5
517.629	2.68
517.826	2.46
518.023	2.57
518.221	2.74
518.418	2.74
518.615	2.47
518.812	2.37
519.009	2.29
519.206	2.16
519.403	2.69
519.6	2.4
519.797	2.29
519.994	2.63
520.191	2.63
520.388	2.9
520.585	2.35
520.782	2.47
520.978	2.24
521.175	2.61
521.372	2.81
521.569	2.94
521.766	2.13
521.963	2.07
522.159	2.34
522.356	2.76
522.553	2.41
522.75	2.9
522.947	2.75
523.143	2.91
523.34	3.03
523.537	2.78
523.733	2.59
523.93	2.45
524.127	2.87
524.323	3.02
524.52	2.87
524.717	2.71
524.913	3.1
525.11	2.65
525.306	3
525.503	2.65
525.7	2.85
525.896	2.52
526.093	2.93
526.289	2.85
526.486	2.96
526.682	2.23
526.878	2.94
527.075	2.96
527.271	2.84
527.468	2.87
527.664	3.3
527.861	3.15
528.057	2.85
528.253	3.21
528.45	2.62
528.646	2.75
528.842	3.1
529.039	2.58
529.235	3.4
529.431	2.88
529.627	2.95
529.824	2.92
530.02	2.97
530.216	2.94
530.412	3.38
530.608	3.01
530.804	3.14
531.001	3.53
531.197	2.79
531.393	3.2
531.589	3.05
531.785	3.23
531.981	3.2
532.177	3.49
532.373	3
532.569	3.1
532.765	3.21
532.961	2.75
533.157	2.85
533.353	2.78
533.549	3.2
533.745	3.27
533.941	3.5
534.137	3.53
534.333	2.66
534.529	3.32
534.725	2.88
534.92	3.06
535.116	3.14
535.312	3.17
535.508	3.38
535.704	3.2
535.899	2.97
536.095	3.24
536.291	3.21
536.487	2.68
536.682	3.59
536.878	3.24
537.074	2.71
537.269	2.99
537.465	3.17
537.661	3.12
537.856	3.07
538.052	3.15
538.248	3.19
538.443	3.64
538.639	3.25
538.834	3.24
539.03	3.36
539.225	3.41
539.421	3.5
539.616	3.54
539.812	3.13
540.007	3.37
540.203	3.3
540.398	3.19
540.593	3.49
540.789	3.55
540.984	3.53
541.18	3.17
541.375	3.42
541.57	3.69
541.766	3.58
541.961	3.33
542.156	3.62
542.352	3.41
542.547	3.41
542.742	3.25
542.937	3.32
543.133	3.77
543.328	3.35
543.523	3.49
543.718	3.12
543.913	3.49
544.108	3.42
544.304	3.57
544.499	3.49
544.694	3.38
544.889	3.42
545.084	4
545.279	3.7
545.474	3.57
545.669	3.67
545.864	3.4
546.059	3.37
546.254	3.27
546.449	3.24
546.644	3.24
546.839	3.46
547.034	3.18
547.229	3.39
547.424	3.65
547.618	3.76
547.813	3.56
548.008	3.71
548.203	3.7
548.398	3.74
548.593	3.7
548.787	4
548.982	3.56
549.177	3.37
549.372	3.66
549.566	3.78
549.761	3.51
549.956	3.39
550.15	3.58
550.345	3.65
550.54	3.85
550.734	3.77
550.929	3.69
551.124	3.65
551.318	3.7
551.513	3.59
551.707	3.7
551.902	4.1
552.096	3.67
552.291	3.86
552.485	3.94
552.68	3.77
552.874	3.77
553.069	3.82
553.263	3.85
553.458	3.94
553.652	3.73
553.847	3.54
554.041	3.78
554.235	3.63
554.43	4.14
554.624	4.03
554.818	4.19
555.013	3.65
555.207	4.12
555.401	3.83
555.595	3.97
555.79	3.72
555.984	3.84
556.178	4
556.372	4.21
556.566	3.96
556.761	3.94
556.955	4.16
557.149	4.05
557.343	4.01
557.537	3.7
557.731	3.96
557.925	3.91
558.119	3.82
558.313	3.72
558.507	4.25
558.701	4.04
558.895	4.17
559.089	4.16
559.283	3.89
559.477	4.3
559.671	4.08
559.865	3.74
560.059	4.02
560.253	3.98
560.447	4.15
560.641	4.15
560.835	4.22
561.028	3.98
561.222	4.23
561.416	4.31
561.61	4.01
561.804	4.08
561.997	4.17
562.191	3.86
562.385	4.22
562.579	3.7
562.772	4.26
562.966	3.98
563.16	3.97
563.353	4.19
563.547	4.17
563.741	4.02
563.934	3.98
564.128	3.88
564.321	3.83
564.515	4.01
564.708	3.95
564.902	4.16
565.095	4.18
565.289	4.28
565.482	3.78
565.676	4.18
565.869	4.13
566.063	4.26
566.256	4.12
566.45	3.89
566.643	4.26
566.836	3.94
567.03	4.28
567.223	4.16
567.416	4.4
567.61	4.42
567.803	4.34
567.996	4.25
568.19	4.27
568.383	4.42
568.576	4.05
568.769	4.28
568.963	4.13
569.156	4.37
569.349	4.31
569.542	4.24
569.735	4.19
569.928	4.24
570.121	4.67
570.315	4.12
570.508	3.9
570.701	4.36
570.894	4.13
571.087	3.96
571.28	4.42
571.473	4.23
571.666	4.51
571.859	4.04
572.052	4.13
572.245	4.59
572.438	4.18
572.631	4.13
572.824	4.35
573.016	4.43
573.209	4.19
573.402	4.26
573.595	3.97
573.788	4.36
573.981	4.11
574.173	4.05
574.366	4.45
574.559	4.05
574.752	4.2
574.944	4.09
575.137	4.2
575.33	4.24
575.523	4.4
575.715	4.33
575.908	4.25
576.101	4.35
576.293	4.29
576.486	3.81
576.678	4.27
576.871	4.36
577.063	4.27
577.256	4.1
577.449	4.27
577.641	4.04
577.834	4.2
578.026	4.28
578.219	4.3
578.411	4.17
578.603	4.54
578.796	4.51
578.988	4.6
579.181	4.21
579.373	4.29
579.565	4.4
579.758	4.27
579.95	4.18
580.142	4.13
580.335	4.24
580.527	4.26
580.719	3.99
580.912	4.45
581.104	4.45
581.296	4.54
581.488	4.27
581.68	4.3
581.873	4.21
582.065	4.27
582.257	3.96
582.449	4.26
582.641	4.61
582.833	4.22
583.025	3.95
583.217	4.33
583.41	4.25
583.602	4.42
583.794	4.03
583.986	4.37
584.178	4.49
584.37	4.62
584.562	4.1
584.753	4.47
584.945	4.31
585.137	4.14
585.329	4.27
585.521	4.51
585.713	4.5
585.905	4.42
586.097	4.25
586.289	4.28
586.48	4.12
586.672	4.22
586.864	4.18
587.056	4.64
587.247	4.49
587.439	4.16
587.631	4.24
587.823	4.22
588.014	4.63
588.206	4.17
588.398	4.35
588.589	4.94
588.781	4.29
588.972	4.36
589.164	4.38
589.356	4.45
589.547	4.56
589.739	4.31
589.93	4.62
590.122	4.34
590.313	4.21
590.505	4.38
590.696	4.65
590.888	4.54
591.079	4.55
591.271	4.7
591.462	4.43
591.653	4.6
591.845	4.82
592.036	4.75
592.227	4.43
592.419	4.33
592.61	4.14
592.801	4.16
592.993	4.76
593.184	5.01
593.375	4.05
593.566	4.69
593.758	4.56
593.949	4.69
594.14	4.29
594.331	4.3
594.522	4.87
594.713	4.71
594.905	4.96
595.096	4.27
595.287	4.69
595.478	4.46
595.669	4.96
595.86	4.73
596.051	4.47
596.242	4.65
596.433	4.63
596.624	4.76
596.815	5.03
597.006	4.74
597.197	4.7
597.388	4.26
597.579	4.54
597.77	4.62
597.96	4.95
598.151	4.85
598.342	4.62
598.533	4.96
598.724	4.66
598.915	4.54
599.105	4.63
599.296	5.11
599.487	4.1
599.678	4.82
599.868	5.26
600.059	4.91
600.25	4.91
600.44	4.77
600.631	5.01
600.822	4.84
601.012	4.62
601.203	4.9
601.394	4.76
601.584	5.23
601.775	4.92
601.965	5.11
602.156	5.02
602.346	5
602.537	4.43
602.727	5.27
602.918	4.54
603.108	4.91
603.299	5.07
603.489	5.36
603.679	4.77
603.87	4.89
604.06	5.29
604.251	4.91
604.441	4.4
604.631	4.6
604.822	4.45
605.012	4.61
605.202	5.69
605.392	4.66
605.583	4.66
605.773	4.83
605.963	5.08
606.153	4.86
606.344	4.97
606.534	5.18
606.724	5.1
606.914	5.07
607.104	5.01
607.294	5.1
607.484	4.79
607.674	4.94
607.864	5.18
608.054	4.85
608.245	5.15
608.435	4.99
608.625	5.73
608.814	4.57
609.004	4.71
609.194	4.78
609.384	5.18
609.574	4.99
609.764	4.74
609.954	4.82
610.144	4.93
610.334	5.34
610.524	4.97
610.713	5.11
610.903	5.01
611.093	5.31
611.283	5.09
611.473	4.82
611.662	4.79
611.852	4.98
612.042	4.69
612.231	4.7
612.421	5.39
612.611	4.85
612.8	5.06
612.99	5.23
613.18	5.32
613.369	5.12
613.559	5.35
613.748	4.64
613.938	5.29
614.128	5.01
614.317	5.14
614.507	5.44
614.696	5.39
614.886	5.35
615.075	4.84
615.264	5.12
615.454	5.23
615.643	4.95
615.833	5.67
616.022	4.85
616.211	5.47
616.401	4.85
616.59	5.74
616.779	4.92
616.969	5.15
617.158	4.65
617.347	5.07
617.537	5.28
617.726	4.73
617.915	4.72
618.104	5.02
618.293	5.22
618.483	4.72
618.672	5.35
618.861	5.68
619.05	5.03
619.239	5.77
619.428	5.76
619.617	5.72
619.806	4.75
619.995	5.07
620.184	5.19
620.373	4.96
620.562	5
620.751	4.63
620.94	4.77
621.129	5.2
621.318	5.06
621.507	5.35
621.696	4.61
621.885	5.14
622.074	5.27
622.263	4.64
622.452	5.39
622.64	4.62
622.829	4.66
623.018	5.08
623.207	4.46
623.396	4.96
623.584	4.88
623.773	5.4
623.962	5.13
624.15	5.58
624.339	5.5
624.528	5.53
624.716	4.76
624.905	4.56
625.094	4.96
625.282	5.15
625.471	4.2
625.659	5.08
625.848	4.74
626.037	4.87
626.225	5.83
626.414	4.92
626.602	5.7
626.791	5.26
626.979	5.27
627.167	5.2
627.356	4.94
627.544	5.05
627.733	5.67
627.921	5.72
628.109	4.88
628.298	5.34
628.486	5.57
628.674	5.17
628.863	5.47
629.051	5.15
629.239	5.74
629.428	4.19
629.616	5.24
629.804	5.27
629.992	5.63
630.18	5.65
630.369	5.67
630.557	5.45
630.745	5.19
630.933	4.93
631.121	5.3
631.309	5.27
631.497	6.14
631.685	5
631.873	4.93
632.061	5.35
632.249	5.91
632.437	6.04
632.625	6.03
632.813	5.65
633.001	5.39
633.189	5.19
633.377	5.49
633.565	4.2
633.753	4.57
633.941	5.65
634.129	5.73
634.316	5.04
634.504	5.44
634.692	5.23
634.88	5.2
635.068	6.32
635.255	4.5
635.443	5.54
635.631	4.78
635.818	6.15
636.006	5.19
636.194	5.85
636.382	5.04
636.569	5.22
636.757	6.31
636.944	5.36
637.132	5.31
637.32	6.11
637.507	4.64
637.695	5.11
637.882	5.28
638.07	6.06
638.257	5.83
638.445	5.05
638.632	4.41
638.82	4.94
639.007	4.76
639.194	5.13
639.382	5.57
639.569	5.56
639.757	5.47
639.944	4.4
640.131	5.52
640.319	5.07
640.506	4.71
640.693	5.82
640.88	5.85
641.068	5.47
641.255	5.38
641.442	5.43
641.629	4.13
641.817	5.26
642.004	5.54
642.191	5.17
642.378	5.62
642.565	5.46
642.752	5.39
642.939	4.47
643.126	5
643.313	5.29
643.501	4.59
643.688	4.98
643.875	4.08
644.062	5.77
644.249	4.9
644.435	4.84
644.622	4.23
644.809	4.93
644.996	4.75
645.183	4.77
645.37	6.39
645.557	4.76
645.744	3.97
645.931	5.14
646.117	3.53
646.304	5.38
646.491	5.45
646.678	4.66
646.865	4.93
647.051	5.04
647.238	4.63
647.425	4.62
647.611	4.35
647.798	4.38
647.985	4.71
648.171	5.28
648.358	4.05
648.545	4.48
648.731	4.17
648.918	4.9
649.104	4.55
649.291	5.4
649.477	3.86
649.664	5.3
649.85	4.55
650.037	4.8
650.223	4.73
650.41	4.86
650.596	4.39
650.783	4.34
650.969	4.56
651.155	5.15
651.342	3.82
651.528	4.23
651.714	4.76
651.901	5.13
652.087	4.87
652.273	4.62
652.46	5.13
652.646	5.82
652.832	4.98
653.018	4.53
653.204	5.28
653.391	4.97
653.577	4.44
653.763	5.19
653.949	5.37
654.135	4.79
654.321	4.44
654.507	4.8
654.693	4.53
654.879	4.54
655.065	2.6
655.252	3.61
655.438	5.97
655.624	4.8
655.809	3.07
655.995	3.95
656.181	5.29
656.367	5.46
656.553	5.11
656.739	4.86
656.925	5.09
657.111	5.45
657.297	5.71
657.482	4.39
657.668	4.32
657.854	4.46
658.04	3.31
658.226	3.13
658.411	4.37
658.597	5.27
658.783	4.19
658.968	4.5
659.154	4.36
659.34	5.4
659.525	3.93
659.711	5.48
659.897	3.65
660.082	3.95
660.268	4.92
660.453	3.17
660.639	4
660.824	4.9
661.01	4.63
661.195	3.75
661.381	2.9
661.566	5.61
661.752	3.29
661.937	3.61
662.123	3.79
662.308	4.24
662.494	4.72
662.679	3.43
662.864	4.41
663.05	3.29
663.235	5.25
663.42	3.57
663.605	4.07
663.791	3.91
663.976	3.14
664.161	4.29
664.346	4.01
664.532	3.06
664.717	5.28
664.902	4.22
665.087	5.77
665.272	4.49
665.457	3.8
665.642	3.02
665.828	2.78
666.013	4.67
666.198	2.3
666.383	5.79
666.568	3.21
666.753	4.68
666.938	3.86
667.123	5.06
667.308	5.07
667.493	3.3
667.677	3.73
667.862	3.44
668.047	3.6
668.232	4.06
668.417	5.33
668.602	4.27
668.787	5.54
668.971	4.16
669.156	5.51
669.341	2.02
669.526	5.27
669.711	5.42
669.895	6.31
670.08	4.04
670.265	3.54
670.449	5.31
670.634	3.27
670.819	3.15
671.003	3.78
671.188	4.21
671.372	4.33
671.557	5.77
671.742	5.8
671.926	3.54
672.111	3.88
672.295	4.11
672.48	3.94
672.664	1.11
672.849	2.16
673.033	4.1
673.217	4.62
673.402	4.64
673.586	2.03
673.771	3.1
673.955	4.96
674.139	5.15
674.324	3.64
674.508	3.71
674.692	3.69
674.876	3.79
675.061	5.07
675.245	4.38
675.429	6.1
675.613	2.07
675.798	6.76
675.982	6.66
676.166	4
676.35	4.08
676.534	4.26
676.718	4.85
676.902	7.59
677.087	3.04
677.271	5.66
677.455	6.04
677.639	1.99
677.823	6.07
678.007	7.76
678.191	6.71
678.375	5.83
678.559	7.34
678.742	4.6
678.926	6.31
679.11	8.15
679.294	4.44
679.478	4.62
679.662	4.77
679.846	6.64
680.029	7.1
680.213	6.58
680.397	5.08
680.581	3.58
680.765	7.37
680.948	7.94
681.132	6.19
681.316	5.14
681.499	6.62
681.683	7.84
681.867	6.4
682.05	8.51
682.234	6.13
682.417	7.11
682.601	8.36
682.785	9.54
682.968	5.44
683.152	9.73
683.335	6.96
683.519	7.87
683.702	6.63
683.886	9.66
684.069	10.75
684.253	9.71
684.436	7.84
684.619	5.6
684.803	7.37
684.986	7.27
685.169	11.58
685.353	7.72
685.536	7.19
685.719	6.44
685.903	8.85
686.086	5.5
686.269	11.41
686.452	6.93
686.636	12.43
686.819	7.6
687.002	9.05
687.185	11.73
687.368	8.05
687.551	7.91
687.734	11.46
687.918	7.36
688.101	7.55
688.284	12.71
688.467	9.47
688.65	9.02
688.833	10.71
689.016	10.02
689.199	5.66
689.382	12.92
689.565	11.99
689.748	7.77
689.93	5.91
690.113	11.04
690.296	11.14
690.479	9.63
690.662	10.51
690.845	8.6
691.028	9.43
691.21	12.87
691.393	9.45
691.576	12.38
691.759	4.48
691.941	14.3
692.124	12.47
692.307	11.75
692.489	12.66
692.672	7.71
692.855	12.48
693.037	13.27
693.22	12.69
693.403	7.88
693.585	12.07
693.768	12.98
693.95	11.23
694.133	9.93
694.315	12.04
694.498	14.24
694.68	7.71
694.863	17.99
695.045	16.9
695.228	10.11
695.41	17.56
695.592	14.5
695.775	9.63
695.957	14.16
696.139	13.19
696.322	8.64
696.504	11.46
696.686	11.88
696.869	14.38
697.051	19.01
697.233	18.07
697.415	14.22
697.597	12.73
697.78	10.57
697.962	13
698.144	17.26
698.326	15
698.508	16.22
698.69	13
698.872	13.25
699.055	23.09
699.237	15.7
699.419	12.14
699.601	14.8
699.783	18.27
699.965	12.08
700.147	16.14
700.329	18.1
700.51	19.01
700.692	21.53
700.874	14.74
701.056	18.51
701.238	18.79
701.42	20.74
701.602	20.08
701.783	14.83
701.965	14.09
702.147	15.08
702.329	18.12
702.511	9.43
702.692	14.69
702.874	10.16
703.056	11.89
703.237	18.75
703.419	16.14
703.601	20.23
703.782	22.96
703.964	18.12
704.146	16.84
704.327	15.01
704.509	25.87
704.69	11.78
704.872	19.35
705.053	16.14
705.235	19.36
705.416	15.47
705.598	17.81
705.779	19.31
705.961	20.98
706.142	22.53
706.323	20.5
706.505	11.43
706.686	12.41
706.867	13.66
707.049	16.06
707.23	17.15
707.411	17.23
707.593	18.62
707.774	11.67
707.955	13.23
708.136	15.54
708.318	21.61
708.499	11.22
708.68	18.43
708.861	20.56
709.042	18.88
709.223	17.16
709.404	10.08
709.585	18.21
709.767	15.79
709.948	17.55
710.129	21.14
710.31	16.3
710.491	21.26
710.672	16.17
710.853	10.04
711.034	30.33
711.214	23.91
711.395	22.9
711.576	24.67
711.757	19.75
711.938	16.41
712.119	17.78
712.3	26
712.481	22.82
712.661	11.82
712.842	17.7
713.023	20.73
713.204	15.47
713.384	18.17
713.565	16.02
713.746	13.55
713.926	-0.08
714.107	18.58
714.288	20.45
714.468	20.14
714.649	24.9
714.83	21.97
715.01	20.7
715.191	23.7
715.371	12.93
715.552	23.95
715.732	23.69
715.913	22.01
716.093	24.88
716.274	13.6
716.454	22.95
716.635	26.31
716.815	25.1
716.995	14.73
717.176	26.29
717.356	14.84
717.536	23.87
717.717	19.07
717.897	17.09
718.077	19.09
718.258	24.93
718.438	33.57
718.618	23.83
718.798	24.53
718.978	21.66
719.159	26.2
719.339	28.85
719.519	22.74
719.699	29.28
719.879	15.09
720.059	29.25
720.239	24.36
720.419	28.8
720.599	11.85
720.779	44.05
720.959	13.34
721.139	9.16
721.319	21.77
721.499	37.36
721.679	2.82
721.859	17.08
722.039	14.59
722.219	25.36
722.399	21.19
722.579	4.62
722.759	19.18
722.938	16.95
723.118	25.33
723.298	30.97
723.478	16.95
723.658	31.06
723.837	33.43
724.017	13.44
724.197	11.37
724.376	26.52
724.556	21.69
724.736	20.19
724.915	14.39
725.095	30.13
725.275	14.79
725.454	23.52
725.634	31.66
725.813	25.07
725.993	26.49
726.172	33.93
726.352	19.58
726.531	16.36
726.711	9.71
726.89	22.3
727.07	17.85
727.249	12.28
727.428	31.3
727.608	11.54
727.787	28.33
727.966	32.32
728.146	4.44
728.325	40.63
728.504	30.22
728.684	21.07
728.863	34.4
729.042	7.78
729.221	12.14
729.4	29.36
729.58	20.27
729.759	30.07
729.938	28.06
730.117	33.78
730.296	33.24
730.475	42.49
730.654	28.68
730.833	25.99
731.013	35.58
731.192	1.61
731.371	27.91
731.55	46.56
731.729	21.11
731.907	34.33
732.086	19.39
732.265	6.93
732.444	8.24
732.623	21.2
732.802	34.76
732.981	13.58
733.16	16.88
733.339	27.96
733.517	33.79
733.696	28.92
733.875	22.54
734.054	24.88
734.232	42.29
734.411	39.66
734.59	14.26
734.768	27.23
734.947	40.6
735.126	17.28
735.304	22.79
735.483	37.23
735.662	42.32
735.84	31.1
736.019	14.98
736.197	31.62
736.376	21.98
736.554	50.65
736.733	28.2
736.911	22.75
737.09	-0.68
737.268	16.5
737.447	40.98
737.625	37.71
737.803	10.28
737.982	19.7
738.16	27.73
738.338	16.73
738.517	29.1
738.695	37.86
738.873	18.34
739.052	23.75
739.23	5.55
739.408	18.43
739.586	27.46
739.764	34.75
739.943	35.06
740.121	23.55
740.299	-0.21
740.477	51.58
740.655	53.43
740.833	13.95
741.011	67.49
741.189	64.09
741.367	29.75
741.545	25.37
741.723	7.07
741.901	11.49
742.079	24.64
742.257	22.38
742.435	14.95
742.613	14.13
742.791	63.22
742.969	23.03
743.147	24.56
743.325	37.67
743.503	36.22
743.68	38.82
743.858	-5.32
744.036	23.18
744.214	-0.29
744.391	-8.88
744.569	-6.53
744.747	27.61
744.925	11.49
745.102	37.07
745.28	26.11
745.458	18.68
745.635	16.91
745.813	55.16
745.99	31.7
746.168	53.2
746.345	75.64
746.523	26.03
746.7	18.05
746.878	27.36
747.055	17.87
747.233	46.73
747.41	49.85
747.588	38.63
747.765	15.64
747.943	47.96
748.12	11.17
748.297	18.2
748.475	47.66
748.652	46.65
748.829	51.15
749.007	38.14
749.184	-0.98
749.361	31.2
749.538	69.43
749.716	34.89
749.893	29.77
750.07	42.67
750.247	46.42
750.424	53.81
750.601	69.12
750.778	4.87
750.956	13.09
751.133	15.8
751.31	23.55
751.487	37.68
751.664	24.94
751.841	49.83
752.018	38.69
752.195	43.3
752.372	21.95
752.549	-19.41
752.726	33.06
752.902	59.58
753.079	45.85
753.256	45.92
753.433	33.37
753.61	46.63
753.787	17.59
753.964	19.04
754.14	15.76
754.317	52.38
754.494	49.79
754.671	50.48
754.847	34.31
755.024	73.86
755.201	17.07
755.377	22.01
755.554	25.54
755.73	10.38
755.907	27.98
756.084	39.24
756.26	22.97
756.437	-8.16
756.613	49.38
756.79	21.78
756.966	46.84
757.143	35.47
757.319	53.56
757.496	31.77
757.672	44.44
757.849	21.99
758.025	21.25
758.201	24.48
758.378	64.82
758.554	43.97
758.73	14.95
758.907	9.64
759.083	29.07
759.259	26.55
759.435	29.09
759.612	17.79
759.788	48.46
759.964	24.23
760.14	27.04
760.316	13.07
760.493	19.4
760.669	62.2
760.845	13.29
761.021	-14.81
761.197	40.5
761.373	45.08
761.549	21.39
761.725	56.96
761.901	14.14
762.077	40.9
762.253	20.93
762.429	71.45
762.605	16.53
762.781	9.15
762.957	-9.82
763.133	40.67
763.308	55.15
763.484	25.95
763.66	15.82
763.836	31.06
764.012	64.65
764.187	27.46
764.363	71.27
764.539	-15.48
764.715	23.82
764.89	-41.34
765.066	-18.1
765.242	45.52
765.417	-24.07
765.593	-17.67
765.769	57.5
765.944	32.79
766.12	64.01
766.295	12.12
766.471	17.96
766.646	42.38
766.822	59.21
766.997	-49.48
767.173	30.79
767.348	-0.54
767.524	-16.05
767.699	46.16
767.875	15.62
768.05	5.23
768.225	80.9
768.401	-34.63
768.576	98.1
768.751	96.95
768.927	34.32
769.102	74.43
769.277	12.52
769.452	28.34
769.628	34.92
769.803	117.25
769.978	35.93
770.153	-36.42
770.328	39.42
770.503	74.33
770.679	30.26
770.854	11.43
771.029	-15.68
771.204	-424.5
771.379	11.21
771.554	77.6
771.729	54.94
771.904	-7.33
772.079	49.64
772.254	-6.95
772.429	36.95
772.604	4.05
772.779	-48.27
772.953	13.97
773.128	32.3
773.303	49.12
773.478	8.49
773.653	9.34
773.828	79.01
774.002	5.18
774.177	-11.44
774.352	26.96
774.527	21.7
774.701	6.42
774.876	66.09
775.051	-98.93
775.225	76.83
775.4	-29.27
775.575	0.58
775.749	-65.98
775.924	48.54
776.098	12.81
776.273	23.06
776.447	31.61
776.622	39.33
776.796	1.18
776.971	47.56
777.145	50.38
777.32	74.87
777.494	92.19
777.669	3.91
777.843	107.82
778.017	63.17
778.192	-1.76
778.366	103.66
778.54	34.01
778.715	71.99
778.889	111.91
779.063	42.77
779.237	91.31
779.412	-8.26
779.586	85.11
779.76	73.43
779.934	-27.75
780.108	84.27
780.282	82.09
780.457	11.07
780.631	-1.46
780.805	-76.13
780.979	-168.66
781.153	96.93
781.327	117.94
781.501	34.01
781.675	23.03
781.849	-10.81
782.023	40.34
782.197	28.04
782.371	-71.43
782.545	166.26
782.718	6.71
782.892	24.87
783.066	48.16
783.24	114.57
783.414	25.49
783.588	97.54
783.761	48.97
783.935	53.53
784.109	93.95
784.283	340
784.456	185.31
784.63	-70.98
784.804	54.01
784.977	2.62
785.151	66.36
785.324	-24.34
785.498	-9.48
785.672	-18.62
785.845	112.02
786.019	-298.1
786.192	28.48
786.366	-3.86
786.539	173.22
786.713	34.6
786.886	41.1
787.06	60.12
787.233	-17.54
787.406	6.28
787.58	40.5
787.753	73.98
787.926	1.86
788.1	173.62
788.273	-1122.64
788.446	-81.55
788.62	2306.45
788.793	11.02
788.966	151.96
789.139	29.01
789.313	-79.84
789.486	-3842.86
789.659	148
789.832	3.33
790.005	58.73
790.178	259.29
790.351	64.9
790.524	71.53
790.697	72.69
790.87	-52.28
791.044	1038.18
791.216	64.28
791.389	-394.12
791.562	46.48
791.735	-492.41
791.908	100
792.081	22.84
792.254	-467.03
792.427	-145.35
792.6	12.54
792.773	54.53
792.945	-688.06
793.118	88.09
793.291	73.63
793.464	79.57
793.637	-268.1
793.809	57.73
793.982	11.24
794.155	66.24
794.327	123.13
794.5	-250.77
794.673	-31.17
794.845	-96.11
795.018	63.45
795.19	-115.73
795.363	69.64
795.536	76.05
795.708	-1177.42
795.881	6580
796.053	14.11
796.226	230.29
796.398	62.98
796.57	71.49
796.743	5.54
796.915	8.25
797.088	12.55
797.26	-13.39
797.432	677.22
797.605	-79.68
797.777	-87.01
797.949	-62.16
798.122	18.9
798.294	234.53
798.466	-50.86
798.638	-88.09
798.81	-52.11
798.983	267.09
799.155	118.78
799.327	-6.99
799.499	120.13
799.671	218.73
799.843	13.11
800.015	146.69
800.187	17.81
800.359	123.95
800.531	78.79
800.703	21.03
800.875	74.66
801.047	38.4
801.219	186.01
801.391	-367.53
801.563	134.53
801.735	2.28
801.907	173.62
802.079	88.64
802.251	-572.53
802.422	-13.39
802.594	-55.84
802.766	55.94
802.938	94.62
803.11	11.84
803.281	-281.46
803.453	87.43
803.625	-1.64
803.796	43.05
803.968	32.15
804.14	-21.26
804.311	10.87
804.483	173.22
804.654	107.47
804.826	148.9
804.998	369.52
805.169	-43.63
805.341	71.2
805.512	234.16
805.684	31.01
805.855	128.62
806.026	173.85
806.198	203.07
806.369	-77.2
806.541	133.57
806.712	123.61
806.883	178.47
807.055	48.41
807.226	2.89
807.397	126.37
807.569	492.92
807.74	62.45
807.911	-56.73
808.082	137.67
808.253	-434.65
808.425	75.3
808.596	113.48
808.767	-3.6
808.938	40.98
809.109	337.62
809.28	-127.49
809.451	102.15
809.622	-66.84
809.793	-1061.29
809.964	-213.04
810.135	254.58
810.306	16.76
810.477	301.34
810.648	17.01
810.819	79.35
810.99	1300
811.161	-69.52
811.332	-133.51
811.503	35.46
811.674	653.85
811.844	-10.77
812.015	-17.15
812.186	247.24
812.357	17.6
812.527	26.41
812.698	-38.11
812.869	-13.21
813.04	100
813.21	-231.03
813.381	53.31
813.551	-1.41
813.722	-0.82
813.893	40.28
814.063	94.04
814.234	-750.91
814.404	30.02
814.575	95.93
814.745	100
814.916	102.1
815.086	-89.47
815.257	40.81
815.427	11.66
815.598	41.19
815.768	95.05
815.938	54.72
816.109	-26.32
816.279	67.88
816.449	-12.39
816.62	-342.11
816.79	109.64
816.96	-692.45
817.13	31.61
817.301	-180.2
817.471	34.55
817.641	144.17
817.811	-110.22
817.981	100
818.152	-42.18
818.322	-54.46
818.492	19.53
818.662	32.16
818.832	3.25
819.002	16.28
819.172	146.98
819.342	51.45
819.512	40.12
819.682	-2.69
819.852	44.65
820.022	49.45
820.192	-398.88
820.362	28.16
820.531	-44.63
820.701	58.02
820.871	-87.12
821.041	-90.05
821.211	58.54
821.381	7.23
821.55	28.51
821.72	16.28
821.89	-620
822.059	-16.29
822.229	13.89
822.399	73.09
822.568	81.19
822.738	626.83
822.908	284.05
823.077	51.29
823.247	29.02
823.416	876.47
823.586	-227.27
823.756	49.3
823.925	115.19
824.095	1411.63
824.264	-61.43
824.433	-101.77
824.603	97.71
824.772	21.53
824.942	-902.53
825.111	130.15
825.28	152.17
825.45	-160.87
825.619	263.98
825.788	140.45
825.958	63.29
826.127	-12.85
826.296	115.64
826.465	74.59
826.635	114.5
826.804	-4.63
826.973	157.56
827.142	48.94
827.311	-28.86
827.48	59.58
827.649	-20.38
827.818	383.46
827.988	148
828.157	62.38
828.326	-84.62
828.495	11.61
828.664	85.99
828.833	-27.21
829.002	-116.15
829.17	43.62
829.339	81.91
829.508	177.73
829.677	221.35
829.846	87.22
830.015	-31.83
830.184	-69.26
830.352	-111.07
830.521	376.26
830.69	-134.15
830.859	1652.94
831.027	352.63
831.196	-100.74
831.365	20.14
831.533	60.31
831.702	-79.76
831.871	-33.01
832.039	113.99
832.208	-390.43
832.377	-155.12
832.545	100
832.714	98.85
832.882	12.24
833.051	45.78
833.219	7128.57
833.388	215.99
833.556	-50.44
833.724	53.36
833.893	42.28
834.061	984.21
834.23	112.2
834.398	197.3
834.566	411.69
834.735	8328.57
834.903	983.02
835.071	-5660
835.239	44.92
835.408	121.97
835.576	323.26
835.744	81
835.912	34.32
836.08	120.11
836.249	-171.7
836.417	202.67
836.585	176.13
836.753	155.59
836.921	-224.32
837.089	2157.14
837.257	-848.84
837.425	-2.13
837.593	-37.66
837.761	-26.46
837.929	6.19
838.097	32.21
838.265	27.01
838.433	-53.44
838.601	125.46
838.769	100
838.936	-34.83
839.104	18.26
839.272	100
839.44	70.14
839.608	-192.68
839.775	19.69
839.943	61.73
840.111	113.46
840.279	18.95
840.446	547.76
840.614	318.18
840.781	-348.7
840.949	41.08
841.117	110.86
841.284	-136.91
841.452	-324.84
841.619	55.07
841.787	228.41
841.954	1132.56
842.122	9.83
842.289	89.71
842.457	120.4
842.624	108.2
842.792	-136.5
842.959	-92
843.126	66.2
843.294	-71.43
843.461	-84.89
843.629	311.2
843.796	79.27
843.963	-63.42
844.13	-31.83
844.298	62.93
844.465	138.48
844.632	-63.98
844.799	196.48
844.966	94.89
845.134	31.02
845.301	53.43
845.468	-66.89
845.635	83.04
845.802	-27.66
845.969	44.76
846.136	54.31
846.303	-784.21
846.47	36.09
846.637	63.08
846.804	36.84
846.971	-18.03
847.138	132.43
847.305	-409.73
847.472	205.78
847.639	32.55
847.805	109.55
847.972	100
848.139	182.4
848.306	1552.63
848.473	1174.63
848.639	31.43
848.806	-149.6
848.973	196.37
849.14	47
849.306	-93.72
849.473	-194.04
849.64	7.69
849.806	-89.47
849.973	41.62
850.139	20.53
850.306	31.39
850.472	122.14
850.639	-33.77
850.806	-2110.53
850.972	-77.39
851.139	4728.57
851.305	-1.2
851.471	-23.84
851.638	92.64
851.804	386.57
851.971	-91.57
852.137	44.72
852.303	212.34
852.47	60.06
852.636	-49.28
852.802	24.41
852.968	8.09
853.135	-76.65
853.301	-101.16
853.467	119.67
853.633	100
853.8	70.83
853.966	-448.22
854.132	100
854.298	-75.18
854.464	46.07
854.63	79.83
854.796	242.37
854.962	255.4
855.128	20.66
855.294	-102.89
855.46	-220.23
855.626	1.74
855.792	-80.69
855.958	30.1
856.124	48.47
856.29	20.53
856.456	28.55
856.622	-78.72
856.787	645.45
856.953	44.9
857.119	-6.93
857.285	48.82
857.45	66.08
857.616	10.54
857.782	1.79
857.948	73.67
858.113	26.28
858.279	87.82
858.445	411.81
858.61	267.44
858.776	31.98
858.941	-78.22
859.107	79
859.273	-94.82
859.438	-214.39
859.604	-89.47
859.769	-70.08
859.935	206.93
860.1	136.75
860.265	56.08
860.431	160.43
860.596	3014.29
860.762	107
860.927	133.99
861.092	117.25
861.258	-90.37
861.423	197.3
861.588	180.4
861.753	271.43
861.919	145.28
862.084	156.69
862.249	262.71
862.414	83.62
862.579	-107.11
862.745	77.73
862.91	192.99
863.075	53.09
863.24	5.7
863.405	262.81
863.57	6.19
863.735	89.06
863.9	-282.3
864.065	38.35
864.23	160.16
864.395	151.25
864.56	2.11
864.725	494.94
864.89	342.7
865.055	229.37
865.22	83.62
865.384	-75.28
865.549	-307.77
865.714	29.74
865.879	103.93
866.044	139.34
866.208	100
866.373	-229.67
866.538	74.71
866.702	-143.93
866.867	17.75
867.032	9.65
867.196	79.52
867.361	90.4
867.526	-193.56
867.69	-31.51
867.855	-5.49
868.019	-336.36
868.184	51.25
868.348	-18.77
868.513	-906.45
868.677	212.06
868.842	74.56
869.006	42.21
869.17	100
869.335	12.2
869.499	-179.61
869.663	219.21
869.828	-50.61
869.992	323.26
870.156	101.8
870.321	-75.95
870.485	-38.36
870.649	77.84
870.813	73.43
870.978	232.77
871.142	-176.92
871.306	-13.74
871.47	301.46
871.634	203.94
871.798	137.27
871.962	26.2
872.126	-9157.14
872.29	56.42
872.454	1300
872.618	71.29
872.782	601.49
872.946	381.88
873.11	166.33
873.274	259.54
873.438	664.71
873.602	-26.65
873.766	37.66
873.93	-54.52
874.094	100
874.257	29.97
874.421	321.97
874.585	230.91
874.749	2.75
874.912	220.86
875.076	97.02
875.24	-41.64
875.403	177.82
875.567	-133.14
875.731	302.25
875.894	139.18
876.058	65.55
876.222	-803.37
876.385	21.61
876.549	73.29
876.712	754.55
876.876	46.56
877.039	39.77
877.203	80.33
877.366	-156.81
877.529	-116.25
877.693	-34.67
877.856	106.58
878.02	-55.24
878.183	-73.04
878.346	-55.84
878.51	-303.54
878.673	-374.82
878.836	-5.99
878.999	-403.23
879.163	164.64
879.326	29.41
879.489	116.35
879.652	81.52
879.815	47.75
879.978	46.12
880.142	67.79
880.305	181.99
880.468	105.78
880.631	173.21
880.794	40.13
880.957	-251.22
881.12	382.35
881.283	-120.63
881.446	110.97
881.609	169.06
881.772	123.45
881.935	-747.06
882.097	127.62
882.26	-420.75
882.423	-32.66
882.586	77.86
882.749	183.97
882.912	269.33
883.074	51.33
883.237	97.4
883.4	14.06
883.562	13.07
883.725	61.6
883.888	128.35
884.05	-7820
884.213	-16.13
884.376	107.2
884.538	95.88
884.701	95.88
884.863	95.88
