181.954	141.7
182.172	141.7
182.39	141.7
182.608	3320
182.826	542.86
183.043	26.38
183.261	39.78
183.479	161.29
183.697	-294.12
183.914	-106.07
184.132	52.41
184.35	296.86
184.567	91.83
184.785	51.33
185.003	55.01
185.22	-150.21
185.438	117.08
185.656	-149.75
185.873	-464.62
186.091	113.69
186.309	2227.59
186.526	96.83
186.744	68.19
186.961	0.46
187.179	29.38
187.396	46.27
187.614	-58.46
187.831	-3640
188.049	8.59
188.266	43.19
188.484	-247.76
188.701	526.21
188.919	51.03
189.136	65.34
189.354	28.57
189.571	-101.42
189.789	53.66
190.006	25.53
190.223	70.27
190.441	46
190.658	-4942.86
190.876	90.91
191.093	-182.42
191.31	97.62
191.528	101.64
191.745	-112.63
191.962	70.09
192.179	30.82
192.397	-8.91
192.614	218.68
192.831	-15.95
193.049	61.17
193.266	95.15
193.483	93.65
193.7	956.92
193.917	178.06
194.135	139.57
194.352	-91.89
194.569	15.38
194.786	83.37
195.003	146.6
195.221	85.42
195.438	-113.78
195.655	37.19
195.872	110.51
196.089	33.98
196.306	43.37
196.523	45.77
196.74	180.41
196.957	70.2
197.174	47.72
197.391	47.36
197.608	44.9
197.825	-1038.71
198.042	45.96
198.259	-89.66
198.476	163.53
198.693	-1960
198.91	122.75
199.127	-695.52
199.344	93.12
199.561	5.78
199.778	12.29
199.995	307.46
200.212	489.66
200.429	120.38
200.646	108.86
200.862	644.94
201.079	-40.75
201.296	-30.46
201.513	165.05
201.73	-56.83
201.947	39.21
202.163	-52.51
202.38	89.02
202.597	244.92
202.814	-19.66
203.03	-1000
203.247	79.4
203.464	-38.62
203.681	387.01
203.897	130.34
204.114	132.08
204.331	89.08
204.547	-693.02
204.764	55.21
204.981	1117.65
205.197	220.43
205.414	289.84
205.63	-213.79
205.847	169.85
206.064	570.91
206.28	3.81
206.497	-65.01
206.713	115.83
206.93	-44.69
207.146	84.57
207.363	33.85
207.579	-76.92
207.796	104.42
208.012	-118.9
208.229	-86.57
208.445	33.24
208.662	14.45
208.878	181.86
209.095	-152.94
209.311	-14.93
209.528	-2028.57
209.744	23.94
209.96	56.95
210.177	83.5
210.393	40.37
210.609	6200
210.826	148.47
211.042	74.78
211.258	307.46
211.475	-43.85
211.691	-1.2
211.907	-179.75
212.124	-34.15
212.34	261.71
212.556	-55.74
212.772	-327.47
212.989	-46.36
213.205	-74.54
213.421	-204.02
213.637	397.01
213.853	87.94
214.069	831.58
214.286	-9.91
214.502	-534.33
214.718	64.58
214.934	135.41
215.15	62.3
215.366	110.54
215.582	119.43
215.798	55.9
216.015	18.32
216.231	-169.73
216.447	28.79
216.663	77.92
216.879	55.28
217.095	191.95
217.311	-433.96
217.527	77.06
217.743	106.8
217.959	901.89
218.175	27.92
218.391	-110.79
218.606	145.14
218.822	-206.96
219.038	-50.27
219.254	56
219.47	-2.48
219.686	887.64
219.902	95.49
220.118	17.06
220.334	10.01
220.549	-13.81
220.765	-73.12
220.981	71.55
221.197	-23.91
221.413	-723.08
221.628	458.23
221.844	-366.04
222.06	211.65
222.276	-22.3
222.491	17.16
222.707	93.77
222.923	-97.99
223.139	-25.12
223.354	-94.79
223.57	162.2
223.786	10.39
224.001	84.17
224.217	126.53
224.432	324.86
224.648	114.47
224.864	-74.7
225.079	-104.48
225.295	-8.44
225.51	271.35
225.726	92.97
225.942	105.96
226.157	38.82
226.373	-101.28
226.588	63.58
226.804	-242.11
227.019	37.19
227.235	12.63
227.45	48.14
227.665	1880
227.881	39.37
228.096	-154.78
228.312	95.78
228.527	144.67
228.743	-211.43
228.958	14.58
229.173	-311.3
229.389	25.76
229.604	10.63
229.819	92.1
230.035	-151.94
230.25	-23.91
230.465	-40
230.681	-186.97
230.896	-26.54
231.111	45.44
231.327	133.14
231.542	-3400
231.757	200
231.972	-88.34
232.187	-131.91
232.403	-4094.74
232.618	-113.22
232.833	99.55
233.048	-18.18
233.263	76.1
233.478	-300.87
233.694	-190.7
233.909	-1270.97
234.124	99.19
234.339	136.59
234.554	-48.28
234.769	74.22
234.984	124.66
235.199	99.19
235.414	200
235.629	-848.1
235.844	-10.38
236.059	93.76
236.274	105.74
236.489	45.77
236.704	98.97
236.919	116.03
237.134	14.97
237.349	161.29
237.564	-20.67
237.779	-15.3
237.994	41.7
238.209	150.55
238.424	67.48
238.639	17.11
238.853	-38.17
239.068	109.37
239.283	105.74
239.498	95.51
239.713	73
239.928	-12.81
240.142	171.29
240.357	46.32
240.572	-2.82
240.787	-87.74
241.001	-152.34
241.216	12.31
241.431	264.06
241.646	41.68
241.86	-63.68
242.075	-469.77
242.29	-25.4
242.504	-7.15
242.719	140.37
242.934	-225.2
243.148	90.66
243.363	-15.95
243.577	-204.49
243.792	88.26
244.007	-16.18
244.221	433.77
244.436	-1125.37
244.65	141.1
244.865	-152.61
245.079	135.43
245.294	-128.06
245.508	117.15
245.723	71.55
245.937	-261.54
246.152	10.27
246.366	33.28
246.581	-1.79
246.795	-175.46
247.01	-43.8
247.224	3.41
247.438	-30.44
247.653	10.59
247.867	44.51
248.081	98.97
248.296	756.1
248.51	25.66
248.724	53.09
248.939	-176.12
249.153	175.51
249.367	-48.14
249.582	92.1
249.796	137.66
250.01	-276.82
250.224	0.32
250.439	-165.07
250.653	72.34
250.867	-14.07
251.081	-44.55
251.295	56.3
251.51	67.23
251.724	-197.12
251.938	88.48
252.152	313.87
252.366	168.04
252.58	134.55
252.794	6.77
253.008	335.1
253.223	53.66
253.437	109.72
253.651	4.42
253.865	117.4
254.079	-54.68
254.293	-16.43
254.507	-520
254.721	74.94
254.935	41.76
255.149	134.04
255.363	51.49
255.577	385.23
255.791	8.81
256.005	96.93
256.218	84.86
256.432	6.65
256.646	31.22
256.86	-80.56
257.074	76.39
257.288	11240
257.502	-406.59
257.716	-13.78
257.929	83.99
258.143	8.63
258.357	-58.66
258.571	53.87
258.785	-118.61
258.998	9.83
259.212	228.63
259.426	76.23
259.64	85.9
259.853	83.39
260.067	45.43
260.281	36.26
260.494	0.48
260.708	568.32
260.922	20.12
261.135	77.1
261.349	34.62
261.563	81.45
261.776	1047.06
261.99	27.67
262.203	33.29
262.417	68.55
262.63	-141.69
262.844	321.35
263.058	57.63
263.271	7.21
263.485	71.1
263.698	126.22
263.912	-157.45
264.125	-103.16
264.339	-310.24
264.552	-32.02
264.765	-613.91
264.979	-112.23
265.192	167.3
265.406	80.78
265.619	113.44
265.832	73.59
266.046	-44.49
266.259	-35.93
266.473	-2045.16
266.686	97.08
266.899	101.59
267.113	-1480
267.326	-71.38
267.539	-29.32
267.752	92.84
267.966	100.95
268.179	89.3
268.392	40.28
268.605	171.65
268.819	136.77
269.032	-226.54
269.245	421.54
269.458	111.44
269.671	215.19
269.885	114.86
270.098	27.88
270.311	-270.89
270.524	-47.33
270.737	0.51
270.95	-133.77
271.163	58.27
271.376	625.81
271.589	-286.08
271.802	21.13
272.016	-128.34
272.229	28.84
272.442	-135.22
272.655	-25.49
272.868	-82.51
273.081	11.24
273.294	43.54
273.506	93.99
273.719	-36.71
273.932	-15.49
274.145	-280
274.358	54.35
274.571	-13.78
274.784	652.83
274.997	28.72
275.21	-23.65
275.423	-77.63
275.635	-35.18
275.848	35.11
276.061	25.17
276.274	15.86
276.487	346.09
276.699	-47.15
276.912	40.41
277.125	-24.68
277.338	54.99
277.55	45.34
277.763	81.45
277.976	197.6
278.189	-90.11
278.401	69.92
278.614	267.2
278.827	45.01
279.039	14.08
279.252	-64.65
279.464	-33.25
279.677	64.3
279.89	6.26
280.102	73.37
280.315	990.24
280.527	-2894.74
280.74	241.38
280.952	87.23
281.165	-60.49
281.377	-91.4
281.59	11.91
281.802	130.03
282.015	-37.11
282.227	37.96
282.44	450.36
282.652	173.03
282.865	103.32
283.077	49.64
283.29	86.66
283.502	47.44
283.714	256.87
283.927	136.34
284.139	-145.06
284.351	43.48
284.564	97.33
284.776	26.63
284.988	0.71
285.201	92.54
285.413	53.62
285.625	277.84
285.838	22.29
286.05	-3.7
286.262	-61.25
286.474	25.98
286.686	-9.47
286.899	-235.87
287.111	68.91
287.323	12.67
287.535	342.57
287.747	71.8
287.959	12.63
288.172	-192.73
288.384	-11.39
288.596	-89.75
288.808	18.87
289.02	811.32
289.232	15.38
289.444	-55.23
289.656	-128.34
289.868	44.49
290.08	-13.5
290.292	62.13
290.504	-19.83
290.716	-10.75
290.928	67.45
291.14	451.16
291.352	0.47
291.564	905.88
291.776	34.91
291.988	-204.91
292.2	-351.66
292.412	-20.54
292.624	-83.28
292.835	844.78
293.047	-3.24
293.259	-85.89
293.471	69.68
293.683	112.2
293.895	27.67
294.106	-51.54
294.318	12.19
294.53	37.95
294.742	2227.59
294.953	-61.25
295.165	36.55
295.377	-13.08
295.589	31.87
295.8	-26.69
296.012	71.5
296.224	16.81
296.435	118.24
296.647	76.01
296.858	-102.16
297.07	1067.69
297.282	-17.97
297.493	49.69
297.705	-122.29
297.916	-35.56
298.128	154.22
298.34	82.29
298.551	65.5
298.763	65.23
298.974	-39.62
299.186	-5.83
299.397	-55.39
299.609	741.94
299.82	197.18
300.031	-1.1
300.243	-494.74
300.454	236.81
300.666	21.3
300.877	330.81
301.089	77.45
301.3	44.27
301.511	-10.42
301.723	-116.63
301.934	719.4
302.145	-17.52
302.357	111.61
302.568	171.2
302.779	19.11
302.99	-42.15
303.202	61.64
303.413	106.07
303.624	-76.61
303.835	-479.25
304.047	-135.22
304.258	5.6
304.469	46.6
304.68	37.33
304.891	32.37
305.103	-87.26
305.314	62.77
305.525	1228.57
305.736	190.55
305.947	19.52
306.158	-1282.35
306.369	115.13
306.58	17.77
306.791	404.59
307.002	25.49
307.213	-81.8
307.424	-101.06
307.636	222.89
307.846	68.34
308.057	-44.66
308.268	76.39
308.479	-36.55
308.69	33.29
308.901	56.61
309.112	-1111.63
309.323	45.68
309.534	47.1
309.745	28.08
309.956	169.41
310.167	-27.9
310.377	79.69
310.588	24.32
310.799	59.11
311.01	-29.61
311.221	-56.46
311.432	-7.42
311.642	-82.95
311.853	60.69
312.064	-1000
312.275	57.25
312.485	173.98
312.696	28.09
312.907	-17.09
313.117	44.32
313.328	14.46
313.539	-30.18
313.749	-76.92
313.96	-1105.49
314.171	-12.64
314.381	74.48
314.592	12.44
314.802	-1.33
315.013	-15.8
315.224	21.4
315.434	-431.58
315.645	2360
315.855	23.43
316.066	-69.66
316.276	55.83
316.487	-356.1
316.697	54.71
316.908	-37.76
317.118	36.86
317.329	-21.41
317.539	63.81
317.749	127.9
317.96	235.82
318.17	-108.42
318.381	384.62
318.591	-367.03
318.801	43.7
319.012	-92.58
319.222	293.2
319.432	-59.06
319.643	151.02
319.853	108.52
320.063	45.22
320.273	52.57
320.484	-10.99
320.694	219.59
320.904	57.63
321.114	617.98
321.325	1110.34
321.535	-220.85
321.745	-98.28
321.955	97.77
322.165	-111.78
322.375	80.13
322.585	148.47
322.796	406.9
323.006	17.46
323.216	60.47
323.426	107.69
323.636	44.98
323.846	903.45
324.056	28.33
324.266	12.84
324.476	44.76
324.686	427.03
324.896	87.96
325.106	1083.02
325.316	25.04
325.526	-178.95
325.736	46
325.946	-36.83
326.156	1462.34
326.366	-582.61
326.576	-12.52
326.785	-5.03
326.995	94.62
327.205	103.52
327.415	122.71
327.625	-1.46
327.835	37.16
328.044	115.58
328.254	-19.13
328.464	115.19
328.674	40.35
328.884	-507.91
329.093	289.84
329.303	81.07
329.513	214.91
329.722	-178.95
329.932	-16.82
330.142	40.13
330.351	35.33
330.561	243.64
330.771	-176.38
330.98	-61.58
331.19	-187.69
331.4	-126.5
331.609	40.58
331.819	931.71
332.028	-122.29
332.238	12.88
332.447	70.14
332.657	90.36
332.866	231.27
333.076	-6
333.285	12.38
333.495	238.71
333.704	27.8
333.914	91.73
334.123	-58.87
334.333	1123.08
334.542	0.54
334.752	-483.08
334.961	562.26
335.17	-348.74
335.38	-94.28
335.589	58.53
335.798	29.98
336.008	595.6
336.217	-126.81
336.426	3.74
336.636	-106.38
336.845	-63.66
337.054	527.27
337.263	-41.19
337.473	41.68
337.682	129.64
337.891	-16.46
338.1	174.1
338.309	80.43
338.519	216.4
338.728	94.94
338.937	48.82
339.146	502.16
339.355	-94.34
339.564	1210.53
339.773	-222.11
339.983	-20.96
340.192	-259.13
340.401	88.83
340.61	22.1
340.819	88.02
341.028	-87.21
341.237	764.71
341.446	83.36
341.655	0.5
341.864	-186.73
342.073	25.04
342.282	-132.53
342.491	31.08
342.699	491.26
342.908	-236.36
343.117	32.19
343.326	25.1
343.535	-541.82
343.744	0.47
343.953	49.14
344.162	92.67
344.37	-45.03
344.579	-122.39
344.788	-2.56
344.997	-65.41
345.206	-14.98
345.414	-28.79
345.623	53.87
345.832	-13.58
346.041	17.26
346.249	58.82
346.458	1.43
346.667	46.37
346.875	69.36
347.084	41.59
347.293	31.53
347.501	57.82
347.71	22.11
347.918	27.31
348.127	200
348.336	-451.66
348.544	131.01
348.753	-265.67
348.961	-79.07
349.17	264.86
349.378	193.83
349.587	83.87
349.795	25.24
350.004	236.92
350.212	60.85
350.421	-129.2
350.629	33.23
350.838	-15.47
351.046	128.18
351.254	66.92
351.463	-30.84
351.671	-1000
351.879	-22.65
352.088	44.27
352.296	592.92
352.504	129.55
352.713	-28.34
352.921	-83.46
353.129	-43.94
353.338	-177.84
353.546	-35.08
353.754	23.31
353.962	-180.81
354.171	-17.18
354.379	-747.37
354.587	51.92
354.795	-81.43
355.003	-5.39
355.212	-82.78
355.42	607.55
355.628	127.71
355.836	-35.93
356.044	69.22
356.252	56.11
356.46	7.78
356.668	1104.62
356.876	45.87
357.084	-40
357.292	63.07
357.5	-64.04
357.708	-32.59
357.916	13.62
358.124	67.06
358.332	2.99
358.54	-410.91
358.748	-33.77
358.956	26.35
359.164	17.89
359.372	49.83
359.58	-223.02
359.788	26.41
359.996	-33.25
360.203	16.78
360.411	-47.58
360.619	-312.56
360.827	124.44
361.035	-131.29
361.242	171.85
361.45	184.81
361.658	-38.86
361.866	-48.97
362.073	93.99
362.281	32.65
362.489	-27.61
362.697	60.59
362.904	-104.53
363.112	74.17
363.32	-10.49
363.527	179.13
363.735	-133.59
363.943	-1.27
364.15	157.6
364.358	-45.29
364.565	15.98
364.773	-74.15
364.98	4.95
365.188	-35.85
365.395	66
365.603	8.81
365.81	2.87
366.018	70.11
366.225	88.04
366.433	-11.41
366.64	12.03
366.848	62.4
367.055	42.01
367.263	50.76
367.47	99.43
367.677	169.62
367.885	-55.43
368.092	55.47
368.299	-87.32
368.507	115.31
368.714	773.45
368.921	-177.95
369.129	94.27
369.336	13.63
369.543	28.94
369.751	-39.68
369.958	-31.39
370.165	11.74
370.372	24.39
370.579	3.58
370.787	58.82
370.994	302.3
371.201	-71.39
371.408	6.99
371.615	-37.01
371.822	-7.74
372.029	-76.61
372.237	-417.14
372.444	-7.57
372.651	-40.39
372.858	-28.74
373.065	57.63
373.272	114.07
373.479	-2158.62
373.686	-84.36
373.893	-196.12
374.1	39.23
374.307	-309.35
374.514	10.53
374.721	-14.55
374.928	667.53
375.135	41.51
375.341	5240
375.548	-42.2
375.755	-83.38
375.962	3.11
376.169	28.57
376.376	-57.49
376.583	5.76
376.789	70.05
376.996	54.4
377.203	-93.39
377.41	4.37
377.617	80.84
377.823	7.49
378.03	974.19
378.237	89.12
378.443	-129.14
378.65	449.06
378.857	0.74
379.063	-58.23
379.27	-436.52
379.477	52.86
379.683	-153.13
379.89	29.48
380.097	-58.32
380.303	29.66
380.51	-5.19
380.716	46.95
380.923	-45.67
381.129	58.62
381.336	-310.24
381.542	20.51
381.749	36.26
381.955	97.5
382.162	139.88
382.368	-2.16
382.575	-3.85
382.781	-1124.14
382.988	-38.62
383.194	-37.83
383.4	21.73
383.607	51.06
383.813	155.72
384.02	52.27
384.226	-67.08
384.432	-161.97
384.639	45.37
384.845	-1015.19
385.051	-17.71
385.257	21.28
385.464	29.98
385.67	42.06
385.876	-9.94
386.082	-105.08
386.289	11.57
386.495	-30.38
386.701	-97.07
386.907	-67.01
387.113	-6.23
387.319	63
387.526	-50.16
387.732	-45.67
387.938	257.6
388.144	-40
388.35	25.26
388.556	86.89
388.762	61.16
388.968	897.67
389.174	33.29
389.38	104.1
389.586	-15.47
389.792	-129.77
389.998	-48.81
390.204	-51.9
390.41	82.19
390.616	-40
390.822	-8.6
391.028	64.74
391.234	29.21
391.439	13.59
391.645	-21.92
391.851	29.21
392.057	-22.56
392.263	52.84
392.469	-21.57
392.674	9.02
392.88	3.8
393.086	-12.69
393.292	17.92
393.498	-244.69
393.703	18.06
393.909	9.02
394.115	83.93
394.32	-14.77
394.526	-6.44
394.732	62.43
394.937	70.64
395.143	-115.79
395.349	10.8
395.554	-107.54
395.76	41.3
395.965	-26.78
396.171	53.62
396.377	-39.53
396.582	54.14
396.788	-19.19
396.993	19.2
397.199	-3.09
397.404	46.01
397.61	-20.78
397.815	17.03
398.021	23
398.226	16.51
398.431	10.97
398.637	29.48
398.842	25.85
399.048	19.88
399.253	33.57
399.458	39.95
399.664	22.35
399.869	-38.13
400.074	19.08
400.28	12.8
400.485	-42.62
400.69	-28.13
400.896	-3.85
401.101	-15.49
401.306	5.36
401.511	-7.49
401.716	-11.69
401.922	-17.42
402.127	-1.06
402.332	-16.24
402.537	12.31
402.742	2.37
402.947	41.09
403.153	-38.27
403.358	13.66
403.563	13.61
403.768	24.25
403.973	10.47
404.178	3.37
404.383	-11.4
404.588	-0.29
404.793	24.69
404.998	1.42
405.203	0.46
405.408	0.07
405.613	3.06
405.818	6.49
406.023	4.15
406.228	-6.21
406.433	-10.54
406.638	-1.65
406.842	10.26
407.047	5.02
407.252	3.75
407.457	15.77
407.662	7.86
407.867	7.04
408.071	7.06
408.276	0.26
408.481	9.92
408.686	-0.17
408.891	10.04
409.095	13.14
409.3	5.3
409.505	3.37
409.709	-1.15
409.914	2.75
410.119	4.24
410.323	5.47
410.528	-3.02
410.733	7.83
410.937	4.29
411.142	2.48
411.346	-0.61
411.551	-1.22
411.756	3.62
411.96	5.17
412.165	-5.75
412.369	0.35
412.574	2.95
412.778	3.58
412.983	1.61
413.187	5.23
413.392	0.83
413.596	6.4
413.8	2.99
414.005	5.27
414.209	0.93
414.414	0.92
414.618	1.03
414.822	5.11
415.027	3.45
415.231	2.94
415.435	3.92
415.64	4.32
415.844	1.47
416.048	2.97
416.252	4.88
416.457	2.09
416.661	1.24
416.865	0.82
417.069	0.94
417.274	4.67
417.478	2.43
417.682	1.12
417.886	1.42
418.09	4.1
418.294	4.38
418.498	2.69
418.702	3.13
418.907	2.88
419.111	2.4
419.315	3.14
419.519	4.12
419.723	1.08
419.927	2.64
420.131	3.47
420.335	2.35
420.539	2.24
420.743	4.61
420.947	1.4
421.151	3.03
421.355	1.41
421.558	3.59
421.762	2.49
421.966	1.69
422.17	2.67
422.374	3.58
422.578	3.36
422.782	2.27
422.985	1.4
423.189	1.88
423.393	1.76
423.597	2.78
423.801	1.74
424.004	2.13
424.208	2.39
424.412	1.55
424.615	2.06
424.819	2.78
425.023	2.98
425.226	2.35
425.43	2.35
425.634	2.77
425.837	2.24
426.041	2.79
426.245	2.57
426.448	2.63
426.652	2.26
426.855	1.24
427.059	2.22
427.262	2.36
427.466	1.2
427.669	2.64
427.873	1.64
428.076	2.35
428.28	1.93
428.483	2.17
428.687	2.59
428.89	2.75
429.094	1.75
429.297	1.52
429.5	2.25
429.704	2.04
429.907	2.26
430.11	1.92
430.314	1.98
430.517	1.68
430.72	2.05
430.924	2.19
431.127	1.8
431.33	2.35
431.533	2.42
431.737	1.91
431.94	1.73
432.143	2.03
432.346	2.13
432.549	2.55
432.752	1.67
432.956	2.35
433.159	1.85
433.362	1.7
433.565	1.95
433.768	1.81
433.971	1.67
434.174	1.95
434.377	1.98
434.58	2.2
434.783	1.73
434.986	2.38
435.189	2.46
435.392	2.03
435.595	2.62
435.798	2.35
436.001	2.58
436.204	2.27
436.407	1.94
436.61	2.23
436.813	2.54
437.016	2.07
437.219	2.31
437.421	2.13
437.624	2.06
437.827	1.95
438.03	2.36
438.233	1.96
438.435	2.25
438.638	2.21
438.841	1.89
439.044	2.03
439.246	2.03
439.449	2.13
439.652	2.28
439.854	2.22
440.057	2.16
440.26	2.07
440.462	2.22
440.665	2.08
440.868	2.22
441.07	2.37
441.273	2.47
441.475	2.19
441.678	2.06
441.88	2.18
442.083	1.88
442.286	2.15
442.488	1.97
442.69	2.34
442.893	2.47
443.095	1.76
443.298	2.25
443.5	2.21
443.703	2.16
443.905	1.93
444.108	2.41
444.31	2.22
444.512	2.06
444.715	2.33
444.917	2.02
445.119	2.43
445.322	2.17
445.524	2.28
445.726	2.35
445.928	2.12
446.131	2.28
446.333	2.19
446.535	2.73
446.737	2.24
446.94	2.62
447.142	2.22
447.344	2.3
447.546	2.43
447.748	2.12
447.95	2.54
448.152	2.43
448.354	2.19
448.557	2.79
448.759	2.43
448.961	2.22
449.163	2.51
449.365	2.61
449.567	2.26
449.769	2.56
449.971	2.78
450.173	2.67
450.375	2.75
450.577	2.41
450.779	2.7
450.981	2.61
451.182	2.41
451.384	2.43
451.586	3.12
451.788	2.5
451.99	2.62
452.192	2.32
452.394	3.04
452.595	3.1
452.797	2.78
452.999	2.64
453.201	3.05
453.402	2.97
453.604	2.6
453.806	3.23
454.008	2.74
454.209	3.12
454.411	3.18
454.613	2.94
454.814	2.97
455.016	2.5
455.218	2.76
455.419	3.12
455.621	3.29
455.822	2.71
456.024	2.66
456.225	3.08
456.427	3.1
456.629	2.6
456.83	3.09
457.032	2.88
457.233	2.58
457.435	2.89
457.636	3.21
457.837	3.46
458.039	2.9
458.24	3.3
458.442	2.88
458.643	2.35
458.844	3.92
459.046	3.29
459.247	3.69
459.448	3.26
459.65	2.78
459.851	3.11
460.052	3.34
460.254	3.4
460.455	3.73
460.656	3.03
460.857	3.09
461.059	2.33
461.26	3.05
461.461	3.99
461.662	3.2
461.863	3.27
462.065	3.57
462.266	3.7
462.467	3.09
462.668	3.35
462.869	3.72
463.07	3.34
463.271	3.16
463.472	2.38
463.673	3.17
463.874	3.54
464.075	3.42
464.276	3.19
464.477	3.51
464.678	3.74
464.879	4.05
465.08	3.37
465.281	3.81
465.482	3.21
465.683	3.05
465.884	4.05
466.085	3.55
466.285	2.75
466.486	4.06
466.687	4.11
466.888	3.76
467.089	4.19
467.29	4.16
467.49	3.73
467.691	4.04
467.892	3.43
468.093	3.73
468.293	3.44
468.494	3.27
468.695	3.83
468.895	4.62
469.096	2.79
469.297	2.73
469.497	3.55
469.698	4.72
469.898	2.23
470.099	4.31
470.3	3.89
470.5	2.36
470.701	4.83
470.901	4.68
471.102	4.5
471.302	3.74
471.503	4.11
471.703	4.55
471.904	3.85
472.104	2.72
472.305	3.59
472.505	3.25
472.705	3.29
472.906	3.78
473.106	4.93
473.306	1.65
473.507	3.9
473.707	4.17
473.907	2.59
474.108	2.25
474.308	3.65
474.508	3.81
474.709	3.86
474.909	3.76
475.109	2.41
475.309	3.1
475.51	3.16
475.71	3.09
475.91	4.85
476.11	2.36
476.31	4.27
476.51	3.8
476.71	3.73
476.911	4.7
477.111	3.74
477.311	1.56
477.511	3.52
477.711	4.7
477.911	3
478.111	4.01
478.311	2.24
478.511	3.04
478.711	5.26
478.911	3.2
479.111	4.6
479.311	3.72
479.511	4.96
479.711	2.57
479.91	2.23
480.11	5.11
480.31	2.93
480.51	5.27
480.71	3.81
480.91	3.79
481.109	5.13
481.309	3.28
481.509	2.69
481.709	4.86
481.909	4.74
482.108	3.34
482.308	3.14
482.508	4.26
482.707	4.89
482.907	3.77
483.107	3.58
483.306	4.27
483.506	4.21
483.706	2.97
483.905	4.13
484.105	4.44
484.304	3.29
484.504	3.07
484.704	3.7
484.903	3.37
485.103	4.6
485.302	3.67
485.502	4.75
485.701	3.56
485.901	2.43
486.1	4.11
486.299	2.51
486.499	3.7
486.698	3.88
486.898	2.95
487.097	4.23
487.296	2.9
487.496	3.7
487.695	4.01
487.894	3.6
488.094	4.2
488.293	3.05
488.492	2.8
488.692	3.2
488.891	3.44
489.09	2.52
489.289	2.32
489.489	4.65
489.688	3.74
489.887	2.85
490.086	4.31
490.285	4.09
490.484	4.55
490.683	4.23
490.883	4.76
491.082	4.47
491.281	5.05
491.48	2.53
491.679	4.89
491.878	4.42
492.077	5.38
492.276	4.3
492.475	4.39
492.674	3.1
492.873	3.86
493.072	3.28
493.271	4.06
493.47	2.69
493.669	3.24
493.867	3.18
494.066	4.13
494.265	5.23
494.464	4.84
494.663	3.08
494.862	4.22
495.06	3.43
495.259	2.32
495.458	3.57
495.657	3.84
495.856	4.23
496.054	4.82
496.253	3.79
496.452	3.59
496.65	3.65
496.849	3.75
497.048	3.86
497.246	3.27
497.445	4.17
497.644	3.5
497.842	5.07
498.041	4.51
498.239	4.05
498.438	4.48
498.636	3.29
498.835	4.73
499.034	3.41
499.232	3.58
499.431	3.87
499.629	4.16
499.827	4.25
500.026	4.16
500.224	4.55
500.423	3.76
500.621	3.96
500.82	4.33
501.018	4.32
501.216	4.55
501.415	5.49
501.613	4.61
501.811	4.43
502.01	5.32
502.208	4.44
502.406	5.33
502.604	5.24
502.803	4.78
503.001	5.14
503.199	5.06
503.397	5.02
503.595	4.39
503.794	4.27
503.992	4.83
504.19	4.95
504.388	4.52
504.586	4.69
504.784	4.16
504.982	4.58
505.18	4.89
505.378	5.19
505.576	5.3
505.774	4.67
505.972	5.33
506.17	5.53
506.368	5
506.566	4.63
506.764	5.2
506.962	5.25
507.16	5.28
507.358	5.25
507.556	5.58
507.754	5.67
507.952	6.08
508.15	5.61
508.347	5.84
508.545	5.97
508.743	5.73
508.941	5.42
509.139	5.61
509.336	5.84
509.534	6.05
509.732	6.17
509.93	5.73
510.127	6.13
510.325	5.97
510.523	5.79
510.72	6.12
510.918	6.58
511.116	5.94
511.313	5.66
511.511	5.92
511.708	6.01
511.906	6.64
512.104	6.41
512.301	6.34
512.499	6.5
512.696	6.46
512.894	6.04
513.091	6.81
513.289	6.12
513.486	6.35
513.683	6.16
513.881	6.75
514.078	6.81
514.276	7.33
514.473	6.55
514.67	7.43
514.868	7.24
515.065	7.13
515.262	7.4
515.46	6.77
515.657	7.19
515.854	6.96
516.052	7.16
516.249	7.46
516.446	7.21
516.643	7.52
516.84	8.05
517.038	6.75
517.235	6.97
517.432	7.83
517.629	7.61
517.826	8.1
518.023	7.37
518.221	8.02
518.418	7.85
518.615	7.55
518.812	8.15
519.009	7.66
519.206	7.99
519.403	7.47
519.6	7.68
519.797	7.54
519.994	8.05
520.191	8.14
520.388	8.15
520.585	8.12
520.782	7.99
520.978	7.91
521.175	8.43
521.372	8.67
521.569	8.24
521.766	8.18
521.963	7.61
522.159	8.27
522.356	8.19
522.553	8.1
522.75	8.01
522.947	8.38
523.143	8.65
523.34	9.43
523.537	8.58
523.733	8.41
523.93	8.37
524.127	8.48
524.323	8.65
524.52	8.31
524.717	8.47
524.913	8.82
525.11	8.52
525.306	9.49
525.503	8.35
525.7	9.26
525.896	8.42
526.093	9.52
526.289	8.81
526.486	8.75
526.682	9.19
526.878	9.04
527.075	9.16
527.271	8.6
527.468	8.99
527.664	9.13
527.861	9.47
528.057	8.79
528.253	9.72
528.45	9.18
528.646	9.04
528.842	9.55
529.039	8.68
529.235	9.4
529.431	9.33
529.627	9.3
529.824	9.57
530.02	9.37
530.216	9.92
530.412	9.62
530.608	9.21
530.804	9.79
531.001	9.72
531.197	9.77
531.393	10.32
531.589	9.72
531.785	9.9
531.981	9.51
532.177	9.95
532.373	9.79
532.569	10.02
532.765	9.63
532.961	9.24
533.157	9.25
533.353	10.04
533.549	9.89
533.745	10.08
533.941	10.12
534.137	10.05
534.333	9.52
534.529	10.17
534.725	9.97
534.92	10.11
535.116	9.86
535.312	10.11
535.508	9.87
535.704	9.94
535.899	9.64
536.095	9.72
536.291	9.79
536.487	10.02
536.682	10.18
536.878	10.14
537.074	9.97
537.269	10.04
537.465	10.05
537.661	10.26
537.856	9.7
538.052	10.18
538.248	10.61
538.443	10.03
538.639	9.95
538.834	10.26
539.03	10.18
539.225	10.52
539.421	10
539.616	10.31
539.812	10.71
540.007	10.42
540.203	9.88
540.398	10.35
540.593	10.47
540.789	10.52
540.984	10.75
541.18	10.49
541.375	9.93
541.57	10.71
541.766	10.24
541.961	10.57
542.156	10.47
542.352	10.53
542.547	10.26
542.742	10.56
542.937	10.35
543.133	10.85
543.328	11.09
543.523	10.25
543.718	10.73
543.913	10.76
544.108	10.6
544.304	10.27
544.499	10.61
544.694	10.64
544.889	10.66
545.084	11.04
545.279	10.71
545.474	10.74
545.669	11.03
545.864	10.72
546.059	10.67
546.254	10.14
546.449	10.73
546.644	10.4
546.839	11.02
547.034	10.84
547.229	10.9
547.424	10.96
547.618	10.78
547.813	11.14
548.008	10.62
548.203	10.96
548.398	10.83
548.593	10.84
548.787	11.43
548.982	10.6
549.177	10.87
549.372	11.09
549.566	11.18
549.761	10.67
549.956	11.04
550.15	11.1
550.345	11.05
550.54	11.22
550.734	11.29
550.929	10.98
551.124	10.91
551.318	11.13
551.513	10.44
551.707	11.24
551.902	10.89
552.096	11.22
552.291	11.5
552.485	11.23
552.68	11.15
552.874	11.38
553.069	11.27
553.263	11.12
553.458	11.17
553.652	10.78
553.847	11.17
554.041	11.44
554.235	11.3
554.43	11.36
554.624	11.44
554.818	11.19
555.013	11.31
555.207	11.31
555.401	11.35
555.595	11.77
555.79	11.03
555.984	11.41
556.178	11.5
556.372	11.84
556.566	11.56
556.761	11.28
556.955	11.97
557.149	11.59
557.343	11.18
557.537	11.38
557.731	11.82
557.925	11.67
558.119	11.48
558.313	11.63
558.507	11.49
558.701	11.67
558.895	11.68
559.089	12.03
559.283	11.78
559.477	11.99
559.671	11.61
559.865	12.05
560.059	11.87
560.253	11.19
560.447	11.72
560.641	11.72
560.835	12.15
561.028	11.9
561.222	11.66
561.416	11.44
561.61	11.31
561.804	11.72
561.997	11.89
562.191	11.31
562.385	11.94
562.579	11.58
562.772	11.83
562.966	11.33
563.16	11.62
563.353	12.04
563.547	11.75
563.741	11.69
563.934	11.42
564.128	11.29
564.321	11.55
564.515	11.89
564.708	11.73
564.902	11.17
565.095	11.48
565.289	11.61
565.482	11.98
565.676	11.36
565.869	11.78
566.063	11.82
566.256	11.51
566.45	11.31
566.643	11.57
566.836	11.57
567.03	11.58
567.223	11.75
567.416	12.03
567.61	11.92
567.803	11.75
567.996	11.45
568.19	11.83
568.383	11.49
568.576	11.39
568.769	11.51
568.963	11.42
569.156	12.14
569.349	11.48
569.542	11.64
569.735	11.76
569.928	11.43
570.121	11.21
570.315	11.47
570.508	11.48
570.701	11.51
570.894	11.88
571.087	11.5
571.28	11.72
571.473	11.81
571.666	11.59
571.859	11.16
572.052	11.39
572.245	11.92
572.438	11.54
572.631	11.65
572.824	11.83
573.016	11.34
573.209	11.91
573.402	11.54
573.595	11.54
573.788	11.82
573.981	11.65
574.173	11.62
574.366	11.7
574.559	11.67
574.752	11.7
574.944	11.36
575.137	11.41
575.33	11.5
575.523	11.74
575.715	11.58
575.908	11.45
576.101	11.41
576.293	11.59
576.486	11.43
576.678	11.18
576.871	11.43
577.063	11.76
577.256	11.17
577.449	11.18
577.641	11.36
577.834	11.3
578.026	11.31
578.219	10.81
578.411	11.77
578.603	11.59
578.796	11
578.988	11.52
579.181	11.06
579.373	11.7
579.565	11.43
579.758	11.41
579.95	11.11
580.142	10.97
580.335	11.67
580.527	11.29
580.719	11.22
580.912	11.34
581.104	11.41
581.296	11.41
581.488	11.01
581.68	11.44
581.873	11.46
582.065	11.14
582.257	11.36
582.449	10.87
582.641	11.3
582.833	11.14
583.025	11.04
583.217	11.65
583.41	11.17
583.602	11.2
583.794	11.11
583.986	11.44
584.178	11.31
584.37	11.61
584.562	10.84
584.753	11.57
584.945	11.58
585.137	10.66
585.329	11.51
585.521	11.36
585.713	11.05
585.905	10.93
586.097	10.99
586.289	10.88
586.48	11.4
586.672	11.24
586.864	11.42
587.056	11.22
587.247	11.03
587.439	11.13
587.631	11.16
587.823	11.59
588.014	11.48
588.206	11.11
588.398	10.85
588.589	11.23
588.781	11.39
588.972	11.48
589.164	11.31
589.356	11.49
589.547	11.36
589.739	11.2
589.93	11.19
590.122	11.34
590.313	11.6
590.505	11.39
590.696	11.32
590.888	11.08
591.079	10.97
591.271	11.19
591.462	11.63
591.653	11.45
591.845	11.67
592.036	11.21
592.227	11.2
592.419	11.02
592.61	11.27
592.801	11.2
592.993	11.11
593.184	11.7
593.375	11.31
593.566	11.08
593.758	10.78
593.949	11.01
594.14	11.66
594.331	11.21
594.522	11.47
594.713	11.41
594.905	11.07
595.096	11.74
595.287	11.33
595.478	11.02
595.669	11.57
595.86	11.23
596.051	11.46
596.242	11.85
596.433	11.21
596.624	11.52
596.815	11.7
597.006	11.56
597.197	11.45
597.388	11.16
597.579	11.49
597.77	11.45
597.96	11.38
598.151	11.49
598.342	12.05
598.533	11.63
598.724	12.01
598.915	11.7
599.105	11.28
599.296	12.44
599.487	11.17
599.678	11.91
599.868	11.52
600.059	11.96
600.25	11.95
600.44	11.53
600.631	11.63
600.822	11.63
601.012	11.83
601.203	11.5
601.394	11.41
601.584	11.56
601.775	11.62
601.965	12.17
602.156	10.95
602.346	11.57
602.537	11.66
602.727	11.41
602.918	11.67
603.108	11.65
603.299	11.59
603.489	12.14
603.679	11.55
603.87	11.76
604.06	12.18
604.251	11.79
604.441	11.68
604.631	11.38
604.822	11.85
605.012	11.8
605.202	11.75
605.392	11.33
605.583	12.07
605.773	12.37
605.963	12.48
606.153	11.24
606.344	11.98
606.534	11.7
606.724	11.91
606.914	12.03
607.104	11.76
607.294	11.34
607.484	11.69
607.674	11.33
607.864	11.94
608.054	11.83
608.245	11.61
608.435	11.57
608.625	11.58
608.814	11.52
609.004	11.12
609.194	11.43
609.384	11.82
609.574	11.6
609.764	11.58
609.954	11.63
610.144	11.48
610.334	11.9
610.524	11.81
610.713	12.33
610.903	11.86
611.093	11.45
611.283	11.57
611.473	11.35
611.662	12.07
611.852	11.37
612.042	11.92
612.231	11.28
612.421	11.63
612.611	11.61
612.8	12.21
612.99	11.47
613.18	10.98
613.369	11.95
613.559	12.07
613.748	11.44
613.938	11.57
614.128	11.54
614.317	12.02
614.507	12.07
614.696	11.59
614.886	11.68
615.075	11.3
615.264	11.42
615.454	11.73
615.643	11.76
615.833	11.58
616.022	11.46
616.211	11.52
616.401	11.2
616.59	12.06
616.779	11.77
616.969	11.29
617.158	11.03
617.347	11.56
617.537	12.2
617.726	11.57
617.915	11.35
618.104	10.89
618.293	11.5
618.483	11.6
618.672	11.24
618.861	11.85
619.05	11.2
619.239	11.26
619.428	11.88
619.617	11.92
619.806	11.35
619.995	11.3
620.184	11.41
620.373	11.4
620.562	11.19
620.751	11.11
620.94	11.04
621.129	11.31
621.318	11.6
621.507	11.58
621.696	11.09
621.885	11.53
622.074	10.92
622.263	11.13
622.452	11.72
622.64	10.86
622.829	10.98
623.018	12.22
623.207	10.69
623.396	11.24
623.584	10.57
623.773	12
623.962	10.91
624.15	11.8
624.339	11.61
624.528	11.3
624.716	11.73
624.905	11.88
625.094	11.65
625.282	10.61
625.471	10.64
625.659	11.3
625.848	11.54
626.037	11.45
626.225	11.75
626.414	11.54
626.602	11.34
626.791	12
626.979	11.36
627.167	11.88
627.356	11.75
627.544	11.57
627.733	11.09
627.921	11.69
628.109	12.17
628.298	11.31
628.486	11.41
628.674	11.62
628.863	11.51
629.051	11.54
629.239	12
629.428	11.76
629.616	12
629.804	12.6
629.992	11.75
630.18	11.21
630.369	11.67
630.557	11.79
630.745	11.59
630.933	12.47
631.121	11.51
631.309	11.72
631.497	12.19
631.685	11.38
631.873	10.74
632.061	11.43
632.249	11.73
632.437	11.72
632.625	12.02
632.813	11.52
633.001	12.06
633.189	11.51
633.377	11.51
633.565	10.86
633.753	12.33
633.941	11.15
634.129	12.1
634.316	11.59
634.504	11.95
634.692	12.25
634.88	11.36
635.068	12.12
635.255	11.97
635.443	10.94
635.631	11.62
635.818	12.17
636.006	12.22
636.194	12.26
636.382	10.41
636.569	12.16
636.757	12.26
636.944	11.88
637.132	11.59
637.32	12.93
637.507	11.95
637.695	11.38
637.882	11.96
638.07	12.24
638.257	11.21
638.445	10.99
638.632	10.73
638.82	11.12
639.007	10.62
639.194	11.23
639.382	11.37
639.569	11.15
639.757	11.68
639.944	10.16
640.131	11.51
640.319	11.38
640.506	10.87
640.693	11.96
640.88	11.32
641.068	12.62
641.255	11.47
641.442	11.07
641.629	10.17
641.817	11.57
642.004	10.58
642.191	11.07
642.378	11.36
642.565	11.9
642.752	10.8
642.939	10.13
643.126	9.97
643.313	10.87
643.501	11.41
643.688	10.91
643.875	10.82
644.062	10.51
644.249	10.23
644.435	10.57
644.622	10.43
644.809	10.91
644.996	10.6
645.183	9.84
645.37	11.63
645.557	10.94
645.744	10.25
645.931	9.65
646.117	10.41
646.304	9.65
646.491	10.3
646.678	10.22
646.865	10.15
647.051	10.83
647.238	10.53
647.425	9.95
647.611	10.66
647.798	10
647.985	9.45
648.171	9.86
648.358	10.63
648.545	10.23
648.731	9.67
648.918	11.02
649.104	9.34
649.291	10.12
649.477	10.02
649.664	10.12
649.85	10.96
650.037	10.26
650.223	10.14
650.41	9.95
650.596	9.43
650.783	9.89
650.969	9.59
651.155	10.04
651.342	8.76
651.528	9.92
651.714	9.89
651.901	10.26
652.087	9.95
652.273	9.19
652.46	10.54
652.646	9.86
652.832	8.25
653.018	8.97
653.204	9.88
653.391	9.74
653.577	8.63
653.763	10.77
653.949	10.34
654.135	9.36
654.321	8.87
654.507	10.23
654.693	8.37
654.879	9.61
655.065	9.77
655.252	7.39
655.438	9.06
655.624	8.23
655.809	8.23
655.995	8.65
656.181	10.99
656.367	10.38
656.553	10.46
656.739	10.04
656.925	10.44
657.111	8.7
657.297	10.09
657.482	8.65
657.668	10.87
657.854	8.5
658.04	8.26
658.226	8.15
658.411	8.02
658.597	10.8
658.783	8.59
658.968	9.29
659.154	8.06
659.34	10.29
659.525	6.83
659.711	9.25
659.897	8.7
660.082	7.57
660.268	8.8
660.453	7.97
660.639	8.87
660.824	9.72
661.01	10.44
661.195	8.83
661.381	7.5
661.566	9.25
661.752	7.26
661.937	8.11
662.123	8.39
662.308	6.91
662.494	9.71
662.679	8.28
662.864	9.53
663.05	7.15
663.235	8.89
663.42	7.38
663.605	7.7
663.791	8.12
663.976	5.82
664.161	8.49
664.346	8.3
664.532	7.98
664.717	7.82
664.902	8.53
665.087	9.65
665.272	8.78
665.457	7.27
665.642	7.4
665.828	8.05
666.013	7.27
666.198	5.94
666.383	8.11
666.568	6.87
666.753	7.79
666.938	7.35
667.123	11.22
667.308	8.15
667.493	6.4
667.677	6.52
667.862	7.13
668.047	7.64
668.232	7.71
668.417	8.02
668.602	6.94
668.787	9.26
668.971	7.37
669.156	9
669.341	7.34
669.526	10.21
669.711	10.02
669.895	8.01
670.08	6.53
670.265	7.56
670.449	6.83
670.634	8.44
670.819	9.36
671.003	7.77
671.188	8.82
671.372	7.24
671.557	9.4
671.742	7.87
671.926	7.94
672.111	9.7
672.295	8.84
672.48	7.33
672.664	7.33
672.849	5.58
673.033	8.03
673.217	8.42
673.402	7.58
673.586	7.6
673.771	9.57
673.955	9.43
674.139	8.02
674.324	7.14
674.508	7.69
674.692	9.89
674.876	7.9
675.061	9.97
675.245	11.41
675.429	8
675.613	7.94
675.798	7.36
675.982	8.9
676.166	9.48
676.35	8.45
676.534	10.13
676.718	7.92
676.902	9.57
677.087	6.91
677.271	8.38
677.455	11.23
677.639	5.17
677.823	10.78
678.007	12.53
678.191	10.13
678.375	12.12
678.559	11.08
678.742	10.41
678.926	9.49
679.11	13.82
679.294	12.52
679.478	8.31
679.662	8.67
679.846	11.18
680.029	11.87
680.213	12.99
680.397	9.52
680.581	11.62
680.765	12.12
680.948	13.53
681.132	10.45
681.316	11.07
681.499	13.13
681.683	13.2
681.867	10.57
682.05	16.25
682.234	12.26
682.417	15.04
682.601	15.55
682.785	17.21
682.968	14.62
683.152	16.11
683.335	14.66
683.519	11.43
683.702	11.15
683.886	14.45
684.069	13.45
684.253	13.63
684.436	15.42
684.619	14.56
684.803	12.71
684.986	14.27
685.169	16.78
685.353	16.66
685.536	14.72
685.719	15.98
685.903	13.53
686.086	16.06
686.269	16.87
686.452	13.42
686.636	16.55
686.819	17.32
687.002	16.14
687.185	20.34
687.368	18.43
687.551	13.51
687.734	19.63
687.918	19.79
688.101	16.11
688.284	13.25
688.467	18.35
688.65	19.9
688.833	16.53
689.016	15.24
689.199	19.04
689.382	18.06
689.565	17.17
689.748	16.49
689.93	15.04
690.113	18.85
690.296	21.26
690.479	17.34
690.662	20.94
690.845	17.03
691.028	20.37
691.21	16.16
691.393	18.42
691.576	19.93
691.759	17.72
691.941	18.74
692.124	16.02
692.307	19.19
692.489	20.75
692.672	22.55
692.855	21.6
693.037	23.16
693.22	23.22
693.403	14.66
693.585	24.57
693.768	23.09
693.95	18.49
694.133	18.26
694.315	25.46
694.498	20.86
694.68	21.76
694.863	20.59
695.045	21.08
695.228	22
695.41	19.33
695.592	23.27
695.775	18.78
695.957	24.96
696.139	19.56
696.322	21.51
696.504	25.63
696.686	23.26
696.869	22.63
697.051	28.19
697.233	26.99
697.415	27.52
697.597	22.58
697.78	26.15
697.962	18.78
698.144	27.99
698.326	24.95
698.508	27.26
698.69	20.22
698.872	24.4
699.055	23.58
699.237	25.49
699.419	26.5
699.601	17.18
699.783	28.87
699.965	25.06
700.147	22.54
700.329	24.84
700.51	30.26
700.692	24.48
700.874	26.57
701.056	27.85
701.238	34.77
701.42	32.74
701.602	22.44
701.783	29.4
701.965	20.74
702.147	27.64
702.329	32.58
702.511	27.2
702.692	26.35
702.874	26.44
703.056	19.43
703.237	28.34
703.419	22.87
703.601	29.4
703.782	29.16
703.964	29.99
704.146	33.03
704.327	28.31
704.509	31.11
704.69	22.62
704.872	33.59
705.053	26.57
705.235	29.07
705.416	27.83
705.598	26.53
705.779	34.89
705.961	22.5
706.142	23
706.323	30.73
706.505	29.87
706.686	23.18
706.867	27.17
707.049	22.63
707.23	26.18
707.411	29.54
707.593	32.1
707.774	31.94
707.955	23.47
708.136	20.13
708.318	27.85
708.499	34.4
708.68	27.37
708.861	28.86
709.042	27.37
709.223	24.46
709.404	28.75
709.585	33.48
709.767	29.49
709.948	29.97
710.129	32.39
710.31	18.59
710.491	32.67
710.672	30.28
710.853	29.47
711.034	35.1
711.214	27.25
711.395	28.74
711.576	33.12
711.757	25.66
711.938	32.33
712.119	24.04
712.3	27.39
712.481	21.53
712.661	27.21
712.842	27.52
713.023	27.29
713.204	26.64
713.384	22.79
713.565	27.61
713.746	29.24
713.926	16.75
714.107	23.66
714.288	30.83
714.468	27.61
714.649	38.94
714.83	27.55
715.01	36.67
715.191	31.11
715.371	29.7
715.552	38.95
715.732	32.71
715.913	32.1
716.093	40.32
716.274	32.33
716.454	23.76
716.635	39.61
716.815	28.18
716.995	32.9
717.176	38.63
717.356	27.23
717.536	28.66
717.717	32.28
717.897	34.83
718.077	27.6
718.258	34.42
718.438	23.24
718.618	28.61
718.798	25.8
718.978	25.43
719.159	39.59
719.339	48.65
719.519	18.51
719.699	31.67
719.879	30.97
720.059	32.57
720.239	31.4
720.419	33.41
720.599	17.46
720.779	37.15
720.959	24.69
721.139	37.14
721.319	27.78
721.499	45.63
721.679	24.81
721.859	30.12
722.039	19.09
722.219	34.08
722.399	19.02
722.579	24.77
722.759	34.72
722.938	30.2
723.118	32.4
723.298	17.55
723.478	12.62
723.658	36.86
723.837	27.82
724.017	35.36
724.197	29.86
724.376	33.21
724.556	25.41
724.736	31.68
724.915	27.91
725.095	35.61
725.275	43.15
725.454	37.32
725.634	27.8
725.813	33.32
725.993	42.51
726.172	41.09
726.352	34.24
726.531	38.12
726.711	33.83
726.89	28.48
727.07	36.01
727.249	29.18
727.428	31.52
727.608	14.74
727.787	24.93
727.966	31.39
728.146	35.32
728.325	44.02
728.504	35.72
728.684	17.3
728.863	43.33
729.042	20.74
729.221	14.25
729.4	15.23
729.58	36.21
729.759	40.11
729.938	22.63
730.117	35.24
730.296	25.5
730.475	31.29
730.654	38.65
730.833	19.03
731.013	32.81
731.192	39.61
731.371	41.98
731.55	15.83
731.729	31.39
731.907	50.32
732.086	30
732.265	35.22
732.444	29.53
732.623	37.79
732.802	31.8
732.981	39.2
733.16	34.2
733.339	36.31
733.517	48.23
733.696	48.03
733.875	24.66
734.054	37.43
734.232	37.99
734.411	40.68
734.59	26.67
734.768	26
734.947	42.38
735.126	3.27
735.304	35.47
735.483	43.07
735.662	40.4
735.84	31.35
736.019	39.21
736.197	17.17
736.376	30.54
736.554	51.45
736.733	31.6
736.911	52.52
737.09	13.02
737.268	39.38
737.447	44.91
737.625	31.43
737.803	7.37
737.982	35.98
738.16	27.46
738.338	64.69
738.517	53.93
738.695	40.63
738.873	30.31
739.052	18.17
739.23	40.22
739.408	32.69
739.586	33.87
739.764	37.67
739.943	52.03
740.121	8.15
740.299	22.86
740.477	30.96
740.655	34.51
740.833	50.98
741.011	77.02
741.189	25.82
741.367	55.36
741.545	10.99
741.723	5.19
741.901	65.03
742.079	27.57
742.257	47.46
742.435	53.36
742.613	30.43
742.791	32.72
742.969	36.76
743.147	35.65
743.325	58.87
743.503	63.87
743.68	41.03
743.858	29.16
744.036	53.47
744.214	34.7
744.391	11.8
744.569	18.9
744.747	50.77
744.925	36.26
745.102	18
745.28	24.52
745.458	64.72
745.635	40.87
745.813	61.13
745.99	28.93
746.168	50.92
746.345	97.55
746.523	28.81
746.7	64.53
746.878	18.68
747.055	13.93
747.233	49.67
747.41	71.04
747.588	46.28
747.765	51.45
747.943	29.54
748.12	19.88
748.297	29.01
748.475	29.05
748.652	38.35
748.829	54.74
749.007	37.9
749.184	20.17
749.361	42.89
749.538	71.46
749.716	26.15
749.893	63.17
750.07	42.47
750.247	50.26
750.424	119.67
750.601	68.76
750.778	14.11
750.956	40.22
751.133	4.51
751.31	41.43
751.487	36.61
751.664	26.48
751.841	21.63
752.018	35.81
752.195	44.77
752.372	28.03
752.549	-12.81
752.726	29.68
752.902	78.73
753.079	36.52
753.256	19.73
753.433	39.95
753.61	58.13
753.787	34.05
753.964	27.13
754.14	47.61
754.317	76.55
754.494	46.43
754.671	50.23
754.847	42
755.024	88.69
755.201	34.97
755.377	8.94
755.554	34.95
755.73	40.48
755.907	48.86
756.084	67.96
756.26	46.6
756.437	63.62
756.613	47.27
756.79	45.29
756.966	39.54
757.143	48.6
757.319	43.19
757.496	16.99
757.672	59.3
757.849	37.58
758.025	3.12
758.201	112.73
758.378	66
758.554	31.08
758.73	38.41
758.907	23
759.083	16.6
759.259	106.03
759.435	60.94
759.612	84.68
759.788	65.26
759.964	27.62
760.14	62.44
760.316	-3.44
760.493	27.28
760.669	70.39
760.845	0.26
761.021	87.93
761.197	24.32
761.373	51.61
761.549	36.93
761.725	47.31
761.901	28.28
762.077	62.53
762.253	22.09
762.429	60.02
762.605	34.59
762.781	30.15
762.957	41.85
763.133	49.56
763.308	70.89
763.484	22.49
763.66	-4.68
763.836	9.54
764.012	2.06
764.187	14.79
764.363	82.48
764.539	70.46
764.715	32.01
764.89	-5.21
765.066	4.62
765.242	37.95
765.417	13.89
765.593	24.72
765.769	59.74
765.944	-18.67
766.12	46.57
766.295	32.61
766.471	-1.6
766.646	63.43
766.822	15.38
766.997	-19.32
767.173	52.65
767.348	23.72
767.524	-4.59
767.699	49.82
767.875	12.58
768.05	5.9
768.225	45.44
768.401	55.33
768.576	131.54
768.751	39.9
768.927	20.63
769.102	72.17
769.277	29.4
769.452	33.8
769.628	25.31
769.803	126.08
769.978	69.4
770.153	45.89
770.328	46.62
770.503	25.86
770.679	36.47
770.854	61.07
771.029	57.45
771.204	33.11
771.379	4.13
771.554	50.7
771.729	76.85
771.904	30.41
772.079	38.49
772.254	11.27
772.429	40.28
772.604	10.35
772.779	26.03
772.953	-30.38
773.128	20.93
773.303	6.41
773.478	7.95
773.653	41.1
773.828	22.97
774.002	114.99
774.177	62.74
774.352	460.87
774.527	6.66
774.701	43.05
774.876	107.97
775.051	-88.77
775.225	107.34
775.4	53.75
775.575	39.93
775.749	-62.43
775.924	0.34
776.098	117.4
776.273	23.92
776.447	32.24
776.622	-16.03
776.796	-42.02
776.971	95.12
777.145	25.03
777.32	2.72
777.494	31.44
777.669	38.4
777.843	-22.8
778.017	44.91
778.192	2.69
778.366	66.26
778.54	95.8
778.715	-4.67
778.889	63.03
779.063	33.6
779.237	68.46
779.412	10.93
779.586	-17.37
779.76	-70.11
779.934	-16.08
780.108	74.18
780.282	-838.81
780.457	33.69
780.631	-48.4
780.805	28.57
780.979	-1053.73
781.153	123.27
781.327	49.72
781.501	61.07
781.675	11.08
781.849	52.73
782.023	-86.81
782.197	-48.28
782.371	323.43
782.545	-123.93
782.718	93.99
782.892	34.7
783.066	0.25
783.24	277.73
783.414	-12.23
783.588	94.05
783.761	20.66
783.935	38.72
784.109	101.18
784.283	-144.35
784.456	57.82
784.63	95.51
784.804	125.27
784.977	33.64
785.151	-37.76
785.324	-42.89
785.498	43.29
785.672	41.85
785.845	87.36
786.019	120.38
786.192	-268.87
786.366	80.16
786.539	-31.86
786.713	-19.07
786.886	87.97
787.06	-35.65
787.233	87.93
787.406	-27.87
787.58	8.74
787.753	110.36
787.926	119.7
788.1	303.07
788.273	-162.26
788.446	-30.26
788.62	703.23
788.793	-66.93
788.966	167.84
789.139	98.59
789.313	98.64
789.486	200
789.659	-26.29
789.832	38.88
790.005	33.29
790.178	433.63
790.351	-21.57
790.524	94.24
790.697	53.2
790.87	-43.65
791.044	1160
791.216	107.44
791.389	45.99
791.562	117.67
791.735	-346.84
791.908	340.26
792.081	-47.45
792.254	-63.74
792.427	150.93
792.6	-13.41
792.773	45.74
792.945	-498.51
793.118	3.47
793.291	-208.79
793.464	-172.77
793.637	-123.93
793.809	-65.36
793.982	75.39
794.155	77.24
794.327	69.88
794.5	458.46
794.673	20.24
794.845	125.29
795.018	47.72
795.19	-96.63
795.363	56.19
795.536	149.45
795.708	-535.48
795.881	11480
796.053	73.68
796.226	-5.71
796.398	51.93
796.57	62.63
796.743	-16.91
796.915	-60.87
797.088	-120.65
797.26	-121.26
797.432	78.48
797.605	-69.52
797.777	-890.91
797.949	-50.19
798.122	-22.28
798.294	205.38
798.466	-108.57
798.638	-36.99
798.81	74.93
798.983	-210.13
799.155	-11.66
799.327	-146.99
799.499	49.81
799.671	51.59
799.843	-23.09
800.015	8.56
800.187	5.09
800.359	58.98
800.531	118.7
800.703	-12.13
800.875	174.66
801.047	-21.77
801.219	146.76
801.391	355.84
801.563	-231.65
801.735	106.19
801.907	141.1
802.079	59.94
802.251	371.43
802.422	-130.71
802.594	-142.86
802.766	34.13
802.938	-20.63
803.11	146.12
803.281	25.17
803.453	30.97
803.625	34.84
803.796	23.99
803.968	-24.88
804.14	-2.11
804.311	53.09
804.483	240.68
804.654	46.97
804.826	117.24
804.998	341.18
805.169	-91.89
805.341	65.6
805.512	-75.78
805.684	91.58
805.855	105.32
806.026	-113.85
806.198	457.67
806.369	-26.54
806.541	70.77
806.712	161.36
806.883	59.4
807.055	38.5
807.226	269.36
807.397	-802.2
807.569	348.67
807.74	82.22
807.911	87.35
808.082	-182.06
808.253	152.48
808.425	43.57
808.596	-29.21
808.767	-58.99
808.938	-102.95
809.109	-61.39
809.28	35.07
809.451	16.88
809.622	-24.6
809.793	432.26
809.964	273.04
810.135	-68.47
810.306	130.64
810.477	417.45
810.648	56.45
810.819	41.68
810.99	-5080
811.161	79.55
811.332	174.05
811.503	60.84
811.674	698.46
811.844	-483.08
812.015	139.84
812.186	60.12
812.357	-201.72
812.527	67.83
812.698	135.55
812.869	267.92
813.04	109.79
813.21	-296.55
813.381	-10.12
813.551	-46.76
813.722	41.85
813.893	-44.48
814.063	-67.99
814.234	-410.91
814.404	75.59
814.575	41.36
814.745	40.71
814.916	92.82
815.086	-55.16
815.257	76.23
815.427	126.38
815.598	2.57
815.768	54.75
815.938	79.9
816.109	282.59
816.279	-22.56
816.449	83.99
816.62	-242.11
816.79	74.63
816.96	41.51
817.13	-23.83
817.301	17.26
817.471	45.29
817.641	185.28
817.811	86.13
817.981	542.86
818.152	239.81
818.322	259.41
818.492	49.56
818.662	60.07
818.832	28
819.002	66.91
819.172	135.94
819.342	89.02
819.512	110.17
819.682	-9.19
819.852	-45.14
820.022	96.23
820.192	-15.73
820.362	3.1
820.531	-18.89
820.701	7.58
820.871	106.44
821.041	-22.62
821.211	22.65
821.381	20.45
821.55	21.28
821.72	144.19
821.89	883.08
822.059	101.03
822.229	33.28
822.399	221.52
822.568	23.2
822.738	-121.95
822.908	82.21
823.077	-3.69
823.247	76.2
823.416	-1282.35
823.586	58.82
823.756	44.51
823.925	200
824.095	869.77
824.264	-321.97
824.433	295.58
824.603	0.38
824.772	-117.17
824.942	139.24
825.111	-204.02
825.28	-68.32
825.45	-353.04
825.619	296.89
825.788	321.35
825.958	-22.56
826.127	121
826.296	-7.17
826.465	262.12
826.635	-24.77
826.804	46.32
826.973	138.01
827.142	-182.98
827.311	-170.47
827.48	-45.05
827.649	-97.18
827.818	237.8
827.988	-78.4
828.157	181.19
828.326	-45.09
828.495	125.21
828.664	204.67
828.833	-88.34
829.002	-31.06
829.17	46.98
829.339	127.64
829.508	272.87
829.677	604.49
829.846	62.58
830.015	-280
830.184	-70.32
830.352	8.47
830.521	96.4
830.69	960.98
830.859	-2411.76
831.027	-1631.58
831.196	17.1
831.365	10.86
831.533	-11.69
831.702	-130.36
831.871	14.94
832.039	196.5
832.208	-582.61
832.377	-45.67
832.545	184.58
832.714	64.87
832.882	20.67
833.051	138.7
833.219	1571.43
833.388	-9.67
833.556	-65.89
833.724	60.07
833.893	0.4
834.061	-368.42
834.23	102.37
834.398	-110.42
834.566	168.83
834.735	4485.71
834.903	267.92
835.071	1880
835.239	-79.34
835.408	48.97
835.576	981.4
835.744	19.53
835.912	106.53
836.08	65.92
836.249	64.15
836.417	302.67
836.585	105.74
836.753	222.89
836.921	258.38
837.089	714.29
837.257	-1920.93
837.425	-9.36
837.593	20.45
837.761	34.19
837.929	63.19
838.097	27.79
838.265	-21.11
838.433	78.03
838.601	2.65
838.769	-240.51
838.936	766.29
839.104	134.6
839.272	36.95
839.44	73.09
839.608	200
839.775	-34.03
839.943	93.39
840.111	49.72
840.279	91.93
840.446	-641.79
840.614	-688.31
840.781	273.04
840.949	20.36
841.117	4.52
841.284	-134.76
841.452	-195.03
841.619	76.44
841.787	76.01
841.954	-23.26
842.122	394.22
842.289	47.68
842.457	111.61
842.624	104.33
842.792	-185.4
842.959	-74.29
843.126	24.23
843.294	-99.09
843.461	-35.65
843.629	113.6
843.796	5.62
843.963	-42.8
844.13	91.83
844.298	125.87
844.465	77.55
844.632	80.75
844.799	37.19
844.966	179.57
845.134	67.78
845.301	38.55
845.468	-62.25
845.635	51.59
845.802	-167.66
845.969	-82.35
846.136	36.47
846.303	-2894.74
846.47	14.65
846.637	200
846.804	-1884.21
846.971	11.15
847.138	176.83
847.305	-341.59
847.472	145.29
847.639	90.4
847.805	82.23
847.972	246.75
848.139	-0.86
848.306	1084.21
848.473	217.91
848.639	-68.24
848.806	-164.8
848.973	23.33
849.14	59.94
849.306	-128.25
849.473	-260.93
849.64	-261.54
849.806	-207.66
849.973	517.84
850.139	247.68
850.306	81.07
850.472	173.43
850.639	207.87
850.806	-747.37
850.972	158.26
851.139	4142.86
851.305	43.86
851.471	20.64
851.638	23.31
851.804	200
851.971	58.98
852.137	15.74
852.303	46.81
852.47	59.27
852.636	4.78
852.802	-215.75
852.968	31.49
853.135	-1.02
853.301	-8.09
853.467	-59.67
853.633	-72.63
853.8	19.12
853.966	-37.56
854.132	-657.14
854.298	-272.99
854.464	-191.01
854.63	30.59
854.796	8.81
854.962	156.83
855.128	176.2
855.294	-30.1
855.46	-25.22
855.626	12.41
855.792	-198.46
855.958	200
856.124	119.02
856.29	200
856.456	115.94
856.622	184.68
856.787	589.61
856.953	-4.26
857.119	-310.89
857.285	-300.47
857.45	0.71
857.616	42.67
857.782	-76.21
857.948	151.1
858.113	-12.97
858.279	35.53
858.445	-36.22
858.61	1148.84
858.776	131.98
858.941	-180.2
859.107	66.98
859.273	101.18
859.438	-158.67
859.604	2094.74
859.769	332.28
859.935	9.9
860.1	137.52
860.265	101.83
860.431	-33.09
860.596	3285.71
860.762	151.02
860.927	81.02
861.092	29.98
861.258	-160.34
861.423	88.8
861.588	74.94
861.753	-5800
861.919	177.36
862.084	11.02
862.249	265.08
862.414	32.08
862.579	59.9
862.745	98.56
862.91	169
863.075	39.74
863.24	65.62
863.405	-95.48
863.57	8.47
863.735	17.63
863.9	-182.3
864.065	21.65
864.23	-8.97
864.395	63.35
864.56	120.24
864.725	184.81
864.89	334.83
865.055	177.7
865.22	97.61
865.384	-298.88
865.549	-137.86
865.714	-47.31
865.879	117.38
866.044	34.75
866.208	-17.37
866.373	-156.04
866.538	171.9
866.702	11.15
866.867	170.47
867.032	92.71
867.196	53.2
867.361	171.2
867.526	-371.67
867.69	15.89
867.855	226.37
868.019	505.45
868.184	-40.63
868.348	23.89
868.513	-1193.55
868.677	111.28
868.842	-96.82
869.006	135.41
869.17	-1067.92
869.335	-121.95
869.499	-172.82
869.663	350.99
869.828	-261.54
869.992	646.51
870.156	52.47
870.321	-92.08
870.485	32.37
870.649	-110.29
870.813	-171.96
870.978	194.89
871.142	107.69
871.306	-163.98
871.47	366.42
871.634	322.83
871.798	-105.59
871.962	115.26
872.126	-485.71
872.29	19.85
872.454	-2371.43
872.618	-23.92
872.782	217.91
872.946	385.23
873.11	97.49
873.274	-28.9
873.438	2317.65
873.602	-84.96
873.766	153.25
873.93	-95.89
874.094	-406.74
874.257	53.58
874.421	345.66
874.585	112.73
874.749	3.76
874.912	10.07
875.076	39.21
875.24	-59.67
875.403	122.18
875.567	62.86
875.731	-110.11
875.894	97.14
876.058	119.62
876.222	186.52
876.385	37.19
876.549	9.22
876.712	-280
876.876	-110.93
877.039	139.77
877.203	73.54
877.366	50.58
877.529	38.87
877.693	58.12
877.856	144.11
878.02	-63.66
878.183	-119.75
878.346	59.74
878.51	316.81
878.673	61.87
878.836	22.08
878.999	393.55
879.163	110.07
879.326	-24.04
879.489	147.68
879.652	70.64
879.815	4.93
879.978	-5.71
880.142	489.93
880.305	371.43
880.468	17.83
880.631	50.4
880.794	-5.64
880.957	-678.05
881.12	-11.76
881.283	81.61
881.446	-12.8
881.609	35.97
881.772	106.19
881.935	623.53
882.097	193.86
882.26	222.64
882.423	67.34
882.586	22.88
882.749	67.06
882.912	82.21
883.074	52.11
883.237	90.67
883.4	120.42
883.562	75.81
883.725	-49.6
883.888	-111.81
884.05	-4840
884.213	-88.83
884.376	27.29
884.538	66.21
884.701	66.21
884.863	66.21
