181.954	43.32
182.172	43.32
182.39	43.32
182.608	260
182.826	209.89
183.043	40.43
183.261	52.04
183.479	229.03
183.697	2405.88
183.914	57.89
184.132	288.24
184.35	247.09
184.567	141.69
184.785	32.74
185.003	55.78
185.22	273.39
185.438	-11.32
185.656	-145.23
185.873	-127.69
186.091	20
186.309	996.55
186.526	179.64
186.744	112.81
186.961	-11.16
187.179	62.09
187.396	91.59
187.614	-35.38
187.831	-7180
188.049	-118.4
188.266	128.61
188.484	-126.87
188.701	290.29
188.919	121.67
189.136	128.93
189.354	189.58
189.571	-17.54
189.789	66.3
190.006	131.66
190.223	-239.46
190.441	129.48
190.658	-9442.86
190.876	102.71
191.093	-383.52
191.31	21.68
191.528	-36.77
191.745	50.3
191.962	121.28
192.179	39.67
192.397	150.2
192.614	187.16
192.831	2.51
193.049	39.78
193.266	-233.98
193.483	42.69
193.7	555.38
193.917	89.76
194.135	215.11
194.352	-97.68
194.569	47.81
194.786	150.11
195.003	47.54
195.221	44.77
195.438	-144.52
195.655	126.13
195.872	-4.41
196.089	94.4
196.306	-53.26
196.523	-19.12
196.74	73.88
196.957	47.07
197.174	-42.13
197.391	197.06
197.608	57.58
197.825	1970.97
198.042	-2.06
198.259	500
198.476	197.26
198.693	5300
198.91	113.73
199.127	-37.31
199.344	-131.58
199.561	250.29
199.778	46.82
199.995	-628.36
200.212	955.17
200.429	369.19
200.646	408.86
200.862	-79.78
201.079	-54.28
201.296	39.07
201.513	10.68
201.73	-62.36
201.947	74.19
202.163	139.28
202.38	118.5
202.597	108.56
202.814	97.29
203.03	3140
203.247	337.19
203.464	77.82
203.681	422.08
203.897	161.21
204.114	-722.64
204.331	155.13
204.547	53.49
204.764	37.11
204.981	-1688.24
205.197	55.74
205.414	-289.3
205.63	-244.83
205.847	17.59
206.064	1110.91
206.28	52.04
206.497	77.17
206.713	184.97
206.93	41.87
207.146	-33.87
207.363	-16.92
207.579	-383.52
207.796	-94.69
208.012	-104.93
208.229	267.16
208.445	22.62
208.662	40.17
208.878	17.93
209.095	782.35
209.311	-2.87
209.528	3414.29
209.744	120.08
209.96	-175.5
210.177	173.79
210.393	112.65
210.609	11300
210.826	-52.15
211.042	176.52
211.258	105.97
211.475	-32.62
211.691	21.44
211.907	256.96
212.124	-29.08
212.34	260
212.556	11.01
212.772	-502.2
212.989	-56.29
213.205	30.63
213.421	-127.14
213.637	-126.87
213.853	-50.97
214.069	-826.32
214.286	146.65
214.502	-37.31
214.718	-56.74
214.934	-6.52
215.15	189.18
215.366	80.46
215.582	63.25
215.798	64.08
216.015	31.21
216.231	136.76
216.447	64.46
216.663	100.99
216.879	-30.65
217.095	-112.08
217.311	-541.51
217.527	128.51
217.743	-257.28
217.959	-315.09
218.175	-32.31
218.391	249.64
218.606	-158.29
218.822	301.74
219.038	-295.72
219.254	55.37
219.47	44.42
219.686	149.44
219.902	16.64
220.118	23.36
220.334	-22.47
220.549	-10.47
220.765	-20.1
220.981	-145.63
221.197	-49.72
221.413	-40.66
221.628	560.76
221.844	635.85
222.06	173.79
222.276	49.23
222.491	64.97
222.707	-11.48
222.923	-216.78
223.139	34.5
223.354	35.48
223.57	225.98
223.786	27.89
224.001	-130.12
224.217	-3.79
224.432	42.2
224.648	144.92
224.864	80.72
225.079	500
225.295	-89.58
225.51	117.3
225.726	57.46
225.942	187.77
226.157	25.3
226.373	-36.17
226.588	-45.68
226.804	-2594.74
227.019	-229.65
227.235	5.4
227.45	47.73
227.665	5300
227.881	55.91
228.096	-105.22
228.312	-77.67
228.527	116.53
228.743	253.14
228.958	-56.27
229.173	-491.3
229.389	126.23
229.604	16.3
229.819	-55.86
230.035	-106.36
230.25	-108.75
230.465	372.34
230.681	-160.59
230.896	22.24
231.111	79.74
231.327	39
231.542	740
231.757	-71
231.972	71.73
232.187	-189.36
232.403	-2089.47
232.618	68.81
232.833	45.77
233.048	107.27
233.263	-59.85
233.478	-439.13
233.694	137.21
233.909	-970.97
234.124	79.32
234.339	11.55
234.554	1203.45
234.769	3.68
234.984	139.46
235.199	83.2
235.414	-222.12
235.629	-244.3
235.844	12.7
236.059	77.75
236.274	72.21
236.489	-4.08
236.704	-7.6
236.919	-3.79
237.134	74.97
237.349	137.54
237.564	46.9
237.779	-3.43
237.994	142.55
238.209	108.24
238.424	36.2
238.639	78.23
238.853	106.11
239.068	133.84
239.283	-127.19
239.498	186.54
239.713	46.44
239.928	20
240.142	-16.75
240.357	-23.16
240.572	-94.93
240.787	9.54
241.001	208.94
241.216	43.49
241.431	277.94
241.646	-14.54
241.86	-97.31
242.075	-644.19
242.29	8.41
242.504	29.47
242.719	358.39
242.934	-151.97
243.148	18.91
243.363	18.91
243.577	405.62
243.792	-53.85
244.007	7.18
244.221	188.31
244.436	-288.06
244.65	6.75
244.865	141.71
245.079	257.85
245.294	-415.11
245.508	115.14
245.723	-23.94
245.937	-146.15
246.152	-17.45
246.366	82.16
246.581	-40.97
246.795	109.82
247.01	-104.75
247.224	-4.85
247.438	-17.1
247.653	21.85
247.867	128.17
248.081	132.85
248.296	-904.88
248.51	54.61
248.724	75.79
248.939	-162.69
249.153	235.51
249.367	-11.79
249.582	110.9
249.796	110.39
250.01	-16.56
250.224	102.58
250.439	47.04
250.653	102.43
250.867	-6.35
251.081	-11.85
251.295	-20.68
251.51	-87.23
251.724	171.94
251.938	120.82
252.152	-86.86
252.366	-49.15
252.58	434.55
252.794	89.17
253.008	-310.6
253.223	-0.22
253.437	-49.22
253.651	-9.9
253.865	123.71
254.079	61.76
254.293	67.13
254.507	-525.45
254.721	2.73
254.935	394.51
255.149	157.51
255.363	42.53
255.577	153.69
255.791	142.03
256.005	161.35
256.218	5.25
256.432	-113.81
256.646	10.12
256.86	74.08
257.074	53.09
257.288	5780
257.502	-132.97
257.716	-22.35
257.929	10.57
258.143	42.96
258.357	139.58
258.571	21.77
258.785	-116.38
258.998	15.06
259.212	75.7
259.426	187.89
259.64	51.19
259.853	108.78
260.067	81.26
260.281	116.45
260.494	28.67
260.708	238.61
260.922	-12.53
261.135	124.47
261.349	-64.71
261.563	80.72
261.776	-2676.47
261.99	71.28
262.203	-18.29
262.417	-93.64
262.63	113.56
262.844	-187.64
263.058	52.54
263.271	50.15
263.485	64.19
263.698	51.32
263.912	-25.96
264.125	-83.58
264.339	131.5
264.552	-105.44
264.765	113.91
264.979	37.3
265.192	117.44
265.406	67.17
265.619	0.33
265.832	36.49
266.046	-42.8
266.259	-65.42
266.473	-312.9
266.686	113.04
266.899	21.64
267.113	4100
267.326	-72.44
267.539	27.51
267.752	-24.65
267.966	94.05
268.179	150.18
268.392	29.25
268.605	-104.72
268.819	124.91
269.032	107.58
269.245	278.46
269.458	57.2
269.671	-502.53
269.885	-53.44
270.098	38.84
270.311	-411.39
270.524	1.68
270.737	-18.67
270.95	261.59
271.163	46.46
271.376	1041.94
271.589	-137.97
271.802	-27.93
272.016	3.58
272.229	127.26
272.442	-165.59
272.655	30.89
272.868	23.11
273.081	203.37
273.294	55.76
273.506	-25.8
273.719	-37.22
273.932	17.63
274.145	1220
274.358	28.23
274.571	72.44
274.784	-315.09
274.997	24.23
275.21	67.13
275.423	15.87
275.635	102.01
275.848	38.32
276.061	62.91
276.274	131.71
276.487	-0.87
276.699	-38.96
276.912	51.92
277.125	96.6
277.338	67.08
277.55	25.87
277.763	-144.82
277.976	132.06
278.189	-765.93
278.401	25.5
278.614	20
278.827	25.43
279.039	-34.08
279.252	-7.55
279.464	-12.53
279.677	90.95
279.89	-16.65
280.102	95.98
280.315	1085.37
280.527	1005.26
280.74	-906.9
280.952	112.53
281.165	-41.82
281.377	77.82
281.59	-19.12
281.802	90.67
282.015	121.2
282.227	25.64
282.44	620.86
282.652	540.45
282.865	113.27
283.077	95.18
283.29	48.05
283.502	36.04
283.714	118.96
283.927	60.74
284.139	-97.42
284.351	36.57
284.564	191.98
284.776	-3.12
284.988	-199.65
285.201	70.15
285.413	31.89
285.625	-239.46
285.838	67.63
286.05	48.2
286.262	145.76
286.474	97.58
286.686	30.72
286.899	-38.12
287.111	-10.25
287.323	15.76
287.535	286.14
287.747	151.14
287.959	-23.54
288.172	129.09
288.384	63.05
288.596	-49.43
288.808	-383.02
289.02	364.15
289.232	5.71
289.444	-26.93
289.656	-39.41
289.868	74.95
290.08	153.99
290.292	-158.72
290.504	-48.57
290.716	26.61
290.928	93.52
291.14	416.28
291.352	98.13
291.564	-911.76
291.776	100.82
291.988	-155.21
292.2	33.65
292.412	-38.38
292.624	51.48
292.835	1377.61
293.047	28.13
293.259	-105.64
293.471	130.77
293.683	-231.71
293.895	81.79
294.106	-1.6
294.318	88.8
294.53	27.82
294.742	1203.45
294.953	-168.63
295.165	75.32
295.377	73.83
295.589	1.93
295.8	63.86
296.012	116.47
296.224	-80.45
296.435	93.59
296.647	-31.37
296.858	171.94
297.07	850.77
297.282	-34.61
297.493	29.36
297.705	20
297.916	74.96
298.128	-19.89
298.34	-23.16
298.551	-16.99
298.763	36.07
298.974	34.07
299.186	98.63
299.397	3.21
299.609	-1396.77
299.82	-2.59
300.031	62.07
300.243	-2784.21
300.454	257.06
300.666	43.33
300.877	-63.03
301.089	183.4
301.3	49.31
301.511	5.97
301.723	74.28
301.934	-55.22
302.145	-83.69
302.357	163.46
302.568	288.8
302.779	-8.37
302.99	123.32
303.202	45.01
303.413	-49.51
303.624	-106.1
303.835	-383.02
304.047	9.31
304.258	36.97
304.469	57.06
304.68	21.41
304.891	87.58
305.103	32.05
305.314	172.17
305.525	3757.14
305.736	74.8
305.947	39.84
306.158	429.41
306.369	79.54
306.58	98.71
306.791	141.97
307.002	32.5
307.213	-42.47
307.424	37.81
307.636	84.74
307.846	142.63
308.057	313.59
308.268	37.88
308.479	81.11
308.69	36.18
308.901	115.93
309.112	500
309.323	31.71
309.534	4.25
309.745	-7.09
309.956	-37.11
310.167	11.93
310.377	80.46
310.588	181.39
310.799	53.04
311.01	-22.1
311.221	21.9
311.432	-3.92
311.642	-28
311.853	18.73
312.064	-79.31
312.275	116.36
312.485	199.28
312.696	25.58
312.907	77.89
313.117	35.71
313.328	-11.72
313.539	8.95
313.749	-113.4
313.96	-620.88
314.171	53.34
314.381	-2.06
314.592	11.93
314.802	31.82
315.013	-62.4
315.224	34.51
315.434	-1900
315.645	15620
315.855	9.54
316.066	122.47
316.276	101.41
316.487	119.51
316.697	94.88
316.908	67.1
317.118	35.95
317.329	48.97
317.539	75.81
317.749	216.74
317.96	-646.27
318.17	-96.11
318.381	275.82
318.591	-185.71
318.801	24.17
319.012	169.26
319.222	651.46
319.432	26.55
319.643	108.16
319.853	-32.74
320.063	12.69
320.273	5.44
320.484	-409.89
320.694	176.73
320.904	24.07
321.114	-214.61
321.325	2072.41
321.535	96.21
321.745	-57.55
321.955	-1.7
322.165	-214.2
322.375	34.69
322.585	-37.42
322.796	-1237.93
323.006	20
323.216	215.86
323.426	59.31
323.636	46.41
323.846	789.66
324.056	33.1
324.266	43.91
324.476	36.76
324.686	214.59
324.896	66.44
325.106	952.83
325.316	49.29
325.526	-1647.37
325.736	12.07
325.946	30.57
326.156	500
326.366	20
326.576	8.41
326.785	-18.59
326.995	119.26
327.205	126.13
327.415	97.29
327.625	123.36
327.835	-13.73
328.044	294.97
328.254	531.3
328.464	63.25
328.674	199.33
328.884	-354.68
329.093	70.05
329.303	19.42
329.513	328.57
329.722	-1015.79
329.932	115.74
330.142	-117.2
330.351	47.17
330.561	696.36
330.771	-111.07
330.98	-160.49
331.19	407.69
331.4	-203.89
331.609	43.59
331.819	587.8
332.028	-55.43
332.238	162.37
332.447	59.92
332.657	26.91
332.866	171.66
333.076	23.47
333.285	73.94
333.495	1429.03
333.704	-59.64
333.914	46.29
334.123	-35.28
334.333	1035.38
334.542	29.16
334.752	204.62
334.961	137.74
335.17	-78.89
335.38	-39.51
335.589	70.63
335.798	81.11
336.008	25.27
336.217	-10.64
336.426	43.65
336.636	127.23
336.845	90.99
337.054	125.97
337.263	-21.91
337.473	-9.15
337.682	-35.5
337.891	50.26
338.1	327.34
338.309	90.04
338.519	-16.63
338.728	14.67
338.937	-151.97
339.146	189.21
339.355	-586.79
339.564	-3478.95
339.773	-320.1
339.983	-20.11
340.192	-313.91
340.401	35.69
340.61	45.17
340.819	70.76
341.028	-50.82
341.237	-700
341.446	40.19
341.655	17.62
341.864	187.2
342.073	16.96
342.282	-115.9
342.491	21.76
342.699	115.53
342.908	-14.29
343.117	34.56
343.326	-199.6
343.535	609.09
343.744	-70.49
343.953	116
344.162	47.86
344.37	32.57
344.579	-556.72
344.788	36.57
344.997	-36.47
345.206	124.76
345.414	96.26
345.623	154.61
345.832	-22.72
346.041	104.06
346.249	20
346.458	53.83
346.667	3.27
346.875	65.16
347.084	41.33
347.293	46.44
347.501	158.77
347.71	-64.28
347.918	-9.23
348.127	-1.1
348.336	-24.5
348.544	56.47
348.753	-305.97
348.961	-13.06
349.17	189.58
349.378	71.21
349.587	-18.11
349.795	45.63
350.004	961.54
350.212	15.04
350.421	223.89
350.629	-25.68
350.838	47.05
351.046	134.91
351.254	-32.31
351.463	29.16
351.671	-194.74
351.879	147.23
352.088	47.48
352.296	563.72
352.504	175.93
352.713	-14.98
352.921	-133.07
353.129	54
353.338	90.67
353.546	-65.83
353.754	-273.01
353.962	-4.8
354.171	50.27
354.379	-4300
354.587	25.03
354.795	163.84
355.003	-22.98
355.212	14.2
355.42	590.57
355.628	164.58
355.836	137.97
356.044	29.64
356.252	48.78
356.46	18.51
356.668	758.46
356.876	73.79
357.084	23.66
357.292	56.89
357.5	-73.17
357.708	36.88
357.916	123.98
358.124	66.18
358.332	-753.73
358.54	-220
358.748	-622.08
358.956	30.89
359.164	8.04
359.372	79.79
359.58	-43.88
359.788	45.35
359.996	-70.84
360.203	39.48
360.411	93.26
360.619	-193.47
360.827	84.41
361.035	21.47
361.242	144.57
361.45	-1140.51
361.658	192.89
361.866	53.64
362.073	-25.8
362.281	79.71
362.489	-41.94
362.697	87.24
362.904	3.32
363.112	58.06
363.32	-3.75
363.527	-261.74
363.735	-42.08
363.943	-29.1
364.15	101.41
364.358	115.23
364.565	-181.64
364.773	-0.2
364.98	-165.72
365.188	113.82
365.395	95.04
365.603	28.14
365.81	5.18
366.018	-2.1
366.225	34.82
366.433	-107.44
366.64	9.93
366.848	59.43
367.055	-241.07
367.263	82.52
367.47	100.45
367.677	-320.25
367.885	39.69
368.092	96.83
368.299	16.62
368.507	44.61
368.714	531.86
368.921	-114.17
369.129	120.7
369.336	32.17
369.543	-0.22
369.751	-33.69
369.958	-38.12
370.165	55.93
370.372	-13.53
370.579	-24.81
370.787	29.91
370.994	287.54
371.201	19.35
371.408	77.06
371.615	35.3
371.822	-43.96
372.029	-89.83
372.237	-384.57
372.444	266.49
372.651	-0.16
372.858	3.81
373.065	69.29
373.272	24.3
373.479	-1651.72
373.686	-97.16
373.893	-397.09
374.1	98.09
374.307	-639.57
374.514	237.65
374.721	-9
374.928	235.06
375.135	-66.04
375.341	-460
375.548	45.48
375.755	-143.73
375.962	-13.05
376.169	70.02
376.376	33.6
376.583	-66.74
376.789	71.62
376.996	56.16
377.203	83.97
377.41	-48.57
377.617	30.07
377.823	-237.97
378.03	616.13
378.237	34.29
378.443	-34.86
378.65	-450.94
378.857	8.49
379.063	758.23
379.27	-480.87
379.477	38.96
379.683	-26.43
379.89	-3.92
380.097	20.94
380.303	52.21
380.51	-95.42
380.716	16.49
380.923	84.25
381.129	36.97
381.336	-76.38
381.542	47.32
381.749	64.86
381.955	58.17
382.162	59.92
382.368	23.11
382.575	-77.93
382.781	2113.79
382.988	-89.67
383.194	-4.19
383.4	-14.99
383.607	38.65
383.813	-119.93
384.02	13.22
384.226	-116.93
384.432	-39.67
384.639	45.14
384.845	-198.73
385.051	-10.58
385.257	13.39
385.464	27.51
385.67	114.45
385.876	10.15
386.082	-41.02
386.289	29.63
386.495	-5.95
386.701	-94.14
386.907	-119.95
387.113	37.31
387.319	54.33
387.526	-58.96
387.732	-48.03
387.938	586.4
388.144	-564.35
388.35	58.81
388.556	36.97
388.762	-36.95
388.968	890.7
389.174	-24.16
389.38	163.07
389.586	-30.01
389.792	43.82
389.998	-52.05
390.204	17.2
390.41	76.13
390.616	24.49
390.822	-4.67
391.028	40.85
391.234	41.21
391.439	-781.55
391.645	15.98
391.851	46.79
392.057	20.46
392.263	82.45
392.469	-63.8
392.674	-28.79
392.88	53.76
393.086	9.94
393.292	54.66
393.498	-46.05
393.703	21.79
393.909	24.2
394.115	51.07
394.32	64.46
394.526	-35.42
394.732	65.19
394.937	54.19
395.143	-117
395.349	-52.05
395.554	-374.37
395.76	47.1
395.965	14.89
396.171	-42.82
396.377	121.92
396.582	30.54
396.788	-18.5
396.993	23.21
397.199	-24.11
397.404	42.71
397.61	-46.68
397.815	15.12
398.021	-0.14
398.226	-39.11
398.431	-16.85
398.637	72.43
398.842	4.91
399.048	33.9
399.253	37.94
399.458	0.7
399.664	7.92
399.869	6.73
400.074	2.32
400.28	36.75
400.485	-37.6
400.69	-12.07
400.896	23.82
401.101	1.58
401.306	9.67
401.511	-0.75
401.716	6.5
401.922	-18.29
402.127	18.49
402.332	-7.88
402.537	17.56
402.742	14.67
402.947	44.72
403.153	-9.95
403.358	25.53
403.563	30.02
403.768	21.55
403.973	10.34
404.178	-2.39
404.383	2.17
404.588	11.75
404.793	4.21
404.998	13.38
405.203	-2.4
405.408	11.19
405.613	14.66
405.818	13.82
406.023	11.94
406.228	7.8
406.433	3.18
406.638	12.39
406.842	15.31
407.047	8.69
407.252	4.48
407.457	5.72
407.662	-4.31
407.867	10.71
408.071	17.02
408.276	1.51
408.481	14.92
408.686	3.66
408.891	18.04
409.095	16.37
409.3	8.41
409.505	10.94
409.709	1.16
409.914	15.06
410.119	11.17
410.323	6.64
410.528	5.16
410.733	8.84
410.937	-0.58
411.142	3.94
411.346	7.35
411.551	9.14
411.756	6.03
411.96	6.49
412.165	-1.33
412.369	7.33
412.574	2.82
412.778	5.87
412.983	6.46
413.187	10.33
413.392	0.17
413.596	5.56
413.8	6.52
414.005	6.31
414.209	5.7
414.414	5.53
414.618	5.64
414.822	5.94
415.027	8.05
415.231	5.98
415.435	9.03
415.64	4.88
415.844	6.37
416.048	5.86
416.252	7.24
416.457	5.64
416.661	5.58
416.865	2.98
417.069	4.7
417.274	6.2
417.478	4.94
417.682	4.34
417.886	3.18
418.09	5.75
418.294	5.37
418.498	4.1
418.702	7.07
418.907	7.05
419.111	4.3
419.315	4.45
419.519	4.77
419.723	6.42
419.927	4.97
420.131	7.34
420.335	4.75
420.539	3.24
420.743	7.93
420.947	3.82
421.151	4.81
421.355	4.39
421.558	5.19
421.762	5.03
421.966	4.49
422.17	4.68
422.374	5.05
422.578	4.47
422.782	4.99
422.985	4.05
423.189	4.58
423.393	5.38
423.597	3.89
423.801	5.24
424.004	4.44
424.208	4.41
424.412	5.09
424.615	4.99
424.819	4.93
425.023	4.54
425.226	4.78
425.43	4.91
425.634	5.43
425.837	3.49
426.041	4.8
426.245	4.79
426.448	4.64
426.652	4.41
426.855	3.8
427.059	4.03
427.262	5.38
427.466	3.95
427.669	3.95
427.873	3.76
428.076	4.58
428.28	3.72
428.483	4.03
428.687	3.59
428.89	4.53
429.094	3.04
429.297	4.28
429.5	3.92
429.704	4.55
429.907	4.84
430.11	4.4
430.314	4.46
430.517	4.55
430.72	4.25
430.924	3.66
431.127	4.26
431.33	4.02
431.533	4.83
431.737	4.27
431.94	3.78
432.143	3.9
432.346	4.15
432.549	4.19
432.752	3.29
432.956	4
433.159	3.64
433.362	3.76
433.565	4.26
433.768	4.23
433.971	3.67
434.174	4.11
434.377	3.84
434.58	3.92
434.783	3.36
434.986	3.8
435.189	4.5
435.392	3.95
435.595	3.77
435.798	3.53
436.001	4
436.204	3.66
436.407	3.37
436.61	4.22
436.813	4.24
437.016	4.02
437.219	3.48
437.421	3.92
437.624	3.9
437.827	3.97
438.03	3.76
438.233	3.64
438.435	3.73
438.638	4.09
438.841	3.57
439.044	3.3
439.246	3.47
439.449	3.4
439.652	3.84
439.854	4.05
440.057	3.99
440.26	3.85
440.462	3.88
440.665	3.73
440.868	3.88
441.07	3.92
441.273	4.23
441.475	3.86
441.678	4.01
441.88	3.75
442.083	3.57
442.286	3.75
442.488	3.3
442.69	3.94
442.893	3.57
443.095	3.84
443.298	3.41
443.5	3.62
443.703	3.75
443.905	3.66
444.108	3.61
444.31	3.9
444.512	3.83
444.715	3.92
444.917	3.46
445.119	3.8
445.322	3.47
445.524	4.05
445.726	3.85
445.928	4.1
446.131	3.98
446.333	4.14
446.535	4.08
446.737	3.74
446.94	4.11
447.142	4.18
447.344	3.89
447.546	4.05
447.748	3.82
447.95	4.14
448.152	4.2
448.354	3.87
448.557	4.41
448.759	4.26
448.961	4.2
449.163	4.5
449.365	4.27
449.567	4.2
449.769	4.42
449.971	4.17
450.173	4.23
450.375	4.39
450.577	4.57
450.779	4.41
450.981	4.5
451.182	4.59
451.384	4.53
451.586	5.07
451.788	4.41
451.99	4.61
452.192	4.33
452.394	4.81
452.595	5.18
452.797	4.7
452.999	5.08
453.201	5.18
453.402	4.95
453.604	4.98
453.806	5.15
454.008	5.31
454.209	5.42
454.411	5.06
454.613	5.24
454.814	5.64
455.016	5.43
455.218	5.28
455.419	5.36
455.621	5.34
455.822	5.06
456.024	5.81
456.225	5.33
456.427	5.42
456.629	5.43
456.83	5.39
457.032	5.4
457.233	5.39
457.435	5.52
457.636	5.57
457.837	5.71
458.039	5.36
458.24	6.1
458.442	6.15
458.643	5.3
458.844	5.82
459.046	5.73
459.247	5.91
459.448	6.46
459.65	6.09
459.851	6.2
460.052	5.45
460.254	6.27
460.455	5.98
460.656	6.08
460.857	6.03
461.059	5.47
461.26	5.5
461.461	6.13
461.662	5.76
461.863	6.39
462.065	5.82
462.266	5.58
462.467	5.36
462.668	5.16
462.869	6.77
463.07	6.36
463.271	6.9
463.472	5.78
463.673	5.82
463.874	7.67
464.075	6.37
464.276	6.34
464.477	6.28
464.678	5.78
464.879	6.01
465.08	6.41
465.281	6.15
465.482	5.16
465.683	5.3
465.884	6.49
466.085	6.14
466.285	6.05
466.486	7.43
466.687	6.94
466.888	6.52
467.089	6.48
467.29	6.62
467.49	6.78
467.691	6.63
467.892	6.03
468.093	5.98
468.293	6.87
468.494	7.09
468.695	6.04
468.895	6.22
469.096	4.86
469.297	7.14
469.497	6.77
469.698	6.68
469.898	5.76
470.099	6.58
470.3	7.34
470.5	5.84
470.701	7.34
470.901	7.46
471.102	7.74
471.302	6.39
471.503	6.54
471.703	7.15
471.904	5.89
472.104	5.88
472.305	6.2
472.505	5.5
472.705	6.04
472.906	7.65
473.106	8.55
473.306	5.8
473.507	6.93
473.707	6.81
473.907	6.63
474.108	5.62
474.308	6.93
474.508	7.13
474.709	6.94
474.909	7.17
475.109	4.62
475.309	6.31
475.51	6.34
475.71	7.39
475.91	6.21
476.11	6.23
476.31	6.54
476.51	7.1
476.71	5.95
476.911	7.91
477.111	6.09
477.311	6.75
477.511	6.79
477.711	6.36
477.911	6.07
478.111	7.43
478.311	6.83
478.511	7
478.711	7.79
478.911	6.19
479.111	6.3
479.311	7.64
479.511	8.47
479.711	6.35
479.91	5.1
480.11	6.38
480.31	7.54
480.51	7.97
480.71	6.26
480.91	6.13
481.109	5.46
481.309	7.06
481.509	5.3
481.709	7.52
481.909	6.56
482.108	6.57
482.308	8.34
482.508	6.64
482.707	6.83
482.907	7.88
483.107	8.33
483.306	6.7
483.506	6.3
483.706	4.15
483.905	5.38
484.105	6.36
484.304	6.6
484.504	6.8
484.704	7.35
484.903	5.24
485.103	7.23
485.302	5.19
485.502	6.75
485.701	6.78
485.901	5.2
486.1	5.81
486.299	6.86
486.499	6.33
486.698	5.53
486.898	6.37
487.097	5.58
487.296	5.82
487.496	5.61
487.695	6.84
487.894	6.26
488.094	7.7
488.293	7.92
488.492	5.94
488.692	6.9
488.891	5.42
489.09	6.58
489.289	6.71
489.489	5.79
489.688	6.13
489.887	6.46
490.086	5.69
490.285	8.64
490.484	7.35
490.683	6.55
490.883	8.14
491.082	7.62
491.281	6.26
491.48	6.61
491.679	6.24
491.878	7.23
492.077	7.19
492.276	6.06
492.475	6.94
492.674	6.75
492.873	7.42
493.072	6.52
493.271	5.96
493.47	5
493.669	6.77
493.867	5.88
494.066	7.15
494.265	7.74
494.464	5.83
494.663	6.41
494.862	6.18
495.06	5.74
495.259	6.17
495.458	5.7
495.657	6.49
495.856	6.1
496.054	6.69
496.253	6.71
496.452	5.9
496.65	7.43
496.849	5.83
497.048	6.62
497.246	6.32
497.445	6.76
497.644	7.25
497.842	6.72
498.041	7.63
498.239	6.74
498.438	6.52
498.636	7.86
498.835	8.1
499.034	7.42
499.232	6.56
499.431	7.04
499.629	6.54
499.827	7.88
500.026	6.88
500.224	8.11
500.423	6.85
500.621	7.31
500.82	7.46
501.018	8.2
501.216	7.62
501.415	8.32
501.613	7.06
501.811	6.98
502.01	8.55
502.208	7.37
502.406	8.08
502.604	8.02
502.803	7.54
503.001	8.9
503.199	7.26
503.397	8.44
503.595	7.33
503.794	7.77
503.992	7.29
504.19	7.74
504.388	8.16
504.586	8.1
504.784	8.35
504.982	8.09
505.18	7.81
505.378	7.61
505.576	8.1
505.774	7.99
505.972	7.86
506.17	9.2
506.368	8.3
506.566	8.72
506.764	8.23
506.962	8.87
507.16	8.92
507.358	8.23
507.556	8.29
507.754	9.66
507.952	9.08
508.15	8.39
508.347	8.76
508.545	9.14
508.743	9.31
508.941	8.71
509.139	9.73
509.336	9.65
509.534	9.41
509.732	9.39
509.93	9.07
510.127	8.68
510.325	9.09
510.523	9.92
510.72	9.35
510.918	9.42
511.116	10.06
511.313	9.44
511.511	9.9
511.708	9.62
511.906	10.82
512.104	10.11
512.301	10.39
512.499	10.44
512.696	9.88
512.894	9.47
513.091	10.71
513.289	10.23
513.486	10.31
513.683	10.47
513.881	10.09
514.078	10.5
514.276	10.84
514.473	10.43
514.67	11.2
514.868	11.18
515.065	10.99
515.262	10.95
515.46	10.8
515.657	11.14
515.854	11.11
516.052	10.79
516.249	11.12
516.446	11.33
516.643	11.5
516.84	11.62
517.038	11.27
517.235	11.62
517.432	11.54
517.629	11.54
517.826	11.49
518.023	12
518.221	11.99
518.418	12.09
518.615	12.55
518.812	12.05
519.009	12.35
519.206	12.23
519.403	12.55
519.6	12.54
519.797	12.09
519.994	12.3
520.191	12.51
520.388	12.81
520.585	12.32
520.782	12.85
520.978	12.61
521.175	12.64
521.372	13.16
521.569	12.79
521.766	12.77
521.963	13.2
522.159	13.42
522.356	13.14
522.553	13.05
522.75	13.4
522.947	13.24
523.143	13.23
523.34	13.5
523.537	13.44
523.733	13.22
523.93	13.33
524.127	13.3
524.323	13.23
524.52	13.79
524.717	13.45
524.913	13.1
525.11	13.32
525.306	14.19
525.503	13.78
525.7	13.88
525.896	13.3
526.093	13.25
526.289	14.27
526.486	13.91
526.682	14.01
526.878	13.96
527.075	13.95
527.271	13.81
527.468	13.71
527.664	13.75
527.861	14.37
528.057	14.05
528.253	14.66
528.45	13.91
528.646	13.88
528.842	14.56
529.039	14.06
529.235	14.16
529.431	14.43
529.627	14.68
529.824	14.73
530.02	14.41
530.216	14.22
530.412	14.74
530.608	14.52
530.804	14.49
531.001	14.87
531.197	14.26
531.393	14.9
531.589	14.45
531.785	14.93
531.981	14.53
532.177	15.02
532.373	15.04
532.569	14.77
532.765	14.86
532.961	14.66
533.157	14.5
533.353	14.91
533.549	14.31
533.745	15.26
533.941	14.66
534.137	14.86
534.333	14.89
534.529	15.04
534.725	15.13
534.92	14.92
535.116	15.01
535.312	15.11
535.508	14.89
535.704	14.84
535.899	15.02
536.095	15.39
536.291	15.19
536.487	14.84
536.682	15.37
536.878	15.43
537.074	15.37
537.269	15.25
537.465	14.88
537.661	15.52
537.856	15.32
538.052	15.02
538.248	15.43
538.443	15.32
538.639	15.33
538.834	15.06
539.03	15.07
539.225	15.43
539.421	15.52
539.616	15.78
539.812	15.07
540.007	15.57
540.203	15.2
540.398	15.44
540.593	15.15
540.789	15.54
540.984	15.37
541.18	15.39
541.375	15.34
541.57	15.93
541.766	15.28
541.961	15.69
542.156	15.96
542.352	15.45
542.547	15.53
542.742	15.62
542.937	15.83
543.133	15.95
543.328	15.76
543.523	15.45
543.718	15.78
543.913	15.76
544.108	16.29
544.304	15.53
544.499	15.62
544.694	15.71
544.889	15.78
545.084	16.41
545.279	15.92
545.474	15.95
545.669	15.62
545.864	15.93
546.059	15.61
546.254	15.36
546.449	15.97
546.644	15.89
546.839	16.06
547.034	15.8
547.229	15.39
547.424	16.1
547.618	15.81
547.813	16.19
548.008	15.93
548.203	15.9
548.398	15.74
548.593	16.37
548.787	15.99
548.982	16.02
549.177	15.89
549.372	15.76
549.566	15.92
549.761	15.73
549.956	16.07
550.15	16.41
550.345	15.94
550.54	16.16
550.734	16.13
550.929	16.38
551.124	16.17
551.318	16.31
551.513	15.81
551.707	16.21
551.902	16.15
552.096	16.61
552.291	16.35
552.485	16.16
552.68	16.35
552.874	15.82
553.069	16.77
553.263	16.1
553.458	16.36
553.652	16.59
553.847	16.81
554.041	16.52
554.235	16.39
554.43	16.45
554.624	17.11
554.818	16.74
555.013	16.78
555.207	16.74
555.401	16.39
555.595	16.35
555.79	15.88
555.984	16.72
556.178	16.33
556.372	16.46
556.566	16.15
556.761	16.03
556.955	16.51
557.149	16.98
557.343	16.18
557.537	16.45
557.731	16.85
557.925	16.57
558.119	16.66
558.313	16.47
558.507	16.43
558.701	16.33
558.895	16.53
559.089	17.07
559.283	16.88
559.477	16.92
559.671	16.37
559.865	16.22
560.059	16.55
560.253	16.32
560.447	16.72
560.641	16.32
560.835	16.82
561.028	17.03
561.222	16.83
561.416	16.21
561.61	16.28
561.804	16.43
561.997	16.44
562.191	16.69
562.385	16.6
562.579	16.08
562.772	17.15
562.966	16.56
563.16	16.58
563.353	16.65
563.547	16.77
563.741	16.64
563.934	16.47
564.128	16.13
564.321	16.13
564.515	16.71
564.708	17
564.902	16.47
565.095	16.86
565.289	16.83
565.482	16.46
565.676	16.69
565.869	16.63
566.063	16.66
566.256	16.76
566.45	16.72
566.643	17.02
566.836	16.84
567.03	16.19
567.223	16.16
567.416	16.71
567.61	16.3
567.803	16.39
567.996	16.62
568.19	16.52
568.383	16.3
568.576	16.28
568.769	16.48
568.963	16.23
569.156	16.29
569.349	16.23
569.542	16.15
569.735	16.41
569.928	16.64
570.121	16.05
570.315	16.57
570.508	16.27
570.701	16.22
570.894	16.47
571.087	16.41
571.28	16.43
571.473	16.31
571.666	16.16
571.859	15.95
572.052	15.88
572.245	16.48
572.438	16.44
572.631	16.28
572.824	16.1
573.016	16.42
573.209	16.38
573.402	16.32
573.595	16.23
573.788	16.4
573.981	16.24
574.173	16.14
574.366	16.44
574.559	16.22
574.752	15.99
574.944	15.95
575.137	16.04
575.33	16.42
575.523	16.42
575.715	15.67
575.908	16.02
576.101	16.06
576.293	15.87
576.486	15.91
576.678	15.95
576.871	16.03
577.063	16.29
577.256	15.9
577.449	16.45
577.641	15.77
577.834	15.6
578.026	15.99
578.219	15.62
578.411	16.5
578.603	16.02
578.796	15.31
578.988	16.03
579.181	15.28
579.373	15.98
579.565	15.77
579.758	16.1
579.95	16.09
580.142	15.23
580.335	15.77
580.527	15.57
580.719	15.79
580.912	15.24
581.104	16.04
581.296	15.5
581.488	15.86
581.68	15.87
581.873	15.77
582.065	16.14
582.257	15.51
582.449	15.72
582.641	15.66
582.833	15.71
583.025	15.38
583.217	15.63
583.41	15.67
583.602	15.63
583.794	15.53
583.986	16.03
584.178	15.63
584.37	15.69
584.562	14.92
584.753	16.04
584.945	15.77
585.137	15.8
585.329	15.36
585.521	15.77
585.713	15.61
585.905	15.99
586.097	15.67
586.289	15.42
586.48	15.6
586.672	15.32
586.864	15.47
587.056	15.62
587.247	14.92
587.439	15.47
587.631	15.09
587.823	15.18
588.014	16.08
588.206	15.15
588.398	15.28
588.589	15.91
588.781	15.36
588.972	15.41
589.164	15.56
589.356	15.61
589.547	15.48
589.739	15.43
589.93	15.71
590.122	15.4
590.313	15.72
590.505	15.56
590.696	15.38
590.888	15.48
591.079	15.94
591.271	15.47
591.462	15.48
591.653	16.06
591.845	15.71
592.036	15.27
592.227	15.57
592.419	15.69
592.61	15.45
592.801	15.2
592.993	15.73
593.184	15.67
593.375	15.15
593.566	15.92
593.758	15.49
593.949	15.6
594.14	15.2
594.331	15.37
594.522	15.63
594.713	15.86
594.905	15.76
595.096	15.45
595.287	16.03
595.478	15.93
595.669	15.91
595.86	15.38
596.051	15.23
596.242	15.91
596.433	16.05
596.624	15.62
596.815	16.64
597.006	15.57
597.197	15.5
597.388	15.92
597.579	16.01
597.77	15.87
597.96	15.84
598.151	15.81
598.342	15.47
598.533	16.01
598.724	16.36
598.915	16.12
599.105	15.4
599.296	16.07
599.487	16.29
599.678	15.96
599.868	16.56
600.059	15.75
600.25	16.28
600.44	16.29
600.631	16.11
600.822	15.95
601.012	15.68
601.203	15.96
601.394	15.85
601.584	15.71
601.775	15.85
601.965	15.8
602.156	16.18
602.346	16.15
602.537	16.27
602.727	15.71
602.918	16.32
603.108	16.4
603.299	16.05
603.489	15.75
603.679	16.07
603.87	16.26
604.06	16.02
604.251	16.05
604.441	15.64
604.631	15.36
604.822	16.36
605.012	15.94
605.202	15.91
605.392	15.55
605.583	16.59
605.773	15.87
605.963	16.36
606.153	15.62
606.344	15.58
606.534	16.7
606.724	16.27
606.914	16.21
607.104	16
607.294	16.18
607.484	16.03
607.674	16.33
607.864	16.05
608.054	15.94
608.245	15.73
608.435	16.42
608.625	16.18
608.814	16.14
609.004	15.57
609.194	15.93
609.384	16.15
609.574	16.38
609.764	15.06
609.954	15.77
610.144	15.55
610.334	15.81
610.524	16.09
610.713	16.5
610.903	16.12
611.093	15.91
611.283	15.93
611.473	15.23
611.662	16.09
611.852	15.71
612.042	15.49
612.231	15.77
612.421	16.5
612.611	15.52
612.8	16.07
612.99	15.92
613.18	15.18
613.369	16.33
613.559	15.74
613.748	15.72
613.938	16.09
614.128	15.43
614.317	15.69
614.507	16.06
614.696	15.74
614.886	15.76
615.075	15.75
615.264	15.74
615.454	15.98
615.643	16.4
615.833	15.34
616.022	15.51
616.211	16.01
616.401	15.07
616.59	15.73
616.779	16.3
616.969	16.06
617.158	15.44
617.347	15.09
617.537	16.31
617.726	15.48
617.915	15.59
618.104	15.73
618.293	15.77
618.483	16.05
618.672	15.77
618.861	15.55
619.05	15.61
619.239	15.72
619.428	16.05
619.617	15.96
619.806	14.36
619.995	15.52
620.184	15.3
620.373	14.84
620.562	15.18
620.751	16.12
620.94	15.11
621.129	15.6
621.318	14.79
621.507	15.6
621.696	15.38
621.885	15.34
622.074	15.47
622.263	15.42
622.452	16.04
622.64	15.77
622.829	15.42
623.018	16.1
623.207	14.84
623.396	15.69
623.584	15.57
623.773	16
623.962	15.32
624.15	16.07
624.339	16.2
624.528	16.01
624.716	15.62
624.905	15.4
625.094	15.82
625.282	16.08
625.471	15.41
625.659	15.81
625.848	15.43
626.037	16.11
626.225	15.72
626.414	15.78
626.602	15.23
626.791	15.95
626.979	16.11
627.167	15.19
627.356	15.88
627.544	15.51
627.733	15.56
627.921	15.42
628.109	15.96
628.298	15.53
628.486	16.09
628.674	15.91
628.863	15.34
629.051	15.98
629.239	16.51
629.428	15.97
629.616	16.28
629.804	16.73
629.992	15.39
630.18	16.33
630.369	16.14
630.557	16.13
630.745	15.26
630.933	16.44
631.121	16.15
631.309	15.87
631.497	15.9
631.685	14.78
631.873	15.83
632.061	16.1
632.249	16.4
632.437	16.8
632.625	15.85
632.813	16.19
633.001	16.56
633.189	15.69
633.377	16.47
633.565	15.22
633.753	15.02
633.941	15.81
634.129	15.46
634.316	15.7
634.504	16.6
634.692	16.11
634.88	15.43
635.068	15.09
635.255	16.27
635.443	15.32
635.631	16.14
635.818	17.35
636.006	14.89
636.194	17.18
636.382	15.09
636.569	15.06
636.757	16.39
636.944	16.12
637.132	15.66
637.32	16.86
637.507	14.88
637.695	15.3
637.882	15.93
638.07	16.38
638.257	14.59
638.445	15.84
638.632	15.25
638.82	15.2
639.007	15.66
639.194	15.71
639.382	14.95
639.569	14.19
639.757	15.66
639.944	15.57
640.131	15.05
640.319	16
640.506	15.93
640.693	15.38
640.88	14.91
641.068	14.37
641.255	14.56
641.442	14.96
641.629	13.63
641.817	15.53
642.004	14.97
642.191	15.41
642.378	15.28
642.565	15.19
642.752	16.38
642.939	14.83
643.126	15.07
643.313	14.5
643.501	15.61
643.688	14.92
643.875	14.6
644.062	14.16
644.249	13.87
644.435	13.63
644.622	13.46
644.809	14.35
644.996	14.62
645.183	13.22
645.37	14.77
645.557	15.02
645.744	13.2
645.931	14.56
646.117	14.07
646.304	13.89
646.491	14.09
646.678	15.13
646.865	14.84
647.051	14.51
647.238	13.7
647.425	12.85
647.611	13.62
647.798	13.52
647.985	14.08
648.171	13.89
648.358	13.7
648.545	13.75
648.731	13.11
648.918	13.63
649.104	13.42
649.291	14.36
649.477	12.91
649.664	12.71
649.85	14.26
650.037	12.83
650.223	12.5
650.41	12.89
650.596	13.33
650.783	13.66
650.969	13.77
651.155	13.3
651.342	12.32
651.528	12.79
651.714	12.94
651.901	13.51
652.087	12.92
652.273	11.95
652.46	13.94
652.646	14.24
652.832	13.37
653.018	13.87
653.204	13.61
653.391	14.24
653.577	13.12
653.763	13.12
653.949	12.74
654.135	11.86
654.321	12.64
654.507	14.22
654.693	13.77
654.879	13.94
655.065	10.08
655.252	11.51
655.438	12.96
655.624	12.26
655.809	12.01
655.995	11.33
656.181	12.41
656.367	12.9
656.553	13.02
656.739	13.33
656.925	14.29
657.111	14
657.297	13.73
657.482	12.53
657.668	12.94
657.854	13.31
658.04	12.31
658.226	13.19
658.411	12.4
658.597	13.3
658.783	12.83
658.968	13.77
659.154	11.9
659.34	12.6
659.525	12.19
659.711	12.12
659.897	12.26
660.082	12.48
660.268	11.79
660.453	12.95
660.639	12.51
660.824	13.24
661.01	13.48
661.195	12.47
661.381	12.16
661.566	11.21
661.752	12.31
661.937	11.76
662.123	11.02
662.308	12.7
662.494	12.69
662.679	11.98
662.864	11.92
663.05	10.44
663.235	12.48
663.42	11.88
663.605	12.02
663.791	12.55
663.976	11.44
664.161	11.13
664.346	10.09
664.532	11.97
664.717	11.41
664.902	11.55
665.087	14.29
665.272	11.04
665.457	10.68
665.642	10.87
665.828	12.58
666.013	12.25
666.198	9.06
666.383	11.87
666.568	10.43
666.753	13.69
666.938	11.74
667.123	12.59
667.308	11.09
667.493	12.81
667.677	10.29
667.862	12.45
668.047	12.26
668.232	12.92
668.417	13.46
668.602	10.7
668.787	13.03
668.971	11.5
669.156	12.88
669.341	9.95
669.526	14.03
669.711	13.63
669.895	14.37
670.08	10.02
670.265	12.42
670.449	11.79
670.634	11.87
670.819	12.09
671.003	13.2
671.188	13.12
671.372	13.69
671.557	15.13
671.742	13.06
671.926	13.71
672.111	12.69
672.295	13.04
672.48	11.65
672.664	13.44
672.849	12.5
673.033	13.75
673.217	14.53
673.402	10.66
673.586	12.92
673.771	12.84
673.955	15.25
674.139	15.29
674.324	14.11
674.508	10.89
674.692	13.71
674.876	17.01
675.061	15.58
675.245	17.36
675.429	15.03
675.613	14.38
675.798	16.52
675.982	16.88
676.166	17.41
676.35	17.3
676.534	18.57
676.718	16.71
676.902	17.16
677.087	14.47
677.271	15.95
677.455	19.56
677.639	14.13
677.823	19.65
678.007	19.06
678.191	19.27
678.375	18.82
678.559	19.71
678.742	19.22
678.926	21.89
679.11	21.25
679.294	18.76
679.478	17.7
679.662	20.92
679.846	22.54
680.029	21.51
680.213	19.08
680.397	21.2
680.581	22.53
680.765	23.62
680.948	21.76
681.132	20.53
681.316	18.86
681.499	24.57
681.683	22.02
681.867	22.52
682.05	27.05
682.234	22.43
682.417	26.39
682.601	26.97
682.785	24.24
682.968	21.97
683.152	26.91
683.335	24.79
683.519	28.48
683.702	28
683.886	30.78
684.069	22.58
684.253	28.63
684.436	31.77
684.619	25.79
684.803	27.99
684.986	26.98
685.169	27.92
685.353	28.24
685.536	29.54
685.719	29.05
685.903	27.17
686.086	27.81
686.269	28.82
686.452	28.39
686.636	32.06
686.819	28.04
687.002	26.29
687.185	31.73
687.368	31.83
687.551	28.48
687.734	32.57
687.918	32.17
688.101	27.2
688.284	29.72
688.467	33.02
688.65	31.09
688.833	28.53
689.016	32.69
689.199	34.99
689.382	31.52
689.565	33.7
689.748	32.94
689.93	30.86
690.113	30.75
690.296	31.08
690.479	36.39
690.662	30.23
690.845	32.27
691.028	31.63
691.21	35.53
691.393	35.74
691.576	31.17
691.759	33.03
691.941	36.29
692.124	35.5
692.307	34.61
692.489	35.03
692.672	36.38
692.855	33.25
693.037	36.62
693.22	30.78
693.403	35.58
693.585	33.89
693.768	38.17
693.95	29.55
694.133	39.2
694.315	42.09
694.498	40.43
694.68	31.01
694.863	38.31
695.045	36.3
695.228	32.59
695.41	36.63
695.592	39.08
695.775	38.19
695.957	34.27
696.139	38.05
696.322	36.58
696.504	44.07
696.686	32.13
696.869	33.96
697.051	37.79
697.233	41.36
697.415	37.44
697.597	37.14
697.78	38.78
697.962	37.42
698.144	42.7
698.326	38.76
698.508	37.91
698.69	37.82
698.872	42.1
699.055	40.35
699.237	38.37
699.419	41.11
699.601	35.27
699.783	44.75
699.965	44.18
700.147	38.26
700.329	44.38
700.51	42.76
700.692	37.29
700.874	45.53
701.056	44.48
701.238	43.29
701.42	48.85
701.602	43.99
701.783	44
701.965	38.62
702.147	43.23
702.329	48.13
702.511	41.22
702.692	52.77
702.874	45.29
703.056	40.06
703.237	42.78
703.419	39.78
703.601	44.24
703.782	45.76
703.964	47.66
704.146	41.05
704.327	49.31
704.509	48.19
704.69	44.37
704.872	41.69
705.053	44.5
705.235	47.67
705.416	41.48
705.598	44.06
705.779	37.26
705.961	46.08
706.142	42.27
706.323	50.29
706.505	45.53
706.686	40.37
706.867	40.71
707.049	46.15
707.23	49.05
707.411	43.92
707.593	42.98
707.774	45.27
707.955	53.18
708.136	51.74
708.318	43.64
708.499	39.74
708.68	42.19
708.861	46.13
709.042	37.42
709.223	45.24
709.404	45.73
709.585	49.55
709.767	46.71
709.948	50.42
710.129	41.93
710.31	39.79
710.491	44.61
710.672	47.73
710.853	48.76
711.034	55.79
711.214	55.82
711.395	42.64
711.576	50.1
711.757	43.76
711.938	47.61
712.119	46.66
712.3	44.03
712.481	46.99
712.661	43.31
712.842	44.52
713.023	54.51
713.204	47.26
713.384	51.9
713.565	48.08
713.746	46.71
713.926	46.25
714.107	53.6
714.288	50.91
714.468	56.36
714.649	53.84
714.83	54.26
715.01	54.85
715.191	41.78
715.371	50.56
715.552	45.06
715.732	53.46
715.913	54.36
716.093	44.47
716.274	46.39
716.454	44.72
716.635	52.19
716.815	48.1
716.995	53.25
717.176	52.53
717.356	45.46
717.536	57.44
717.717	47.32
717.897	39.5
718.077	49.33
718.258	54.47
718.438	45.48
718.618	55.16
718.798	50.83
718.978	50.76
719.159	48.37
719.339	60.52
719.519	53.19
719.699	56.92
719.879	55.27
720.059	50.03
720.239	47.83
720.419	48.85
720.599	46.78
720.779	58.28
720.959	59
721.139	60.26
721.319	48.72
721.499	63.74
721.679	43.11
721.859	43.71
722.039	62.59
722.219	58.48
722.399	45.22
722.579	53.21
722.759	42.47
722.938	36.31
723.118	58.05
723.298	64.79
723.478	47.43
723.658	66.1
723.837	53.53
724.017	49.53
724.197	34.72
724.376	56.02
724.556	44.58
724.736	71.66
724.915	49.31
725.095	58.62
725.275	75.81
725.454	51.17
725.634	68.31
725.813	63.81
725.993	56.38
726.172	51.49
726.352	59.88
726.531	59.33
726.711	65.22
726.89	50.83
727.07	51.12
727.249	55.37
727.428	51.31
727.608	42.36
727.787	56.59
727.966	56.04
728.146	48.63
728.325	65.12
728.504	48.16
728.684	42.04
728.863	62.43
729.042	52.43
729.221	53.02
729.4	59.43
729.58	58.38
729.759	46.82
729.938	66.62
730.117	57.56
730.296	46.57
730.475	42.24
730.654	52.19
730.833	64.5
731.013	44.95
731.192	60.61
731.371	82.12
731.55	70.1
731.729	57.98
731.907	71.87
732.086	46.26
732.265	52.67
732.444	48.79
732.623	85.47
732.802	52.51
732.981	53.71
733.16	57.71
733.339	40.46
733.517	55.86
733.696	59.15
733.875	69.08
734.054	59.59
734.232	65.1
734.411	70.56
734.59	42.47
734.768	65.9
734.947	52.77
735.126	13.74
735.304	74.42
735.483	56.72
735.662	60.13
735.84	40.97
736.019	52.16
736.197	42.7
736.376	59.84
736.554	80.03
736.733	84.16
736.911	66.45
737.09	52.22
737.268	62.34
737.447	78.65
737.625	78.37
737.803	59.98
737.982	90.51
738.16	79.38
738.338	63.72
738.517	46.87
738.695	67.23
738.873	42.38
739.052	64.48
739.23	43.94
739.408	41.32
739.586	61.42
739.764	61.55
739.943	71.86
740.121	57.42
740.299	55.12
740.477	63.41
740.655	73.01
740.833	55.57
741.011	88.26
741.189	73.38
741.367	72.79
741.545	69.68
741.723	60.07
741.901	85.49
742.079	69.56
742.257	78.04
742.435	70.35
742.613	94.47
742.791	73.5
742.969	70.73
743.147	71.62
743.325	54.39
743.503	87.85
743.68	82.34
743.858	78.71
744.036	76.05
744.214	48.36
744.391	43.49
744.569	63.86
744.747	56.75
744.925	100.25
745.102	71.37
745.28	50.08
745.458	88.09
745.635	42.76
745.813	68.45
745.99	106.48
746.168	70.14
746.345	129.61
746.523	60.41
746.7	55.12
746.878	67.53
747.055	66.08
747.233	58.51
747.41	71.58
747.588	91.7
747.765	80.64
747.943	72.34
748.12	55.86
748.297	56.54
748.475	65.66
748.652	81.95
748.829	72.58
749.007	57.8
749.184	61.5
749.361	53.59
749.538	67.34
749.716	43.57
749.893	61.65
750.07	44.76
750.247	102.98
750.424	90.29
750.601	85.7
750.778	59.27
750.956	48.75
751.133	62.9
751.31	43.56
751.487	52.37
751.664	62.31
751.841	62.84
752.018	37.27
752.195	75.21
752.372	25.97
752.549	75.57
752.726	50.97
752.902	86.77
753.079	62.21
753.256	121.42
753.433	63.14
753.61	63.17
753.787	64.25
753.964	62.33
754.14	79.58
754.317	65.12
754.494	58.98
754.671	71.47
754.847	42.99
755.024	56.43
755.201	79.54
755.377	82.78
755.554	90.49
755.73	59.97
755.907	74.98
756.084	102.73
756.26	39.13
756.437	28.94
756.613	55.78
756.79	42.83
756.966	57.01
757.143	104.14
757.319	74.65
757.496	77.79
757.672	70.72
757.849	77.92
758.025	51.11
758.201	177.76
758.378	71.05
758.554	68.5
758.73	60.31
758.907	50.7
759.083	35.76
759.259	101.44
759.435	80.05
759.612	63.84
759.788	90.35
759.964	47.28
760.14	55.41
760.316	-14.41
760.493	45.17
760.669	112.24
760.845	12.26
761.021	-2.96
761.197	76.39
761.373	79.36
761.549	45.09
761.725	60.38
761.901	48.03
762.077	66.35
762.253	48.99
762.429	61.63
762.605	4.53
762.781	44.17
762.957	54.85
763.133	66.33
763.308	62.4
763.484	55.71
763.66	169.88
763.836	34.96
764.012	52.87
764.187	16.14
764.363	112.19
764.539	62.18
764.715	43.57
764.89	1.25
765.066	24.67
765.242	45.98
765.417	42.49
765.593	53.83
765.769	66.47
765.944	51.01
766.12	72.85
766.295	41.76
766.471	35.71
766.646	73.92
766.822	44.9
766.997	43.19
767.173	50.14
767.348	-14.47
767.524	14.26
767.699	52.3
767.875	53.22
768.05	7.9
768.225	98.84
768.401	19.16
768.576	112.04
768.751	94.41
768.927	131.16
769.102	36.62
769.277	8.63
769.452	63.91
769.628	30.73
769.803	157.49
769.978	113.14
770.153	-5.26
770.328	32.12
770.503	64.65
770.679	158.52
770.854	53.69
771.029	30.28
771.204	-24.5
771.379	26.01
771.554	9.18
771.729	74.97
771.904	-21.65
772.079	50.22
772.254	69.07
772.429	27.15
772.604	24.74
772.779	118.45
772.953	30.5
773.128	-5.55
773.303	48.29
773.478	63.05
773.653	28.19
773.828	55.59
774.002	65.12
774.177	-16.42
774.352	364.35
774.527	23.83
774.701	41.84
774.876	107.67
775.051	12.3
775.225	249.81
775.4	-31.45
775.575	33.72
775.749	46.92
775.924	-72.21
776.098	-11.66
776.273	41.31
776.447	61.89
776.622	48.71
776.796	-6.22
776.971	6.43
777.145	18.17
777.32	46.39
777.494	56.84
777.669	42.49
777.843	116.94
778.017	58
778.192	33.4
778.366	73.13
778.54	51.95
778.715	-14.9
778.889	77.17
779.063	31.62
779.237	59.46
779.412	41.04
779.586	190.32
779.76	150.18
779.934	32.5
780.108	9.31
780.282	-359.7
780.457	44.95
780.631	-49.27
780.805	63.21
780.979	-395.52
781.153	-46.29
781.327	161.31
781.501	48.48
781.675	125.66
781.849	-23.45
782.023	103.06
782.197	48.43
782.371	-199.43
782.545	242.33
782.718	71.73
782.892	66.37
783.066	79.16
783.24	203.64
783.414	30.39
783.588	81.11
783.761	29.04
783.935	73.58
784.109	86.55
784.283	-230.43
784.456	5.21
784.63	75.73
784.804	57.37
784.977	54.69
785.151	-18.13
785.324	43.13
785.498	8.41
785.672	25.54
785.845	8.89
786.019	-57.35
786.192	-286.75
786.366	58.99
786.539	158.31
786.713	-23.16
786.886	46.1
787.06	-14.8
787.233	79.04
787.406	3.83
787.58	32.47
787.753	60.48
787.926	-30.86
788.1	301.23
788.273	205.66
788.446	26.2
788.62	887.1
788.793	71.94
788.966	76.91
789.139	182.25
789.313	88.01
789.486	-4814.29
789.659	246.29
789.832	39.85
790.005	112.1
790.178	298.23
790.351	144.61
790.524	40.34
790.697	85.21
790.87	-243.15
791.044	980
791.216	131.39
791.389	-39.04
791.562	92.45
791.735	-92.41
791.908	266.23
792.081	-2.88
792.254	-132.97
792.427	4.83
792.6	97.67
792.773	55.07
792.945	213.43
793.118	95.04
793.291	157.14
793.464	45.53
793.637	153.99
793.809	-54.21
793.982	25.46
794.155	-12.53
794.327	14.22
794.5	278.46
794.673	130.77
794.845	84.44
795.018	-23.86
795.19	-282.02
795.363	129.29
795.536	138.14
795.708	-700
795.881	9860
796.053	-17.89
796.226	198.29
796.398	247.04
796.57	28.29
796.743	-28.28
796.915	16.04
797.088	169.64
797.26	18.11
797.432	-122.78
797.605	-205.88
797.777	-419.48
797.949	110.81
798.122	121.53
798.294	187.89
798.466	205.14
798.638	-30.41
798.81	-34.08
798.983	530.38
799.155	71.55
799.327	20
799.499	80.39
799.671	-4.59
799.843	-0.2
800.015	-64.98
800.187	159.49
800.359	114.19
800.531	77.61
800.703	80.39
800.875	90.02
801.047	46.61
801.219	262.46
801.391	-341.56
801.563	-0.72
801.735	11.4
801.907	249.69
802.079	163.09
802.251	-489.01
802.422	55.91
802.594	-310.39
802.766	98.27
802.938	134.08
803.11	284.49
803.281	126.49
803.453	58.56
803.625	59.96
803.796	46.51
803.968	-7.92
804.14	20
804.311	-8.39
804.483	125.76
804.654	-39.35
804.826	142.63
804.998	44.39
805.169	110.81
805.341	173.6
805.512	209.32
805.684	26.9
805.855	70.64
806.026	426.15
806.198	330.67
806.369	26.73
806.541	100.56
806.712	162.97
806.883	225.34
807.055	172.52
807.226	56.07
807.397	38.46
807.569	319.47
807.74	59.6
807.911	73.88
808.082	-91.93
808.253	-426.73
808.425	110.98
808.596	216.85
808.767	249.64
808.938	-39.02
809.109	84.16
809.28	-45.97
809.451	103.59
809.622	147.06
809.793	-1629.03
809.964	-178.26
810.135	85.08
810.306	-124.28
810.477	548.32
810.648	-22.62
810.819	22.75
810.99	-2620
811.161	22.68
811.332	234.05
811.503	116.81
811.674	315.38
811.844	-330.77
812.015	56.73
812.186	426.38
812.357	-40.77
812.527	83.98
812.698	-34.02
812.869	273.58
813.04	-43.96
813.21	127.59
813.381	79.77
813.551	77.46
813.722	126.36
813.893	20.37
814.063	175.43
814.234	-438.18
814.404	87.9
814.575	101.36
814.745	-381.42
814.916	29.25
815.086	118.53
815.257	53.36
815.427	95.09
815.598	35.12
815.768	107.15
815.938	62.92
816.109	218.22
816.279	144.36
816.449	6.95
816.62	-2594.74
816.79	128.01
816.96	-654.72
817.13	12.54
817.301	-157.87
817.471	-51.4
817.641	65.64
817.811	97.08
817.981	3585.71
818.152	-91.47
818.322	-414.85
818.492	3.21
818.662	97.17
818.832	39.08
819.002	53.49
819.172	239.5
819.342	104.62
819.512	32.44
819.682	125.36
819.852	53.21
820.022	50.33
820.192	176.4
820.362	-2.88
820.531	105.21
820.701	13.7
820.871	121.69
821.041	-162.44
821.211	-55.09
821.381	66.08
821.55	224.26
821.72	-169.77
821.89	223.08
822.059	32.37
822.229	9.01
822.399	-129.6
822.568	229.15
822.738	324.39
822.908	323.31
823.077	66.05
823.247	85.69
823.416	-911.76
823.586	18.72
823.756	-94.93
823.925	-1.27
824.095	25.58
824.264	-231.84
824.433	-190.27
824.603	-9.37
824.772	25.89
824.942	-259.49
825.111	114.07
825.28	-275.16
825.45	-366.09
825.619	112.42
825.788	-403.37
825.958	-4.78
826.127	56.11
826.296	214.66
826.465	87.76
826.635	61.33
826.804	48.77
826.973	-80.07
827.142	-174.04
827.311	250.34
827.48	-63.37
827.649	52.35
827.818	27.56
827.988	269.6
828.157	-94.36
828.326	-146.15
828.495	-26.91
828.664	159.14
828.833	67.49
829.002	-342.24
829.17	-87.92
829.339	258.79
829.508	-155.87
829.677	-106.74
829.846	36.62
830.015	33.52
830.184	-30.53
830.352	-19.87
830.521	7.91
830.69	-114.63
830.859	-135.29
831.027	-1078.95
831.196	-44.24
831.365	-31.7
831.533	51.49
831.702	-58.7
831.871	46.02
832.039	223.62
832.208	-53.04
832.377	-114.17
832.545	102.06
832.714	74.98
832.882	-22.73
833.051	99.21
833.219	8385.71
833.388	80.67
833.556	-136.73
833.724	131.1
833.893	31.06
834.061	310.53
834.23	105.42
834.398	226.64
834.566	219.48
834.735	2557.14
834.903	749.06
835.071	2420
835.239	-160.98
835.408	2.97
835.576	-672.09
835.744	88.39
835.912	90.74
836.08	135.31
836.249	318.87
836.417	95.72
836.585	220.85
836.753	25.89
836.921	-161.62
837.089	3242.86
837.257	-616.28
837.425	-66.81
837.593	6.23
837.761	81.26
837.929	46.58
838.097	104.27
838.265	85.69
838.433	-62.62
838.601	3.45
838.769	591.14
838.936	446.07
839.104	133.79
839.272	85.95
839.44	40.9
839.608	-1929.27
839.775	54.88
839.943	100.91
840.111	102.99
840.279	24.95
840.446	-1022.39
840.614	328.57
840.781	-11.3
840.949	50.18
841.117	5.88
841.284	-308.58
841.452	-208.07
841.619	15.13
841.787	79.34
841.954	-839.53
842.122	-34.1
842.289	88.34
842.457	-26.91
842.624	21.64
842.792	9.49
842.959	253.14
843.126	60.56
843.294	109.73
843.461	21.45
843.629	615.2
843.796	-18.36
843.963	-74.32
844.13	185.63
844.298	-0.39
844.465	66.18
844.632	112.42
844.799	150.25
844.966	254.89
845.134	8.5
845.301	68.43
845.468	-8.61
845.635	3.89
845.802	162.98
845.969	-24.81
846.136	16.63
846.303	-257.89
846.47	46.21
846.637	-256.92
846.804	-952.63
846.971	110.49
847.138	203.47
847.305	53.98
847.472	65.96
847.639	199.3
847.805	76.66
847.972	-372.73
848.139	-71.67
848.306	942.11
848.473	320.9
848.639	-8.24
848.806	-95.2
848.973	252.2
849.14	166.88
849.306	42.6
849.473	-40.4
849.64	38.46
849.806	-108.61
849.973	123.78
850.139	-64.24
850.306	66.96
850.472	61.62
850.639	-78.36
850.806	563.16
850.972	322.61
851.139	500
851.305	74.94
851.471	94.31
851.638	-37.42
851.804	213.43
851.971	10.42
852.137	-11.32
852.303	117.02
852.47	11.25
852.636	-85.65
852.802	424.41
852.968	168.09
853.135	280.71
853.301	-214.45
853.467	63.28
853.633	-2.33
853.8	56.56
853.966	-218.78
854.132	-357.14
854.298	-165.69
854.464	297.75
854.63	36.13
854.796	40.34
854.962	102.88
855.128	20
855.294	-12.16
855.46	39
855.626	2.73
855.792	-153.28
855.958	-70.87
856.124	-22.7
856.29	-135.76
856.456	-2.28
856.622	183.4
856.787	1154.55
856.953	87.46
857.119	262.38
857.285	192.89
857.45	-80.92
857.616	15.68
857.782	30.43
857.948	93.73
858.113	20.82
858.279	-42.13
858.445	244.88
858.61	806.98
858.776	91.9
858.941	72.28
859.107	53.33
859.273	113.18
859.438	101.48
859.604	-5.26
859.769	235.43
859.935	36.63
860.1	81.01
860.265	69.86
860.431	-173.38
860.596	4271.43
860.762	157.14
860.927	-30.31
861.092	66.32
861.258	7.08
861.423	189.58
861.588	74.19
861.753	157.14
861.919	228.3
862.084	-492.13
862.249	207.12
862.414	209.22
862.579	225.89
862.745	49.69
862.91	247.6
863.075	-70.68
863.24	-25.74
863.405	264.82
863.57	89.58
863.735	120.67
863.9	64.6
864.065	-39.45
864.23	75.73
864.395	17.44
864.56	-43.81
864.725	165.82
864.89	-268.54
865.055	102.97
865.22	37.2
865.384	-376.4
865.549	-70.87
865.714	5.39
865.879	35.74
866.044	-23.28
866.208	23.57
866.373	262.64
866.538	44.73
866.702	165.57
866.867	21.27
867.032	138.59
867.196	74.96
867.361	452
867.526	-15.02
867.69	-157.53
867.855	104.4
868.019	-154.55
868.184	39.19
868.348	-73.38
868.513	-1745.16
868.677	131.13
868.842	-47
869.006	160.06
869.17	-133.96
869.335	-641.46
869.499	68.93
869.663	293.38
869.828	14.17
869.992	611.63
870.156	-23.54
870.321	-3.23
870.485	34.37
870.649	113.72
870.813	-66.79
870.978	40.43
871.142	-533.85
871.306	-290.52
871.47	193.43
871.634	292.13
871.798	45.34
871.962	2.51
872.126	500
872.29	-52.06
872.454	1357.14
872.618	75.12
872.782	446.27
872.946	290.6
873.11	156.28
873.274	153.18
873.438	852.94
873.602	-98.42
873.766	16.88
873.93	-22.74
874.094	-52.81
874.257	44.83
874.421	132.37
874.585	129.09
874.749	51.95
874.912	76.98
875.076	38.46
875.24	-42.95
875.403	139.59
875.567	-0.57
875.731	149.44
875.894	64.08
876.058	333.49
876.222	-66.29
876.385	95.98
876.549	2.07
876.712	-45.45
876.876	-136.44
877.039	217.37
877.203	27.87
877.366	19.07
877.529	101.41
877.693	-86.77
877.856	39.73
878.02	-61.81
878.183	161.44
878.346	266.23
878.51	330.09
878.673	33.81
878.836	45.74
878.999	-3.23
879.163	72.83
879.326	33.5
879.489	-46.05
879.652	79.6
879.815	75.04
879.978	-97.55
880.142	306.71
880.305	90.06
880.468	60.48
880.631	9.81
880.794	-49.24
880.957	265.85
881.12	-1970.59
881.283	69.51
881.446	41.5
881.609	-242.45
881.772	-39.41
881.935	-2817.65
882.097	94.88
882.26	-496.23
882.423	23.62
882.586	79.34
882.749	59.18
882.912	352.76
883.074	24.49
883.237	104.34
883.4	79.84
883.562	76.2
883.725	0.8
883.888	150.39
884.05	-940
884.213	53.35
884.376	50.22
884.538	71.87
884.701	71.87
884.863	71.87
