181.954	275.71
182.172	275.71
182.39	275.71
182.608	5820
182.826	300
183.043	-52.34
183.261	54.77
183.479	124.05
183.697	2982.35
183.914	125.1
184.132	126.74
184.35	262.33
184.567	117.46
184.785	416.81
185.003	59.38
185.22	52.79
185.438	-24.76
185.656	-122.11
185.873	503.08
186.091	17.44
186.309	-982.76
186.526	175.11
186.744	3.43
186.961	-25.28
187.179	-160.66
187.396	-28.11
187.614	-50.77
187.831	1980
188.049	-369.94
188.266	30.95
188.484	-667.16
188.701	323.3
188.919	70.64
189.136	144.39
189.354	-38.22
189.571	191.94
189.789	2
190.006	84.81
190.223	-43.78
190.441	94.16
190.658	-6900
190.876	76.93
191.093	36.26
191.31	-44.06
191.528	80.8
191.745	-0.6
191.962	60
192.179	-22.62
192.397	-151.82
192.614	43.19
192.831	-134.62
193.049	62.28
193.266	509.71
193.483	87.3
193.7	-69.23
193.917	95.98
194.135	92.81
194.352	96.14
194.569	55.79
194.786	79.7
195.003	-34.43
195.221	39.87
195.438	79.51
195.655	161.31
195.872	-123.05
196.089	31
196.306	-8.21
196.523	-106.27
196.74	30.61
196.957	27.96
197.174	293.91
197.391	25.24
197.608	87.24
197.825	-1054.84
198.042	14.74
198.259	-1355.17
198.476	146.81
198.693	1260
198.91	160.94
199.127	-255.22
199.344	-64.37
199.561	216.76
199.778	34.53
199.995	-631.34
200.212	-31.03
200.429	351.18
200.646	710.13
200.862	367.42
201.079	12.6
201.296	5.96
201.513	-282.52
201.73	-222.51
201.947	79.65
202.163	81.16
202.38	119.65
202.597	383.42
202.814	161.69
203.03	60
203.247	-1.51
203.464	-37.28
203.681	-136.36
203.897	192.35
204.114	435.85
204.331	122.52
204.547	690.7
204.764	111.33
204.981	511.76
205.197	197.87
205.414	171.66
205.63	-693.1
205.847	34.67
206.064	321.82
206.28	58.04
206.497	-78.16
206.713	45.09
206.93	-33.19
207.146	71.54
207.363	-216.92
207.579	-16.48
207.796	342.48
208.012	-28.77
208.229	-559.7
208.445	-7.36
208.662	116.47
208.878	30.45
209.095	-900
209.311	-48.56
209.528	-6385.71
209.744	-89.19
209.96	-105.3
210.177	-270.87
210.393	45.49
210.609	8220
210.826	64.42
211.042	-169.57
211.258	13.43
211.475	-405.88
211.691	-11.86
211.907	558.23
212.124	95.12
212.34	46.29
212.556	75.18
212.772	-425.27
212.989	117.22
213.205	-111.81
213.421	-351.26
213.637	282.09
213.853	103.89
214.069	-1278.95
214.286	48.1
214.502	443.28
214.718	-64.89
214.934	45.04
215.15	12.79
215.366	80.98
215.582	104.95
215.798	79.62
216.015	-58.88
216.231	-56.76
216.447	49.19
216.663	85.61
216.879	34.67
217.095	-94.63
217.311	-786.79
217.527	163.7
217.743	101.94
217.959	526.42
218.175	-85.47
218.391	-53.96
218.606	-29.14
218.822	91.3
219.038	-59.36
219.254	-0.63
219.47	-6.7
219.686	650.56
219.902	46.19
220.118	19.72
220.334	37.37
220.549	187.75
220.765	50.12
220.981	-186.76
221.197	18.44
221.413	-293.41
221.628	451.9
221.844	1273.58
222.06	-107.77
222.276	-33.45
222.491	104.55
222.707	162.3
222.923	-231.54
223.139	-14.79
223.354	58.81
223.57	-389.76
223.786	45.49
224.001	-154.05
224.217	97.08
224.432	237.57
224.648	160.04
224.864	-32.53
225.079	174.63
225.295	-107.94
225.51	209.19
225.726	5.66
225.942	168.34
226.157	41.67
226.373	-174.89
226.588	-43.58
226.804	-2289.47
227.019	-7.54
227.235	67.16
227.45	-5.36
227.665	9660
227.881	-49.61
228.096	226.96
228.312	-63.28
228.527	93.96
228.743	245.14
228.958	27.11
229.173	-639.13
229.389	61.12
229.604	-37.56
229.819	-49.86
230.035	-208.83
230.25	-91.84
230.465	60
230.681	-157.33
230.896	-43.18
231.111	55.14
231.327	46.63
231.542	7500
231.757	90.33
231.972	11.66
232.187	223.4
232.403	-900
232.618	-53.9
232.833	45.59
233.048	-5.45
233.263	-44.17
233.478	-200.87
233.694	-453.49
233.909	338.71
234.124	44.1
234.339	-21.72
234.554	217.24
234.769	136.83
234.984	14.8
235.199	162.36
235.414	108.85
235.629	-368.35
235.844	-71.38
236.059	63
236.274	-26.28
236.489	63.01
236.704	41.27
236.919	174.05
237.134	14.41
237.349	124.05
237.564	32.32
237.779	-73.61
237.994	-26.81
238.209	75.59
238.424	255.83
238.639	83.51
238.853	41.68
239.068	35.35
239.283	-77.04
239.498	170.18
239.713	167.82
239.928	63.55
240.142	41.63
240.357	-66.21
240.572	-0.85
240.787	2.45
241.001	-42.13
241.216	27.55
241.431	103.56
241.646	3.15
241.86	-265.02
242.075	-1541.86
242.29	68.16
242.504	4.07
242.719	-50.31
242.934	-96.85
243.148	-14.35
243.363	-36.22
243.577	111.24
243.792	-146.96
244.007	70.99
244.221	-27.27
244.436	-362.69
244.65	219.02
244.865	44.08
245.079	160.09
245.294	-546.04
245.508	30.07
245.723	-31.27
245.937	-56.04
246.152	58.52
246.366	26.24
246.581	35.96
246.795	-16.56
247.01	-86.28
247.224	82.96
247.438	-37.24
247.653	28.59
247.867	56.62
248.081	51.13
248.296	-80.49
248.51	45.49
248.724	-31.77
248.939	264.18
249.153	45.31
249.367	18.9
249.582	-17.17
249.796	-105.19
250.01	-256.29
250.224	96.45
250.439	-21.13
250.653	124.92
250.867	28.3
251.081	-98.1
251.295	-11.66
251.51	-16.6
251.724	386.33
251.938	317.84
252.152	159.85
252.366	55.93
252.58	-158.18
252.794	-15.02
253.008	339.74
253.223	111.09
253.437	213.48
253.651	51.34
253.865	4.02
254.079	-55.64
254.293	-36.67
254.507	16.36
254.721	-3.72
254.935	471.43
255.149	163
255.363	69.56
255.577	428.86
255.791	31.53
256.005	241.1
256.218	28.34
256.432	82.1
256.646	20.07
256.86	-109.01
257.074	92.71
257.288	2700
257.502	286.81
257.716	-67.06
257.929	194.86
258.143	65.85
258.357	-225.8
258.571	-23.25
258.785	76.67
258.998	62.28
259.212	68.33
259.426	-141.26
259.64	60.38
259.853	179.62
260.067	63.93
260.281	98.13
260.494	-44.1
260.708	276.24
260.922	68.38
261.135	132.72
261.349	-4.54
261.563	123.61
261.776	-476.47
261.99	45.71
262.203	57.36
262.417	-140.99
262.63	-123.05
262.844	219.1
263.058	3.05
263.271	48.78
263.485	23.79
263.698	44.04
263.912	8.94
264.125	-104.21
264.339	186.61
264.552	2.72
264.765	-357.39
264.979	-170.22
265.192	-66.21
265.406	100.43
265.619	28.52
265.832	54.5
266.046	35.33
266.259	47.8
266.473	-1712.9
266.686	26.24
266.899	111.39
267.113	11340
267.326	-149.47
267.539	3.46
267.752	47.72
267.966	-2.03
268.179	118.45
268.392	39.4
268.605	328.35
268.819	97.37
269.032	-274.41
269.245	78.46
269.458	238.01
269.671	-307.59
269.885	-144.35
270.098	-39.38
270.311	-18.99
270.524	85.65
270.737	5.37
270.95	156.95
271.163	25.98
271.376	-319.35
271.589	-34.18
271.802	16.93
272.016	112.38
272.229	75.59
272.442	-44.94
272.655	-169.11
272.868	-109.5
273.081	97.75
273.294	23.4
273.506	49.82
273.719	40.65
273.932	-16.31
274.145	300
274.358	116.36
274.571	94.29
274.784	979.25
274.997	12.42
275.21	-39.08
275.423	-76.29
275.635	70.85
275.848	-13.28
276.061	-73.51
276.274	-95.91
276.487	-44.35
276.699	34.99
276.912	-95.91
277.125	100.85
277.338	5.78
277.55	39.23
277.763	-38.31
277.976	54.71
278.189	458.24
278.401	94.81
278.614	463.2
278.827	9.19
279.039	256.06
279.252	64.35
279.464	-52.94
279.677	84.81
279.89	-15.39
280.102	40.7
280.315	1675.61
280.527	-2036.84
280.74	-527.59
280.952	109.16
281.165	82.92
281.377	141.68
281.59	63.01
281.802	30.61
282.015	68.67
282.227	-2.94
282.44	15.11
282.652	97.75
282.865	-18.48
283.077	62.89
283.29	67.65
283.502	31.06
283.714	163.51
283.927	67.64
284.139	-70.82
284.351	63.68
284.564	274.33
284.776	24.65
284.988	49.82
285.201	479.1
285.413	40.79
285.625	92.43
285.838	1.37
286.05	7.51
286.262	-133.95
286.474	42.6
286.686	1.22
286.899	36.32
287.111	19.66
287.323	-7.51
287.535	-270.3
287.747	68.83
287.959	-22.39
288.172	-965.45
288.384	17.72
288.596	-6.15
288.808	526.42
289.02	1341.51
289.232	121.34
289.444	-54.03
289.656	-204.23
289.868	-8.42
290.08	20.25
290.292	-47.23
290.504	37.82
290.716	-22.41
290.928	75.55
291.14	662.79
291.352	-56.91
291.564	-123.53
291.776	56.06
291.988	-134.36
292.2	-132.23
292.412	40.54
292.624	20.66
292.835	425.37
293.047	-46.39
293.259	-94.98
293.471	12.22
293.683	2056.1
293.895	100.35
294.106	-53.64
294.318	-55.85
294.53	-15.72
294.742	3403.45
294.953	-63.1
295.165	31.78
295.377	156.45
295.589	35.2
295.8	24.02
296.012	84.51
296.224	-37.56
296.435	81.16
296.647	91.88
296.858	-261.15
297.07	1629.23
297.282	-51.05
297.493	28.95
297.705	-186.86
297.916	-5.55
298.128	74.39
298.34	2.45
298.551	-21.54
298.763	22.68
298.974	62.28
299.186	48.89
299.397	-18.37
299.609	-1906.45
299.82	93.88
300.031	64.5
300.243	-268.42
300.454	-75.46
300.666	74.15
300.877	135.07
301.089	44.68
301.3	56.34
301.511	4.19
301.723	71.18
301.934	67.16
302.145	24.47
302.357	204.82
302.568	2.4
302.779	-2.66
302.99	-146.64
303.202	-43.24
303.413	-87.48
303.624	-13.22
303.835	28.3
304.047	-161.54
304.258	68.48
304.469	34.37
304.68	12.38
304.891	79.16
305.103	-84.56
305.314	54.51
305.525	3900
305.736	-172.44
305.947	65.79
306.158	1429.41
306.369	87.16
306.58	22.78
306.791	217.38
307.002	-3.77
307.213	20.55
307.424	32.86
307.636	116.89
307.846	138.24
308.057	206.8
308.268	-29
308.479	-15.4
308.69	-18.57
308.901	86.63
309.112	-174.42
309.323	33.92
309.534	-47.49
309.745	46.45
309.956	62.04
310.167	-69.08
310.377	102.57
310.588	186.85
310.799	37.65
311.01	10.25
311.221	-73.61
311.432	7.32
311.642	-10.74
311.853	49.87
312.064	755.17
312.275	23.42
312.485	117.83
312.696	58.88
312.907	131.16
313.117	29.97
313.328	114.46
313.539	32.99
313.749	-69.23
313.96	-570.33
314.171	76.67
314.381	22.35
314.592	-56.97
314.802	58.72
315.013	2.45
315.224	10.88
315.434	-1847.37
315.645	9660
315.855	-4.09
316.066	178.65
316.276	181.27
316.487	1060.98
316.697	54.13
316.908	-67.85
317.118	28.1
317.329	32.12
317.539	44.37
317.749	217.6
317.96	-1150.75
318.17	14.9
318.381	445.05
318.591	-530.77
318.801	-76.85
319.012	66.78
319.222	20.39
319.432	-24.57
319.643	174.05
319.853	294.62
320.063	73.78
320.273	-4.2
320.484	234.07
320.694	309.8
320.904	64.07
321.114	326.97
321.325	-196.55
321.535	-35.55
321.745	-16.63
321.955	81.39
322.165	-113.29
322.375	16.43
322.585	-53.37
322.796	1955.17
323.006	29.58
323.216	119.87
323.426	-3.72
323.636	76.08
323.846	796.55
324.056	58.67
324.266	-36.57
324.476	28.95
324.686	118.38
324.896	33.69
325.106	1183.02
325.316	-25.2
325.526	-3110.53
325.736	28.59
325.946	13.48
326.156	829.87
326.366	-127.83
326.576	-4.83
326.785	119.1
326.995	92.63
327.205	70.85
327.415	-45.76
327.625	98.54
327.835	-6.3
328.044	-152.26
328.254	279.13
328.464	104.95
328.674	108.43
328.884	-114.39
329.093	-40.11
329.303	64.09
329.513	-35.4
329.722	-1721.05
329.932	16.64
330.142	34.91
330.351	94.17
330.561	147.27
330.771	-138.38
330.98	-20.44
331.19	669.23
331.4	-145.23
331.609	80.53
331.819	797.56
332.028	-56.57
332.238	-94.58
332.447	105.21
332.657	58.2
332.866	57.65
333.076	30.71
333.285	10.75
333.495	1267.74
333.704	-324.22
333.914	66.7
334.123	6.03
334.333	336.92
334.542	-36.78
334.752	318.46
334.961	775.47
335.17	-73.87
335.38	-56.4
335.589	15.82
335.798	117.66
336.008	234.07
336.217	-108.51
336.426	63.55
336.636	54.89
336.845	-34.65
337.054	783.12
337.263	-24.22
337.473	-31.03
337.682	116.29
337.891	60.42
338.1	438.13
338.309	95.02
338.519	70.39
338.728	-19.61
338.937	-711.02
339.146	291.37
339.355	164.15
339.564	-1847.37
339.773	107.04
339.983	51.84
340.192	-440.87
340.401	100.54
340.61	13.01
340.819	42.46
341.028	83.61
341.237	1147.06
341.446	-14.02
341.655	-9.68
341.864	-240.28
342.073	41.36
342.282	-55.66
342.491	-13.71
342.699	148.54
342.908	-136.36
343.117	100.53
343.326	23.08
343.535	-1052.73
343.744	-48.48
343.953	-118.29
344.162	-1.43
344.37	-1.57
344.579	443.28
344.788	-80.56
344.997	28.94
345.206	147.56
345.414	3.93
345.623	74.17
345.832	-132.79
346.041	354.82
346.249	70.08
346.458	20.53
346.667	14.94
346.875	8.86
347.084	52.55
347.293	71.92
347.501	-200.47
347.71	-13.49
347.918	-120.66
348.127	-214.29
348.336	-288.08
348.544	56.06
348.753	747.76
348.961	-32.74
349.17	272.2
349.378	99.49
349.587	-18.61
349.795	113.59
350.004	1167.69
350.212	16.19
350.421	193.81
350.629	46.22
350.838	29.49
351.046	-2.24
351.254	40.73
351.463	12.37
351.671	678.95
351.879	68.67
352.088	67.33
352.296	416.81
352.504	102.74
352.713	-59.51
352.921	-134.65
353.129	-52.36
353.338	-88.34
353.546	21.18
353.754	-82.82
353.962	-191.51
354.171	47.71
354.379	-2542.11
354.587	44.35
354.795	151.47
355.003	-59.43
355.212	-69.79
355.42	186.79
355.628	149.64
355.836	-41.69
356.044	-16.63
356.252	15.02
356.46	20.06
356.668	1130.77
356.876	92.4
357.084	45.34
357.292	98.42
357.5	-43.47
357.708	-16.98
357.916	110.35
358.124	-4.37
358.332	-22.39
358.54	845.45
358.748	81.82
358.956	56.37
359.164	2.38
359.372	71.3
359.58	-174.82
359.788	43.74
359.996	29.92
360.203	39.2
360.411	-96.63
360.619	-303.02
360.827	35.53
361.035	-266.87
361.242	159.24
361.45	-353.16
361.658	243.13
361.866	3.93
362.073	-51.94
362.281	83.2
362.489	-45.29
362.697	114.12
362.904	-51.66
363.112	201.79
363.32	-20.24
363.527	-628.7
363.735	82.24
363.943	-15.63
364.15	121.91
364.358	-46.29
364.565	84.88
364.773	16.23
364.98	-124.03
365.188	-65.44
365.395	127.3
365.603	108.81
365.81	-29.44
366.018	38.29
366.225	79.24
366.433	-113.9
366.64	19.72
366.848	23.48
367.055	-121.32
367.263	74.12
367.47	112.46
367.677	-307.59
367.885	-91.13
368.092	20.44
368.299	-10.99
368.507	41.15
368.714	193.81
368.921	-266.93
369.129	113.71
369.336	20.44
369.543	-75.81
369.751	-46.74
369.958	-39.01
370.165	70.06
370.372	-69.84
370.579	60.61
370.787	23.65
370.994	130.82
371.201	146.32
371.408	-35.66
371.615	-21
371.822	-71.75
372.029	194.24
372.237	-173.14
372.444	157.3
372.651	47.98
372.858	183.87
373.065	32
373.272	-37.6
373.479	1003.45
373.686	27.01
373.893	-142.72
374.1	208.13
374.307	-123.02
374.514	-103.24
374.721	-55.12
374.928	440.26
375.135	-8.75
375.341	3900
375.548	9.04
375.755	-196.79
375.962	-6.11
376.169	7.73
376.376	47.37
376.583	-0.67
376.789	56.24
376.996	67.51
377.203	-58.32
377.41	-40.84
377.617	-54.13
377.823	152.41
378.03	416.13
378.237	75.77
378.443	-159.43
378.65	300
378.857	-107.38
379.063	391.14
379.27	-211.3
379.477	133.24
379.683	-85.83
379.89	-0.32
380.097	-35.81
380.303	34.36
380.51	19.69
380.716	46.55
380.923	366.14
381.129	40.21
381.336	44.88
381.542	62.94
381.749	-29.72
381.955	38.44
382.162	-82.36
382.368	58.96
382.575	24.69
382.781	1582.76
382.988	-18.93
383.194	-47.9
383.4	-23.52
383.607	55.4
383.813	105.17
384.02	-12.41
384.226	-34.8
384.432	-33.46
384.639	0.68
384.845	-277.22
385.051	-11.02
385.257	32.67
385.464	21.25
385.67	69.29
385.876	40.82
386.082	23.39
386.289	29.4
386.495	-14.95
386.701	-83.06
386.907	-22.25
387.113	47.82
387.319	103.58
387.526	-32.25
387.732	35.43
387.938	12
388.144	-305.22
388.35	26.79
388.556	61.41
388.762	2.48
388.968	1109.3
389.174	-39.42
389.38	139.31
389.586	-12.98
389.792	10.53
389.998	-135.42
390.204	-0.87
390.41	84.02
390.616	-90.28
390.822	-52.15
391.028	8.38
391.234	-4.74
391.439	-410.68
391.645	3.77
391.851	-3.63
392.057	-37.28
392.263	16.45
392.469	27.97
392.674	-11.32
392.88	18.94
393.086	18.32
393.292	-79.52
393.498	-89.1
393.703	5.72
393.909	3.04
394.115	178.81
394.32	16.15
394.526	31.74
394.732	65.02
394.937	41.29
395.143	-103.24
395.349	61.56
395.554	-465.83
395.76	24.52
395.965	13.14
396.171	2.67
396.377	-52.25
396.582	24.21
396.788	-6.68
396.993	24.42
397.199	-23.2
397.404	60.47
397.61	-4.88
397.815	-44.6
398.021	-31.26
398.226	9.34
398.431	-9.87
398.637	-4.14
398.842	67.8
399.048	11.65
399.253	34.01
399.458	-15.51
399.664	-29.53
399.869	-3.61
400.074	4.6
400.28	6.82
400.485	-17.67
400.69	-10.06
400.896	-4.98
401.101	-42.97
401.306	20.77
401.511	-2.94
401.716	-17.2
401.922	-14.2
402.127	5.07
402.332	-25.07
402.537	-4.23
402.742	19.19
402.947	21.28
403.153	-31.72
403.358	5.61
403.563	30.94
403.768	-4.86
403.973	-5.84
404.178	2.23
404.383	3.42
404.588	12.73
404.793	8.81
404.998	11.07
405.203	0.3
405.408	0.73
405.613	10.26
405.818	4.75
406.023	0.24
406.228	-17.91
406.433	7.3
406.638	-7.4
406.842	6.91
407.047	3.17
407.252	-1.13
407.457	12.42
407.662	10.53
407.867	8.81
408.071	10.38
408.276	5.42
408.481	1.36
408.686	-0.46
408.891	4.66
409.095	5.54
409.3	9.26
409.505	8.48
409.709	6.84
409.914	8.3
410.119	3.3
410.323	-3.82
410.528	-2.47
410.733	6.34
410.937	-1.6
411.142	3.24
411.346	7.08
411.551	-1.64
411.756	4.96
411.96	1.65
412.165	-3.4
412.369	1.64
412.574	-1.44
412.778	5.56
412.983	2.36
413.187	4.92
413.392	-0.38
413.596	3.5
413.8	1.3
414.005	6.3
414.209	6.45
414.414	2.56
414.618	3.75
414.822	3.59
415.027	4.73
415.231	3.64
415.435	3.25
415.64	6.86
415.844	3.75
416.048	2.83
416.252	4.42
416.457	2.84
416.661	3.32
416.865	2.21
417.069	0.92
417.274	2.82
417.478	5.68
417.682	3.9
417.886	3.68
418.09	5.02
418.294	2.65
418.498	5.02
418.702	5.44
418.907	3.5
419.111	1.56
419.315	3.73
419.519	4.51
419.723	2
419.927	4.43
420.131	6.05
420.335	3.52
420.539	2.7
420.743	6.15
420.947	1.95
421.151	3.68
421.355	3.84
421.558	5.08
421.762	3.16
421.966	4.99
422.17	2.55
422.374	3.81
422.578	2.91
422.782	3.42
422.985	4.48
423.189	3.9
423.393	2.65
423.597	3.16
423.801	3.62
424.004	3.23
424.208	3.27
424.412	3.76
424.615	3.23
424.819	4.79
425.023	4.27
425.226	3.73
425.43	4.68
425.634	4.66
425.837	2.9
426.041	4.58
426.245	3.52
426.448	3.39
426.652	3.33
426.855	2.49
427.059	3.38
427.262	3.53
427.466	3.26
427.669	3.41
427.873	3.56
428.076	3.03
428.28	3.79
428.483	3.64
428.687	3.1
428.89	3.47
429.094	3.13
429.297	3.11
429.5	3.69
429.704	3.51
429.907	3.59
430.11	3.42
430.314	3.9
430.517	3.36
430.72	3.76
430.924	4.07
431.127	3.44
431.33	3.63
431.533	3.78
431.737	3.96
431.94	3.29
432.143	3.77
432.346	3.49
432.549	3.16
432.752	3.39
432.956	3.32
433.159	3.02
433.362	3.17
433.565	3.49
433.768	3.69
433.971	3.22
434.174	3.76
434.377	3.89
434.58	3.34
434.783	2.66
434.986	3.31
435.189	3.84
435.392	3.54
435.595	3.45
435.798	3.43
436.001	3.92
436.204	3.35
436.407	3.26
436.61	3.6
436.813	4.01
437.016	3.12
437.219	2.97
437.421	3.36
437.624	3.44
437.827	3.39
438.03	3.27
438.233	3.44
438.435	3.38
438.638	3.46
438.841	3.58
439.044	3.2
439.246	3.29
439.449	3.06
439.652	3.46
439.854	3.56
440.057	3.55
440.26	3.16
440.462	3.34
440.665	2.95
440.868	3.28
441.07	3.68
441.273	3.28
441.475	3.11
441.678	3.58
441.88	3.19
442.083	3.25
442.286	3.61
442.488	3.31
442.69	3.36
442.893	3.22
443.095	3.11
443.298	3.15
443.5	3.63
443.703	3.4
443.905	3.32
444.108	3.28
444.31	3.52
444.512	3.24
444.715	3.36
444.917	3.34
445.119	3.58
445.322	3.23
445.524	4.06
445.726	3.59
445.928	3.24
446.131	3.92
446.333	3.64
446.535	3.61
446.737	3.63
446.94	3.66
447.142	3.71
447.344	3.5
447.546	3.66
447.748	3.35
447.95	3.52
448.152	3.78
448.354	3.68
448.557	3.96
448.759	3.88
448.961	3.48
449.163	3.76
449.365	3.89
449.567	3.94
449.769	3.59
449.971	3.88
450.173	3.93
450.375	3.81
450.577	4.09
450.779	4.21
450.981	3.74
451.182	4.13
451.384	3.58
451.586	3.99
451.788	3.52
451.99	3.85
452.192	3.71
452.394	4.3
452.595	4.56
452.797	3.91
452.999	4.45
453.201	4.33
453.402	4.33
453.604	3.86
453.806	4.37
454.008	3.87
454.209	4.27
454.411	4.38
454.613	4.44
454.814	4.5
455.016	4.32
455.218	4.14
455.419	4.95
455.621	4.85
455.822	4.2
456.024	4.8
456.225	5.34
456.427	4.66
456.629	4.57
456.83	4.92
457.032	4.96
457.233	4.26
457.435	4.73
457.636	4.87
457.837	4.74
458.039	4.32
458.24	4.68
458.442	4.9
458.643	4.66
458.844	4.73
459.046	4.67
459.247	4.73
459.448	4.62
459.65	4.83
459.851	5.26
460.052	5.32
460.254	5.22
460.455	4.84
460.656	4.76
460.857	4.24
461.059	4.69
461.26	4.64
461.461	5.04
461.662	5.12
461.863	5.19
462.065	4.87
462.266	4.27
462.467	4.98
462.668	4.5
462.869	5.15
463.07	5.1
463.271	5.15
463.472	3.95
463.673	5.25
463.874	5
464.075	5.97
464.276	4.82
464.477	4.59
464.678	5.95
464.879	4.33
465.08	5.37
465.281	6.33
465.482	4.78
465.683	4.34
465.884	5.53
466.085	5.92
466.285	4.59
466.486	5.56
466.687	4.71
466.888	5.38
467.089	4.67
467.29	5.17
467.49	4.67
467.691	5.07
467.892	4.1
468.093	3.99
468.293	4.27
468.494	5.65
468.695	5.55
468.895	4.95
469.096	4.36
469.297	5.26
469.497	5.82
469.698	5.4
469.898	5.31
470.099	5.25
470.3	6.34
470.5	5.34
470.701	5.02
470.901	6.9
471.102	6.26
471.302	4.8
471.503	5.36
471.703	5.79
471.904	5.05
472.104	4.75
472.305	3.69
472.505	6.06
472.705	5.7
472.906	6.46
473.106	5.51
473.306	6.33
473.507	4.31
473.707	6
473.907	5.78
474.108	5.29
474.308	4.32
474.508	3.99
474.709	5.25
474.909	4.53
475.109	3.32
475.309	5.01
475.51	5.01
475.71	4.72
475.91	5.83
476.11	3.11
476.31	5.13
476.51	5.57
476.71	4.91
476.911	6.22
477.111	5.1
477.311	5.02
477.511	5.33
477.711	5.94
477.911	4.3
478.111	5.57
478.311	5.77
478.511	5.45
478.711	6.01
478.911	6.68
479.111	5.54
479.311	6.29
479.511	6.97
479.711	4.92
479.91	4.34
480.11	6.87
480.31	4.05
480.51	6.75
480.71	4.84
480.91	7.81
481.109	5.39
481.309	5.32
481.509	5.85
481.709	5.73
481.909	6.01
482.108	3.65
482.308	4.31
482.508	6.54
482.707	6.67
482.907	4.36
483.107	5.37
483.306	5.8
483.506	5.51
483.706	4.51
483.905	5.62
484.105	6.84
484.304	4.14
484.504	2.24
484.704	5.05
484.903	5.24
485.103	5.35
485.302	4.83
485.502	7.18
485.701	6.26
485.901	4.94
486.1	5.16
486.299	5.68
486.499	5.24
486.698	4.6
486.898	5.87
487.097	5.09
487.296	3.55
487.496	5.15
487.695	4.15
487.894	6.13
488.094	3.95
488.293	6.19
488.492	5.96
488.692	5.6
488.891	6.94
489.09	3.9
489.289	4.93
489.489	4.43
489.688	4.67
489.887	4.35
490.086	5.83
490.285	5.2
490.484	6.49
490.683	5.56
490.883	6.41
491.082	5.8
491.281	3.94
491.48	6.36
491.679	5.44
491.878	6.36
492.077	7.03
492.276	5.51
492.475	5.34
492.674	5.83
492.873	7.18
493.072	6.75
493.271	6.13
493.47	3.68
493.669	5.16
493.867	5.14
494.066	5.5
494.265	6.85
494.464	6.76
494.663	5.7
494.862	5.49
495.06	4.81
495.259	5.56
495.458	5.18
495.657	5.32
495.856	6.36
496.054	6.04
496.253	5.45
496.452	5.91
496.65	6.06
496.849	5.99
497.048	7.11
497.246	5.37
497.445	6.51
497.644	7.29
497.842	7.23
498.041	6.75
498.239	6.32
498.438	6.09
498.636	6.56
498.835	7.24
499.034	6.58
499.232	6.93
499.431	5.91
499.629	6.32
499.827	6.96
500.026	7.18
500.224	8
500.423	5.77
500.621	6.71
500.82	7.23
501.018	8.05
501.216	6.43
501.415	6.75
501.613	7.01
501.811	6.97
502.01	7.47
502.208	8
502.406	7.54
502.604	7.29
502.803	7.72
503.001	7.71
503.199	7.2
503.397	6.87
503.595	7.49
503.794	6.81
503.992	6.93
504.19	8.1
504.388	8.15
504.586	7.5
504.784	7.12
504.982	7.32
505.18	7.82
505.378	7.48
505.576	8.08
505.774	8.06
505.972	8.07
506.17	9.19
506.368	8.13
506.566	8.32
506.764	8.07
506.962	8.55
507.16	8.77
507.358	8.12
507.556	8.78
507.754	8.55
507.952	8.09
508.15	8.92
508.347	8.36
508.545	9.1
508.743	8.69
508.941	8.63
509.139	9.76
509.336	9.53
509.534	9.09
509.732	9.62
509.93	8.96
510.127	9.28
510.325	9.41
510.523	9.94
510.72	9.26
510.918	9.78
511.116	9.51
511.313	8.94
511.511	9.82
511.708	10.33
511.906	10.14
512.104	10.06
512.301	10.13
512.499	10.02
512.696	10.03
512.894	9.93
513.091	10.32
513.289	10.16
513.486	10.59
513.683	10.88
513.881	10.64
514.078	10.98
514.276	10.66
514.473	10.82
514.67	10.9
514.868	11.39
515.065	11.02
515.262	11.28
515.46	10.83
515.657	11.08
515.854	11.28
516.052	10.96
516.249	11.42
516.446	11.79
516.643	11.74
516.84	11.89
517.038	11.51
517.235	11.76
517.432	12.53
517.629	12.26
517.826	11.6
518.023	11.98
518.221	12.57
518.418	12.24
518.615	12.32
518.812	12.35
519.009	13.23
519.206	12.72
519.403	12.65
519.6	12.56
519.797	12.56
519.994	12.1
520.191	13.52
520.388	13.27
520.585	12.92
520.782	13.02
520.978	12.88
521.175	13.18
521.372	13.28
521.569	14.11
521.766	13.09
521.963	13.58
522.159	13.72
522.356	13.84
522.553	13.65
522.75	13.43
522.947	13.96
523.143	13.51
523.34	14.54
523.537	13.43
523.733	14.19
523.93	13.9
524.127	13.96
524.323	13.92
524.52	14.19
524.717	14.05
524.913	13.38
525.11	13.57
525.306	14.36
525.503	14.26
525.7	14.53
525.896	14.26
526.093	14.4
526.289	14.53
526.486	14.71
526.682	14.61
526.878	14.7
527.075	15.05
527.271	14.78
527.468	14.85
527.664	14.64
527.861	15.26
528.057	15.17
528.253	15.34
528.45	14.07
528.646	14.55
528.842	14.73
529.039	14.95
529.235	15.28
529.431	14.96
529.627	14.83
529.824	15.97
530.02	15.54
530.216	15.35
530.412	15.41
530.608	15.33
530.804	15.63
531.001	15.78
531.197	15.44
531.393	15.36
531.589	15.63
531.785	15.04
531.981	15.95
532.177	15.8
532.373	16.07
532.569	15.67
532.765	15.64
532.961	15.38
533.157	15.7
533.353	15.49
533.549	15.57
533.745	16.05
533.941	15.84
534.137	15.69
534.333	15.78
534.529	15.64
534.725	15.58
534.92	16.36
535.116	15.34
535.312	15.7
535.508	15.83
535.704	15.44
535.899	16.49
536.095	16.01
536.291	15.77
536.487	15.63
536.682	16.17
536.878	15.74
537.074	16.14
537.269	16.22
537.465	15.87
537.661	15.71
537.856	16.22
538.052	16.49
538.248	16.42
538.443	15.88
538.639	16.59
538.834	16
539.03	16.56
539.225	16.71
539.421	15.84
539.616	16.6
539.812	15.74
540.007	16.44
540.203	16.35
540.398	16.06
540.593	16.18
540.789	16.71
540.984	16.25
541.18	16.28
541.375	16.11
541.57	16.92
541.766	16.79
541.961	16.75
542.156	16.87
542.352	16.61
542.547	16.7
542.742	16.45
542.937	16.56
543.133	16.73
543.328	16.62
543.523	16.25
543.718	16.63
543.913	16.64
544.108	16.43
544.304	16.78
544.499	16.98
544.694	16.45
544.889	16.86
545.084	17.52
545.279	17.38
545.474	17.09
545.669	16.85
545.864	16.61
546.059	16.76
546.254	16.09
546.449	17.16
546.644	16.4
546.839	17.2
547.034	16.29
547.229	17.22
547.424	17.14
547.618	17.23
547.813	17.17
548.008	16.8
548.203	17.05
548.398	16.79
548.593	17.04
548.787	17.15
548.982	16.94
549.177	16.9
549.372	17.37
549.566	17.18
549.761	16.63
549.956	17.12
550.15	17.28
550.345	17.35
550.54	17.71
550.734	16.9
550.929	17.08
551.124	17.09
551.318	16.99
551.513	17.26
551.707	17.48
551.902	17.08
552.096	17.43
552.291	17.36
552.485	17.1
552.68	17.25
552.874	17.46
553.069	17.56
553.263	17.59
553.458	17.02
553.652	17.53
553.847	17.41
554.041	17.33
554.235	17.01
554.43	17.56
554.624	17.58
554.818	17.09
555.013	17.48
555.207	17.09
555.401	17.93
555.595	17.53
555.79	16.95
555.984	17.53
556.178	17.87
556.372	17.83
556.566	17.3
556.761	17.15
556.955	17.7
557.149	17.6
557.343	17.52
557.537	17.27
557.731	17.45
557.925	17.39
558.119	17.86
558.313	17.65
558.507	17.19
558.701	17.58
558.895	17.85
559.089	17.8
559.283	17.94
559.477	17.88
559.671	17.53
559.865	17.49
560.059	17.16
560.253	17.6
560.447	17.17
560.641	17.84
560.835	17.44
561.028	17.78
561.222	17.49
561.416	17.85
561.61	17.06
561.804	17.41
561.997	17.5
562.191	17.64
562.385	17.72
562.579	17.35
562.772	18.18
562.966	17.33
563.16	17.15
563.353	17.22
563.547	17.43
563.741	17.46
563.934	17.01
564.128	17.36
564.321	17.27
564.515	17.62
564.708	17.15
564.902	17.44
565.095	17.4
565.289	17.28
565.482	17.83
565.676	17.14
565.869	17.63
566.063	17.35
566.256	17.36
566.45	17.47
566.643	17.14
566.836	17.26
567.03	17.83
567.223	17.42
567.416	17.48
567.61	17.12
567.803	17.44
567.996	17.46
568.19	17.08
568.383	17.59
568.576	16.97
568.769	17.52
568.963	16.95
569.156	17.35
569.349	17.22
569.542	17.18
569.735	17.16
569.928	17.12
570.121	17.41
570.315	17.88
570.508	17.01
570.701	17.42
570.894	17.36
571.087	17.58
571.28	17.22
571.473	17.12
571.666	16.63
571.859	16.66
572.052	17.16
572.245	16.64
572.438	17.3
572.631	16.99
572.824	17.12
573.016	16.7
573.209	16.84
573.402	16.78
573.595	16.72
573.788	17.07
573.981	16.89
574.173	16.93
574.366	16.64
574.559	16.97
574.752	16.42
574.944	16.77
575.137	16.79
575.33	16.91
575.523	16.66
575.715	16.32
575.908	16.81
576.101	16.45
576.293	16.36
576.486	16.53
576.678	16.25
576.871	16.6
577.063	16.76
577.256	16.62
577.449	16.48
577.641	16.4
577.834	16.18
578.026	16.13
578.219	16.23
578.411	16.34
578.603	16.84
578.796	16.14
578.988	16.27
579.181	16.28
579.373	16.45
579.565	16.64
579.758	16.16
579.95	16.63
580.142	16.91
580.335	16.29
580.527	16.4
580.719	16.65
580.912	16.21
581.104	16.67
581.296	16.57
581.488	16.63
581.68	16.72
581.873	16.43
582.065	16.32
582.257	16.18
582.449	16.23
582.641	16.47
582.833	15.91
583.025	16.02
583.217	16.37
583.41	16.18
583.602	16.19
583.794	16.35
583.986	16.17
584.178	16.29
584.37	15.71
584.562	15.73
584.753	16.29
584.945	15.99
585.137	15.86
585.329	15.86
585.521	16.53
585.713	16
585.905	16.34
586.097	16.13
586.289	15.85
586.48	16.08
586.672	15.71
586.864	16.27
587.056	16.54
587.247	16.22
587.439	15.71
587.631	15.66
587.823	16.28
588.014	16.16
588.206	16.01
588.398	15.3
588.589	16.34
588.781	15.81
588.972	15.84
589.164	15.83
589.356	16.14
589.547	15.82
589.739	15.31
589.93	16.4
590.122	16.06
590.313	15.4
590.505	15.62
590.696	15.34
590.888	15.71
591.079	15.74
591.271	16.09
591.462	16.34
591.653	15.76
591.845	15.67
592.036	15.95
592.227	15.93
592.419	15.86
592.61	15.26
592.801	15.46
592.993	15.88
593.184	15.55
593.375	15.95
593.566	15.99
593.758	15.99
593.949	15.49
594.14	15.42
594.331	15.54
594.522	15.96
594.713	16.42
594.905	15.48
595.096	16.11
595.287	15.93
595.478	16.1
595.669	16
595.86	15.64
596.051	15.52
596.242	15.92
596.433	16
596.624	15.89
596.815	16.1
597.006	16.11
597.197	15.88
597.388	15.87
597.579	16.02
597.77	15.72
597.96	15.82
598.151	16.09
598.342	15.66
598.533	15.91
598.724	16.1
598.915	15.91
599.105	15.63
599.296	16.08
599.487	15.59
599.678	15.95
599.868	15.88
600.059	15.9
600.25	16.13
600.44	16.21
600.631	16.51
600.822	15.75
601.012	16.61
601.203	15.51
601.394	16.05
601.584	16.13
601.775	15.7
601.965	16.24
602.156	16.14
602.346	16
602.537	15.63
602.727	15.7
602.918	15.87
603.108	16.2
603.299	15.63
603.489	16.24
603.679	15.7
603.87	16.05
604.06	16.1
604.251	16.06
604.441	15.75
604.631	16.1
604.822	16.18
605.012	16.02
605.202	15.71
605.392	16.09
605.583	15.91
605.773	15.94
605.963	15.67
606.153	15.84
606.344	15.93
606.534	15.83
606.724	16.17
606.914	16.12
607.104	15.91
607.294	15.83
607.484	15.97
607.674	15.76
607.864	16.05
608.054	15.21
608.245	16.18
608.435	15.97
608.625	15.95
608.814	15.22
609.004	15.41
609.194	16.05
609.384	15.62
609.574	15.22
609.764	15.72
609.954	15.45
610.144	15.37
610.334	15.85
610.524	15.99
610.713	15.2
610.903	15.8
611.093	15.64
611.283	15.84
611.473	15.59
611.662	15.47
611.852	15.33
612.042	15.77
612.231	15.89
612.421	14.93
612.611	15.8
612.8	16.01
612.99	15.23
613.18	15.38
613.369	16.25
613.559	15.7
613.748	15.51
613.938	16.09
614.128	15.04
614.317	15.55
614.507	15.72
614.696	15.73
614.886	15.25
615.075	14.57
615.264	15.44
615.454	16.04
615.643	15.71
615.833	14.94
616.022	15.39
616.211	15.78
616.401	14.91
616.59	15.43
616.779	15.91
616.969	14.98
617.158	15.25
617.347	15.45
617.537	15.56
617.726	14.8
617.915	14.59
618.104	14.21
618.293	15.33
618.483	15.2
618.672	15.44
618.861	15.89
619.05	14.69
619.239	15.57
619.428	15.79
619.617	15.85
619.806	15.15
619.995	14.7
620.184	14.05
620.373	14.4
620.562	15.47
620.751	14.89
620.94	15.01
621.129	15.82
621.318	15.37
621.507	14.64
621.696	14.73
621.885	15.09
622.074	14.94
622.263	14.83
622.452	15.48
622.64	15.04
622.829	14.11
623.018	15.52
623.207	14.73
623.396	15.01
623.584	14.63
623.773	15.92
623.962	14.55
624.15	15.45
624.339	14.89
624.528	14.83
624.716	14.91
624.905	15.33
625.094	15.15
625.282	15.13
625.471	15.14
625.659	14.47
625.848	14.91
626.037	15.53
626.225	14.79
626.414	14.89
626.602	14.98
626.791	15.44
626.979	15.41
627.167	14.9
627.356	14.8
627.544	14.93
627.733	15.73
627.921	14.52
628.109	15.61
628.298	15.1
628.486	14.94
628.674	15.17
628.863	15.56
629.051	15.72
629.239	15.24
629.428	15.06
629.616	15.99
629.804	14.85
629.992	15.15
630.18	14.6
630.369	15.04
630.557	15.02
630.745	14.25
630.933	15.86
631.121	15.88
631.309	15.1
631.497	15.37
631.685	14.36
631.873	14.62
632.061	14.74
632.249	15.45
632.437	15.41
632.625	15.63
632.813	14.6
633.001	15.68
633.189	15.91
633.377	15.65
633.565	15.08
633.753	14.33
633.941	14.74
634.129	15.34
634.316	14.56
634.504	14.96
634.692	15.89
634.88	14.7
635.068	14.99
635.255	15.04
635.443	14.88
635.631	15.34
635.818	15.19
636.006	14.79
636.194	15.55
636.382	14.32
636.569	14.89
636.757	15.37
636.944	15.78
637.132	14.99
637.32	16.07
637.507	14.42
637.695	14.47
637.882	14.94
638.07	14.99
638.257	14.01
638.445	14.2
638.632	13.95
638.82	14.93
639.007	14.99
639.194	14.78
639.382	14.87
639.569	13.83
639.757	14.98
639.944	14.41
640.131	14.54
640.319	14.44
640.506	13.78
640.693	15.36
640.88	13.87
641.068	14.43
641.255	13.7
641.442	14.92
641.629	14.59
641.817	14.83
642.004	13.39
642.191	13.51
642.378	14.48
642.565	15.09
642.752	14.66
642.939	13.47
643.126	12.47
643.313	13.39
643.501	13.95
643.688	14.09
643.875	13.54
644.062	13.39
644.249	13.57
644.435	13.13
644.622	12.91
644.809	14.07
644.996	14.37
645.183	13.79
645.37	13.7
645.557	13.55
645.744	13.34
645.931	13.36
646.117	13.02
646.304	13.21
646.491	12.86
646.678	14.5
646.865	12.83
647.051	13.07
647.238	13.16
647.425	12.96
647.611	13.41
647.798	12.56
647.985	13.21
648.171	12.52
648.358	12.31
648.545	12.76
648.731	13.28
648.918	13.44
649.104	12.25
649.291	13.14
649.477	13.73
649.664	13.65
649.85	12.97
650.037	12.16
650.223	11.65
650.41	11.86
650.596	12.27
650.783	13.49
650.969	12.09
651.155	13.45
651.342	12.1
651.528	11.53
651.714	12.13
651.901	14.18
652.087	12.17
652.273	11.43
652.46	13.29
652.646	12.28
652.832	11.26
653.018	12.45
653.204	13.58
653.391	11.21
653.577	13.39
653.763	13
653.949	11.6
654.135	12.21
654.321	11.7
654.507	11.8
654.693	12.15
654.879	12.85
655.065	10.65
655.252	11.17
655.438	11.86
655.624	13.28
655.809	11.3
655.995	12.23
656.181	12.59
656.367	11.41
656.553	13.09
656.739	11.42
656.925	12
657.111	12.38
657.297	12.96
657.482	12.37
657.668	13.14
657.854	11.81
658.04	11.12
658.226	10.63
658.411	11.13
658.597	12.77
658.783	11.85
658.968	12.53
659.154	11.46
659.34	10.93
659.525	11.31
659.711	11.28
659.897	10.94
660.082	11.41
660.268	10.84
660.453	11.08
660.639	12.87
660.824	11.36
661.01	13.51
661.195	10.55
661.381	9.71
661.566	11.96
661.752	10.91
661.937	12.16
662.123	8.89
662.308	11.06
662.494	11.35
662.679	9.59
662.864	12.19
663.05	11.16
663.235	11
663.42	10.67
663.605	11.7
663.791	10.04
663.976	10.02
664.161	9.77
664.346	12.02
664.532	10.47
664.717	9.47
664.902	9.73
665.087	12.66
665.272	10.6
665.457	8.58
665.642	9.06
665.828	10.3
666.013	10
666.198	8.32
666.383	9.63
666.568	7.73
666.753	10.97
666.938	11.32
667.123	11.52
667.308	10.83
667.493	10.16
667.677	9.52
667.862	10.46
668.047	9.98
668.232	10.02
668.417	11.81
668.602	10.22
668.787	12.69
668.971	10.29
669.156	12.79
669.341	7.75
669.526	11.76
669.711	11.81
669.895	11.23
670.08	10.06
670.265	12.02
670.449	9.87
670.634	11.19
670.819	10.22
671.003	11.48
671.188	10.1
671.372	12.02
671.557	12.29
671.742	13.09
671.926	11.27
672.111	11.26
672.295	8.57
672.48	8.27
672.664	12.91
672.849	8.55
673.033	11.25
673.217	10.66
673.402	9.65
673.586	7.93
673.771	11.45
673.955	12.1
674.139	11.16
674.324	11.7
674.508	11.94
674.692	11.23
674.876	13.67
675.061	13.6
675.245	14.61
675.429	12.83
675.613	11.78
675.798	16.99
675.982	14.89
676.166	11.52
676.35	11.86
676.534	12.48
676.718	11.34
676.902	15.69
677.087	10.72
677.271	9.81
677.455	15.98
677.639	10.1
677.823	16.75
678.007	15.09
678.191	16.43
678.375	15.78
678.559	15.28
678.742	14.49
678.926	15.02
679.11	19.17
679.294	13.42
679.478	14.31
679.662	13.66
679.846	18.03
680.029	16.44
680.213	14.28
680.397	16.84
680.581	16.8
680.765	16.65
680.948	17.17
681.132	16.12
681.316	14.18
681.499	16.35
681.683	18.33
681.867	15.67
682.05	17.4
682.234	19.37
682.417	20.29
682.601	20.36
682.785	19.69
682.968	19.48
683.152	19.44
683.335	17
683.519	21.18
683.702	19.96
683.886	20.43
684.069	20.57
684.253	23.15
684.436	21.11
684.619	21.13
684.803	22.35
684.986	15.45
685.169	22.56
685.353	20.81
685.536	21.03
685.719	23.39
685.903	21.33
686.086	18
686.269	24.38
686.452	21.28
686.636	21.94
686.819	23.79
687.002	26.01
687.185	24.56
687.368	21.28
687.551	19.45
687.734	22.89
687.918	30.21
688.101	19.47
688.284	23.44
688.467	25.26
688.65	21.5
688.833	22.59
689.016	22.48
689.199	20.06
689.382	26.04
689.565	23.42
689.748	19.92
689.93	22.76
690.113	25.43
690.296	25.01
690.479	27.47
690.662	21.45
690.845	21.47
691.028	21.75
691.21	24.48
691.393	31.03
691.576	26.02
691.759	22.88
691.941	23.64
692.124	30.23
692.307	27.21
692.489	27.57
692.672	23.63
692.855	27.53
693.037	25.92
693.22	26.25
693.403	26.37
693.585	28.86
693.768	31.04
693.95	25.93
694.133	25.93
694.315	27.8
694.498	31.99
694.68	27.68
694.863	25.65
695.045	26.6
695.228	29.41
695.41	28.55
695.592	30.35
695.775	29.27
695.957	29.59
696.139	27.76
696.322	27.13
696.504	30.91
696.686	27.26
696.869	30.29
697.051	34.44
697.233	35.5
697.415	35.78
697.597	27.75
697.78	35.09
697.962	32.29
698.144	32.5
698.326	27.98
698.508	32
698.69	30.24
698.872	30.05
699.055	31.35
699.237	33.21
699.419	28.56
699.601	32.72
699.783	37.6
699.965	31.58
700.147	24.79
700.329	33.54
700.51	35.87
700.692	36.71
700.874	28.39
701.056	35.74
701.238	33.67
701.42	37.89
701.602	36.01
701.783	28.7
701.965	32.63
702.147	37.08
702.329	28.52
702.511	31.95
702.692	34.42
702.874	34.04
703.056	28.22
703.237	33.24
703.419	34.11
703.601	40.16
703.782	33.74
703.964	34.89
704.146	35.44
704.327	36.49
704.509	37.72
704.69	37.89
704.872	32.75
705.053	33.59
705.235	37.1
705.416	30.17
705.598	35.1
705.779	35.63
705.961	34.03
706.142	33.98
706.323	39.3
706.505	37.94
706.686	39.75
706.867	35.19
707.049	30.63
707.23	34.07
707.411	40.33
707.593	39.54
707.774	34.7
707.955	35.03
708.136	34.62
708.318	37.16
708.499	43.25
708.68	32.53
708.861	41.2
709.042	28.07
709.223	39.74
709.404	35.71
709.585	31.56
709.767	33.26
709.948	43.35
710.129	36.72
710.31	35.99
710.491	35.72
710.672	39.36
710.853	30.3
711.034	38.3
711.214	35.38
711.395	32.93
711.576	30.53
711.757	33.44
711.938	39.59
712.119	35.1
712.3	43.52
712.481	29.61
712.661	32.58
712.842	33.5
713.023	45.87
713.204	41.91
713.384	34.94
713.565	35.85
713.746	31.1
713.926	29.91
714.107	31.92
714.288	36.86
714.468	35.49
714.649	40.22
714.83	32.75
715.01	42.79
715.191	32.52
715.371	40.49
715.552	30.73
715.732	38.39
715.913	33.74
716.093	44.43
716.274	36.52
716.454	37.45
716.635	35.76
716.815	42.39
716.995	36.89
717.176	36.58
717.356	39.62
717.536	44.61
717.717	39.62
717.897	38.18
718.077	34.91
718.258	40.17
718.438	44.99
718.618	42.18
718.798	35.06
718.978	35.24
719.159	30.88
719.339	47.89
719.519	40.03
719.699	35.64
719.879	33.74
720.059	35.43
720.239	47.51
720.419	54.22
720.599	36.6
720.779	43.8
720.959	30.07
721.139	29.12
721.319	35.54
721.499	43.84
721.679	40.67
721.859	43.67
722.039	27.05
722.219	43.06
722.399	28.83
722.579	46.5
722.759	32.52
722.938	28.86
723.118	46.95
723.298	53.71
723.478	27.13
723.658	53.26
723.837	36.23
724.017	32.5
724.197	31.66
724.376	41.95
724.556	39.07
724.736	38.52
724.915	34.46
725.095	43.28
725.275	43.89
725.454	36.54
725.634	48.29
725.813	46.54
725.993	36.04
726.172	48.53
726.352	41.24
726.531	37.7
726.711	51.12
726.89	34.98
727.07	42.7
727.249	42.53
727.428	38.23
727.608	39.97
727.787	36.57
727.966	29.68
728.146	47.16
728.325	44.53
728.504	39.04
728.684	43.97
728.863	44.93
729.042	27.72
729.221	6.93
729.4	44.2
729.58	32.37
729.759	30.13
729.938	50.69
730.117	39.91
730.296	25.7
730.475	37.61
730.654	42.38
730.833	36.44
731.013	40.26
731.192	31.34
731.371	37.62
731.55	51.89
731.729	35.87
731.907	54.2
732.086	45.79
732.265	27.42
732.444	39.04
732.623	34.68
732.802	36.23
732.981	39.45
733.16	33.58
733.339	28.45
733.517	48.05
733.696	60.14
733.875	43.49
734.054	40.05
734.232	50.19
734.411	50.38
734.59	10.63
734.768	32.33
734.947	15.82
735.126	21.08
735.304	35.73
735.483	33.86
735.662	50.16
735.84	40.05
736.019	38.2
736.197	21.73
736.376	47.81
736.554	68.86
736.733	59.79
736.911	33.59
737.09	49.26
737.268	61.28
737.447	60.73
737.625	47.8
737.803	34.14
737.982	63.64
738.16	51.28
738.338	54.1
738.517	34.52
738.695	39.75
738.873	48.65
739.052	23.34
739.23	-7.28
739.408	42.02
739.586	40.29
739.764	33.28
739.943	50.44
740.121	36.45
740.299	35.3
740.477	42.89
740.655	67.88
740.833	60.21
741.011	44.83
741.189	57.75
741.367	20.53
741.545	30.37
741.723	16.94
741.901	47.02
742.079	27.94
742.257	63.97
742.435	48.76
742.613	25.08
742.791	60.36
742.969	14.33
743.147	37.05
743.325	52.84
743.503	43.81
743.68	55.76
743.858	28.82
744.036	54.59
744.214	35.1
744.391	36.36
744.569	11.75
744.747	43.29
744.925	50.71
745.102	21.9
745.28	2.47
745.458	51.49
745.635	45.7
745.813	77.69
745.99	38.07
746.168	59.33
746.345	112.3
746.523	21.03
746.7	-1.05
746.878	19.57
747.055	42.7
747.233	45.76
747.41	69.31
747.588	38.73
747.765	42.64
747.943	23.95
748.12	34.34
748.297	5.38
748.475	21.58
748.652	76.24
748.829	40.33
749.007	36.52
749.184	17.12
749.361	50.79
749.538	42.13
749.716	62.34
749.893	33.6
750.07	32.16
750.247	41.73
750.424	70.04
750.601	57.26
750.778	47.78
750.956	34.6
751.133	0.55
751.31	35.54
751.487	49.97
751.664	-33.39
751.841	14.13
752.018	63.31
752.195	9.06
752.372	42.99
752.549	24.53
752.726	44.97
752.902	68.68
753.079	45.42
753.256	71.91
753.433	-7.73
753.61	51.39
753.787	27.94
753.964	47.01
754.14	30.44
754.317	58.12
754.494	36.18
754.671	70.15
754.847	37.8
755.024	56.29
755.201	30.48
755.377	12.43
755.554	51.81
755.73	-25.32
755.907	56.55
756.084	63.97
756.26	62.92
756.437	-4.11
756.613	-3.71
756.79	45.63
756.966	47.01
757.143	22.03
757.319	49.64
757.496	43.95
757.672	48.17
757.849	100.18
758.025	51.93
758.201	34.83
758.378	26.76
758.554	6.48
758.73	66.97
758.907	51.21
759.083	53.55
759.259	33.21
759.435	80.81
759.612	47.67
759.788	63.07
759.964	54.7
760.14	25.65
760.316	-14.56
760.493	-13.37
760.669	74.26
760.845	49.16
761.021	-30.75
761.197	-25.86
761.373	69.81
761.549	42.44
761.725	-7.43
761.901	21.12
762.077	62.26
762.253	15.19
762.429	53.18
762.605	41.93
762.781	23.5
762.957	21.78
763.133	34.43
763.308	34.99
763.484	40.32
763.66	101.93
763.836	-13.15
764.012	40.21
764.187	8.3
764.363	47.99
764.539	35.9
764.715	27.84
764.89	7.81
765.066	57.96
765.242	12.22
765.417	-25.69
765.593	7.05
765.769	53.48
765.944	26.66
766.12	57.54
766.295	20.66
766.471	50.4
766.646	42.5
766.822	5.9
766.997	31.78
767.173	52.19
767.348	6.2
767.524	-40.98
767.699	33.65
767.875	-0.22
768.05	40.82
768.225	84.66
768.401	19.86
768.576	77.5
768.751	103.3
768.927	17.05
769.102	87.48
769.277	22.96
769.452	43.84
769.628	-20.84
769.803	78.23
769.978	78.23
770.153	77.68
770.328	62.84
770.503	64.47
770.679	114.83
770.854	58.61
771.029	4.38
771.204	-168.87
771.379	33.62
771.554	29.39
771.729	68.71
771.904	66.01
772.079	110.71
772.254	51.51
772.429	54.12
772.604	-13.83
772.779	70.68
772.953	15.67
773.128	24.84
773.303	-11.48
773.478	53.81
773.653	37.77
773.828	74.6
774.002	25.34
774.177	54.02
774.352	216.52
774.527	79.49
774.701	9.5
774.876	22.7
775.051	-194.12
775.225	68.34
775.4	14.04
775.575	55.43
775.749	53.27
775.924	55.06
776.098	-32.7
776.273	46.98
776.447	84.15
776.622	11.47
776.796	-0.5
776.971	-11.57
777.145	7.51
777.32	49.95
777.494	103.53
777.669	65.24
777.843	65.47
778.017	15.02
778.192	39.4
778.366	52.67
778.54	91.61
778.715	63.02
778.889	133.25
779.063	36.76
779.237	70.42
779.412	-4.96
779.586	58.81
779.76	74.17
779.934	-1.7
780.108	95.54
780.282	13.43
780.457	-15.3
780.631	-11.37
780.805	-38.16
780.979	-523.88
781.153	26.85
781.327	80.19
781.501	11.72
781.675	62.1
781.849	-12.03
782.023	24.67
782.197	-13.04
782.371	-207.43
782.545	-355.21
782.718	37.1
782.892	-9.12
783.066	-1.91
783.24	23.08
783.414	18.91
783.588	100.41
783.761	-19.32
783.935	75.85
784.109	33.78
784.283	7.83
784.456	4.27
784.63	37.2
784.804	58.56
784.977	37.28
785.151	-65.61
785.324	48.43
785.498	-30.59
785.672	-14.33
785.845	7.13
786.019	-217.54
786.192	-248.34
786.366	44.34
786.539	198.31
786.713	15.53
786.886	38.98
787.06	-69.79
787.233	-6.15
787.406	31.7
787.58	-13.11
787.753	97.59
787.926	335.69
788.1	-333.13
788.273	-175.47
788.446	16.61
788.62	338.71
788.793	78.76
788.966	139.18
789.139	43.1
789.313	18.8
789.486	-4328.57
789.659	-22.29
789.832	47.37
790.005	47.46
790.178	151.33
790.351	8.23
790.524	247.12
790.697	35.42
790.87	-77.66
791.044	605.45
791.216	80.78
791.389	-187.7
791.562	42.71
791.735	-444.3
791.908	237.66
792.081	97.78
792.254	75.82
792.427	59.11
792.6	27.11
792.773	56.43
792.945	156.72
793.118	76.67
793.291	102.2
793.464	85.53
793.637	-281.6
793.809	44.03
793.982	47.37
794.155	36.06
794.327	164.1
794.5	-586.15
794.673	-30.36
794.845	113.23
795.018	-144.67
795.19	-360.67
795.363	18.77
795.536	73.84
795.708	-48.39
795.881	-4980
796.053	19.58
796.226	183.43
796.398	167.35
796.57	128.94
796.743	-18.37
796.915	-2.25
797.088	154.25
797.26	82.68
797.432	315.19
797.605	-14.44
797.777	-837.66
797.949	22.01
798.122	40.18
798.294	4.04
798.466	60
798.638	-189.03
798.81	22.82
798.983	-216.46
799.155	69.56
799.327	-107.71
799.499	63.1
799.671	92.23
799.843	-21.72
800.015	33.85
800.187	-9.98
800.359	23.28
800.531	57.88
800.703	12
800.875	90.4
801.047	-3.08
801.219	-11.26
801.391	-11.69
801.563	-36.69
801.735	49.84
801.907	130.67
802.079	84.23
802.251	-412.09
802.422	-59.06
802.594	331.17
802.766	-52.48
802.938	-55.16
803.11	192.24
803.281	-81.46
803.453	41.56
803.625	23.97
803.796	50.47
803.968	9.21
804.14	47.37
804.311	-58.18
804.483	92.54
804.654	31.26
804.826	190.91
804.998	165.24
805.169	-70.66
805.341	482.4
805.512	39.13
805.684	68.38
805.855	121.65
806.026	872.31
806.198	64.42
806.369	30.84
806.541	53.29
806.712	83.18
806.883	61.31
807.055	73.46
807.226	-5.2
807.397	-201.1
807.569	342.48
807.74	26.88
807.911	-33.06
808.082	-125.11
808.253	-602.97
808.425	55.06
808.596	124.72
808.767	-157.55
808.938	28.52
809.109	692.08
809.28	-194.79
809.451	60.86
809.622	255.08
809.793	-2216.13
809.964	-169.57
810.135	-147.46
810.306	126.59
810.477	300
810.648	-58.88
810.819	31.55
810.99	-9300
811.161	94.8
811.332	-11.35
811.503	31.76
811.674	23.08
811.844	-327.69
812.015	30.87
812.186	182.21
812.357	88.84
812.527	71.71
812.698	45.27
812.869	684.91
813.04	23.92
813.21	-817.24
813.381	-31.52
813.551	-41.41
813.722	1.48
813.893	-13.53
814.063	-48.39
814.234	-616.36
814.404	27.86
814.575	19.32
814.745	34.51
814.916	45.71
815.086	-28.42
815.257	-1.35
815.427	5.52
815.598	32.56
815.768	37.55
815.938	57.83
816.109	115.38
816.279	52.2
816.449	-91.54
816.62	-1026.32
816.79	104.36
816.96	-130.19
817.13	20.21
817.301	196.45
817.471	48.1
817.641	432.52
817.811	-59.12
817.981	-4842.86
818.152	61.14
818.322	2.97
818.492	-126.82
818.662	-18.02
818.832	63.49
819.002	-17.71
819.172	-16.01
819.342	-143.93
819.512	14.4
819.682	88.91
819.852	23.23
820.022	76.5
820.192	259.55
820.362	12.64
820.531	38.11
820.701	41.11
820.871	133.22
821.041	-156.11
821.211	-52.4
821.381	138.4
821.55	-144.26
821.72	-146.51
821.89	1315.38
822.059	149.07
822.229	-5.95
822.399	-55.16
822.568	74.29
822.738	-80.49
822.908	491.41
823.077	-14.39
823.247	44.15
823.416	-1111.76
823.586	24.06
823.756	-88.73
823.925	345.57
824.095	327.91
824.264	95.52
824.433	-507.08
824.603	38.43
824.772	149.59
824.942	-459.49
825.111	10.55
825.28	-236.65
825.45	-326.09
825.619	-191.93
825.788	232.58
825.958	6.31
826.127	51.72
826.296	135.83
826.465	116.47
826.635	151.36
826.804	64.58
826.973	145.02
827.142	-164.68
827.311	98.66
827.48	39.79
827.649	14.11
827.818	7.09
827.988	242.4
828.157	44.2
828.326	-37.4
828.495	11.05
828.664	229.96
828.833	24.38
829.002	-65.22
829.17	66.44
829.339	52.76
829.508	-98.38
829.677	717.98
829.846	39.55
830.015	-119.15
830.184	-38.53
830.352	-20.52
830.521	32.37
830.69	504.88
830.859	3194.12
831.027	1815.79
831.196	81.41
831.365	43.61
831.533	10.25
831.702	18.22
831.871	13.73
832.039	97.08
832.208	-430.43
832.377	-21.26
832.545	-119.54
832.714	19.35
832.882	57.71
833.051	24.17
833.219	2357.14
833.388	99.26
833.556	30.61
833.724	-51.94
833.893	16.23
834.061	1942.11
834.23	47.8
834.398	49.81
834.566	-11.69
834.735	-42.86
834.903	458.49
835.071	-2580
835.239	0.98
835.408	47.37
835.576	132.56
835.744	40.37
835.912	49.89
836.08	61.34
836.249	775.47
836.417	351.34
836.585	75.23
836.753	-13.9
836.921	27.57
837.089	-3300
837.257	-397.67
837.425	-16.6
837.593	72.57
837.761	7.73
837.929	65.47
838.097	118.63
838.265	57.42
838.433	91.48
838.601	159.95
838.769	649.37
838.936	394.38
839.104	84.2
839.272	27.02
839.44	89.11
839.608	-519.51
839.775	77.44
839.943	103.19
840.111	57.76
840.279	68.11
840.446	-308.96
840.614	-588.31
840.781	174.78
840.949	-24.79
841.117	55.66
841.284	-60.52
841.452	165.84
841.619	36.04
841.787	105.17
841.954	-648.84
842.122	-116.18
842.289	110.63
842.457	24.65
842.624	105.92
842.792	168.61
842.959	-296.57
843.126	12.68
843.294	62.92
843.461	-15.41
843.629	88.8
843.796	1.94
843.963	108.56
844.13	12.68
844.298	142.47
844.465	34.11
844.632	-35.4
844.799	-55.78
844.966	39.57
845.134	22.63
845.301	12.81
845.468	37.75
845.635	49.82
845.802	-16.6
845.969	-40.66
846.136	117.23
846.303	-331.58
846.47	66.71
846.637	-13.85
846.804	-2289.47
846.971	-120.98
847.138	-47.49
847.305	151.33
847.472	77.51
847.639	44.26
847.805	7.16
847.972	-292.21
848.139	32.19
848.306	742.11
848.473	944.78
848.639	37.82
848.806	156
848.973	72.85
849.14	167.51
849.306	-6.73
849.473	-176.82
849.64	-567.69
849.806	139.23
849.973	215.68
850.139	188.74
850.306	49.94
850.472	-1.11
850.639	166.23
850.806	110.53
850.972	133.04
851.139	-2614.29
851.305	-90.36
851.471	90.75
851.638	241.1
851.804	-237.31
851.971	-24.61
852.137	-33.97
852.303	39.57
852.47	50.87
852.636	93.3
852.802	281.1
852.968	182.55
853.135	-65.48
853.301	-123.12
853.467	0.98
853.633	59.57
853.8	89.95
853.966	-217.77
854.132	-4500
854.298	-181.75
854.464	30.34
854.63	140.67
854.796	202.37
854.962	-71.22
855.128	58.02
855.294	37.73
855.46	-206.74
855.626	-57.32
855.792	-154.05
855.958	-119.42
856.124	-288.96
856.29	93.38
856.456	-19.44
856.622	-82.98
856.787	845.45
856.953	15.12
857.119	-317.82
857.285	55.45
857.45	121.91
857.616	102.57
857.782	51.41
857.948	59.25
858.113	-11.26
858.279	-16.75
858.445	-40.16
858.61	1025.58
858.776	134.82
858.941	264.36
859.107	33.96
859.273	93.88
859.438	-200.37
859.604	1878.95
859.769	498.43
859.935	-234.65
860.1	88.67
860.265	85.58
860.431	41.01
860.596	4585.71
860.762	167.06
860.927	-2.55
861.092	120.12
861.258	-111.33
861.423	-56.76
861.588	70.72
861.753	5614.29
861.919	481.13
862.084	366.14
862.249	92.54
862.414	99.32
862.579	312.18
862.745	173.81
862.91	87.45
863.075	-8.79
863.24	21.81
863.405	-7.54
863.57	-16.61
863.735	26.44
863.9	-273.45
864.065	75.41
864.23	132.19
864.395	107.83
864.56	118.73
864.725	467.09
864.89	812.36
865.055	-88.1
865.22	-15.36
865.384	-549.44
865.549	-72.82
865.714	44.26
865.879	-42.3
866.044	-6.89
866.208	-3.72
866.373	23.08
866.538	114.52
866.702	63.93
866.867	143.94
867.032	68.47
867.196	72.97
867.361	12
867.526	-215.02
867.69	-87.95
867.855	49.45
868.019	343.64
868.184	-25.56
868.348	1.02
868.513	-1016.13
868.677	384.05
868.842	92.23
869.006	143.63
869.17	-877.36
869.335	-782.93
869.499	-480.58
869.663	228.48
869.828	8.5
869.992	662.79
870.156	53.52
870.321	-104.69
870.485	-83.15
870.649	-51.45
870.813	-80.81
870.978	-42.13
871.142	-383.08
871.306	95.26
871.47	492.7
871.634	347.24
871.798	165.84
871.962	84.05
872.126	471.43
872.29	3.63
872.454	128.57
872.618	144.98
872.782	353.73
872.946	211.41
873.11	275.88
873.274	-102.31
873.438	158.82
873.602	-76.78
873.766	97.4
873.93	-48.49
874.094	569.66
874.257	86.74
874.421	22.54
874.585	212.73
874.749	23.88
874.912	-261.15
875.076	8.19
875.24	28.52
875.403	205.8
875.567	108
875.731	70.79
875.894	197.14
876.058	76.08
876.222	259.55
876.385	82.91
876.549	114.94
876.712	474.55
876.876	-10.93
877.039	161
877.203	69.56
877.366	113.23
877.529	7.42
877.693	6.61
877.856	92.88
878.02	36.34
878.183	-132.6
878.346	66.23
878.51	236.28
878.673	-19.42
878.836	53.94
878.999	-435.48
879.163	179.16
879.326	-28.39
879.489	-82.56
879.652	38.98
879.815	9.14
879.978	104.08
880.142	179.19
880.305	180.75
880.468	25.3
880.631	128.12
880.794	42.3
880.957	797.56
881.12	-970.59
881.283	187
881.446	58.68
881.609	118.71
881.772	307.82
881.935	-2594.12
882.097	103.58
882.26	866.04
882.423	-116.08
882.586	-27.68
882.749	156.56
882.912	-75.46
883.074	17.32
883.237	50.11
883.4	35.81
883.562	98.19
883.725	-7.2
883.888	281.1
884.05	4140
884.213	26.05
884.376	37.33
884.538	100.34
884.701	100.34
884.863	100.34
