181.954	3.64
182.172	3.64
182.39	3.64
182.608	-3540
182.826	510.99
183.043	-103.4
183.261	103.81
183.479	233.14
183.697	-617.65
183.914	129.96
184.132	-1.6
184.35	117.04
184.567	117.46
184.785	-146.02
185.003	34.7
185.22	-9.01
185.438	95.01
185.656	-110.05
185.873	-50.77
186.091	20.99
186.309	217.24
186.526	-47.51
186.744	-78.95
186.961	-134.62
187.179	-200.47
187.396	20.08
187.614	23.08
187.831	-5940
188.049	-318.4
188.266	67.26
188.484	-273.13
188.701	-177.67
188.919	91.92
189.136	-62.09
189.354	211.97
189.571	-149.29
189.789	108.43
190.006	86.75
190.223	111.89
190.441	40.79
190.658	-4671.43
190.876	93.22
191.093	-306.59
191.31	53.29
191.528	47.07
191.745	57.11
191.962	132.66
192.179	79.67
192.397	-137.25
192.614	159.92
192.831	43.05
193.049	56.58
193.266	323.3
193.483	50.07
193.7	576.92
193.917	82.82
194.135	317.27
194.352	-93.82
194.569	13.73
194.786	105.62
195.003	2.11
195.221	55.35
195.438	-213.07
195.655	-290.95
195.872	39.66
196.089	-19.44
196.306	-91.58
196.523	138.24
196.74	255.92
196.957	10.01
197.174	74.62
197.391	60.47
197.608	79.29
197.825	-87.1
198.042	-42.31
198.259	-1313.79
198.476	135.87
198.693	2460
198.91	-65.67
199.127	622.39
199.344	66.8
199.561	362.43
199.778	78.77
199.995	-649.25
200.212	134.48
200.429	322.75
200.646	87.34
200.862	340.45
201.079	-67.65
201.296	-9.93
201.513	-177.67
201.73	-111.81
201.947	49.88
202.163	33.07
202.38	272.25
202.597	11.23
202.814	-82.37
203.03	7740
203.247	245.73
203.464	-28.11
203.681	237.66
203.897	94.2
204.114	1364.15
204.331	33.78
204.547	-1011.63
204.764	135.47
204.981	511.76
205.197	202.98
205.414	36.9
205.63	341.38
205.847	209.55
206.064	758.18
206.28	58.04
206.497	-21.59
206.713	148.5
206.93	55.31
207.146	66.73
207.363	-124.62
207.579	-662.64
207.796	-92.92
208.012	-22.19
208.229	-577.61
208.445	159.4
208.662	49.92
208.878	-11.02
209.095	582.35
209.311	-58.21
209.528	2357.14
209.744	-47.49
209.96	-160.93
210.177	-329.13
210.393	56.65
210.609	12300
210.826	300
211.042	18.26
211.258	461.19
211.475	-20.86
211.691	12.57
211.907	41.77
212.124	70.36
212.34	60
212.556	-37.24
212.772	-293.41
212.989	-113.25
213.205	105.17
213.421	-218.59
213.637	210.45
213.853	-22.18
214.069	-1721.05
214.286	-77.84
214.502	-398.51
214.718	66.77
214.934	238.81
215.15	99.34
215.366	53.21
215.582	71.02
215.798	71.14
216.015	24.11
216.231	-128.11
216.447	13.14
216.663	26.05
216.879	-37.69
217.095	388.59
217.311	-809.43
217.527	72.83
217.743	-433.98
217.959	-515.09
218.175	-5.16
218.391	-226.62
218.606	-49.71
218.822	-180
219.038	88.24
219.254	-18.32
219.47	-63.28
219.686	650.56
219.902	57.39
220.118	-25.59
220.334	82.07
220.549	161.02
220.765	29.78
220.981	-38.03
221.197	-8.38
221.413	-398.9
221.628	148.1
221.844	73.58
222.06	241.75
222.276	42.71
222.491	22.59
222.707	83.61
222.923	-22.15
223.139	67.25
223.354	-143.67
223.57	-106.3
223.786	-0.32
224.001	26.64
224.217	160.06
224.432	209.83
224.648	71.92
224.864	-0.72
225.079	264.18
225.295	-63.28
225.51	228.65
225.726	-45.8
225.942	81.82
226.157	48.3
226.373	-180
226.588	47.37
226.804	-2605.26
227.019	-43.72
227.235	21.7
227.45	-10.32
227.665	2940
227.881	-437.01
228.096	-326.09
228.312	-24.57
228.527	151.19
228.743	-42.86
228.958	-123.32
229.173	-399.13
229.389	16.16
229.604	11.84
229.819	172.48
230.035	-268.2
230.25	-130.32
230.465	187.66
230.681	-59.61
230.896	42.06
231.111	53.4
231.327	152.2
231.542	1740
231.757	63.57
231.972	-81.63
232.187	3.83
232.403	-331.58
232.618	-74.24
232.833	94.72
233.048	-441.82
233.263	-12.05
233.478	-263.48
233.694	-481.4
233.909	-512.9
234.124	15.02
234.339	-2.94
234.554	-1272.41
234.769	126.63
234.984	47.09
235.199	38.29
235.414	-188.5
235.629	-368.35
235.844	50.98
236.059	84.79
236.274	-80.66
236.489	-64.89
236.704	112.73
236.919	-35.86
237.134	78.77
237.349	81.82
237.564	36.24
237.779	46.7
237.994	197.87
238.209	106.02
238.424	-362.58
238.639	36.86
238.853	34.35
239.068	-80.66
239.283	-22.66
239.498	34.04
239.713	103.02
239.928	50.54
240.142	305.74
240.357	107.08
240.572	-149.58
240.787	103.81
241.001	111.06
241.216	63.87
241.431	376.87
241.646	-22.04
241.86	-195.07
242.075	-872.09
242.29	29.52
242.504	-9.25
242.719	16.77
242.934	-455.91
243.148	43.05
243.363	18.45
243.577	-91.01
243.792	-6.07
244.007	47.18
244.221	-89.61
244.436	-828.36
244.65	-9.2
244.865	-103.79
245.079	100.9
245.294	-476.98
245.508	-7.35
245.723	-17.75
245.937	-280.22
246.152	28.95
246.366	61.23
246.581	1.61
246.795	-141.72
247.01	-7.12
247.224	-3.54
247.438	-3.51
247.653	-2.6
247.867	141.13
248.081	11.7
248.296	563.41
248.51	79.85
248.724	30.95
248.939	-882.09
249.153	74.69
249.367	-56.7
249.582	116.89
249.796	-11.69
250.01	109.27
250.224	20.84
250.439	-34.65
250.653	175.99
250.867	-2.57
251.081	-280.09
251.295	-7.93
251.51	-16.6
251.724	-312.95
251.938	68.03
252.152	159.85
252.366	116.95
252.58	-354.55
252.794	51.56
253.008	69.54
253.223	39.25
253.437	59.25
253.651	8.03
253.865	-14.34
254.079	-41.87
254.293	-3.01
254.507	256.36
254.721	37.97
254.935	616.48
255.149	89.43
255.363	78.09
255.577	372.48
255.791	-102.71
256.005	115.95
256.218	-4.05
256.432	-28.39
256.646	55.06
256.86	-4.23
257.074	52.77
257.288	2700
257.502	-29.67
257.716	82.18
257.929	140.48
258.143	36.59
258.357	62.54
258.571	127.31
258.785	29.03
258.998	39.46
259.212	99.57
259.426	-17.49
259.64	83.2
259.853	-57.37
260.067	24.59
260.281	95.89
260.494	-122.17
260.708	644.55
260.922	9.24
261.135	-3.84
261.349	-58.99
261.563	48.43
261.776	-476.47
261.99	-17.34
262.203	77.17
262.417	-81.63
262.63	-82.37
262.844	515.73
263.058	55.93
263.271	30.09
263.485	54.48
263.698	126.85
263.912	-108.51
264.125	37.26
264.339	7.09
264.552	82.48
264.765	-628.7
264.979	25.39
265.192	74.39
265.406	33.05
265.619	217.38
265.832	-0.46
266.046	-65.61
266.259	222.71
266.473	-2835.48
266.686	92.11
266.899	32.12
267.113	60
267.326	49.82
267.539	60.79
267.752	34.33
267.966	15.83
268.179	176.01
268.392	-13.13
268.605	-106.3
268.819	87.31
269.032	15.64
269.245	-733.85
269.458	-23.25
269.671	-915.19
269.885	-11.31
270.098	-31.26
270.311	-246.84
270.524	-20.61
270.737	-92.84
270.95	13.91
271.163	158.27
271.376	1770.97
271.589	315.19
271.802	-19.54
272.016	-43.97
272.229	47.07
272.442	-74.09
272.655	-5.83
272.868	-80.99
273.081	-198.88
273.294	28.99
273.506	198.23
273.719	-51.97
273.932	-53.87
274.145	1500
274.358	-10.29
274.571	23.7
274.784	186.79
274.997	16.65
275.21	-46.29
275.423	-30.4
275.635	-110.05
275.848	36.18
276.061	220.53
276.274	8.44
276.487	39.13
276.699	115.38
276.912	-6.91
277.125	202.98
277.338	77.23
277.55	85.51
277.763	16.63
277.976	69.14
278.189	-609.89
278.401	-66.41
278.614	252
278.827	33.16
279.039	60
279.252	75.23
279.464	29.92
279.677	110.02
279.89	-88.99
280.102	-19.6
280.315	885.37
280.527	300
280.74	1044.83
280.952	100.48
281.165	75.98
281.377	162.33
281.59	-110.03
281.802	-0.87
282.015	80.24
282.227	51.08
282.44	394.96
282.652	488.76
282.865	169.19
283.077	143.86
283.29	74.73
283.502	67.23
283.714	191.94
283.927	214.06
284.139	-65.67
284.351	-40.66
284.564	370.59
284.776	160.62
284.988	-47.7
285.201	138.81
285.413	42.31
285.625	-173.51
285.838	45.34
286.05	41.46
286.262	-54.24
286.474	-29.91
286.686	-37.75
286.899	-265.02
287.111	92.27
287.323	84.39
287.535	668.32
287.747	117.16
287.959	45.12
288.172	-769.09
288.384	-0.32
288.596	-66.29
288.808	367.92
289.02	616.98
289.232	133.25
289.444	-29.33
289.656	-188.6
289.868	46
290.08	79.14
290.292	-52.34
290.504	-79.16
290.716	18.48
290.928	75.55
291.14	1025.58
291.352	-87.82
291.564	-476.47
291.776	112.73
291.988	-38.65
292.2	-18.48
292.412	196.22
292.624	-42.3
292.835	550.75
293.047	-28.72
293.259	2.82
293.471	93.67
293.683	797.56
293.895	94.05
294.106	-3.33
294.318	-10.38
294.53	96.04
294.742	1044.83
294.953	-187.08
295.165	96.04
295.377	37.57
295.589	18.39
295.8	48.67
296.012	84.51
296.224	-33.45
296.435	131.66
296.647	-36.53
296.858	205.04
297.07	1112.31
297.282	-96.94
297.493	88.09
297.705	-42.86
297.916	40.54
298.128	90.74
298.34	80.93
298.551	-88.79
298.763	53.78
298.974	113.63
299.186	-4.63
299.397	-53.35
299.609	-2061.29
299.82	96.71
300.031	23.48
300.243	-1721.05
300.454	-141.72
300.666	61.74
300.877	277.25
301.089	14.04
301.3	-20.61
301.511	72.81
301.723	-3.33
301.934	-40.3
302.145	-15.41
302.357	279.6
302.568	252
302.779	-19.21
302.99	187
303.202	57.87
303.413	-17.03
303.624	-37.63
303.835	96.23
304.047	-263.56
304.258	100.29
304.469	47.65
304.68	31.24
304.891	15.3
305.103	3.47
305.314	72.81
305.525	300
305.736	186.61
305.947	58.9
306.158	2064.71
306.369	-0.33
306.58	106.14
306.791	158.36
307.002	50.09
307.213	-47.55
307.424	-136.75
307.636	120.16
307.846	14.11
308.057	-61.17
308.268	10.94
308.479	14.17
308.69	67.26
308.901	64.44
309.112	-118.6
309.323	-67.18
309.534	161
309.745	49.93
309.956	-36.54
310.167	-81.18
310.377	188.95
310.588	43.92
310.799	-83.81
311.01	-33.49
311.221	-38.79
311.432	21.31
311.642	32.21
311.853	97.36
312.064	-155.17
312.275	126.02
312.485	57.11
312.696	36.56
312.907	125.13
313.117	40.99
313.328	42.64
313.539	85.17
313.749	-78.16
313.96	207.69
314.171	60.64
314.381	16.64
314.592	-52.94
314.802	1.2
315.013	-13.9
315.224	73.4
315.434	-1973.68
315.645	-4020
315.855	192.1
316.066	407.87
316.276	198.23
316.487	-548.78
316.697	23.4
316.908	-70.09
317.118	38.97
317.329	-8.88
317.539	45.49
317.749	-9.01
317.96	-1240.3
318.17	-44.71
318.381	102.2
318.591	-715.38
318.801	18.67
319.012	164.31
319.222	300
319.432	5.21
319.643	-32.36
319.853	-22.87
320.063	23.6
320.273	12.6
320.484	36.26
320.694	84.49
320.904	112.88
321.114	758.43
321.325	-1106.9
321.535	-137.91
321.745	54.49
321.955	37.35
322.165	-37.16
322.375	-9.34
322.585	-134.36
322.796	1665.52
323.006	154.65
323.216	185.84
323.426	-24.57
323.636	282.78
323.846	1003.45
324.056	15.55
324.266	34.21
324.476	43.74
324.686	-115.14
324.896	38.57
325.106	390.57
325.316	43.26
325.526	-1721.05
325.736	22.49
325.946	-23.52
326.156	751.95
326.366	-294.78
326.576	23.08
326.785	-134.17
326.995	119.83
327.205	179.4
327.415	186.1
327.625	-24.09
327.835	-45.07
328.044	70.85
328.254	258.26
328.464	71.02
328.674	17.96
328.884	-79.86
329.093	396.26
329.303	84.57
329.513	285.09
329.722	-205.26
329.932	91.77
330.142	-1.52
330.351	155.92
330.561	496.36
330.771	-138.38
330.98	-56.4
331.19	613.85
331.4	-26.5
331.609	57.6
331.819	914.63
332.028	-330.86
332.238	7.12
332.447	64.33
332.657	98.75
332.866	-79.15
333.076	41.88
333.285	34.2
333.495	764.52
333.704	-60.54
333.914	53.81
334.123	-72.94
334.333	60
334.542	-72.75
334.752	1020
334.961	435.85
335.17	-194.47
335.38	25.34
335.589	28.23
335.798	83.16
336.008	36.26
336.217	-123.83
336.426	42.27
336.636	-195.32
336.845	22.82
337.054	253.25
337.263	66.72
337.473	53.52
337.682	10.75
337.891	1.58
338.1	66.91
338.309	13.88
338.519	89.52
338.728	42.54
338.937	-248.03
339.146	170.5
339.355	-175.47
339.564	-1152.63
339.773	82.91
339.983	24.65
340.192	-273.91
340.401	188.83
340.61	4.62
340.819	-43.39
341.028	103.28
341.237	1358.82
341.446	73.46
341.655	94.54
341.864	-92.42
342.073	66.09
342.282	13.73
342.491	27.97
342.699	-352.43
342.908	284.42
343.117	62.53
343.326	-151.82
343.535	-507.27
343.744	-99.06
343.953	101.14
344.162	45.39
344.37	-22.93
344.579	120.9
344.788	-49.87
344.997	-10.59
345.206	77.2
345.414	24.11
345.623	105.17
345.832	-62.53
346.041	135.53
346.249	-36.81
346.458	3.37
346.667	71.27
346.875	61.12
347.084	23.55
347.293	-13.61
347.501	-234.6
347.71	1.09
347.918	-32.1
348.127	-280.22
348.336	69.54
348.544	78.23
348.753	-774.63
348.961	10.2
349.17	110.04
349.378	0.77
349.587	-78.16
349.795	-84.47
350.004	872.31
350.212	65.79
350.421	-61.06
350.629	-149.55
350.838	9.04
351.046	93.52
351.254	-18.93
351.463	34.35
351.671	-1531.58
351.879	25.3
352.088	47.18
352.296	427.43
352.504	177.89
352.713	-1.21
352.921	-59.06
353.129	-72.07
353.338	76.09
353.546	-71.75
353.754	-31.29
353.962	-5.54
354.171	-7.13
354.379	-457.89
354.587	48.54
354.795	-8.79
355.003	-13.79
355.212	-8.16
355.42	956.6
355.628	129.4
355.836	-45.76
356.044	70.55
356.252	17.81
356.46	-9.8
356.668	1241.54
356.876	56.23
357.084	63.66
357.292	94.61
357.5	-73.52
357.708	-31.39
357.916	84.2
358.124	41.11
358.332	85.07
358.54	-420
358.748	-385.71
358.956	-23.97
359.164	37.71
359.372	108.5
359.58	-53.96
359.788	-4.48
359.996	-25.32
360.203	-33.43
360.411	67.58
360.619	-260.8
360.827	3.15
361.035	-384.66
361.242	268.33
361.45	-322.78
361.658	21.33
361.866	33.08
362.073	7.42
362.281	-4.28
362.489	12
362.697	-71.75
362.904	-44.41
363.112	82.1
363.32	-34.63
363.527	-148.7
363.735	-107.72
363.943	-36.98
364.15	62.54
364.358	-36.67
364.565	7.13
364.773	81.16
364.98	-94.35
365.188	64.15
365.395	100.5
365.603	-29.49
365.81	-28.11
366.018	5.33
366.225	57.16
366.433	-164.52
366.64	44.9
366.848	71.11
367.055	-34.8
367.263	64.03
367.47	73.05
367.677	102.53
367.885	-3.33
368.092	48.97
368.299	-142.82
368.507	55.53
368.714	331.86
368.921	-153.54
369.129	21.4
369.336	20.44
369.543	-13.61
369.751	-54.73
369.958	-22.87
370.165	72.93
370.372	-107.1
370.579	-16.11
370.787	58.2
370.994	48.2
371.201	-131.61
371.408	56.64
371.615	14.46
371.822	56.72
372.029	31.53
372.237	-234.86
372.444	-56.76
372.651	-85.78
372.858	109.97
373.065	54.74
373.272	20.72
373.479	-1231.03
373.686	-92.42
373.893	-562.14
374.1	420.57
374.307	-494.24
374.514	-83.81
374.721	-56.6
374.928	159.74
375.135	-51.97
375.341	3420
375.548	-12.98
375.755	-4.37
375.962	-7.54
376.169	44.26
376.376	-15.79
376.583	4.66
376.789	84.02
376.996	116.83
377.203	-96.79
377.41	-22.69
377.617	-12.17
377.823	248.66
378.03	-1287.1
378.237	63.45
378.443	-49.71
378.65	73.58
378.857	-209.23
379.063	1044.3
379.27	-555.65
379.477	100.54
379.683	-53.13
379.89	86.21
380.097	22.9
380.303	33.52
380.51	-38.93
380.716	11.45
380.923	-21.26
381.129	40.21
381.336	-172.44
381.542	23.42
381.749	-103.74
381.955	40.21
382.162	59.52
382.368	-13.61
382.575	-17.34
382.781	51.72
382.988	-9.75
383.194	-35.67
383.4	17.74
383.607	-12.41
383.813	69.74
384.02	-31.79
384.226	-87.46
384.432	-108.04
384.639	45.89
384.845	-246.84
385.051	58.96
385.257	-69.46
385.464	27.18
385.67	98.71
385.876	97.84
386.082	-5.08
386.289	15.23
386.495	-10.57
386.701	-110.42
386.907	-77.49
387.113	9.35
387.319	6.19
387.526	49.84
387.732	92.13
387.938	328.8
388.144	-399.13
388.35	13.27
388.556	15.46
388.762	29.4
388.968	-202.33
389.174	-4.88
389.38	64.15
389.586	-28.7
389.792	-31.6
389.998	-16.2
390.204	9.62
390.41	45.91
390.616	-25.23
390.822	6.17
391.028	-1.55
391.234	20.93
391.439	-468.93
391.645	21.84
391.851	66.7
392.057	-23.52
392.263	10.47
392.469	-13.71
392.674	-27.87
392.88	-0.23
393.086	-27.66
393.292	-55.39
393.498	-49.86
393.703	29.58
393.909	10.76
394.115	49.08
394.32	-18.4
394.526	20.7
394.732	34.9
394.937	51.68
395.143	-142.11
395.349	-26.57
395.554	-284.92
395.76	10.29
395.965	22.15
396.171	-26.3
396.377	67.51
396.582	46.27
396.788	19.11
396.993	72.54
397.199	13.92
397.404	22.36
397.61	4.13
397.815	-12.58
398.021	-18.27
398.226	-57.24
398.431	17.65
398.637	25.13
398.842	34.62
399.048	46.41
399.253	10.45
399.458	5.17
399.664	6.88
399.869	26.15
400.074	20.02
400.28	-2.06
400.485	-18.55
400.69	18.19
400.896	2.19
401.101	-45.44
401.306	-22.65
401.511	6.05
401.716	-3.44
401.922	-9.99
402.127	3.91
402.332	-30.76
402.537	29.64
402.742	27.46
402.947	44.61
403.153	-39.14
403.358	13.96
403.563	22.92
403.768	23.21
403.973	6.62
404.178	-4.35
404.383	0.33
404.588	16.2
404.793	8.81
404.998	-9.06
405.203	-0.1
405.408	29.82
405.613	9.26
405.818	3.78
406.023	-12.67
406.228	1.8
406.433	-2.65
406.638	5.01
406.842	15.27
407.047	12.39
407.252	-8.28
407.457	22.9
407.662	1.2
407.867	2.04
408.071	1.44
408.276	4.11
408.481	1.97
408.686	12.82
408.891	9.17
409.095	9.98
409.3	6.28
409.505	6.2
409.709	3.48
409.914	10.06
410.119	6.35
410.323	0.57
410.528	3
410.733	16.36
410.937	7.36
411.142	4.6
411.346	6.57
411.551	2.69
411.756	6.82
411.96	9.16
412.165	0.57
412.369	3.08
412.574	6.14
412.778	6.33
412.983	6.64
413.187	7.48
413.392	2.32
413.596	4.07
413.8	8.65
414.005	7.04
414.209	4.17
414.414	2.79
414.618	4.25
414.822	6.99
415.027	5.97
415.231	7.3
415.435	6.39
415.64	8.34
415.844	4.23
416.048	4.22
416.252	6.64
416.457	6.68
416.661	4.23
416.865	5.8
417.069	3.56
417.274	4.7
417.478	4.6
417.682	3.9
417.886	4.54
418.09	4.8
418.294	5.45
418.498	6.36
418.702	6.1
418.907	5.43
419.111	4.1
419.315	5.13
419.519	5.03
419.723	4.33
419.927	6.07
420.131	7.16
420.335	5.97
420.539	3.26
420.743	8.05
420.947	3.22
421.151	4.33
421.355	5.31
421.558	5.42
421.762	4.96
421.966	5.28
422.17	4.78
422.374	4.13
422.578	4.8
422.782	5.5
422.985	4.74
423.189	4.1
423.393	4.5
423.597	5.07
423.801	4.77
424.004	6.08
424.208	4.18
424.412	4.38
424.615	5.3
424.819	4.83
425.023	4.47
425.226	4.21
425.43	5.33
425.634	5.1
425.837	4.1
426.041	4.76
426.245	5.11
426.448	4.28
426.652	4.46
426.855	4.29
427.059	3.75
427.262	4.51
427.466	3.04
427.669	4.32
427.873	4.37
428.076	4.33
428.28	3.69
428.483	4.66
428.687	4.2
428.89	4.88
429.094	4.15
429.297	4.31
429.5	3.84
429.704	4.35
429.907	4.55
430.11	4.51
430.314	4.9
430.517	4.51
430.72	4.32
430.924	4.58
431.127	4.28
431.33	4.58
431.533	4.76
431.737	4.7
431.94	4.07
432.143	4.56
432.346	4.47
432.549	4.01
432.752	3.97
432.956	4.7
433.159	3.96
433.362	3.87
433.565	4.61
433.768	4.56
433.971	3.69
434.174	4.3
434.377	4.34
434.58	3.65
434.783	3.76
434.986	4.42
435.189	4.54
435.392	4.66
435.595	4.26
435.798	4.31
436.001	4.45
436.204	3.78
436.407	3.82
436.61	4.32
436.813	4.36
437.016	4.01
437.219	4.2
437.421	4.14
437.624	3.96
437.827	4.14
438.03	4.1
438.233	3.49
438.435	3.52
438.638	4.14
438.841	3.84
439.044	4.3
439.246	3.74
439.449	3.65
439.652	4.34
439.854	4.06
440.057	3.94
440.26	3.74
440.462	4.05
440.665	3.43
440.868	3.99
441.07	4.49
441.273	4.33
441.475	4.05
441.678	4.11
441.88	4.12
442.083	3.67
442.286	4.02
442.488	3.95
442.69	4
442.893	4.03
443.095	4.14
443.298	3.89
443.5	3.68
443.703	4.25
443.905	3.69
444.108	4.08
444.31	4.33
444.512	3.97
444.715	4.34
444.917	4.19
445.119	4.03
445.322	4.08
445.524	4.35
445.726	4.13
445.928	4.22
446.131	4.38
446.333	4.18
446.535	4.3
446.737	4.35
446.94	4.67
447.142	4.43
447.344	4.36
447.546	4.29
447.748	4.18
447.95	4.15
448.152	4.39
448.354	4.41
448.557	4.39
448.759	4.41
448.961	4.23
449.163	4.46
449.365	4.61
449.567	4.52
449.769	4.71
449.971	4.47
450.173	4.47
450.375	4.97
450.577	4.18
450.779	4.38
450.981	4.53
451.182	4.61
451.384	4.85
451.586	4.85
451.788	4.45
451.99	4.89
452.192	4.17
452.394	4.95
452.595	5.18
452.797	4.69
452.999	4.83
453.201	4.85
453.402	4.74
453.604	5.21
453.806	5.5
454.008	4.44
454.209	4.67
454.411	4.96
454.613	5.18
454.814	4.79
455.016	5.24
455.218	5.32
455.419	4.97
455.621	5.52
455.822	5.16
456.024	5.04
456.225	5.5
456.427	5.34
456.629	5.04
456.83	5.34
457.032	5.16
457.233	4.88
457.435	4.77
457.636	5.19
457.837	4.68
458.039	4.93
458.24	5.31
458.442	5.6
458.643	5.29
458.844	5.73
459.046	4.88
459.247	6.07
459.448	5.68
459.65	5.09
459.851	5.53
460.052	5.18
460.254	5.11
460.455	5.86
460.656	5.41
460.857	4.91
461.059	5.23
461.26	5.18
461.461	5.51
461.662	4.99
461.863	5.46
462.065	5.46
462.266	5.66
462.467	5.68
462.668	5.05
462.869	6.4
463.07	5.35
463.271	4.86
463.472	4.21
463.673	5.15
463.874	5.67
464.075	5.81
464.276	4.74
464.477	6.1
464.678	5.91
464.879	5.1
465.08	5.68
465.281	5.98
465.482	5.51
465.683	4.03
465.884	6.12
466.085	6.01
466.285	4.82
466.486	6.03
466.687	5.85
466.888	5.85
467.089	5.57
467.29	5.71
467.49	5.14
467.691	5.47
467.892	4.89
468.093	4.93
468.293	5.15
468.494	5.41
468.695	5.68
468.895	6.15
469.096	4.94
469.297	4.85
469.497	5.3
469.698	7.26
469.898	5.08
470.099	5.85
470.3	6.57
470.5	4.11
470.701	6.89
470.901	6.76
471.102	6.24
471.302	5.5
471.503	4.93
471.703	7.38
471.904	5.27
472.104	5.51
472.305	5.12
472.505	6.18
472.705	5.86
472.906	6.36
473.106	6.97
473.306	5.43
473.507	6.32
473.707	7.45
473.907	5.62
474.108	4.92
474.308	6.13
474.508	6.42
474.709	5.72
474.909	6.76
475.109	3.89
475.309	5.36
475.51	5.42
475.71	5.61
475.91	6.15
476.11	4.52
476.31	5.58
476.51	6.96
476.71	4.47
476.911	6.2
477.111	6.29
477.311	4.94
477.511	5.3
477.711	5.05
477.911	4.75
478.111	5.45
478.311	4.74
478.511	6.55
478.711	6.33
478.911	7.21
479.111	4.87
479.311	6.11
479.511	6.91
479.711	4.41
479.91	3.65
480.11	6.49
480.31	6.09
480.51	5.86
480.71	4.07
480.91	6.31
481.109	6.38
481.309	6.14
481.509	5.26
481.709	6.45
481.909	6.23
482.108	5.73
482.308	5.75
482.508	6.6
482.707	6.83
482.907	5.28
483.107	7.43
483.306	7.1
483.506	7.01
483.706	5.32
483.905	5.94
484.105	6.05
484.304	5.91
484.504	4.67
484.704	5.33
484.903	4.87
485.103	5.83
485.302	5.09
485.502	6.99
485.701	7.54
485.901	4.94
486.1	5.9
486.299	5.37
486.499	5.58
486.698	6.03
486.898	5.44
487.097	5.42
487.296	3.76
487.496	5.24
487.695	4.09
487.894	6.67
488.094	5.43
488.293	7.27
488.492	5.06
488.692	4.09
488.891	6.24
489.09	5.39
489.289	5.72
489.489	4.49
489.688	3.76
489.887	5.85
490.086	5.75
490.285	5.5
490.484	7.79
490.683	6.1
490.883	6.25
491.082	6.87
491.281	6.01
491.48	4.08
491.679	5.89
491.878	6.67
492.077	5.74
492.276	5.61
492.475	6.17
492.674	4.94
492.873	6.78
493.072	5.3
493.271	6.13
493.47	5.27
493.669	6.19
493.867	5.71
494.066	6.43
494.265	6.42
494.464	7.33
494.663	5.42
494.862	4.38
495.06	5.2
495.259	5.42
495.458	5.86
495.657	5.52
495.856	5.35
496.054	6.43
496.253	6.25
496.452	5.04
496.65	6.1
496.849	6.59
497.048	5.85
497.246	5.31
497.445	6.1
497.644	6.43
497.842	6.54
498.041	5.98
498.239	6.68
498.438	5.97
498.636	5.69
498.835	7.04
499.034	4.89
499.232	6.07
499.431	5.14
499.629	6.04
499.827	7.37
500.026	5.82
500.224	6.69
500.423	5.93
500.621	6.43
500.82	6.8
501.018	6.76
501.216	6.48
501.415	7.25
501.613	5.68
501.811	6.28
502.01	6.94
502.208	6.21
502.406	6.53
502.604	6.97
502.803	6.28
503.001	7.11
503.199	6.71
503.397	6.06
503.595	6.18
503.794	6.35
503.992	6.23
504.19	6.5
504.388	6.56
504.586	6.56
504.784	5.35
504.982	5.92
505.18	6.4
505.378	6.27
505.576	7.02
505.774	7.26
505.972	6.55
506.17	7.26
506.368	6.62
506.566	6.63
506.764	6.98
506.962	7.39
507.16	7.36
507.358	6.19
507.556	6.7
507.754	7.34
507.952	7
508.15	7.17
508.347	6.82
508.545	7.29
508.743	7.4
508.941	6.72
509.139	8.02
509.336	7.15
509.534	7.91
509.732	7.15
509.93	7.36
510.127	7.25
510.325	7.25
510.523	7.44
510.72	8.25
510.918	7.63
511.116	7.43
511.313	7.85
511.511	7.71
511.708	7.59
511.906	8
512.104	7.86
512.301	8.08
512.499	8.15
512.696	8.29
512.894	7.82
513.091	8.16
513.289	7.72
513.486	7.99
513.683	7.92
513.881	8.1
514.078	8.85
514.276	8.45
514.473	8.4
514.67	8.51
514.868	8.47
515.065	8.8
515.262	9.02
515.46	8.29
515.657	9.17
515.854	8.23
516.052	8.01
516.249	9.05
516.446	8.63
516.643	9.23
516.84	8.9
517.038	8.82
517.235	8.96
517.432	9.32
517.629	8.7
517.826	9.22
518.023	9.25
518.221	9.18
518.418	9.2
518.615	9.23
518.812	9.16
519.009	9.26
519.206	8.98
519.403	8.81
519.6	9.2
519.797	8.84
519.994	9.26
520.191	9.49
520.388	9.59
520.585	9.38
520.782	9.3
520.978	8.99
521.175	9.39
521.372	9.62
521.569	9.68
521.766	9.16
521.963	9.34
522.159	9.64
522.356	9.73
522.553	9.94
522.75	9.78
522.947	9.61
523.143	9.76
523.34	10.05
523.537	9.92
523.733	9.75
523.93	9.79
524.127	9.86
524.323	9.82
524.52	9.93
524.717	9.77
524.913	10.18
525.11	9.92
525.306	10.48
525.503	10.35
525.7	10.37
525.896	10.07
526.093	10.36
526.289	10.7
526.486	10.15
526.682	9.88
526.878	10.45
527.075	10.53
527.271	10.28
527.468	10.66
527.664	10.48
527.861	10.34
528.057	10.72
528.253	10.13
528.45	10.26
528.646	10.29
528.842	10.56
529.039	10.32
529.235	11.07
529.431	10.62
529.627	10.7
529.824	10.59
530.02	10.66
530.216	10.85
530.412	11.15
530.608	10.73
530.804	10.67
531.001	10.75
531.197	10.78
531.393	10.59
531.589	10.7
531.785	10.88
531.981	10.95
532.177	11.04
532.373	10.9
532.569	10.75
532.765	10.95
532.961	10.7
533.157	10.52
533.353	10.65
533.549	10.95
533.745	11.1
533.941	10.66
534.137	11.09
534.333	10.79
534.529	11.1
534.725	10.66
534.92	11
535.116	11.17
535.312	11.17
535.508	11.4
535.704	11
535.899	11.35
536.095	11
536.291	11.47
536.487	10.47
536.682	11.41
536.878	11.29
537.074	10.94
537.269	11.1
537.465	11.36
537.661	11.28
537.856	11.5
538.052	10.95
538.248	10.82
538.443	11.52
538.639	11.15
538.834	11.26
539.03	11.26
539.225	11.38
539.421	11.16
539.616	11.55
539.812	11.34
540.007	11.36
540.203	11.57
540.398	11.35
540.593	11.48
540.789	11.35
540.984	11.72
541.18	11.57
541.375	11.43
541.57	11.93
541.766	11.4
541.961	12.06
542.156	11.69
542.352	11.71
542.547	11.12
542.742	11.7
542.937	11.78
543.133	11.97
543.328	11.53
543.523	11.88
543.718	11.88
543.913	11.55
544.108	11.45
544.304	11.41
544.499	12
544.694	11.63
544.889	12.02
545.084	11.91
545.279	11.96
545.474	11.86
545.669	11.84
545.864	12
546.059	11.77
546.254	11.67
546.449	12
546.644	11.72
546.839	11.97
547.034	11.65
547.229	12.21
547.424	11.89
547.618	11.99
547.813	12.32
548.008	11.68
548.203	12.36
548.398	11.86
548.593	12.2
548.787	12.21
548.982	12.15
549.177	12.13
549.372	12.17
549.566	12.4
549.761	12.22
549.956	11.8
550.15	12
550.345	12.56
550.54	12.59
550.734	12.38
550.929	12.18
551.124	12.47
551.318	11.95
551.513	11.94
551.707	12.64
551.902	12.08
552.096	12.32
552.291	12.52
552.485	12.26
552.68	12.47
552.874	12.39
553.069	12.21
553.263	12.88
553.458	13.06
553.652	12.74
553.847	12.49
554.041	12.58
554.235	12.14
554.43	12.18
554.624	12.73
554.818	12.7
555.013	12.75
555.207	12.94
555.401	13.07
555.595	12.7
555.79	12.56
555.984	12.7
556.178	12.54
556.372	13.05
556.566	12.98
556.761	12.52
556.955	12.59
557.149	12.94
557.343	12.88
557.537	12.81
557.731	12.73
557.925	12.55
558.119	12.94
558.313	12.62
558.507	13.14
558.701	12.82
558.895	12.91
559.089	13.09
559.283	12.88
559.477	13.28
559.671	13.02
559.865	13.03
560.059	12.7
560.253	13.11
560.447	12.88
560.641	12.8
560.835	13.42
561.028	13.28
561.222	13.38
561.416	12.65
561.61	12.84
561.804	13
561.997	13.16
562.191	13.06
562.385	13.09
562.579	12.96
562.772	13.48
562.966	13.25
563.16	12.9
563.353	13.43
563.547	13.19
563.741	13.29
563.934	13.27
564.128	12.93
564.321	13.78
564.515	13.21
564.708	13.12
564.902	13.17
565.095	12.98
565.289	13.24
565.482	13.26
565.676	13.28
565.869	13.45
566.063	13.32
566.256	13
566.45	13.05
566.643	13.16
566.836	13.31
567.03	13.38
567.223	13.51
567.416	13.57
567.61	13.31
567.803	13.43
567.996	13.51
568.19	13.02
568.383	13.35
568.576	13.64
568.769	13.29
568.963	12.96
569.156	13.44
569.349	13.08
569.542	13.57
569.735	13.6
569.928	13.3
570.121	13.36
570.315	12.93
570.508	13.19
570.701	13.51
570.894	13.52
571.087	13.59
571.28	13.84
571.473	13.66
571.666	13.06
571.859	13.06
572.052	13.33
572.245	13.42
572.438	13.62
572.631	13.55
572.824	13.4
573.016	13.58
573.209	13.21
573.402	13.46
573.595	13.63
573.788	13.36
573.981	13.57
574.173	13.41
574.366	13.34
574.559	13.46
574.752	13.55
574.944	13.59
575.137	13.39
575.33	13.29
575.523	13.69
575.715	13.22
575.908	13.15
576.101	13.02
576.293	13.41
576.486	13.13
576.678	13.41
576.871	13.24
577.063	13.25
577.256	13.29
577.449	13.46
577.641	13.45
577.834	13.8
578.026	13.31
578.219	13.41
578.411	13.7
578.603	13.84
578.796	13.3
578.988	13.29
579.181	13.31
579.373	13.12
579.565	13.57
579.758	13.33
579.95	13.4
580.142	12.74
580.335	13.18
580.527	13.5
580.719	13.45
580.912	13.3
581.104	13.36
581.296	13.8
581.488	13.74
581.68	13.52
581.873	13.28
582.065	13.5
582.257	13.65
582.449	13.15
582.641	13.5
582.833	13.65
583.025	13.33
583.217	13.49
583.41	13.63
583.602	13.88
583.794	13.6
583.986	13.2
584.178	13.22
584.37	13.53
584.562	13.28
584.753	13.5
584.945	13.6
585.137	13.51
585.329	13.27
585.521	14.1
585.713	13.73
585.905	14.1
586.097	13.48
586.289	13.32
586.48	14.01
586.672	13.62
586.864	13.57
587.056	13.51
587.247	13.01
587.439	13.54
587.631	13.63
587.823	13.59
588.014	13.68
588.206	13.52
588.398	13.76
588.589	14.07
588.781	13.81
588.972	14.01
589.164	13.76
589.356	13.91
589.547	13.41
589.739	13.41
589.93	13.79
590.122	13.93
590.313	13.66
590.505	13.46
590.696	13.46
590.888	13.96
591.079	14
591.271	13.95
591.462	13.93
591.653	14.05
591.845	13.79
592.036	13.63
592.227	14.03
592.419	14.02
592.61	13.76
592.801	13.98
592.993	13.7
593.184	14.26
593.375	13.41
593.566	14.55
593.758	13.76
593.949	13.98
594.14	13.93
594.331	14.12
594.522	14.11
594.713	14.04
594.905	13.92
595.096	14.08
595.287	14.52
595.478	14.14
595.669	14.27
595.86	14.17
596.051	14.38
596.242	13.93
596.433	14.23
596.624	14.43
596.815	14.4
597.006	14.32
597.197	14.63
597.388	14.16
597.579	14.27
597.77	14.21
597.96	13.98
598.151	14.37
598.342	14.28
598.533	14.7
598.724	14.96
598.915	14.73
599.105	14.12
599.296	14.72
599.487	13.92
599.678	14.69
599.868	14.39
600.059	14.3
600.25	14.41
600.44	14.37
600.631	15.34
600.822	14.63
601.012	14.9
601.203	14.81
601.394	14.45
601.584	15
601.775	14.62
601.965	14.86
602.156	14.98
602.346	14.75
602.537	14.66
602.727	15.29
602.918	14.96
603.108	14.71
603.299	14.79
603.489	15.04
603.679	14.65
603.87	15.77
604.06	15.22
604.251	14.83
604.441	15.31
604.631	15.3
604.822	15.13
605.012	14.67
605.202	14.54
605.392	14.22
605.583	14.72
605.773	15.17
605.963	15.26
606.153	14.85
606.344	14.74
606.534	14.89
606.724	15.9
606.914	15.19
607.104	15.18
607.294	15.3
607.484	15.32
607.674	14.88
607.864	15.3
608.054	15.26
608.245	14.57
608.435	15.57
608.625	14.87
608.814	15.21
609.004	14.9
609.194	15.33
609.384	15.36
609.574	14.97
609.764	15.2
609.954	14.71
610.144	14.91
610.334	15.59
610.524	15.62
610.713	15.44
610.903	15.17
611.093	15.61
611.283	15.58
611.473	14.65
611.662	15.53
611.852	15.67
612.042	14.37
612.231	14.09
612.421	14.97
612.611	15.48
612.8	15.46
612.99	15.74
613.18	14.94
613.369	14.67
613.559	14.82
613.748	15.9
613.938	15.33
614.128	15.16
614.317	15.24
614.507	15.54
614.696	15.82
614.886	15.21
615.075	15.12
615.264	14.98
615.454	15.77
615.643	15.43
615.833	15.1
616.022	14.8
616.211	15.58
616.401	14.66
616.59	15.41
616.779	15.59
616.969	14.46
617.158	15.51
617.347	14.8
617.537	15.87
617.726	15.75
617.915	14.61
618.104	14.74
618.293	15.13
618.483	15.07
618.672	16.07
618.861	15.68
619.05	15.63
619.239	15.33
619.428	14.96
619.617	15.27
619.806	15.49
619.995	14.83
620.184	14.75
620.373	14.75
620.562	15.95
620.751	15.33
620.94	15.19
621.129	15.2
621.318	15.18
621.507	15.73
621.696	15.31
621.885	15.08
622.074	15.74
622.263	15.49
622.452	16.02
622.64	15.4
622.829	15.57
623.018	15.69
623.207	15.24
623.396	15.59
623.584	15.18
623.773	15.91
623.962	15.27
624.15	15.73
624.339	15.58
624.528	15.78
624.716	15.15
624.905	15.51
625.094	15.93
625.282	14.99
625.471	15.47
625.659	15.38
625.848	14.77
626.037	15.23
626.225	16.29
626.414	15.74
626.602	15.11
626.791	15.65
626.979	16.1
627.167	14.45
627.356	16.12
627.544	16.34
627.733	16
627.921	15.95
628.109	16.62
628.298	15.9
628.486	16.02
628.674	16.22
628.863	16.12
629.051	15.78
629.239	17.01
629.428	16.15
629.616	16.65
629.804	16.58
629.992	15.85
630.18	15.54
630.369	16.23
630.557	16.03
630.745	15.87
630.933	16.64
631.121	16.63
631.309	15.54
631.497	16.17
631.685	15.37
631.873	15.75
632.061	15.83
632.249	16.48
632.437	16.94
632.625	16.02
632.813	15.53
633.001	16.67
633.189	16.33
633.377	16.46
633.565	15.37
633.753	16.56
633.941	15.61
634.129	16.6
634.316	16.58
634.504	16.19
634.692	16.98
634.88	15.81
635.068	15.7
635.255	16.49
635.443	16.21
635.631	15.99
635.818	16.46
636.006	16.27
636.194	16.09
636.382	15.93
636.569	16.65
636.757	16.45
636.944	17.34
637.132	17.18
637.32	16.32
637.507	16.22
637.695	15.64
637.882	16.8
638.07	16.26
638.257	16.72
638.445	16.57
638.632	16.28
638.82	15.69
639.007	15.51
639.194	15.54
639.382	15.91
639.569	15.19
639.757	16.58
639.944	15.63
640.131	15.89
640.319	16.12
640.506	14.6
640.693	16.22
640.88	16.03
641.068	15.74
641.255	15.7
641.442	15.25
641.629	15.03
641.817	16.13
642.004	14.77
642.191	15.73
642.378	15.59
642.565	15.5
642.752	15.72
642.939	14.58
643.126	15
643.313	15.65
643.501	15.18
643.688	15.58
643.875	14.4
644.062	14.55
644.249	15.39
644.435	13.95
644.622	15.05
644.809	14.86
644.996	15.17
645.183	15.32
645.37	15.36
645.557	15.18
645.744	14.74
645.931	14.17
646.117	13.91
646.304	14.7
646.491	14.78
646.678	14.61
646.865	14
647.051	14.45
647.238	14.39
647.425	14.77
647.611	13.41
647.798	13.85
647.985	14.19
648.171	14.18
648.358	14.38
648.545	14.64
648.731	12.56
648.918	14.07
649.104	13.08
649.291	14.42
649.477	14.24
649.664	14.28
649.85	14.52
650.037	15.33
650.223	14.87
650.41	15.51
650.596	13.28
650.783	14.45
650.969	13.69
651.155	14.5
651.342	13.25
651.528	13.7
651.714	13.77
651.901	14.89
652.087	14.03
652.273	12.96
652.46	14.14
652.646	13.54
652.832	15
653.018	13.25
653.204	14.76
653.391	14.19
653.577	13.75
653.763	12.86
653.949	14.93
654.135	14.93
654.321	13.54
654.507	14.99
654.693	13.34
654.879	14.64
655.065	12.83
655.252	11.62
655.438	13.3
655.624	14.24
655.809	12.65
655.995	12.38
656.181	14.7
656.367	13.63
656.553	13.76
656.739	14.69
656.925	14.28
657.111	14.41
657.297	14.54
657.482	13.93
657.668	14.48
657.854	14.05
658.04	12.83
658.226	12.81
658.411	12.1
658.597	13.16
658.783	13.8
658.968	15.36
659.154	12.9
659.34	13.96
659.525	13.43
659.711	13.89
659.897	14.28
660.082	13.29
660.268	13.1
660.453	13.24
660.639	14.37
660.824	12.48
661.01	12.55
661.195	13.3
661.381	13.46
661.566	13.08
661.752	13.97
661.937	12.07
662.123	11.25
662.308	12.28
662.494	12.88
662.679	11.73
662.864	13.79
663.05	11.88
663.235	13.46
663.42	13.47
663.605	12.27
663.791	13.03
663.976	11.79
664.161	13.42
664.346	12.34
664.532	11.4
664.717	12.29
664.902	11.17
665.087	13.26
665.272	13.04
665.457	12.76
665.642	13.08
665.828	12.09
666.013	12.37
666.198	10.57
666.383	12.65
666.568	11.47
666.753	12.26
666.938	12.14
667.123	14.24
667.308	11.26
667.493	12.63
667.677	12.43
667.862	10.68
668.047	11.21
668.232	11.7
668.417	12.25
668.602	11.69
668.787	14.02
668.971	12.56
669.156	12.91
669.341	12.26
669.526	12.43
669.711	12.96
669.895	12.68
670.08	11.05
670.265	12.29
670.449	12.57
670.634	11.11
670.819	11.57
671.003	12.46
671.188	12.55
671.372	10.96
671.557	13.59
671.742	15.63
671.926	12.38
672.111	13.45
672.295	12.45
672.48	12.48
672.664	10.09
672.849	12.31
673.033	12.12
673.217	13.7
673.402	12.34
673.586	10.25
673.771	12.53
673.955	16.05
674.139	15.19
674.324	14.89
674.508	14.89
674.692	11.23
674.876	14.04
675.061	15.27
675.245	15.08
675.429	12.33
675.613	13.77
675.798	14.6
675.982	13.99
676.166	12.81
676.35	16.72
676.534	16.14
676.718	15.67
676.902	16.71
677.087	10.29
677.271	14.6
677.455	17.27
677.639	11.08
677.823	17.36
678.007	18.64
678.191	16.63
678.375	15.53
678.559	16.55
678.742	16.01
678.926	16.8
679.11	19.64
679.294	17.94
679.478	17.41
679.662	15.29
679.846	20.01
680.029	20.02
680.213	16.87
680.397	18.16
680.581	17.03
680.765	19.11
680.948	20.27
681.132	20.64
681.316	16.94
681.499	20.16
681.683	19.18
681.867	19.03
682.05	23.01
682.234	18.76
682.417	21.22
682.601	23.48
682.785	22.49
682.968	22.4
683.152	23.38
683.335	19.25
683.519	21.36
683.702	19.96
683.886	23.82
684.069	22.08
684.253	23.4
684.436	23.45
684.619	22.1
684.803	22.86
684.986	19.6
685.169	23.07
685.353	23.64
685.536	22.17
685.719	20.98
685.903	23.38
686.086	19.25
686.269	29.93
686.452	25.01
686.636	27.43
686.819	26.69
687.002	28.11
687.185	24.21
687.368	24.43
687.551	24.33
687.734	28.35
687.918	28.35
688.101	23.87
688.284	29.85
688.467	30.16
688.65	25.14
688.833	27.17
689.016	25.41
689.199	24.56
689.382	26.41
689.565	28.47
689.748	25.44
689.93	26.56
690.113	26.74
690.296	25.48
690.479	29.13
690.662	30.38
690.845	24.51
691.028	24.75
691.21	29.84
691.393	27.14
691.576	31.08
691.759	27.48
691.941	33.97
692.124	31.11
692.307	30.7
692.489	29.52
692.672	29.74
692.855	32.48
693.037	31.68
693.22	34.92
693.403	27.31
693.585	32.23
693.768	31.82
693.95	30.16
694.133	36.08
694.315	33.57
694.498	32.61
694.68	29.38
694.863	39.14
695.045	33.32
695.228	33.04
695.41	35.35
695.592	37.18
695.775	34.34
695.957	34.54
696.139	32.75
696.322	34.39
696.504	38.64
696.686	32.92
696.869	35.23
697.051	36.99
697.233	43.35
697.415	35.27
697.597	32.01
697.78	34.48
697.962	40.51
698.144	37.64
698.326	35.99
698.508	35.05
698.69	35.31
698.872	35.01
699.055	41.39
699.237	39.33
699.419	35.47
699.601	35.36
699.783	42.54
699.965	35.32
700.147	39.12
700.329	37.37
700.51	40.97
700.692	35.83
700.874	39.34
701.056	47.93
701.238	34.96
701.42	39.66
701.602	42.16
701.783	45.92
701.965	39.94
702.147	39.61
702.329	41.26
702.511	36.86
702.692	45.72
702.874	34.17
703.056	40.91
703.237	42.39
703.419	48.05
703.601	44.22
703.782	40.99
703.964	44.92
704.146	42.33
704.327	45.16
704.509	40.49
704.69	37.89
704.872	41.41
705.053	39.58
705.235	48.3
705.416	39.9
705.598	47.16
705.779	38.44
705.961	41.62
706.142	36.73
706.323	37.11
706.505	45.79
706.686	39.45
706.867	41.26
707.049	45.49
707.23	41.06
707.411	49.31
707.593	44.28
707.774	40.79
707.955	37.86
708.136	38.07
708.318	46.38
708.499	39.21
708.68	47.39
708.861	44.08
709.042	38.31
709.223	38.95
709.404	48.82
709.585	45.19
709.767	49.3
709.948	45.11
710.129	42.22
710.31	30.64
710.491	38.35
710.672	46.92
710.853	41.68
711.034	44.38
711.214	40.02
711.395	44.42
711.576	38.88
711.757	46.34
711.938	44.08
712.119	47.4
712.3	48.05
712.481	43.49
712.661	46.51
712.842	37.35
713.023	47.66
713.204	52.55
713.384	37.01
713.565	46.1
713.746	49.41
713.926	32.77
714.107	48.2
714.288	45.35
714.468	58.77
714.649	47.36
714.83	37.27
715.01	57.01
715.191	54.17
715.371	55.01
715.552	43.64
715.732	49.16
715.913	47.17
716.093	49.89
716.274	55.34
716.454	41.97
716.635	54.42
716.815	45.11
716.995	38.82
717.176	52.06
717.356	59.46
717.536	51.72
717.717	41.2
717.897	47.2
718.077	37.91
718.258	45.78
718.438	56.59
718.618	51.21
718.798	46.46
718.978	55.31
719.159	48.55
719.339	59.16
719.519	40.51
719.699	61.85
719.879	53.4
720.059	34.98
720.239	35.14
720.419	52.57
720.599	54.28
720.779	58.82
720.959	48.5
721.139	35.39
721.319	53.05
721.499	53.06
721.679	34.01
721.859	47.21
722.039	38.3
722.219	38.52
722.399	43.42
722.579	59.49
722.759	43.73
722.938	39.49
723.118	56.9
723.298	50.47
723.478	52.95
723.658	59.19
723.837	51.99
724.017	30.13
724.197	35.49
724.376	61.44
724.556	35.54
724.736	56.81
724.915	46.07
725.095	68.23
725.275	66.37
725.454	53.39
725.634	64.2
725.813	54.57
725.993	30.02
726.172	56.1
726.352	40.41
726.531	53.58
726.711	54.16
726.89	34.35
727.07	55.1
727.249	59.57
727.428	59.2
727.608	45.31
727.787	50.97
727.966	49.02
728.146	56.33
728.325	64.11
728.504	54.99
728.684	43.97
728.863	65.86
729.042	39.65
729.221	26.98
729.4	54.97
729.58	55.86
729.759	45.74
729.938	64.09
730.117	61.02
730.296	46.52
730.475	43.32
730.654	52.91
730.833	59.01
731.013	66.85
731.192	32.68
731.371	68.22
731.55	42.82
731.729	29.29
731.907	60.44
732.086	39.81
732.265	41.67
732.444	57.56
732.623	67.8
732.802	51.04
732.981	41.17
733.16	41.89
733.339	38.69
733.517	57.08
733.696	45.08
733.875	72.25
734.054	46.8
734.232	50.19
734.411	69.31
734.59	35.76
734.768	49.62
734.947	53.87
735.126	43.88
735.304	34.81
735.483	40.74
735.662	49.81
735.84	61.61
736.019	42.83
736.197	45.47
736.376	59.42
736.554	77.42
736.733	53.08
736.911	57.47
737.09	48.78
737.268	51.94
737.447	54.33
737.625	60.44
737.803	62.51
737.982	92.69
738.16	61.69
738.338	53.67
738.517	54.78
738.695	54.01
738.873	70.39
739.052	57.56
739.23	29.6
739.408	45.43
739.586	39.73
739.764	44.76
739.943	53.23
740.121	52.59
740.299	41.37
740.477	48.31
740.655	57.85
740.833	58.11
741.011	64.88
741.189	73.29
741.367	58.76
741.545	24.38
741.723	42.95
741.901	33.74
742.079	47.1
742.257	79.77
742.435	36.05
742.613	71.26
742.791	56.2
742.969	70.64
743.147	46.21
743.325	77.91
743.503	54.53
743.68	59.61
743.858	58.67
744.036	28.99
744.214	21.96
744.391	17.69
744.569	26.16
744.747	49.42
744.925	70.62
745.102	62.72
745.28	46.67
745.458	72.01
745.635	47.21
745.813	79.55
745.99	63.13
746.168	41.28
746.345	91.52
746.523	40.05
746.7	43.28
746.878	63.49
747.055	29.62
747.233	56.84
747.41	72.18
747.588	71.54
747.765	37.75
747.943	51.85
748.12	52.43
748.297	51.51
748.475	48.31
748.652	57.93
748.829	64.76
749.007	45.68
749.184	46.86
749.361	63.25
749.538	62.51
749.716	59.09
749.893	84.46
750.07	46.13
750.247	65.77
750.424	55.98
750.601	107.86
750.778	35.56
750.956	58.66
751.133	34.96
751.31	22.51
751.487	26.41
751.664	44.6
751.841	49.17
752.018	49.98
752.195	79.71
752.372	48.07
752.549	71.82
752.726	44.06
752.902	90.39
753.079	58.08
753.256	101.7
753.433	54.78
753.61	56.54
753.787	93.41
753.964	77.37
754.14	44.99
754.317	76.29
754.494	13.54
754.671	54.25
754.847	56.49
755.024	55.45
755.201	60.33
755.377	35.82
755.554	46.85
755.73	76.85
755.907	69.74
756.084	55.79
756.26	30.38
756.437	49.18
756.613	37.31
756.79	45.63
756.966	19.44
757.143	65.46
757.319	36.85
757.496	76.86
757.672	45.48
757.849	80.94
758.025	39.13
758.201	91.89
758.378	46.23
758.554	16.52
758.73	35.51
758.907	54.31
759.083	45.67
759.259	65.62
759.435	51.34
759.612	64.8
759.788	77.54
759.964	77.43
760.14	94.05
760.316	14.12
760.493	49.97
760.669	87.22
760.845	81.68
761.021	64.92
761.197	39.32
761.373	65.14
761.549	60
761.725	17.16
761.901	32.8
762.077	44.99
762.253	24.71
762.429	51.34
762.605	8.23
762.781	29.82
762.957	23.25
763.133	62.68
763.308	54.02
763.484	37.28
763.66	106.88
763.836	67.48
764.012	-2.21
764.187	-7.91
764.363	71.49
764.539	6.78
764.715	17.42
764.89	3.74
765.066	-57.23
765.242	17.81
765.417	53.8
765.593	10.73
765.769	33.65
765.944	24.87
766.12	99.21
766.295	37.4
766.471	16.36
766.646	45.35
766.822	76.74
766.997	22
767.173	122.51
767.348	40.15
767.524	4.49
767.699	64.82
767.875	35.31
768.05	12.27
768.225	81.19
768.401	14.84
768.576	24.25
768.751	57.56
768.927	9.47
769.102	89.08
769.277	33.17
769.452	8.77
769.628	19.12
769.803	117.66
769.978	-15.4
770.153	-30.95
770.328	93.77
770.503	47.72
770.679	172.55
770.854	63.82
771.029	34.76
771.204	260.26
771.379	25.79
771.554	104.04
771.729	37.17
771.904	-19.86
772.079	29.09
772.254	53.08
772.429	58.32
772.604	7.62
772.779	66.72
772.953	-25.15
773.128	24.84
773.303	-2.79
773.478	39.63
773.653	67.02
773.828	83.73
774.002	41.69
774.177	9.17
774.352	195.65
774.527	-38.75
774.701	38.75
774.876	107.47
775.051	-59.36
775.225	161
775.4	23.18
775.575	75.31
775.749	-34.21
775.924	104.46
776.098	24.67
776.273	-10.73
776.447	55.3
776.622	41.06
776.796	-14.62
776.971	-36.25
777.145	57.13
777.32	42.41
777.494	109.12
777.669	49.95
777.843	-0.98
778.017	3.39
778.192	3.41
778.366	41.68
778.54	18.67
778.715	172.89
778.889	37.97
779.063	27.07
779.237	30.71
779.412	-1.91
779.586	-101.99
779.76	-40.96
779.934	-1.7
780.108	87.68
780.282	-129.85
780.457	63.23
780.631	-98.83
780.805	-38.16
780.979	-362.69
781.153	149.62
781.327	75.7
781.501	30.82
781.675	90.09
781.849	17.13
782.023	130.21
782.197	44.53
782.371	169.71
782.545	-23.93
782.718	32.86
782.892	136.85
783.066	59.09
783.24	18.22
783.414	9.88
783.588	28.95
783.761	-3.28
783.935	48.52
784.109	92.27
784.283	-378.26
784.456	44.08
784.63	97.36
784.804	55.69
784.977	25.11
785.151	3.93
785.324	74.46
785.498	83.18
785.672	11.37
785.845	52.19
786.019	-52.61
786.192	-89.4
786.366	28.36
786.539	60
786.713	-23.71
786.886	-2.6
787.06	42.6
787.233	34.85
787.406	64.78
787.58	64.82
787.753	42.65
787.926	-43.49
788.1	-16.56
788.273	-945.28
788.446	38.75
788.62	106.45
788.793	-75.15
788.966	161.44
789.139	-10.99
789.313	-98.91
789.486	-2100
789.659	142.29
789.832	25.46
790.005	24.35
790.178	735.4
790.351	47.71
790.524	210.51
790.697	-20.91
790.87	324.37
791.044	256.36
791.216	127.88
791.389	-14.44
791.562	143.57
791.735	-292.41
791.908	564.94
792.081	-8.65
792.254	-359.34
792.427	148.33
792.6	191.55
792.773	19.08
792.945	-398.51
793.118	-75.19
793.291	-253.85
793.464	-113.62
793.637	160.12
793.809	-35.81
793.982	115.65
794.155	79.03
794.327	-3.61
794.5	-87.69
794.673	91.09
794.845	38.52
795.018	263.45
795.19	151.69
795.363	73.1
795.536	116.41
795.708	-1635.48
795.881	1260
796.053	60
796.226	526.29
796.398	74.81
796.57	69.33
796.743	198.54
796.915	35.53
797.088	129.96
797.26	35.43
797.432	618.99
797.605	113.9
797.777	-1024.68
797.949	54.44
798.122	35.67
798.294	208.52
798.466	101.14
798.638	40.44
798.81	114.08
798.983	664.56
799.155	50.78
799.327	-26.75
799.499	44.52
799.671	-64.66
799.843	46.38
800.015	220.62
800.187	86.3
800.359	60.53
800.531	38.44
800.703	-18.97
800.875	115.74
801.047	46.2
801.219	193.52
801.391	331.17
801.563	-330.22
801.735	120.2
801.907	366.26
802.079	178.86
802.251	326.37
802.422	233.86
802.594	-354.55
802.766	126.35
802.938	133.18
803.11	280.41
803.281	-9.93
803.453	48.54
803.625	5.49
803.796	10.09
803.968	18.9
804.14	72.63
804.311	27.65
804.483	190.17
804.654	72.32
804.826	130.72
804.998	-85.03
805.169	-154.05
805.341	357.6
805.512	31.68
805.684	60.99
805.855	183.3
806.026	-143.08
806.198	167.48
806.369	80.19
806.541	53.29
806.712	55.28
806.883	71.12
807.055	71.21
807.226	154.34
807.397	-29.67
807.569	310.62
807.74	45.66
807.911	20.82
808.082	-168.16
808.253	-365.35
808.425	20.07
808.596	-158.43
808.767	-36.69
808.938	32.46
809.109	98.02
809.28	-41.23
809.451	43.63
809.622	62.57
809.793	-1248.39
809.964	164.35
810.135	-70.17
810.306	112.72
810.477	751.01
810.648	-5.05
810.819	100.38
810.99	-9540
811.161	18.96
811.332	-4.86
811.503	82.18
811.674	410.77
811.844	-512.31
812.015	24.54
812.186	160.12
812.357	6.44
812.527	22.15
812.698	17.65
812.869	96.23
813.04	34.85
813.21	1665.52
813.381	10.51
813.551	56.62
813.722	46.95
813.893	16.33
814.063	46.9
814.234	714.55
814.404	1.94
814.575	-1.02
814.745	-135.4
814.916	112.96
815.086	118.11
815.257	14.8
815.427	-16.56
815.598	35.36
815.768	73.87
815.938	31.26
816.109	159.11
816.279	15.49
816.449	42.6
816.62	805.26
816.79	79.56
816.96	413.21
817.13	17.72
817.301	-95.94
817.471	-70.91
817.641	138.04
817.811	361.31
817.981	-3985.71
818.152	21.33
818.322	-234.65
818.492	-14.87
818.662	54.06
818.832	28.56
819.002	50.98
819.172	1.07
819.342	29.48
819.512	46.64
819.682	102.22
819.852	7.41
820.022	111.09
820.192	3.37
820.362	-32.59
820.531	-12.7
820.701	6.12
820.871	-127.12
821.041	-52.94
821.211	-40.88
821.381	39.65
821.55	157.02
821.72	-927.91
821.89	96.92
822.059	57.53
822.229	-42.6
822.399	154.71
822.568	93.1
822.738	943.9
822.908	241.1
823.077	12.18
823.247	52.41
823.416	723.53
823.586	-1.6
823.756	60
823.925	694.94
824.095	327.91
824.264	-114.35
824.433	406.19
824.603	93.5
824.772	100.54
824.942	-915.19
825.111	-49.75
825.28	113.66
825.45	91.3
825.619	344.72
825.788	-50.56
825.958	-37.28
826.127	14.11
826.296	-71.34
826.465	116.47
826.635	-0.91
826.804	-79.29
826.973	176.01
827.142	44.68
827.311	26.17
827.48	115.58
827.649	74.29
827.818	-77.95
827.988	127.2
828.157	179.62
828.326	-59.68
828.495	41.64
828.664	10.51
828.833	-73.14
829.002	-445.34
829.17	74.5
829.339	34.67
829.508	32.79
829.677	-37.08
829.846	21.97
830.015	-61.69
830.184	62.53
830.352	-32.25
830.521	-53.96
830.69	95.12
830.859	794.12
831.027	-1089.47
831.196	45.72
831.365	-6.83
831.533	6.28
831.702	-44.94
831.871	33.98
832.039	-18.37
832.208	70.43
832.377	54.33
832.545	99.49
832.714	64.39
832.882	-24.32
833.051	130.26
833.219	11785.71
833.388	90.33
833.556	-14.87
833.724	87.99
833.893	-24.65
834.061	1626.32
834.23	31.53
834.398	-93.82
834.566	-292.21
834.735	-3985.71
834.903	662.26
835.071	8700
835.239	16.72
835.408	52.86
835.576	-425.58
835.744	94.2
835.912	75.16
836.08	93.52
836.249	-515.09
836.417	441.18
836.585	96.98
836.753	41.69
836.921	267.57
837.089	814.29
837.257	-313.95
837.425	49.79
837.593	-89.03
837.761	-40.05
837.929	-43.97
838.097	-11.45
838.265	23.08
838.433	28.52
838.601	67.64
838.769	284.81
838.936	556.18
839.104	5.72
839.272	52.67
839.44	10.73
839.608	-724.39
839.775	33.84
839.943	155.13
840.111	46.54
840.279	160.41
840.446	532.84
840.614	-276.62
840.781	-65.22
840.949	34.13
841.117	28.51
841.284	-261.37
841.452	-95.03
841.619	36.04
841.787	176.01
841.954	76.74
842.122	1.73
842.289	75.64
842.457	-128.33
842.624	97.72
842.792	-6.57
842.959	217.71
843.126	-85.35
843.294	-82.98
843.461	-8.16
843.629	760.8
843.796	-0.65
843.963	29.18
844.13	185.07
844.298	123.94
844.465	93.59
844.632	314.91
844.799	28.64
844.966	24.26
845.134	64.31
845.301	53.17
845.468	-105.3
845.635	15.9
845.802	-139.15
845.969	14.58
846.136	25.85
846.303	-268.42
846.47	-38.75
846.637	189.23
846.804	47.37
846.971	-77.7
847.138	156.37
847.305	66.37
847.472	135.87
847.639	44.26
847.805	179.05
847.972	393.51
848.139	37.34
848.306	-205.26
848.473	31.34
848.639	3.53
848.806	280.8
848.973	70.55
849.14	144.79
849.306	-92.83
849.473	-168.87
849.64	-549.23
849.806	-119.14
849.973	215.68
850.139	5.96
850.306	98.73
850.472	-23.25
850.639	79.67
850.806	-1784.21
850.972	571.3
851.139	-6042.86
851.305	143.86
851.471	77.94
851.638	86.5
851.804	-129.85
851.971	-56.54
852.137	71.98
852.303	157.02
852.47	7.13
852.636	87.56
852.802	-77.95
852.968	151.91
853.135	147.72
853.301	390.17
853.467	134.75
853.633	115.38
853.8	64.67
853.966	111.17
854.132	-4157.14
854.298	-339.42
854.464	-144.94
854.63	132.61
854.796	238.98
854.962	-19.42
855.128	129.42
855.294	-71.13
855.46	-73.02
855.626	-75.19
855.792	-107.72
855.958	66.99
856.124	-53.37
856.29	125.17
856.456	-19.44
856.622	111.06
856.787	923.38
856.953	27.21
857.119	715.84
857.285	123.7
857.45	-90.11
857.616	74.81
857.782	29.92
857.948	111.91
858.113	-11.26
858.279	306.09
858.445	111.02
858.61	690.7
858.776	52.23
858.941	-44.55
859.107	7.35
859.273	175.76
859.438	-27.68
859.604	-1089.47
859.769	-21.26
859.935	228.71
860.1	94.18
860.265	48.12
860.431	41.01
860.596	3900
860.762	34.11
860.927	147.03
861.092	-22.79
861.258	-94.33
861.423	110.04
861.588	79.65
861.753	4928.57
861.919	-718.87
862.084	-172.44
862.249	226.78
862.414	87.03
862.579	1.52
862.745	124.33
862.91	242.44
863.075	85.02
863.24	123.18
863.405	22.61
863.57	2.93
863.735	146.81
863.9	119.47
864.065	62.2
864.23	18.21
864.395	124.91
864.56	180.36
864.725	117.72
864.89	246.07
865.055	139.41
865.22	-72.7
865.384	205.62
865.549	-96.12
865.714	-14.75
865.879	83.61
866.044	-58.03
866.208	52.85
866.373	-240.66
866.538	89.23
866.702	56.07
866.867	89.1
867.032	9.18
867.196	93.46
867.361	232.8
867.526	-55.36
867.69	129.04
867.855	-82.42
868.019	692.73
868.184	-28.7
868.348	123.89
868.513	-1751.61
868.677	164.59
868.842	-145.23
869.006	-2.55
869.17	-379.25
869.335	270.73
869.499	183.5
869.663	403.31
869.828	81.38
869.992	-34.88
870.156	84.11
870.321	14.96
870.485	9.98
870.649	116.36
870.813	-271.22
870.978	90.64
871.142	-807.69
871.306	-81.04
871.47	440.15
871.634	385.04
871.798	143.48
871.962	119.59
872.126	-4671.43
872.29	21.07
872.454	-4842.86
872.618	162.2
872.782	174.63
872.946	42.28
873.11	64.82
873.274	182.08
873.438	582.35
873.602	27.7
873.766	128.57
873.93	17.26
874.094	367.42
874.257	64.46
874.421	216.76
874.585	561.82
874.749	-16.06
874.912	-338.85
875.076	166
875.24	-42.3
875.403	218.09
875.567	176.57
875.731	515.73
875.894	108.98
876.058	116.27
876.222	-198.88
876.385	245.73
876.549	74.88
876.712	-507.27
876.876	-156.68
877.039	-15.06
877.203	21.78
877.366	-26.85
877.529	-30.74
877.693	57.11
877.856	224.38
878.02	-59.75
878.183	-110.03
878.346	-11.69
878.51	151.33
878.673	-123.02
878.836	-44.48
878.999	-1790.32
879.163	16.16
879.326	32.99
879.489	61.31
879.652	80.56
879.815	120.61
879.978	-140.82
880.142	283.89
880.305	-57.76
880.468	88.92
880.631	153.58
880.794	24.08
880.957	182.93
881.12	-123.53
881.283	-1.35
881.446	56.49
881.609	196.4
881.772	42.02
881.935	1500
882.097	250.9
882.26	118.87
882.423	-140.2
882.586	122.88
882.749	153.06
882.912	-68.1
883.074	133.39
883.237	83.95
883.4	70.82
883.562	102.85
883.725	-199.2
883.888	44.88
884.05	-1380
884.213	-45.41
884.376	-27.44
884.538	63.29
884.701	63.29
884.863	63.29
