181.954	233.6
182.172	233.6
182.39	233.6
182.608	7180
182.826	14.29
183.043	-127.23
183.261	160.49
183.479	214.37
183.697	1829.41
183.914	5.26
184.132	314.97
184.35	274.89
184.567	-23.38
184.785	-64.6
185.003	-34.19
185.22	76.82
185.438	78.12
185.656	-120.1
185.873	183.08
186.091	66.31
186.309	-748.28
186.526	108.14
186.744	35.47
186.961	-65.38
187.179	-16.59
187.396	110.33
187.614	164.62
187.831	-3620
188.049	-124.54
188.266	10.04
188.484	-410.45
188.701	-395.15
188.919	87.59
189.136	128.43
189.354	315.44
189.571	-164.45
189.789	26.83
190.006	27.3
190.223	-247.03
190.441	80.94
190.658	4642.86
190.876	110.58
191.093	-104.4
191.31	-53.57
191.528	-13.82
191.745	9.82
191.962	151.74
192.179	105.9
192.397	-4.45
192.614	139.69
192.831	68.56
193.049	47.7
193.266	-45.63
193.483	15.81
193.7	404.62
193.917	35.28
194.135	346.04
194.352	-32.05
194.569	24.63
194.786	155.72
195.003	19.91
195.221	100.77
195.438	-105.65
195.655	24.62
195.872	-125.76
196.089	140.98
196.306	33.05
196.523	98.12
196.74	102.45
196.957	46.84
197.174	66.5
197.391	218.59
197.608	53.77
197.825	158.06
198.042	99.05
198.259	-3.45
198.476	69
198.693	-3380
198.91	272.53
199.127	-338.81
199.344	199.6
199.561	457.23
199.778	99.33
199.995	-1144.78
200.212	-624.14
200.429	142.65
200.646	365.82
200.862	484.27
201.079	-98.76
201.296	88.08
201.513	187.38
201.73	-110.33
201.947	92.56
202.163	29.06
202.38	13.29
202.597	-82.89
202.814	4.41
203.03	-3860
203.247	-126.13
203.464	27.72
203.681	294.81
203.897	50.92
204.114	-522.64
204.331	167.56
204.547	-137.21
204.764	46.25
204.981	-1347.06
205.197	240.43
205.414	-243.32
205.63	-293.1
205.847	12.56
206.064	-107.27
206.28	124.52
206.497	-142.68
206.713	187.78
206.93	-26.25
207.146	108.42
207.363	-1.54
207.579	-486.81
207.796	-213.27
208.012	-6.85
208.229	-661.19
208.445	23.16
208.662	14.29
208.878	54.64
209.095	2252.94
209.311	37.31
209.528	1385.71
209.744	55.98
209.96	0.66
210.177	-33.98
210.393	62.6
210.609	-260
210.826	111.04
211.042	407.83
211.258	861.19
211.475	71.12
211.691	8.74
211.907	320.25
212.124	-9.19
212.34	391.43
212.556	92.97
212.772	-684.62
212.989	-47.02
213.205	-110.33
213.421	18.59
213.637	-428.36
213.853	69.65
214.069	2657.89
214.286	52.77
214.502	108.96
214.718	11.6
214.934	193.48
215.15	39.02
215.366	-15.68
215.582	102.12
215.798	81.23
216.015	78.69
216.231	142.16
216.447	61.7
216.663	68.73
216.879	139.2
217.095	168.46
217.311	-228.3
217.527	122.72
217.743	-173.79
217.959	-816.98
218.175	52.96
218.391	553.24
218.606	151.43
218.822	-134.78
219.038	135.29
219.254	189.68
219.47	-50.37
219.686	457.3
219.902	18.82
220.118	23.64
220.334	29.45
220.549	109.35
220.765	52.06
220.981	54.37
221.197	43.02
221.413	-289.01
221.628	411.39
221.844	179.25
222.06	408.74
222.276	14.58
222.491	46.41
222.707	188.52
222.923	-572.48
223.139	9.38
223.354	-11.66
223.57	0.79
223.786	29.37
224.001	60.62
224.217	140.23
224.432	-118.5
224.648	127.21
224.864	14.7
225.079	-195.52
225.295	50.87
225.51	116.22
225.726	-26.59
225.942	-26.02
226.157	46.46
226.373	230.21
226.588	126.53
226.804	-1573.68
227.019	-180.4
227.235	71.76
227.45	81.02
227.665	-20
227.881	10.24
228.096	-228.7
228.312	-62.28
228.527	129.57
228.743	-74.86
228.958	-48.69
229.173	-500
229.389	28.34
229.604	35.16
229.819	-32.43
230.035	-109.89
230.25	115.74
230.465	-40.43
230.681	-171.66
230.896	-58.13
231.111	59.19
231.327	-17.89
231.542	3580
231.757	30.86
231.972	68.2
232.187	102.55
232.403	-247.37
232.618	-28.14
232.833	42.68
233.048	678.18
233.263	2.49
233.478	157.39
233.694	-918.6
233.909	1783.87
234.124	71.89
234.339	11.94
234.554	824.14
234.769	88.1
234.984	280.27
235.199	147.5
235.414	-298.23
235.629	46.84
235.844	86.05
236.059	9.42
236.274	112.69
236.489	41.69
236.704	111.09
236.919	52.77
237.134	44.36
237.349	24.34
237.564	69.31
237.779	-167.55
237.994	92.34
238.209	102.85
238.424	295.09
238.639	95.33
238.853	25.8
239.068	51.06
239.283	-57.7
239.498	180.74
239.713	65.01
239.928	26.11
240.142	-46.41
240.357	-3
240.572	20.56
240.787	-35.69
241.001	112.77
241.216	66.7
241.431	127.76
241.646	100.9
241.86	-64.13
242.075	672.09
242.29	0.18
242.504	-20.59
242.719	111.18
242.934	-140.94
243.148	63.1
243.363	19.36
243.577	-82.02
243.792	78.14
244.007	-1.68
244.221	14.29
244.436	-446.27
244.65	530.67
244.865	324.64
245.079	-21.08
245.294	-258.27
245.508	104.01
245.723	37.46
245.937	-407.69
246.152	-26.9
246.366	115.44
246.581	-49.19
246.795	147.85
247.01	-44.06
247.224	-31.32
247.438	-143.09
247.653	-1.06
247.867	152.39
248.081	108.62
248.296	846.34
248.51	52.28
248.724	92.57
248.939	305.97
249.153	92.65
249.367	91.28
249.582	26.43
249.796	-203.9
250.01	223.18
250.224	66.07
250.439	-90.99
250.653	105.47
250.867	-49.23
251.081	40.28
251.295	67.34
251.51	-76.17
251.724	-137.41
251.938	48.7
252.152	-324.82
252.366	89.83
252.58	-63.64
252.794	30.99
253.008	159.6
253.223	53.44
253.437	128.21
253.651	-11.06
253.865	114.91
254.079	-20.46
254.293	-21.44
254.507	132.73
254.721	74.69
254.935	159.34
255.149	40.38
255.363	56.47
255.577	160.4
255.791	89.83
256.005	493.87
256.218	1.95
256.432	-45.78
256.646	2.23
256.86	-67.32
257.074	135.18
257.288	460
257.502	502.2
257.716	66.72
257.929	148.94
258.143	33.58
258.357	59.72
258.571	142.07
258.785	-80.15
258.998	9.67
259.212	77.87
259.426	11.21
259.64	108.56
259.853	-120.06
260.067	78.92
260.281	148.22
260.494	0.24
260.708	355.45
260.922	61.81
261.135	73.54
261.349	36.47
261.563	234.46
261.776	-1135.29
261.99	27.5
262.203	72.76
262.417	-8.13
262.63	4.41
262.844	120.22
263.058	110.17
263.271	19.96
263.485	18.67
263.698	73.65
263.912	-101.7
264.125	48.21
264.339	-55.91
264.552	72.81
264.765	-500
264.979	-18.5
265.192	85.29
265.406	62.42
265.619	3.61
265.832	-5.34
266.046	4.67
266.259	187.46
266.473	-732.26
266.686	121.61
266.899	161.5
267.113	1900
267.326	-42.05
267.539	65.4
267.752	45.86
267.966	97.56
268.179	-4.06
268.392	16.99
268.605	10.24
268.819	148.14
269.032	108.53
269.245	256.92
269.458	57.93
269.671	229.11
269.885	117.29
270.098	3.38
270.311	-59.49
270.524	78.93
270.737	-122.51
270.95	342.38
271.163	95.28
271.376	738.71
271.589	-135.44
271.802	43.56
272.016	-34.85
272.229	121.87
272.442	121.86
272.655	41.68
272.868	-61.99
273.081	-14.61
273.294	51.8
273.506	161.48
273.719	31.05
273.932	81.22
274.145	-1940
274.358	82.59
274.571	96.97
274.784	518.87
274.997	15.95
275.21	2.61
275.423	-54.88
275.635	90.95
275.848	12.98
276.061	390.07
276.274	12.53
276.487	-489.57
276.699	-5.71
276.912	-21.23
277.125	-50.64
277.338	6.48
277.55	38.48
277.763	17.59
277.976	146.89
278.189	-262.64
278.401	0.15
278.614	229.6
278.827	32.09
279.039	23.94
279.252	-90.33
279.464	46.29
279.677	130.05
279.89	46.68
280.102	-222.61
280.315	817.07
280.527	257.89
280.74	-1120.69
280.952	-25.78
281.165	7.09
281.377	103.44
281.59	109.4
281.802	199.71
282.015	43.61
282.227	68.3
282.44	-16.55
282.652	376.4
282.865	205.21
283.077	69.64
283.29	114.88
283.502	28.44
283.714	142.65
283.927	104.77
284.139	-335.19
284.351	116.88
284.564	154.55
284.776	-20.68
284.988	63.96
285.201	807.46
285.413	36.72
285.625	-201.62
285.838	69.77
286.05	47.12
286.262	-88.19
286.474	112.69
286.686	-16.1
286.899	21.97
287.111	2.18
287.323	58.47
287.535	-36.63
287.747	67.43
287.959	26.29
288.172	-85.45
288.384	9.13
288.596	-65.38
288.808	156.6
289.02	-296.23
289.232	68.73
289.444	-22.47
289.656	-66.12
289.868	-7.56
290.08	0.61
290.292	31.06
290.504	-62.35
290.716	34.73
290.928	58.47
291.14	755.81
291.352	-145.9
291.564	417.65
291.776	108.62
291.988	199.39
292.2	-27.96
292.412	83.78
292.624	23.28
292.835	592.54
293.047	8.98
293.259	-116.3
293.471	135.29
293.683	114.63
293.895	103.15
294.106	9
294.318	75.29
294.53	0.12
294.742	1444.83
294.953	119.93
295.165	72.76
295.377	134.77
295.589	69.53
295.8	79.06
296.012	39.7
296.224	80.45
296.435	21.84
296.647	243.91
296.858	-25.18
297.07	1087.69
297.282	30.02
297.493	5.13
297.705	-356
297.916	80.37
298.128	65.67
298.34	75.48
298.551	-8.23
298.763	28.73
298.974	114.26
299.186	55.75
299.397	-24.2
299.609	-577.42
299.82	95.76
300.031	30.54
300.243	2784.21
300.454	-131.9
300.666	47.26
300.877	-10.9
301.089	-25.11
301.3	1.98
301.511	9.28
301.723	-26.39
301.934	216.42
302.145	156.19
302.357	3.12
302.568	-0.8
302.779	42.66
302.99	27.35
303.202	18.85
303.413	11.94
303.624	110.17
303.835	-884.91
304.047	-67.61
304.258	100.88
304.469	19.31
304.68	46.95
304.891	61.42
305.103	120.85
305.314	83.99
305.525	1385.71
305.736	123.62
305.947	34.56
306.158	417.65
306.369	134.6
306.58	68.01
306.791	105.9
307.002	45.06
307.213	-23.29
307.424	63.96
307.636	39.51
307.846	139.5
308.057	-33.98
308.268	-11.25
308.479	-4.72
308.69	-41.13
308.901	143.53
309.112	-779.07
309.323	85.37
309.534	-27.41
309.745	8.83
309.956	-30.88
310.167	62.69
310.377	70.69
310.588	6.2
310.799	-19.03
311.01	-103.64
311.221	88.92
311.432	37.01
311.642	-65.47
311.853	9.76
312.064	-168.97
312.275	227.14
312.485	107.23
312.696	46.98
312.907	-168.34
313.117	51.09
313.328	-36.16
313.539	61.64
313.749	-23.57
313.96	-170.33
314.171	64.2
314.381	74.33
314.592	-5.88
314.802	-30.23
315.013	-38.96
315.224	39.16
315.434	-2584.21
315.645	-740
315.855	104.9
316.066	255.06
316.276	127.56
316.487	85.37
316.697	49.01
316.908	-60.37
317.118	-79.46
317.329	109.57
317.539	63.72
317.749	215.88
317.96	-929.85
318.17	-56.8
318.381	409.89
318.591	-724.18
318.801	24.46
319.012	106.36
319.222	420.39
319.432	-92.06
319.643	122.74
319.853	86.55
320.063	44.29
320.273	50.54
320.484	-223.08
320.694	215.1
320.904	-93.22
321.114	-14.61
321.325	1072.41
321.535	63.03
321.745	-38.81
321.955	23.72
322.165	-101.21
322.375	23.31
322.585	-73.01
322.796	451.72
323.006	64.51
323.216	78.44
323.426	89.58
323.636	-92.34
323.846	368.97
324.056	107.05
324.266	9.57
324.476	93.84
324.686	83.78
324.896	22.87
325.106	247.17
325.316	87.64
325.526	-752.63
325.736	55.02
325.946	-21.06
326.156	372.73
326.366	543.48
326.576	139.71
326.785	-246.73
326.995	213.88
327.205	-294.97
327.415	134.58
327.625	481.02
327.835	17.61
328.044	223.62
328.254	303.48
328.464	110.6
328.674	215.74
328.884	-241.01
329.093	327.81
329.303	62.47
329.513	-104.97
329.722	-942.11
329.932	32.38
330.142	-24.45
330.351	63.98
330.561	438.18
330.771	-61.62
330.98	-97.82
331.19	349.23
331.4	-63.25
331.609	16.47
331.819	-412.2
332.028	-301.14
332.238	-7.8
332.447	48.3
332.657	84.23
332.866	-15.31
333.076	68.36
333.285	-23.13
333.495	661.29
333.704	5.83
333.914	60.69
334.123	61.61
334.333	35.38
334.542	95.1
334.752	736.92
334.961	-183.02
335.17	-53.77
335.38	52.59
335.589	78.28
335.798	51.95
336.008	594.51
336.217	179.15
336.426	74.58
336.636	56.6
336.845	64.51
337.054	372.73
337.263	-35.42
337.473	-43.03
337.682	35.5
337.891	-16.64
338.1	-232.37
338.309	42.35
338.519	74.03
338.728	22.32
338.937	29.13
339.146	35.25
339.355	-771.7
339.564	1268.42
339.773	133.17
339.983	101.7
340.192	-239.13
340.401	85.29
340.61	126.01
340.819	44.95
341.028	78.36
341.237	841.18
341.446	-13.27
341.655	-14.64
341.864	-16.59
342.073	-16.96
342.282	3.13
342.491	35.28
342.699	385.44
342.908	325.97
343.117	73.09
343.326	-145.34
343.535	-936.36
343.744	-131.85
343.953	7.43
344.162	35.49
344.37	20.21
344.579	108.96
344.788	-33.5
344.997	28
345.206	98.05
345.414	74.21
345.623	53.51
345.832	3.04
346.041	218.78
346.249	50.59
346.458	28.29
346.667	87.2
346.875	30.02
347.084	28.04
347.293	46.87
347.501	91.47
347.71	-74.24
347.918	-39.48
348.127	1.1
348.336	-78.81
348.544	106.16
348.753	-571.64
348.961	79.61
349.17	-50.58
349.378	18.25
349.587	47.89
349.795	385.44
350.004	773.85
350.212	33.18
350.421	211.5
350.629	3.93
350.838	96.07
351.046	-18.2
351.254	34.61
351.463	-16.34
351.671	-878.95
351.879	95.66
352.088	25.8
352.296	317.7
352.504	134.05
352.713	87.85
352.921	180.31
353.129	-9.65
353.338	-34.69
353.546	84.97
353.754	221.47
353.962	53.51
354.171	28.7
354.379	-4036.84
354.587	-2.68
354.795	-23.13
355.003	-35.97
355.212	32.93
355.42	428.3
355.628	139.04
355.836	-203.05
356.044	-13.58
356.252	14.09
356.46	89.74
356.668	1346.15
356.876	41.02
357.084	91.76
357.292	57.21
357.5	-83.54
357.708	43.4
357.916	-6.27
358.124	49.27
358.332	-786.57
358.54	-783.64
358.748	123.38
358.956	-10.15
359.164	-21.63
359.372	100.69
359.58	9.35
359.788	70.38
359.996	113.81
360.203	31.5
360.411	-42.74
360.619	-270.85
360.827	36.13
361.035	-87.73
361.242	221.41
361.45	396.2
361.658	205.21
361.866	-82.8
362.073	-207.42
362.281	184.63
362.489	21.81
362.697	-18.91
362.904	69.18
363.112	110.74
363.32	93.7
363.527	-103.48
363.735	139.38
363.943	83.99
364.15	-3.89
364.358	31.46
364.565	52.05
364.773	81.96
364.98	8.83
365.188	-36.07
365.395	21.09
365.603	45.08
365.81	-5.18
366.018	46.69
366.225	40.87
366.433	-112.9
366.64	112.59
366.848	88.75
367.055	-33.54
367.263	-3.87
367.47	108.83
367.677	-120.25
367.885	-2.44
368.092	28.68
368.299	27.32
368.507	91.21
368.714	476.99
368.921	-197.64
369.129	65.59
369.336	78.13
369.543	23.54
369.751	-89.35
369.958	48.88
370.165	15.93
370.372	-63.64
370.579	46.29
370.787	73.72
370.994	125.57
371.201	193.19
371.408	15.24
371.615	9.49
371.822	-62.64
372.029	69.49
372.237	-170.86
372.444	122.7
372.651	48.63
372.858	34.9
373.065	31.21
373.272	61.64
373.479	-1865.52
373.686	216.59
373.893	-208.74
374.1	102.87
374.307	-197.84
374.514	48.99
374.721	38.59
374.928	279.22
375.135	57.8
375.341	-500
375.548	47.31
375.755	-6.71
375.962	8.74
376.169	-109.37
376.376	-77.33
376.583	-84.92
376.789	86.11
376.996	65.95
377.203	81.96
377.41	-54.29
377.617	38.74
377.823	135.29
378.03	429.03
378.237	143.12
378.443	-109.14
378.65	-69.81
378.857	-92.62
379.063	274.68
379.27	272.17
379.477	36.24
379.683	-78.2
379.89	58.64
380.097	23.68
380.303	43.92
380.51	-3.51
380.716	24.45
380.923	-339.37
381.129	14.29
381.336	66.93
381.542	52.02
381.749	-53.64
381.955	40.8
382.162	132.46
382.368	106.48
382.575	4.38
382.781	-789.66
382.988	-11.28
383.194	24.58
383.4	-41.13
383.607	34.01
383.813	-128.04
384.02	31.58
384.226	-44.83
384.432	13.35
384.639	26.3
384.845	456.96
385.051	15.77
385.257	40.68
385.464	4.12
385.67	55.87
385.876	124.62
386.082	-81.02
386.289	8.62
386.495	-37.79
386.701	-120.85
386.907	-21.23
387.113	39.63
387.319	79.37
387.526	94.14
387.732	57.48
387.938	344.8
388.144	32.17
388.35	49.32
388.556	12.52
388.762	48.29
388.968	420.93
389.174	25.66
389.38	41.68
389.586	22.15
389.792	55.11
389.998	-87.9
390.204	42.27
390.41	56.69
390.616	27.1
390.822	-53.64
391.028	-14.79
391.234	28
391.439	-220.39
391.645	25.19
391.851	32.47
392.057	-2.1
392.263	51.55
392.469	4.57
392.674	-20.88
392.88	11.94
393.086	-24.31
393.292	41.86
393.498	-6.27
393.703	10.02
393.909	13.34
394.115	63.3
394.32	-37.42
394.526	39.83
394.732	44.27
394.937	100.58
395.143	97.57
395.349	15.77
395.554	-270.85
395.76	36.74
395.965	-55.44
396.171	35.2
396.377	42.47
396.582	14.81
396.788	12.97
396.993	71.57
397.199	8.83
397.404	24.95
397.61	10.64
397.815	-48.67
398.021	-63.19
398.226	66.71
398.431	-1.1
398.637	-44.43
398.842	44.02
399.048	14.29
399.253	32.74
399.458	30.7
399.664	-8.81
399.869	0.07
400.074	0.05
400.28	26.07
400.485	28.87
400.69	35.37
400.896	-5.51
401.101	7.47
401.306	18.78
401.511	28.41
401.716	9.23
401.922	-13.97
402.127	15.11
402.332	15.71
402.537	23.77
402.742	6.47
402.947	36
403.153	-3.66
403.358	-10.4
403.563	19.58
403.768	24.22
403.973	2.64
404.178	-4.66
404.383	10.19
404.588	11.81
404.793	15.74
404.998	4.06
405.203	-4.7
405.408	-3.29
405.613	8.04
405.818	17.09
406.023	-1.23
406.228	-0.91
406.433	17.04
406.638	4.25
406.842	16.28
407.047	4.75
407.252	1.61
407.457	13.25
407.662	16.92
407.867	8.42
408.071	11.94
408.276	7.9
408.481	8.29
408.686	12.89
408.891	13.56
409.095	21.03
409.3	14.24
409.505	6.4
409.709	5.39
409.914	16.21
410.119	7.71
410.323	1.37
410.528	-0.29
410.733	9.51
410.937	-1.13
411.142	0.97
411.346	4.71
411.551	6.94
411.756	6.86
411.96	8.19
412.165	6.26
412.369	7.57
412.574	6.37
412.778	7.42
412.983	6.67
413.187	7.06
413.392	3.53
413.596	5.9
413.8	4.63
414.005	10.43
414.209	8.3
414.414	3.95
414.618	4.57
414.822	7.16
415.027	9.71
415.231	5.2
415.435	9.04
415.64	7.39
415.844	2.92
416.048	6.66
416.252	5.2
416.457	6.8
416.661	8.06
416.865	4.62
417.069	4.35
417.274	6.21
417.478	6.39
417.682	8.51
417.886	3.74
418.09	5.71
418.294	6.08
418.498	6.37
418.702	4.7
418.907	6.7
419.111	2.59
419.315	6.73
419.519	5.22
419.723	4.12
419.927	6.61
420.131	7.28
420.335	5.03
420.539	4.64
420.743	7.94
420.947	5.04
421.151	5.44
421.355	5.65
421.558	5.57
421.762	6.53
421.966	5.79
422.17	5.5
422.374	6.5
422.578	5.22
422.782	6.1
422.985	3.51
423.189	5.81
423.393	4.8
423.597	5.1
423.801	6.58
424.004	4.97
424.208	4.88
424.412	5.25
424.615	5.77
424.819	5.16
425.023	6.01
425.226	5.57
425.43	5.64
425.634	5.11
425.837	4.09
426.041	6.01
426.245	4.68
426.448	5.52
426.652	5.24
426.855	4.64
427.059	4.3
427.262	4.97
427.466	5.15
427.669	5.14
427.873	5.17
428.076	4.39
428.28	4.85
428.483	4.34
428.687	4.5
428.89	5.45
429.094	4.64
429.297	5.12
429.5	5.02
429.704	5.19
429.907	5.64
430.11	5.55
430.314	5.01
430.517	5.33
430.72	5.21
430.924	5.11
431.127	5.11
431.33	5.21
431.533	5.33
431.737	5.52
431.94	4.72
432.143	4.94
432.346	4.66
432.549	5.2
432.752	4.45
432.956	5.08
433.159	4.4
433.362	4.05
433.565	5.01
433.768	4.88
433.971	4.54
434.174	4.53
434.377	4.75
434.58	5.15
434.783	4.27
434.986	4.9
435.189	5.12
435.392	4.61
435.595	4.75
435.798	4.85
436.001	4.91
436.204	4.55
436.407	4.59
436.61	4.78
436.813	4.84
437.016	5.03
437.219	4.35
437.421	4.93
437.624	4.27
437.827	4.94
438.03	4.49
438.233	4.4
438.435	4.62
438.638	4.95
438.841	4.81
439.044	4.26
439.246	4.68
439.449	4.5
439.652	5.17
439.854	4.71
440.057	4.54
440.26	4.32
440.462	4.56
440.665	4.23
440.868	4.38
441.07	4.88
441.273	4.72
441.475	4.48
441.678	4.86
441.88	4.24
442.083	4.29
442.286	4.67
442.488	4.31
442.69	4.67
442.893	4.45
443.095	4.61
443.298	4.49
443.5	4.68
443.703	4.35
443.905	4.5
444.108	4.81
444.31	4.72
444.512	4.9
444.715	4.52
444.917	4.49
445.119	4.85
445.322	4.6
445.524	4.75
445.726	4.62
445.928	4.37
446.131	4.63
446.333	4.62
446.535	5.01
446.737	5.04
446.94	5.14
447.142	4.79
447.344	4.71
447.546	5.05
447.748	4.63
447.95	4.82
448.152	4.89
448.354	4.77
448.557	5.12
448.759	5.15
448.961	4.95
449.163	5.18
449.365	5.06
449.567	4.95
449.769	5.02
449.971	4.85
450.173	5.14
450.375	5.49
450.577	5.22
450.779	5.16
450.981	4.77
451.182	5.13
451.384	5.34
451.586	5.52
451.788	5.2
451.99	5.45
452.192	4.87
452.394	5.7
452.595	5.59
452.797	5.27
452.999	5.46
453.201	5.52
453.402	5.39
453.604	5.25
453.806	5.88
454.008	5.79
454.209	5.7
454.411	5.83
454.613	5.42
454.814	4.68
455.016	5.91
455.218	5.4
455.419	5.7
455.621	5.46
455.822	5.74
456.024	5.67
456.225	6.48
456.427	5.8
456.629	5.84
456.83	5.36
457.032	5.6
457.233	5.83
457.435	5.48
457.636	5.71
457.837	6.04
458.039	5.78
458.24	5.85
458.442	6.05
458.643	5.71
458.844	6.57
459.046	5.76
459.247	6.27
459.448	6.16
459.65	5.56
459.851	5.66
460.052	5.96
460.254	6.37
460.455	7.24
460.656	5.69
460.857	6.22
461.059	5.36
461.26	5.95
461.461	6.99
461.662	6.19
461.863	5.62
462.065	6.16
462.266	5.27
462.467	5.53
462.668	6.07
462.869	6.3
463.07	6.55
463.271	6.12
463.472	5.35
463.673	6.06
463.874	5.96
464.075	6.52
464.276	6.12
464.477	6.27
464.678	6.32
464.879	6.03
465.08	6.59
465.281	6.97
465.482	5.86
465.683	5.9
465.884	6.79
466.085	6.51
466.285	5.71
466.486	7.12
466.687	7.41
466.888	6.47
467.089	6.36
467.29	6.48
467.49	5.94
467.691	5.42
467.892	6.22
468.093	6.51
468.293	6.93
468.494	6.89
468.695	7.36
468.895	7.04
469.096	5.52
469.297	5.88
469.497	6.62
469.698	7.24
469.898	6.17
470.099	7.27
470.3	7.46
470.5	6.09
470.701	7.09
470.901	7.07
471.102	6.59
471.302	5.85
471.503	6.16
471.703	8.12
471.904	7.03
472.104	5.79
472.305	5.93
472.505	5.99
472.705	6.68
472.906	5.49
473.106	7.38
473.306	6.54
473.507	6.65
473.707	8.07
473.907	6.83
474.108	5.86
474.308	6.19
474.508	6.57
474.709	8.15
474.909	7.33
475.109	4.6
475.309	6.83
475.51	6.29
475.71	6.75
475.91	7.41
476.11	6.3
476.31	5.31
476.51	7.71
476.71	6.22
476.911	7.2
477.111	6.93
477.311	5.71
477.511	7.56
477.711	6.52
477.911	5.78
478.111	8.16
478.311	6.08
478.511	5.49
478.711	6.37
478.911	5.36
479.111	6.31
479.311	6.45
479.511	7.51
479.711	4.9
479.91	5.07
480.11	6.97
480.31	5.22
480.51	7.7
480.71	6.45
480.91	7.32
481.109	6.7
481.309	6.87
481.509	5.43
481.709	7.84
481.909	6.02
482.108	5.55
482.308	5.05
482.508	6.95
482.707	8.7
482.907	5.41
483.107	7.18
483.306	7.79
483.506	5.8
483.706	6.89
483.905	5.54
484.105	8.04
484.304	6.48
484.504	4.75
484.704	6.89
484.903	4.91
485.103	6.75
485.302	6.44
485.502	6.25
485.701	7.12
485.901	6.32
486.1	6.77
486.299	8.79
486.499	6.12
486.698	7.19
486.898	6.93
487.097	5.76
487.296	6.31
487.496	7.18
487.695	7
487.894	5.69
488.094	5.44
488.293	7.66
488.492	6.41
488.692	6.46
488.891	7.51
489.09	7.03
489.289	5.81
489.489	5.62
489.688	5.88
489.887	7.03
490.086	6.49
490.285	6.1
490.484	6.31
490.683	6.94
490.883	8.33
491.082	6.82
491.281	6.34
491.48	5.92
491.679	7.34
491.878	6.82
492.077	6.55
492.276	7.47
492.475	5.6
492.674	6.41
492.873	6.86
493.072	6.14
493.271	6.9
493.47	6.45
493.669	6.58
493.867	6.13
494.066	7.27
494.265	7.95
494.464	7.86
494.663	6.49
494.862	6.64
495.06	6.27
495.259	6.15
495.458	7.55
495.657	6.45
495.856	6.63
496.054	7.6
496.253	7.87
496.452	7.67
496.65	7.3
496.849	6.64
497.048	7.14
497.246	7.12
497.445	6.17
497.644	7.88
497.842	7.81
498.041	7.79
498.239	7.39
498.438	7.1
498.636	7.86
498.835	8.18
499.034	7.48
499.232	7.29
499.431	6.73
499.629	7
499.827	7.72
500.026	6.67
500.224	6.68
500.423	8.16
500.621	7.16
500.82	8.18
501.018	9.2
501.216	7.84
501.415	7.96
501.613	7.8
501.811	7.75
502.01	8.07
502.208	7.77
502.406	7.99
502.604	8.55
502.803	8.68
503.001	8.68
503.199	8.64
503.397	7.88
503.595	7.65
503.794	8.64
503.992	8.61
504.19	8.49
504.388	9.12
504.586	8.55
504.784	8.41
504.982	7.8
505.18	8.13
505.378	8.75
505.576	7.77
505.774	8.6
505.972	9.12
506.17	9.39
506.368	8.81
506.566	8.59
506.764	9.15
506.962	9.46
507.16	9.44
507.358	9.37
507.556	9.48
507.754	9.53
507.952	9.73
508.15	9.28
508.347	9.3
508.545	9.81
508.743	9.6
508.941	10.11
509.139	10.05
509.336	9.44
509.534	10.62
509.732	9.76
509.93	9.97
510.127	10.13
510.325	9.27
510.523	9.69
510.72	10.84
510.918	10.27
511.116	10.27
511.313	10.32
511.511	10.48
511.708	9.98
511.906	10.68
512.104	10.62
512.301	10.99
512.499	10.56
512.696	10.8
512.894	10.17
513.091	10.75
513.289	10.83
513.486	10.76
513.683	11.4
513.881	11.13
514.078	10.96
514.276	11.13
514.473	11.02
514.67	11.21
514.868	11.15
515.065	11.14
515.262	11.65
515.46	11.88
515.657	11.59
515.854	11.73
516.052	11.8
516.249	12.09
516.446	11.79
516.643	11.64
516.84	12.58
517.038	12.19
517.235	11.96
517.432	12.49
517.629	12.73
517.826	12.31
518.023	12.48
518.221	12.41
518.418	13.36
518.615	12.57
518.812	12.29
519.009	12.58
519.206	12.74
519.403	13.14
519.6	12.88
519.797	12.68
519.994	12.29
520.191	12.92
520.388	13.32
520.585	13.04
520.782	12.84
520.978	12.55
521.175	13.83
521.372	12.81
521.569	13.43
521.766	13.3
521.963	12.93
522.159	13.45
522.356	13.24
522.553	13.08
522.75	14
522.947	13.47
523.143	13.89
523.34	14.41
523.537	13.77
523.733	13.8
523.93	14.21
524.127	13.71
524.323	13.84
524.52	13.64
524.717	13.09
524.913	14.03
525.11	13.82
525.306	14.29
525.503	13.89
525.7	13.61
525.896	13.84
526.093	14.38
526.289	14.39
526.486	14.09
526.682	14.12
526.878	14.55
527.075	14.03
527.271	14.63
527.468	14.36
527.664	14.77
527.861	14.85
528.057	14.71
528.253	14.73
528.45	14.55
528.646	14.42
528.842	14.77
529.039	13.81
529.235	14.88
529.431	14.14
529.627	14.87
529.824	14.98
530.02	14.97
530.216	14.53
530.412	14.74
530.608	14.63
530.804	15.31
531.001	15.16
531.197	14.91
531.393	15.13
531.589	14.99
531.785	14.85
531.981	15.1
532.177	14.96
532.373	14.91
532.569	14.97
532.765	14.9
532.961	15.02
533.157	14.93
533.353	15.12
533.549	15.42
533.745	15.68
533.941	15.25
534.137	15.53
534.333	15.23
534.529	15.02
534.725	15.38
534.92	15.68
535.116	15.29
535.312	15.37
535.508	15.04
535.704	15.38
535.899	15.42
536.095	15.55
536.291	15.55
536.487	15.41
536.682	15.52
536.878	15.18
537.074	15.49
537.269	15.4
537.465	15.42
537.661	15.85
537.856	15.62
538.052	15.65
538.248	15.74
538.443	15.77
538.639	15.31
538.834	15.6
539.03	15.83
539.225	16.06
539.421	15.52
539.616	16.37
539.812	15.66
540.007	16.04
540.203	15.49
540.398	16.46
540.593	15.84
540.789	16.11
540.984	15.8
541.18	15.65
541.375	15.3
541.57	15.92
541.766	16.1
541.961	16.3
542.156	16.34
542.352	16.36
542.547	15.48
542.742	16.05
542.937	16.47
543.133	16.14
543.328	15.66
543.523	16.06
543.718	16.53
543.913	16.16
544.108	15.78
544.304	16.16
544.499	16.14
544.694	16.42
544.889	16.34
545.084	16.83
545.279	16.46
545.474	16.37
545.669	16.48
545.864	16.14
546.059	16.24
546.254	16.38
546.449	16.37
546.644	16.03
546.839	16.91
547.034	16.47
547.229	16.43
547.424	16.74
547.618	16.65
547.813	16.69
548.008	16.12
548.203	16.73
548.398	16.91
548.593	16.37
548.787	16.55
548.982	16.44
549.177	16.73
549.372	16.34
549.566	17.11
549.761	16.3
549.956	17.02
550.15	16.65
550.345	16.54
550.54	16.91
550.734	17.12
550.929	17.32
551.124	16.79
551.318	16.78
551.513	16.68
551.707	16.92
551.902	16.66
552.096	17.07
552.291	17.22
552.485	16.7
552.68	17.04
552.874	17.09
553.069	17.54
553.263	17.33
553.458	17.52
553.652	17.44
553.847	16.62
554.041	17.34
554.235	17.07
554.43	16.97
554.624	17.29
554.818	17.36
555.013	17.36
555.207	17.24
555.401	17.54
555.595	17.19
555.79	16.71
555.984	17.16
556.178	17.37
556.372	17.37
556.566	17.18
556.761	17.42
556.955	17.57
557.149	17.8
557.343	17.34
557.537	17.45
557.731	17.51
557.925	17.24
558.119	17.56
558.313	17.47
558.507	17.41
558.701	17.46
558.895	17.73
559.089	17.65
559.283	17.69
559.477	17.84
559.671	17.77
559.865	17.72
560.059	17.4
560.253	17.81
560.447	17.97
560.641	17.54
560.835	18.33
561.028	17.69
561.222	17.66
561.416	17.55
561.61	17.99
561.804	17.49
561.997	18.55
562.191	17.9
562.385	17.65
562.579	17.8
562.772	17.89
562.966	17.74
563.16	17.55
563.353	17.67
563.547	18.02
563.741	17.7
563.934	18.07
564.128	17.84
564.321	18.19
564.515	18.13
564.708	18.1
564.902	17.93
565.095	18.1
565.289	18.14
565.482	18.23
565.676	17.69
565.869	18.25
566.063	18.33
566.256	18.06
566.45	17.63
566.643	17.94
566.836	18.49
567.03	18.54
567.223	17.99
567.416	18.6
567.61	18.45
567.803	18.09
567.996	18.6
568.19	17.99
568.383	18.44
568.576	17.84
568.769	18.1
568.963	17.97
569.156	18.3
569.349	17.98
569.542	18.51
569.735	18.14
569.928	17.81
570.121	18.4
570.315	18.3
570.508	18.12
570.701	18.31
570.894	18.29
571.087	18.16
571.28	18.64
571.473	18.53
571.666	18.19
571.859	17.88
572.052	18.04
572.245	18.53
572.438	18.24
572.631	18.54
572.824	18.5
573.016	17.6
573.209	18.49
573.402	18.58
573.595	18.62
573.788	18.2
573.981	18.56
574.173	19
574.366	18.53
574.559	18.49
574.752	17.96
574.944	18.24
575.137	18.44
575.33	18.85
575.523	18.35
575.715	18.52
575.908	18.19
576.101	18.41
576.293	18.86
576.486	17.99
576.678	18.57
576.871	18.38
577.063	19.07
577.256	18.65
577.449	18.89
577.641	18.34
577.834	18.27
578.026	18.34
578.219	18.18
578.411	18.77
578.603	18.65
578.796	18.47
578.988	18.46
579.181	18.39
579.373	18.6
579.565	18.43
579.758	18.53
579.95	18.74
580.142	18.08
580.335	18.28
580.527	18.38
580.719	18.71
580.912	18.22
581.104	18.6
581.296	18.51
581.488	18.92
581.68	18.97
581.873	18.79
582.065	18.94
582.257	18.85
582.449	18.38
582.641	18.19
582.833	18.14
583.025	18.28
583.217	18.52
583.41	18.93
583.602	19.12
583.794	18.77
583.986	18.76
584.178	18.5
584.37	18.98
584.562	18.39
584.753	18.58
584.945	18.51
585.137	18.78
585.329	18.57
585.521	18.6
585.713	19.22
585.905	19.01
586.097	18.75
586.289	18.44
586.48	18.68
586.672	18.69
586.864	18.65
587.056	18.28
587.247	18.56
587.439	18.82
587.631	18.39
587.823	18.86
588.014	18.28
588.206	19.18
588.398	18.61
588.589	19.05
588.781	18.77
588.972	18.95
589.164	18.87
589.356	19
589.547	18.6
589.739	19.07
589.93	19.21
590.122	18.64
590.313	18.84
590.505	19.21
590.696	18.88
590.888	18.98
591.079	19.43
591.271	18.98
591.462	18.88
591.653	19.1
591.845	19.54
592.036	18.85
592.227	19.32
592.419	19.07
592.61	19.23
592.801	19.09
592.993	19.51
593.184	19.35
593.375	18.8
593.566	19.26
593.758	19.23
593.949	19.57
594.14	18.99
594.331	19.09
594.522	18.89
594.713	19.08
594.905	19.36
595.096	19.54
595.287	19.53
595.478	19.5
595.669	19.89
595.86	19.2
596.051	19.04
596.242	19.23
596.433	19.33
596.624	18.82
596.815	19.8
597.006	19.83
597.197	19.21
597.388	19.78
597.579	20.02
597.77	19.38
597.96	19.25
598.151	19.76
598.342	19.41
598.533	19.77
598.724	19.91
598.915	20.09
599.105	19.65
599.296	19.35
599.487	19.57
599.678	20.93
599.868	20.13
600.059	20.01
600.25	20.48
600.44	20.25
600.631	20.77
600.822	20.27
601.012	20.09
601.203	20.09
601.394	19.87
601.584	19.9
601.775	20.48
601.965	20.26
602.156	20.53
602.346	20.33
602.537	19.89
602.727	20.51
602.918	20.18
603.108	20.39
603.299	19.8
603.489	20.54
603.679	20.09
603.87	20.13
604.06	20.75
604.251	20.4
604.441	20.01
604.631	20.85
604.822	20.19
605.012	21.04
605.202	20.07
605.392	19.88
605.583	20.52
605.773	20.36
605.963	21.08
606.153	20.14
606.344	20.82
606.534	20.57
606.724	21.49
606.914	20.93
607.104	20.33
607.294	20.53
607.484	20.51
607.674	20.9
607.864	21.03
608.054	20.55
608.245	20.54
608.435	20.56
608.625	20.74
608.814	20.23
609.004	20.94
609.194	20.02
609.384	20.69
609.574	21.09
609.764	20.71
609.954	20.86
610.144	20.57
610.334	20.36
610.524	20.48
610.713	20.83
610.903	21.13
611.093	20.43
611.283	20.57
611.473	20.44
611.662	20.4
611.852	20.69
612.042	20.21
612.231	20.61
612.421	19.96
612.611	20.99
612.8	21.17
612.99	20.64
613.18	20.45
613.369	20.68
613.559	20.99
613.748	20.17
613.938	20.82
614.128	20.49
614.317	20.86
614.507	20.68
614.696	21.06
614.886	20.66
615.075	21.02
615.264	20.76
615.454	21.26
615.643	20.98
615.833	20.98
616.022	20.52
616.211	21.05
616.401	20.81
616.59	21.22
616.779	20.67
616.969	20.61
617.158	20.15
617.347	21.23
617.537	21.13
617.726	20.98
617.915	20.8
618.104	20.26
618.293	20.52
618.483	20.39
618.672	20.61
618.861	21.79
619.05	20.48
619.239	21.16
619.428	21.21
619.617	21.47
619.806	20.62
619.995	19.83
620.184	21.42
620.373	20.05
620.562	20.75
620.751	20.89
620.94	20.14
621.129	20.36
621.318	21.26
621.507	20.74
621.696	21.01
621.885	20.21
622.074	20.85
622.263	20.34
622.452	21.38
622.64	20.82
622.829	21.38
623.018	21.27
623.207	20.62
623.396	21.27
623.584	20.95
623.773	21.12
623.962	20.47
624.15	21.43
624.339	21.61
624.528	21.85
624.716	21.03
624.905	21.56
625.094	21.32
625.282	20.54
625.471	21.45
625.659	20.89
625.848	20.37
626.037	21.24
626.225	20.81
626.414	21.44
626.602	20.87
626.791	21.31
626.979	21.8
627.167	20.83
627.356	22.07
627.544	21.27
627.733	21.93
627.921	21.04
628.109	21.61
628.298	20.64
628.486	21.96
628.674	21.33
628.863	21.81
629.051	21.82
629.239	22.31
629.428	21.93
629.616	21.82
629.804	21.5
629.992	21.78
630.18	21.37
630.369	21.95
630.557	22.64
630.745	21.28
630.933	22.06
631.121	21.67
631.309	21.52
631.497	21.52
631.685	21.75
631.873	21.03
632.061	21.24
632.249	22.6
632.437	21.77
632.625	21.58
632.813	22.01
633.001	21.89
633.189	21.6
633.377	21.92
633.565	20.89
633.753	21.34
633.941	22.02
634.129	22.29
634.316	21.66
634.504	21.69
634.692	22.45
634.88	22.01
635.068	22.07
635.255	22.51
635.443	20.94
635.631	22.53
635.818	22.19
636.006	21.62
636.194	20.85
636.382	21.51
636.569	22.11
636.757	21.98
636.944	22.55
637.132	22.65
637.32	22.39
637.507	21.19
637.695	21.37
637.882	22.3
638.07	22.16
638.257	21.53
638.445	21.97
638.632	20.81
638.82	21.75
639.007	21.02
639.194	22.66
639.382	21.35
639.569	21.17
639.757	22.03
639.944	20.5
640.131	20.98
640.319	21.5
640.506	21.96
640.693	22.58
640.88	21.44
641.068	21.42
641.255	21.45
641.442	22.43
641.629	20.78
641.817	22.44
642.004	22.11
642.191	22.2
642.378	21.7
642.565	20.94
642.752	21.72
642.939	20.69
643.126	20.16
643.313	20.02
643.501	21.8
643.688	21.31
643.875	20.03
644.062	20.2
644.249	21.73
644.435	20.49
644.622	19.52
644.809	20.89
644.996	20.34
645.183	19.57
645.37	22.73
645.557	22.44
645.744	20.31
645.931	20.66
646.117	20.16
646.304	21.1
646.491	21.09
646.678	20.78
646.865	20.98
647.051	20.43
647.238	20.61
647.425	18.18
647.611	19.6
647.798	20.38
647.985	19.72
648.171	21.07
648.358	18.77
648.545	20.31
648.731	18.89
648.918	20.7
649.104	20.46
649.291	20
649.477	20.74
649.664	20.8
649.85	19.51
650.037	20.46
650.223	18.99
650.41	20.67
650.596	19.04
650.783	19.64
650.969	20.05
651.155	19.58
651.342	18.28
651.528	19.36
651.714	19.49
651.901	21.02
652.087	19.84
652.273	20.67
652.46	19.8
652.646	20.62
652.832	19.16
653.018	20.3
653.204	21.46
653.391	20.06
653.577	18.74
653.763	20.3
653.949	20.69
654.135	20.66
654.321	20.35
654.507	20.66
654.693	18.29
654.879	19.71
655.065	18.03
655.252	17.57
655.438	18.76
655.624	20.59
655.809	17.96
655.995	18.44
656.181	19.22
656.367	19.82
656.553	20.18
656.739	18.72
656.925	20.48
657.111	19.7
657.297	20.75
657.482	20.08
657.668	18.63
657.854	19.97
658.04	18.54
658.226	17.76
658.411	18.75
658.597	19.18
658.783	19.66
658.968	19.19
659.154	19.91
659.34	19.32
659.525	16.96
659.711	18.11
659.897	17.95
660.082	19.03
660.268	16.84
660.453	16.54
660.639	19.8
660.824	18.22
661.01	18.91
661.195	18.92
661.381	16.62
661.566	19.44
661.752	17.13
661.937	16.95
662.123	15.99
662.308	19.07
662.494	18.64
662.679	17.32
662.864	17.77
663.05	17.18
663.235	18.3
663.42	16.5
663.605	14.78
663.791	15.74
663.976	17.17
664.161	17.51
664.346	17.28
664.532	16.72
664.717	15.47
664.902	17.39
665.087	18.32
665.272	18.64
665.457	16.15
665.642	15.2
665.828	16.64
666.013	17.5
666.198	14.34
666.383	17
666.568	16.67
666.753	18.66
666.938	17.23
667.123	17.95
667.308	15.29
667.493	17.6
667.677	14.59
667.862	17.13
668.047	16.87
668.232	16.09
668.417	15.99
668.602	16.83
668.787	16.73
668.971	15.17
669.156	18.75
669.341	15.09
669.526	17.32
669.711	17.38
669.895	17.99
670.08	16.99
670.265	16.46
670.449	15.41
670.634	16.15
670.819	15.42
671.003	16.64
671.188	18.08
671.372	14.84
671.557	19.23
671.742	18.18
671.926	15.62
672.111	16.91
672.295	15.8
672.48	16.61
672.664	14.18
672.849	14.32
673.033	16.75
673.217	16.36
673.402	15.01
673.586	12.53
673.771	15.88
673.955	18
674.139	17.31
674.324	14.58
674.508	16.6
674.692	15.13
674.876	15.75
675.061	17.39
675.245	19.92
675.429	15.72
675.613	18.57
675.798	18.01
675.982	18.56
676.166	18.47
676.35	17.5
676.534	19.25
676.718	17.6
676.902	21.51
677.087	17.78
677.271	18.95
677.455	18.83
677.639	15.17
677.823	21.34
678.007	21.54
678.191	20.29
678.375	21.91
678.559	20.53
678.742	20.02
678.926	20.01
679.11	21.26
679.294	19.91
679.478	17.21
679.662	20.82
679.846	19.87
680.029	23.15
680.213	19.14
680.397	23.28
680.581	21.85
680.765	21.33
680.948	22.81
681.132	21.18
681.316	22.86
681.499	25.56
681.683	22.76
681.867	25.84
682.05	24.49
682.234	23.23
682.417	25.77
682.601	25.46
682.785	26.35
682.968	22.49
683.152	26.98
683.335	23.04
683.519	23.51
683.702	24.47
683.886	27.7
684.069	24.35
684.253	26.73
684.436	26.52
684.619	24.64
684.803	24.77
684.986	27.72
685.169	28.32
685.353	26.7
685.536	29.82
685.719	28.44
685.903	28.64
686.086	25.59
686.269	28.63
686.452	27.25
686.636	30.2
686.819	31.44
687.002	28.47
687.185	29.69
687.368	29.51
687.551	30.05
687.734	31.95
687.918	30.54
688.101	25.34
688.284	28.29
688.467	32.59
688.65	29.17
688.833	31.7
689.016	31.08
689.199	27.88
689.382	33.4
689.565	32.33
689.748	30.75
689.93	27.57
690.113	30.53
690.296	33.85
690.479	33.82
690.662	34.79
690.845	26.85
691.028	30.14
691.21	31.97
691.393	31.78
691.576	31.64
691.759	32.1
691.941	34.84
692.124	36.56
692.307	37.78
692.489	34.62
692.672	34.24
692.855	33.18
693.037	36.46
693.22	36.03
693.403	31.17
693.585	37.19
693.768	38.18
693.95	40.3
694.133	39.59
694.315	38.27
694.498	37.08
694.68	35.84
694.863	35.49
695.045	36.04
695.228	36.52
695.41	36.83
695.592	36.92
695.775	33.8
695.957	37.18
696.139	41.23
696.322	36.59
696.504	37.8
696.686	36.99
696.869	36.35
697.051	39.97
697.233	36.74
697.415	40.13
697.597	38.11
697.78	35.84
697.962	41.55
698.144	41.03
698.326	36.03
698.508	38.44
698.69	37.83
698.872	35.47
699.055	38.67
699.237	39.04
699.419	35.16
699.601	38.66
699.783	40.27
699.965	40.12
700.147	38.28
700.329	41.45
700.51	39.78
700.692	42.4
700.874	40.77
701.056	42.93
701.238	42.49
701.42	42.35
701.602	42.32
701.783	39.36
701.965	35.72
702.147	39.29
702.329	38.83
702.511	38.16
702.692	39.29
702.874	35.49
703.056	41.57
703.237	40.45
703.419	40.94
703.601	40.69
703.782	39.53
703.964	38.71
704.146	39.9
704.327	43.5
704.509	45.44
704.69	40.76
704.872	40.01
705.053	43.44
705.235	48.21
705.416	41.36
705.598	42.75
705.779	36.48
705.961	44.1
706.142	37.56
706.323	47.57
706.505	44.16
706.686	45.14
706.867	40.01
707.049	43.33
707.23	49.07
707.411	45.13
707.593	45.11
707.774	39.95
707.955	39.24
708.136	36.32
708.318	44.28
708.499	50.72
708.68	40.17
708.861	41.1
709.042	46.45
709.223	53.1
709.404	39.04
709.585	42.15
709.767	44.12
709.948	44.68
710.129	41.33
710.31	36.83
710.491	40.21
710.672	44.77
710.853	30.36
711.034	46.3
711.214	41.46
711.395	35.61
711.576	46.19
711.757	46.97
711.938	45.3
712.119	39.78
712.3	45.19
712.481	33.49
712.661	43.85
712.842	34.29
713.023	47.9
713.204	36.65
713.384	49.11
713.565	49.17
713.746	30.39
713.926	37.32
714.107	55.42
714.288	44.83
714.468	44.95
714.649	47.76
714.83	42.99
715.01	51.78
715.191	41.6
715.371	34.8
715.552	54.03
715.732	48.1
715.913	53.96
716.093	49.96
716.274	47.92
716.454	49.05
716.635	51.09
716.815	51.77
716.995	31.38
717.176	50.39
717.356	48.17
717.536	41.63
717.717	42.63
717.897	43.83
718.077	36.97
718.258	37.67
718.438	41.19
718.618	45.43
718.798	49.04
718.978	40.16
719.159	41.34
719.339	60.78
719.519	47.16
719.699	50.86
719.879	41.43
720.059	37.33
720.239	56.96
720.419	49.36
720.599	39.8
720.779	54.8
720.959	41.61
721.139	49.67
721.319	37.97
721.499	57.91
721.679	39.43
721.859	45.02
722.039	39.26
722.219	50.45
722.399	40.6
722.579	28.86
722.759	28.7
722.938	36.35
723.118	45.66
723.298	48.64
723.478	38.41
723.658	49.94
723.837	42.31
724.017	46.2
724.197	32.85
724.376	48.56
724.556	47.21
724.736	35.72
724.915	40.36
725.095	42.76
725.275	55.29
725.454	53.17
725.634	51.45
725.813	52.79
725.993	44.07
726.172	51.83
726.352	48.99
726.531	54.88
726.711	56.18
726.89	59.41
727.07	57.69
727.249	50.46
727.428	35.1
727.608	41.08
727.787	44.86
727.966	44.89
728.146	48.69
728.325	49.77
728.504	49.15
728.684	45.31
728.863	45.04
729.042	27.06
729.221	40.74
729.4	41.14
729.58	46.69
729.759	49.59
729.938	50.46
730.117	43.54
730.296	41.34
730.475	36.59
730.654	39.01
730.833	50.13
731.013	37.37
731.192	21.6
731.371	40.69
731.55	65.41
731.729	49.15
731.907	44.42
732.086	49.12
732.265	29.48
732.444	56.02
732.623	69.19
732.802	57.86
732.981	37.44
733.16	24.54
733.339	42.66
733.517	60.66
733.696	52.2
733.875	51.06
734.054	37.79
734.232	53.21
734.411	39.07
734.59	43.64
734.768	63.43
734.947	48.56
735.126	20.19
735.304	42.32
735.483	37.01
735.662	53.47
735.84	46.53
736.019	44.65
736.197	36.6
736.376	39.95
736.554	61.48
736.733	68.23
736.911	59.03
737.09	33.12
737.268	42.28
737.447	60.43
737.625	45.77
737.803	23.8
737.982	51.31
738.16	66.47
738.338	55.11
738.517	29.36
738.695	56.69
738.873	35.04
739.052	45.99
739.23	22.05
739.408	41.38
739.586	52.65
739.764	25.1
739.943	51.06
740.121	47.53
740.299	23.32
740.477	34.26
740.655	49.49
740.833	55.66
741.011	68.85
741.189	60.07
741.367	39.3
741.545	43.62
741.723	29.02
741.901	26.61
742.079	41.56
742.257	42.01
742.435	35.72
742.613	36.86
742.791	64.71
742.969	32.59
743.147	55.55
743.325	13.67
743.503	50.96
743.68	46.29
743.858	65.58
744.036	9.31
744.214	41.56
744.391	51.39
744.569	14.46
744.747	45.71
744.925	37.68
745.102	79.16
745.28	26.44
745.458	50.98
745.635	59.46
745.813	46.13
745.99	70.86
746.168	39.5
746.345	69.55
746.523	39.77
746.7	80.35
746.878	50.73
747.055	74.2
747.233	43.3
747.41	60.24
747.588	46.84
747.765	72.19
747.943	45.32
748.12	44.48
748.297	40.03
748.475	45.71
748.652	41.47
748.829	57.26
749.007	10.36
749.184	44.32
749.361	47.72
749.538	61.99
749.716	65.17
749.893	48.54
750.07	52.55
750.247	36.46
750.424	51.3
750.601	60.97
750.778	76
750.956	20.11
751.133	35.2
751.31	40.82
751.487	16.02
751.664	25.43
751.841	27.14
752.018	43.23
752.195	27.03
752.372	33.05
752.549	33.2
752.726	39.2
752.902	79.41
753.079	73.94
753.256	51.01
753.433	30.97
753.61	44.05
753.787	65.57
753.964	70.91
754.14	14.61
754.317	85.9
754.494	102.46
754.671	64.85
754.847	41.39
755.024	58.26
755.201	63.93
755.377	-8.69
755.554	94.42
755.73	53.85
755.907	71.09
756.084	73.71
756.26	45.21
756.437	32.2
756.613	53.31
756.79	44.08
756.966	43.4
757.143	75.8
757.319	51.88
757.496	62.68
757.672	52.95
757.849	41.76
758.025	71.94
758.201	112.59
758.378	31.5
758.554	47.74
758.73	51.1
758.907	63.8
759.083	65.25
759.259	67.06
759.435	74.67
759.612	78.88
759.788	96.83
759.964	33.23
760.14	56.3
760.316	36.82
760.493	34.61
760.669	105.94
760.845	119.35
761.021	76.77
761.197	46.87
761.373	9.44
761.549	55.26
761.725	4.18
761.901	35.09
762.077	62.48
762.253	49.12
762.429	53.49
762.605	51.37
762.781	43.52
762.957	45.45
763.133	50.91
763.308	122.42
763.484	44.72
763.66	114.03
763.836	30.48
764.012	-1.62
764.187	34.02
764.363	64.09
764.539	70.38
764.715	46.93
764.89	-48.81
765.066	39.49
765.242	71.36
765.417	69.95
765.593	23.39
765.769	69.54
765.944	9.04
766.12	57.85
766.295	45.07
766.471	2.69
766.646	51.27
766.822	150.45
766.997	29.45
767.173	19.07
767.348	68.01
767.524	-10.67
767.699	2.95
767.875	72.02
768.05	21.79
768.225	26.19
768.401	86.2
768.576	125.67
768.751	114.49
768.927	-32.63
769.102	30.49
769.277	113.85
769.452	73.32
769.628	27.5
769.803	59.34
769.978	123.41
770.153	30.53
770.328	32.33
770.503	139.63
770.679	69.94
770.854	7.09
771.029	43.33
771.204	-158.28
771.379	13.17
771.554	61.74
771.729	79.72
771.904	55.99
772.079	-8.54
772.254	94.5
772.429	128.37
772.604	45.25
772.779	-11.7
772.953	-15.92
773.128	77.62
773.303	73.32
773.478	52.95
773.653	66.37
773.828	76.73
774.002	137.6
774.177	23.22
774.352	73.91
774.527	24.1
774.701	65.39
774.876	104.24
775.051	-339.57
775.225	185.71
775.4	10.55
775.575	62.72
775.749	31.59
775.924	-20.41
776.098	62.14
776.273	37.11
776.447	63.13
776.622	47.47
776.796	16.3
776.971	52.19
777.145	24.92
777.32	90.58
777.494	106.14
777.669	18.65
777.843	238.76
778.017	79.64
778.192	21.2
778.366	-9.01
778.54	-10.27
778.715	1.97
778.889	137.22
779.063	48.5
779.237	54.71
779.412	55.02
779.586	47.89
779.76	88.93
779.934	2.83
780.108	42.6
780.282	-195.52
780.457	38.21
780.631	73.76
780.805	-18.59
780.979	-840.3
781.153	129.16
781.327	58.5
781.501	27.93
781.675	73.76
781.849	0.12
782.023	0.19
782.197	36.13
782.371	-33.71
782.545	177.3
782.718	63.96
782.892	88.19
783.066	71.79
783.24	175.3
783.414	5.74
783.588	103.7
783.761	52.61
783.935	123.23
784.109	46.55
784.283	-280.87
784.456	182.46
784.63	79.42
784.804	20.24
784.977	66.02
785.151	-35.7
785.324	32.05
785.498	-23.43
785.672	55.52
785.845	69.21
786.019	108.53
786.192	40.4
786.366	41.68
786.539	69.49
786.713	189.92
786.886	79.79
787.06	141.69
787.233	11.16
787.406	12.71
787.58	-31.05
787.753	81.2
787.926	137.92
788.1	184.66
788.273	-613.21
788.446	62.36
788.62	1125.81
788.793	36.27
788.966	86.39
789.139	-84.23
789.313	98.37
789.486	3100
789.659	117.14
789.832	51.66
790.005	51.31
790.178	-276.99
790.351	39.67
790.524	61.36
790.697	100.85
790.87	157.87
791.044	-260
791.216	117.05
791.389	-31.55
791.562	119.55
791.735	517.72
791.908	232.47
792.081	125.28
792.254	93.41
792.427	-0.37
792.6	35.28
792.773	18
792.945	431.34
793.118	80.65
793.291	-64.84
793.464	-71.06
793.637	0.61
793.809	58.9
793.982	35.99
794.155	86.19
794.327	104.34
794.5	312.31
794.673	-203.64
794.845	-98.44
795.018	-116.24
795.19	-68.54
795.363	38.48
795.536	213.08
795.708	-383.87
795.881	220
796.053	38.11
796.226	117.14
796.398	212.6
796.57	62.42
796.743	133.24
796.915	55.92
797.088	204.45
797.26	114.17
797.432	-530.38
797.605	-63.64
797.777	-484.42
797.949	65.25
798.122	49.69
798.294	151.12
798.466	0.57
798.638	34.17
798.81	149.01
798.983	381.01
799.155	53.06
799.327	-95.18
799.499	122.45
799.671	38.52
799.843	35.42
800.015	-14.4
800.187	80.04
800.359	29.49
800.531	118.56
800.703	43.48
800.875	73.51
801.047	128.34
801.219	32.42
801.391	-967.53
801.563	164.75
801.735	43.32
801.907	376.07
802.079	147.32
802.251	-368.13
802.422	95.28
802.594	216.88
802.766	54.64
802.938	377.13
803.11	317.96
803.281	270.86
803.453	19.67
803.625	62.46
803.796	33.22
803.968	17.61
804.14	25.47
804.311	23.25
804.483	228.14
804.654	65.47
804.826	109.4
804.998	193.05
805.169	-203.47
805.341	373.6
805.512	-97.52
805.684	61.81
805.855	127.52
806.026	718.46
806.198	346.63
806.369	42.8
806.541	79.02
806.712	124.69
806.883	68.94
807.055	51.78
807.226	-42.2
807.397	-117.58
807.569	-170.8
807.74	94.03
807.911	107.35
808.082	-107.17
808.253	-298.02
808.425	88.68
808.596	93.26
808.767	104.32
808.938	-82.95
809.109	-72.28
809.28	-323.7
809.451	-23.88
809.622	173.8
809.793	-1003.23
809.964	21.74
810.135	69.49
810.306	96.53
810.477	281.21
810.648	80.93
810.819	183.75
810.99	-1460
811.161	-62.83
811.332	200.54
811.503	78.82
811.674	386.15
811.844	478.46
812.015	190.24
812.186	317.18
812.357	-129.18
812.527	106.76
812.698	73.91
812.869	971.7
813.04	46.7
813.21	-417.24
813.381	-126.46
813.551	50.99
813.722	152.39
813.893	-22.24
814.063	137.22
814.234	-281.82
814.404	184.23
814.575	130.51
814.745	-117.7
814.916	84.24
815.086	113.89
815.257	5.83
815.427	7.98
815.598	12.49
815.768	67.81
815.938	72.93
816.109	-62.75
816.279	121.8
816.449	-10.57
816.62	-1005.26
816.79	88.29
816.96	-1450.94
817.13	7.36
817.301	-73.6
817.471	-14.05
817.641	508.59
817.811	60.58
817.981	-4100
818.152	188.15
818.322	-286.14
818.492	77.26
818.662	284.45
818.832	54.98
819.002	4.47
819.172	234.52
819.342	-167.05
819.512	-9.4
819.682	-28.37
819.852	8.07
820.022	58.76
820.192	470.79
820.362	50.78
820.531	58.96
820.701	129.74
820.871	49.15
821.041	119
821.211	-90.02
821.381	86.53
821.55	-168.09
821.72	253.49
821.89	478.46
822.059	86.39
822.229	36.79
822.399	97.31
822.568	267.4
822.738	173.17
822.908	74.23
823.077	22.51
823.247	26.55
823.416	276.47
823.586	167.38
823.756	27.32
823.925	1.27
824.095	420.93
824.264	102.69
824.433	-0.88
824.603	20.84
824.772	88.56
824.942	-454.43
825.111	30.65
825.28	6.83
825.45	-186.96
825.619	-22.98
825.788	133.71
825.958	98.85
826.127	22.88
826.296	101.95
826.465	22.35
826.635	36.56
826.804	19.89
826.973	35.79
827.142	20.85
827.311	200.67
827.48	55.79
827.649	-52.35
827.818	-27.56
827.988	200.8
828.157	52.98
828.326	-83.02
828.495	6.52
828.664	18.29
828.833	34.28
829.002	-239.13
829.17	208.72
829.339	48.74
829.508	-53.04
829.677	-14.61
829.846	33.69
830.015	-141.69
830.184	68.42
830.352	70.68
830.521	-16.55
830.69	407.32
830.859	-2264.71
831.027	-942.11
831.196	71
831.365	59.02
831.533	18.63
831.702	24.7
831.871	-5.54
832.039	164.72
832.208	-176.52
832.377	-301.57
832.545	172.49
832.714	27.82
832.882	-38.31
833.051	108.25
833.219	3614.29
833.388	102.23
833.556	-45.19
833.724	-63.25
833.893	86.77
834.061	1457.89
834.23	154.92
834.398	-22.78
834.566	61.04
834.735	11157.14
834.903	269.81
835.071	-2420
835.239	-75.08
835.408	35.47
835.576	-332.56
835.744	193.4
835.912	45.68
836.08	102.01
836.249	-24.53
836.417	379.14
836.585	167.07
836.753	183.38
836.921	-162.7
837.089	528.57
837.257	-527.91
837.425	-20
837.593	-93.02
837.761	56.44
837.929	4.23
838.097	9.31
838.265	49.55
838.433	42.95
838.601	-28.91
838.769	244.3
838.936	241.57
839.104	82.02
839.272	117.4
839.44	153.19
839.608	-1085.37
839.775	32.31
839.943	65.83
840.111	92.15
840.279	-45.22
840.446	592.54
840.614	310.39
840.781	199.13
840.949	64.79
841.117	124.43
841.284	-340.34
841.452	21.74
841.619	-2.03
841.787	177.49
841.954	-806.98
842.122	-125.43
842.289	37.22
842.457	3.12
842.624	128.7
842.792	51.82
842.959	14.29
843.126	-101.13
843.294	-29.48
843.461	58.31
843.629	152.8
843.796	129.81
843.963	-187.16
844.13	44.23
844.298	144.02
844.465	59.77
844.632	163.35
844.799	-126.13
844.966	77.02
845.134	71.98
845.301	-28.07
845.468	64.24
845.635	144.52
845.802	87.23
845.969	49.36
846.136	53.11
846.303	194.74
846.47	73.64
846.637	275.38
846.804	700
846.971	109.84
847.138	55.98
847.305	-340.71
847.472	87.23
847.639	95.78
847.805	181.17
847.972	76.62
848.139	87.12
848.306	1584.21
848.473	467.16
848.639	-48.24
848.806	133.6
848.973	135.56
849.14	207.89
849.306	-74.89
849.473	167.55
849.64	-407.69
849.806	79.9
849.973	648.11
850.139	-31.13
850.306	32.15
850.472	204.06
850.639	62.62
850.806	1078.95
850.972	470.43
851.139	3785.71
851.305	173.73
851.471	114.95
851.638	199.39
851.804	413.43
851.971	-10.42
852.137	121.88
852.303	5.53
852.47	-5.55
852.636	-155.5
852.802	29.13
852.968	51.49
853.135	-122.34
853.301	-63.01
853.467	101.97
853.633	-1.97
853.8	38.74
853.966	29.95
854.132	4128.57
854.298	-333.58
854.464	-270.79
854.63	98.99
854.796	32.88
854.962	-335.97
855.128	-12.07
855.294	-17.53
855.46	-109.38
855.626	44.91
855.792	-55.21
855.958	233.98
856.124	-242.33
856.29	207.28
856.456	109.46
856.622	179.15
856.787	668.83
856.953	-5.49
857.119	-24.75
857.285	-107.58
857.45	13.07
857.616	-34.19
857.782	-70.33
857.948	210.97
858.113	-78.16
858.279	54.31
858.445	416.54
858.61	1146.51
858.776	141.3
858.941	10.89
859.107	-14.12
859.273	104.24
859.438	-92.62
859.604	2342.11
859.769	208.66
859.935	-333.66
860.1	84.38
860.265	-5.27
860.431	112.95
860.596	2414.29
860.762	101.75
860.927	-115.86
861.092	120.94
861.258	-98.87
861.423	232.05
861.588	56.82
861.753	14.29
861.919	-273.58
862.084	511.02
862.249	187.46
862.414	196.25
862.579	-6.6
862.745	130.93
862.91	283.76
863.075	211.4
863.24	49.31
863.405	115.08
863.57	105.86
863.735	69
863.9	-468.14
864.065	50.46
864.23	120.58
864.395	63.7
864.56	3.93
864.725	259.49
864.89	268.54
865.055	151.3
865.22	-90.44
865.384	-877.53
865.549	140.78
865.714	-41.92
865.879	-0.33
866.044	-86.89
866.208	-38.46
866.373	-302.2
866.538	73.3
866.702	27.21
866.867	20.91
867.032	177.65
867.196	59.89
867.361	287.2
867.526	-160.09
867.69	-92.33
867.855	225.27
868.019	-63.64
868.184	-43.91
868.348	28.33
868.513	-1506.45
868.677	50.97
868.842	80.92
869.006	50.71
869.17	-1269.81
869.335	26.83
869.499	-103.88
869.663	159.6
869.828	-96.76
869.992	1090.7
870.156	54.12
870.321	-134.02
870.485	77.38
870.649	-72.56
870.813	-61.62
870.978	276.17
871.142	-333.85
871.306	-107.58
871.47	78.1
871.634	322.05
871.798	163.35
871.962	98.63
872.126	1042.86
872.29	-61.26
872.454	-1014.29
872.618	-23.44
872.782	628.36
872.946	-16.78
873.11	60.8
873.274	-125.43
873.438	-2335.29
873.602	-18.73
873.766	-63.64
873.93	78.63
874.094	-55.06
874.257	123.87
874.421	13.29
874.585	1027.27
874.749	74.82
874.912	164.75
875.076	15.14
875.24	86.23
875.403	151.19
875.567	185.71
875.731	241.57
875.894	82.86
876.058	91.39
876.222	-216.85
876.385	205.53
876.549	26.55
876.712	-85.45
876.876	112.15
877.039	-13.51
877.203	118.27
877.366	205.06
877.529	-12.37
877.693	57.92
877.856	147.67
878.02	-29.36
878.183	-10.97
878.346	92.21
878.51	-117.7
878.673	-85.61
878.836	170.03
878.999	-383.87
879.163	180.09
879.326	153.71
879.489	72.21
879.652	65.93
879.815	83.45
879.978	-122.86
880.142	257.05
880.305	342.24
880.468	49.4
880.631	53.85
880.794	31.02
880.957	-148.78
881.12	1123.53
881.283	21.97
881.446	37.48
881.609	182.01
881.772	-3.58
881.935	-1205.88
882.097	132.23
882.26	383.02
882.423	-17.59
882.586	119.93
882.749	28.28
882.912	96.32
883.074	41.03
883.237	158.57
883.4	-114.85
883.562	103.88
883.725	104.8
883.888	265.35
884.05	-7220
884.213	68.73
884.376	43.33
884.538	74.27
884.701	74.27
884.863	74.27
