181.954	97.57
182.172	97.57
182.39	97.57
182.608	-3140
182.826	291.21
183.043	-183.4
183.261	114.71
183.479	-14.37
183.697	1405.88
183.914	-169.64
184.132	141.71
184.35	274.89
184.567	121.97
184.785	105.31
185.003	36.76
185.22	25.32
185.438	71.21
185.656	84.92
185.873	127.69
186.091	68.67
186.309	-500
186.526	75.57
186.744	24.49
186.961	54.9
187.179	154.03
187.396	-73.23
187.614	-93.85
187.831	-12500
188.049	-131.9
188.266	102.48
188.484	1.49
188.701	164.08
188.919	59.21
189.136	80.55
189.354	60.62
189.571	114.22
189.789	13.53
190.006	91.28
190.223	-162.7
190.441	76.37
190.658	-6157.14
190.876	108.96
191.093	185.71
191.31	79.02
191.528	76.11
191.745	29.06
191.962	-20
192.179	35.08
192.397	-121.05
192.614	-42.41
192.831	82.23
193.049	9.67
193.266	280.58
193.483	28.21
193.7	-370.77
193.917	68.19
194.135	613.67
194.352	46.72
194.569	37.49
194.786	155.72
195.003	92.97
195.221	51.23
195.438	140.28
195.655	265.83
195.872	16.61
196.089	103.15
196.306	121.47
196.523	98.12
196.74	117.14
196.957	13.69
197.174	5.58
197.391	89.43
197.608	48.8
197.825	700
198.042	108.56
198.259	-1741.38
198.476	200.3
198.693	7900
198.91	45.92
199.127	-607.46
199.344	170.45
199.561	186.71
199.778	81.9
199.995	-123.88
200.212	-1451.72
200.429	-84.83
200.646	-348.1
200.862	-135.96
201.079	30.02
201.296	461.59
201.513	362.14
201.73	115.5
201.947	187.84
202.163	-4.61
202.38	-63.01
202.597	58.29
202.814	20.68
203.03	-6500
203.247	259.8
203.464	78.2
203.681	-390.91
203.897	244.06
204.114	179.25
204.331	153.45
204.547	-527.91
204.764	118.65
204.981	-147.06
205.197	235.32
205.414	308.56
205.63	-2113.79
205.847	259.8
206.064	198.18
206.28	75.48
206.497	137.22
206.713	74.75
206.93	-75.7
207.146	84.37
207.363	293.85
207.579	-64.84
207.796	-85.84
208.012	-33.15
208.229	126.87
208.445	39.51
208.662	-24.03
208.878	15.77
209.095	-2194.12
209.311	24.91
209.528	357.14
209.744	-45.95
209.96	40.4
210.177	-68.93
210.393	112.84
210.609	220
210.826	125.77
211.042	564.35
211.258	198.51
211.475	193.05
211.691	11.62
211.907	532.91
212.124	-29.46
212.34	439.43
212.556	36.77
212.772	238.46
212.989	254.97
213.205	-70.48
213.421	-83.92
213.637	377.61
213.853	-117.12
214.069	1900
214.286	42.27
214.502	-231.34
214.718	-71.16
214.934	40.51
215.15	-67.21
215.366	12.08
215.582	63.96
215.798	107.87
216.015	80.93
216.231	109.73
216.447	75.22
216.663	-11.66
216.879	-29.65
217.095	192.62
217.311	496.23
217.527	114.7
217.743	-92.23
217.959	-567.92
218.175	27.72
218.391	216.55
218.606	62.29
218.822	209.57
219.038	212.3
219.254	76
219.47	-26.55
219.686	807.87
219.902	67.34
220.118	79.02
220.334	37.83
220.549	31.85
220.765	23
220.981	40.85
221.197	30.95
221.413	-368.13
221.628	700
221.844	405.66
222.06	257.28
222.276	0.17
222.491	101.05
222.707	66.56
222.923	-395.3
223.139	9.38
223.354	65.76
223.57	151.97
223.786	45.92
224.001	-22.78
224.217	129.74
224.432	214.45
224.648	119.44
224.864	52.29
225.079	1273.13
225.295	-95.04
225.51	148.65
225.726	-43.05
225.942	71.79
226.157	61.91
226.373	-30.21
226.588	63.37
226.804	-2647.37
227.019	277.89
227.235	46.96
227.45	61.21
227.665	3100
227.881	161.42
228.096	-51.3
228.312	56.82
228.527	100.95
228.743	240.57
228.958	-31.2
229.173	-239.13
229.389	177.28
229.604	76.33
229.819	-19.35
230.035	8.83
230.25	-10.2
230.465	-60.85
230.681	-136.48
230.896	-2.06
231.111	74.82
231.327	-162.17
231.542	-5300
231.757	-0.37
231.972	72.44
232.187	77.02
232.403	573.68
232.618	118.31
232.833	65.61
233.048	612.73
233.263	-82.41
233.478	63.48
233.694	58.14
233.909	2635.48
234.124	155.25
234.339	33.07
234.554	1527.59
234.769	-17.28
234.984	97.31
235.199	73.83
235.414	-287.61
235.629	-150.63
235.844	66.73
236.059	17.59
236.274	243.2
236.489	-56.11
236.704	194.87
236.919	80.76
237.134	52.4
237.349	13.78
237.564	58.87
237.779	54.09
237.994	-127.23
238.209	178.92
238.424	-131.9
238.639	30.02
238.853	62.44
239.068	145.32
239.283	3.93
239.498	180.74
239.713	114.25
239.928	43.84
240.142	-23.44
240.357	196.46
240.572	44.23
240.787	-25.89
241.001	107.66
241.216	87.29
241.431	-17.44
241.646	-10.64
241.86	-225.56
242.075	-360.47
242.29	4.47
242.504	6.04
242.719	-52.8
242.934	-46.46
243.148	101.37
243.363	30.3
243.577	-270.79
243.792	48.99
244.007	82.6
244.221	-79.22
244.436	431.34
244.65	103.68
244.865	245.02
245.079	65.02
245.294	-120.14
245.508	53.23
245.723	186.2
245.937	-328.57
246.152	49.49
246.366	125.73
246.581	13.06
246.795	-65.64
247.01	38.26
247.224	41.02
247.438	-5.39
247.653	107.51
247.867	132.11
248.081	39.63
248.296	553.66
248.51	126.09
248.724	66.16
248.939	198.51
249.153	68.16
249.367	118.42
249.582	85.29
249.796	-312.99
250.01	-221.85
250.224	56.38
250.439	91.55
250.653	134.65
250.867	33.1
251.081	-147.39
251.295	28.15
251.51	77.02
251.724	-111.51
251.938	213.75
252.152	-27.01
252.366	-67.07
252.58	-107.27
252.794	61.84
253.008	175.5
253.223	80.04
253.437	75.55
253.651	36.44
253.865	75.91
254.079	52.96
254.293	60.32
254.507	-1001.82
254.721	50.87
254.935	568.13
255.149	103.81
255.363	87.2
255.577	-57.05
255.791	199.66
256.005	295.09
256.218	23.54
256.432	101.53
256.646	39.28
256.86	155.77
257.074	159.9
257.288	5020
257.502	357.14
257.716	-1.85
257.929	40.18
258.143	-40.71
258.357	119.08
258.571	181.92
258.785	-32.51
258.998	43.9
259.212	116.92
259.426	65.02
259.64	156.1
259.853	-101.25
260.067	157.61
260.281	31.59
260.494	40.72
260.708	-416.83
260.922	138.19
261.135	119.63
261.349	-17.98
261.563	188.19
261.776	-76.47
261.99	46.41
262.203	11.69
262.417	148.76
262.63	-105.42
262.844	-68.54
263.058	167.12
263.271	77.22
263.485	-2.81
263.698	82.69
263.912	102.55
264.125	28
264.339	425.98
264.552	14.8
264.765	334.78
264.979	15.36
265.192	23.16
265.406	65.01
265.619	7.54
265.832	80.76
266.046	62.99
266.259	207.8
266.473	-1506.45
266.686	47.51
266.899	120.5
267.113	1900
267.326	136.04
267.539	39.7
267.752	49.21
267.966	78.08
268.179	142.07
268.392	46.41
268.605	284.25
268.819	129.46
269.032	171.09
269.245	293.85
269.458	297.05
269.671	-196.2
269.885	141.24
270.098	21.24
270.311	-29.11
270.524	75.27
270.737	101.53
270.95	167.55
271.163	142.52
271.376	1358.06
271.589	-287.34
271.802	74.82
272.016	-19.22
272.229	91.44
272.442	58.7
272.655	52.05
272.868	31.32
273.081	-837.08
273.294	30.85
273.506	229.33
273.719	74.27
273.932	19.93
274.145	1180
274.358	35.09
274.571	50.59
274.784	813.21
274.997	24.41
275.21	125.25
275.423	-27.34
275.635	151.26
275.848	84.43
276.061	366.23
276.274	67.77
276.487	42.61
276.699	24.07
276.912	40.15
277.125	138.3
277.338	103.15
277.55	40.73
277.763	63.86
277.976	110.82
278.189	-25.27
278.401	77.1
278.614	383.2
278.827	97.6
279.039	50.99
279.252	235.95
279.464	27.88
279.677	77.71
279.89	79.72
280.102	-168.34
280.315	934.15
280.527	-121.05
280.74	-1906.9
280.952	257.59
281.165	38.35
281.377	124.09
281.59	34.17
281.802	52.77
282.015	-31.57
282.227	124.66
282.44	769.06
282.652	632.58
282.865	57.35
283.077	173.73
283.29	161.63
283.502	86.63
283.714	74.41
283.927	104.77
284.139	-257.94
284.351	70.84
284.564	398.4
284.776	-37.68
284.988	-50.53
285.201	413.43
285.413	94.66
285.625	-97.84
285.838	102.75
286.05	41.89
286.262	88.93
286.474	119.94
286.686	30.99
286.899	11.21
287.111	-20
287.323	60.24
287.535	10.89
287.747	52.71
287.959	15.27
288.172	809.09
288.384	1.4
288.596	101.37
288.808	-250.94
289.02	224.53
289.232	33
289.444	22.81
289.656	-58.31
289.868	28.73
290.08	22.7
290.292	-96.6
290.504	94.96
290.716	3.28
290.928	146.83
291.14	1258.14
291.352	-13.82
291.564	982.35
291.776	224.44
291.988	52.15
292.2	40.28
292.412	-279.46
292.624	-43.61
292.835	717.91
293.047	49.63
293.259	52.98
293.471	-22.17
293.683	-909.76
293.895	59.02
294.106	11.96
294.318	77.27
294.53	56
294.742	658.62
294.953	44.65
295.165	47.61
295.377	69.72
295.589	8.58
295.8	143.12
296.012	21.91
296.224	63.98
296.435	274.35
296.647	-8.49
296.858	441.01
297.07	293.85
297.282	-13.58
297.493	42.09
297.705	76
297.916	1.85
298.128	52.59
298.34	-68.39
298.551	38
298.763	186.83
298.974	87.64
299.186	0.17
299.397	126.24
299.609	738.71
299.82	39.29
300.031	78.17
300.243	384.21
300.454	-28.83
300.666	44.78
300.877	233.65
301.089	143.4
301.3	100.92
301.511	33.67
301.723	-37.03
301.934	-70.15
302.145	152.57
302.357	111.9
302.568	66.4
302.779	-3.45
302.99	-21.08
303.202	-7.76
303.413	9.59
303.624	12.54
303.835	-771.7
304.047	19.84
304.258	33.73
304.469	17.32
304.68	49.31
304.891	34.81
305.103	-8.88
305.314	114.49
305.525	9442.86
305.736	227.56
305.947	92.42
306.158	1335.29
306.369	117.63
306.58	52.5
306.791	-16.07
307.002	57.99
307.213	2.54
307.424	-37.81
307.636	101.63
307.846	45.45
308.057	268.93
308.268	74.33
308.479	37.17
308.69	39.75
308.901	123.04
309.112	-109.3
309.323	66.74
309.534	130.12
309.745	20.98
309.956	13.31
310.167	-7.9
310.377	55.27
310.588	89.58
310.799	136.44
311.01	60.36
311.221	88.92
311.432	39.55
311.642	-2.32
311.853	63.59
312.064	2106.9
312.275	-27.14
312.485	95.66
312.696	73.77
312.907	277.89
313.117	48.34
313.328	14.71
313.539	144.5
313.749	-50.37
313.96	278.02
314.171	136.87
314.381	-37.88
314.592	26.39
314.802	51.26
315.013	32.97
315.224	87.16
315.434	-500
315.645	1900
315.855	150.68
316.066	201.12
316.276	335.34
316.487	-236.59
316.697	22.47
316.908	-24.49
317.118	-46.83
317.329	156.04
317.539	84.93
317.749	215.88
317.96	-876.12
318.17	-2.38
318.381	370.33
318.591	-684.62
318.801	29.67
319.012	30.04
319.222	280.58
319.432	0.25
319.643	161.22
319.853	-37.22
320.063	51.1
320.273	33.75
320.484	53.85
320.694	151.43
320.904	-36.27
321.114	241.57
321.325	865.52
321.535	68.72
321.745	130.98
321.955	92.92
322.165	170.69
322.375	89.04
322.585	133.13
322.796	-210.34
323.006	101.69
323.216	139.32
323.426	101.49
323.636	-109.57
323.846	989.66
324.056	68.9
324.266	55.18
324.476	111.09
324.686	-52.43
324.896	45.6
325.106	-115.09
325.316	32.49
325.526	700
325.736	88.56
325.946	4.32
326.156	481.82
326.366	-343.48
326.576	13.06
326.785	368.34
326.995	33.71
327.205	175.38
327.415	203.73
327.625	43.07
327.835	75.77
328.044	139.2
328.254	-239.13
328.464	-3.89
328.674	109.31
328.884	-85.61
329.093	276.47
329.303	79.04
329.513	334.78
329.722	1268.42
329.932	49.55
330.142	34.23
330.351	55.75
330.561	940
330.771	-79.34
330.98	3.54
331.19	404.62
331.4	102.12
331.609	68.88
331.819	202.44
332.028	21.14
332.238	-3.73
332.447	187.78
332.657	109.76
332.866	187.95
333.076	72.08
333.285	195.77
333.495	41.94
333.704	43.5
333.914	2.69
334.123	120.84
334.333	164.62
334.542	-25.89
334.752	404.62
334.961	-613.21
335.17	-313.07
335.38	42.78
335.589	37.33
335.798	111.09
336.008	1082.42
336.217	102.55
336.426	98.23
336.636	97.45
336.845	74.65
337.054	263.64
337.263	0.16
337.473	66.72
337.682	141.04
337.891	149.39
338.1	-7.91
338.309	76.51
338.519	65.83
338.728	65.23
338.937	-424.41
339.146	52.52
339.355	-341.51
339.564	-878.95
339.773	0.5
339.983	105.1
340.192	53.04
340.401	212.81
340.61	58.88
340.819	41.21
341.028	-149.84
341.237	1617.65
341.446	76.45
341.655	12.16
341.864	256.4
342.073	70.52
342.282	-43.13
342.491	81.35
342.699	606.8
342.908	29.87
343.117	66.75
343.326	63.56
343.535	154.55
343.744	-50.35
343.953	62.29
344.162	53.76
344.37	-32.57
344.579	252.24
344.788	52.43
344.997	-31.29
345.206	78.5
345.414	11.4
345.623	13.65
345.832	-5.39
346.041	48.22
346.249	92.94
346.458	31.97
346.667	73.54
346.875	31.88
347.084	80.85
347.293	101.3
347.501	-118.96
347.71	11.79
347.918	66.79
348.127	-196.7
348.336	-23.18
348.544	162.83
348.753	288.06
348.961	0.18
349.17	199.61
349.378	49.1
349.587	21.09
349.795	-488.35
350.004	220
350.212	74.51
350.421	-64.6
350.629	127.19
350.838	1.7
351.046	59.6
351.254	11.66
351.463	49.62
351.671	-1005.26
351.879	86.99
352.088	62.44
352.296	-22.12
352.504	173.97
352.713	-9.31
352.921	-27.56
353.129	7.6
353.338	59.77
353.546	-29.84
353.754	228.83
353.962	-52.77
354.171	76.97
354.379	-2836.84
354.587	5.7
354.795	105.86
355.003	0.16
355.212	40.18
355.42	1062.26
355.628	260.48
355.836	130.51
356.044	46.08
356.252	67.17
356.46	-5.44
356.668	1013.85
356.876	41.02
357.084	124.73
357.292	137.08
357.5	-6.26
357.708	88.68
357.916	88.56
358.124	56.27
358.332	144.78
358.54	67.27
358.748	-531.17
358.956	20.95
359.164	97.96
359.372	124.11
359.58	95.68
359.788	51.09
359.996	141.43
360.203	36.45
360.411	43.16
360.619	-150.25
360.827	90.1
361.035	-153.99
361.242	31.38
361.45	31.65
361.658	97.16
361.866	65.23
362.073	191.17
362.281	127.58
362.489	17.16
362.697	79.5
362.904	40.18
363.112	116.88
363.32	61.32
363.527	-207.83
363.735	144.02
363.943	42.82
364.15	63.96
364.358	41.08
364.565	52.05
364.773	41.08
364.98	17.31
365.188	137.58
365.395	83.62
365.603	171.19
365.81	47.74
366.018	31.18
366.225	100.79
366.433	-11.66
366.64	132.73
366.848	92.72
367.055	-37.3
367.263	68.74
367.47	81.65
367.677	168.35
367.885	-23.73
368.092	28.68
368.299	-70.7
368.507	169.51
368.714	-32.74
368.921	208.66
369.129	60.56
369.336	80.03
369.543	96.11
369.751	-14.25
369.958	-69.51
370.165	54.73
370.372	-39.69
370.579	-12.02
370.787	57.2
370.994	188.52
371.201	3.54
371.408	37.06
371.615	56.14
371.822	139.64
372.029	122.37
372.237	-376.57
372.444	-97.84
372.651	29.24
372.858	77.13
373.065	37.19
373.272	92.33
373.479	-541.38
373.686	102.84
373.893	59.22
374.1	97.13
374.307	-180.58
374.514	141.3
374.721	28.24
374.928	185.71
375.135	-1.89
375.341	2860
375.548	36.3
375.755	-66.18
375.962	46.11
376.169	-72.83
376.376	-28.74
376.583	21.51
376.789	97.76
376.996	33.07
377.203	-16.63
377.41	-5.88
377.617	67.27
377.823	199.47
378.03	-422.58
378.237	27.31
378.443	7.43
378.65	-364.15
378.857	173.06
379.063	396.2
379.27	376.52
379.477	134.33
379.683	137.6
379.89	16.65
380.097	21.33
380.303	69.22
380.51	14.81
380.716	36.15
380.923	-159.84
381.129	99.12
381.336	-273.23
381.542	18.16
381.749	-2.06
381.955	106.19
382.162	178.16
382.368	41.68
382.575	-37.65
382.781	-293.1
382.988	27.72
383.194	69.42
383.4	36.45
383.607	30.37
383.813	71.22
384.02	-2.32
384.226	-89.97
384.432	-6.4
384.639	54.33
384.845	-545.57
385.051	28.73
385.257	27.16
385.464	17.96
385.67	154.97
385.876	67.6
386.082	102.03
386.289	58.21
386.495	10.33
386.701	-54.4
386.907	-58.06
387.113	44.97
387.319	64.51
387.526	0.33
387.732	-46.46
387.938	239.2
388.144	-93.04
388.35	58.97
388.556	70.84
388.762	61.04
388.968	1425.58
389.174	51.19
389.38	176.46
389.586	-6.16
389.792	-10.84
389.998	65.01
390.204	-3.21
390.41	55.53
390.616	112.34
390.822	74.21
391.028	31.13
391.234	83.81
391.439	-465.05
391.645	47.28
391.851	94.98
392.057	48.37
392.263	65.9
392.469	0.18
392.674	-23.09
392.88	20.15
393.086	-73.17
393.292	44.06
393.498	-71.66
393.703	49.79
393.909	10.03
394.115	111.1
394.32	-23.9
394.526	7.82
394.732	65.36
394.937	25.51
395.143	83
395.349	-10.15
395.554	18.59
395.76	38.24
395.965	25.66
396.171	48.92
396.377	-32.68
396.582	35.65
396.788	20.34
396.993	100.73
397.199	6.64
397.404	35.06
397.61	1.63
397.815	-13.6
398.021	13.13
398.226	8.25
398.431	-17.85
398.637	59.92
398.842	41.53
399.048	52.21
399.253	42.62
399.458	26.1
399.664	37.38
399.869	-7.58
400.074	33.86
400.28	17.82
400.485	-0.8
400.69	37.49
400.896	-2.32
401.101	13.23
401.306	31.5
401.511	-3.4
401.716	30.86
401.922	14.79
402.127	-12.7
402.332	-4.92
402.537	41.39
402.742	17.5
402.947	17.71
403.153	4.38
403.358	28.75
403.563	-0.46
403.768	15.15
403.973	14.58
404.178	-7.49
404.383	15.48
404.588	17.01
404.793	17.86
404.998	5.4
405.203	-2.33
405.408	14.58
405.613	3.7
405.818	7.43
406.023	15.14
406.228	7.22
406.433	6.12
406.638	-1.39
406.842	9.77
407.047	13.47
407.252	4.26
407.457	18.74
407.662	9.6
407.867	7.25
408.071	5.34
408.276	7.9
408.481	5.87
408.686	7.98
408.891	5.12
409.095	9.08
409.3	9.5
409.505	8.38
409.709	6.9
409.914	12.04
410.119	13.23
410.323	3.49
410.528	3.81
410.733	8.6
410.937	5.98
411.142	2.87
411.346	8.77
411.551	6.32
411.756	5
411.96	9.08
412.165	7.23
412.369	6.57
412.574	0.41
412.778	6.36
412.983	5.38
413.187	8.43
413.392	-0.17
413.596	3.61
413.8	7.52
414.005	8.46
414.209	4.73
414.414	5.69
414.618	4.64
414.822	5.53
415.027	7.03
415.231	5.26
415.435	4.55
415.64	4.5
415.844	2.74
416.048	5.27
416.252	5.85
416.457	6.48
416.661	3.71
416.865	4.35
417.069	2.64
417.274	4.27
417.478	3.22
417.682	5.42
417.886	3.1
418.09	4.59
418.294	5.64
418.498	3.81
418.702	5.08
418.907	3.08
419.111	2.16
419.315	4.23
419.519	4.93
419.723	0.56
419.927	3.45
420.131	6.38
420.335	2.99
420.539	4.74
420.743	5.66
420.947	2.39
421.151	2.94
421.355	4.4
421.558	4.68
421.762	5.23
421.966	4.08
422.17	3.46
422.374	2.79
422.578	3.96
422.782	2.91
422.985	3.02
423.189	3.61
423.393	2.95
423.597	3.69
423.801	3
424.004	3.61
424.208	2.59
424.412	3.55
424.615	3
424.819	3.89
425.023	3.96
425.226	3.18
425.43	3.26
425.634	3.67
425.837	3.19
426.041	2.95
426.245	4.03
426.448	3.05
426.652	3.02
426.855	1.76
427.059	2.81
427.262	3.67
427.466	3.41
427.669	2.82
427.873	3.02
428.076	3.08
428.28	3.98
428.483	3.24
428.687	2.94
428.89	3.05
429.094	2.95
429.297	3.43
429.5	3.35
429.704	2.59
429.907	3.56
430.11	2.8
430.314	3.73
430.517	3.25
430.72	3.35
430.924	3.43
431.127	2.97
431.33	3.37
431.533	3.05
431.737	3.09
431.94	2.76
432.143	3.29
432.346	2.73
432.549	3.05
432.752	2.8
432.956	3.32
433.159	3.25
433.362	2.47
433.565	2.41
433.768	2.6
433.971	2.14
434.174	3.28
434.377	2.68
434.58	3.55
434.783	2.33
434.986	3.5
435.189	3.1
435.392	3.26
435.595	2.98
435.798	2.97
436.001	3.63
436.204	3.03
436.407	2.87
436.61	2.7
436.813	3.06
437.016	3.19
437.219	2.78
437.421	2.62
437.624	2.55
437.827	3.12
438.03	3.18
438.233	2.74
438.435	2.57
438.638	3.3
438.841	2.69
439.044	2.82
439.246	2.97
439.449	2.39
439.652	3.06
439.854	2.95
440.057	3.15
440.26	3.06
440.462	2.72
440.665	2.65
440.868	2.84
441.07	3
441.273	3.04
441.475	2.93
441.678	2.64
441.88	2.63
442.083	2.57
442.286	2.95
442.488	2.61
442.69	2.91
442.893	2.54
443.095	2.51
443.298	3.08
443.5	2.8
443.703	2.8
443.905	3.28
444.108	3.06
444.31	3.08
444.512	2.96
444.715	3.02
444.917	3.04
445.119	2.75
445.322	2.98
445.524	2.98
445.726	2.65
445.928	2.82
446.131	3.2
446.333	2.92
446.535	3.04
446.737	3.11
446.94	3.78
447.142	3.09
447.344	2.91
447.546	3.4
447.748	2.82
447.95	3.06
448.152	3.34
448.354	3.35
448.557	3.33
448.759	3.47
448.961	2.99
449.163	3.68
449.365	3.21
449.567	3.3
449.769	3.08
449.971	3.32
450.173	3.27
450.375	3.71
450.577	3.53
450.779	3.44
450.981	3.42
451.182	3.34
451.384	3.43
451.586	3.72
451.788	3.12
451.99	3.23
452.192	3.29
452.394	3.37
452.595	3.91
452.797	3.43
452.999	3.42
453.201	3.97
453.402	3.41
453.604	3.56
453.806	3.58
454.008	3.58
454.209	3.51
454.411	3.6
454.613	3.71
454.814	3.72
455.016	3.54
455.218	3.81
455.419	3.85
455.621	3.79
455.822	3.67
456.024	3.7
456.225	3.79
456.427	4.03
456.629	3.6
456.83	3.58
457.032	3.68
457.233	3.7
457.435	3.84
457.636	3.91
457.837	4.02
458.039	3.68
458.24	3.92
458.442	3.93
458.643	3.36
458.844	4.15
459.046	4.27
459.247	3.6
459.448	3.77
459.65	4.18
459.851	4.16
460.052	4.04
460.254	4.28
460.455	5.01
460.656	4.4
460.857	3.66
461.059	3.12
461.26	4.03
461.461	3.77
461.662	4.33
461.863	4.47
462.065	4.34
462.266	4.47
462.467	3.85
462.668	3.99
462.869	4.02
463.07	4.28
463.271	3.74
463.472	3.6
463.673	3.8
463.874	4.8
464.075	4.46
464.276	4.63
464.477	4.69
464.678	4.37
464.879	4.01
465.08	4.4
465.281	4.65
465.482	4.17
465.683	2.82
465.884	5.19
466.085	4.6
466.285	3.49
466.486	4.02
466.687	4.33
466.888	4.1
467.089	4.68
467.29	4.33
467.49	4.06
467.691	4.7
467.892	3.95
468.093	4.49
468.293	4.68
468.494	4.37
468.695	3.68
468.895	3.56
469.096	4.01
469.297	4.52
469.497	4.28
469.698	5.43
469.898	3.49
470.099	4.6
470.3	4.63
470.5	3.53
470.701	4.89
470.901	5.53
471.102	4.89
471.302	4.18
471.503	5.3
471.703	6.1
471.904	5.01
472.104	4.51
472.305	4.52
472.505	4.5
472.705	4.54
472.906	5.04
473.106	4.7
473.306	4.47
473.507	5.4
473.707	4.41
473.907	4
474.108	4.18
474.308	4.03
474.508	4.4
474.709	5.43
474.909	5.02
475.109	3.9
475.309	4.31
475.51	4.13
475.71	4.34
475.91	5.36
476.11	2.94
476.31	4.86
476.51	4.32
476.71	5.21
476.911	5.29
477.111	4
477.311	4.57
477.511	4.89
477.711	4.05
477.911	4.28
478.111	6.16
478.311	4.84
478.511	4.56
478.711	4.09
478.911	5.73
479.111	4.11
479.311	4.5
479.511	6.39
479.711	4.42
479.91	3.91
480.11	4.09
480.31	5.25
480.51	6.09
480.71	5.56
480.91	4.44
481.109	5.81
481.309	5.2
481.509	2.87
481.709	4.14
481.909	4.51
482.108	4.04
482.308	3.81
482.508	4.72
482.707	6.55
482.907	5.32
483.107	5.83
483.306	4.3
483.506	5.58
483.706	4.06
483.905	4.85
484.105	4.31
484.304	5.36
484.504	3.13
484.704	5.12
484.903	5.34
485.103	5.78
485.302	3.22
485.502	5.38
485.701	5.3
485.901	3.64
486.1	4.29
486.299	4.77
486.499	5.53
486.698	4.8
486.898	4.26
487.097	4.17
487.296	4.74
487.496	4.98
487.695	4.16
487.894	5.45
488.094	4.08
488.293	5.47
488.492	3.12
488.692	5.16
488.891	4.78
489.09	4.8
489.289	3.78
489.489	5.53
489.688	4.68
489.887	5.32
490.086	4.4
490.285	5.35
490.484	6.39
490.683	4.59
490.883	5.14
491.082	5.91
491.281	4.27
491.48	3.12
491.679	5.87
491.878	4.16
492.077	5.86
492.276	5.02
492.475	4.82
492.674	2.97
492.873	5.22
493.072	4.47
493.271	5.74
493.47	4.76
493.669	5.2
493.867	4.37
494.066	4.15
494.265	5.52
494.464	5.69
494.663	3.67
494.862	3.96
495.06	4.7
495.259	3.86
495.458	4.39
495.657	4.73
495.856	4.46
496.054	4.9
496.253	4.94
496.452	5.13
496.65	5.08
496.849	4.34
497.048	4.5
497.246	4.72
497.445	4.83
497.644	6.11
497.842	4.51
498.041	5.01
498.239	4.65
498.438	5.15
498.636	5.5
498.835	5.34
499.034	4.33
499.232	4.36
499.431	5.01
499.629	5.22
499.827	5.31
500.026	4.95
500.224	5.51
500.423	4.24
500.621	5.27
500.82	6.62
501.018	5.67
501.216	5.13
501.415	5.45
501.613	4.93
501.811	5.45
502.01	6.11
502.208	5.17
502.406	5.51
502.604	6.9
502.803	5.21
503.001	6.17
503.199	5.25
503.397	4.94
503.595	5.98
503.794	4.72
503.992	5
504.19	5.44
504.388	6.77
504.586	4.84
504.784	5.71
504.982	6.13
505.18	5.9
505.378	5.23
505.576	5.75
505.774	5.81
505.972	5.61
506.17	6.86
506.368	5.95
506.566	5.86
506.764	6.61
506.962	6.64
507.16	6.73
507.358	6.48
507.556	6.34
507.754	6.5
507.952	6.24
508.15	6.9
508.347	6.24
508.545	6.99
508.743	6.92
508.941	7.04
509.139	6.62
509.336	6.36
509.534	7.39
509.732	6.3
509.93	6.9
510.127	6.67
510.325	7.16
510.523	7.04
510.72	7.13
510.918	7.07
511.116	6.39
511.313	6.92
511.511	7.03
511.708	6.92
511.906	7.69
512.104	7.61
512.301	7.22
512.499	7.28
512.696	7.15
512.894	7.28
513.091	7.54
513.289	7.59
513.486	7.66
513.683	8.1
513.881	7.29
514.078	7.74
514.276	8.29
514.473	8.02
514.67	8.43
514.868	8.41
515.065	7.87
515.262	8.39
515.46	7.67
515.657	7.77
515.854	8.32
516.052	8.08
516.249	8.56
516.446	8.23
516.643	8.42
516.84	9.05
517.038	8.01
517.235	8.25
517.432	8.48
517.629	8.96
517.826	8.5
518.023	8.75
518.221	8.57
518.418	9.64
518.615	9.07
518.812	8.89
519.009	8.96
519.206	8.84
519.403	9.41
519.6	9.31
519.797	9.02
519.994	8.99
520.191	9.75
520.388	9.38
520.585	9.55
520.782	9.06
520.978	9.17
521.175	9.49
521.372	9.63
521.569	9.64
521.766	9.59
521.963	9.13
522.159	10.06
522.356	9.61
522.553	9.93
522.75	10.28
522.947	10.63
523.143	9.55
523.34	10.67
523.537	9.99
523.733	10.56
523.93	10.04
524.127	10.2
524.323	10.12
524.52	10.26
524.717	10.21
524.913	9.77
525.11	10.24
525.306	11.17
525.503	10.62
525.7	10.59
525.896	10.6
526.093	10.96
526.289	11.13
526.486	10.12
526.682	10.8
526.878	10.92
527.075	11.18
527.271	10.95
527.468	11.08
527.664	11.08
527.861	11.24
528.057	11.29
528.253	11.15
528.45	10.49
528.646	11.25
528.842	11.6
529.039	10.54
529.235	11.3
529.431	10.98
529.627	10.84
529.824	10.94
530.02	11.55
530.216	11.04
530.412	11.82
530.608	11.4
530.804	11.34
531.001	11.35
531.197	11.12
531.393	11.56
531.589	11.58
531.785	11.79
531.981	11.43
532.177	12.03
532.373	11.94
532.569	11.81
532.765	11.6
532.961	11.55
533.157	11.51
533.353	11.78
533.549	11.74
533.745	12.01
533.941	11.59
534.137	12.1
534.333	11.11
534.529	11.77
534.725	11.95
534.92	11.64
535.116	11.91
535.312	12.09
535.508	12.37
535.704	12.06
535.899	11.99
536.095	11.9
536.291	12.33
536.487	11.41
536.682	12.32
536.878	12.21
537.074	11.61
537.269	12.04
537.465	11.71
537.661	12.12
537.856	12.17
538.052	12.38
538.248	12.5
538.443	12.37
538.639	12.19
538.834	11.89
539.03	11.88
539.225	12.36
539.421	11.81
539.616	12.77
539.812	11.85
540.007	12.27
540.203	12.61
540.398	12.37
540.593	12.14
540.789	12.45
540.984	12.18
541.18	12.53
541.375	11.72
541.57	12.47
541.766	12.28
541.961	12.4
542.156	12.38
542.352	12.72
542.547	12.44
542.742	12.4
542.937	12.1
543.133	12.9
543.328	12.61
543.523	12.98
543.718	12.64
543.913	12.21
544.108	12.51
544.304	12.61
544.499	12.81
544.694	12.86
544.889	13.13
545.084	13.16
545.279	13.13
545.474	12.84
545.669	12.6
545.864	12.75
546.059	12.41
546.254	12.2
546.449	13.09
546.644	12.49
546.839	12.65
547.034	12.67
547.229	12.74
547.424	13.35
547.618	13.26
547.813	13.55
548.008	13.13
548.203	12.87
548.398	12.75
548.593	13.16
548.787	12.82
548.982	12.82
549.177	12.61
549.372	13.34
549.566	13.07
549.761	12.83
549.956	13.05
550.15	13
550.345	12.97
550.54	13.34
550.734	13.03
550.929	13.29
551.124	13.19
551.318	13.26
551.513	12.68
551.707	13.39
551.902	13.52
552.096	13.54
552.291	13.17
552.485	13.45
552.68	13.34
552.874	13.34
553.069	13.17
553.263	13.41
553.458	13.5
553.652	13.4
553.847	13.56
554.041	13.99
554.235	12.92
554.43	13.07
554.624	12.93
554.818	13.49
555.013	13.04
555.207	13.24
555.401	13.91
555.595	13.7
555.79	13.45
555.984	13.84
556.178	13.36
556.372	13.87
556.566	13.39
556.761	13.73
556.955	13.79
557.149	14.04
557.343	13.46
557.537	13.51
557.731	13.92
557.925	13.7
558.119	13.39
558.313	13.61
558.507	13.41
558.701	13.81
558.895	13.78
559.089	13.4
559.283	13.73
559.477	13.59
559.671	13.82
559.865	13.47
560.059	13.54
560.253	13.58
560.447	13.75
560.641	13.58
560.835	13.89
561.028	13.56
561.222	13.99
561.416	13.76
561.61	13.52
561.804	13.45
561.997	13.33
562.191	13.76
562.385	13.6
562.579	13.5
562.772	13.71
562.966	13.59
563.16	13.65
563.353	13.67
563.547	13.65
563.741	14
563.934	13.67
564.128	13.54
564.321	13.7
564.515	14.06
564.708	13.66
564.902	13.72
565.095	14.1
565.289	13.77
565.482	13.84
565.676	13.49
565.869	13.53
566.063	13.7
566.256	13.28
566.45	13.34
566.643	13.58
566.836	13.59
567.03	13.47
567.223	13.64
567.416	13.75
567.61	13.72
567.803	13.73
567.996	13.42
568.19	13.54
568.383	13.44
568.576	13.66
568.769	13.67
568.963	13.35
569.156	13.31
569.349	13.67
569.542	13.25
569.735	13.6
569.928	13.61
570.121	13.25
570.315	13.44
570.508	13.5
570.701	13.51
570.894	13.24
571.087	13.36
571.28	13.93
571.473	13.7
571.666	13.55
571.859	13.4
572.052	13.36
572.245	13.47
572.438	13.76
572.631	13.53
572.824	13.47
573.016	13.26
573.209	13.38
573.402	13.37
573.595	13.29
573.788	13.42
573.981	13.12
574.173	13.29
574.366	13.27
574.559	13.2
574.752	13.03
574.944	12.7
575.137	13.06
575.33	13.54
575.523	13.38
575.715	13.09
575.908	12.65
576.101	12.83
576.293	13
576.486	12.93
576.678	12.79
576.871	12.9
577.063	13.4
577.256	12.96
577.449	12.98
577.641	12.91
577.834	13.04
578.026	12.84
578.219	13.05
578.411	13.41
578.603	12.99
578.796	13.23
578.988	12.94
579.181	12.86
579.373	13.36
579.565	13.18
579.758	12.96
579.95	12.77
580.142	12.47
580.335	12.66
580.527	12.94
580.719	12.76
580.912	12.89
581.104	13.19
581.296	12.87
581.488	13.23
581.68	12.87
581.873	13.04
582.065	13.07
582.257	12.84
582.449	12.58
582.641	12.8
582.833	12.85
583.025	12.48
583.217	13.23
583.41	12.9
583.602	13.19
583.794	12.45
583.986	13.31
584.178	12.78
584.37	12.97
584.562	12.14
584.753	13.23
584.945	12.87
585.137	12.52
585.329	12.75
585.521	12.96
585.713	13.38
585.905	12.78
586.097	12.56
586.289	13.19
586.48	12.73
586.672	12.6
586.864	12.7
587.056	13.2
587.247	12.21
587.439	12.68
587.631	12.59
587.823	12.6
588.014	12.72
588.206	12.37
588.398	12.58
588.589	12.84
588.781	12.67
588.972	12.99
589.164	12.85
589.356	12.52
589.547	13.04
589.739	12.52
589.93	13.12
590.122	12.83
590.313	12.7
590.505	12.66
590.696	12.42
590.888	12.69
591.079	13.06
591.271	13.09
591.462	12.73
591.653	12.56
591.845	13.07
592.036	12.85
592.227	12.54
592.419	12.76
592.61	12.06
592.801	12.34
592.993	12.43
593.184	13.19
593.375	12.57
593.566	13.12
593.758	12.58
593.949	12.75
594.14	12.53
594.331	12.44
594.522	12.6
594.713	12.78
594.905	12.63
595.096	13.2
595.287	13.06
595.478	13.51
595.669	12.59
595.86	13.07
596.051	13.01
596.242	12.78
596.433	12.75
596.624	12.07
596.815	13.07
597.006	13.34
597.197	12.99
597.388	12.52
597.579	13.28
597.77	12.6
597.96	12.86
598.151	13.03
598.342	12.73
598.533	13.35
598.724	12.76
598.915	12.98
599.105	13.39
599.296	12.65
599.487	12.58
599.678	12.94
599.868	13.04
600.059	13.33
600.25	13.03
600.44	12.93
600.631	12.76
600.822	13.47
601.012	13.5
601.203	13.21
601.394	12.91
601.584	13.37
601.775	13.19
601.965	13.08
602.156	12.93
602.346	13.26
602.537	13.3
602.727	13.23
602.918	12.91
603.108	12.84
603.299	12.86
603.489	13.5
603.679	13.11
603.87	13.37
604.06	13.02
604.251	13.31
604.441	12.95
604.631	13.14
604.822	12.81
605.012	13.52
605.202	13.34
605.392	12.79
605.583	13.09
605.773	13.56
605.963	13
606.153	13.35
606.344	13.09
606.534	12.43
606.724	13.88
606.914	12.99
607.104	13.23
607.294	13.02
607.484	12.62
607.674	13.37
607.864	13.1
608.054	13.33
608.245	12.55
608.435	13.81
608.625	12.93
608.814	13.04
609.004	13.19
609.194	13.24
609.384	13.01
609.574	13.81
609.764	12.7
609.954	13.03
610.144	12.92
610.334	13.22
610.524	12.94
610.713	13.39
610.903	12.87
611.093	12.98
611.283	13.08
611.473	12.53
611.662	13.33
611.852	12.77
612.042	12.49
612.231	12.57
612.421	13.16
612.611	13.02
612.8	12.84
612.99	12.82
613.18	13.14
613.369	12.92
613.559	13.22
613.748	12.36
613.938	13.33
614.128	12.9
614.317	12.85
614.507	13.11
614.696	13
614.886	13.04
615.075	12.74
615.264	13.28
615.454	13.69
615.643	12.62
615.833	13.62
616.022	12.43
616.211	13.42
616.401	13.03
616.59	13.38
616.779	12.63
616.969	13.04
617.158	12.62
617.347	12.77
617.537	12.92
617.726	13
617.915	12.49
618.104	12.32
618.293	12.51
618.483	12.25
618.672	12.93
618.861	13.4
619.05	12.74
619.239	13.09
619.428	12.62
619.617	13.25
619.806	13.16
619.995	12.5
620.184	12.83
620.373	12.63
620.562	12
620.751	11.83
620.94	12.48
621.129	13.1
621.318	12.91
621.507	12.62
621.696	12.7
621.885	12.35
622.074	12.84
622.263	12.35
622.452	13.09
622.64	12.36
622.829	13.01
623.018	12.47
623.207	12.35
623.396	12.72
623.584	12.56
623.773	12.86
623.962	12.25
624.15	13.56
624.339	13.29
624.528	12.89
624.716	12.8
624.905	12.92
625.094	12.94
625.282	12.49
625.471	12.57
625.659	12.94
625.848	12.3
626.037	12.34
626.225	13.16
626.414	13.2
626.602	12.96
626.791	13.35
626.979	12.68
627.167	12.77
627.356	13.11
627.544	12.98
627.733	12.65
627.921	12.56
628.109	13.09
628.298	12.63
628.486	13.15
628.674	13.36
628.863	12.75
629.051	13.39
629.239	13.37
629.428	12.97
629.616	13.13
629.804	14.03
629.992	12.39
630.18	12.76
630.369	13
630.557	12.82
630.745	12.42
630.933	13.36
631.121	13.12
631.309	12.29
631.497	13.08
631.685	13
631.873	12.59
632.061	12.79
632.249	13.82
632.437	13.18
632.625	12.67
632.813	12.55
633.001	13.17
633.189	12.56
633.377	12.98
633.565	12.43
633.753	12.1
633.941	13.2
634.129	12.84
634.316	13.56
634.504	13.76
634.692	13.26
634.88	12.85
635.068	13.13
635.255	13.17
635.443	13.39
635.631	12.8
635.818	12.9
636.006	12.98
636.194	12.35
636.382	12.91
636.569	12.86
636.757	14.19
636.944	12.85
637.132	13.18
637.32	13.92
637.507	12.18
637.695	12.21
637.882	13.88
638.07	13.03
638.257	12.82
638.445	12.48
638.632	12.52
638.82	12.35
639.007	12.77
639.194	12.8
639.382	12.25
639.569	12.23
639.757	13.6
639.944	11.81
640.131	12.49
640.319	12.75
640.506	12.1
640.693	12.88
640.88	12.19
641.068	11.91
641.255	13.23
641.442	12.14
641.629	10.91
641.817	12.69
642.004	11.96
642.191	12.77
642.378	11.94
642.565	12.66
642.752	13.09
642.939	11.09
643.126	11.07
643.313	11.47
643.501	12
643.688	12.2
643.875	11.04
644.062	11.59
644.249	11.06
644.435	11.47
644.622	10.98
644.809	12.16
644.996	11.6
645.183	11.19
645.37	12.17
645.557	11.7
645.744	11.22
645.931	10.99
646.117	11.81
646.304	10.9
646.491	11.04
646.678	11.85
646.865	12.24
647.051	11.04
647.238	10.37
647.425	10.83
647.611	11.07
647.798	10.83
647.985	11.26
648.171	10.74
648.358	10.66
648.545	11.36
648.731	9.62
648.918	11.1
649.104	9.79
649.291	11.65
649.477	11.1
649.664	11.04
649.85	10.9
650.037	10.38
650.223	9.65
650.41	10.29
650.596	10.95
650.783	10.12
650.969	9.14
651.155	10.53
651.342	10.8
651.528	10.68
651.714	10.14
651.901	11.15
652.087	10.28
652.273	10.36
652.46	10.58
652.646	10.15
652.832	9.66
653.018	11.29
653.204	12.41
653.391	10.6
653.577	9.97
653.763	11.21
653.949	9.09
654.135	10.38
654.321	9.48
654.507	11.02
654.693	10.16
654.879	9.89
655.065	9.67
655.252	9.17
655.438	9.01
655.624	10.03
655.809	10.08
655.995	9.57
656.181	10.99
656.367	9.44
656.553	10.39
656.739	10.73
656.925	11.86
657.111	11.26
657.297	11.36
657.482	9.85
657.668	10.11
657.854	10.73
658.04	9.1
658.226	8.28
658.411	10.06
658.597	10.8
658.783	10.1
658.968	10.65
659.154	10.14
659.34	9.77
659.525	9.11
659.711	9.81
659.897	8.75
660.082	10.04
660.268	9.78
660.453	9.95
660.639	10.39
660.824	8.99
661.01	8.96
661.195	8.88
661.381	8.36
661.566	8.34
661.752	8.81
661.937	9.26
662.123	7.49
662.308	9.85
662.494	9.24
662.679	7.81
662.864	10.18
663.05	8.34
663.235	9.69
663.42	9.15
663.605	7.22
663.791	7.15
663.976	6.82
664.161	7.64
664.346	8.52
664.532	7.88
664.717	9.12
664.902	8.93
665.087	11.24
665.272	8.71
665.457	9.09
665.642	7.57
665.828	8.71
666.013	10.27
666.198	5.24
666.383	10.08
666.568	8.65
666.753	8.41
666.938	8.31
667.123	8.04
667.308	6.79
667.493	8.11
667.677	6.29
667.862	8.93
668.047	7.89
668.232	9.61
668.417	9.4
668.602	6.9
668.787	9.37
668.971	8.39
669.156	10.29
669.341	7.29
669.526	10.73
669.711	9.78
669.895	7.7
670.08	7.68
670.265	9.85
670.449	8.86
670.634	8
670.819	9.08
671.003	8.06
671.188	9.47
671.372	8.9
671.557	9.19
671.742	9.38
671.926	9.17
672.111	10.42
672.295	8.3
672.48	8.74
672.664	8.24
672.849	5.76
673.033	9.64
673.217	6.51
673.402	7.09
673.586	6.25
673.771	9.09
673.955	9.16
674.139	9.66
674.324	9.12
674.508	7.91
674.692	9.93
674.876	9.4
675.061	10.94
675.245	11.12
675.429	10.42
675.613	7.62
675.798	11.37
675.982	10.07
676.166	9.57
676.35	10.68
676.534	11.6
676.718	9.59
676.902	11.51
677.087	7.1
677.271	10.38
677.455	10.43
677.639	7.38
677.823	14.02
678.007	12.01
678.191	11.64
678.375	11.66
678.559	9.96
678.742	10.41
678.926	13.88
679.11	11.23
679.294	13.06
679.478	10.63
679.662	11.06
679.846	11.01
680.029	12.29
680.213	12.32
680.397	12.96
680.581	14.24
680.765	15.06
680.948	13.52
681.132	13.26
681.316	11.49
681.499	13.77
681.683	14.1
681.867	14.63
682.05	13.38
682.234	13.84
682.417	14.34
682.601	15.12
682.785	14.46
682.968	13.34
683.152	16.64
683.335	13.01
683.519	11.12
683.702	12.45
683.886	14.45
684.069	16.9
684.253	17.5
684.436	17.83
684.619	15.01
684.803	17.26
684.986	17.01
685.169	18.9
685.353	20.23
685.536	14.71
685.719	17.42
685.903	13.73
686.086	10.86
686.269	17.99
686.452	13.7
686.636	18.35
686.819	19.57
687.002	17.69
687.185	14.74
687.368	17.94
687.551	16.89
687.734	19.97
687.918	19.94
688.101	18.05
688.284	20.52
688.467	17.69
688.65	20.41
688.833	19.23
689.016	16.63
689.199	17.17
689.382	23.89
689.565	23.29
689.748	15.61
689.93	20.89
690.113	22.38
690.296	17.24
690.479	21.83
690.662	19.01
690.845	16.87
691.028	16.89
691.21	24.83
691.393	21.65
691.576	23.14
691.759	22.23
691.941	24.74
692.124	27.38
692.307	19.93
692.489	20.74
692.672	25.04
692.855	23.1
693.037	26.88
693.22	26.55
693.403	21.55
693.585	28.63
693.768	27.51
693.95	21.83
694.133	28.5
694.315	27.74
694.498	29.18
694.68	26.86
694.863	27
695.045	26.9
695.228	31.77
695.41	27.76
695.592	28.11
695.775	27.87
695.957	31.58
696.139	24.13
696.322	25.75
696.504	30.94
696.686	31.13
696.869	25.59
697.051	30.05
697.233	36.74
697.415	32.43
697.597	18.95
697.78	29.72
697.962	28.41
698.144	37.77
698.326	30.98
698.508	32.85
698.69	31.36
698.872	27.76
699.055	37.51
699.237	30.3
699.419	28.13
699.601	29.92
699.783	34.45
699.965	30.83
700.147	26.14
700.329	41.34
700.51	33.47
700.692	31.77
700.874	33.55
701.056	36.45
701.238	32.19
701.42	35.05
701.602	30.39
701.783	32.89
701.965	37.67
702.147	34.6
702.329	38.35
702.511	38.61
702.692	47.84
702.874	33.32
703.056	39.33
703.237	40.33
703.419	33.53
703.601	43.64
703.782	38.41
703.964	37.76
704.146	39.9
704.327	41.51
704.509	44.06
704.69	40.89
704.872	41.19
705.053	33.77
705.235	44.83
705.416	37.13
705.598	39.62
705.779	40.75
705.961	42.38
706.142	33.63
706.323	42.64
706.505	35.47
706.686	38.76
706.867	39
707.049	41.43
707.23	43.71
707.411	45.13
707.593	46.69
707.774	42.32
707.955	41.4
708.136	41.42
708.318	40.44
708.499	50.22
708.68	40.96
708.861	47.01
709.042	35.15
709.223	38.22
709.404	37.95
709.585	42.46
709.767	43.43
709.948	41.48
710.129	43.68
710.31	40.92
710.491	39.55
710.672	34.21
710.853	38.85
711.034	42.56
711.214	36.2
711.395	50.54
711.576	39.57
711.757	50.52
711.938	47.8
712.119	44.39
712.3	57.33
712.481	42.16
712.661	39.26
712.842	38.69
713.023	44.49
713.204	42.38
713.384	47.99
713.565	44.57
713.746	39.15
713.926	45.27
714.107	35.76
714.288	43.25
714.468	51.9
714.649	46.06
714.83	43.18
715.01	49.96
715.191	52.53
715.371	54.01
715.552	46.09
715.732	49.03
715.913	50.5
716.093	51.63
716.274	53.91
716.454	41.59
716.635	49.02
716.815	52
716.995	46.2
717.176	43.63
717.356	50.85
717.536	47.93
717.717	39.24
717.897	43.62
718.077	36.77
718.258	41.18
718.438	45.52
718.618	55.93
718.798	46.99
718.978	43.54
719.159	38.02
719.339	62.77
719.519	47.16
719.699	50.86
719.879	46.67
720.059	45.97
720.239	51.73
720.419	48.19
720.599	48.39
720.779	49.2
720.959	50.57
721.139	48.03
721.319	51.69
721.499	56.23
721.679	45.29
721.859	45.27
722.039	46.19
722.219	58.02
722.399	61.03
722.579	45.97
722.759	51.64
722.938	46.49
723.118	42.89
723.298	49.93
723.478	49.58
723.658	60.85
723.837	53.58
724.017	35.33
724.197	35.86
724.376	52.32
724.556	48.81
724.736	47.91
724.915	52.26
725.095	50.56
725.275	58.1
725.454	46.69
725.634	67.01
725.813	45.91
725.993	45.34
726.172	54.74
726.352	44.88
726.531	47.69
726.711	36.45
726.89	53.41
727.07	50.87
727.249	48.33
727.428	61.49
727.608	44.09
727.787	55
727.966	41.02
728.146	62.09
728.325	64.54
728.504	50.09
728.684	51.32
728.863	49.93
729.042	58.07
729.221	46.63
729.4	28.77
729.58	43.29
729.759	38.05
729.938	70.91
730.117	55.69
730.296	52.91
730.475	57.16
730.654	48.36
730.833	50.13
731.013	55.77
731.192	46.76
731.371	52.43
731.55	55.39
731.729	60.36
731.907	64.6
732.086	68.67
732.265	39.45
732.444	54.75
732.623	60.39
732.802	41.64
732.981	42.17
733.16	44.22
733.339	52.47
733.517	55.93
733.696	75.31
733.875	69.15
734.054	58.07
734.232	77.53
734.411	52.48
734.59	46.6
734.768	38.58
734.947	51.67
735.126	27.62
735.304	67.14
735.483	51.2
735.662	52.4
735.84	56.25
736.019	50.54
736.197	43.25
736.376	61.72
736.554	90.68
736.733	74.95
736.911	74.95
737.09	68.6
737.268	41.79
737.447	76.9
737.625	52.3
737.803	59.43
737.982	75.23
738.16	85.35
738.338	82.44
738.517	61.88
738.695	52.3
738.873	75.34
739.052	44.03
739.23	67.98
739.408	47.83
739.586	62.07
739.764	60.07
739.943	82.14
740.121	61.3
740.299	54.2
740.477	65.15
740.655	110.39
740.833	47.27
741.011	63.43
741.189	52.57
741.367	66.16
741.545	68.13
741.723	45.65
741.901	64.97
742.079	84.99
742.257	48.78
742.435	37.19
742.613	72.22
742.791	73.6
742.969	40.34
743.147	52.85
743.325	43.04
743.503	56.86
743.68	64.59
743.858	58.95
744.036	56.25
744.214	52.62
744.391	66.17
744.569	37.02
744.747	39.58
744.925	80.45
745.102	88.52
745.28	75.26
745.458	63.9
745.635	47.88
745.813	104.67
745.99	85.27
746.168	64.9
746.345	111.82
746.523	57.94
746.7	50.24
746.878	59.74
747.055	33.49
747.233	71.78
747.41	103.22
747.588	72.96
747.765	78.91
747.943	62.66
748.12	44.48
748.297	65.25
748.475	54.62
748.652	94.82
748.829	64.33
749.007	41.86
749.184	42.25
749.361	76.43
749.538	91.77
749.716	58.65
749.893	72.75
750.07	49.18
750.247	82.48
750.424	57.32
750.601	71.27
750.778	43.71
750.956	28.8
751.133	43.99
751.31	66.87
751.487	53.26
751.664	57.6
751.841	26.34
752.018	54.42
752.195	69.79
752.372	47.65
752.549	58.03
752.726	55.6
752.902	72.68
753.079	75.96
753.256	101.18
753.433	53.63
753.61	40.77
753.787	105.08
753.964	66.69
754.14	62.86
754.317	78.38
754.494	64.07
754.671	59.96
754.847	55.55
755.024	80.18
755.201	69.73
755.377	43.95
755.554	113.03
755.73	2.76
755.907	97.46
756.084	95.91
756.26	70.45
756.437	55.72
756.613	74.25
756.79	37.13
756.966	69.98
757.143	68.36
757.319	62.65
757.496	74.72
757.672	68.19
757.849	135.8
758.025	64.07
758.201	194.83
758.378	64.44
758.554	60.28
758.73	91.07
758.907	38.42
759.083	41.61
759.259	85.42
759.435	46.12
759.612	28.64
759.788	26.3
759.964	90.06
760.14	85.94
760.316	17.1
760.493	46.95
760.669	88.66
760.845	62.06
761.021	109.57
761.197	-12.63
761.373	100.58
761.549	62.79
761.725	75.92
761.901	44.02
762.077	79.75
762.253	30.08
762.429	98.62
762.605	32.99
762.781	41.15
762.957	48.38
763.133	73.51
763.308	119.71
763.484	68.05
763.66	148.69
763.836	45.67
764.012	31.96
764.187	10.87
764.363	120.24
764.539	37.24
764.715	51.49
764.89	85.73
765.066	74.48
765.242	69.97
765.417	64.14
765.593	79.78
765.769	87.96
765.944	42.2
766.12	48.38
766.295	74.37
766.471	27.13
766.646	46.3
766.822	178.35
766.997	60.19
767.173	71.53
767.348	45.81
767.524	79.06
767.699	52.54
767.875	34.72
768.05	32.06
768.225	64.4
768.401	51.08
768.576	146.59
768.751	129.73
768.927	60.84
769.102	110.39
769.277	78.86
769.452	103.81
769.628	68.6
769.803	69.2
769.978	79.06
770.153	-47.79
770.328	87.76
770.503	73.77
770.679	207.01
770.854	111.29
771.029	26.97
771.204	286.75
771.379	53.65
771.554	80.4
771.729	0.13
771.904	124.69
772.079	97.4
772.254	122.8
772.429	136.78
772.604	52.02
772.779	108.9
772.953	35.12
773.128	42.68
773.303	49.74
773.478	52.95
773.653	80.02
773.828	58.48
774.002	82.02
774.177	-10.76
774.352	272.17
774.527	20.91
774.701	109.26
774.876	98.18
775.051	116.04
775.225	245.95
775.4	44.5
775.575	75.64
775.749	51.78
775.924	55.75
776.098	78.2
776.273	45.99
776.447	49.24
776.622	54.87
776.796	58.66
776.971	-169.92
777.145	30.14
777.32	41.57
777.494	92.74
777.669	48.13
777.843	305.21
778.017	151.37
778.192	37.33
778.366	113.74
778.54	111.29
778.715	49.37
778.889	110.42
779.063	71.39
779.237	80.77
779.412	21.47
779.586	-5.71
779.76	119.93
779.934	30.01
780.108	50.46
780.282	270.15
780.457	72.86
780.631	63.27
780.805	119.96
780.979	-34.33
781.153	159.85
781.327	116.82
781.501	60.93
781.675	143.73
781.849	1.58
782.023	151.63
782.197	7.35
782.371	14.29
782.545	66.87
782.718	-12.37
782.892	109.66
783.066	18.42
783.24	121.86
783.414	3.48
783.588	88.91
783.761	40.95
783.935	60.36
784.109	129.24
784.283	-30.43
784.456	193.84
784.63	57.26
784.804	110.78
784.977	38.63
785.151	78.69
785.324	-54.7
785.498	36.67
785.672	89.13
785.845	112.77
786.019	28.91
786.192	-23.18
786.366	40.08
786.539	85.76
786.713	-120.71
786.886	75.17
787.06	87.31
787.233	-70.84
787.406	7.2
787.58	15.7
787.753	60.96
787.926	-18.22
788.1	111.04
788.273	-907.55
788.446	26.94
788.62	-306.45
788.793	125.25
788.966	-106.6
789.139	135.49
789.313	36.24
789.486	-671.43
789.659	82.86
789.832	92.91
790.005	62.86
790.178	-234.51
790.351	-4.2
790.524	73.56
790.697	17.21
790.87	-201.52
791.044	67.27
791.216	167.39
791.389	-82.89
791.562	117.5
791.735	426.58
791.908	341.56
792.081	162.53
792.254	-130.77
792.427	-13.75
792.6	56.27
792.773	63.46
792.945	789.55
793.118	80.65
793.291	67.03
793.464	-142.55
793.637	111.04
793.809	51.86
793.982	65.01
794.155	141.43
794.327	208.43
794.5	-592.31
794.673	-53.04
794.845	-61.09
795.018	-213.71
795.19	-486.52
795.363	92.81
795.536	157.21
795.708	-190.32
795.881	-2420
796.053	86.11
796.226	542.29
796.398	-65.04
796.57	179.05
796.743	150.73
796.915	12.74
797.088	146.15
797.26	416.54
797.432	426.58
797.605	19.79
797.777	-1279.22
797.949	181.08
798.122	93.24
798.294	118.83
798.466	391.43
798.638	147.02
798.81	-23.38
798.983	289.87
799.155	87.2
799.327	-5.54
799.499	88.39
799.671	153
799.843	-6.85
800.015	64.98
800.187	2.54
800.359	135.92
800.531	102.65
800.703	43.48
800.875	29.75
801.047	140.66
801.219	-12.63
801.391	-827.27
801.563	-16.55
801.735	215.31
801.907	81.6
802.079	-45.74
802.251	-183.52
802.422	482.68
802.594	-422.08
802.766	67.6
802.938	183.41
803.11	131.84
803.281	96.03
803.453	46.22
803.625	28.97
803.796	42.54
803.968	106.79
804.14	-25.05
804.311	0.14
804.483	337.97
804.654	119.6
804.826	169.59
804.998	443.32
805.169	-8.88
805.341	-125.6
805.512	-104.97
805.684	79.06
805.855	101.1
806.026	275.38
806.198	442.33
806.369	33.83
806.541	33.71
806.712	186.94
806.883	78.75
807.055	193.08
807.226	-63.01
807.397	-157.14
807.569	94.69
807.74	105.97
807.911	43.67
808.082	-80.27
808.253	-808.91
808.425	94.85
808.596	-230.34
808.767	294.24
808.938	-86.89
809.109	46.53
809.28	-16.59
809.451	-30.34
809.622	160.96
809.793	-577.42
809.964	334.78
810.135	110.17
810.306	-7.51
810.477	393.96
810.648	20.37
810.819	96.56
810.99	-6740
811.161	35.32
811.332	57.84
811.503	30.42
811.674	-204.62
811.844	-518.46
812.015	95.25
812.186	243.56
812.357	-124.03
812.527	27.16
812.698	49.36
812.869	-386.79
813.04	128.7
813.21	-831.03
813.381	-23.74
813.551	0.28
813.722	106.92
813.893	11.35
814.063	-41.44
814.234	-936.36
814.404	160.91
814.575	134.58
814.745	-436.28
814.916	23.29
815.086	129.05
815.257	-144.84
815.427	125.77
815.598	4.08
815.768	114.03
815.938	68.99
816.109	214.17
816.279	128.68
816.449	-39.58
816.62	-2457.89
816.79	84.16
816.96	-273.58
817.13	2.38
817.301	-116.24
817.471	-83.47
817.641	346.63
817.811	-473.72
817.981	1214.29
818.152	91.47
818.322	-155.45
818.492	56.27
818.662	38.52
818.832	34.83
819.002	64.58
819.172	179
819.342	68.79
819.512	78.12
819.682	135.18
819.852	29.82
820.022	45.45
820.192	-580.9
820.362	-45.01
820.531	82.41
820.701	80.76
820.871	4.41
821.041	-33.03
821.211	13.63
821.381	86.53
821.55	240.43
821.72	755.81
821.89	238.46
822.059	76.49
822.229	49.62
822.399	48.88
822.568	222.26
822.738	173.17
822.908	317.18
823.077	35.79
823.247	118.98
823.416	-2900
823.586	237.97
823.756	57.75
823.925	92.41
824.095	1062.79
824.264	-64.13
824.433	-22.12
824.603	59.85
824.772	23.16
824.942	-408.86
825.111	-95.98
825.28	-67.7
825.45	178.26
825.619	-313.66
825.788	-594.38
825.958	96.56
826.127	60.5
826.296	109.77
826.465	2.59
826.635	22.05
826.804	88.56
826.973	97.79
827.142	-111.91
827.311	87.92
827.48	43.16
827.649	169.59
827.818	-65.35
827.988	-125.6
828.157	165.83
828.326	-102.12
828.495	30.31
828.664	219.07
828.833	127.56
829.002	-60.25
829.17	-0.67
829.339	326.13
829.508	92.71
829.677	93.26
829.846	99.2
830.015	-13.24
830.184	88.63
830.352	164.5
830.521	251.08
830.69	-324.39
830.859	-1982.35
831.027	1142.11
831.196	-76.21
831.365	14.89
831.533	92.72
831.702	-96.76
831.871	95.66
832.039	-3.21
832.208	-249.57
832.377	425.98
832.545	-31.11
832.714	84.41
832.882	-70.75
833.051	112.97
833.219	2242.86
833.388	13.01
833.556	-125.66
833.724	13.07
833.893	-33.47
834.061	1521.05
834.23	134.58
834.398	130.12
834.566	154.55
834.735	-157.14
834.903	224.53
835.071	220
835.239	-157.7
835.408	-2.97
835.576	1062.79
835.744	47.76
835.912	101.26
836.08	198.55
836.249	-567.92
836.417	96.79
836.585	130.82
836.753	150.68
836.921	284.86
837.089	-2728.57
837.257	-444.19
837.425	20.85
837.593	14.71
837.761	45.2
837.929	164.5
838.097	91.76
838.265	133.27
838.433	-212.79
838.601	31.56
838.769	472.15
838.936	740.45
839.104	88.56
839.272	75.27
839.44	151.32
839.608	-675.61
839.775	-13.58
839.943	175.17
840.111	128.04
840.279	-18.2
840.446	305.97
840.614	-422.08
840.781	42.61
840.949	77.72
841.117	-65.61
841.284	-77.68
841.452	-239.13
841.619	48.52
841.787	40.22
841.954	58.14
842.122	82.66
842.289	82.5
842.457	-85.27
842.624	172.44
842.792	-254.74
842.959	28
843.126	54.37
843.294	-22.19
843.461	25.68
843.629	8.8
843.796	109.07
843.963	-121.79
844.13	213.24
844.298	148.65
844.465	-27.7
844.632	-440.37
844.799	199.5
844.966	220
845.134	83.47
845.301	-21.86
845.468	-78.81
845.635	178.45
845.802	-9.79
845.969	76.98
846.136	108.42
846.303	447.37
846.47	33.69
846.637	90.77
846.804	-2078.95
846.971	11.48
847.138	116.22
847.305	94.69
847.472	-14.89
847.639	92.97
847.805	69.76
847.972	216.88
848.139	-10.73
848.306	-1131.58
848.473	628.36
848.639	46.55
848.806	28
848.973	71.32
849.14	-19.24
849.306	0.45
849.473	0.66
849.64	-352.31
849.806	-98.09
849.973	369.19
850.139	-62.91
850.306	88.56
850.472	142.07
850.639	117.7
850.806	763.16
850.972	272.17
851.139	1214.29
851.305	133.25
851.471	-47.33
851.638	-161.35
851.804	771.64
851.971	-42.35
852.137	2.11
852.303	-117.02
852.47	78.13
852.636	33.97
852.802	208.66
852.968	-4.68
853.135	-104.06
853.301	68.79
853.467	66.56
853.633	88.19
853.8	64.02
853.966	-335.53
854.132	528.57
854.298	367.15
854.464	79.78
854.63	92.94
854.796	305.42
854.962	432.37
855.128	9.75
855.294	-151.13
855.46	-123.46
855.626	-121.84
855.792	-13.51
855.958	164.08
856.124	214.11
856.29	278.81
856.456	73.73
856.622	71.91
856.787	294.81
856.953	32.14
857.119	-167.33
857.285	102.84
857.45	-148.06
857.616	-18.77
857.782	49.36
857.948	131.97
858.113	20.14
858.279	-43.15
858.445	596.06
858.61	225.58
858.776	345.34
858.941	-381.19
859.107	9.68
859.273	84.47
859.438	62.36
859.604	-436.84
859.769	95.28
859.935	-238.61
860.1	-1.99
860.265	16.68
860.431	173.38
860.596	6014.29
860.762	224.2
860.927	77.9
861.092	170.23
861.258	67.71
861.423	250.58
861.588	59.8
861.753	2585.71
861.919	-115.09
862.084	57.48
862.249	329.83
862.414	-33.11
862.579	42.13
862.745	71.55
862.91	350.18
863.075	148.86
863.24	-19.06
863.405	-23.62
863.57	23.78
863.735	-7.6
863.9	-563.72
864.065	8.62
864.23	183.91
864.395	132.03
864.56	69.18
864.725	92.41
864.89	322.47
865.055	-49.44
865.22	-12.63
865.384	-95.51
865.549	175.73
865.714	73.3
865.879	23.28
866.044	-82.95
866.208	27.05
866.373	53.85
866.538	19.91
866.702	-90.82
866.867	86.29
867.032	-3.06
867.196	116.22
867.361	-135.2
867.526	45.92
867.69	-59.45
867.855	370.33
868.019	394.55
868.184	30.01
868.348	32.42
868.513	-500
868.677	195.72
868.842	-63.25
869.006	50.71
869.17	-273.58
869.335	-851.22
869.499	-453.4
869.663	239.07
869.828	112.15
869.992	169.77
870.156	147.68
870.321	-14.37
870.485	130.6
870.649	-12.4
870.813	84.5
870.978	36.17
871.142	-592.31
871.306	34.6
871.47	402.19
871.634	407.09
871.798	-246.58
871.962	98.63
872.126	1214.29
872.29	14.29
872.454	871.43
872.618	45.45
872.782	538.81
872.946	-0.67
873.11	446.73
873.274	-153.18
873.438	-1982.35
873.602	79.42
873.766	248.05
873.93	-69.32
874.094	-392.13
874.257	69.76
874.421	353.18
874.585	-41.82
874.749	-34.59
874.912	423.74
875.076	50.87
875.24	-20
875.403	183.96
875.567	-13.14
875.731	457.3
875.894	-39.59
876.058	211.96
876.222	362.92
876.385	-29.65
876.549	74.24
876.712	45.45
876.876	97.57
877.039	148.65
877.203	160.42
877.366	64.98
877.529	-54.77
877.693	125.25
877.856	-72.6
878.02	44.56
878.183	-48.59
878.346	-531.17
878.51	-22.12
878.673	-215.11
878.836	117.03
878.999	-74.19
879.163	205.39
879.326	89.26
879.489	82.02
879.652	77.48
879.815	39.91
879.978	-5.31
880.142	63.76
880.305	275.16
880.468	72.53
880.631	-98.94
880.794	44.03
880.957	524.39
881.12	-1488.24
881.283	70.4
881.446	-8.59
881.609	164.75
881.772	121.5
881.935	-2829.41
882.097	172.12
882.26	767.92
882.423	-65.83
882.586	-17.34
882.749	140.23
882.912	515.95
883.074	-43.21
883.237	20.61
883.4	31.56
883.562	61.97
883.725	-125.6
883.888	227.56
884.05	-4820
884.213	50.87
884.376	57.72
884.538	-14.24
884.701	-14.24
884.863	-14.24
