181.954	166.8
182.172	166.8
182.39	166.8
182.608	-1520
182.826	254.95
183.043	-80
183.261	167.85
183.479	160.7
183.697	1529.41
183.914	-61.54
184.132	194.65
184.35	276.23
184.567	78.87
184.785	-3.54
185.003	20.57
185.22	193.99
185.438	38.39
185.656	-4.02
185.873	-172.31
186.091	57.14
186.309	-137.93
186.526	57.92
186.744	1.83
186.961	17.31
187.179	-37.91
187.396	117.78
187.614	-6.15
187.831	4000
188.049	-262.58
188.266	59.97
188.484	-226.87
188.701	132.04
188.919	81.97
189.136	82.79
189.354	182.24
189.571	-37.91
189.789	78.05
190.006	12.28
190.223	-222.7
190.441	99.62
190.658	-4400
190.876	113.43
191.093	-167.03
191.31	32.45
191.528	0.94
191.745	116.23
191.962	107.16
192.179	2.62
192.397	-32.39
192.614	12.45
192.831	66.51
193.049	29.16
193.266	458.25
193.483	77.4
193.7	-375.38
193.917	101.65
194.135	-5.76
194.352	145.17
194.569	44.79
194.786	270.41
195.003	102.11
195.221	98.06
195.438	-180.92
195.655	68.34
195.872	-10.85
196.089	9.11
196.306	-42.11
196.523	99.06
196.74	218.78
196.957	-0.46
197.174	131.98
197.391	181.6
197.608	48.05
197.825	-412.9
198.042	55.78
198.259	-303.45
198.476	173.86
198.693	400
198.91	70.39
199.127	185.07
199.344	123.08
199.561	344.51
199.778	35.31
199.995	149.25
200.212	813.79
200.429	161.14
200.646	445.57
200.862	103.37
201.079	13.69
201.296	129.8
201.513	-19.42
201.73	98.89
201.947	-7.94
202.163	60.92
202.38	212.72
202.597	-126.2
202.814	127.46
203.03	-2960
203.247	110.55
203.464	78.78
203.681	-223.38
203.897	111.87
204.114	762.26
204.331	99.5
204.547	-1469.77
204.764	79.71
204.981	-3200
205.197	78.3
205.414	2.14
205.63	110.34
205.847	182.91
206.064	-167.27
206.28	4.36
206.497	48.64
206.713	154.71
206.93	51.19
207.146	82.57
207.363	141.54
207.579	-562.64
207.796	548.67
208.012	-135.89
208.229	-1176.12
208.445	50.14
208.662	97.48
208.878	19.01
209.095	1529.41
209.311	4.59
209.528	5028.57
209.744	-77.22
209.96	-259.6
210.177	-194.17
210.393	75.16
210.609	1840
210.826	171.78
211.042	-6.96
211.258	-262.69
211.475	47.06
211.691	-8.14
211.907	81.01
212.124	-3
212.34	-121.14
212.556	-52.46
212.772	83.52
212.989	2.65
213.205	-219.93
213.421	-251.26
213.637	-388.06
213.853	54.47
214.069	400
214.286	-23.32
214.502	220.9
214.718	-107.84
214.934	77.05
215.15	2.62
215.366	42.16
215.582	14.13
215.798	81.53
216.015	77.01
216.231	-21.62
216.447	66.58
216.663	57.57
216.879	-40.2
217.095	-155.7
217.311	-618.87
217.527	122.05
217.743	-473.79
217.959	173.58
218.175	44.36
218.391	-126.62
218.606	297.14
218.822	97.39
219.038	27.81
219.254	139.79
219.47	78.41
219.686	871.91
219.902	45.41
220.118	24.06
220.334	13.04
220.549	119.38
220.765	147.22
220.981	11.27
221.197	-10.28
221.413	-496.7
221.628	324.05
221.844	-369.81
222.06	411.65
222.276	13.04
222.491	7.01
222.707	30.16
222.923	-308.72
223.139	-10.17
223.354	102.23
223.57	-100.79
223.786	-12.3
224.001	52.51
224.217	218.08
224.432	108.67
224.648	166.74
224.864	3.86
225.079	668.66
225.295	12.9
225.51	270.27
225.726	10.98
225.942	136.68
226.157	-1.84
226.373	-279.15
226.588	-52.21
226.804	-2126.32
227.019	38.19
227.235	19.75
227.45	53.37
227.665	3520
227.881	50.39
228.096	-6.96
228.312	-64.52
228.527	10.81
228.743	57.14
228.958	50.15
229.173	-111.3
229.389	6.56
229.604	45.97
229.819	20.71
230.035	-172.44
230.25	-187.76
230.465	37.45
230.681	-104.23
230.896	-113.64
231.111	-22
231.327	55.13
231.542	-2240
231.757	150.19
231.972	-176.68
232.187	129.36
232.403	-1873.68
232.618	50.17
232.833	33.12
233.048	-123.64
233.263	28.3
233.478	-351.3
233.694	483.72
233.909	167.74
234.124	72.37
234.339	-67.32
234.554	1310.34
234.769	-7.93
234.984	-57.4
235.199	51.05
235.414	-269.03
235.629	-268.35
235.844	7.16
236.059	43.13
236.274	55.59
236.489	-89.03
236.704	96.92
236.919	-30.32
237.134	74.19
237.349	9.38
237.564	57.89
237.779	-97.1
237.994	17.02
238.209	112.84
238.424	-218.4
238.639	-68.43
238.853	15.27
239.068	91.84
239.283	-140.18
239.498	39.05
239.713	86.39
239.928	-22.07
240.142	-105.26
240.357	-31.61
240.572	-93.52
240.787	1.09
241.001	134.47
241.216	36.73
241.431	177.94
241.646	20.39
241.86	23.32
242.075	-967.44
242.29	-37.92
242.504	-21.7
242.719	79.5
242.934	-72.44
243.148	-4.56
243.363	9.11
243.577	-435.96
243.792	11.34
244.007	53.74
244.221	477.92
244.436	-226.87
244.65	112.88
244.865	-163.03
245.079	-30.49
245.294	-221.58
245.508	76.61
245.723	112.68
245.937	70.33
246.152	-6.57
246.366	41.85
246.581	-52.95
246.795	17.18
247.01	127.7
247.224	44.56
247.438	-1.87
247.653	59.29
247.867	116.06
248.081	101.85
248.296	-682.93
248.51	55.14
248.724	48.42
248.939	5.97
249.153	145.31
249.367	-20.68
249.582	-47.96
249.796	524.68
250.01	2.65
250.224	45.23
250.439	116.06
250.653	86.32
250.867	35.68
251.081	92.89
251.295	-12.44
251.51	-141.28
251.724	-40.29
251.938	275.09
252.152	-143.07
252.366	28.09
252.58	-494.55
252.794	99.59
253.008	407.95
253.223	80.71
253.437	27.59
253.651	-38.65
253.865	5.35
254.079	-29.06
254.293	-61.72
254.507	-625.45
254.721	54.59
254.935	-87.91
255.149	67.65
255.363	63.73
255.577	118.12
255.791	62.37
256.005	120.25
256.218	72.56
256.432	25.58
256.646	21.27
256.86	126.2
257.074	103.33
257.288	880
257.502	-48.35
257.716	-7.39
257.929	44.71
258.143	15.01
258.357	43.82
258.571	200.74
258.785	33.75
258.998	86.21
259.212	66.81
259.426	87.89
259.64	175.59
259.853	-25.08
260.067	74
260.281	25.42
260.494	-7.71
260.708	-3.96
260.922	20.53
261.135	85.92
261.349	-114.29
261.563	186.02
261.776	-2352.94
261.99	15.41
262.203	0.55
262.417	-87.63
262.63	-27.12
262.844	238.2
263.058	70.51
263.271	51.8
263.485	65.47
263.698	71.77
263.912	11.91
264.125	-39.58
264.339	173.23
264.552	-35.05
264.765	-278.26
264.979	8.78
265.192	-2.18
265.406	65.66
265.619	100.98
265.832	15.27
266.046	-39.63
266.259	13.56
266.473	-606.45
266.686	72.73
266.899	14.58
267.113	12160
267.326	-113.07
267.539	22.41
267.752	55.07
267.966	46.01
268.179	-51.66
268.392	55.34
268.605	-6.3
268.819	78.08
269.032	-208.53
269.245	-209.23
269.458	63.47
269.671	-222.78
269.885	0.89
270.098	-111.5
270.311	20.25
270.524	26.26
270.737	86.96
270.95	82.12
271.163	31.5
271.376	1329.03
271.589	-222.78
271.802	-13.31
272.016	-41.69
272.229	32.96
272.442	-22.67
272.655	57.88
272.868	-14.69
273.081	-247.19
273.294	36.79
273.506	73.5
273.719	0.69
273.932	-88.3
274.145	-2720
274.358	156.2
274.571	49.08
274.784	1305.66
274.997	54.27
275.21	-73.75
275.423	-8.41
275.635	14.07
275.848	84.89
276.061	201.32
276.274	68.54
276.487	-80
276.699	-34.74
276.912	10.23
277.125	124.26
277.338	-24.52
277.55	-4.14
277.763	64.58
277.976	109.02
278.189	4.4
278.401	-12.21
278.614	265.6
278.827	-10.65
279.039	61.97
279.252	22.96
279.464	-140.15
279.677	64.62
279.89	-2.5
280.102	140.7
280.315	1804.88
280.527	-1242.11
280.74	-427.59
280.952	160
281.165	30.1
281.377	152.2
281.59	76.49
281.802	-30.32
282.015	-77.11
282.227	-22.7
282.44	184.17
282.652	49.44
282.865	109.95
283.077	-45.3
283.29	79.81
283.502	-2.62
283.714	115.64
283.927	72.15
284.139	-104.72
284.351	-35.81
284.564	111.23
284.776	12.46
284.988	-15.55
285.201	811.94
285.413	79.8
285.625	62.7
285.838	-10.38
286.05	9.58
286.262	36.9
286.474	120.85
286.686	49.26
286.899	-240.36
287.111	51.09
287.323	78.35
287.535	209.9
287.747	72.15
287.959	-6.43
288.172	225.45
288.384	-26.64
288.596	-48.29
288.808	196.23
289.02	1011.32
289.232	-25.81
289.444	-96.05
289.656	-244.95
289.868	19.01
290.08	68.71
290.292	-217.87
290.504	-55.8
290.716	0.52
290.928	90.72
291.14	1572.09
291.352	62.76
291.564	-447.06
291.776	-41.07
291.988	157.06
292.2	-202.84
292.412	23.78
292.624	61.64
292.835	668.66
293.047	67.75
293.259	-111.6
293.471	106.79
293.683	839.02
293.895	59.54
294.106	-9.86
294.318	57.99
294.53	43.77
294.742	1517.24
294.953	85.61
295.165	81.49
295.377	81.5
295.589	53.24
295.8	18.07
296.012	97.53
296.224	-48.71
296.435	164.33
296.647	1.48
296.858	374.1
297.07	806.15
297.282	-31.36
297.493	59.96
297.705	-182.86
297.916	-62.59
298.128	118.8
298.34	-18.53
298.551	32.22
298.763	26.78
298.974	63.39
299.186	50.09
299.397	-65.31
299.609	-877.42
299.82	72.47
300.031	74.53
300.243	2863.16
300.454	134.97
300.666	27.71
300.877	252.13
301.089	62.98
301.3	48.24
301.511	58.45
301.723	125.94
301.934	525.37
302.145	22.96
302.357	114.45
302.568	-41.6
302.779	15.76
302.99	-105.83
303.202	104.66
303.413	64.19
303.624	42.03
303.835	-324.53
304.047	-37.25
304.258	-22.39
304.469	38.07
304.68	22.79
304.891	-23.06
305.103	52.51
305.314	87.42
305.525	3142.86
305.736	31.5
305.947	40.41
306.158	2164.71
306.369	94.45
306.58	23.91
306.791	230.82
307.002	29.44
307.213	-60.27
307.424	-40.99
307.636	69.75
307.846	181.82
308.057	-124.27
308.268	6.34
308.479	5.75
308.69	10.45
308.901	41.54
309.112	-660.47
309.323	19.51
309.534	237.84
309.745	78.73
309.956	26.06
310.167	-35.63
310.377	76.09
310.588	57.57
310.799	40.49
311.01	-48.29
311.221	-11.61
311.432	9.33
311.642	13.47
311.853	-27.44
312.064	-427.59
312.275	16.36
312.485	188.92
312.696	18.23
312.907	128.64
313.117	40.41
313.328	10.97
313.539	7.16
313.749	-31.76
313.96	-312.09
314.171	62.33
314.381	-3.17
314.592	-11.43
314.802	13.32
315.013	43.6
315.224	33.86
315.434	-1431.58
315.645	-5840
315.855	86.1
316.066	-408.99
316.276	187.99
316.487	-302.44
316.697	78.7
316.908	-30.65
317.118	-24.17
317.329	-56.49
317.539	67.35
317.749	312.45
317.96	-1122.39
318.17	-128.73
318.381	254.95
318.591	-140.66
318.801	-15.05
319.012	137.1
319.222	108.74
319.432	-13.9
319.643	162.1
319.853	-46.64
320.063	42.81
320.273	37.95
320.484	96.7
320.694	96.33
320.904	103.05
321.114	224.72
321.325	1186.21
321.535	18.96
321.745	-31.36
321.955	60.29
322.165	-263.44
322.375	53.28
322.585	98.16
322.796	-303.45
323.006	24.79
323.216	133.62
323.426	-40.69
323.636	342.58
323.846	1186.21
324.056	45.89
324.266	5.24
324.476	-6.57
324.686	-80
324.896	15.16
325.106	1373.58
325.316	116.64
325.526	-4021.05
325.736	41.68
325.946	-1.76
326.156	353.25
326.366	316.52
326.576	-76.57
326.785	92.46
326.995	-89.52
327.205	2.01
327.415	208.81
327.625	373.72
327.835	-20.68
328.044	50.25
328.254	212.17
328.464	-121.55
328.674	149.89
328.884	89.21
329.093	59.89
329.303	95.86
329.513	109.32
329.722	-1178.95
329.932	56.53
330.142	35.75
330.351	64.49
330.561	181.82
330.771	-7.38
330.98	73.02
331.19	49.23
331.4	-265.72
331.609	36.4
331.819	663.41
332.028	-114.29
332.238	25.76
332.447	34.47
332.657	60.58
332.866	-14.33
333.076	36.4
333.285	28.66
333.495	-954.84
333.704	-14.35
333.914	35.23
334.123	-12.43
334.333	1120
334.542	43.6
334.752	473.85
334.961	513.21
335.17	-257.29
335.38	-41.42
335.589	-2.07
335.798	15.61
336.008	215.38
336.217	52.77
336.426	-10.25
336.636	6.81
336.845	-32.68
337.054	212.99
337.263	127.18
337.473	13.19
337.682	56.03
337.891	109.98
338.1	192.81
338.309	88.26
338.519	74.72
338.728	-5.43
338.937	-327.56
339.146	-23.02
339.355	-1388.68
339.564	-421.05
339.773	68.34
339.983	60.06
340.192	-455.65
340.401	27.25
340.61	13.99
340.819	69.67
341.028	-48.52
341.237	2376.47
341.446	-73.27
341.655	179.65
341.864	-9.48
342.073	8.24
342.282	-82.89
342.491	16.09
342.699	-368.93
342.908	119.48
343.117	70.71
343.326	132.79
343.535	-494.55
343.744	-108.67
343.953	2.29
344.162	12.94
344.37	26.81
344.579	-173.13
344.788	-35.81
344.997	49.88
345.206	44.3
345.414	162.24
345.623	5.9
345.832	-86.18
346.041	162.44
346.249	38.99
346.458	35.96
346.667	-13.09
346.875	30.48
347.084	27.26
347.293	65.66
347.501	-134.6
347.71	-31.59
347.918	10.33
348.127	-285.71
348.336	-267.55
348.544	153.59
348.753	-692.54
348.961	58.68
349.17	172.97
349.378	110.03
349.587	-16.87
349.795	3.88
350.004	1193.85
350.212	-18.83
350.421	240.71
350.629	73.72
350.838	65.01
351.046	85.79
351.254	28.3
351.463	44.58
351.671	-1115.79
351.879	151.33
352.088	6.11
352.296	-311.5
352.504	33.66
352.713	103.64
352.921	-214.17
353.129	-55.85
353.338	113.12
353.546	-48.29
353.754	-262.58
353.962	-149.08
354.171	-21.21
354.379	-2884.21
354.587	67.52
354.795	153.75
355.003	23.45
355.212	73.72
355.42	400
355.628	177.35
355.836	37.97
356.044	147.61
356.252	45.17
356.46	-8.71
356.668	2061.54
356.876	72.87
357.084	46.41
357.292	86.21
357.5	-27.19
357.708	62.44
357.916	86.1
358.124	50.15
358.332	-567.16
358.54	-101.82
358.748	696.1
358.956	34.56
359.164	39.86
359.372	135.48
359.58	63.31
359.788	56.95
359.996	-17.39
360.203	-2.75
360.411	-80
360.619	44.22
360.827	25.79
361.035	-608.59
361.242	51.61
361.45	-101.27
361.658	98.58
361.866	23.18
362.073	94.7
362.281	91.92
362.489	6.71
362.697	104.78
362.904	-9.67
363.112	74.68
363.32	25.79
363.527	-59.13
363.735	-49.42
363.943	-26.94
364.15	5.65
364.358	75.35
364.565	65.66
364.773	87.37
364.98	-32.51
365.188	11.23
365.395	99.26
365.603	-47.46
365.81	12.35
366.018	47.17
366.225	76.74
366.433	-52.61
366.64	34.13
366.848	56.01
367.055	-10.03
367.263	2.69
367.47	95.58
367.677	-162.03
367.885	-65.63
368.092	53.88
368.299	-52.96
368.507	46.87
368.714	569.91
368.921	-289.76
369.129	84.48
369.336	-29.79
369.543	-25.05
369.751	-63.38
369.958	1.79
370.165	-6.71
370.372	-47.01
370.579	25.58
370.787	63.58
370.994	156.07
371.201	63.22
371.408	47.55
371.615	15.55
371.822	44.65
372.029	94.92
372.237	-278.86
372.444	250.81
372.651	-67.21
372.858	139.59
373.065	39.88
373.272	96.16
373.479	-758.62
373.686	-100.47
373.893	-194.17
374.1	112.92
374.307	-471.94
374.514	35.63
374.721	-55.73
374.928	322.08
375.135	80.96
375.341	9040
375.548	-54.52
375.755	-26.82
375.962	36.41
376.169	-80.56
376.376	40.49
376.583	-20.4
376.789	88.13
376.996	104.11
377.203	41.68
377.41	85.38
377.617	-34.69
377.823	-248.13
378.03	593.55
378.237	15.61
378.443	-114.29
378.65	-437.74
378.857	-16.24
379.063	232.91
379.27	13.91
379.477	122.07
379.683	-159.13
379.89	44.96
380.097	68.88
380.303	44.13
380.51	-6.72
380.716	16.9
380.923	-308.66
381.129	67.75
381.336	-166.93
381.542	55.69
381.749	-3.74
381.955	97.79
382.162	58.52
382.368	-12.1
382.575	0.7
382.781	1393.1
382.988	12.24
383.194	-22.65
383.4	-1.1
383.607	71.85
383.813	-29.52
384.02	14.93
384.226	-228.21
384.432	46.8
384.639	71.74
384.845	-906.33
385.051	-133.91
385.257	-13.02
385.464	-15.16
385.67	76.39
385.876	104.54
386.082	-141.02
386.289	38.72
386.495	3.4
386.701	-29.97
386.907	-11.25
387.113	47.37
387.319	25.31
387.526	-88.6
387.732	-337.01
387.938	150.4
388.144	55.65
388.35	59.21
388.556	88.95
388.762	21.72
388.968	874.42
389.174	36.55
389.38	-66.52
389.586	-21.49
389.792	-30.53
389.998	-32.83
390.204	-61.81
390.41	67.37
390.616	-8.22
390.822	-5.98
391.028	26.47
391.234	4.84
391.439	-322.33
391.645	7.36
391.851	38.33
392.057	-68.07
392.263	80.56
392.469	-29.98
392.674	-9.57
392.88	7.6
393.086	36.41
393.292	-84.83
393.498	-178.75
393.703	15.24
393.909	82.06
394.115	48.36
394.32	-44.56
394.526	-15.09
394.732	63.6
394.937	46.58
395.143	-114.98
395.349	63.07
395.554	-504.52
395.76	38.43
395.965	-14.52
396.171	-40.66
396.377	-25.05
396.582	50.66
396.788	10.44
396.993	25.27
397.199	-10.56
397.404	28.26
397.61	-107.63
397.815	2.03
398.021	-74.15
398.226	21.65
398.431	14.76
398.637	23.33
398.842	36.77
399.048	18.43
399.253	15.45
399.458	30.12
399.664	-9.47
399.869	3.69
400.074	3.16
400.28	0.21
400.485	-7.56
400.69	3.06
400.896	-30.79
401.101	13.43
401.306	-2
401.511	46.57
401.716	-10.27
401.922	-32.03
402.127	-20.67
402.332	14.46
402.537	19.88
402.742	3.83
402.947	29.22
403.153	-37.55
403.358	0.17
403.563	6.18
403.768	23.03
403.973	11.6
404.178	23.21
404.383	-2.94
404.588	0.46
404.793	14.57
404.998	-7.9
405.203	-3.02
405.408	15.93
405.613	6.12
405.818	5.9
406.023	10.5
406.228	-17.73
406.433	-15.3
406.638	-0.47
406.842	4.49
407.047	4.07
407.252	8.3
407.457	8.82
407.662	5.38
407.867	16.64
408.071	1.14
408.276	3.8
408.481	5.11
408.686	1.29
408.891	4.58
409.095	11.63
409.3	7.08
409.505	6.44
409.709	9.79
409.914	1.82
410.119	1.36
410.323	1.71
410.528	2.18
410.733	9.67
410.937	3.32
411.142	0.32
411.346	10.58
411.551	-0.08
411.756	2.59
411.96	-0.07
412.165	0.28
412.369	-0.96
412.574	0.13
412.778	1.48
412.983	1.72
413.187	2.96
413.392	-0.96
413.596	2.81
413.8	4.41
414.005	7.25
414.209	0.71
414.414	1.85
414.618	1.91
414.822	1.44
415.027	4.29
415.231	3.35
415.435	2.52
415.64	6.51
415.844	0.38
416.048	1.41
416.252	2.67
416.457	4.35
416.661	2.27
416.865	1.87
417.069	2.97
417.274	3.69
417.478	3.23
417.682	4.07
417.886	0.61
418.09	2.71
418.294	2.9
418.498	0.35
418.702	3.34
418.907	2.93
419.111	1.15
419.315	2.81
419.519	3.53
419.723	-0.32
419.927	1.58
420.131	3.82
420.335	-0.5
420.539	0.38
420.743	2.22
420.947	0.76
421.151	1.88
421.355	0.19
421.558	2.45
421.762	1.9
421.966	1.36
422.17	1.7
422.374	3.22
422.578	1.51
422.782	2.66
422.985	0.32
423.189	1.69
423.393	2.22
423.597	0.96
423.801	1.83
424.004	1.41
424.208	1.63
424.412	1.97
424.615	1.77
424.819	1.67
425.023	2.7
425.226	1.98
425.43	2.29
425.634	1.88
425.837	0.94
426.041	2.31
426.245	1.6
426.448	1.66
426.652	1.57
426.855	1.29
427.059	1.48
427.262	1.84
427.466	0.88
427.669	1.4
427.873	2.48
428.076	1.58
428.28	1.93
428.483	1.68
428.687	2.26
428.89	2.25
429.094	1.28
429.297	2.44
429.5	1.94
429.704	2.16
429.907	2.27
430.11	2.22
430.314	1.85
430.517	1.78
430.72	1.91
430.924	1.68
431.127	1.71
431.33	2.25
431.533	1.79
431.737	1.69
431.94	1.32
432.143	1.94
432.346	1.51
432.549	1.65
432.752	1.63
432.956	1.65
433.159	1.3
433.362	1.39
433.565	1.86
433.768	1.79
433.971	1.33
434.174	1.67
434.377	2.3
434.58	2.11
434.783	1.37
434.986	2.2
435.189	2.31
435.392	1.99
435.595	1.78
435.798	1.62
436.001	1.84
436.204	1.63
436.407	1.6
436.61	1.92
436.813	2.25
437.016	1.89
437.219	1.39
437.421	1.61
437.624	1.95
437.827	1.61
438.03	1.75
438.233	1.98
438.435	1.64
438.638	2.12
438.841	1.77
439.044	1.57
439.246	1.67
439.449	1.93
439.652	1.81
439.854	2.11
440.057	1.76
440.26	1.76
440.462	1.59
440.665	1.63
440.868	1.87
441.07	1.94
441.273	1.84
441.475	1.93
441.678	1.9
441.88	1.87
442.083	1.59
442.286	1.82
442.488	1.23
442.69	1.8
442.893	1.92
443.095	1.36
443.298	1.25
443.5	1.78
443.703	1.76
443.905	1.78
444.108	1.8
444.31	1.98
444.512	1.74
444.715	1.92
444.917	1.66
445.119	1.75
445.322	1.88
445.524	1.87
445.726	1.69
445.928	1.76
446.131	1.87
446.333	2.03
446.535	1.79
446.737	1.87
446.94	2.14
447.142	1.97
447.344	1.9
447.546	1.62
447.748	1.98
447.95	1.9
448.152	2.1
448.354	2.06
448.557	2.29
448.759	2.09
448.961	2.03
449.163	2.02
449.365	1.98
449.567	2.33
449.769	1.92
449.971	2.21
450.173	2.08
450.375	1.91
450.577	2.08
450.779	2.14
450.981	2.49
451.182	2.2
451.384	2.29
451.586	2.73
451.788	2.06
451.99	2.65
452.192	2.17
452.394	2.39
452.595	2.83
452.797	2.01
452.999	2.44
453.201	2.66
453.402	2.13
453.604	2.34
453.806	2.25
454.008	2.73
454.209	2.93
454.411	2.76
454.613	2.34
454.814	2.78
455.016	2.39
455.218	2.9
455.419	2.87
455.621	2.77
455.822	2.15
456.024	2.28
456.225	3.02
456.427	2.85
456.629	2.24
456.83	2.86
457.032	2.89
457.233	2.47
457.435	2.12
457.636	2.74
457.837	2.96
458.039	2.58
458.24	3.15
458.442	3.43
458.643	2.41
458.844	3.11
459.046	2.34
459.247	3.24
459.448	3.25
459.65	2.48
459.851	2.79
460.052	2.97
460.254	2.56
460.455	2.92
460.656	3.19
460.857	2.29
461.059	2.84
461.26	2.71
461.461	3.2
461.662	3.31
461.863	3.53
462.065	3.41
462.266	2.55
462.467	2.27
462.668	2.76
462.869	3.1
463.07	3.23
463.271	3.09
463.472	2.69
463.673	2.39
463.874	3.56
464.075	2.69
464.276	2.79
464.477	2.76
464.678	3.09
464.879	2.9
465.08	3.58
465.281	3.36
465.482	2.57
465.683	2.44
465.884	2.78
466.085	3.21
466.285	2.54
466.486	3.42
466.687	3.24
466.888	3.42
467.089	3.33
467.29	3.14
467.49	2.37
467.691	3.38
467.892	2.57
468.093	2.84
468.293	3.48
468.494	2.91
468.695	2.56
468.895	3.08
469.096	2.12
469.297	2.84
469.497	3.36
469.698	3
469.898	2.55
470.099	3.32
470.3	3.76
470.5	3.09
470.701	4.14
470.901	3.08
471.102	3.07
471.302	3.07
471.503	2.06
471.703	3.97
471.904	2.52
472.104	3.39
472.305	2.03
472.505	2.88
472.705	2.61
472.906	3.51
473.106	4.07
473.306	1.98
473.507	3.92
473.707	3.45
473.907	3.66
474.108	3.25
474.308	2.53
474.508	3.39
474.709	3.59
474.909	4.68
475.109	1.63
475.309	3.13
475.51	2.31
475.71	3.29
475.91	4.82
476.11	0.69
476.31	2.45
476.51	5.16
476.71	3.05
476.911	4.16
477.111	3.2
477.311	2.2
477.511	2.59
477.711	2.33
477.911	1.81
478.111	4.41
478.311	3.85
478.511	2.75
478.711	2.4
478.911	2.33
479.111	2.51
479.311	2.74
479.511	4.31
479.711	2.55
479.91	2.11
480.11	3.94
480.31	4.07
480.51	5.67
480.71	2.46
480.91	4.05
481.109	4.12
481.309	3.29
481.509	1.85
481.709	4.68
481.909	3.59
482.108	1.61
482.308	2.57
482.508	4.69
482.707	4.29
482.907	2.83
483.107	3.94
483.306	2.94
483.506	3.68
483.706	3.63
483.905	3.09
484.105	3.22
484.304	2.09
484.504	1.28
484.704	3.49
484.903	3.47
485.103	3.22
485.302	2.53
485.502	2.7
485.701	4.18
485.901	0.17
486.1	3.41
486.299	3.75
486.499	3.18
486.698	3.76
486.898	3.38
487.097	1.91
487.296	1.58
487.496	3.67
487.695	3.66
487.894	3.81
488.094	3.79
488.293	3.87
488.492	4.41
488.692	2.18
488.891	3.38
489.09	2.91
489.289	1.81
489.489	2.39
489.688	2.35
489.887	3
490.086	3.01
490.285	3.06
490.484	4.08
490.683	2.44
490.883	3.4
491.082	3.65
491.281	2.96
491.48	2.16
491.679	4.25
491.878	4.19
492.077	3.22
492.276	3.49
492.475	1.88
492.674	2.38
492.873	4.02
493.072	2.35
493.271	4.02
493.47	1.15
493.669	2.34
493.867	2.77
494.066	4.04
494.265	3.59
494.464	3.82
494.663	2.04
494.862	2.43
495.06	3.29
495.259	2.16
495.458	3.53
495.657	2.16
495.856	3.18
496.054	2.81
496.253	3.91
496.452	2.78
496.65	2.43
496.849	2.65
497.048	3.29
497.246	2.55
497.445	2.75
497.644	2.26
497.842	3.41
498.041	3.46
498.239	2.95
498.438	3.28
498.636	2.75
498.835	3.97
499.034	3.57
499.232	2.63
499.431	2.6
499.629	3.15
499.827	3.41
500.026	1.62
500.224	2.74
500.423	2.58
500.621	3.31
500.82	3.67
501.018	3.34
501.216	3.6
501.415	3.65
501.613	3.16
501.811	3.42
502.01	3.47
502.208	2.78
502.406	3.26
502.604	4.01
502.803	3.95
503.001	4
503.199	2.98
503.397	3.38
503.595	2.39
503.794	2.83
503.992	4.18
504.19	2.98
504.388	3.94
504.586	2.78
504.784	3.17
504.982	3.64
505.18	3.32
505.378	2.87
505.576	3.53
505.774	3.65
505.972	3.94
506.17	4.25
506.368	3.96
506.566	3.23
506.764	3.4
506.962	3.92
507.16	3.82
507.358	3.14
507.556	3.96
507.754	3.87
507.952	3.8
508.15	4.08
508.347	3.56
508.545	3.73
508.743	4.31
508.941	4.04
509.139	4.32
509.336	4.45
509.534	4.11
509.732	4.16
509.93	3.91
510.127	4.08
510.325	4.34
510.523	4.22
510.72	4.15
510.918	4.64
511.116	4.31
511.313	3.76
511.511	4.25
511.708	3.75
511.906	4.23
512.104	4.21
512.301	4.57
512.499	4.58
512.696	4.22
512.894	3.87
513.091	4.5
513.289	4.49
513.486	4.51
513.683	3.93
513.881	4.24
514.078	4.55
514.276	4.96
514.473	4.19
514.67	4.89
514.868	5.1
515.065	4.34
515.262	4.65
515.46	4.41
515.657	4.52
515.854	4.75
516.052	4.4
516.249	4.8
516.446	4.68
516.643	5.05
516.84	5.08
517.038	4.93
517.235	4.34
517.432	5
517.629	5.11
517.826	4.95
518.023	4.89
518.221	5.33
518.418	5.38
518.615	4.97
518.812	4.86
519.009	5.47
519.206	4.77
519.403	5.14
519.6	5.13
519.797	5.27
519.994	5.25
520.191	5.26
520.388	5.33
520.585	5.08
520.782	5.26
520.978	4.73
521.175	5.56
521.372	5.61
521.569	5.66
521.766	5.05
521.963	5.15
522.159	5.51
522.356	5.68
522.553	5.58
522.75	5.61
522.947	5.8
523.143	5.63
523.34	5.88
523.537	5.85
523.733	5.97
523.93	5.75
524.127	5.91
524.323	5.49
524.52	5.9
524.717	5.52
524.913	5.43
525.11	5.94
525.306	5.99
525.503	5.63
525.7	6.31
525.896	5.89
526.093	6.03
526.289	6.08
526.486	5.78
526.682	5.69
526.878	5.8
527.075	6.02
527.271	6.02
527.468	5.92
527.664	6.04
527.861	6.28
528.057	6.01
528.253	6.47
528.45	5.88
528.646	6.12
528.842	6.36
529.039	6.21
529.235	6.4
529.431	6.28
529.627	6.03
529.824	6.43
530.02	6.37
530.216	6.91
530.412	6.77
530.608	5.9
530.804	6.38
531.001	6.45
531.197	6.36
531.393	6.23
531.589	6.65
531.785	6.76
531.981	6.66
532.177	6.93
532.373	6.57
532.569	6.31
532.765	6.59
532.961	6.23
533.157	5.88
533.353	6.48
533.549	6.76
533.745	6.9
533.941	6.03
534.137	6.19
534.333	6
534.529	6.92
534.725	6.85
534.92	6.88
535.116	6.6
535.312	6.63
535.508	6.82
535.704	6.48
535.899	6.8
536.095	6.5
536.291	6.45
536.487	6.32
536.682	6.43
536.878	6.76
537.074	6.56
537.269	6.41
537.465	6.58
537.661	6.78
537.856	6.85
538.052	6.5
538.248	6.77
538.443	6.89
538.639	7.16
538.834	6.88
539.03	6.74
539.225	7.15
539.421	6.96
539.616	7.07
539.812	7.19
540.007	6.89
540.203	6.96
540.398	6.87
540.593	7.17
540.789	7.28
540.984	6.88
541.18	7.32
541.375	6.52
541.57	7.07
541.766	7.1
541.961	6.65
542.156	7.17
542.352	7.22
542.547	6.95
542.742	6.92
542.937	7.3
543.133	7.57
543.328	7.35
543.523	6.96
543.718	7.03
543.913	6.87
544.108	6.9
544.304	6.9
544.499	7.39
544.694	7.59
544.889	6.89
545.084	7.57
545.279	7.22
545.474	7.15
545.669	7.38
545.864	6.85
546.059	7.31
546.254	7.03
546.449	7.3
546.644	6.91
546.839	7.2
547.034	7.09
547.229	7.2
547.424	7.4
547.618	7.49
547.813	7.39
548.008	7.5
548.203	7.07
548.398	7.43
548.593	7.24
548.787	7.56
548.982	7.44
549.177	7.1
549.372	7.54
549.566	7.21
549.761	7.04
549.956	6.89
550.15	7.06
550.345	7.63
550.54	7.75
550.734	7.3
550.929	7.29
551.124	7.43
551.318	7.04
551.513	7.38
551.707	7.58
551.902	7.27
552.096	7.83
552.291	7.59
552.485	7.71
552.68	7.58
552.874	7.68
553.069	7.73
553.263	7.4
553.458	7.68
553.652	7.68
553.847	7.19
554.041	7.34
554.235	7.54
554.43	7.57
554.624	7.49
554.818	7.31
555.013	7.88
555.207	7.58
555.401	7.77
555.595	7.47
555.79	7.06
555.984	7.68
556.178	7.63
556.372	8.05
556.566	7.52
556.761	7.47
556.955	7.61
557.149	7.65
557.343	7.53
557.537	7.8
557.731	7.25
557.925	7.43
558.119	7.64
558.313	7.58
558.507	7.38
558.701	7.55
558.895	7.58
559.089	7.72
559.283	7.77
559.477	8.01
559.671	7.92
559.865	7.41
560.059	7.62
560.253	7.73
560.447	7.83
560.641	7.76
560.835	7.73
561.028	7.8
561.222	7.74
561.416	7.88
561.61	7.77
561.804	7.61
561.997	7.63
562.191	7.76
562.385	7.91
562.579	7.6
562.772	7.92
562.966	7.47
563.16	7.67
563.353	7.81
563.547	7.68
563.741	7.66
563.934	7.83
564.128	7.75
564.321	7.68
564.515	7.86
564.708	7.29
564.902	7.63
565.095	8.03
565.289	7.88
565.482	7.77
565.676	7.74
565.869	7.77
566.063	7.51
566.256	7.41
566.45	7.53
566.643	7.64
566.836	7.73
567.03	7.68
567.223	7.97
567.416	7.68
567.61	7.83
567.803	8
567.996	7.72
568.19	7.44
568.383	7.55
568.576	7.94
568.769	7.48
568.963	7.64
569.156	7.66
569.349	7.97
569.542	7.54
569.735	7.55
569.928	7.54
570.121	7.58
570.315	7.91
570.508	7.58
570.701	7.78
570.894	7.96
571.087	7.49
571.28	7.89
571.473	8
571.666	7.66
571.859	7.54
572.052	7.51
572.245	7.86
572.438	7.51
572.631	7.47
572.824	7.49
573.016	7.51
573.209	7.72
573.402	7.58
573.595	7.41
573.788	7.84
573.981	7.2
574.173	8.11
574.366	7.54
574.559	7.44
574.752	7.01
574.944	7.27
575.137	7.33
575.33	7.28
575.523	7.58
575.715	7.58
575.908	7.77
576.101	7.28
576.293	7.38
576.486	7.51
576.678	7.6
576.871	7.16
577.063	7.37
577.256	7.43
577.449	7.57
577.641	7.43
577.834	7.25
578.026	7.01
578.219	7.07
578.411	7.55
578.603	7.48
578.796	7.52
578.988	7.57
579.181	7.34
579.373	7.5
579.565	7.74
579.758	7.66
579.95	7.34
580.142	7.39
580.335	7.21
580.527	7.22
580.719	7.26
580.912	7.7
581.104	7.57
581.296	7.35
581.488	7.82
581.68	7.56
581.873	7.37
582.065	6.95
582.257	7.18
582.449	7.42
582.641	7.61
582.833	7.23
583.025	6.96
583.217	7.23
583.41	7.61
583.602	7.34
583.794	7.34
583.986	7.54
584.178	7.08
584.37	7.4
584.562	7.48
584.753	7.24
584.945	7.37
585.137	7.13
585.329	7.38
585.521	7.89
585.713	7.48
585.905	7.46
586.097	7.37
586.289	7.12
586.48	7.4
586.672	6.98
586.864	7.05
587.056	7.66
587.247	7.12
587.439	7.45
587.631	7.2
587.823	7.26
588.014	7.44
588.206	7.43
588.398	7.04
588.589	7.33
588.781	7.29
588.972	7.47
589.164	7.52
589.356	7.16
589.547	7.46
589.739	7.53
589.93	7.75
590.122	7.4
590.313	7.4
590.505	7.39
590.696	7.5
590.888	7.64
591.079	7.3
591.271	7.48
591.462	7.31
591.653	7.43
591.845	7.41
592.036	7.24
592.227	7.48
592.419	7.06
592.61	7.08
592.801	7.21
592.993	7.05
593.184	7.38
593.375	6.9
593.566	7.68
593.758	6.75
593.949	7.58
594.14	7.39
594.331	7.47
594.522	7.51
594.713	7.44
594.905	7.26
595.096	7.7
595.287	7.33
595.478	7.91
595.669	7.23
595.86	7.39
596.051	7.44
596.242	7.47
596.433	7.25
596.624	7.28
596.815	7.48
597.006	7.38
597.197	7.87
597.388	7.3
597.579	7.67
597.77	7.77
597.96	7.29
598.151	7.68
598.342	7.38
598.533	7.57
598.724	7.48
598.915	7.21
599.105	7.61
599.296	7.32
599.487	7.38
599.678	7.79
599.868	7.66
600.059	7.58
600.25	7.82
600.44	7.64
600.631	7.87
600.822	7.72
601.012	7.52
601.203	7.59
601.394	7.87
601.584	7.13
601.775	7.63
601.965	7.59
602.156	7.39
602.346	7.69
602.537	7.25
602.727	7.59
602.918	7.86
603.108	7.85
603.299	7.2
603.489	8.15
603.679	7.5
603.87	7.7
604.06	7.78
604.251	7.33
604.441	7.44
604.631	7.57
604.822	7.51
605.012	7.86
605.202	7.41
605.392	7.1
605.583	7.65
605.773	8.26
605.963	7.75
606.153	7.43
606.344	7.29
606.534	7.83
606.724	8.03
606.914	7.86
607.104	7.76
607.294	7.52
607.484	7.06
607.674	7.47
607.864	7.23
608.054	7.6
608.245	7.71
608.435	8.07
608.625	7.86
608.814	7.42
609.004	7.65
609.194	7.49
609.384	7.98
609.574	7.73
609.764	7.51
609.954	7.49
610.144	7.73
610.334	7.56
610.524	7.85
610.713	8.02
610.903	7.42
611.093	7.56
611.283	7.52
611.473	7.24
611.662	7.72
611.852	7.79
612.042	7.54
612.231	7.53
612.421	7.87
612.611	7.25
612.8	8.16
612.99	7.65
613.18	7.45
613.369	8.14
613.559	7.68
613.748	8.11
613.938	8.09
614.128	7.54
614.317	7.69
614.507	7.45
614.696	7.76
614.886	7.94
615.075	7.26
615.264	7.68
615.454	7.75
615.643	7.72
615.833	8.02
616.022	7.34
616.211	7.4
616.401	7.79
616.59	7.73
616.779	7.7
616.969	6.79
617.158	7.22
617.347	7.79
617.537	7.62
617.726	7.95
617.915	7.65
618.104	6.78
618.293	8.01
618.483	7.34
618.672	7.52
618.861	7.5
619.05	7.79
619.239	7.87
619.428	7.84
619.617	7.51
619.806	7.59
619.995	7.42
620.184	7.41
620.373	7.15
620.562	7.51
620.751	7.24
620.94	7.82
621.129	7.61
621.318	7.51
621.507	7.1
621.696	7.35
621.885	7.26
622.074	7.53
622.263	7.67
622.452	7.58
622.64	7.4
622.829	7.13
623.018	8.41
623.207	7.51
623.396	7.99
623.584	7.2
623.773	7.9
623.962	6.97
624.15	8.09
624.339	7.42
624.528	7.73
624.716	7.29
624.905	7.95
625.094	7.76
625.282	7.16
625.471	7.51
625.659	7.59
625.848	7.38
626.037	7.38
626.225	7.36
626.414	7.62
626.602	8.18
626.791	7.85
626.979	7.83
627.167	7.2
627.356	7.82
627.544	7.97
627.733	8.09
627.921	7.98
628.109	8.11
628.298	7.26
628.486	7.7
628.674	7.61
628.863	7.93
629.051	8
629.239	8.04
629.428	7.21
629.616	7.84
629.804	8.07
629.992	7.96
630.18	7.09
630.369	8.22
630.557	8.27
630.745	7.26
630.933	8
631.121	7.92
631.309	7.36
631.497	7.96
631.685	7.29
631.873	6.81
632.061	7.62
632.249	8.31
632.437	8.59
632.625	8.04
632.813	7.53
633.001	7.75
633.189	7.95
633.377	8.73
633.565	7.26
633.753	6.87
633.941	7.8
634.129	7.66
634.316	7.03
634.504	8.47
634.692	8.3
634.88	8.7
635.068	7.55
635.255	7.47
635.443	7.86
635.631	7.59
635.818	8.01
636.006	7.27
636.194	8.01
636.382	6.7
636.569	8.38
636.757	9
636.944	8.03
637.132	8.16
637.32	8.36
637.507	7.19
637.695	7.69
637.882	8.74
638.07	7.89
638.257	7.44
638.445	7.26
638.632	6.9
638.82	7.33
639.007	6.63
639.194	7.31
639.382	7.89
639.569	7.65
639.757	7.86
639.944	6.53
640.131	7.77
640.319	7.62
640.506	7.11
640.693	8.4
640.88	7.55
641.068	8.03
641.255	7.21
641.442	6.71
641.629	6.87
641.817	8.12
642.004	7.65
642.191	8.17
642.378	8.49
642.565	7.31
642.752	8.21
642.939	6.84
643.126	6.28
643.313	7.68
643.501	7.32
643.688	7.03
643.875	8.17
644.062	6.93
644.249	7.14
644.435	6.69
644.622	6.02
644.809	6.79
644.996	6.38
645.183	6.28
645.37	8.03
645.557	7.31
645.744	6.53
645.931	6.69
646.117	5.98
646.304	7.13
646.491	6.6
646.678	6.38
646.865	6.61
647.051	7.34
647.238	6.41
647.425	6.99
647.611	6.76
647.798	6.15
647.985	6.66
648.171	7.8
648.358	6.19
648.545	8.02
648.731	6.34
648.918	6.07
649.104	6.71
649.291	6.37
649.477	6.39
649.664	6.92
649.85	7.59
650.037	6.18
650.223	5.8
650.41	6.22
650.596	5.72
650.783	6.42
650.969	6.49
651.155	6.97
651.342	6.33
651.528	6.55
651.714	6.28
651.901	6.64
652.087	6.32
652.273	5.6
652.46	5.82
652.646	5.63
652.832	6.55
653.018	5.65
653.204	6.63
653.391	6.69
653.577	5.26
653.763	7.42
653.949	6.92
654.135	6.23
654.321	6.57
654.507	6.98
654.693	6.54
654.879	5.47
655.065	5.81
655.252	5.31
655.438	6.61
655.624	6.64
655.809	5.39
655.995	5.41
656.181	5.69
656.367	6.26
656.553	7.34
656.739	6.95
656.925	6.84
657.111	5.78
657.297	7.28
657.482	5.61
657.668	6.73
657.854	6
658.04	5.86
658.226	4.85
658.411	5.68
658.597	8.27
658.783	6.83
658.968	5.96
659.154	5.85
659.34	5.59
659.525	5.68
659.711	6.11
659.897	4.99
660.082	5.77
660.268	5.89
660.453	6.9
660.639	6.01
660.824	6.6
661.01	5.69
661.195	5.71
661.381	4.59
661.566	6.74
661.752	5.6
661.937	6.58
662.123	4.56
662.308	5.51
662.494	4.9
662.679	6.24
662.864	6.39
663.05	4.76
663.235	6.41
663.42	5.05
663.605	5.96
663.791	5.26
663.976	5.12
664.161	5.84
664.346	5.52
664.532	5.22
664.717	4.42
664.902	5.95
665.087	7.09
665.272	6.62
665.457	4.82
665.642	4.2
665.828	4.7
666.013	5.76
666.198	3.21
666.383	5.58
666.568	5.93
666.753	5.64
666.938	4.71
667.123	6.25
667.308	3.49
667.493	3.22
667.677	4.74
667.862	5.52
668.047	5.66
668.232	3.56
668.417	5.57
668.602	4.92
668.787	6.23
668.971	5.8
669.156	7.18
669.341	4.52
669.526	6.83
669.711	5.25
669.895	5.58
670.08	4.63
670.265	5.04
670.449	5.62
670.634	5.48
670.819	4.93
671.003	3.94
671.188	6.58
671.372	5.58
671.557	7.54
671.742	6.89
671.926	5.34
672.111	3.86
672.295	4.43
672.48	5.22
672.664	5.26
672.849	2.55
673.033	6.21
673.217	4.4
673.402	5.93
673.586	0.89
673.771	6.85
673.955	5.31
674.139	5.78
674.324	3.21
674.508	5.9
674.692	4.91
674.876	5.66
675.061	6.6
675.245	6.64
675.429	7.33
675.613	6.47
675.798	5.46
675.982	7.92
676.166	6.33
676.35	6.64
676.534	6.05
676.718	5.37
676.902	8.26
677.087	2.49
677.271	4.75
677.455	7.61
677.639	4.45
677.823	6.52
678.007	6.87
678.191	5.63
678.375	8.29
678.559	3.42
678.742	5.06
678.926	4.73
679.11	8.96
679.294	7.31
679.478	4.28
679.662	5.47
679.846	8.88
680.029	8.03
680.213	7.39
680.397	6.21
680.581	5.45
680.765	7.52
680.948	6.03
681.132	3.95
681.316	4.51
681.499	8.52
681.683	6.92
681.867	4.74
682.05	9.08
682.234	3.92
682.417	7.85
682.601	6.93
682.785	7.6
682.968	6.44
683.152	9.95
683.335	8.71
683.519	7.67
683.702	6.62
683.886	9.29
684.069	8.25
684.253	8.1
684.436	9.54
684.619	9.46
684.803	8.17
684.986	7.79
685.169	10.79
685.353	7.03
685.536	6.57
685.719	7.46
685.903	7.18
686.086	3.9
686.269	10.8
686.452	7.48
686.636	12.14
686.819	6.59
687.002	12.29
687.185	11.85
687.368	8.24
687.551	10.6
687.734	9.97
687.918	10.63
688.101	9.19
688.284	9.81
688.467	9.16
688.65	12.27
688.833	10.01
689.016	6.75
689.199	8.57
689.382	13.35
689.565	11.51
689.748	10.12
689.93	8.53
690.113	12.1
690.296	11.2
690.479	12.11
690.662	9.03
690.845	10.65
691.028	8.07
691.21	11.47
691.393	10.24
691.576	10.6
691.759	7.01
691.941	13.36
692.124	13.15
692.307	12.4
692.489	7.81
692.672	9.75
692.855	13.8
693.037	13.34
693.22	18.81
693.403	9.05
693.585	18.36
693.768	14.87
693.95	13.23
694.133	17.71
694.315	9.09
694.498	15.37
694.68	7.12
694.863	14.57
695.045	16.7
695.228	15.21
695.41	17.99
695.592	15.57
695.775	14.58
695.957	14.6
696.139	10.72
696.322	12.48
696.504	14.53
696.686	9.53
696.869	18.4
697.051	11.81
697.233	18.15
697.415	15.94
697.597	9.83
697.78	17.8
697.962	16.19
698.144	19.51
698.326	10.03
698.508	19.35
698.69	16.36
698.872	13.54
699.055	15.88
699.237	17.86
699.419	10.23
699.601	13.3
699.783	19.78
699.965	20.32
700.147	13.49
700.329	21.36
700.51	16.99
700.692	21.06
700.874	15.3
701.056	20.05
701.238	17.01
701.42	21.7
701.602	14.63
701.783	14.67
701.965	18.69
702.147	27.91
702.329	21.51
702.511	19.91
702.692	11.62
702.874	14.85
703.056	13.36
703.237	17.85
703.419	14.1
703.601	23.03
703.782	21.05
703.964	23.52
704.146	17.98
704.327	22.79
704.509	22.32
704.69	14.84
704.872	22.99
705.053	18.15
705.235	23.49
705.416	19.52
705.598	16.88
705.779	13.8
705.961	15.79
706.142	20.53
706.323	23.62
706.505	24.15
706.686	23.65
706.867	19.54
707.049	19.97
707.23	19.71
707.411	16.17
707.593	23.58
707.774	21.87
707.955	19.67
708.136	15.95
708.318	22.03
708.499	23.81
708.68	27.72
708.861	16.48
709.042	18.84
709.223	17.12
709.404	21.91
709.585	19.1
709.767	17.49
709.948	25.19
710.129	19.85
710.31	12.01
710.491	15.64
710.672	22.11
710.853	18.49
711.034	15.79
711.214	20
711.395	22.2
711.576	26.21
711.757	20.45
711.938	23.7
712.119	17.35
712.3	21.91
712.481	17.4
712.661	24.18
712.842	17.29
713.023	19.61
713.204	11.73
713.384	20.19
713.565	28.88
713.746	16.81
713.926	15.56
714.107	14.36
714.288	23.95
714.468	16.61
714.649	22.65
714.83	25.51
715.01	25.76
715.191	18.93
715.371	21.41
715.552	27.07
715.732	35.53
715.913	28.67
716.093	17.91
716.274	25.95
716.454	10.24
716.635	27.77
716.815	25.95
716.995	18.54
717.176	26.24
717.356	18.8
717.536	38.44
717.717	19.01
717.897	15.11
718.077	25.24
718.258	25.8
718.438	30.56
718.618	25.96
718.798	24.02
718.978	25.95
719.159	18.19
719.339	37.64
719.519	19.52
719.699	28.09
719.879	31.8
720.059	24.64
720.239	33.37
720.419	34.38
720.599	21.15
720.779	32.49
720.959	33.95
721.139	23.01
721.319	16.15
721.499	29.74
721.679	25.38
721.859	23.59
722.039	20.29
722.219	31.1
722.399	17.9
722.579	18.17
722.759	17.81
722.938	20.84
723.118	23.05
723.298	11.77
723.478	31.52
723.658	31.61
723.837	34.62
724.017	32.36
724.197	21.97
724.376	26.77
724.556	16.8
724.736	27.38
724.915	9.09
725.095	36.29
725.275	15.14
725.454	23.12
725.634	29.88
725.813	24.98
725.993	25.77
726.172	30.08
726.352	32.64
726.531	28.28
726.711	20.61
726.89	16.53
727.07	36.37
727.249	24.62
727.428	31.58
727.608	16.47
727.787	22.03
727.966	10.18
728.146	26.21
728.325	38.3
728.504	30.14
728.684	28.58
728.863	44.78
729.042	9.27
729.221	-1.57
729.4	33.26
729.58	37.5
729.759	38.13
729.938	41.38
730.117	41.7
730.296	32.17
730.475	32.88
730.654	35.99
730.833	15.49
731.013	35.96
731.192	22.61
731.371	21.1
731.55	47.4
731.729	26.81
731.907	38.28
732.086	19.29
732.265	5.38
732.444	14.03
732.623	40.38
732.802	32.56
732.981	31.1
733.16	14.58
733.339	34.25
733.517	14.33
733.696	26.03
733.875	47
734.054	21.6
734.232	55.38
734.411	45.88
734.59	6.41
734.768	44.79
734.947	26.14
735.126	-1.41
735.304	19.92
735.483	32.82
735.662	29.84
735.84	22.54
736.019	32.97
736.197	8.23
736.376	26.97
736.554	34.91
736.733	44.6
736.911	42.29
737.09	23.17
737.268	19.32
737.447	36.75
737.625	30.64
737.803	30.57
737.982	30.94
738.16	62.07
738.338	54.79
738.517	21.5
738.695	45.81
738.873	27.75
739.052	17.27
739.23	-7.55
739.408	18.34
739.586	30.09
739.764	17.4
739.943	47.93
740.121	17.25
740.299	28.51
740.477	32.7
740.655	27.46
740.833	38.48
741.011	50.02
741.189	29.12
741.367	51.31
741.545	27.96
741.723	18.05
741.901	-32.94
742.079	24.48
742.257	31.29
742.435	30.96
742.613	44.26
742.791	57.74
742.969	16.7
743.147	16.34
743.325	15.28
743.503	24.83
743.68	31.96
743.858	-11.33
744.036	8.06
744.214	23.75
744.391	18.92
744.569	18.38
744.747	13.55
744.925	40.81
745.102	55.56
745.28	-1.76
745.458	29.13
745.635	30.89
745.813	44.42
745.99	30.29
746.168	39
746.345	71.16
746.523	28.88
746.7	39.58
746.878	17.08
747.055	17.69
747.233	52.4
747.41	48.24
747.588	23.9
747.765	13.65
747.943	48.52
748.12	-3.84
748.297	13.12
748.475	34.15
748.652	5.84
748.829	1.5
749.007	17.95
749.184	23.75
749.361	34.85
749.538	96.67
749.716	42.54
749.893	30.68
750.07	28.1
750.247	29.77
750.424	65.61
750.601	24.3
750.778	12.51
750.956	3.57
751.133	14.15
751.31	13.78
751.487	21.53
751.664	23.72
751.841	30.52
752.018	33.76
752.195	0.31
752.372	25.59
752.549	22.86
752.726	38.41
752.902	51.9
753.079	48.76
753.256	52.78
753.433	24.27
753.61	61.96
753.787	70.37
753.964	32.33
754.14	25.53
754.317	32.17
754.494	56.44
754.671	45.44
754.847	38.13
755.024	30.64
755.201	42.57
755.377	19.82
755.554	55.02
755.73	20.91
755.907	36.86
756.084	90.36
756.26	35.42
756.437	-0.52
756.613	72.73
756.79	17.58
756.966	29.86
757.143	27.71
757.319	57.43
757.496	65.28
757.672	50.49
757.849	34.55
758.025	57.42
758.201	154.97
758.378	36.18
758.554	47.11
758.73	26.65
758.907	16.3
759.083	69.01
759.259	47.88
759.435	19.65
759.612	12.94
759.788	69.93
759.964	19.26
760.14	31.41
760.316	-12.25
760.493	43.87
760.669	43.56
760.845	-18.06
761.021	-15.49
761.197	25.97
761.373	35.44
761.549	22.86
761.725	37.23
761.901	-3.89
762.077	15.5
762.253	12.69
762.429	27.01
762.605	26.29
762.781	13.69
762.957	39.05
763.133	38.38
763.308	8.61
763.484	36.86
763.66	92.98
763.836	56.48
764.012	-32.99
764.187	35.76
764.363	57.89
764.539	20.42
764.715	25.61
764.89	-45.75
765.066	4.86
765.242	35.39
765.417	-22.62
765.593	21.25
765.769	67.06
765.944	6.57
766.12	49.57
766.295	4.53
766.471	22.98
766.646	27.98
766.822	101.61
766.997	-31.66
767.173	36.09
767.348	47.44
767.524	1.6
767.699	69.89
767.875	42.93
768.05	-25.88
768.225	19.68
768.401	57.14
768.576	8.24
768.751	108.77
768.927	56.42
769.102	53.26
769.277	19.44
769.452	-28.46
769.628	1.52
769.803	153.59
769.978	45.17
770.153	-49.68
770.328	31.36
770.503	24.93
770.679	44.09
770.854	-9.84
771.029	-1.95
771.204	-362.91
771.379	-26.99
771.554	26.75
771.729	17.02
771.904	-35.78
772.079	57.89
772.254	30.41
772.429	88.97
772.604	26.34
772.779	50.08
772.953	-5.35
773.128	32.03
773.303	72.39
773.478	35.23
773.653	78.31
773.828	56.88
774.002	138.42
774.177	-0.91
774.352	-111.3
774.527	37.28
774.701	51.99
774.876	37.94
775.051	-196.79
775.225	131.27
775.4	17.41
775.575	-1.66
775.749	-37.38
775.924	58.32
776.098	-84.13
776.273	21.21
776.447	22.8
776.622	7.89
776.796	6.72
776.971	180.98
777.145	16.1
777.32	63.25
777.494	45.02
777.669	16.74
777.843	-14.33
778.017	35.54
778.192	57.5
778.366	29.92
778.54	23.15
778.715	-45.96
778.889	182.63
779.063	37.27
779.237	91
779.412	27.95
779.586	90.32
779.76	-87.08
779.934	-2.27
780.108	44.56
780.282	-782.09
780.457	24.64
780.631	15.16
780.805	-20.35
780.979	41.79
781.153	-60.36
781.327	5.23
781.501	7.53
781.675	32.65
781.849	7.78
782.023	69.6
782.197	13.19
782.371	-66.29
782.545	134.97
782.718	-91.87
782.892	56.53
783.066	59.97
783.24	195.95
783.414	-25.59
783.588	168.38
783.761	13.61
783.935	25.51
784.109	135.8
784.283	-163.48
784.456	109.95
784.63	-119.26
784.804	29.22
784.977	48.01
785.151	-124.86
785.324	73.25
785.498	30.77
785.672	24.38
785.845	35.04
786.019	-60.66
786.192	-29.14
786.366	14.91
786.539	123.39
786.713	4.36
786.886	62.75
787.06	193.35
787.233	115.72
787.406	-0.61
787.58	45.81
787.753	-25.06
787.926	-90.71
788.1	31.9
788.273	-30.19
788.446	-60.52
788.62	-335.48
788.793	-1.6
788.966	95.67
789.139	48.45
789.313	73.02
789.486	-1142.86
789.659	-539.43
789.832	26.21
790.005	61.62
790.178	580.53
790.351	35.83
790.524	-14.92
790.697	38.12
790.87	-26.4
791.044	-560
791.216	37.89
791.389	-267.38
791.562	140.65
791.735	111.39
791.908	1101.3
792.081	78.05
792.254	17.58
792.427	105.58
792.6	-93.29
792.773	0.54
792.945	400
793.118	-4.96
793.291	149.45
793.464	-110.64
793.637	-137.42
793.809	64.19
793.982	-21.62
794.155	151.41
794.327	58.8
794.5	141.54
794.673	16.19
794.845	-6.23
795.018	-50.76
795.19	-44.94
795.363	91.61
795.536	200.44
795.708	-2077.42
795.881	-2000
796.053	23.58
796.226	112
796.398	174.81
796.57	-14.69
796.743	-100.29
796.915	-71.36
797.088	11.34
797.26	88.19
797.432	491.14
797.605	-132.62
797.777	-1438.96
797.949	349.03
798.122	54.57
798.294	400
798.466	118.86
798.638	-66.46
798.81	112.68
798.983	415.19
799.155	46.66
799.327	-108.92
799.499	112
799.671	-24.03
799.843	-6.26
800.015	152.53
800.187	90.02
800.359	43.46
800.531	39.47
800.703	65.55
800.875	79.85
801.047	42.71
801.219	182.94
801.391	493.51
801.563	-31.65
801.735	87.3
801.907	223.31
802.079	222.08
802.251	-1301.1
802.422	314.96
802.594	-285.71
802.766	13.82
802.938	141.7
803.11	184.49
803.281	304.64
803.453	-7.92
803.625	16.55
803.796	39.69
803.968	2.58
804.14	122.11
804.311	33.56
804.483	-43.39
804.654	-6.84
804.826	106.58
804.998	245.99
805.169	38.61
805.341	-22.4
805.512	-166.46
805.684	67.35
805.855	144.59
806.026	806.15
806.198	296.93
806.369	54.58
806.541	-7.83
806.712	189.62
806.883	30.52
807.055	99.44
807.226	-50.87
807.397	43.96
807.569	346.9
807.74	113.23
807.911	52.24
808.082	-240.36
808.253	7.92
808.425	39.79
808.596	305.62
808.767	89.21
808.938	2.62
809.109	-15.84
809.28	-49.29
809.451	63.91
809.622	-106.95
809.793	-103.23
809.964	358.26
810.135	54.24
810.306	-113.29
810.477	311.41
810.648	81.5
810.819	92.54
810.99	-80
811.161	29.74
811.332	438.92
811.503	-59.83
811.674	-172.31
811.844	160
812.015	108.71
812.186	392.64
812.357	137.34
812.527	21.53
812.698	34.78
812.869	558.49
813.04	126.65
813.21	-262.07
813.381	-80.93
813.551	-9.01
813.722	-1.32
813.893	9.95
814.063	-76.43
814.234	-1083.64
814.404	109.72
814.575	192.54
814.745	-385.84
814.916	126.8
815.086	-32
815.257	60.99
815.427	230.67
815.598	52.74
815.768	78.13
815.938	22.97
816.109	64.78
816.279	53.54
816.449	135.35
816.62	1347.37
816.79	70.72
816.96	-505.66
817.13	67.98
817.301	-123.86
817.471	3.31
817.641	53.99
817.811	312.41
817.981	-1657.14
818.152	47.39
818.322	-312.87
818.492	4.66
818.662	65.02
818.832	27.77
819.002	22.18
819.172	41.28
819.342	205.78
819.512	1.54
819.682	105.23
819.852	12.52
820.022	30.16
820.192	35.96
820.362	-44.35
820.531	91.21
820.701	113.12
820.871	62.37
821.041	63.35
821.211	-7.68
821.381	-39.9
821.55	88.51
821.72	37.21
821.89	-153.85
822.059	85.77
822.229	-43.36
822.399	12.56
822.568	174.29
822.738	692.68
822.908	296.93
823.077	63.47
823.247	92.98
823.416	-588.24
823.586	-94.12
823.756	65.35
823.925	506.33
824.095	-158.14
824.264	-132.74
824.433	-109.73
824.603	90.25
824.772	105.72
824.942	-237.97
825.111	-184.92
825.28	-240.99
825.45	-236.52
825.619	-32.3
825.788	-98.88
825.958	37.48
826.127	-152.98
826.296	-29.97
826.465	109.18
826.635	-67.67
826.804	30.52
826.973	289.3
827.142	-146.38
827.311	-18.79
827.48	76.63
827.649	-28.84
827.818	-91.34
827.988	-70.4
828.157	-6.27
828.326	-172.94
828.495	-14.73
828.664	87.16
828.833	-62.19
829.002	-69.57
829.17	255.03
829.339	146.73
829.508	-144.13
829.677	49.44
829.846	42.08
830.015	-113.8
830.184	-69.89
830.352	20.85
830.521	244.6
830.69	1073.17
830.859	1882.35
831.027	-357.89
831.196	25.28
831.365	25.92
831.533	12.35
831.702	118.22
831.871	-53.98
832.039	60.64
832.208	-685.22
832.377	-374.8
832.545	79.18
832.714	51.2
832.882	56.6
833.051	-0.79
833.219	-7828.57
833.388	-68.4
833.556	18.66
833.724	14.13
833.893	8.02
834.061	2926.32
834.23	103.05
834.398	131.27
834.566	509.09
834.735	2971.43
834.903	-52.83
835.071	-13040
835.239	-150.82
835.408	73.23
835.576	288.37
835.744	-40.11
835.912	69.05
836.08	115.75
836.249	-415.09
836.417	342.25
836.585	251.36
836.753	63.22
836.921	276.76
837.089	-9200
837.257	-1832.56
837.425	52.77
837.593	-93.77
837.761	124.59
837.929	36.48
838.097	51.91
838.265	69.41
838.433	-44.59
838.601	110.34
838.769	-298.73
838.936	319.1
839.104	66.49
839.272	13.44
839.44	49.14
839.608	-507.32
839.775	26
839.943	71.98
840.111	11.96
840.279	17.26
840.446	220.9
840.614	259.74
840.781	-38.26
840.949	138.44
841.117	85.07
841.284	-73.82
841.452	109.32
841.619	-30.58
841.787	-33.95
841.954	148.84
842.122	18.5
842.289	-11.66
842.457	77.05
842.624	66.51
842.792	84.67
842.959	194.29
843.126	85.63
843.294	-44.98
843.461	-60.42
843.629	313.6
843.796	70.84
843.963	73.15
844.13	295.21
844.298	98.84
844.465	-2.33
844.632	-173.91
844.799	146.73
844.966	6.81
845.134	66.59
845.301	38.29
845.468	10.6
845.635	149.82
845.802	-212.77
845.969	16.37
846.136	36.87
846.303	-4147.37
846.47	18.11
846.637	436.92
846.804	-1621.05
846.971	2.62
847.138	149.81
847.305	-396.46
847.472	-117.93
847.639	102.11
847.805	-61.54
847.972	-20.78
848.139	-104.72
848.306	-800
848.473	292.54
848.639	99.5
848.806	-99.2
848.973	101.72
849.14	184.23
849.306	-41.26
849.473	50.33
849.64	233.85
849.806	-111
849.973	108.11
850.139	74.17
850.306	55.4
850.472	121.03
850.639	112.79
850.806	-2189.47
850.972	253.91
851.139	-2342.86
851.305	-19.28
851.471	130.96
851.638	31.9
851.804	-800
851.971	30.16
852.137	26.87
852.303	318.3
852.47	-45.01
852.636	-30.62
852.802	12.6
852.968	57.87
853.135	211.17
853.301	-134.1
853.467	211.15
853.633	56.53
853.8	90.76
853.966	-136.04
854.132	1257.14
854.298	163.5
854.464	-328.09
854.63	97.48
854.796	82.71
854.962	-74.82
855.128	-0.66
855.294	-72.58
855.46	23.46
855.626	-19.85
855.792	-86.49
855.958	493.2
856.124	-144.79
856.29	-92.72
856.456	-49.74
856.622	73.19
856.787	633.77
856.953	57.33
857.119	-3.96
857.285	138.39
857.45	-62.19
857.616	106.94
857.782	-54.22
857.948	193.1
858.113	92.83
858.279	22.34
858.445	-110.24
858.61	902.33
858.776	-32.39
858.941	114.85
859.107	54.14
859.273	44.24
859.438	-20.66
859.604	-1115.79
859.769	192.13
859.935	138.61
860.1	107.81
860.265	62.86
860.431	123.74
860.596	6571.43
860.762	39.65
860.927	223.23
861.092	-11.5
861.258	-82.72
861.423	228.57
861.588	3.97
861.753	6742.86
861.919	-483.02
862.084	286.61
862.249	318.64
862.414	146.08
862.579	174.62
862.745	78.35
862.91	160.89
863.075	16.94
863.24	41.65
863.405	273.37
863.57	-162.87
863.735	100.91
863.9	-237.17
864.065	41.1
864.23	241.69
864.395	173.67
864.56	106.34
864.725	400
864.89	346.07
865.055	212.64
865.22	60.07
865.384	-462.92
865.549	-427.18
865.714	-72.13
865.879	-80
866.044	-40.66
866.208	72.46
866.373	-272.53
866.538	110.54
866.702	-150.82
866.867	106.85
867.032	66.82
867.196	22.76
867.361	275.2
867.526	-238.63
867.69	-66.85
867.855	-140.66
868.019	138.18
868.184	17.82
868.348	76.45
868.513	-838.71
868.677	54.47
868.842	-108.83
869.006	233.43
869.17	-550.94
869.335	282.93
869.499	-427.18
869.663	209.27
869.828	64.78
869.992	1293.02
870.156	68.97
870.321	72.73
870.485	3.55
870.649	89.71
870.813	-87.08
870.978	47.66
871.142	-430.77
871.306	-9.48
871.47	443.8
871.634	390.55
871.798	-77.02
871.962	173.12
872.126	-6285.71
872.29	-6.78
872.454	-1314.29
872.618	147.37
872.782	-334.33
872.946	37.58
873.11	-28.14
873.274	268.21
873.438	-23.53
873.602	64.38
873.766	72.73
873.93	8.77
874.094	22.47
874.257	78.51
874.421	427.75
874.585	72.73
874.749	-2.89
874.912	-212.95
875.076	45.66
875.24	-52.46
875.403	158.36
875.567	228.57
875.731	467.42
875.894	32.65
876.058	193.3
876.222	-31.46
876.385	110.55
876.549	22.26
876.712	181.82
876.876	-236.44
877.039	57.14
877.203	62.76
877.366	31.13
877.529	-134.28
877.693	80.16
877.856	81.1
878.02	-13.96
878.183	-51.41
878.346	-254.55
878.51	293.81
878.673	-74.82
878.836	104.73
878.999	-258.06
879.163	59.95
879.326	169.82
879.489	141.69
879.652	95.09
879.815	51.67
879.978	-89.8
880.142	37.58
880.305	-84.47
880.468	70.36
880.631	167.64
880.794	1.74
880.957	78.05
881.12	-1788.24
881.283	-148.88
881.446	20.48
881.609	270.5
881.772	126.38
881.935	117.65
882.097	114.58
882.26	445.28
882.423	80.4
882.586	98.89
882.749	130.61
882.912	-130.06
883.074	49.92
883.237	72.02
883.4	62.6
883.562	188.87
883.725	73.6
883.888	-185.83
884.05	-6080
884.213	69.48
884.376	27.59
884.538	91.25
884.701	91.25
884.863	91.25
