181.954	232.39
182.172	232.39
182.39	232.39
182.608	-440
182.826	525.27
183.043	-184.68
183.261	198.91
183.479	236.36
183.697	1141.18
183.914	-122.27
184.132	-45.99
184.35	370.4
184.567	215.77
184.785	267.26
185.003	-36.5
185.22	57.51
185.438	39.54
185.656	-175.88
185.873	-513.85
186.091	62.46
186.309	1579.31
186.526	207.24
186.744	107.55
186.961	-85.19
187.179	-52.13
187.396	-4.97
187.614	-255.38
187.831	-5240
188.049	20.86
188.266	27.79
188.484	32.84
188.701	-95.15
188.919	75.47
189.136	21.45
189.354	207.72
189.571	-182.94
189.789	-19.07
190.006	28.76
190.223	117.84
190.441	10.42
190.658	-6028.57
190.876	84.94
191.093	-569.23
191.31	33.29
191.528	-34.19
191.745	-22.04
191.962	28.99
192.179	91.15
192.397	149.8
192.614	89.49
192.831	40.55
193.049	35.82
193.266	67.96
193.483	48.15
193.7	-236.92
193.917	120.29
194.135	335.25
194.352	-250.97
194.569	6.82
194.786	129.16
195.003	201.87
195.221	21.42
195.438	-127.92
195.655	23.12
195.872	15.59
196.089	85.81
196.306	85.47
196.523	-98.43
196.74	142.86
196.957	4.37
197.174	-230.46
197.391	79.45
197.608	47.56
197.825	-858.06
198.042	24.41
198.259	-820.69
198.476	146.5
198.693	2200
198.91	-194.85
199.127	337.31
199.344	-5.67
199.561	-33.53
199.778	5.14
199.995	-1041.79
200.212	-572.41
200.429	33.18
200.646	240.51
200.862	-253.93
201.079	-15.24
201.296	-1.32
201.513	161.17
201.73	-111.44
201.947	160.3
202.163	107.82
202.38	174.57
202.597	165.78
202.814	27.8
203.03	-1400
203.247	-25.13
203.464	45.51
203.681	-184.42
203.897	78.63
204.114	-222.64
204.331	94.45
204.547	-1148.84
204.764	89.58
204.981	-341.18
205.197	203.4
205.414	-26.74
205.63	875.86
205.847	191.96
206.064	40
206.28	-62.67
206.497	-110.67
206.713	124.65
206.93	-17.79
207.146	-38.88
207.363	-33.85
207.579	-529.67
207.796	12.39
208.012	26.85
208.229	14.93
208.445	51.77
208.662	-2.35
208.878	103.24
209.095	-200
209.311	-19.52
209.528	8371.43
209.744	-28.57
209.96	-231.79
210.177	685.44
210.393	37.77
210.609	2440
210.826	-1.23
211.042	-481.74
211.258	265.67
211.475	75.94
211.691	-20.36
211.907	-260.76
212.124	-125.7
212.34	280
212.556	64.17
212.772	-371.43
212.989	22.52
213.205	101.11
213.421	-356.78
213.637	408.96
213.853	117.51
214.069	2578.95
214.286	37.9
214.502	301.49
214.718	33.23
214.934	122.95
215.15	40
215.366	77.63
215.582	156.18
215.798	40.97
216.015	78.13
216.231	195.68
216.447	38.8
216.663	65.01
216.879	252.26
217.095	428.19
217.311	-494.34
217.527	123.39
217.743	114.56
217.959	-132.08
218.175	-16.44
218.391	257.55
218.606	-220.57
218.822	40
219.038	114.44
219.254	40
219.47	-113.65
219.686	420.22
219.902	76.21
220.118	-43.92
220.334	-12.81
220.549	48.55
220.765	0.48
220.981	29.86
221.197	-13.63
221.413	-15.38
221.628	27.85
221.844	750.94
222.06	114.56
222.276	-20.93
222.491	60.6
222.707	-54.43
222.923	-38.93
223.139	-34.02
223.354	47.15
223.57	272.44
223.786	27.78
224.001	193.82
224.217	55.39
224.432	-116.76
224.648	307.99
224.864	5.3
225.079	68.66
225.295	38.21
225.51	364.32
225.726	32.59
225.942	127.27
226.157	69.37
226.373	14.47
226.588	-33.26
226.804	-1589.47
227.019	252.26
227.235	24.57
227.45	62.45
227.665	4120
227.881	177.95
228.096	123.48
228.312	23.33
228.527	95.71
228.743	53.71
228.958	114.87
229.173	-283.48
229.389	36.07
229.604	172.56
229.819	74.66
230.035	-51.59
230.25	-14.58
230.465	-133.62
230.681	-90.55
230.896	55.7
231.111	91.75
231.327	74.49
231.542	-1880
231.757	183.64
231.972	-98.23
232.187	-67.23
232.403	-1589.47
232.618	-29.15
232.833	52.23
233.048	-374.55
233.263	-16.44
233.478	-106.09
233.694	358.14
233.909	-509.68
234.124	106.3
234.339	53.62
234.554	1496.55
234.769	-91.22
234.984	9.87
235.199	59.77
235.414	-200
235.629	-230.38
235.844	-6.8
236.059	46.54
236.274	-11.48
236.489	14.42
236.704	152.36
236.919	51.9
237.134	77.54
237.349	162.46
237.564	19.37
237.779	37.47
237.994	-11.06
238.209	167.04
238.424	42.94
238.639	59.41
238.853	-5.8
239.068	64.65
239.283	-69.49
239.498	107.12
239.713	95.46
239.928	-17.93
240.142	115.79
240.357	-29.97
240.572	-7.32
240.787	146.59
241.001	9.36
241.216	37.34
241.431	111.74
241.646	39.28
241.86	-108.52
242.075	-618.6
242.29	-13.24
242.504	-29.84
242.719	582.61
242.934	159.06
243.148	10.48
243.363	-11.39
243.577	15.73
243.792	125.51
244.007	49.16
244.221	174.03
244.436	122.39
244.65	175.46
244.865	67.3
245.079	149.78
245.294	-79.14
245.508	93.99
245.723	131.27
245.937	-94.51
246.152	-165.5
246.366	69.64
246.581	-32.56
246.795	42.94
247.01	-95.51
247.224	53.21
247.438	-174.71
247.653	28.68
247.867	73.8
248.081	127.72
248.296	239.02
248.51	121.95
248.724	14.58
248.939	-289.55
249.153	84.08
249.367	67.53
249.582	68.12
249.796	-137.66
250.01	-41.06
250.224	63.65
250.439	29.86
250.653	80.85
250.867	65.52
251.081	72.99
251.295	44.48
251.51	34.89
251.724	188.49
251.938	76.58
252.152	159.12
252.366	-89.59
252.58	476.36
252.794	25.71
253.008	308.61
253.223	105.99
253.437	115.99
253.651	-75.67
253.865	56.98
254.079	68.45
254.293	6.81
254.507	869.09
254.721	-66
254.935	446.15
255.149	51.16
255.363	117.5
255.577	-6.71
255.791	48.14
256.005	116.56
256.218	19.49
256.432	39.39
256.646	-18.87
256.86	63.66
257.074	96.67
257.288	4120
257.502	472.53
257.716	15.8
257.929	115.41
258.143	20.64
258.357	-4.95
258.571	3.69
258.785	2.48
258.998	-55.47
259.212	190.46
259.426	117.49
259.64	58.64
259.853	-53.29
260.067	-8.9
260.281	82.62
260.494	-40.96
260.708	299.01
260.922	14.37
261.135	56.05
261.349	-87.06
261.563	11.08
261.776	-270.59
261.99	58.49
262.203	44.29
262.417	-123.67
262.63	27.8
262.844	770.79
263.058	76.61
263.271	61.73
263.485	85.42
263.698	96.61
263.912	-11.06
264.125	-83.79
264.339	-20.47
264.552	-25.98
264.765	-220.87
264.979	277.74
265.192	97.55
265.406	-52.27
265.619	83.28
265.832	89.47
266.046	-54.21
266.259	210.85
266.473	-2987.1
266.686	18.18
266.899	73.35
267.113	6520
267.326	12.01
267.539	7.58
267.752	22.14
267.966	80.92
268.179	-14.02
268.392	22.77
268.605	177.95
268.819	121.92
269.032	-23.7
269.245	169.23
269.458	123.25
269.671	149.37
269.885	39.47
270.098	27.33
270.311	-351.9
270.524	56.49
270.737	-18.93
270.95	133.77
271.163	36.22
271.376	574.19
271.589	-108.86
271.802	20.55
272.016	30.62
272.229	58.64
272.442	-151.42
272.655	12.53
272.868	12.53
273.081	15.73
273.294	45.87
273.506	7.77
273.719	-10.63
273.932	-39.87
274.145	5560
274.358	62.8
274.571	35.97
274.784	162.26
274.997	87.58
275.21	62.12
275.423	-80.69
275.635	-1.01
275.848	60.15
276.061	245.03
276.274	97.7
276.487	19.13
276.699	-116.63
276.912	30.18
277.125	96.17
277.338	73.2
277.55	17.87
277.763	-81.45
277.976	66.93
278.189	10.99
278.401	-47.94
278.614	644.8
278.827	52.46
279.039	-37.75
279.252	28.4
279.464	-0.51
279.677	9.37
279.89	20.78
280.102	-242.21
280.315	151.22
280.527	1821.05
280.74	-1482.76
280.952	74.7
281.165	-5.5
281.377	54.68
281.59	-15.67
281.802	23.91
282.015	144.1
282.227	55.97
282.44	697.84
282.652	15.73
282.865	61.61
283.077	196.14
283.29	148.52
283.502	46.92
283.714	368.72
283.927	48.28
284.139	-148.5
284.351	30.18
284.564	178.61
284.776	61.76
284.988	-60.07
285.201	731.34
285.413	33.29
285.625	-44.32
285.838	10.69
286.05	7.62
286.262	87.82
286.474	71.9
286.686	-32.75
286.899	-119.28
287.111	7.73
287.323	22.68
287.535	-271.29
287.747	106.83
287.959	-5.74
288.172	-287.27
288.384	80.99
288.596	-60.59
288.808	705.66
289.02	433.96
289.232	145.41
289.444	18.18
289.656	-55.37
289.868	64.36
290.08	-74.85
290.292	65.53
290.504	-6.39
290.716	53.21
290.928	86.3
291.14	330.23
291.352	66.98
291.564	576.47
291.776	103.08
291.988	182.82
292.2	-222.75
292.412	176.22
292.624	146.23
292.835	140.3
293.047	10.31
293.259	-45.77
293.471	185.52
293.683	1058.54
293.895	85.81
294.106	-9.12
294.318	124.22
294.53	47.26
294.742	1703.45
294.953	83.39
295.165	16.53
295.377	147.66
295.589	66.9
295.8	95.69
296.012	78.75
296.224	42.88
296.435	57.31
296.647	-31.73
296.858	179.86
297.07	501.54
297.282	114.34
297.493	-27.52
297.705	5.71
297.916	-19.06
298.128	234.88
298.34	-39.78
298.551	-86.51
298.763	25.49
298.974	77.65
299.186	26.42
299.397	-102.04
299.609	-1477.42
299.82	45.65
300.031	40.79
300.243	1947.37
300.454	-126.38
300.666	34.54
300.877	95.73
301.089	147.23
301.3	12.52
301.511	36.34
301.723	71.4
301.934	194.03
302.145	137.16
302.357	156.94
302.568	88
302.779	8.08
302.99	144.39
303.202	-64.3
303.413	149.9
303.624	-4.75
303.835	-1083.02
304.047	4.05
304.258	43.89
304.469	24.46
304.68	137.13
304.891	7.54
305.103	-42.47
305.314	31.77
305.525	7857.14
305.736	-20.47
305.947	72.79
306.158	2200
306.369	72.91
306.58	77.22
306.791	95.08
307.002	-40.57
307.213	-23.87
307.424	79.86
307.636	100.82
307.846	108.46
308.057	172.82
308.268	-38.35
308.479	14.37
308.69	60.8
308.901	122.62
309.112	190.7
309.323	-40.35
309.534	45.56
309.745	20.55
309.956	24.36
310.167	25.88
310.377	108.48
310.588	190.07
310.799	33.2
311.01	-11.39
311.221	27.97
311.432	21.42
311.642	-18.11
311.853	50.13
312.064	-282.76
312.275	152.42
312.485	106.51
312.696	75.72
312.907	41.21
313.117	45.24
313.328	84.29
313.539	-18.93
313.749	-98.76
313.96	-371.43
314.171	106.68
314.381	85.26
314.592	-72.94
314.802	4.53
315.013	-29.97
315.224	58.98
315.434	-2031.58
315.645	2680
315.855	-36.51
316.066	487.64
316.276	3.53
316.487	209.76
316.697	75.2
316.908	46.73
317.118	-69.49
317.329	-35.99
317.539	74.6
317.749	278.97
317.96	176.12
318.17	-49.68
318.381	-213.19
318.591	-397.8
318.801	-35.02
319.012	-51.59
319.222	440.78
319.432	8.44
319.643	-49.56
319.853	241.26
320.063	65.34
320.273	18.35
320.484	287.91
320.694	10.61
320.904	-212.2
321.114	191.01
321.325	1331.03
321.535	158.29
321.745	31.74
321.955	57.93
322.165	-36.86
322.375	21.7
322.585	241.72
322.796	-406.9
323.006	107.61
323.216	137.42
323.426	139.45
323.636	311
323.846	1579.31
324.056	57.08
324.266	-25.43
324.476	-7.8
324.686	169.73
324.896	61.43
325.106	1249.06
325.316	47.23
325.526	-1526.32
325.736	8.89
325.946	33.66
326.156	407.79
326.366	-231.3
326.576	53.31
326.785	47.24
326.995	133.14
327.205	59.3
327.415	235.25
327.625	535.77
327.835	24.88
328.044	125.63
328.254	206.96
328.464	7.77
328.674	90.02
328.884	136.69
329.093	172.19
329.303	65.15
329.513	537.89
329.722	621.05
329.932	40.43
330.142	40.81
330.351	34.65
330.561	-243.64
330.771	-107.01
330.98	-20.16
331.19	723.08
331.4	-102.47
331.609	57.69
331.819	1146.34
332.028	53.71
332.238	96.95
332.447	-36.47
332.657	61.33
332.866	34.53
333.076	33.3
333.285	136.16
333.495	845.16
333.704	-167.71
333.914	68.1
334.123	4.02
334.333	21.54
334.542	12.53
334.752	556.92
334.961	343.4
335.17	-49.25
335.38	58.31
335.589	35.78
335.798	117.86
336.008	287.91
336.217	45.11
336.426	51.82
336.636	29.79
336.845	-44.51
337.054	750.65
337.263	29.32
337.473	-59.67
337.682	100.98
337.891	96.32
338.1	-10.07
338.309	145.91
338.519	103.42
338.728	8.63
338.937	-587.4
339.146	41.73
339.355	320.75
339.564	-1147.37
339.773	-37.19
339.983	48.16
340.192	-440
340.401	32.15
340.61	-10.35
340.819	66.87
341.028	8.52
341.237	-976.47
341.446	8.6
341.655	136.48
341.864	152.61
342.073	3.49
342.282	-116.14
342.491	19.38
342.699	91.26
342.908	-28.57
343.117	81.79
343.326	-34.82
343.535	40
343.744	-14.52
343.953	-97.14
344.162	52.33
344.37	-26.6
344.579	-1400
344.788	-31.2
344.997	40
345.206	132.25
345.414	53.46
345.623	238.38
345.832	-39.81
346.041	354.31
346.249	-60.84
346.458	72.11
346.667	95.31
346.875	7.15
347.084	55.74
347.293	-83.37
347.501	67.3
347.71	24.54
347.918	145.39
348.127	-292.31
348.336	-295.36
348.544	120.33
348.753	-325.37
348.961	46.87
349.17	175.29
349.378	68.38
349.587	-3.47
349.795	-25.24
350.004	520
350.212	30.08
350.421	192.92
350.629	-131.12
350.838	15.47
351.046	-44.39
351.254	63.86
351.463	-7.63
351.671	-200
351.879	97.83
352.088	-18.63
352.296	139.82
352.504	124.07
352.713	-117.41
352.921	433.07
353.129	-0.41
353.338	-21.57
353.546	-3.19
353.754	-141.1
353.962	-80.44
354.171	120.29
354.379	-2410.53
354.587	55.65
354.795	34.53
355.003	56.74
355.212	-51.36
355.42	320.75
355.628	37.11
355.836	-73.9
356.044	63.86
356.252	41.68
356.46	-7.78
356.668	1553.85
356.876	28.05
357.084	166.41
357.292	-30.74
357.5	44.72
357.708	9.95
357.916	-118.26
358.124	156.85
358.332	-343.28
358.54	-134.55
358.748	345.45
358.956	-44.49
359.164	-27.41
359.372	96.21
359.58	-53.24
359.788	49.37
359.996	137.6
360.203	-31.64
360.411	34.95
360.619	-169.85
360.827	91.45
361.035	-354.6
361.242	63.93
361.45	210.13
361.658	4.74
361.866	-94.58
362.073	45.94
362.281	68.15
362.489	108.13
362.697	5.01
362.904	-36.86
363.112	146.8
363.32	15.89
363.527	-335.65
363.735	-111.97
363.943	51.59
364.15	37.46
364.358	100.6
364.565	28.08
364.773	112.63
364.98	-119.43
365.188	2.16
365.395	88.83
365.603	80.68
365.81	26.24
366.018	-25.53
366.225	80.68
366.433	-30.27
366.64	11.47
366.848	109.59
367.055	-83.39
367.263	46.05
367.47	75.88
367.677	-488.61
367.885	119.29
368.092	98.57
368.299	-88.45
368.507	68.44
368.714	309.73
368.921	338.58
369.129	75.24
369.336	-7.92
369.543	51.4
369.751	-57.79
369.958	112.11
370.165	94.61
370.372	-152.11
370.579	39.39
370.787	82.35
370.994	79.34
371.201	97.55
371.408	23.22
371.615	-4.04
371.822	70.62
372.029	-94.24
372.237	-165.71
372.444	221.62
372.651	11.31
372.858	28.74
373.065	30.91
373.272	88.49
373.479	668.97
373.686	33.18
373.893	-130.1
374.1	58.37
374.307	-217.27
374.514	188.66
374.721	29.35
374.928	548.05
375.135	28.47
375.341	-1640
375.548	-20.71
375.755	-95.04
375.962	1.2
376.169	-169.09
376.376	125.51
376.583	-13.75
376.789	82.3
376.996	60.67
377.203	-65.33
377.41	11.76
377.617	63.5
377.823	210.7
378.03	845.16
378.237	-34.91
378.443	-152
378.65	3.77
378.857	127.68
379.063	-154.43
379.27	-544.35
379.477	-7.08
379.683	-3.81
379.89	74.87
380.097	13.7
380.303	47.93
380.51	98.63
380.716	4.71
380.923	159.06
381.129	116.35
381.336	244.09
381.542	65.29
381.749	40
381.955	63.33
382.162	110.22
382.368	-31.53
382.575	12.26
382.781	89.66
382.988	1.91
383.194	-21.97
383.4	-18.43
383.607	74.87
383.813	25.83
384.02	66.4
384.226	-192.48
384.432	-68.37
384.639	48.68
384.845	-1035.44
385.051	-28.94
385.257	10.26
385.464	66.89
385.67	83.35
385.876	188.77
386.082	-86.1
386.289	42.27
386.495	-23.57
386.701	-117.92
386.907	-25.06
387.113	8.37
387.319	55.85
387.526	112.7
387.732	149.61
387.938	68.8
388.144	-12.17
388.35	57.76
388.556	66.86
388.762	72.02
388.968	1306.98
389.174	16.27
389.38	28.08
389.586	-25.43
389.792	34.5
389.998	-83.37
390.204	30.9
390.41	-7.12
390.616	6.36
390.822	-85.61
391.028	3.52
391.234	34.42
391.439	-188.35
391.645	46.03
391.851	28.84
392.057	-2.68
392.263	59.62
392.469	-46.44
392.674	-9.02
392.88	-9.28
393.086	50.06
393.292	-153.93
393.498	-226.16
393.703	24.69
393.909	48.39
394.115	66.29
394.32	41.8
394.526	-12.33
394.732	69.12
394.937	88.74
395.143	-112.55
395.349	-80.78
395.554	-236.18
395.76	55.27
395.965	-0.25
396.171	-10.93
396.377	67.71
396.582	10.83
396.788	5.37
396.993	59.54
397.199	-29.66
397.404	26.31
397.61	44.81
397.815	-18.55
398.021	-40.87
398.226	9.47
398.431	42.87
398.637	-12.94
398.842	27.23
399.048	25.94
399.253	30.27
399.458	12.89
399.664	-12.58
399.869	13.47
400.074	7.02
400.28	0.53
400.485	-53.38
400.69	-10.01
400.896	0.66
401.101	25.36
401.306	23.08
401.511	8.18
401.716	22.17
401.922	-29.57
402.127	0.48
402.332	7.71
402.537	39.86
402.742	33.93
402.947	59.17
403.153	-25.48
403.358	24.45
403.563	36.49
403.768	20.65
403.973	14.45
404.178	4.16
404.383	-0.96
404.588	23.85
404.793	12.24
404.998	13.79
405.203	-0.07
405.408	-3.39
405.613	18.64
405.818	20.23
406.023	5.3
406.228	2.14
406.433	9.25
406.638	1.36
406.842	15.52
407.047	10.17
407.252	2.87
407.457	5.2
407.662	8.53
407.867	13.26
408.071	9.97
408.276	3.69
408.481	11.87
408.686	7.32
408.891	2.32
409.095	14.04
409.3	6.29
409.505	6.21
409.709	8.87
409.914	10.4
410.119	6.22
410.323	1.64
410.528	-2.91
410.733	8.7
410.937	6.51
411.142	5.43
411.346	4.8
411.551	3.69
411.756	-0.48
411.96	8.27
412.165	3.47
412.369	7.54
412.574	4.63
412.778	3.93
412.983	10.33
413.187	9.41
413.392	-1.01
413.596	10.63
413.8	9.07
414.005	4.34
414.209	7.75
414.414	4.01
414.618	3.75
414.822	6.78
415.027	4.53
415.231	4.91
415.435	6.2
415.64	7.51
415.844	4.78
416.048	6.16
416.252	6.16
416.457	2.95
416.661	4.56
416.865	3.79
417.069	6.71
417.274	4.75
417.478	4.56
417.682	5.65
417.886	1.81
418.09	5.21
418.294	6.42
418.498	6.02
418.702	5.9
418.907	5.39
419.111	4.65
419.315	4.38
419.519	4.77
419.723	2.52
419.927	4.65
420.131	6.13
420.335	4.72
420.539	3.43
420.743	5.19
420.947	2.88
421.151	6.33
421.355	3.84
421.558	4.99
421.762	3.19
421.966	4.77
422.17	4.27
422.374	4.16
422.578	3.61
422.782	4.37
422.985	3.97
423.189	4.4
423.393	4.86
423.597	4.62
423.801	5.08
424.004	4.51
424.208	4.39
424.412	4.08
424.615	3.65
424.819	4.62
425.023	4.25
425.226	5.02
425.43	4.61
425.634	5.5
425.837	3.99
426.041	4.44
426.245	4.48
426.448	3.51
426.652	4.35
426.855	3.3
427.059	3.52
427.262	3.51
427.466	2.86
427.669	3.48
427.873	3.54
428.076	3.29
428.28	3.13
428.483	4.16
428.687	3.83
428.89	4.07
429.094	3.4
429.297	3.47
429.5	3.88
429.704	3.66
429.907	4.63
430.11	3.37
430.314	3.92
430.517	3.49
430.72	4.32
430.924	4.2
431.127	3.96
431.33	4.54
431.533	3.3
431.737	3.32
431.94	3.45
432.143	3.64
432.346	4.13
432.549	4.13
432.752	2.89
432.956	4.06
433.159	3.12
433.362	3.39
433.565	3.56
433.768	4.03
433.971	3.59
434.174	3.45
434.377	3.34
434.58	3.64
434.783	3.31
434.986	3.76
435.189	4.47
435.392	3.25
435.595	3.8
435.798	3.55
436.001	3.6
436.204	3.47
436.407	3.37
436.61	4.09
436.813	3.85
437.016	3.37
437.219	3.38
437.421	3.41
437.624	3.55
437.827	3.81
438.03	3.4
438.233	3.2
438.435	3.39
438.638	3.9
438.841	3.12
439.044	3.62
439.246	3.62
439.449	3.43
439.652	3.13
439.854	3.38
440.057	3.34
440.26	3.49
440.462	3.5
440.665	2.83
440.868	3.53
441.07	3.16
441.273	3.7
441.475	3.68
441.678	3.44
441.88	3.32
442.083	3.14
442.286	3.46
442.488	2.86
442.69	3.26
442.893	3.04
443.095	3.03
443.298	3.38
443.5	3.41
443.703	3.5
443.905	3.18
444.108	3.42
444.31	3.26
444.512	3.59
444.715	3.61
444.917	3.16
445.119	3.62
445.322	3.23
445.524	3.87
445.726	3.57
445.928	3.38
446.131	3.71
446.333	3.43
446.535	3.69
446.737	3.33
446.94	3.77
447.142	4.15
447.344	3.41
447.546	3.92
447.748	3.47
447.95	3.56
448.152	3.95
448.354	3.94
448.557	3.7
448.759	3.91
448.961	3.66
449.163	3.87
449.365	4.35
449.567	4.36
449.769	3.95
449.971	4.36
450.173	3.92
450.375	4.03
450.577	3.89
450.779	4.1
450.981	4.27
451.182	4.1
451.384	4.14
451.586	4.79
451.788	4.26
451.99	4.05
452.192	4.05
452.394	4.12
452.595	4.59
452.797	4.45
452.999	4.68
453.201	4.8
453.402	4.55
453.604	4.48
453.806	4.4
454.008	4.4
454.209	4.69
454.411	4.66
454.613	4.96
454.814	4.87
455.016	4.82
455.218	5.14
455.419	5.07
455.621	5.08
455.822	5.16
456.024	4.66
456.225	5.5
456.427	5.24
456.629	5.16
456.83	5.09
457.032	5.26
457.233	5.2
457.435	5.4
457.636	5.32
457.837	5.95
458.039	4.98
458.24	5.73
458.442	6.01
458.643	4.87
458.844	5.91
459.046	5.1
459.247	6.13
459.448	6.23
459.65	5.56
459.851	5.75
460.052	5.85
460.254	6.15
460.455	6.01
460.656	5.73
460.857	5.06
461.059	5.48
461.26	5.67
461.461	5.41
461.662	6
461.863	5.88
462.065	6.14
462.266	5.51
462.467	5.12
462.668	5.69
462.869	6.08
463.07	6.04
463.271	6.19
463.472	5.37
463.673	6.01
463.874	6.31
464.075	5.41
464.276	5.18
464.477	5.85
464.678	6.48
464.879	6.11
465.08	6.08
465.281	5.59
465.482	5.01
465.683	4.68
465.884	6.54
466.085	6
466.285	5.11
466.486	6.26
466.687	6.61
466.888	6.38
467.089	6.2
467.29	6.21
467.49	5.82
467.691	6.33
467.892	6.79
468.093	5.22
468.293	6.54
468.494	5.98
468.695	7.55
468.895	5.67
469.096	4.88
469.297	6.91
469.497	6.4
469.698	7.41
469.898	7.11
470.099	6.34
470.3	7
470.5	5.34
470.701	6.76
470.901	6.34
471.102	6.98
471.302	5.99
471.503	6.7
471.703	6.82
471.904	6.55
472.104	5.14
472.305	5.02
472.505	5.2
472.705	5.63
472.906	6.04
473.106	8.12
473.306	4.95
473.507	6.55
473.707	6.78
473.907	6.53
474.108	7.11
474.308	6.38
474.508	6.67
474.709	6.71
474.909	7.57
475.109	4.92
475.309	6.69
475.51	4.85
475.71	5.64
475.91	6.21
476.11	5.76
476.31	6.23
476.51	7.85
476.71	6.04
476.911	7.17
477.111	5.99
477.311	7.07
477.511	5.46
477.711	5.47
477.911	4.75
478.111	7.21
478.311	5.44
478.511	7.12
478.711	7.73
478.911	6.69
479.111	6.21
479.311	5.42
479.511	7.75
479.711	5.77
479.91	4.91
480.11	5.6
480.31	6.12
480.51	7.57
480.71	5.3
480.91	7.91
481.109	6.94
481.309	7.05
481.509	5.92
481.709	7.05
481.909	5.95
482.108	5.54
482.308	5.97
482.508	7.81
482.707	6.36
482.907	6.2
483.107	6.4
483.306	5.99
483.506	6.04
483.706	5.67
483.905	5.37
484.105	7.12
484.304	6.75
484.504	4.86
484.704	6.08
484.903	5.67
485.103	5.87
485.302	6.17
485.502	6.74
485.701	7.27
485.901	6.28
486.1	5.99
486.299	6.55
486.499	6.36
486.698	5.78
486.898	6.86
487.097	5.58
487.296	5.03
487.496	6.19
487.695	4.84
487.894	5.89
488.094	5.16
488.293	6.57
488.492	5.99
488.692	6.93
488.891	6.42
489.09	6.66
489.289	5.75
489.489	6.64
489.688	6.27
489.887	7.34
490.086	6.09
490.285	6.46
490.484	6
490.683	7.13
490.883	7.97
491.082	6.41
491.281	7.14
491.48	5.86
491.679	6.96
491.878	6.65
492.077	8.31
492.276	5.67
492.475	5.06
492.674	6.74
492.873	5.77
493.072	5.17
493.271	5.43
493.47	5.1
493.669	5.92
493.867	6.9
494.066	6.93
494.265	6.78
494.464	7.02
494.663	6.55
494.862	6.02
495.06	7.12
495.259	6.05
495.458	6.73
495.657	6.14
495.856	6.12
496.054	6.8
496.253	7.33
496.452	5.3
496.65	6.11
496.849	6.74
497.048	6.13
497.246	6.13
497.445	6.33
497.644	6.69
497.842	6.05
498.041	6.47
498.239	7.43
498.438	6.86
498.636	7.04
498.835	7.5
499.034	6.52
499.232	6.33
499.431	6.47
499.629	5.69
499.827	7.31
500.026	6.45
500.224	6.73
500.423	6.37
500.621	6.25
500.82	6.65
501.018	7.98
501.216	7.28
501.415	7.6
501.613	7.01
501.811	7.51
502.01	8.46
502.208	6.89
502.406	7.17
502.604	7.63
502.803	6.57
503.001	7.14
503.199	7.35
503.397	7.17
503.595	7.3
503.794	7.32
503.992	6.55
504.19	6.77
504.388	7.39
504.586	7.14
504.784	6.9
504.982	7.51
505.18	7.8
505.378	7.28
505.576	7.34
505.774	8.17
505.972	8.26
506.17	8.49
506.368	7.56
506.566	7.68
506.764	8
506.962	8.32
507.16	8.7
507.358	8.09
507.556	8.63
507.754	8.6
507.952	8.77
508.15	8.58
508.347	8.47
508.545	8.71
508.743	8.99
508.941	8.82
509.139	9.82
509.336	8.74
509.534	9.43
509.732	9.07
509.93	8.88
510.127	9.53
510.325	8.54
510.523	8.96
510.72	9.16
510.918	9.36
511.116	9.03
511.313	8.52
511.511	9.01
511.708	8.97
511.906	9.6
512.104	9.75
512.301	9.62
512.499	9.8
512.696	9.7
512.894	9.16
513.091	9.46
513.289	9.67
513.486	10.14
513.683	10.14
513.881	10.19
514.078	10.1
514.276	10.35
514.473	9.85
514.67	11.12
514.868	10.87
515.065	10.45
515.262	10.5
515.46	10.55
515.657	10.47
515.854	10.26
516.052	10.42
516.249	11.16
516.446	11.6
516.643	11.29
516.84	10.87
517.038	10.98
517.235	10.8
517.432	11.51
517.629	12.23
517.826	11.51
518.023	11.41
518.221	11.38
518.418	11.97
518.615	11.77
518.812	11.12
519.009	11.87
519.206	11.56
519.403	12.2
519.6	11.83
519.797	11.05
519.994	11.9
520.191	12.18
520.388	12.13
520.585	12.18
520.782	12.09
520.978	11.94
521.175	12.34
521.372	12.68
521.569	12.53
521.766	12.57
521.963	12.7
522.159	11.95
522.356	12.77
522.553	13.04
522.75	12.54
522.947	12.82
523.143	12.41
523.34	12.87
523.537	12.83
523.733	12.68
523.93	12.83
524.127	12.76
524.323	13.23
524.52	13.46
524.717	13.35
524.913	13.15
525.11	13.08
525.306	13.45
525.503	12.94
525.7	14.03
525.896	12.85
526.093	13.09
526.289	13.76
526.486	13.14
526.682	13.5
526.878	13.47
527.075	13.78
527.271	13.87
527.468	13.71
527.664	13.71
527.861	13.76
528.057	13.63
528.253	14.17
528.45	13.82
528.646	13.82
528.842	13.95
529.039	13.16
529.235	13.63
529.431	13.72
529.627	13.87
529.824	13.97
530.02	14.05
530.216	13.94
530.412	14.49
530.608	13.83
530.804	14.21
531.001	14.7
531.197	14
531.393	14.36
531.589	14.28
531.785	14.01
531.981	14.44
532.177	14.81
532.373	14.82
532.569	14.34
532.765	14.44
532.961	14.23
533.157	14.52
533.353	14.21
533.549	14.26
533.745	14.47
533.941	14.69
534.137	14.61
534.333	14.35
534.529	14.59
534.725	14.68
534.92	14.1
535.116	14.52
535.312	14.41
535.508	14.89
535.704	14.21
535.899	15.01
536.095	14.45
536.291	14.96
536.487	14.4
536.682	15.04
536.878	14.2
537.074	14.93
537.269	14.45
537.465	14.37
537.661	14.81
537.856	14.98
538.052	14.62
538.248	15.23
538.443	14.33
538.639	15.1
538.834	15
539.03	14.59
539.225	15.22
539.421	15.42
539.616	15.02
539.812	14.78
540.007	15.31
540.203	14.91
540.398	15.03
540.593	14.92
540.789	15.07
540.984	15.42
541.18	15.01
541.375	14.54
541.57	15.19
541.766	15.45
541.961	15.19
542.156	15.18
542.352	15.52
542.547	15.15
542.742	14.92
542.937	15.03
543.133	15.85
543.328	15.02
543.523	15.48
543.718	14.83
543.913	14.98
544.108	14.98
544.304	14.87
544.499	15.6
544.694	15.42
544.889	15.64
545.084	15.92
545.279	15.18
545.474	15.2
545.669	14.76
545.864	15.16
546.059	14.96
546.254	14.97
546.449	16.12
546.644	15.12
546.839	15.68
547.034	15.41
547.229	15.12
547.424	15.74
547.618	16.15
547.813	14.85
548.008	15.5
548.203	15.31
548.398	15.72
548.593	15.8
548.787	15.9
548.982	15.65
549.177	15.2
549.372	15.47
549.566	15.58
549.761	15.3
549.956	15.42
550.15	15.97
550.345	15.67
550.54	16.13
550.734	15.25
550.929	15.96
551.124	16.02
551.318	15.36
551.513	15.63
551.707	15.85
551.902	15.32
552.096	15.88
552.291	16.32
552.485	15.65
552.68	16.03
552.874	16.1
553.069	15.95
553.263	16.24
553.458	16.01
553.652	15.67
553.847	16.16
554.041	16.02
554.235	15.26
554.43	15.91
554.624	15.56
554.818	15.67
555.013	15.81
555.207	15.71
555.401	15.53
555.595	15.88
555.79	15.11
555.984	16.02
556.178	15.79
556.372	15.98
556.566	15.67
556.761	15.64
556.955	16.05
557.149	15.55
557.343	15.98
557.537	15.36
557.731	15.96
557.925	16.28
558.119	15.8
558.313	15.71
558.507	15.61
558.701	15.65
558.895	15.92
559.089	16.35
559.283	15.69
559.477	16.3
559.671	16.16
559.865	15.81
560.059	15.5
560.253	15.67
560.447	15.93
560.641	16.19
560.835	16.07
561.028	15.75
561.222	16.06
561.416	16.09
561.61	16
561.804	15.6
561.997	15.59
562.191	15.88
562.385	15.43
562.579	16.07
562.772	16.32
562.966	15.64
563.16	15.92
563.353	16.09
563.547	15.81
563.741	16.19
563.934	15.91
564.128	15.68
564.321	15.58
564.515	16.13
564.708	15.81
564.902	15.81
565.095	16.09
565.289	16.09
565.482	16.2
565.676	15.6
565.869	16.06
566.063	16.11
566.256	15.45
566.45	15.5
566.643	15.92
566.836	15.9
567.03	15.9
567.223	15.8
567.416	15.76
567.61	16.2
567.803	15.58
567.996	16.07
568.19	15.77
568.383	15.71
568.576	15.71
568.769	15.93
568.963	15.55
569.156	15.76
569.349	15.57
569.542	15.74
569.735	15.75
569.928	15.95
570.121	15.91
570.315	15.59
570.508	15.23
570.701	15.93
570.894	16.07
571.087	15.78
571.28	15.92
571.473	15.69
571.666	15.73
571.859	15.03
572.052	15.24
572.245	15.48
572.438	15.58
572.631	15.7
572.824	15.57
573.016	15.73
573.209	15.8
573.402	15.12
573.595	15.24
573.788	15.43
573.981	15.8
574.173	15.18
574.366	15.24
574.559	15.03
574.752	15.35
574.944	15.39
575.137	15.25
575.33	15.37
575.523	15.42
575.715	15.3
575.908	15.38
576.101	14.91
576.293	15.29
576.486	15.21
576.678	15.33
576.871	15.04
577.063	15.68
577.256	14.62
577.449	15.44
577.641	14.97
577.834	14.51
578.026	15.14
578.219	14.8
578.411	15.53
578.603	15.54
578.796	14.8
578.988	15
579.181	14.77
579.373	14.95
579.565	15.37
579.758	15.03
579.95	15.17
580.142	14.39
580.335	14.74
580.527	14.81
580.719	14.54
580.912	14.7
581.104	14.8
581.296	14.85
581.488	14.82
581.68	14.65
581.873	14.83
582.065	15.03
582.257	14.7
582.449	15.02
582.641	14.79
582.833	14.64
583.025	14.29
583.217	14.87
583.41	14.76
583.602	14.85
583.794	14.41
583.986	15.28
584.178	14.99
584.37	15.11
584.562	14.66
584.753	15.14
584.945	14.6
585.137	14.8
585.329	15.09
585.521	15
585.713	14.57
585.905	14.33
586.097	14.86
586.289	14.59
586.48	14.78
586.672	14.37
586.864	14.76
587.056	15.16
587.247	14.41
587.439	14.56
587.631	14.56
587.823	14.36
588.014	14.81
588.206	14.59
588.398	14.3
588.589	15.1
588.781	14.06
588.972	15
589.164	14.71
589.356	14.78
589.547	14.87
589.739	14.89
589.93	14.69
590.122	14.76
590.313	14.38
590.505	15.12
590.696	14.65
590.888	14.38
591.079	14.87
591.271	14.97
591.462	14.93
591.653	14.22
591.845	14.36
592.036	14.49
592.227	14.34
592.419	14.22
592.61	14.35
592.801	14.53
592.993	14.7
593.184	14.87
593.375	14.65
593.566	14.91
593.758	14.43
593.949	14.7
594.14	14.48
594.331	14.86
594.522	14.81
594.713	14.41
594.905	14.86
595.096	14.81
595.287	14.78
595.478	14.55
595.669	15.55
595.86	14.69
596.051	14.58
596.242	15.09
596.433	15.25
596.624	15.06
596.815	14.58
597.006	14.69
597.197	14.67
597.388	15.23
597.579	14.98
597.77	14.86
597.96	14.93
598.151	15.21
598.342	14.49
598.533	15.09
598.724	15.09
598.915	14.55
599.105	14.55
599.296	15.05
599.487	14.31
599.678	15.01
599.868	14.72
600.059	14.97
600.25	15.37
600.44	14.94
600.631	14.97
600.822	15.16
601.012	15.37
601.203	14.95
601.394	15.04
601.584	14.71
601.775	14.46
601.965	15.48
602.156	14.58
602.346	15.24
602.537	15.08
602.727	14.79
602.918	15.07
603.108	15.05
603.299	14.76
603.489	14.94
603.679	15.14
603.87	14.89
604.06	14.7
604.251	15.18
604.441	14.76
604.631	14.56
604.822	14.85
605.012	15.17
605.202	14.85
605.392	14.04
605.583	14.25
605.773	14.84
605.963	15.13
606.153	14.47
606.344	14.7
606.534	15.14
606.724	15.95
606.914	14.94
607.104	15.11
607.294	15.14
607.484	15.19
607.674	14.56
607.864	14.74
608.054	15.4
608.245	14.72
608.435	15.39
608.625	14.79
608.814	15.09
609.004	14.64
609.194	15.24
609.384	15.4
609.574	15
609.764	14.54
609.954	14.81
610.144	14.52
610.334	14.68
610.524	15.36
610.713	15.31
610.903	14.82
611.093	15.01
611.283	15.18
611.473	14.64
611.662	14.75
611.852	14.59
612.042	14.02
612.231	14.75
612.421	15.44
612.611	14.22
612.8	14.97
612.99	14.83
613.18	14.37
613.369	14.44
613.559	14.71
613.748	14.44
613.938	15.45
614.128	14.88
614.317	14.98
614.507	14.72
614.696	14.89
614.886	15.26
615.075	14.23
615.264	14.74
615.454	15.24
615.643	14.54
615.833	14.53
616.022	15.15
616.211	14.53
616.401	15.03
616.59	15.23
616.779	15.31
616.969	14.49
617.158	14.33
617.347	15.26
617.537	14.63
617.726	14.32
617.915	14.34
618.104	13.92
618.293	14.39
618.483	13.64
618.672	15.19
618.861	14.65
619.05	15
619.239	14.64
619.428	14.18
619.617	14.95
619.806	14.74
619.995	14.07
620.184	14.5
620.373	14.2
620.562	14.34
620.751	14.69
620.94	14.28
621.129	14.34
621.318	14.37
621.507	14.49
621.696	14.11
621.885	14.23
622.074	14.83
622.263	14.03
622.452	14.72
622.64	14.42
622.829	14.56
623.018	15.25
623.207	14.18
623.396	14.51
623.584	14.25
623.773	15.03
623.962	14.41
624.15	14.31
624.339	14.52
624.528	15.11
624.716	14.45
624.905	14.28
625.094	15.13
625.282	14.56
625.471	14.79
625.659	14.3
625.848	14.59
626.037	14.86
626.225	14.84
626.414	15.01
626.602	14.34
626.791	14.4
626.979	14.87
627.167	14.92
627.356	15.09
627.544	14.74
627.733	14.33
627.921	14.7
628.109	15.13
628.298	14.55
628.486	14.08
628.674	14.96
628.863	14.45
629.051	15.03
629.239	15.52
629.428	14.83
629.616	15.18
629.804	15.3
629.992	14.07
630.18	14.21
630.369	15.87
630.557	15.33
630.745	14.72
630.933	14.94
631.121	14.8
631.309	14.62
631.497	15.81
631.685	14.31
631.873	14.14
632.061	15.02
632.249	15.24
632.437	15.41
632.625	15.2
632.813	15
633.001	14.63
633.189	13.9
633.377	14.64
633.565	14.43
633.753	15.29
633.941	14.21
634.129	14.5
634.316	14.01
634.504	15.24
634.692	14.83
634.88	14.97
635.068	14.7
635.255	14.11
635.443	14.71
635.631	14.23
635.818	15.74
636.006	14.86
636.194	14.61
636.382	14.38
636.569	14.66
636.757	14.92
636.944	14.92
637.132	14.9
637.32	14.91
637.507	14
637.695	14.86
637.882	15.03
638.07	14.98
638.257	15.01
638.445	15.16
638.632	14.38
638.82	13.5
639.007	14.09
639.194	14.37
639.382	14.89
639.569	13.51
639.757	14.46
639.944	13.71
640.131	14.23
640.319	14.52
640.506	14.09
640.693	14.16
640.88	14.53
641.068	14.34
641.255	13.62
641.442	14.96
641.629	14.08
641.817	14.52
642.004	14.82
642.191	14.04
642.378	14.78
642.565	15.14
642.752	14.38
642.939	13.14
643.126	14.34
643.313	13.21
643.501	14.02
643.688	13.85
643.875	13.62
644.062	14.55
644.249	12.69
644.435	13.08
644.622	13.13
644.809	13.31
644.996	13.7
645.183	12.13
645.37	15.24
645.557	13.5
645.744	12.28
645.931	13.37
646.117	12.33
646.304	12.94
646.491	12.95
646.678	13.84
646.865	12.13
647.051	12.86
647.238	12.49
647.425	12.04
647.611	12.75
647.798	13.52
647.985	13.08
648.171	12.73
648.358	12.63
648.545	13.18
648.731	11.36
648.918	12.74
649.104	12.37
649.291	12.71
649.477	12.39
649.664	13.77
649.85	13.27
650.037	12.66
650.223	12.34
650.41	12.31
650.596	12.06
650.783	11.49
650.969	12.13
651.155	13.38
651.342	12.38
651.528	13.26
651.714	11.98
651.901	11.41
652.087	10.55
652.273	10.87
652.46	13
652.646	12.49
652.832	11.22
653.018	12.06
653.204	13.63
653.391	12.16
653.577	12.68
653.763	12.74
653.949	12.95
654.135	12.69
654.321	12.43
654.507	11.5
654.693	11.89
654.879	11.84
655.065	11.23
655.252	10.94
655.438	11.95
655.624	11.89
655.809	11.62
655.995	9.94
656.181	12.84
656.367	12.29
656.553	12.94
656.739	12.5
656.925	12.26
657.111	11.97
657.297	11.99
657.482	11.17
657.668	11.57
657.854	11.87
658.04	11.81
658.226	10.58
658.411	11.54
658.597	11.29
658.783	11.91
658.968	12.83
659.154	11.62
659.34	11.04
659.525	11.36
659.711	11.78
659.897	12.18
660.082	11.04
660.268	10.84
660.453	10.7
660.639	13.42
660.824	11.36
661.01	12.12
661.195	12.03
661.381	11.74
661.566	11.44
661.752	10.05
661.937	10.19
662.123	10.39
662.308	9.96
662.494	12.54
662.679	11.08
662.864	11.86
663.05	10.69
663.235	11.37
663.42	11.45
663.605	10.57
663.791	10.59
663.976	9.54
664.161	10.74
664.346	10.28
664.532	9.94
664.717	12.39
664.902	11.24
665.087	12.8
665.272	11.45
665.457	9.81
665.642	9.43
665.828	9.64
666.013	11.85
666.198	8.15
666.383	10.88
666.568	10.6
666.753	13.86
666.938	9.64
667.123	11.81
667.308	10.44
667.493	11.06
667.677	9.16
667.862	10.61
668.047	10.74
668.232	11.43
668.417	11.26
668.602	10.22
668.787	12.99
668.971	9.3
669.156	11.39
669.341	10.77
669.526	12.24
669.711	14.1
669.895	12.19
670.08	11.01
670.265	12.69
670.449	11.79
670.634	11.23
670.819	12
671.003	11.27
671.188	13.84
671.372	12.31
671.557	12.42
671.742	12.23
671.926	11.27
672.111	10.66
672.295	11.08
672.48	13.02
672.664	13.52
672.849	10.09
673.033	13.95
673.217	13.61
673.402	14.78
673.586	11.3
673.771	13.79
673.955	15.2
674.139	11.53
674.324	13.55
674.508	12.55
674.692	12.91
674.876	15.22
675.061	15.14
675.245	18.63
675.429	14.61
675.613	14.43
675.798	13.89
675.982	15.89
676.166	13.19
676.35	14.82
676.534	15.96
676.718	15.77
676.902	16.91
677.087	12.18
677.271	16.74
677.455	18.02
677.639	13.45
677.823	17.42
678.007	18.08
678.191	15.32
678.375	16.75
678.559	16.15
678.742	17.06
678.926	19.63
679.11	21.2
679.294	19.19
679.478	15.37
679.662	17.75
679.846	17.98
680.029	20.13
680.213	20.17
680.397	18.33
680.581	20.01
680.765	20.62
680.948	21.53
681.132	21.05
681.316	19.34
681.499	20.8
681.683	21.73
681.867	21.99
682.05	23.59
682.234	20.59
682.417	24.42
682.601	22.56
682.785	24.12
682.968	20.88
683.152	19.85
683.335	22.84
683.519	22.64
683.702	21.53
683.886	22.69
684.069	26.03
684.253	27.03
684.436	24.03
684.619	24.95
684.803	26.02
684.986	27.17
685.169	25.08
685.353	25.74
685.536	25.48
685.719	26.77
685.903	28.76
686.086	24.32
686.269	30.66
686.452	28.24
686.636	29.52
686.819	25.56
687.002	28.05
687.185	32.22
687.368	28.47
687.551	24.94
687.734	32.91
687.918	29.85
688.101	26.04
688.284	29.57
688.467	33.38
688.65	30.12
688.833	26.05
689.016	28.67
689.199	26.44
689.382	32.93
689.565	30.47
689.748	26.16
689.93	28.21
690.113	31.82
690.296	31.86
690.479	30.14
690.662	29.3
690.845	26.19
691.028	29.81
691.21	30.17
691.393	30.14
691.576	29.4
691.759	28.17
691.941	31.28
692.124	30.15
692.307	32.45
692.489	32.74
692.672	28.63
692.855	32.91
693.037	33.39
693.22	34.02
693.403	31.23
693.585	35.18
693.768	34.08
693.95	30.96
694.133	36.65
694.315	33.39
694.498	33.86
694.68	30.71
694.863	33.3
695.045	30.64
695.228	33.05
695.41	36.08
695.592	34.02
695.775	34.93
695.957	32.12
696.139	33.47
696.322	34.87
696.504	35.46
696.686	34.34
696.869	24.77
697.051	40.92
697.233	38.63
697.415	38.87
697.597	34.57
697.78	36.73
697.962	34
698.144	36.26
698.326	36.66
698.508	39.84
698.69	35.52
698.872	33.12
699.055	38.65
699.237	40.66
699.419	31.73
699.601	35.37
699.783	41.67
699.965	36.69
700.147	33.77
700.329	33.77
700.51	36.43
700.692	37.28
700.874	34.34
701.056	35.98
701.238	35.79
701.42	40.88
701.602	40
701.783	32.34
701.965	40.19
702.147	40.1
702.329	35.38
702.511	37.56
702.692	46.01
702.874	33.41
703.056	37.31
703.237	36.46
703.419	46.05
703.601	39.31
703.782	42.75
703.964	38.09
704.146	41.43
704.327	41.34
704.509	41.38
704.69	40.05
704.872	41.15
705.053	44.49
705.235	42.32
705.416	39.35
705.598	41.67
705.779	37.65
705.961	40.34
706.142	35.17
706.323	38.36
706.505	43.28
706.686	33.53
706.867	32.9
707.049	45.34
707.23	42.37
707.411	45.94
707.593	43.89
707.774	43.77
707.955	40.53
708.136	46.93
708.318	42.86
708.499	43.1
708.68	40.92
708.861	42.22
709.042	42.14
709.223	40.22
709.404	45.09
709.585	36.69
709.767	44.78
709.948	35.04
710.129	41.13
710.31	28.92
710.491	46.73
710.672	40.95
710.853	39.35
711.034	54.21
711.214	44.67
711.395	42.46
711.576	39.53
711.757	44.49
711.938	44.43
712.119	49.34
712.3	45.63
712.481	41.94
712.661	46.18
712.842	41.39
713.023	46.96
713.204	43.36
713.384	44.36
713.565	39.4
713.746	44.75
713.926	46.03
714.107	47.03
714.288	40.43
714.468	48.17
714.649	38.03
714.83	43.69
715.01	50.1
715.191	49.47
715.371	44.99
715.552	42.26
715.732	54.74
715.913	47.19
716.093	51.58
716.274	50.86
716.454	46.28
716.635	40.49
716.815	46.72
716.995	43.35
717.176	49.25
717.356	40.09
717.536	50.92
717.717	37.84
717.897	38.63
718.077	38.32
718.258	39.49
718.438	50.92
718.618	55.38
718.798	55.82
718.978	58.23
719.159	47.91
719.339	55.42
719.519	43.69
719.699	47.86
719.879	58.4
720.059	39.77
720.239	51.94
720.419	61.29
720.599	39.74
720.779	57.08
720.959	47.52
721.139	49.87
721.319	54.83
721.499	58.4
721.679	38.3
721.859	46.98
722.039	39.48
722.219	48.12
722.399	32.06
722.579	42.09
722.759	44.8
722.938	44.7
723.118	56.37
723.298	45.31
723.478	65.19
723.658	50.17
723.837	59.02
724.017	39.66
724.197	47.28
724.376	45.74
724.556	53.22
724.736	47.84
724.915	52.77
725.095	49.23
725.275	54.23
725.454	39.48
725.634	54.41
725.813	59.57
725.993	44.31
726.172	54.96
726.352	43.17
726.531	56.91
726.711	42.05
726.89	43.85
727.07	61.64
727.249	50.37
727.428	54.17
727.608	54.35
727.787	43.8
727.966	48.66
728.146	59.89
728.325	53.86
728.504	44.69
728.684	44.81
728.863	43.91
729.042	59.56
729.221	71.25
729.4	37.45
729.58	31.78
729.759	54.94
729.938	49.31
730.117	58.81
730.296	55.47
730.475	53.25
730.654	64.63
730.833	45.51
731.013	52.58
731.192	48.9
731.371	45.62
731.55	80.08
731.729	57.94
731.907	49.1
732.086	44.23
732.265	49.31
732.444	39.07
732.623	46.87
732.802	46.49
732.981	54.53
733.16	47.61
733.339	41.71
733.517	51.09
733.696	54.92
733.875	48.16
734.054	55.18
734.232	57.64
734.411	44.89
734.59	30.98
734.768	60.1
734.947	57
735.126	58.77
735.304	37.61
735.483	61.41
735.662	54.08
735.84	57.84
736.019	48.33
736.197	36.01
736.376	69.97
736.554	71.93
736.733	48.47
736.911	90.75
737.09	44.51
737.268	58.86
737.447	70.38
737.625	45.23
737.803	50.03
737.982	65.97
738.16	43.52
738.338	79.73
738.517	60.15
738.695	67.56
738.873	61.95
739.052	33.65
739.23	40.65
739.408	40.15
739.586	51.96
739.764	52.63
739.943	72.28
740.121	64.98
740.299	49.51
740.477	57.53
740.655	103.04
740.833	56.06
741.011	57.34
741.189	66.37
741.367	60.87
741.545	44.03
741.723	50.23
741.901	47.08
742.079	40.13
742.257	60.4
742.435	76.66
742.613	69.15
742.791	57.44
742.969	73.27
743.147	45.17
743.325	60.78
743.503	33.68
743.68	50.02
743.858	49.62
744.036	67.46
744.214	53.14
744.391	-6.35
744.569	31.85
744.747	55.03
744.925	78.06
745.102	93.41
745.28	45.41
745.458	78.15
745.635	70.42
745.813	87.08
745.99	65.07
746.168	84.12
746.345	95.16
746.523	57.84
746.7	49.2
746.878	72.55
747.055	44.94
747.233	56.88
747.41	50.75
747.588	59.44
747.765	76.31
747.943	73.79
748.12	48.39
748.297	47.87
748.475	66.73
748.652	87.46
748.829	92.45
749.007	30.26
749.184	26.17
749.361	50.29
749.538	115.87
749.716	59.14
749.893	59.13
750.07	53.87
750.247	67.89
750.424	111.3
750.601	65.9
750.778	62.69
750.956	59.39
751.133	19.65
751.31	54.27
751.487	80.43
751.664	43.7
751.841	30.92
752.018	63.35
752.195	41.67
752.372	27.82
752.549	57.73
752.726	58.22
752.902	60.51
753.079	61.66
753.256	96.28
753.433	34.92
753.61	60.32
753.787	17.87
753.964	82.5
754.14	38.16
754.317	63.81
754.494	77.6
754.671	60.42
754.847	42.94
755.024	60.58
755.201	61.23
755.377	90.5
755.554	51.91
755.73	4.33
755.907	84.02
756.084	41.87
756.26	44.38
756.437	48.47
756.613	72.29
756.79	30.61
756.966	118.95
757.143	45.71
757.319	20.08
757.496	90.57
757.672	67.06
757.849	92.79
758.025	28.38
758.201	86.99
758.378	50.03
758.554	15.75
758.73	61.09
758.907	50.03
759.083	60.78
759.259	67.87
759.435	47.74
759.612	26.07
759.788	59.53
759.964	86.98
760.14	59.15
760.316	40.18
760.493	41.81
760.669	114.31
760.845	103.48
761.021	81.55
761.197	9.68
761.373	44.21
761.549	38.33
761.725	74.64
761.901	34.23
762.077	48.37
762.253	49.66
762.429	73.52
762.605	50.41
762.781	21.99
762.957	65.77
763.133	44.38
763.308	17.44
763.484	68.81
763.66	146.63
763.836	44.21
764.012	43.89
764.187	51.58
764.363	116
764.539	82.18
764.715	42.86
764.89	44.62
765.066	123.69
765.242	48.66
765.417	88.85
765.593	48.83
765.769	59.27
765.944	27.63
766.12	91.71
766.295	45.86
766.471	44.36
766.646	86.66
766.822	33.99
766.997	96.16
767.173	7.63
767.348	67.68
767.524	18.94
767.699	32.35
767.875	23.83
768.05	31.78
768.225	46.6
768.401	40.84
768.576	100.48
768.751	66.84
768.927	-28.21
769.102	39.68
769.277	77.04
769.452	65.31
769.628	58.04
769.803	144.97
769.978	184.39
770.153	-71.16
770.328	110.63
770.503	65.67
770.679	62.12
770.854	76.12
771.029	61.73
771.204	46.36
771.379	3.7
771.554	22.08
771.729	64.33
771.904	72.63
772.079	86.54
772.254	94.1
772.429	81.61
772.604	-1.32
772.779	82.7
772.953	-26.49
773.128	66.42
773.303	-15.1
773.478	84.85
773.653	110.97
773.828	63.73
774.002	28.88
774.177	36.47
774.352	457.39
774.527	38.08
774.701	42.73
774.876	67.61
775.051	242.78
775.225	133.59
775.4	27.2
775.575	46.56
775.749	-2.62
775.924	-66.21
776.098	11.09
776.273	16.03
776.447	7.3
776.622	23.43
776.796	-2.35
776.971	-48.84
777.145	20.67
777.32	62.62
777.494	128.19
777.669	82.8
777.843	73.62
778.017	94.67
778.192	29.58
778.366	38.17
778.54	22.29
778.715	64.99
778.889	59.06
779.063	23.62
779.237	53.15
779.412	50.06
779.586	-60.05
779.76	56.83
779.934	21.52
780.108	40.63
780.282	122.39
780.457	21.75
780.631	-7.58
780.805	-45.01
780.979	-397.01
781.153	14.83
781.327	55.7
781.501	37.92
781.675	100.87
781.849	23.09
782.023	68.45
782.197	64.47
782.371	-302.86
782.545	-384.05
782.718	-4.95
782.892	76.92
783.066	13.47
783.24	33.2
783.414	14.49
783.588	122.79
783.761	27.46
783.935	87.02
784.109	136.81
784.283	175.65
784.456	260.66
784.63	195.78
784.804	44.31
784.977	73.88
785.151	8.6
785.324	16.87
785.498	46.87
785.672	100.49
785.845	110.89
786.019	152.61
786.192	-144.37
786.366	6.13
786.539	133.56
786.713	-7.08
786.886	67.95
787.06	79.15
787.233	73.35
787.406	-5.21
787.58	2.6
787.753	42.89
787.926	-106.32
788.1	160.74
788.273	-1626.42
788.446	-107.01
788.62	458.06
788.793	-26.85
788.966	49.9
789.139	104.23
789.313	94.28
789.486	4600
789.659	-14.86
789.832	80.99
790.005	140.03
790.178	511.5
790.351	39.12
790.524	105.08
790.697	-8.82
790.87	-53.81
791.044	18.18
791.216	84.17
791.389	-373.26
791.562	69.64
791.735	286.08
791.908	33.77
792.081	-8.43
792.254	-397.8
792.427	54.28
792.6	-18.08
792.773	106.9
792.945	229.85
793.118	88.83
793.291	63.74
793.464	-179.57
793.637	-30.67
793.809	84.15
793.982	27.03
794.155	137.6
794.327	118.07
794.5	280
794.673	227.53
794.845	-3.89
795.018	31.47
795.19	-226.97
795.363	46.07
795.536	220.4
795.708	-238.71
795.881	-2120
796.053	17.26
796.226	218.29
796.398	93.06
796.57	139.52
796.743	-11.08
796.915	-66.87
797.088	52.63
797.26	74.02
797.432	-367.09
797.605	120.86
797.777	111.69
797.949	-23.94
798.122	70.34
798.294	391.93
798.466	122.29
798.638	89.66
798.81	6.2
798.983	149.37
799.155	119.2
799.327	-93.01
799.499	103.48
799.671	134.98
799.843	37.18
800.015	-17.9
800.187	44.23
800.359	87.36
800.531	26.22
800.703	32.26
800.875	154.7
801.047	21.77
801.219	94.88
801.391	-122.08
801.563	41.73
801.735	-43.65
801.907	219.63
802.079	265.62
802.251	-305.49
802.422	329.13
802.594	80.52
802.766	46.22
802.938	85.2
803.11	0.82
803.281	-56.95
803.453	50.06
803.625	34.46
803.796	-1.21
803.968	-17.77
804.14	52.63
804.311	-28.34
804.483	121.36
804.654	3.42
804.826	97.18
804.998	358.29
805.169	-125.87
805.341	424
805.512	60.87
805.684	108.01
805.855	191.93
806.026	667.69
806.198	226.99
806.369	96.07
806.541	95.38
806.712	143.47
806.883	68.12
807.055	82.62
807.226	153.76
807.397	-213.19
807.569	-210.62
807.74	59.46
807.911	-4.08
808.082	-0.9
808.253	-770.3
808.425	149.91
808.596	-226.97
808.767	102.16
808.938	-176.39
809.109	287.13
809.28	-194.31
809.451	-10.41
809.622	-71.66
809.793	-548.39
809.964	572.17
810.135	15.59
810.306	216.18
810.477	259.06
810.648	35.51
810.819	-9.56
810.99	-11240
811.161	76.58
811.332	-148.11
811.503	29.92
811.674	21.54
811.844	-107.69
812.015	24.8
812.186	366.87
812.357	78.11
812.527	22.28
812.698	-80.31
812.869	388.68
813.04	-76.99
813.21	6.9
813.381	-50.58
813.551	-88.45
813.722	157.83
813.893	12.75
814.063	38.21
814.234	-287.27
814.404	108.42
814.575	182.37
814.745	-200
814.916	60.6
815.086	17.26
815.257	321.97
815.427	87.12
815.598	10.04
815.768	74
815.938	73.67
816.109	305.26
816.279	66.16
816.449	79.15
816.62	-1400
816.79	133.41
816.96	-901.89
817.13	-14.72
817.301	-340.1
817.471	-67.11
817.641	42.94
817.811	-217.52
817.981	828.57
818.152	152.61
818.322	49.5
818.492	188.34
818.662	54.42
818.832	48.6
819.002	74.78
819.172	252.67
819.342	28.9
819.512	-29.56
819.682	20.6
819.852	58.98
820.022	4.88
820.192	-361.8
820.362	119.29
820.531	-8.47
820.701	13.41
820.871	-33.22
821.041	223.53
821.211	-18.04
821.381	36.41
821.55	14.47
821.72	-590.7
821.89	538.46
822.059	87.01
822.229	16.18
822.399	31.39
822.568	82.13
822.738	-317.07
822.908	293.25
823.077	25.83
823.247	131.77
823.416	-694.12
823.586	-180.75
823.756	56.9
823.925	422.78
824.095	1753.49
824.264	-119.28
824.433	12.39
824.603	52.39
824.772	74.66
824.942	-579.75
825.111	-37.19
825.28	239.75
825.45	8.7
825.619	-50.93
825.788	-186.52
825.958	31.74
826.127	228.84
826.296	-35.83
826.465	130.35
826.635	-0.6
826.804	-20.16
826.973	180.81
827.142	-41.7
827.311	97.99
827.48	-23.16
827.649	44.51
827.818	64.57
827.988	68.8
828.157	40.75
828.326	-177.72
828.495	-132.01
828.664	33.46
828.833	139.22
829.002	-229.81
829.17	-55.03
829.339	318.59
829.508	154.66
829.677	177.53
829.846	63.65
830.015	-200
830.184	4.63
830.352	-4.56
830.521	179.86
830.69	619.51
830.859	-976.47
831.027	-10.53
831.196	54.28
831.365	96.32
831.533	35.5
831.702	-0.81
831.871	25.54
832.039	79.88
832.208	-440
832.377	111.81
832.545	133.16
832.714	92.2
832.882	-14.94
833.051	94.7
833.219	7685.71
833.388	98.88
833.556	-18.08
833.724	45.94
833.893	-89.38
834.061	557.89
834.23	72.54
834.398	161.39
834.566	80.52
834.735	8714.29
834.903	433.96
835.071	-440
835.239	-176.39
835.408	82.84
835.576	-758.14
835.744	-19.53
835.912	90.53
836.08	100.34
836.249	411.32
836.417	24.6
836.585	35.65
836.753	133.51
836.921	-57.3
837.089	2714.29
837.257	-702.33
837.425	111.49
837.593	-188.03
837.761	61.36
837.929	-51.47
838.097	91.3
838.265	85.51
838.433	99.02
838.601	127.85
838.769	468.35
838.936	352.81
839.104	159.67
839.272	96.79
839.44	61.28
839.608	-1282.93
839.775	-37.09
839.943	92.48
840.111	75.89
840.279	-6.38
840.446	194.03
840.614	-106.49
840.781	165.22
840.949	68.74
841.117	-80.54
841.284	-107.3
841.452	-185.09
841.619	5.93
841.787	207.38
841.954	330.23
842.122	-40.46
842.289	205.49
842.457	51.56
842.624	188.15
842.792	220.44
842.959	12.57
843.126	9.58
843.294	-46.81
843.461	-62.24
843.629	-65.6
843.796	20.3
843.963	-284.05
844.13	192.11
844.298	170.66
844.465	100.87
844.632	-244.72
844.799	23.12
844.966	-87.66
845.134	78.8
845.301	6.47
845.468	-223.84
845.635	-47.35
845.802	45.11
845.969	-46.55
846.136	88.58
846.303	-1968.42
846.47	58.85
846.637	243.08
846.804	-642.11
846.971	40
847.138	263.32
847.305	-316.81
847.472	-39.51
847.639	-0.47
847.805	19.63
847.972	-605.19
848.139	31.76
848.306	242.11
848.473	373.13
848.639	56.13
848.806	-305.6
848.973	105.16
849.14	148.26
849.306	-162.33
849.473	-9.27
849.64	-126.15
849.806	-136.84
849.973	195.68
850.139	109.93
850.306	85.13
850.472	65.68
850.639	99.02
850.806	1126.32
850.972	311.3
851.139	828.57
851.305	89.16
851.471	-349.47
851.638	-45.4
851.804	426.87
851.971	-53.66
852.137	78.69
852.303	101.28
852.47	26.31
852.636	190.43
852.802	366.93
852.968	-62.13
853.135	311.68
853.301	28.9
853.467	47.87
853.633	14.67
853.8	33.39
853.966	-84.26
854.132	1171.43
854.298	-515.33
854.464	217.98
854.63	122.69
854.796	349.15
854.962	525.18
855.128	51.9
855.294	-41.65
855.46	-31.09
855.626	35.24
855.792	-139.77
855.958	161.17
856.124	-30.67
856.29	165.56
856.456	-31.87
856.622	101.28
856.787	781.82
856.953	-38.75
857.119	-69.31
857.285	-171.56
857.45	-47.35
857.616	111.57
857.782	-25.06
857.948	164.89
858.113	82.59
858.279	13.2
858.445	83.46
858.61	804.65
858.776	101.21
858.941	251.49
859.107	56.24
859.273	90.82
859.438	101.11
859.604	305.26
859.769	-133.86
859.935	-223.76
860.1	71.98
860.265	49.3
860.431	266.19
860.596	1685.71
860.762	111.37
860.927	20.96
861.092	122.79
861.258	-135.41
861.423	147.49
861.588	-21.34
861.753	1000
861.919	-539.62
862.084	-67.72
862.249	174.24
862.414	119.45
862.579	110.66
862.745	87.01
862.91	163.1
863.075	194.79
863.24	54.62
863.405	216.08
863.57	38.44
863.735	117.33
863.9	192.92
864.065	-4.04
864.23	167.28
864.395	51.96
864.56	-4.23
864.725	331.65
864.89	406.74
865.055	89.96
865.22	62.12
865.384	-537.08
865.549	254.37
865.714	-84.78
865.879	-50.49
866.044	-19.02
866.208	67.99
866.373	-397.8
866.538	44.5
866.702	71.48
866.867	88.93
867.032	-13.65
867.196	85.06
867.361	-123.2
867.526	-266.95
867.69	-6.03
867.855	-41.76
868.019	956.36
868.184	-8.13
868.348	127.65
868.513	-2948.39
868.677	201.56
868.842	308.83
869.006	54.96
869.17	-358.49
869.335	1029.27
869.499	-176.7
869.663	324.5
869.828	33.2
869.992	637.21
870.156	62.67
870.321	25.22
870.485	15.52
870.649	-16.36
870.813	-80.44
870.978	106.38
871.142	-1381.54
871.306	-194.31
871.47	369.34
871.634	433.07
871.798	306.83
871.962	32.35
872.126	-7914.29
872.29	58.6
872.454	4771.43
872.618	265.07
872.782	265.67
872.946	178.52
873.11	-7.04
873.274	-213.87
873.438	-411.76
873.602	50.13
873.766	-246.75
873.93	-19.18
874.094	42.7
874.257	38.73
874.421	479.77
874.585	61.82
874.749	3.18
874.912	-122.3
875.076	14.39
875.24	138.36
875.403	381.57
875.567	53.71
875.731	-24.72
875.894	15.51
876.058	127.27
876.222	-240.45
876.385	-43.22
876.549	53.74
876.712	454.55
876.876	-97.98
877.039	119.69
877.203	24.82
877.366	70.82
877.529	-60.07
877.693	64.53
877.856	191.23
878.02	11.91
878.183	164.89
878.346	376.62
878.51	203.54
878.673	153.96
878.836	193.69
878.999	-432.26
879.163	182.2
879.326	82.35
879.489	38.69
879.652	92.2
879.815	122.21
879.978	49.8
880.142	162.42
880.305	157.76
880.468	94.94
880.631	-12.2
880.794	52.49
880.957	209.76
881.12	-2105.88
881.283	-119.28
881.446	-72.76
881.609	456.12
881.772	143.97
881.935	576.47
882.097	214.32
882.26	184.91
882.423	125.63
882.586	-89.3
882.749	135.86
882.912	42.94
883.074	114.51
883.237	29.07
883.4	16.45
883.562	74.77
883.725	-17.6
883.888	140.16
884.05	4600
884.213	100.74
884.376	-9.3
884.538	123.16
884.701	123.16
884.863	123.16
