181.954	-21.86
182.172	-21.86
182.39	-21.86
182.608	-1560
182.826	138.46
183.043	-171.06
183.261	103
183.479	149.56
183.697	105.88
183.914	-153.04
184.132	150.8
184.35	115.7
184.567	-25.35
184.785	79.65
185.003	-134.19
185.22	12.88
185.438	-14.97
185.656	-117.59
185.873	-729.23
186.091	15.96
186.309	-1179.31
186.526	40.72
186.744	108.47
186.961	-50.57
187.179	-19.91
187.396	17.21
187.614	101.54
187.831	840
188.049	-114.11
188.266	106.46
188.484	-1191.04
188.701	122.33
188.919	49.06
189.136	148.13
189.354	-122.78
189.571	-167.77
189.789	3.99
190.006	66.88
190.223	-269.19
190.441	34.31
190.658	-7285.71
190.876	126.19
191.093	230.77
191.31	-36.08
191.528	-9.84
191.745	68.54
191.962	71.56
192.179	-49.18
192.397	-65.59
192.614	30.35
192.831	45.1
193.049	-4.75
193.266	425.24
193.483	39.88
193.7	-230.77
193.917	5.48
194.135	90.65
194.352	122.78
194.569	42.65
194.786	130.89
195.003	23.89
195.221	68.9
195.438	-91.17
195.655	-93.47
195.872	75.25
196.089	64.1
196.306	-1.26
196.523	92.16
196.74	46.53
196.957	31.07
197.174	-9.14
197.391	106.85
197.608	55.18
197.825	-2612.9
198.042	-29.48
198.259	-765.52
198.476	165.96
198.693	1080
198.91	79.83
199.127	-152.24
199.344	94.74
199.561	197.69
199.778	26.15
199.995	-617.91
200.212	682.76
200.429	19.91
200.646	-250.63
200.862	-128.09
201.079	-92.38
201.296	218.54
201.513	-168.93
201.73	6.64
201.947	31.27
202.163	44.49
202.38	156.07
202.597	16.04
202.814	99.66
203.03	360
203.247	81.41
203.464	5.74
203.681	-116.88
203.897	153.56
204.114	464.15
204.331	130.08
204.547	-572.09
204.764	134.92
204.981	2011.76
205.197	201.7
205.414	368.98
205.63	-2875.86
205.847	135.68
206.064	-447.27
206.28	-119.35
206.497	-34.24
206.713	68.54
206.93	-58.57
207.146	27.66
207.363	415.38
207.579	-296.7
207.796	228.32
208.012	-80.55
208.229	-689.55
208.445	27.79
208.662	-27.23
208.878	6.48
209.095	-1305.88
209.311	55.8
209.528	5742.86
209.744	20.85
209.96	-162.91
210.177	-5.83
210.393	68.65
210.609	7560
210.826	217.18
211.042	474.78
211.258	456.72
211.475	-176.47
211.691	-19.4
211.907	281.01
212.124	79.92
212.34	195.43
212.556	-9.84
212.772	-151.65
212.989	-3.97
213.205	-28.78
213.421	-268.34
213.637	-779.1
213.853	207.78
214.069	-410.53
214.286	29.74
214.502	-152.24
214.718	-50.78
214.934	253.26
215.15	29.51
215.366	53.98
215.582	6.36
215.798	72.05
216.015	104.3
216.231	139.46
216.447	39.8
216.663	37.22
216.879	-208.04
217.095	406.71
217.311	147.17
217.527	65.48
217.743	-413.59
217.959	-328.3
218.175	14.91
218.391	-99.28
218.606	37.71
218.822	-67.83
219.038	22.46
219.254	59.37
219.47	1.49
219.686	505.62
219.902	41.99
220.118	2.52
220.334	-45.4
220.549	105.57
220.765	111.86
220.981	55.77
221.197	46.26
221.413	-507.69
221.628	402.53
221.844	-11.32
222.06	75.73
222.276	-79.25
222.491	106.13
222.707	-33.44
222.923	-20.13
223.139	73.45
223.354	31.27
223.57	99.21
223.786	46.45
224.001	-196.91
224.217	99.71
224.432	176.88
224.648	130.89
224.864	-102.65
225.079	-743.28
225.295	-25.31
225.51	184.86
225.726	58.66
225.942	35.74
226.157	65.69
226.373	-84.26
226.588	64.42
226.804	-1231.58
227.019	-33.17
227.235	-22.73
227.45	48.69
227.665	9000
227.881	23.62
228.096	-130.43
228.312	-43.18
228.527	128.78
228.743	99.43
228.958	-106.71
229.173	-443.48
229.389	40.75
229.604	64.84
229.819	11.44
230.035	-133.57
230.25	-12.24
230.465	-94.47
230.681	5.86
230.896	-45.98
231.111	87.7
231.327	184.75
231.542	360
231.757	158.36
231.972	40.28
232.187	-7.66
232.403	-157.89
232.618	132.2
232.833	40.95
233.048	-469.09
233.263	-10.33
233.478	-245.22
233.694	-237.21
233.909	-1296.77
234.124	130.86
234.339	-43.44
234.554	2420.69
234.769	-59.49
234.984	-18.83
235.199	80.45
235.414	-345.13
235.629	-22.78
235.844	-24.69
236.059	74.23
236.274	-12.69
236.489	-189.97
236.704	62.83
236.919	-148.69
237.134	54.3
237.349	209.38
237.564	60.72
237.779	20.58
237.994	-150.64
238.209	99.84
238.424	-84.66
238.639	0.93
238.853	-28.4
239.068	-67.07
239.283	-56.19
239.498	-58.58
239.713	68.68
239.928	41.97
240.142	238.28
240.357	-67.03
240.572	-72.68
240.787	40.87
241.001	-53.62
241.216	22.4
241.431	275.44
241.646	58.47
241.86	-51.12
242.075	-990.7
242.29	-11.81
242.504	11.1
242.719	78.26
242.934	108.66
243.148	25.97
243.363	15.03
243.577	-505.62
243.792	41.3
244.007	68.7
244.221	397.4
244.436	-26.87
244.65	-231.9
244.865	25.59
245.079	-147.98
245.294	-82.01
245.508	108.24
245.723	99.72
245.937	-59.34
246.152	-57.91
246.366	62.78
246.581	-65.47
246.795	-114.11
247.01	-90.24
247.224	-24.38
247.438	-49.18
247.653	23.68
247.867	45.63
248.081	-11.09
248.296	658.54
248.51	48.99
248.724	5.78
248.939	-743.28
249.153	286.53
249.367	55.25
249.582	17.98
249.796	350.65
250.01	75.5
250.224	51.37
250.439	1.69
250.653	93.01
250.867	-19.55
251.081	36.97
251.295	-94.25
251.51	-135.32
251.724	-30.22
251.938	158.36
252.152	-118.25
252.366	108.96
252.58	447.27
252.794	88.5
253.008	274.17
253.223	81.15
253.437	103.45
253.651	17.46
253.865	92.93
254.079	5.74
254.293	-37.27
254.507	-360
254.721	31.27
254.935	-46.15
255.149	44.4
255.363	62.3
255.577	245.64
255.791	95.59
256.005	165.64
256.218	-45.88
256.432	29.16
256.646	9.26
256.86	-1.69
257.074	86.53
257.288	5880
257.502	-98.9
257.716	11.09
257.929	27.19
258.143	88.93
258.357	65.72
258.571	-19.93
258.785	49.13
258.998	-16.16
259.212	50.76
259.426	-99.55
259.64	128.37
259.853	69.59
260.067	200.94
260.281	99.81
260.494	24.58
260.708	338.61
260.922	-72.69
261.135	57.18
261.349	-1.01
261.563	36.14
261.776	-247.06
261.99	76.71
262.203	10.73
262.417	-69.96
262.63	-50.85
262.844	842.7
263.058	22.37
263.271	8.76
263.485	-38.36
263.698	67
263.912	-150.64
264.125	-79.58
264.339	-80.31
264.552	-30.82
264.765	-526.96
264.979	62.07
265.192	-67.03
265.406	50.54
265.619	167.21
265.832	37.56
266.046	-1.12
266.259	22.37
266.473	-2419.35
266.686	46.31
266.899	64.24
267.113	3000
267.326	163.25
267.539	-10.87
267.752	46.33
267.966	51.15
268.179	201.48
268.392	120.84
268.605	-14.17
268.819	92.69
269.032	-162.09
269.245	360
269.458	117.34
269.671	-356.96
269.885	-1.33
270.098	2.44
270.311	-387.34
270.524	-17.4
270.737	-26.09
270.95	186.75
271.163	-146.46
271.376	1645.16
271.589	-159.49
271.802	16.5
272.016	-95.77
272.229	8.56
272.442	-187.04
272.655	-60.91
272.868	-117.93
273.081	-101.12
273.294	0.7
273.506	-14.84
273.719	3.09
273.932	78.09
274.145	5400
274.358	-17.41
274.571	9.08
274.784	1256.6
274.997	18.5
275.21	25.25
275.423	58.51
275.635	-105.53
275.848	46.72
276.061	83.44
276.274	-118.16
276.487	151.3
276.699	7.44
276.912	-35.29
277.125	17.87
277.338	-40.98
277.55	28.79
277.763	-41.93
277.976	138.28
278.189	-454.95
278.401	39.39
278.614	321.6
278.827	-15.18
279.039	69.3
279.252	52.57
279.464	-151.92
279.677	39.74
279.89	62.33
280.102	63.32
280.315	921.95
280.527	1294.74
280.74	144.83
280.952	7.23
281.165	-6.08
281.377	81.45
281.59	1.88
281.802	-47.23
282.015	-1.45
282.227	109.2
282.44	220.14
282.652	316.85
282.865	-25.59
283.077	-24.58
283.29	116.88
283.502	19.66
283.714	82.46
283.927	167.11
284.139	54.08
284.351	47.57
284.564	131.55
284.776	110.48
284.988	-10.6
285.201	44.78
285.413	60.23
285.625	29.19
285.838	-0.92
286.05	52.88
286.262	6.64
286.474	63.44
286.686	-20.3
286.899	-260.99
287.111	33.28
287.323	-16.79
287.535	302.97
287.747	70.4
287.959	-31
288.172	-687.27
288.384	-17.4
288.596	-47.84
288.808	441.51
289.02	-237.74
289.232	144.42
289.444	-21.61
289.656	-181.76
289.868	40.17
290.08	-33.13
290.292	-94.47
290.504	-99.83
290.716	60.55
290.928	52.14
291.14	-181.4
291.352	51.99
291.564	3282.35
291.776	124.44
291.988	-114.11
292.2	116.59
292.412	113.51
292.624	-80.66
292.835	994.03
293.047	-48.6
293.259	-28.21
293.471	13.57
293.683	951.22
293.895	125.04
294.106	-11.1
294.318	-2.97
294.53	59.37
294.742	2255.17
294.953	-55.35
295.165	28.64
295.377	126.73
295.589	-1.05
295.8	50.51
296.012	109.72
296.224	31.9
296.435	116.63
296.647	139.48
296.858	-64.75
297.07	1043.08
297.282	-88.34
297.493	-52.98
297.705	-456
297.916	-4.27
298.128	174.93
298.34	40.87
298.551	13.66
298.763	53.13
298.974	12.36
299.186	-23.67
299.397	-89.21
299.609	19.35
299.82	193.41
300.031	3.31
300.243	-2305.26
300.454	-136.2
300.666	50.26
300.877	361.14
301.089	-63.83
301.3	-8.24
301.511	31.26
301.723	-41.24
301.934	241.79
302.145	-81.57
302.357	76.49
302.568	388.8
302.779	10.05
302.99	13.45
303.202	6.65
303.413	-12.92
303.624	-2.03
303.835	509.43
304.047	-21.86
304.258	6.19
304.469	14.94
304.68	57.76
304.891	22.62
305.103	44.02
305.314	44.98
305.525	2657.14
305.736	203.15
305.947	58.55
306.158	2082.35
306.369	68.55
306.58	26.17
306.791	320.66
307.002	37.7
307.213	-52.84
307.424	163.25
307.636	158.58
307.846	84.64
308.057	-448.54
308.268	46.59
308.479	70.23
308.69	33.84
308.901	60.6
309.112	572.09
309.323	51.88
309.534	48.65
309.745	98.12
309.956	49.29
310.167	-91.76
310.377	75.58
310.588	61.04
310.799	41.3
311.01	-86.1
311.221	58.58
311.432	57.9
311.642	-36.63
311.853	87.07
312.064	848.28
312.275	171.75
312.485	24.58
312.696	89.86
312.907	-87.44
313.117	13.09
313.328	16.46
313.539	1.53
313.749	10.42
313.96	-969.23
314.171	62.51
314.381	29.48
314.592	-61.51
314.802	18.38
315.013	-17.98
315.224	60.84
315.434	-4705.26
315.645	-600
315.855	168.39
316.066	262.92
316.276	95.41
316.487	-131.71
316.697	85.91
316.908	-19.07
317.118	-19.94
317.329	66.97
317.539	39.63
317.749	213.73
317.96	-1585.07
318.17	-71.27
318.381	336.26
318.591	-876.92
318.801	30.39
319.012	-2.12
319.222	-343.69
319.432	19.35
319.643	134.69
319.853	142.6
320.063	42.1
320.273	17.73
320.484	-362.64
320.694	399.18
320.904	-91.53
321.114	559.55
321.325	641.38
321.535	82.46
321.745	-33.27
321.955	13.37
322.165	-1.81
322.375	58.65
322.585	77.3
322.796	1220.69
323.006	15.21
323.216	128.12
323.426	162.28
323.636	106.22
323.846	724.14
324.056	30.27
324.266	10.22
324.476	28.34
324.686	100.54
324.896	75.51
325.106	418.87
325.316	0.95
325.526	-2557.89
325.736	38.88
325.946	16.39
326.156	210.39
326.366	-370.43
326.576	3.22
326.785	-238.19
326.995	42.49
327.205	-159.8
327.415	132.2
327.625	275.91
327.835	0.97
328.044	-39.2
328.254	-224.35
328.464	171.73
328.674	200.89
328.884	-64.75
329.093	93.05
329.303	30.71
329.513	197.52
329.722	-2936.84
329.932	157.78
330.142	19.22
330.351	56.6
330.561	490.91
330.771	-112.92
330.98	-17.98
331.19	563.08
331.4	-180.21
331.609	2.73
331.819	1536.59
332.028	-332.57
332.238	189.15
332.447	-13.23
332.657	72.84
332.866	60.59
333.076	6.83
333.285	5.86
333.495	1064.52
333.704	-443.95
333.914	35.45
334.123	36.2
334.333	1172.31
334.542	44.14
334.752	27.69
334.961	690.57
335.17	-105.53
335.38	-132.43
335.589	57.7
335.798	-38.19
336.008	323.08
336.217	-33.19
336.426	67.98
336.636	28.09
336.845	-8.45
337.054	490.91
337.263	-46.46
337.473	-6.3
337.682	103.58
337.891	38.88
338.1	271.94
338.309	-49.11
338.519	146.24
338.728	33.29
338.937	-392.13
339.146	12.95
339.355	-894.34
339.564	-3126.32
339.773	-9.05
339.983	113.88
340.192	-412.17
340.401	-27.79
340.61	88.11
340.819	71.85
341.028	-17.7
341.237	3494.12
341.446	25.79
341.655	-10.42
341.864	-99.53
342.073	38.99
342.282	-76.63
342.491	64.72
342.699	238.83
342.908	-194.81
343.117	-68.07
343.326	-85.02
343.535	10.91
343.744	21.08
343.953	140.57
344.162	54.23
344.37	5.65
344.579	-349.25
344.788	-38.36
344.997	77.65
345.206	107.49
345.414	52.71
345.623	152.77
345.832	-74.47
346.041	447.72
346.249	55.46
346.458	45.97
346.667	-67.43
346.875	49.46
347.084	50.22
347.293	24.62
347.501	-31.28
347.71	12.39
347.918	-135.06
348.127	-323.08
348.336	-59.6
348.544	77.62
348.753	-779.1
348.961	5.37
349.17	108.88
349.378	50.9
349.587	87.84
349.795	-343.69
350.004	600
350.212	59.93
350.421	-228.32
350.629	-12.69
350.838	54.26
351.046	49.38
351.254	-47.04
351.463	26.56
351.671	-1989.47
351.879	-21.69
352.088	-81.53
352.296	153.98
352.504	102.15
352.713	-7.29
352.921	-137.01
353.129	-16.02
353.338	-54.23
353.546	20.5
353.754	-327.61
353.962	-42.07
354.171	-20.84
354.379	-1105.26
354.587	-6.29
354.795	-9.77
355.003	-40.89
355.212	1.81
355.42	622.64
355.628	143.13
355.836	-87.46
356.044	58.51
356.252	-7.68
356.46	-47.59
356.668	987.69
356.876	32.24
357.084	19.24
357.292	-56.1
357.5	-69.77
357.708	-13.38
357.916	122.62
358.124	-50.73
358.332	-188.06
358.54	-98.18
358.748	553.25
358.956	-40.17
359.164	33.3
359.372	55.8
359.58	47.48
359.788	86.11
359.996	-4.6
360.203	-25.58
360.411	39.16
360.619	-382.91
360.827	22.49
361.035	-224.54
361.242	19.35
361.45	22.78
361.658	42.65
361.866	-10.09
362.073	-150.53
362.281	115.06
362.489	-5.42
362.697	179.04
362.904	-103.32
363.112	164.19
363.32	-45.88
363.527	-307.83
363.735	-62.55
363.943	-28.21
364.15	19.08
364.358	27.66
364.565	40.17
364.773	20.44
364.98	-31.8
365.188	-125.7
365.395	123.57
365.603	71.19
365.81	-24.48
366.018	-33.93
366.225	98.55
366.433	-28.29
366.64	57.9
366.848	64.17
367.055	-28.21
367.263	21.18
367.47	22.42
367.677	7.59
367.885	-41.24
368.092	-10.46
368.299	35.49
368.507	42.34
368.714	515.04
368.921	4.72
369.129	-10.91
369.336	52.3
369.543	-34.99
369.751	-58.32
369.958	-104.93
370.165	9.34
370.372	35.92
370.579	56.78
370.787	77.35
370.994	108.2
371.201	-1.63
371.408	-12.59
371.615	140.9
371.822	31.44
372.029	-115.93
372.237	-236.57
372.444	158.92
372.651	-12.6
372.858	43.99
373.065	-0.6
373.272	-35.29
373.479	-1717.24
373.686	139.34
373.893	366.99
374.1	140.67
374.307	-228.78
374.514	41.3
374.721	55.49
374.928	1036.36
375.135	-13.38
375.341	3720
375.548	-11.8
375.755	36.73
375.962	-25.15
376.169	-195.32
376.376	75.3
376.583	65.19
376.789	76.62
376.996	55.19
377.203	-54.11
377.41	-93.78
377.617	-27.69
377.823	324.06
378.03	522.58
378.237	16.02
378.443	-257.14
378.65	-577.36
378.857	-112.92
379.063	-144.3
379.27	-193.04
379.477	-53.95
379.683	-135.69
379.89	-4.45
380.097	38.75
380.303	-2.95
380.51	-37.56
380.716	9.26
380.923	-127.56
381.129	20.32
381.336	-411.02
381.542	-9.6
381.749	-12.34
381.955	34.46
382.162	27.66
382.368	-40.17
382.575	-76.71
382.781	889.66
382.988	95.22
383.194	-6.12
383.4	-83.36
383.607	69.63
383.813	-55.35
384.02	-13.93
384.226	-9.4
384.432	-47.17
384.639	27.58
384.845	-463.29
385.051	-3.89
385.257	9.76
385.464	97.86
385.67	48.77
385.876	47.95
386.082	-79.32
386.289	51.71
386.495	-22.6
386.701	-236.48
386.907	65.98
387.113	50.76
387.319	60.25
387.526	-44.95
387.732	108.66
387.938	360
388.144	36.52
388.35	14.96
388.556	-6.19
388.762	61.63
388.968	-320.93
389.174	-33.79
389.38	123.11
389.586	-22.8
389.792	24.73
389.998	-146.44
390.204	22.74
390.41	43.31
390.616	23.55
390.822	10.09
391.028	36.61
391.234	58.6
391.439	-157.28
391.645	2.51
391.851	27.35
392.057	-3.44
392.263	85.54
392.469	47.17
392.674	-25.94
392.88	14.14
393.086	30.9
393.292	7.68
393.498	-70.3
393.703	14.42
393.909	61.27
394.115	62.3
394.32	-42.8
394.526	-40.29
394.732	74.81
394.937	-0.58
395.143	-104.45
395.349	9.07
395.554	-388.94
395.76	34.06
395.965	-69.84
396.171	-11.44
396.377	36.4
396.582	23.9
396.788	20.72
396.993	67.8
397.199	-28.94
397.404	36.94
397.61	-72.84
397.815	-29.73
398.021	-8.93
398.226	0.81
398.431	-48.45
398.637	12.09
398.842	20.32
399.048	9.08
399.253	28.5
399.458	48.63
399.664	-27.98
399.869	17.43
400.074	13.94
400.28	18.09
400.485	-26.62
400.69	1.77
400.896	13.93
401.101	7.81
401.306	7.11
401.511	21.1
401.716	8.85
401.922	-1.05
402.127	3.77
402.332	-3.91
402.537	50.48
402.742	-5.29
402.947	54.55
403.153	-26.92
403.358	15.4
403.563	5.76
403.768	15.33
403.973	1.3
404.178	-9.17
404.383	4.63
404.588	30.32
404.793	37.99
404.998	16.33
405.203	-14
405.408	7.69
405.613	13.18
405.818	19.48
406.023	1.42
406.228	-12.67
406.433	-1.12
406.638	0.99
406.842	14.05
407.047	17.31
407.252	7.81
407.457	12.36
407.662	10.46
407.867	6.65
408.071	19.7
408.276	15
408.481	5.35
408.686	15.22
408.891	16.97
409.095	8.2
409.3	9.22
409.505	17.56
409.709	11.5
409.914	7.46
410.119	6.17
410.323	4.46
410.528	7.53
410.733	7.22
410.937	5.9
411.142	6.07
411.346	10.22
411.551	4.51
411.756	9.46
411.96	8.12
412.165	1.86
412.369	9.17
412.574	8.94
412.778	8.33
412.983	11.68
413.187	10.21
413.392	3.21
413.596	7.98
413.8	6.73
414.005	11.2
414.209	7.42
414.414	9.97
414.618	5.25
414.822	10.23
415.027	6.37
415.231	6.95
415.435	8.94
415.64	7.36
415.844	6.71
416.048	4.14
416.252	7.49
416.457	7.76
416.661	8.08
416.865	5.03
417.069	7.01
417.274	7.96
417.478	7.11
417.682	7.08
417.886	4.94
418.09	6.45
418.294	6.18
418.498	7.81
418.702	7.3
418.907	7.46
419.111	5.78
419.315	7.35
419.519	6.17
419.723	5.48
419.927	5.99
420.131	7.47
420.335	7.05
420.539	5.09
420.743	10.06
420.947	4.55
421.151	6.54
421.355	6.34
421.558	6.59
421.762	6.71
421.966	5.94
422.17	6.93
422.374	6.09
422.578	5.03
422.782	6.96
422.985	5.92
423.189	6.7
423.393	5.73
423.597	5.16
423.801	7.21
424.004	5.05
424.208	5.43
424.412	4.62
424.615	5.72
424.819	6.08
425.023	6.14
425.226	6.34
425.43	6.03
425.634	5.32
425.837	5.32
426.041	5.58
426.245	5.34
426.448	5.77
426.652	5.53
426.855	4.03
427.059	4.92
427.262	5.73
427.466	4.5
427.669	5.57
427.873	5.33
428.076	5.65
428.28	5.23
428.483	5.82
428.687	5.5
428.89	5.52
429.094	5.25
429.297	5.45
429.5	5.74
429.704	5.57
429.907	6.1
430.11	4.98
430.314	5.06
430.517	5.69
430.72	5.29
430.924	5.16
431.127	5.23
431.33	4.86
431.533	5.1
431.737	5.79
431.94	4.79
432.143	5.39
432.346	4.99
432.549	5.41
432.752	4.34
432.956	5.25
433.159	4.66
433.362	4.59
433.565	4.82
433.768	5.26
433.971	4.58
434.174	5.15
434.377	4.8
434.58	5.01
434.783	4.2
434.986	4.89
435.189	5.51
435.392	4.73
435.595	5.14
435.798	4.76
436.001	5.54
436.204	4.87
436.407	4.68
436.61	4.78
436.813	5.13
437.016	5.13
437.219	4.82
437.421	4.31
437.624	4.95
437.827	4.84
438.03	4.62
438.233	4.64
438.435	5.14
438.638	4.99
438.841	4.34
439.044	4.51
439.246	4.7
439.449	4.79
439.652	4.91
439.854	4.81
440.057	4.79
440.26	4.76
440.462	4.89
440.665	4.57
440.868	4.78
441.07	4.84
441.273	4.76
441.475	4.49
441.678	4.62
441.88	4.4
442.083	4.64
442.286	4.56
442.488	4.41
442.69	4.98
442.893	4.92
443.095	4.88
443.298	4.63
443.5	4.4
443.703	4.73
443.905	4.47
444.108	5
444.31	4.56
444.512	5.19
444.715	4.68
444.917	4.51
445.119	4.63
445.322	4.28
445.524	4.73
445.726	4.79
445.928	4.33
446.131	4.89
446.333	4.77
446.535	4.92
446.737	4.98
446.94	5.23
447.142	4.99
447.344	5.12
447.546	5.41
447.748	4.93
447.95	5.15
448.152	4.89
448.354	5.45
448.557	5.19
448.759	5.39
448.961	5.58
449.163	5.41
449.365	5.18
449.567	5.27
449.769	5.29
449.971	5.47
450.173	5.39
450.375	5.66
450.577	5.64
450.779	5.85
450.981	5.55
451.182	5.57
451.384	5.68
451.586	6.23
451.788	5.55
451.99	6.1
452.192	5.48
452.394	6.1
452.595	6.92
452.797	5.97
452.999	6.49
453.201	6.38
453.402	5.67
453.604	6.46
453.806	6.76
454.008	6.45
454.209	6.64
454.411	6.59
454.613	6.59
454.814	6.85
455.016	6.65
455.218	6.35
455.419	6.68
455.621	6.63
455.822	6.64
456.024	6.72
456.225	7.22
456.427	6.96
456.629	6.58
456.83	7.16
457.032	7.45
457.233	6.74
457.435	6.29
457.636	7.32
457.837	6.85
458.039	7.09
458.24	7.5
458.442	7.5
458.643	6.67
458.844	7.85
459.046	7.04
459.247	8.37
459.448	7.64
459.65	7.82
459.851	7.97
460.052	7.79
460.254	7.98
460.455	7.68
460.656	7.84
460.857	7.09
461.059	6.98
461.26	6.92
461.461	7.58
461.662	7.07
461.863	8.21
462.065	7.69
462.266	6.97
462.467	7.44
462.668	6.3
462.869	7.46
463.07	7.75
463.271	8
463.472	6.87
463.673	7.83
463.874	7.6
464.075	7.66
464.276	7.02
464.477	7.9
464.678	7.83
464.879	7.36
465.08	8.28
465.281	8.43
465.482	7.93
465.683	7.2
465.884	8.34
466.085	8.15
466.285	7.31
466.486	8.73
466.687	8.31
466.888	7.18
467.089	7.97
467.29	8.24
467.49	8.09
467.691	7.78
467.892	8.67
468.093	7.91
468.293	7.62
468.494	9.03
468.695	7.97
468.895	7.52
469.096	7.93
469.297	8.44
469.497	7.44
469.698	8.85
469.898	7.08
470.099	9.22
470.3	8.17
470.5	7.46
470.701	8.43
470.901	8.31
471.102	8.95
471.302	7.82
471.503	8.79
471.703	10.71
471.904	9.13
472.104	7.59
472.305	8.91
472.505	7.82
472.705	7.66
472.906	8.65
473.106	9.77
473.306	6.3
473.507	9.9
473.707	8.13
473.907	7.93
474.108	6.76
474.308	6.81
474.508	7.14
474.709	8.99
474.909	7.21
475.109	6.48
475.309	8.23
475.51	8.8
475.71	8.8
475.91	8.62
476.11	6.99
476.31	8.3
476.51	8.01
476.71	7.65
476.911	8.92
477.111	8.43
477.311	6.54
477.511	7.02
477.711	6.91
477.911	7.14
478.111	9.69
478.311	8.94
478.511	8.27
478.711	9.74
478.911	8.63
479.111	9.18
479.311	8.2
479.511	8.68
479.711	7.75
479.91	5.62
480.11	10.23
480.31	7.56
480.51	9.93
480.71	7.56
480.91	7.62
481.109	8.66
481.309	8.87
481.509	6.84
481.709	9.04
481.909	8.62
482.108	6.27
482.308	6.34
482.508	8.55
482.707	8.9
482.907	8.12
483.107	7.39
483.306	8.17
483.506	7
483.706	6.47
483.905	7.98
484.105	6.68
484.304	7.61
484.504	7.32
484.704	8.61
484.903	7.67
485.103	9.55
485.302	7.92
485.502	7.61
485.701	8.66
485.901	8.15
486.1	7.02
486.299	8.28
486.499	7.31
486.698	8.13
486.898	7.77
487.097	6.17
487.296	5.84
487.496	7.13
487.695	7.28
487.894	6.84
488.094	7.05
488.293	8.09
488.492	5.78
488.692	8.13
488.891	8.25
489.09	6.47
489.289	6.61
489.489	7.87
489.688	7.32
489.887	7.01
490.086	8.29
490.285	5.39
490.484	8.63
490.683	8.69
490.883	8.95
491.082	8.28
491.281	7.88
491.48	6.73
491.679	7.94
491.878	7.46
492.077	8.62
492.276	7.24
492.475	6.67
492.674	7.57
492.873	7.86
493.072	7.58
493.271	8.13
493.47	6.71
493.669	6.74
493.867	7.16
494.066	7.62
494.265	9.68
494.464	9.44
494.663	6.66
494.862	6.17
495.06	7.48
495.259	6.7
495.458	8.45
495.657	6.55
495.856	8.06
496.054	7.5
496.253	8.81
496.452	7.15
496.65	7.14
496.849	7.31
497.048	7.45
497.246	6.41
497.445	7.41
497.644	6.94
497.842	7.07
498.041	8.13
498.239	7.58
498.438	7.28
498.636	7.02
498.835	7.94
499.034	7.23
499.232	8.06
499.431	7.2
499.629	7.25
499.827	9.45
500.026	7.44
500.224	7.17
500.423	6.84
500.621	7.57
500.82	7.84
501.018	8.13
501.216	7.31
501.415	7.78
501.613	7.65
501.811	7.6
502.01	8.89
502.208	7.08
502.406	8.42
502.604	7.58
502.803	7.86
503.001	9.26
503.199	7.74
503.397	8.03
503.595	7.56
503.794	8.17
503.992	9.29
504.19	7.9
504.388	8.26
504.586	7.81
504.784	8.07
504.982	7.92
505.18	8.24
505.378	8.1
505.576	8.01
505.774	8.95
505.972	8.14
506.17	9.04
506.368	8.45
506.566	7.95
506.764	8.33
506.962	8.27
507.16	9.11
507.358	8.77
507.556	8.55
507.754	9.12
507.952	8.87
508.15	9.52
508.347	8.99
508.545	8.94
508.743	9.34
508.941	8.52
509.139	9.61
509.336	8.9
509.534	9.35
509.732	9.2
509.93	8.53
510.127	9.65
510.325	8.72
510.523	9.22
510.72	9.31
510.918	9.53
511.116	9.82
511.313	8.85
511.511	9.43
511.708	9.43
511.906	9.92
512.104	9.83
512.301	10.04
512.499	9.51
512.696	8.98
512.894	9.34
513.091	9.87
513.289	9.28
513.486	9.87
513.683	10.06
513.881	9.78
514.078	10.42
514.276	9.93
514.473	9.73
514.67	10.84
514.868	10.27
515.065	9.95
515.262	10.41
515.46	10.28
515.657	9.67
515.854	10.44
516.052	10.11
516.249	10.38
516.446	10.71
516.643	10.57
516.84	10.32
517.038	10.51
517.235	10.55
517.432	11.08
517.629	11.06
517.826	10.97
518.023	11.16
518.221	11.2
518.418	10.97
518.615	10.98
518.812	10.98
519.009	11.12
519.206	11.21
519.403	10.98
519.6	11.01
519.797	10.96
519.994	10.25
520.191	11.35
520.388	11.11
520.585	11.11
520.782	10.99
520.978	10.91
521.175	11.33
521.372	11.47
521.569	11.43
521.766	11.16
521.963	10.95
522.159	11.88
522.356	11.28
522.553	11.47
522.75	11.37
522.947	12.24
523.143	12.23
523.34	12.43
523.537	11.85
523.733	11.72
523.93	12.08
524.127	11.47
524.323	11.57
524.52	11.85
524.717	12.13
524.913	12.02
525.11	11.47
525.306	12.07
525.503	12.08
525.7	12.23
525.896	11.87
526.093	11.73
526.289	12.92
526.486	12.59
526.682	12.08
526.878	12.56
527.075	12.86
527.271	12.46
527.468	12.14
527.664	12.5
527.861	12.61
528.057	12.4
528.253	12.81
528.45	12.52
528.646	12.42
528.842	12.66
529.039	11.86
529.235	12.38
529.431	12.73
529.627	12.71
529.824	12.88
530.02	12.75
530.216	12.89
530.412	13.19
530.608	12.65
530.804	12.62
531.001	12.65
531.197	12.74
531.393	12.78
531.589	12.77
531.785	12.59
531.981	12.53
532.177	13.11
532.373	13.05
532.569	12.43
532.765	12.81
532.961	12.46
533.157	12.98
533.353	13.45
533.549	13
533.745	13.25
533.941	12.88
534.137	12.65
534.333	13.07
534.529	13.07
534.725	12.92
534.92	13.19
535.116	13.73
535.312	13.27
535.508	13.14
535.704	13.29
535.899	13.23
536.095	13
536.291	13.65
536.487	13.27
536.682	13.03
536.878	13.6
537.074	13.24
537.269	13.35
537.465	13.04
537.661	13.21
537.856	13.26
538.052	13.04
538.248	13.36
538.443	13.35
538.639	13.73
538.834	13.2
539.03	13.65
539.225	13.47
539.421	13.71
539.616	13.16
539.812	13.79
540.007	13.99
540.203	13.63
540.398	13.6
540.593	13.69
540.789	13.78
540.984	13.68
541.18	13.89
541.375	13.25
541.57	13.94
541.766	13.82
541.961	13.9
542.156	14.2
542.352	14.16
542.547	13.69
542.742	13.8
542.937	14.17
543.133	14.34
543.328	13.87
543.523	13.7
543.718	13.73
543.913	14.15
544.108	13.43
544.304	14.69
544.499	14.25
544.694	14.15
544.889	14.22
545.084	14.16
545.279	14.27
545.474	14.43
545.669	13.95
545.864	13.76
546.059	14.13
546.254	13.98
546.449	14.13
546.644	13.75
546.839	14.27
547.034	14.28
547.229	14.36
547.424	14.09
547.618	14.36
547.813	14.27
548.008	14.11
548.203	14.85
548.398	14.28
548.593	14.71
548.787	14.46
548.982	14.66
549.177	14.41
549.372	14.16
549.566	14.83
549.761	14.25
549.956	14.82
550.15	14.43
550.345	14.75
550.54	14.54
550.734	14.21
550.929	14.31
551.124	14.75
551.318	14.3
551.513	14.48
551.707	14.66
551.902	14.72
552.096	14.86
552.291	14.67
552.485	14.26
552.68	14.63
552.874	14.61
553.069	15.17
553.263	14.89
553.458	15.23
553.652	14.76
553.847	14.66
554.041	15.14
554.235	14.87
554.43	14.58
554.624	14.92
554.818	14.68
555.013	15.09
555.207	15.16
555.401	15.33
555.595	14.96
555.79	14.45
555.984	14.76
556.178	15.1
556.372	15.63
556.566	15.26
556.761	15.51
556.955	15.56
557.149	15.62
557.343	15.28
557.537	15.58
557.731	15.25
557.925	15.47
558.119	15.13
558.313	14.95
558.507	15.63
558.701	15.21
558.895	15.55
559.089	15.39
559.283	15.72
559.477	15.12
559.671	15.53
559.865	15.58
560.059	15.23
560.253	15.12
560.447	15.38
560.641	15.38
560.835	15.84
561.028	15.81
561.222	15.25
561.416	15.23
561.61	15.38
561.804	15.17
561.997	15.19
562.191	15.46
562.385	15.59
562.579	15.59
562.772	15.96
562.966	15.3
563.16	15.5
563.353	15.82
563.547	15.67
563.741	15.67
563.934	15.35
564.128	15.52
564.321	15.7
564.515	15.66
564.708	15.96
564.902	15.75
565.095	16.05
565.289	15.99
565.482	15.89
565.676	15.25
565.869	16.07
566.063	16.07
566.256	15.26
566.45	15.83
566.643	15.98
566.836	15.55
567.03	15.56
567.223	15.52
567.416	16.02
567.61	15.85
567.803	16.09
567.996	15.76
568.19	15.75
568.383	15.61
568.576	15.93
568.769	16.43
568.963	15.35
569.156	16.18
569.349	16.01
569.542	16.03
569.735	16.29
569.928	15.97
570.121	16.09
570.315	16
570.508	16.08
570.701	16.09
570.894	15.54
571.087	16.04
571.28	16.11
571.473	15.94
571.666	15.97
571.859	15.7
572.052	15.65
572.245	16.22
572.438	15.57
572.631	16.13
572.824	15.87
573.016	16.05
573.209	16.19
573.402	15.97
573.595	15.92
573.788	16.35
573.981	16.11
574.173	15.81
574.366	15.69
574.559	16.07
574.752	15.97
574.944	15.83
575.137	15.84
575.33	15.8
575.523	15.99
575.715	15.82
575.908	16.16
576.101	15.8
576.293	15.72
576.486	16.07
576.678	15.69
576.871	15.76
577.063	15.92
577.256	16.17
577.449	16.02
577.641	15.79
577.834	16.22
578.026	15.36
578.219	16.21
578.411	16.18
578.603	16.34
578.796	16.19
578.988	16.36
579.181	15.95
579.373	16.36
579.565	16.17
579.758	16.11
579.95	16.06
580.142	15.66
580.335	15.93
580.527	16.07
580.719	16.06
580.912	16.35
581.104	16.35
581.296	15.97
581.488	16.31
581.68	16.32
581.873	15.98
582.065	16.19
582.257	16.21
582.449	15.64
582.641	15.84
582.833	15.94
583.025	15.73
583.217	16.24
583.41	16.38
583.602	16.5
583.794	15.87
583.986	16.52
584.178	16.31
584.37	15.81
584.562	16.23
584.753	16.09
584.945	16.31
585.137	16.36
585.329	16.15
585.521	16.26
585.713	16.77
585.905	16.02
586.097	16.32
586.289	16.29
586.48	16.14
586.672	16.18
586.864	16.56
587.056	16.47
587.247	16.42
587.439	16.17
587.631	16.46
587.823	16.05
588.014	16.19
588.206	16.72
588.398	16.04
588.589	16.58
588.781	16.32
588.972	16.67
589.164	16.15
589.356	16.49
589.547	16.29
589.739	16.26
589.93	17.19
590.122	16.11
590.313	16.69
590.505	16.08
590.696	16.31
590.888	16.42
591.079	16.15
591.271	17.17
591.462	16.7
591.653	16.8
591.845	16.69
592.036	16.13
592.227	16.65
592.419	16.17
592.61	16.45
592.801	16.64
592.993	16.96
593.184	17.39
593.375	16.76
593.566	17.09
593.758	16.73
593.949	16.63
594.14	16.58
594.331	16.76
594.522	16.91
594.713	17.15
594.905	17.2
595.096	17.19
595.287	16.73
595.478	17.21
595.669	16.85
595.86	16.73
596.051	16.66
596.242	17.45
596.433	16.62
596.624	17.41
596.815	17.46
597.006	16.88
597.197	17.44
597.388	17.09
597.579	16.72
597.77	17.08
597.96	17.28
598.151	17.52
598.342	16.89
598.533	17.26
598.724	17.89
598.915	16.96
599.105	16.86
599.296	17.43
599.487	16.87
599.678	17.59
599.868	17.54
600.059	17.46
600.25	17.71
600.44	17.64
600.631	17.54
600.822	18.07
601.012	17.45
601.203	17.43
601.394	17.7
601.584	17.54
601.775	17.6
601.965	17.29
602.156	17.45
602.346	17.95
602.537	17.65
602.727	17.59
602.918	18.18
603.108	18.08
603.299	17.34
603.489	18.26
603.679	17.98
603.87	18.22
604.06	18.28
604.251	17.4
604.441	18.16
604.631	17.67
604.822	17.69
605.012	17.59
605.202	18.1
605.392	17.26
605.583	17.53
605.773	17.88
605.963	18.5
606.153	17.55
606.344	17.92
606.534	18.12
606.724	18.32
606.914	17.73
607.104	17.85
607.294	18.36
607.484	17.98
607.674	18
607.864	18.09
608.054	18.45
608.245	18.1
608.435	17.97
608.625	18.57
608.814	17.7
609.004	17.5
609.194	17.73
609.384	18.3
609.574	17.97
609.764	17.53
609.954	17.62
610.144	17.9
610.334	18
610.524	18.88
610.713	18.06
610.903	17.72
611.093	17.88
611.283	18.1
611.473	17.4
611.662	18.51
611.852	17.95
612.042	17.25
612.231	17.95
612.421	18.49
612.611	17.87
612.8	18.7
612.99	18.11
613.18	17.95
613.369	18.31
613.559	18.57
613.748	17.87
613.938	18.47
614.128	18.09
614.317	18.28
614.507	18.03
614.696	17.54
614.886	18.19
615.075	17.78
615.264	18
615.454	18.54
615.643	17.71
615.833	17.16
616.022	18.2
616.211	18.95
616.401	17.96
616.59	18.15
616.779	17.93
616.969	18.52
617.158	17.34
617.347	18.22
617.537	19
617.726	18.34
617.915	18
618.104	18.07
618.293	18.1
618.483	18.02
618.672	18.52
618.861	17.84
619.05	18.5
619.239	17.92
619.428	17.75
619.617	18.87
619.806	18.11
619.995	18.2
620.184	18.27
620.373	17.82
620.562	17.97
620.751	17
620.94	17.85
621.129	17.78
621.318	17.63
621.507	18.22
621.696	17.86
621.885	17.72
622.074	18.22
622.263	18.03
622.452	19.03
622.64	17.63
622.829	17.88
623.018	18.89
623.207	17.76
623.396	18.45
623.584	17.86
623.773	18.29
623.962	18.26
624.15	18.93
624.339	18.6
624.528	17.53
624.716	19.05
624.905	18.35
625.094	18.76
625.282	18.45
625.471	18.01
625.659	18.08
625.848	18.19
626.037	18.2
626.225	18.39
626.414	18.18
626.602	18.59
626.791	18.73
626.979	18.48
627.167	18.94
627.356	18.85
627.544	19.1
627.733	18.76
627.921	18.96
628.109	18.49
628.298	19.51
628.486	18.3
628.674	19
628.863	18.14
629.051	18.92
629.239	19.1
629.428	17.93
629.616	18.86
629.804	19.18
629.992	19.42
630.18	19.31
630.369	19.11
630.557	19.67
630.745	18.29
630.933	19.02
631.121	19.03
631.309	19.05
631.497	19.1
631.685	18.27
631.873	19.34
632.061	18.84
632.249	19.51
632.437	19.57
632.625	19.3
632.813	18.92
633.001	19.03
633.189	19.22
633.377	20.06
633.565	18.26
633.753	19.42
633.941	19.03
634.129	19.33
634.316	19.01
634.504	19.73
634.692	19.72
634.88	18.49
635.068	18.51
635.255	19.18
635.443	19.7
635.631	18.89
635.818	19.2
636.006	18.76
636.194	18.11
636.382	18.77
636.569	18.92
636.757	19.42
636.944	19.49
637.132	18.16
637.32	18.53
637.507	18.67
637.695	18.91
637.882	19.21
638.07	19.06
638.257	18.54
638.445	19
638.632	18.54
638.82	17.55
639.007	18.75
639.194	18.39
639.382	18.92
639.569	19.33
639.757	19.62
639.944	17.35
640.131	18.2
640.319	18.84
640.506	19.24
640.693	20.1
640.88	18.64
641.068	18.91
641.255	18.67
641.442	19.77
641.629	17.46
641.817	18.81
642.004	18.79
642.191	19.08
642.378	19.75
642.565	19.34
642.752	19.22
642.939	18.02
643.126	18.38
643.313	18.47
643.501	19.17
643.688	18.71
643.875	18.69
644.062	17.69
644.249	16.24
644.435	18.19
644.622	17.37
644.809	18.88
644.996	18.52
645.183	17.58
645.37	19.03
645.557	18.99
645.744	16.82
645.931	16.84
646.117	15.3
646.304	17.32
646.491	17.59
646.678	17.56
646.865	17.02
647.051	18.29
647.238	17.77
647.425	17.49
647.611	18.06
647.798	18.12
647.985	18.08
648.171	18.21
648.358	16.87
648.545	18.1
648.731	17
648.918	17.43
649.104	16.54
649.291	17.56
649.477	17.79
649.664	16.97
649.85	16.59
650.037	17.5
650.223	17.16
650.41	17.58
650.596	15.65
650.783	17.6
650.969	17.72
651.155	17.93
651.342	15.9
651.528	18.12
651.714	18.54
651.901	17.17
652.087	16.85
652.273	16.62
652.46	16.67
652.646	17.29
652.832	17.62
653.018	16.37
653.204	18
653.391	18.34
653.577	16.37
653.763	17.12
653.949	17.07
654.135	17.14
654.321	16.35
654.507	17.44
654.693	16.42
654.879	17.04
655.065	17.44
655.252	16.21
655.438	16
655.624	16.96
655.809	16.33
655.995	15.56
656.181	16.15
656.367	16.92
656.553	17.83
656.739	16.36
656.925	18.78
657.111	17.71
657.297	18.85
657.482	16.38
657.668	17.46
657.854	16.62
658.04	14.88
658.226	15.01
658.411	17.09
658.597	17.37
658.783	16.72
658.968	17.68
659.154	15.57
659.34	16.7
659.525	15.59
659.711	16.9
659.897	16.11
660.082	16.12
660.268	16.09
660.453	16
660.639	15.28
660.824	16.81
661.01	16.83
661.195	17.31
661.381	14.29
661.566	16.05
661.752	16.07
661.937	14.66
662.123	15.5
662.308	14.65
662.494	15.45
662.679	15.6
662.864	16.45
663.05	16.06
663.235	15.3
663.42	12.81
663.605	14.42
663.791	16.14
663.976	14.48
664.161	16.33
664.346	13.4
664.532	14.46
664.717	15.78
664.902	16
665.087	16.54
665.272	15.91
665.457	14.67
665.642	13.55
665.828	15.92
666.013	15.54
666.198	12.25
666.383	13.55
666.568	13.11
666.753	16.04
666.938	14.12
667.123	16.28
667.308	14.55
667.493	14.72
667.677	12.75
667.862	14.97
668.047	14.78
668.232	14.81
668.417	15.27
668.602	14.9
668.787	16.71
668.971	14.67
669.156	17.05
669.341	13.03
669.526	15.47
669.711	17
669.895	15.76
670.08	14.3
670.265	15.69
670.449	14.56
670.634	16.84
670.819	13.34
671.003	15.67
671.188	15.16
671.372	13.63
671.557	16.13
671.742	16.56
671.926	15.1
672.111	15.3
672.295	14.4
672.48	13.88
672.664	17.23
672.849	13.7
673.033	13.32
673.217	14.51
673.402	14.03
673.586	14.78
673.771	17.63
673.955	14.74
674.139	17.74
674.324	15.2
674.508	16.62
674.692	15.06
674.876	15.58
675.061	16.49
675.245	17.25
675.429	16.93
675.613	16.92
675.798	18.7
675.982	18.13
676.166	18.3
676.35	17.47
676.534	17.46
676.718	17.08
676.902	19.92
677.087	16.05
677.271	20.17
677.455	19.94
677.639	15.55
677.823	18.41
678.007	20.9
678.191	19.66
678.375	19.81
678.559	20.65
678.742	18.36
678.926	21.18
679.11	22.63
679.294	20.48
679.478	18.51
679.662	20.73
679.846	24.29
680.029	20.7
680.213	23.4
680.397	21.01
680.581	22.5
680.765	24.89
680.948	21.97
681.132	23.73
681.316	22.27
681.499	24.54
681.683	22.9
681.867	23.21
682.05	23.57
682.234	23.31
682.417	25.62
682.601	28.17
682.785	25.33
682.968	25.37
683.152	26.83
683.335	24.7
683.519	26.69
683.702	26.3
683.886	29.57
684.069	25.76
684.253	25.36
684.436	30.41
684.619	26.67
684.803	27.71
684.986	24.94
685.169	27.89
685.353	27.47
685.536	27.69
685.719	30.94
685.903	26.55
686.086	26.73
686.269	32.23
686.452	30.37
686.636	32.04
686.819	29.35
687.002	32.63
687.185	33.69
687.368	31.19
687.551	28.18
687.734	32.89
687.918	31.24
688.101	31.58
688.284	31.92
688.467	34.01
688.65	32.24
688.833	31.35
689.016	31.73
689.199	31.73
689.382	31.48
689.565	34.43
689.748	30.94
689.93	29.92
690.113	34.41
690.296	29.71
690.479	34.69
690.662	33.2
690.845	33.52
691.028	31.04
691.21	34.93
691.393	36.28
691.576	32.9
691.759	35.2
691.941	36.26
692.124	36.16
692.307	30.01
692.489	28.82
692.672	32.56
692.855	34.39
693.037	39.04
693.22	39.23
693.403	34.1
693.585	38.78
693.768	36.14
693.95	37.26
694.133	38.88
694.315	37.94
694.498	36.14
694.68	35.13
694.863	46.2
695.045	38.95
695.228	40.47
695.41	35.51
695.592	43.09
695.775	43.7
695.957	36.48
696.139	39.84
696.322	40.31
696.504	43.06
696.686	37.64
696.869	35.9
697.051	37.85
697.233	45.64
697.415	39.04
697.597	33.15
697.78	41.19
697.962	36.78
698.144	38.6
698.326	45.41
698.508	42.65
698.69	40.36
698.872	40.37
699.055	38.51
699.237	39.2
699.419	40.48
699.601	41.33
699.783	41.41
699.965	43.11
700.147	42.37
700.329	42.92
700.51	39.05
700.692	41.89
700.874	39.54
701.056	42.87
701.238	41.25
701.42	44.94
701.602	50.33
701.783	41.61
701.965	35.28
702.147	45.94
702.329	42.65
702.511	43.69
702.692	41.97
702.874	42.43
703.056	39.88
703.237	45.57
703.419	41.74
703.601	47.63
703.782	46.09
703.964	38.05
704.146	43.21
704.327	44.13
704.509	46.5
704.69	42.3
704.872	39.14
705.053	47.71
705.235	39.8
705.416	42.97
705.598	41.92
705.779	38.81
705.961	50.46
706.142	43.92
706.323	52.56
706.505	41.55
706.686	45.35
706.867	47.43
707.049	49.87
707.23	45.73
707.411	48.76
707.593	41.61
707.774	45.65
707.955	37.82
708.136	38.48
708.318	49.42
708.499	47.59
708.68	36.91
708.861	49.81
709.042	42.55
709.223	48.94
709.404	43.32
709.585	45.31
709.767	50.3
709.948	48.27
710.129	51.6
710.31	46.02
710.491	46.84
710.672	47.35
710.853	45.25
711.034	47.77
711.214	43.23
711.395	47.33
711.576	50.19
711.757	43.68
711.938	50.53
712.119	45.24
712.3	50.76
712.481	42.4
712.661	43.24
712.842	49.03
713.023	53
713.204	47.18
713.384	48.06
713.565	48
713.746	44.3
713.926	48.82
714.107	49.54
714.288	46.09
714.468	48.92
714.649	51.56
714.83	42.88
715.01	61.7
715.191	45.97
715.371	50.26
715.552	50.34
715.732	44.84
715.913	57.74
716.093	52.56
716.274	51.22
716.454	55.7
716.635	47.21
716.815	54.81
716.995	29.32
717.176	55.72
717.356	47.15
717.536	44.56
717.717	46.55
717.897	35.98
718.077	54.64
718.258	39.64
718.438	51.75
718.618	61.89
718.798	42.3
718.978	51.86
719.159	47.39
719.339	55.57
719.519	54.06
719.699	59.76
719.879	45.21
720.059	50.62
720.239	37.82
720.419	61.92
720.599	47.19
720.779	68.76
720.959	41.71
721.139	49.78
721.319	48.31
721.499	56.63
721.679	41.14
721.859	45.38
722.039	47.75
722.219	52.07
722.399	32.55
722.579	44.2
722.759	44.71
722.938	41.65
723.118	58.22
723.298	51.04
723.478	46.58
723.658	76.58
723.837	50.18
724.017	47.36
724.197	41.71
724.376	64.43
724.556	40.6
724.736	54.41
724.915	40.48
725.095	54.43
725.275	63.44
725.454	50.72
725.634	55.31
725.813	55.62
725.993	57.83
726.172	53.99
726.352	48.01
726.531	52.01
726.711	56.34
726.89	48.8
727.07	60.91
727.249	60.2
727.428	63.81
727.608	52.24
727.787	53.18
727.966	57.82
728.146	46.02
728.325	69.16
728.504	45.84
728.684	52.29
728.863	58.1
729.042	31.6
729.221	39.8
729.4	58.46
729.58	53.93
729.759	75.19
729.938	58.36
730.117	61.9
730.296	46.76
730.475	35.23
730.654	48.52
730.833	65.21
731.013	64.68
731.192	37.96
731.371	52.6
731.55	46.52
731.729	50.47
731.907	57.41
732.086	58.06
732.265	41.08
732.444	51.56
732.623	49.25
732.802	46.02
732.981	40.63
733.16	78.09
733.339	56.06
733.517	52.67
733.696	64.95
733.875	54.04
734.054	45.51
734.232	47.61
734.411	59.35
734.59	26.79
734.768	49.89
734.947	54.93
735.126	35.79
735.304	58.14
735.483	33.75
735.662	43.7
735.84	58.54
736.019	48.61
736.197	42.5
736.376	60.05
736.554	62.19
736.733	68.96
736.911	71.87
737.09	56.81
737.268	28.74
737.447	74.8
737.625	62.94
737.803	63.66
737.982	69.2
738.16	53.07
738.338	55.29
738.517	45.58
738.695	65.25
738.873	70.26
739.052	51.08
739.23	15.2
739.408	66.96
739.586	48.45
739.764	45.67
739.943	78.16
740.121	59.6
740.299	44.79
740.477	48.21
740.655	71.28
740.833	64.8
741.011	76.12
741.189	63.51
741.367	52.43
741.545	25.87
741.723	38.15
741.901	48.31
742.079	91.01
742.257	40.84
742.435	50.59
742.613	52.32
742.791	67.92
742.969	48.82
743.147	50.92
743.325	75.58
743.503	63.51
743.68	67.2
743.858	87.49
744.036	38.06
744.214	44.61
744.391	22.16
744.569	20.99
744.747	52.62
744.925	82.97
745.102	59.96
745.28	32.66
745.458	83.98
745.635	58.67
745.813	74.42
745.99	57.96
746.168	53.82
746.345	135.76
746.523	36.98
746.7	28.01
746.878	52.09
747.055	59.24
747.233	68.84
747.41	78.45
747.588	37.97
747.765	58.38
747.943	41.11
748.12	23.44
748.297	44.59
748.475	35.36
748.652	60.12
748.829	48.53
749.007	30.07
749.184	50.14
749.361	56.07
749.538	54.47
749.716	66.09
749.893	74.47
750.07	42.15
750.247	44.99
750.424	50.71
750.601	79.34
750.778	106.91
750.956	22.4
751.133	31.12
751.31	77.3
751.487	58.14
751.664	37.53
751.841	52.95
752.018	39.18
752.195	37.65
752.372	66.31
752.549	17.14
752.726	56.7
752.902	79.73
753.079	64.02
753.256	90.53
753.433	45.68
753.61	47.99
753.787	46.85
753.964	68.73
754.14	-3.45
754.317	80.52
754.494	43.81
754.671	63.88
754.847	28.6
755.024	88.97
755.201	42.71
755.377	43.38
755.554	41.57
755.73	31.81
755.907	95.86
756.084	46.15
756.26	30.22
756.437	28.61
756.613	69.38
756.79	39.11
756.966	48.73
757.143	27.92
757.319	30.62
757.496	68.63
757.672	47.95
757.849	77.47
758.025	6.4
758.201	114.97
758.378	25.83
758.554	13.8
758.73	71.01
758.907	51.06
759.083	30.45
759.259	81.55
759.435	43.75
759.612	26.83
759.788	79.13
759.964	43.09
760.14	83.22
760.316	-32.71
760.493	65.39
760.669	88.03
760.845	50.32
761.021	83.37
761.197	30.46
761.373	41.48
761.549	50.59
761.725	8.71
761.901	45.68
762.077	60.1
762.253	23.06
762.429	89.79
762.605	29.48
762.781	24.88
762.957	46.49
763.133	61.8
763.308	44.17
763.484	71.51
763.66	124.62
763.836	57.84
764.012	16.79
764.187	30.48
764.363	111.64
764.539	15.56
764.715	30.28
764.89	0.68
765.066	57.59
765.242	45.4
765.417	10.66
765.593	32.48
765.769	60.21
765.944	46.15
766.12	51.62
766.295	34
766.471	32.73
766.646	30.94
766.822	106.26
766.997	3.49
767.173	58.6
767.348	42.44
767.524	-5.38
767.699	34.71
767.875	51.96
768.05	13.13
768.225	26.92
768.401	58.12
768.576	42.79
768.751	6.86
768.927	-41.68
769.102	56.72
769.277	79.47
769.452	49.56
769.628	56.52
769.803	102.26
769.978	33.26
770.153	44.21
770.328	63.8
770.503	58.6
770.679	10.82
770.854	11.29
771.029	59.01
771.204	-218.54
771.379	8.49
771.554	-12.13
771.729	-9.76
771.904	-1.07
772.079	49.49
772.254	117.17
772.429	131.35
772.604	-8.47
772.779	121.58
772.953	82.38
773.128	30.03
773.303	-16.75
773.478	53.49
773.653	18.03
773.828	55.21
774.002	63.76
774.177	-27.86
774.352	-120
774.527	55.13
774.701	31.68
774.876	69.63
775.051	-41.71
775.225	118.15
775.4	-17.63
775.575	62.14
775.749	77.38
775.924	75.13
776.098	65.39
776.273	33.29
776.447	48.62
776.622	-34.77
776.796	-41.34
776.971	41.65
777.145	-4.57
777.32	81.05
777.494	89.86
777.669	32.21
777.843	52.77
778.017	63
778.192	56.46
778.366	-10.08
778.54	80.75
778.715	-22.62
778.889	55.09
779.063	32.13
779.237	65.15
779.412	28.21
779.586	55.09
779.76	6.64
779.934	-3.4
780.108	24.38
780.282	-779.1
780.457	27.14
780.631	29.74
780.805	34.05
780.979	134.33
781.153	81.33
781.327	21.31
781.501	11.29
781.675	43.73
781.849	-6.56
782.023	136.52
782.197	54.87
782.371	-140.57
782.545	-158.28
782.718	-95.41
782.892	63.33
783.066	57.18
783.24	259.92
783.414	-0.56
783.588	163.86
783.761	-16.77
783.935	39.64
784.109	5.04
784.283	349.57
784.456	184.83
784.63	112.4
784.804	85.51
784.977	46.15
785.151	-7.85
785.324	-4.34
785.498	-82.65
785.672	-12.85
785.845	48.81
786.019	-14.22
786.192	123.18
786.366	-5.59
786.539	-103.73
786.713	44.14
786.886	51.4
787.06	-1.81
787.233	-39.64
787.406	-15.62
787.58	12.04
787.753	105.54
787.926	100.37
788.1	312.88
788.273	-305.66
788.446	-33.21
788.62	-1025.81
788.793	102.2
788.966	112.58
789.139	62.54
789.313	-67.03
789.486	4542.86
789.659	161.14
789.832	25.13
790.005	141.13
790.178	90.27
790.351	-7.68
790.524	87.46
790.697	64.01
790.87	106.6
791.044	600
791.216	67.39
791.389	-48.13
791.562	132.76
791.735	-417.72
791.908	381.82
792.081	38.58
792.254	59.34
792.427	-20.07
792.6	-138.19
792.773	31.66
792.945	-707.46
793.118	67
793.291	-191.21
793.464	-79.15
793.637	-92.02
793.809	109.2
793.982	19.63
794.155	136.57
794.327	125.78
794.5	636.92
794.673	221.05
794.845	-44.36
795.018	-21.32
795.19	6.74
795.363	96.67
795.536	33.26
795.708	-677.42
795.881	1080
796.053	99.79
796.226	291.43
796.398	50.9
796.57	58.32
796.743	-78.72
796.915	-26.09
797.088	7.29
797.26	-61.42
797.432	767.09
797.605	221.39
797.777	-225.97
797.949	2.32
798.122	12.77
798.294	201.79
798.466	44.57
798.638	-84.64
798.81	153.8
798.983	630.38
799.155	140.83
799.327	-91.08
799.499	56.52
799.671	-23.32
799.843	38.75
800.015	-7
800.187	8.22
800.359	81.15
800.531	18.56
800.703	33.29
800.875	146.26
801.047	48.05
801.219	129.01
801.391	366.23
801.563	-185.61
801.735	13.68
801.907	217.18
802.079	88.96
802.251	-402.2
802.422	-33.07
802.594	132.47
802.766	-24.62
802.938	78.03
803.11	213.06
803.281	99.34
803.453	13.27
803.625	54.86
803.796	4.66
803.968	35.86
804.14	-46.74
804.311	37.14
804.483	120
804.654	40.12
804.826	235.11
804.998	-48.13
805.169	-206.18
805.341	398.4
805.512	-108.07
805.684	114.58
805.855	45.14
806.026	1596.92
806.198	548.47
806.369	-39.25
806.541	20.98
806.712	76.21
806.883	99.73
807.055	106.54
807.226	121.39
807.397	-309.89
807.569	132.74
807.74	31.58
807.911	12.24
808.082	-24.22
808.253	17.82
808.425	114.24
808.596	357.3
808.767	487.77
808.938	-68.85
809.109	243.56
809.28	-241.71
809.451	80.79
809.622	-253.48
809.793	-1451.61
809.964	-109.57
810.135	-128.14
810.306	107.51
810.477	446.98
810.648	43.74
810.819	42.45
810.99	2760
811.161	-33.46
811.332	288.65
811.503	31.26
811.674	101.54
811.844	-507.69
812.015	74.41
812.186	187.73
812.357	-48.93
812.527	26.28
812.698	-7.67
812.869	509.43
813.04	-4.1
813.21	-20.69
813.381	16.34
813.551	-106.48
813.722	60.3
813.893	6.53
814.063	-25.31
814.234	-163.64
814.404	125.7
814.575	6.1
814.745	-504.42
814.916	57.79
815.086	21.47
815.257	174.89
815.427	121.47
815.598	39.91
815.768	85.01
815.938	24.12
816.109	143.32
816.279	76.86
816.449	85.2
816.62	-284.21
816.79	138.46
816.96	-328.3
817.13	54.09
817.301	-82.23
817.471	16.86
817.641	-55.21
817.811	-91.97
817.981	257.14
818.152	-42.65
818.322	267.33
818.492	57.73
818.662	27.56
818.832	98.77
819.002	-16.1
819.172	348.04
819.342	301.73
819.512	63.34
819.682	86.53
819.852	-12.85
820.022	99.78
820.192	-384.27
820.362	-49.22
820.531	9.77
820.701	-19.24
820.871	172.88
821.041	95.02
821.211	-1.15
821.381	43.39
821.55	-17.87
821.72	-1186.05
821.89	-360
822.059	112.58
822.229	33.89
822.399	234.08
822.568	129.78
822.738	658.54
822.908	69.94
823.077	-81.92
823.247	12.38
823.416	-1305.88
823.586	-125.13
823.756	49.01
823.925	7.59
824.095	1102.33
824.264	-255.61
824.433	47.79
824.603	147.99
824.772	-14.71
824.942	-250.63
825.111	-370.85
825.28	-55.9
825.45	-286.96
825.619	316.77
825.788	384.27
825.958	69.98
826.127	88.4
826.296	177.85
826.465	38.12
826.635	164.95
826.804	145.5
826.973	77.49
827.142	53.62
827.311	44.3
827.48	46.74
827.649	95.92
827.818	401.57
827.988	43.2
828.157	-5.64
828.326	-84.35
828.495	39.09
828.664	151.75
828.833	150.53
829.002	33.54
829.17	-84.56
829.339	63.32
829.508	17
829.677	-397.75
829.846	-10.39
830.015	32.11
830.184	49.26
830.352	5.86
830.521	-99.28
830.69	160.98
830.859	811.76
831.027	1105.26
831.196	78.07
831.365	-32.57
831.533	7.28
831.702	-133.6
831.871	-21.69
832.039	-120.7
832.208	-266.09
832.377	-278.74
832.545	35.48
832.714	44.47
832.882	10.49
833.051	83.69
833.219	-771.43
833.388	51.3
833.556	-12.24
833.724	175.97
833.893	22.85
834.061	-1294.74
834.23	-136.27
834.398	-25.48
834.566	-7.79
834.735	3171.43
834.903	192.45
835.071	-2760
835.239	-123.93
835.408	127.69
835.576	-572.09
835.744	36.41
835.912	49.26
836.08	77.09
836.249	894.34
836.417	535.83
836.585	128.7
836.753	135.69
836.921	-55.14
837.089	-6600
837.257	-1186.05
837.425	7.66
837.593	4.49
837.761	-26.7
837.929	-29.32
838.097	-6.41
838.265	125.58
838.433	64.92
838.601	4.77
838.769	493.67
838.936	316.85
839.104	96.46
839.272	6.41
839.44	51.32
839.608	-629.27
839.775	-5.74
839.943	-9.57
840.111	115.51
840.279	32.65
840.446	-62.69
840.614	-444.16
840.781	-151.3
840.949	33.77
841.117	19
841.284	-43.78
841.452	-48.45
841.619	6.55
841.787	77.49
841.954	-627.91
842.122	-197.69
842.289	11.32
842.457	137.68
842.624	56.04
842.792	-74.45
842.959	-78.86
843.126	62.54
843.294	-100.3
843.461	19.94
843.629	14.4
843.796	3.89
843.963	-109.73
844.13	126.76
844.298	48.65
844.465	12.24
844.632	324.22
844.799	57.29
844.966	-28.09
845.134	38.08
845.301	-73.74
845.468	51.66
845.635	61.48
845.802	48.51
845.969	59.85
846.136	13.23
846.303	94.74
846.47	99.87
846.637	27.69
846.804	-284.21
846.971	37.38
847.138	-6.95
847.305	-249.56
847.472	155.02
847.639	60.42
847.805	42.97
847.972	-7.79
848.139	167.38
848.306	-726.32
848.473	331.34
848.639	5.04
848.806	139.2
848.973	30.98
849.14	123.03
849.306	72.65
849.473	-178.81
849.64	323.08
849.806	66.03
849.973	262.7
850.139	115.23
850.306	19.06
850.472	95.2
850.639	9.84
850.806	-157.89
850.972	-213.91
851.139	428.57
851.305	82.41
851.471	91.81
851.638	-84.66
851.804	-761.19
851.971	-49.22
852.137	-44.91
852.303	33.19
852.47	-2.85
852.636	146.41
852.802	23.62
852.968	222.13
853.135	3.05
853.301	-350.29
853.467	123.93
853.633	20.39
853.8	94.33
853.966	-130.96
854.132	5742.86
854.298	118.25
854.464	316.85
854.63	51.43
854.796	91.53
854.962	142.45
855.128	141.82
855.294	16.08
855.46	-107.33
855.626	-10.42
855.792	-173.75
855.958	-133.98
856.124	-143.56
856.29	-91.39
856.456	-26.27
856.622	22.98
856.787	896.1
856.953	97.42
857.119	778.22
857.285	99.53
857.45	95.41
857.616	121.85
857.782	-124.3
857.948	9.4
858.113	30.72
858.279	197.97
858.445	222.05
858.61	265.12
858.776	235.63
858.941	89.11
859.107	17.5
859.273	-38.12
859.438	-121.77
859.604	1231.58
859.769	297.64
859.935	-89.11
860.1	131.39
860.265	70.4
860.431	-384.17
860.596	-771.43
860.762	-1.75
860.927	18.7
861.092	25.87
861.258	-59.49
861.423	173.75
861.588	75.93
861.753	257.14
861.919	283.02
862.084	-240.94
862.249	262.37
862.414	202.73
862.579	94.42
862.745	174.43
862.91	-86.35
863.075	-142.67
863.24	104.91
863.405	-39.2
863.57	119.22
863.735	78.42
863.9	-270.8
864.065	89.17
864.23	64.91
864.395	249.82
864.56	-12.69
864.725	827.85
864.89	303.37
865.055	104.83
865.22	71.67
865.384	-47.19
865.549	-75.73
865.714	74.47
865.879	92.46
866.044	-72.79
866.208	28.29
866.373	-389.01
866.538	105.39
866.702	-49.18
866.867	47.45
867.032	9.88
867.196	31.58
867.361	398.4
867.526	-203.43
867.69	96.99
867.855	362.64
868.019	687.27
868.184	-11.8
868.348	10.24
868.513	290.32
868.677	142.41
868.842	74.2
869.006	90.08
869.17	-509.43
869.335	-512.2
869.499	-343.69
869.663	67.55
869.828	-133.6
869.992	1102.33
870.156	-6.3
870.321	146.04
870.485	1.33
870.649	7.92
870.813	-267.9
870.978	165.96
871.142	-156.92
871.306	-25.59
871.47	486.13
871.634	184.25
871.798	33.54
871.962	91.57
872.126	-8314.29
872.29	-71.19
872.454	1285.71
872.618	175.12
872.782	116.42
872.946	165.1
873.11	3.02
873.274	405.78
873.438	-1729.41
873.602	-36.41
873.766	755.84
873.93	-64.11
874.094	182.02
874.257	65.25
874.421	384.97
874.585	-360
874.749	-25.18
874.912	-176.98
875.076	28.29
875.24	53.11
875.403	280.55
875.567	85.71
875.731	-47.19
875.894	26.94
876.058	244.02
876.222	141.57
876.385	69.35
876.549	77.27
876.712	534.55
876.876	-153.04
877.039	-90.35
877.203	82.9
877.366	30.35
877.529	-91.17
877.693	22.85
877.856	251.51
878.02	-13.55
878.183	-50.78
878.346	-85.71
878.51	-111.5
878.673	-90.65
878.836	134.38
878.999	-1877.42
879.163	102.58
879.326	26.09
879.489	27.79
879.652	30.61
879.815	94.92
879.978	115.1
880.142	52.35
880.305	204.97
880.468	88.19
880.631	4.77
880.794	-1.3
880.957	-73.17
881.12	-2223.53
881.283	83.41
881.446	64.72
881.609	220.14
881.772	142.67
881.935	1023.53
882.097	108.95
882.26	486.79
882.423	27.14
882.586	241.33
882.749	71.72
882.912	158.28
883.074	103.9
883.237	95.01
883.4	68.44
883.562	87.71
883.725	52.8
883.888	325.98
884.05	-1320
884.213	7.44
884.376	114.24
884.538	85.42
884.701	85.42
884.863	85.42
