181.954	93.93
182.172	93.93
182.39	93.93
182.608	1120
182.826	479.12
183.043	-192.34
183.261	141.69
183.479	157.18
183.697	1035.29
183.914	132.79
184.132	226.74
184.35	254.71
184.567	112.68
184.785	463.72
185.003	-28.79
185.22	-58.37
185.438	153.55
185.656	-46.23
185.873	-689.23
186.091	33.5
186.309	1186.21
186.526	139.37
186.744	-55.84
186.961	11.85
187.179	30.33
187.396	-52.01
187.614	-578.46
187.831	-3920
188.049	-152.15
188.266	0.55
188.484	256.72
188.701	132.04
188.919	46.5
189.136	115.71
189.354	80.31
189.571	-123.22
189.789	152.55
190.006	80.13
190.223	-183.78
190.441	110.29
190.658	2971.43
190.876	71.1
191.093	-391.21
191.31	10.63
191.528	48.71
191.745	82.57
191.962	131.38
192.179	211.15
192.397	-105.26
192.614	269.26
192.831	3.64
193.049	12.04
193.266	108.74
193.483	-20.09
193.7	-116.92
193.917	132.36
194.135	425.9
194.352	-128.19
194.569	74
194.786	184.88
195.003	48.71
195.221	53.16
195.438	149.82
195.655	68.34
195.872	-10.85
196.089	-28.72
196.306	21.05
196.523	65.2
196.74	120.82
196.957	74.11
197.174	4.06
197.391	-1.57
197.608	52.03
197.825	-645.16
198.042	-90.65
198.259	-2372.41
198.476	162.92
198.693	-4400
198.91	13.73
199.127	-298.51
199.344	1.62
199.561	212.72
199.778	8.49
199.995	471.64
200.212	689.66
200.429	189.57
200.646	430.38
200.862	103.37
201.079	-6.84
201.296	90.07
201.513	3.88
201.73	-135.79
201.947	111.17
202.163	84.97
202.38	226.59
202.597	149.73
202.814	-6.78
203.03	-4400
203.247	-76.38
203.464	39.77
203.681	-114.29
203.897	200.53
204.114	603.77
204.331	119.66
204.547	-325.58
204.764	143.33
204.981	-3200
205.197	103.83
205.414	59.89
205.63	1144.83
205.847	110.55
206.064	-36.36
206.28	76.29
206.497	-64.52
206.713	80.16
206.93	82.43
207.146	137.88
207.363	418.46
207.579	-443.96
207.796	293.81
208.012	-116.16
208.229	77.61
208.445	-64.31
208.662	95.46
208.878	122.68
209.095	2588.24
209.311	-24.34
209.528	4000
209.744	-49.42
209.96	10.6
210.177	458.25
210.393	60.65
210.609	2560
210.826	-203.68
211.042	86.96
211.258	-83.58
211.475	2.14
211.691	17.72
211.907	-329.11
212.124	-16.51
212.34	-4.57
212.556	-21.55
212.772	-457.14
212.989	105.96
213.205	50.18
213.421	-100.5
213.637	-352.24
213.853	-20.23
214.069	21.05
214.286	53.64
214.502	-191.04
214.718	-96.55
214.934	219.83
215.15	179.67
215.366	100.77
215.582	120.14
215.798	30.68
216.015	38.88
216.231	-203.24
216.447	113.14
216.663	6.95
216.879	86.43
217.095	206.71
217.311	-845.28
217.527	156.79
217.743	201.94
217.959	-1184.91
218.175	-24.47
218.391	227.34
218.606	29.71
218.822	24.35
219.038	53.48
219.254	51.37
219.47	-31.76
219.686	332.58
219.902	93.93
220.118	20.7
220.334	61.93
220.549	95.32
220.765	158.84
220.981	-52.96
221.197	-19.66
221.413	-206.59
221.628	35.44
221.844	1667.92
222.06	3.88
222.276	8.92
222.491	13.31
222.707	179.67
222.923	-413.42
223.139	26.07
223.354	15.88
223.57	116.54
223.786	62.78
224.001	80.31
224.217	57.14
224.432	-2.31
224.648	143.41
224.864	-4.82
225.079	435.82
225.295	-25.81
225.51	205.41
225.726	-42.54
225.942	114.11
226.157	13.62
226.373	-64.68
226.588	71.58
226.804	-2568.42
227.019	201.01
227.235	51.44
227.45	48.42
227.665	4720
227.881	-44.09
228.096	-226.09
228.312	0.99
228.527	129.09
228.743	-141.71
228.958	-44.31
229.173	566.96
229.389	-41.22
229.604	126.24
229.819	167.85
230.035	-36.75
230.25	-16.33
230.465	-18.72
230.681	79.48
230.896	-14.95
231.111	54.41
231.327	107.92
231.542	-6800
231.757	136.8
231.972	-134.28
232.187	-136.17
232.403	-863.16
232.618	-75.93
232.833	83.35
233.048	334.55
233.263	-35.95
233.478	-518.26
233.694	-325.58
233.909	-25.81
234.124	10.34
234.339	-6.26
234.554	-96.55
234.769	22.66
234.984	-57.4
235.199	47.17
235.414	-130.97
235.629	-465.82
235.844	-63.69
236.059	29.51
236.274	-71.3
236.489	-100.31
236.704	64.89
236.919	36.15
237.134	67.49
237.349	69.21
237.564	81.39
237.779	-93.93
237.994	-39.15
238.209	147.07
238.424	-262.58
238.639	64.07
238.853	44.58
239.068	80.97
239.283	73.72
239.498	111.87
239.713	70.84
239.928	39.41
240.142	-82.3
240.357	-2.18
240.572	-69.86
240.787	30.52
241.001	-49.36
241.216	-23.81
241.431	224.91
241.646	85.16
241.86	-299.55
242.075	-1246.51
242.29	-44.36
242.504	-33.54
242.719	541.61
242.934	3.15
243.148	102.05
243.363	-7.29
243.577	-301.12
243.792	103.64
244.007	130.69
244.221	-192.21
244.436	-208.96
244.65	164.42
244.865	58.77
245.079	190.13
245.294	-195.68
245.508	63.25
245.723	68.73
245.937	-21.98
246.152	-26.28
246.366	124.19
246.581	28.62
246.795	-93.25
247.01	-40.11
247.224	-43.51
247.438	-80.56
247.653	32.72
247.867	51.83
248.081	52.57
248.296	546.34
248.51	65.32
248.724	81.43
248.939	382.09
249.153	-109.39
249.367	-30.37
249.582	-21.8
249.796	-192.21
250.01	-299.34
250.224	-28.43
250.439	-66.48
250.653	122.8
250.867	54.2
251.081	-26.54
251.295	11.82
251.51	6.81
251.724	-14.39
251.938	159.11
252.152	-274.45
252.366	4.84
252.58	-36.36
252.794	-23.82
253.008	368.21
253.223	51.44
253.437	178.06
253.651	4.66
253.865	87.95
254.079	-63.48
254.293	56.11
254.507	-232.73
254.721	39.7
254.935	254.95
255.149	148.84
255.363	97.87
255.577	287.25
255.791	164.07
256.005	260.12
256.218	-31.78
256.432	7.16
256.646	97.43
256.86	72.11
257.074	82.41
257.288	-5120
257.502	-351.65
257.716	-29.58
257.929	117.22
258.143	78.05
258.357	-7.07
258.571	90.04
258.785	-28.78
258.998	36.77
259.212	134.49
259.426	77.13
259.64	204.12
259.853	-32.6
260.067	99.3
260.281	108.41
260.494	70.36
260.708	31.68
260.922	-11.5
261.135	80.8
261.349	-65.88
261.563	41.45
261.776	-447.06
261.99	11.21
262.203	38.51
262.417	-130.04
262.63	-6.78
262.844	278.65
263.058	155.93
263.271	50.63
263.485	62.4
263.698	44.67
263.912	27.23
264.125	-16.84
264.339	485.04
264.552	-93.05
264.765	-205.22
264.979	106.58
265.192	86.1
265.406	24.19
265.619	226.89
265.832	40.92
266.046	47.85
266.259	-128.81
266.473	-2000
266.686	109.78
266.899	126.65
267.113	400
267.326	43.82
267.539	30.31
267.752	42.79
267.966	62.25
268.179	45.76
268.392	103.68
268.605	-289.76
268.819	57.96
269.032	195.26
269.245	621.54
269.458	178.6
269.671	126.58
269.885	-33.7
270.098	16.78
270.311	232.91
270.524	6.11
270.737	34.78
270.95	296.69
271.163	125.98
271.376	748.39
271.589	536.71
271.802	23.15
272.016	95.11
272.229	53.88
272.442	-80.97
272.655	24.19
272.868	-50.97
273.081	-85.39
273.294	-2.33
273.506	5.65
273.719	-36.36
273.932	20.43
274.145	8800
274.358	156.2
274.571	77.31
274.784	-75.47
274.997	32.07
275.21	-11.22
275.423	-31.36
275.635	-16.08
275.848	53.74
276.061	-196.03
276.274	-32.74
276.487	34.78
276.699	108.19
276.912	68.54
277.125	88.51
277.338	93.17
277.55	-5.27
277.763	53.01
277.976	130.66
278.189	-443.96
278.401	35.42
278.614	371.2
278.827	8.52
279.039	-12.39
279.252	62.84
279.464	-51.15
279.677	0.65
279.89	45.56
280.102	-94.47
280.315	-653.66
280.527	-1936.84
280.74	68.97
280.952	148.43
281.165	57.89
281.377	83.37
281.59	23.82
281.802	46.65
282.015	50.12
282.227	155.77
282.44	244.6
282.652	-71.91
282.865	58.77
283.077	64.58
283.29	195.99
283.502	50.85
283.714	70.14
283.927	27.59
284.139	-151.07
284.351	59.34
284.564	168.98
284.776	168.84
284.988	31.1
285.201	220.9
285.413	66.07
285.625	88.65
285.838	28.09
286.05	80.09
286.262	98.89
286.474	41.09
286.686	20.03
286.899	-272.65
287.111	20.84
287.323	111.93
287.535	-15.84
287.747	-5.6
287.959	-32.61
288.172	116.36
288.384	6.87
288.596	61.05
288.808	1260.38
289.02	988.68
289.232	78.41
289.444	-11.66
289.656	-284.04
289.868	39.74
290.08	2.45
290.292	-18.72
290.504	-31.6
290.716	127.92
290.928	101.33
291.14	651.16
291.352	74
291.564	682.35
291.776	84.6
291.988	-41.72
292.2	132.7
292.412	153.51
292.624	85.25
292.835	489.55
293.047	-8.25
293.259	50.16
293.471	226.24
293.683	48.78
293.895	44.83
294.106	1.97
294.318	154.86
294.53	39.58
294.742	2262.07
294.953	-7.38
295.165	87.08
295.377	99.44
295.589	17.51
295.8	50.1
296.012	20.43
296.224	-19.9
296.435	111.42
296.647	94.46
296.858	-187.05
297.07	640
297.282	-24.47
297.493	136.34
297.705	-272
297.916	-47.23
298.128	27.25
298.34	-57.77
298.551	-26.62
298.763	135.64
298.974	109.03
299.186	41.85
299.397	-156.27
299.609	-1883.87
299.82	148.71
300.031	87.76
300.243	1347.37
300.454	201.23
300.666	56.26
300.877	41.71
301.089	190.64
301.3	18.93
301.511	38.63
301.723	-116.19
301.934	417.91
302.145	30.21
302.357	114.45
302.568	188.8
302.779	59.51
302.99	-165.02
303.202	59.42
303.413	40.7
303.624	42.03
303.835	400
304.047	59.92
304.258	94.26
304.469	33.43
304.68	60.51
304.891	109.98
305.103	-114.29
305.314	91.99
305.525	914.29
305.736	-327.56
305.947	61.08
306.158	3294.12
306.369	65.72
306.58	66.56
306.791	93.11
307.002	-28.73
307.213	66.54
307.424	48.06
307.636	79.56
307.846	65.2
308.057	-159.22
308.268	-6.97
308.479	18.07
308.69	26.96
308.901	79.09
309.112	-576.74
309.323	-33.7
309.534	-40.15
309.745	59.62
309.956	22.66
310.167	-41.68
310.377	-28.79
310.588	-43.67
310.799	-42.11
311.01	-4.56
311.221	-21.11
311.432	8.06
311.642	-49.68
311.853	111.87
312.064	1889.66
312.275	150.19
312.485	122.41
312.696	67.35
312.907	-64.32
313.117	56.95
313.328	91.77
313.539	108.44
313.749	-13.9
313.96	-285.71
314.171	73.02
314.381	179.4
314.592	43.03
314.802	-39.41
315.013	7.63
315.224	52.84
315.434	-2821.05
315.645	6160
315.855	-28.34
316.066	642.7
316.276	200.71
316.487	312.2
316.697	-14.9
316.908	47.85
317.118	-42.3
317.329	52.85
317.539	29.4
317.749	307.3
317.96	-388.06
318.17	-100.22
318.381	756.04
318.591	-575.82
318.801	52.68
319.012	9.89
319.222	120.39
319.432	60.55
319.643	46.65
319.853	-57.4
320.063	47.06
320.273	62.21
320.484	149.45
320.694	253.06
320.904	98.98
321.114	143.82
321.325	2137.93
321.535	189.57
321.745	-45.12
321.955	2.1
322.165	30.21
322.375	-3.44
322.585	90.8
322.796	1144.83
323.006	116.06
323.216	158.99
323.426	96.28
323.636	158.85
323.846	27.59
324.056	59.16
324.266	-52.95
324.476	59.96
324.686	23.78
324.896	50.88
325.106	694.34
325.316	38.67
325.526	-4273.68
325.736	38.63
325.946	22.56
326.156	493.51
326.366	-267.83
326.576	47.94
326.785	-22.11
326.995	66.86
327.205	231.16
327.415	273.9
327.625	-20.44
327.835	-3.23
328.044	225.13
328.254	347.83
328.464	107.42
328.674	48.78
328.884	97.84
329.093	91.98
329.303	13.97
329.513	72.05
329.722	147.37
329.932	28.62
330.142	-8.77
330.351	72.73
330.561	-80
330.771	-144.65
330.98	-11.99
331.19	769.23
331.4	-19.79
331.609	69.15
331.819	663.41
332.028	-189.71
332.238	5.42
332.447	123.45
332.657	92.12
332.866	-45.6
333.076	52.53
333.285	-69.06
333.495	51.61
333.704	-52.02
333.914	73.9
334.123	9.51
334.333	713.85
334.542	-70.84
334.752	824.62
334.961	309.43
335.17	146.73
335.38	79.56
335.589	50.05
335.798	146.2
336.008	307.69
336.217	32.34
336.426	78.42
336.636	-59.57
336.845	31.55
337.054	602.6
337.263	-7.25
337.473	-10.19
337.682	-53.42
337.891	-45.53
338.1	417.27
338.309	11.39
338.519	126.65
338.728	24.17
338.937	-129.13
339.146	400
339.355	581.13
339.564	-610.53
339.773	-52.26
339.983	73.65
340.192	-445.22
340.401	59.95
340.61	34.13
340.819	58.48
341.028	156.07
341.237	-870.59
341.446	85.98
341.655	18.86
341.864	-83.41
342.073	-3.17
342.282	-39.52
342.491	64.35
342.699	-7.77
342.908	212.99
343.117	61.21
343.326	297.98
343.535	-385.45
343.744	-63.7
343.953	-45.71
344.162	58.61
344.37	20.52
344.579	-585.07
344.788	-48.08
344.997	-68.71
345.206	106.84
345.414	-14.95
345.623	121.03
345.832	-103.04
346.041	168.53
346.249	83.36
346.458	-29.01
346.667	5.69
346.875	36.08
347.084	-0.69
347.293	146
347.501	-254.03
347.71	-27.22
347.918	-82.66
348.127	-272.53
348.336	-211.92
348.544	77.21
348.753	256.72
348.961	-33.63
349.17	228.57
349.378	97.69
349.587	3.97
349.795	225.24
350.004	658.46
350.212	19.75
350.421	7.08
350.629	44.71
350.838	33.55
351.046	154.61
351.254	-26.77
351.463	-26.87
351.671	-357.89
351.879	-56.87
352.088	6.11
352.296	538.05
352.504	99.41
352.713	-158.7
352.921	-308.66
353.129	13.14
353.338	-47.81
353.546	22.78
353.754	-255.21
353.962	-144.65
354.171	35.83
354.379	-2947.37
354.587	-31.66
354.795	-6.51
355.003	36.77
355.212	-2.42
355.42	218.87
355.628	18.31
355.836	5.42
356.044	-38.24
356.252	10.24
356.46	28.62
356.668	1304.62
356.876	72.87
357.084	-56.18
357.292	51.98
357.5	-5.72
357.708	103.6
357.916	86.1
358.124	-61.81
358.332	-155.22
358.54	-167.27
358.748	-301.3
358.956	-53.56
359.164	56.17
359.372	87.26
359.58	-437.41
359.788	62.46
359.996	-2.05
360.203	-9.35
360.411	84.21
360.619	-118.59
360.827	-6.6
361.035	-314.11
361.242	206.45
361.45	-298.73
361.658	144.08
361.866	-77.76
362.073	52.3
362.281	175.59
362.489	-2.58
362.697	77.45
362.904	-35.05
363.112	59.34
363.32	-24.59
363.527	-299.13
363.735	159.07
363.943	35.58
364.15	39.58
364.358	17.64
364.565	39.74
364.773	82.57
364.98	-19.79
365.188	104.54
365.395	152.85
365.603	-2.71
365.81	5.73
366.018	-28.43
366.225	83.05
366.433	33.75
366.64	15.66
366.848	77.18
367.055	-58.93
367.263	18.82
367.47	99.66
367.677	5.06
367.885	24.83
368.092	50.08
368.299	-52.96
368.507	-18.64
368.714	368.14
368.921	154.33
369.129	25.73
369.336	19.65
369.543	-126.13
369.751	-72.97
369.958	-19.73
370.165	16.29
370.372	56.76
370.579	40.92
370.787	59.07
370.994	132.46
371.201	-2.18
371.408	-12.87
371.615	49.14
371.822	52.85
372.029	-14.92
372.237	-484.57
372.444	160
372.651	-30.37
372.858	79.77
373.065	26.72
373.272	43.99
373.479	1517.24
373.686	47.39
373.893	-159.22
374.1	239.23
374.307	-152.52
374.514	45.34
374.721	4.93
374.928	212.99
375.135	-52.83
375.341	-8480
375.548	-15.2
375.755	-107.29
375.962	49.34
376.169	65.57
376.376	-80.97
376.583	-102.88
376.789	73.79
376.996	73.58
377.203	46.49
377.41	6.72
377.617	60.98
377.823	278.07
378.03	-722.58
378.237	-95.28
378.443	50.29
378.65	37.74
378.857	-56.09
379.063	-237.97
379.27	3.48
379.477	69.75
379.683	-116.62
379.89	14.42
380.097	-43.84
380.303	57.62
380.51	-43.36
380.716	17.87
380.923	163.78
381.129	32.4
381.336	59.84
381.542	80.53
381.749	-41.87
381.955	103.09
382.162	92.18
382.368	-105.4
382.575	-30.82
382.781	-427.59
382.988	-56.6
383.194	-29.45
383.4	-37.41
383.607	44
383.813	-2.95
384.02	-32.29
384.226	-70.22
384.432	-69.47
384.639	10.25
384.845	172.15
385.051	-82.07
385.257	3.5
385.464	59.97
385.67	26.84
385.876	70.84
386.082	-173.56
386.289	76.98
386.495	-35.97
386.701	-248.86
386.907	-57.29
387.113	19.59
387.319	81.43
387.526	-80.78
387.732	-129.13
387.938	169.6
388.144	-267.83
388.35	15.77
388.556	48.31
388.762	102.48
388.968	734.88
389.174	56.07
389.38	200.43
389.586	-92.27
389.792	77.56
389.998	-45.79
390.204	-89.8
390.41	30.41
390.616	-21.68
390.822	54.58
391.028	19.03
391.234	-4.09
391.439	-89.32
391.645	46.53
391.851	53.95
392.057	21.41
392.263	51.84
392.469	-3.66
392.674	-23.92
392.88	4.87
393.086	-28.26
393.292	-14.63
393.498	-47.96
393.703	45.07
393.909	44.53
394.115	65.43
394.32	-5.51
394.526	6.99
394.732	86.69
394.937	17.71
395.143	-32.39
395.349	8.64
395.554	-299.5
395.76	33.94
395.965	-19.02
396.171	9.66
396.377	54.79
396.582	61.7
396.788	-8.9
396.993	28.19
397.199	-12.74
397.404	7.26
397.61	-22.03
397.815	-78.78
398.021	-33.56
398.226	-44.93
398.431	-21.14
398.637	30.97
398.842	-3.04
399.048	7.37
399.253	84.61
399.458	-8.93
399.664	-19.25
399.869	-13.32
400.074	22.74
400.28	-5.5
400.485	6.4
400.69	-17.42
400.896	-14.86
401.101	-4.66
401.306	-3.49
401.511	13.37
401.716	-6.99
401.922	-5.38
402.127	-1.55
402.332	-28.93
402.537	11.74
402.742	4.75
402.947	34.89
403.153	-22.07
403.358	6.96
403.563	20.21
403.768	10.51
403.973	0.69
404.178	5.8
404.383	-15.74
404.588	32.34
404.793	-1.56
404.998	2.83
405.203	-6.97
405.408	-14.41
405.613	4.12
405.818	21.68
406.023	-13.43
406.228	-11.16
406.433	-3.74
406.638	0.38
406.842	2.17
407.047	3.57
407.252	-3.62
407.457	7.82
407.662	-1.43
407.867	9.88
408.071	13.27
408.276	9.49
408.481	7.13
408.686	1.09
408.891	9.68
409.095	12.98
409.3	0.23
409.505	5.98
409.709	-1.96
409.914	8.39
410.119	5.71
410.323	4.58
410.528	-0.1
410.733	6.94
410.937	-1.66
411.142	2.09
411.346	4.36
411.551	0.66
411.756	8.86
411.96	4.63
412.165	-1.76
412.369	0.82
412.574	4.08
412.778	2.15
412.983	4.61
413.187	3.14
413.392	-3.85
413.596	0.27
413.8	1.27
414.005	5.69
414.209	0.48
414.414	0.33
414.618	0.82
414.822	7.46
415.027	2.78
415.231	2.75
415.435	3.67
415.64	2.53
415.844	2.08
416.048	2.8
416.252	4.24
416.457	3.64
416.661	2.97
416.865	1.54
417.069	1.26
417.274	2.1
417.478	2.35
417.682	1.22
417.886	0.29
418.09	1.99
418.294	2.2
418.498	1.98
418.702	5
418.907	2.69
419.111	1.31
419.315	1.98
419.519	2.57
419.723	0.79
419.927	3.39
420.131	5.35
420.335	2.86
420.539	0.95
420.743	4.99
420.947	2.46
421.151	2.13
421.355	2.79
421.558	3.66
421.762	2.27
421.966	4.2
422.17	2.46
422.374	3.25
422.578	2.26
422.782	2.38
422.985	1.14
423.189	2.49
423.393	2.76
423.597	3.31
423.801	1.88
424.004	2.46
424.208	2.39
424.412	2.3
424.615	2.9
424.819	3.01
425.023	2.74
425.226	3.2
425.43	3.28
425.634	2.4
425.837	2.29
426.041	3.01
426.245	2.45
426.448	2.18
426.652	2.71
426.855	2.17
427.059	2.05
427.262	2.43
427.466	1.78
427.669	2.07
427.873	2.09
428.076	2.95
428.28	1.9
428.483	2.23
428.687	2.52
428.89	3.26
429.094	1.76
429.297	2.02
429.5	2.73
429.704	2.56
429.907	2.55
430.11	2.34
430.314	2.8
430.517	2.62
430.72	2.49
430.924	2.95
431.127	2.47
431.33	2.61
431.533	2.42
431.737	2.67
431.94	2.71
432.143	2.41
432.346	2.39
432.549	2.53
432.752	2.2
432.956	2.43
433.159	2.3
433.362	1.68
433.565	2.19
433.768	2.82
433.971	2.17
434.174	2.65
434.377	2.11
434.58	2.45
434.783	2.08
434.986	2.54
435.189	2.96
435.392	2.62
435.595	2.83
435.798	2.82
436.001	2.68
436.204	2.56
436.407	2.59
436.61	2.76
436.813	2.46
437.016	2.73
437.219	2.48
437.421	2.23
437.624	2.69
437.827	2.76
438.03	2.39
438.233	2.49
438.435	2.35
438.638	3.12
438.841	2.75
439.044	2.03
439.246	2.24
439.449	2.47
439.652	2.69
439.854	2.87
440.057	3.15
440.26	2.55
440.462	2.87
440.665	2.19
440.868	2.22
441.07	2.42
441.273	2.74
441.475	2.41
441.678	2.8
441.88	2.59
442.083	2.15
442.286	2.71
442.488	2.26
442.69	2.65
442.893	2.28
443.095	2.59
443.298	2.66
443.5	2.66
443.703	2.82
443.905	2.27
444.108	2.67
444.31	2.64
444.512	2.55
444.715	2.78
444.917	2.41
445.119	2.63
445.322	2.54
445.524	3
445.726	2.72
445.928	2.64
446.131	2.57
446.333	2.85
446.535	2.68
446.737	2.59
446.94	3.39
447.142	2.82
447.344	2.86
447.546	2.99
447.748	2.5
447.95	2.66
448.152	2.89
448.354	2.92
448.557	3
448.759	2.82
448.961	2.77
449.163	2.89
449.365	2.82
449.567	3
449.769	2.95
449.971	2.87
450.173	3.26
450.375	3.13
450.577	2.83
450.779	3.13
450.981	3.36
451.182	3.17
451.384	3
451.586	3.53
451.788	3.1
451.99	2.88
452.192	2.74
452.394	3.15
452.595	3.47
452.797	2.97
452.999	3.38
453.201	3.35
453.402	3.05
453.604	3.12
453.806	3.64
454.008	3.43
454.209	3.01
454.411	3.55
454.613	3.38
454.814	3.37
455.016	3.22
455.218	3.37
455.419	3.57
455.621	3.55
455.822	3.49
456.024	3.35
456.225	3.77
456.427	3.46
456.629	3.05
456.83	3.44
457.032	3.16
457.233	2.96
457.435	3.16
457.636	3.87
457.837	3.59
458.039	3.06
458.24	3.67
458.442	3.91
458.643	3.71
458.844	3.68
459.046	3.43
459.247	3.7
459.448	4.15
459.65	3.24
459.851	4.02
460.052	4.4
460.254	3.74
460.455	4.16
460.656	3.54
460.857	3.08
461.059	3.07
461.26	2.9
461.461	3.9
461.662	3.96
461.863	3.53
462.065	3.69
462.266	3.85
462.467	3.35
462.668	3.32
462.869	4.56
463.07	3.85
463.271	3.65
463.472	3.2
463.673	3.48
463.874	3.24
464.075	3.7
464.276	3.61
464.477	3.96
464.678	3.96
464.879	3.35
465.08	3.73
465.281	4.3
465.482	3.32
465.683	3.17
465.884	4.68
466.085	3.86
466.285	2.79
466.486	4.99
466.687	4.65
466.888	2.82
467.089	4.08
467.29	3.71
467.49	2.81
467.691	3.78
467.892	3.27
468.093	3.91
468.293	4.26
468.494	3.87
468.695	3.84
468.895	4.92
469.096	3.23
469.297	3.62
469.497	4
469.698	5.33
469.898	2.89
470.099	4.93
470.3	5.5
470.5	4.06
470.701	4.83
470.901	5.59
471.102	4.91
471.302	3.42
471.503	4.66
471.703	5.07
471.904	4.35
472.104	3.34
472.305	3.83
472.505	4.11
472.705	2.86
472.906	4.64
473.106	4.55
473.306	4.47
473.507	4.85
473.707	3.8
473.907	3.85
474.108	3.01
474.308	4.01
474.508	3.84
474.709	3.95
474.909	3.34
475.109	3.39
475.309	4.4
475.51	3.71
475.71	3.48
475.91	5.82
476.11	2.95
476.31	2.87
476.51	4.84
476.71	2.38
476.911	5.64
477.111	3.2
477.311	1.59
477.511	4.14
477.711	3.31
477.911	3.6
478.111	4.89
478.311	3
478.511	5.37
478.711	5.3
478.911	3.39
479.111	3.36
479.311	3.22
479.511	5.93
479.711	3.76
479.91	1.26
480.11	5.68
480.31	3.75
480.51	4.51
480.71	4.55
480.91	4.73
481.109	4.55
481.309	4.52
481.509	3.25
481.709	6
481.909	4.33
482.108	2.93
482.308	4.33
482.508	5.22
482.707	5.27
482.907	3.46
483.107	4.74
483.306	4.24
483.506	4.18
483.706	3.66
483.905	4.16
484.105	5.42
484.304	4.78
484.504	3.05
484.704	5.41
484.903	4.11
485.103	4.55
485.302	4.31
485.502	3.07
485.701	4.76
485.901	4.61
486.1	4.63
486.299	4.31
486.499	4.91
486.698	5.19
486.898	3.26
487.097	3.84
487.296	4.38
487.496	3.55
487.695	3.63
487.894	4.17
488.094	4.63
488.293	4.92
488.492	3.36
488.692	3.75
488.891	4.03
489.09	3.57
489.289	3.22
489.489	2.86
489.688	3.09
489.887	3.59
490.086	3.5
490.285	4.09
490.484	4.41
490.683	4.1
490.883	5.45
491.082	4.47
491.281	3.45
491.48	3.99
491.679	4.2
491.878	5.66
492.077	4.85
492.276	5.44
492.475	4.62
492.674	3.13
492.873	3.92
493.072	3.7
493.271	3.66
493.47	4.09
493.669	2.79
493.867	4.08
494.066	4.32
494.265	4.81
494.464	4.6
494.663	4.53
494.862	4.11
495.06	3.52
495.259	4.03
495.458	4.28
495.657	3.37
495.856	4.69
496.054	5.04
496.253	3.78
496.452	3.11
496.65	4.82
496.849	3.58
497.048	2.95
497.246	4.13
497.445	3.82
497.644	4.09
497.842	5.27
498.041	3.98
498.239	4.07
498.438	4.87
498.636	4.49
498.835	5.06
499.034	4.82
499.232	4.98
499.431	3.84
499.629	4.45
499.827	4.65
500.026	4.07
500.224	4.44
500.423	3.25
500.621	4.67
500.82	5.32
501.018	5.06
501.216	5.3
501.415	4.84
501.613	4.54
501.811	5.16
502.01	5.39
502.208	4.89
502.406	5.28
502.604	5.52
502.803	4.57
503.001	6.16
503.199	5.27
503.397	4.68
503.595	4.49
503.794	4.92
503.992	5.46
504.19	5.67
504.388	4.85
504.586	4.83
504.784	4.94
504.982	5.17
505.18	4.91
505.378	5.15
505.576	5.37
505.774	5.58
505.972	5.23
506.17	5.8
506.368	4.66
506.566	5.14
506.764	5.78
506.962	6.03
507.16	5.7
507.358	5.53
507.556	5.15
507.754	5.66
507.952	5.9
508.15	5.49
508.347	5.79
508.545	5.77
508.743	5.68
508.941	5.55
509.139	5.68
509.336	5.6
509.534	6.54
509.732	5.71
509.93	5.68
510.127	6.4
510.325	6.34
510.523	6.14
510.72	6.76
510.918	6.62
511.116	6.05
511.313	5.67
511.511	5.74
511.708	6.04
511.906	5.78
512.104	6.16
512.301	6.09
512.499	6.47
512.696	6.4
512.894	5.55
513.091	6.69
513.289	6.32
513.486	6.01
513.683	6.33
513.881	6.25
514.078	6.7
514.276	6.95
514.473	6.2
514.67	6.46
514.868	6.73
515.065	6.5
515.262	6.86
515.46	6.33
515.657	6.82
515.854	6.87
516.052	6.6
516.249	6.75
516.446	7.15
516.643	7.09
516.84	7.17
517.038	7.5
517.235	6.93
517.432	7.13
517.629	7.45
517.826	7.22
518.023	7.34
518.221	7.62
518.418	7.14
518.615	7.2
518.812	7.38
519.009	7.33
519.206	7.2
519.403	7.37
519.6	7.54
519.797	7.25
519.994	6.69
520.191	7.66
520.388	7.98
520.585	7.46
520.782	7.25
520.978	7.27
521.175	7.7
521.372	8.03
521.569	7.65
521.766	7.22
521.963	7.45
522.159	7.75
522.356	7.98
522.553	7.95
522.75	7.48
522.947	7.98
523.143	8.11
523.34	8.13
523.537	7.95
523.733	8.04
523.93	7.78
524.127	8.05
524.323	7.93
524.52	8.17
524.717	7.87
524.913	7.8
525.11	8.14
525.306	8.21
525.503	8.14
525.7	8.27
525.896	7.9
526.093	8.18
526.289	8.4
526.486	8.06
526.682	8.04
526.878	8.2
527.075	8.15
527.271	8.35
527.468	8.14
527.664	8.49
527.861	8.55
528.057	8.27
528.253	8.76
528.45	7.86
528.646	8.19
528.842	8.28
529.039	8.09
529.235	8.86
529.431	8.26
529.627	8.37
529.824	8.28
530.02	8.33
530.216	8.44
530.412	8.96
530.608	8.43
530.804	8.65
531.001	8.71
531.197	8.9
531.393	8.73
531.589	8.55
531.785	8.5
531.981	8.6
532.177	8.67
532.373	8.93
532.569	8.53
532.765	8.52
532.961	8.59
533.157	8.43
533.353	9.02
533.549	8.38
533.745	9.02
533.941	9
534.137	8.39
534.333	8.64
534.529	9.22
534.725	8.52
534.92	8.81
535.116	8.61
535.312	8.7
535.508	9.16
535.704	8.78
535.899	8.86
536.095	9.23
536.291	8.91
536.487	8.54
536.682	9.58
536.878	9.06
537.074	8.83
537.269	8.64
537.465	8.97
537.661	8.9
537.856	8.76
538.052	8.77
538.248	9.32
538.443	9.41
538.639	8.98
538.834	8.89
539.03	9.05
539.225	9.55
539.421	9.17
539.616	9.33
539.812	8.98
540.007	9.15
540.203	8.77
540.398	9.38
540.593	9.47
540.789	9.39
540.984	9.08
541.18	8.96
541.375	8.81
541.57	9.21
541.766	9.47
541.961	8.88
542.156	9.4
542.352	9.18
542.547	9.18
542.742	9.01
542.937	9.55
543.133	9.35
543.328	9.52
543.523	9.63
543.718	8.85
543.913	9.24
544.108	9.56
544.304	9.64
544.499	9.95
544.694	9.58
544.889	9.42
545.084	9.63
545.279	9.75
545.474	9.27
545.669	9.68
545.864	9.36
546.059	9.43
546.254	9.43
546.449	9.66
546.644	9.49
546.839	9.84
547.034	9.74
547.229	9.29
547.424	9.87
547.618	10.06
547.813	9.53
548.008	9.57
548.203	9.54
548.398	9.87
548.593	9.8
548.787	9.66
548.982	9.81
549.177	9.99
549.372	9.6
549.566	9.75
549.761	9.82
549.956	9.35
550.15	10.01
550.345	9.27
550.54	10.02
550.734	9.84
550.929	9.86
551.124	9.6
551.318	10.22
551.513	9.69
551.707	10.14
551.902	10.33
552.096	10.48
552.291	10.05
552.485	9.72
552.68	9.86
552.874	9.96
553.069	10.29
553.263	10.52
553.458	10.26
553.652	10.34
553.847	9.79
554.041	10.18
554.235	10
554.43	10.36
554.624	10.37
554.818	10.13
555.013	10.2
555.207	10.27
555.401	10.46
555.595	10.44
555.79	9.85
555.984	10.32
556.178	10
556.372	10.39
556.566	9.97
556.761	10.26
556.955	10.5
557.149	9.87
557.343	10.53
557.537	10.46
557.731	10.5
557.925	10.43
558.119	10.21
558.313	10.32
558.507	9.98
558.701	10.4
558.895	10.72
559.089	10.59
559.283	10.32
559.477	10.25
559.671	10.37
559.865	10.3
560.059	10.48
560.253	10.75
560.447	10.36
560.641	10.49
560.835	10.69
561.028	11.06
561.222	10.46
561.416	10.2
561.61	10.24
561.804	10.6
561.997	10.63
562.191	10.21
562.385	10.62
562.579	10.45
562.772	11
562.966	10.29
563.16	10.37
563.353	10.35
563.547	10.31
563.741	10.6
563.934	10.66
564.128	10.62
564.321	10.89
564.515	10.66
564.708	10.31
564.902	10.35
565.095	10.26
565.289	10.94
565.482	10.92
565.676	10.62
565.869	11.04
566.063	10.85
566.256	10.66
566.45	10.4
566.643	10.85
566.836	10.71
567.03	10.78
567.223	10.43
567.416	10.81
567.61	10.78
567.803	10.89
567.996	10.53
568.19	10.83
568.383	10.56
568.576	10.77
568.769	10.88
568.963	10.45
569.156	10.84
569.349	10.83
569.542	10.66
569.735	10.66
569.928	11.02
570.121	10.78
570.315	10.89
570.508	10.89
570.701	10.8
570.894	10.9
571.087	11
571.28	11.16
571.473	10.95
571.666	11.02
571.859	10.6
572.052	10.95
572.245	10.89
572.438	11.07
572.631	11.04
572.824	10.51
573.016	10.88
573.209	10.66
573.402	11.17
573.595	11.01
573.788	11.05
573.981	10.85
574.173	11.18
574.366	10.91
574.559	11.03
574.752	10.6
574.944	10.44
575.137	10.65
575.33	10.68
575.523	11.03
575.715	10.45
575.908	11.03
576.101	10.44
576.293	11.2
576.486	10.98
576.678	10.88
576.871	10.33
577.063	10.84
577.256	11.04
577.449	11.1
577.641	10.91
577.834	10.67
578.026	11.18
578.219	10.65
578.411	10.93
578.603	11.33
578.796	10.38
578.988	11.13
579.181	10.71
579.373	11.19
579.565	11.17
579.758	11.18
579.95	10.83
580.142	10.54
580.335	10.84
580.527	11.1
580.719	11
580.912	10.62
581.104	11.28
581.296	11.02
581.488	11.15
581.68	10.72
581.873	10.77
582.065	10.75
582.257	10.9
582.449	10.7
582.641	10.78
582.833	11.06
583.025	10.68
583.217	11.27
583.41	10.8
583.602	10.76
583.794	11.26
583.986	11.19
584.178	11.38
584.37	11.04
584.562	10.86
584.753	11.22
584.945	10.85
585.137	10.8
585.329	10.86
585.521	11.33
585.713	11.24
585.905	11
586.097	10.59
586.289	10.81
586.48	10.74
586.672	10.87
586.864	11.11
587.056	11.35
587.247	11.13
587.439	10.98
587.631	11.02
587.823	11.27
588.014	10.85
588.206	11.23
588.398	10.79
588.589	11.43
588.781	10.87
588.972	11.46
589.164	11.18
589.356	11.08
589.547	11.63
589.739	11.01
589.93	10.93
590.122	11.35
590.313	11.14
590.505	11.46
590.696	10.97
590.888	11.12
591.079	11.71
591.271	11.17
591.462	11.3
591.653	11.3
591.845	11.9
592.036	11.49
592.227	11.37
592.419	11.4
592.61	11.77
592.801	11.44
592.993	11.13
593.184	11.13
593.375	10.92
593.566	11.41
593.758	11
593.949	11.26
594.14	11.09
594.331	11.47
594.522	11.44
594.713	11.39
594.905	11.26
595.096	11.87
595.287	11.91
595.478	11.54
595.669	11.44
595.86	11.21
596.051	11.41
596.242	11.8
596.433	11.4
596.624	11.7
596.815	11.74
597.006	11.77
597.197	11.61
597.388	11.56
597.579	11.55
597.77	11.77
597.96	12.05
598.151	11.69
598.342	12.33
598.533	11.72
598.724	11.94
598.915	11.62
599.105	11.73
599.296	12.25
599.487	10.82
599.678	11.95
599.868	12.09
600.059	11.8
600.25	12.31
600.44	12.12
600.631	11.84
600.822	11.59
601.012	12
601.203	11.76
601.394	12.23
601.584	11.81
601.775	12.28
601.965	12
602.156	12.01
602.346	12.4
602.537	11.67
602.727	12.16
602.918	12.34
603.108	12.45
603.299	12.28
603.489	12.71
603.679	12.17
603.87	12.28
604.06	12.26
604.251	12.47
604.441	12.24
604.631	12.12
604.822	12.05
605.012	12.8
605.202	12.33
605.392	12.11
605.583	11.86
605.773	12.07
605.963	11.75
606.153	12.24
606.344	12.29
606.534	12.43
606.724	12.46
606.914	12.17
607.104	11.88
607.294	12.17
607.484	12.3
607.674	12.34
607.864	12.71
608.054	12.46
608.245	12.57
608.435	12.34
608.625	12.77
608.814	12.91
609.004	12.27
609.194	12.22
609.384	12.05
609.574	12.49
609.764	11.94
609.954	12.42
610.144	12.5
610.334	12.24
610.524	12.76
610.713	12.59
610.903	13.14
611.093	12.68
611.283	13.13
611.473	12.29
611.662	12.49
611.852	12.46
612.042	12.53
612.231	12.93
612.421	13.01
612.611	12.62
612.8	12.62
612.99	12.64
613.18	12.62
613.369	12.41
613.559	12.54
613.748	12.36
613.938	12.72
614.128	12.43
614.317	12.43
614.507	12.48
614.696	12.24
614.886	13.12
615.075	12.06
615.264	12.51
615.454	12.87
615.643	12.31
615.833	12.91
616.022	12.33
616.211	12.52
616.401	12.66
616.59	12.88
616.779	12.66
616.969	12.32
617.158	12.27
617.347	13.08
617.537	12.65
617.726	12.9
617.915	12.21
618.104	12.06
618.293	12.62
618.483	12.02
618.672	12.9
618.861	13.38
619.05	12.47
619.239	12.59
619.428	12.34
619.617	13.38
619.806	12.37
619.995	12.55
620.184	12.35
620.373	12.01
620.562	12.58
620.751	12.2
620.94	12.72
621.129	12.48
621.318	12.85
621.507	12.11
621.696	12.78
621.885	12.6
622.074	12.54
622.263	12.21
622.452	12.79
622.64	12.31
622.829	12.78
623.018	13.9
623.207	12.55
623.396	12.66
623.584	12.4
623.773	13.25
623.962	12.56
624.15	13.66
624.339	12.93
624.528	13.11
624.716	12.94
624.905	12.92
625.094	13.03
625.282	12.97
625.471	12.85
625.659	12.58
625.848	12.94
626.037	13.43
626.225	12.82
626.414	12.99
626.602	12.8
626.791	13.11
626.979	12.44
627.167	12.81
627.356	13.09
627.544	13.66
627.733	12.37
627.921	12.81
628.109	12.92
628.298	13.33
628.486	13.23
628.674	13.49
628.863	13.05
629.051	13.77
629.239	13.55
629.428	12
629.616	13.74
629.804	14.05
629.992	13.44
630.18	12.63
630.369	13.25
630.557	14.2
630.745	12.45
630.933	13.84
631.121	13.49
631.309	12.65
631.497	13.59
631.685	12.97
631.873	13.03
632.061	12.61
632.249	13.61
632.437	14.42
632.625	13.01
632.813	13.96
633.001	13.8
633.189	13.13
633.377	13.82
633.565	12.62
633.753	13.26
633.941	13.18
634.129	14.73
634.316	13.86
634.504	14.16
634.692	13.25
634.88	13.27
635.068	13.37
635.255	12.71
635.443	13.33
635.631	13.7
635.818	13.81
636.006	13.36
636.194	13.3
636.382	13.31
636.569	13.28
636.757	14.09
636.944	14.71
637.132	13.65
637.32	13.72
637.507	13.13
637.695	13.71
637.882	14.47
638.07	14.5
638.257	13.2
638.445	13.06
638.632	13.08
638.82	13.32
639.007	13.37
639.194	13.19
639.382	12.69
639.569	12.41
639.757	13.55
639.944	12.46
640.131	12.68
640.319	14.06
640.506	13.36
640.693	14.23
640.88	12.92
641.068	13.79
641.255	12.98
641.442	12.91
641.629	12.07
641.817	13.03
642.004	13.11
642.191	13.11
642.378	13.3
642.565	13.21
642.752	13.46
642.939	12.95
643.126	12.6
643.313	12.73
643.501	13.31
643.688	13.64
643.875	12.79
644.062	12.75
644.249	12.63
644.435	12.42
644.622	12.14
644.809	13
644.996	11.57
645.183	13.07
645.37	13.2
645.557	12.86
645.744	12.32
645.931	11.65
646.117	12.32
646.304	12.54
646.491	12.44
646.678	11.48
646.865	12.73
647.051	12.87
647.238	12.61
647.425	11.56
647.611	13.12
647.798	12.34
647.985	11.47
648.171	12.96
648.358	12.44
648.545	12.68
648.731	11.67
648.918	12.45
649.104	12.3
649.291	12.58
649.477	12.16
649.664	12.64
649.85	12.66
650.037	11.26
650.223	11.2
650.41	12.3
650.596	11.37
650.783	12.23
650.969	12.75
651.155	12.19
651.342	11.26
651.528	12
651.714	12.97
651.901	12.52
652.087	12.48
652.273	10.82
652.46	12.68
652.646	13.11
652.832	11.87
653.018	12.6
653.204	12.15
653.391	11.79
653.577	12.01
653.763	12.78
653.949	12.61
654.135	12.15
654.321	11.93
654.507	11.4
654.693	11.92
654.879	11.88
655.065	11.9
655.252	10.59
655.438	11.39
655.624	12.71
655.809	10.97
655.995	11.15
656.181	12.63
656.367	12.31
656.553	14.07
656.739	12.04
656.925	13.55
657.111	12.09
657.297	12.49
657.482	11.77
657.668	12.45
657.854	11.48
658.04	11.69
658.226	12.05
658.411	11.93
658.597	11.69
658.783	12.82
658.968	11.24
659.154	11.22
659.34	11.65
659.525	11.43
659.711	10.21
659.897	12.11
660.082	10.92
660.268	11.37
660.453	10.66
660.639	12.06
660.824	11.81
661.01	12.3
661.195	11.23
661.381	11.25
661.566	12.01
661.752	9.65
661.937	10.53
662.123	9.71
662.308	11.4
662.494	11.93
662.679	11.01
662.864	10.69
663.05	9.73
663.235	11.85
663.42	11.12
663.605	10.3
663.791	10.44
663.976	10.11
664.161	9.53
664.346	10.58
664.532	10.29
664.717	10.96
664.902	10.89
665.087	12.45
665.272	10.14
665.457	10.39
665.642	9.79
665.828	10.81
666.013	10.31
666.198	7.57
666.383	11.21
666.568	9.29
666.753	10.58
666.938	9.28
667.123	10.77
667.308	8.72
667.493	9.15
667.677	7.83
667.862	11.7
668.047	10.07
668.232	11.15
668.417	10.36
668.602	9.14
668.787	10.15
668.971	9.21
669.156	11.33
669.341	9.38
669.526	10.81
669.711	11.05
669.895	10.57
670.08	9.8
670.265	11.37
670.449	8.4
670.634	10.94
670.819	9.45
671.003	9.05
671.188	8.99
671.372	11.8
671.557	9.44
671.742	10.54
671.926	8.77
672.111	8.24
672.295	7.43
672.48	9.5
672.664	9.55
672.849	8.94
673.033	9.45
673.217	9.34
673.402	8.8
673.586	6.83
673.771	10.31
673.955	9.39
674.139	11.6
674.324	9.46
674.508	9.49
674.692	10.03
674.876	11.01
675.061	10.46
675.245	12.41
675.429	9.75
675.613	8.14
675.798	11.34
675.982	10.17
676.166	9.63
676.35	10.22
676.534	12.61
676.718	9.35
676.902	13.67
677.087	6.43
677.271	11.19
677.455	12.73
677.639	8.27
677.823	11.9
678.007	13.93
678.191	14.59
678.375	11.98
678.559	10.07
678.742	9.32
678.926	12.22
679.11	17.34
679.294	12.64
679.478	9.87
679.662	9.61
679.846	10.11
680.029	13.25
680.213	13.27
680.397	11.25
680.581	10.94
680.765	12.34
680.948	11.88
681.132	14.57
681.316	6.59
681.499	16.03
681.683	12.64
681.867	11.4
682.05	13.28
682.234	10.81
682.417	14.18
682.601	15.99
682.785	11.79
682.968	13.17
683.152	13.07
683.335	15.46
683.519	12.9
683.702	13.47
683.886	13.39
684.069	16.97
684.253	16.18
684.436	17.84
684.619	11.08
684.803	14.93
684.986	17.3
685.169	14.85
685.353	17.82
685.536	13.04
685.719	13.24
685.903	16.53
686.086	12.71
686.269	20.72
686.452	13.07
686.636	20.98
686.819	16.27
687.002	14.39
687.185	21.98
687.368	16.93
687.551	15.48
687.734	15.78
687.918	16.9
688.101	13.66
688.284	19.09
688.467	20.7
688.65	20.51
688.833	17.97
689.016	19.66
689.199	16.36
689.382	19.87
689.565	19.63
689.748	20.44
689.93	16.2
690.113	19.02
690.296	19.54
690.479	19.52
690.662	20.26
690.845	20.64
691.028	17.15
691.21	19.5
691.393	19.97
691.576	18.79
691.759	13.31
691.941	22.99
692.124	22.41
692.307	23.52
692.489	21.19
692.672	22.74
692.855	22.62
693.037	20.88
693.22	24.68
693.403	18.5
693.585	21.38
693.768	27.79
693.95	22.55
694.133	20.34
694.315	22.18
694.498	25.13
694.68	19.6
694.863	24.1
695.045	23.69
695.228	26.11
695.41	24.79
695.592	26.06
695.775	28.27
695.957	29.83
696.139	21.2
696.322	25.3
696.504	28.93
696.686	17.11
696.869	24.23
697.051	26.83
697.233	32.04
697.415	24.56
697.597	26
697.78	26.78
697.962	24.72
698.144	27.91
698.326	27.38
698.508	25.86
698.69	29.1
698.872	26.21
699.055	24.33
699.237	31.09
699.419	21.24
699.601	23.84
699.783	34.7
699.965	27.34
700.147	26.93
700.329	26.72
700.51	32.72
700.692	33.24
700.874	20.54
701.056	31.45
701.238	24.61
701.42	39.06
701.602	26.56
701.783	22.69
701.965	27.34
702.147	28.75
702.329	26.47
702.511	25.28
702.692	28.57
702.874	26.33
703.056	23.81
703.237	26.63
703.419	31.43
703.601	31.88
703.782	33.93
703.964	32.48
704.146	32.66
704.327	34.02
704.509	24.33
704.69	28.69
704.872	34.27
705.053	28.5
705.235	37.69
705.416	33.64
705.598	25.07
705.779	28.63
705.961	26.1
706.142	29.72
706.323	26.36
706.505	29.2
706.686	29
706.867	30.51
707.049	25.5
707.23	29.13
707.411	34.49
707.593	35.15
707.774	23.06
707.955	31.97
708.136	27.5
708.318	28.18
708.499	33.24
708.68	34.36
708.861	29.6
709.042	34.12
709.223	32.47
709.404	25.34
709.585	29.17
709.767	25.86
709.948	28.39
710.129	36.65
710.31	25.7
710.491	25.48
710.672	31.25
710.853	28.6
711.034	37.46
711.214	26.5
711.395	26.14
711.576	29.21
711.757	35.79
711.938	38.68
712.119	26.76
712.3	33.57
712.481	23.3
712.661	37.6
712.842	25.9
713.023	36.83
713.204	24.83
713.384	26.78
713.565	34.01
713.746	34.33
713.926	26.57
714.107	25.09
714.288	28.89
714.468	30.5
714.649	38.79
714.83	31.73
715.01	36.88
715.191	21.5
715.371	26.53
715.552	31.84
715.732	39.24
715.913	36.9
716.093	36.37
716.274	32.36
716.454	36.45
716.635	34.93
716.815	32.99
716.995	33.58
717.176	27.77
717.356	23.7
717.536	36.2
717.717	22.17
717.897	28.21
718.077	22.64
718.258	36.33
718.438	29.19
718.618	37.92
718.798	28.58
718.978	32.96
719.159	34.76
719.339	48.46
719.519	26.56
719.699	35.32
719.879	26.03
720.059	37.38
720.239	27.32
720.419	46.13
720.599	22.71
720.779	32.2
720.959	30.46
721.139	28.73
721.319	28.7
721.499	39.52
721.679	21.92
721.859	32.95
722.039	24.33
722.219	38.41
722.399	30.45
722.579	34.64
722.759	26.42
722.938	27.52
723.118	31.34
723.298	22.47
723.478	16.17
723.658	37.54
723.837	43.88
724.017	32.02
724.197	30.18
724.376	32.24
724.556	20.01
724.736	42.18
724.915	32.31
725.095	35.35
725.275	41.36
725.454	28.63
725.634	25.82
725.813	28.03
725.993	36.23
726.172	41.72
726.352	34.83
726.531	42.07
726.711	31.99
726.89	29.17
727.07	41.95
727.249	43.8
727.428	29.77
727.608	24.81
727.787	24
727.966	34.55
728.146	27.27
728.325	29.63
728.504	25.45
728.684	16.96
728.863	44.78
729.042	8.88
729.221	4.91
729.4	26.47
729.58	37.19
729.759	34.06
729.938	44.2
730.117	45.53
730.296	28.2
730.475	51.54
730.654	35.21
730.833	44.38
731.013	40.05
731.192	31.6
731.371	34.09
731.55	47.87
731.729	36.09
731.907	37.54
732.086	17.69
732.265	17.25
732.444	38.44
732.623	37.02
732.802	23.74
732.981	19.92
733.16	39.96
733.339	21.03
733.517	39.27
733.696	50.19
733.875	40.97
734.054	46.64
734.232	40.54
734.411	43.12
734.59	16.01
734.768	34.7
734.947	26.53
735.126	22.98
735.304	27.73
735.483	38.41
735.662	48.25
735.84	13.67
736.019	32.55
736.197	25.8
736.376	21.17
736.554	73.19
736.733	35.3
736.911	38.55
737.09	26.05
737.268	26.2
737.447	33.09
737.625	48.49
737.803	20.01
737.982	37.21
738.16	37.98
738.338	57.39
738.517	26.3
738.695	53.12
738.873	57.45
739.052	23.14
739.23	22.86
739.408	20.61
739.586	40.06
739.764	28.88
739.943	34.94
740.121	32.92
740.299	18.89
740.477	31.44
740.655	64
740.833	42.68
741.011	53.27
741.189	61.28
741.367	49.25
741.545	17.61
741.723	30.83
741.901	44.5
742.079	41.09
742.257	59.27
742.435	36.82
742.613	20.44
742.791	42.31
742.969	33.75
743.147	58.91
743.325	28.18
743.503	32.34
743.68	59.41
743.858	6.91
744.036	10.2
744.214	11.99
744.391	-3.63
744.569	27.15
744.747	1.86
744.925	40.07
745.102	17.29
745.28	8.8
745.458	61.81
745.635	39.95
745.813	53.76
745.99	47.21
746.168	44.35
746.345	58.99
746.523	36.07
746.7	42.93
746.878	39.04
747.055	1.7
747.233	33.41
747.41	24.6
747.588	27.54
747.765	45.44
747.943	25.14
748.12	30.71
748.297	21.12
748.475	52.53
748.652	20.17
748.829	41.35
749.007	43.72
749.184	61.79
749.361	52.19
749.538	42.59
749.716	31.47
749.893	54.89
750.07	34.85
750.247	49
750.424	81.67
750.601	44.89
750.778	26.47
750.956	20.28
751.133	31.73
751.31	42.1
751.487	30.65
751.664	15.92
751.841	9.82
752.018	59.35
752.195	70.02
752.372	17.98
752.549	51.23
752.726	49.79
752.902	54.9
753.079	34.08
753.256	101.37
753.433	40.76
753.61	56.34
753.787	74.88
753.964	48.35
754.14	9.44
754.317	52.22
754.494	22.97
754.671	69.89
754.847	33.03
755.024	57.62
755.201	34.28
755.377	22.75
755.554	25.23
755.73	-18.52
755.907	57.14
756.084	61.15
756.26	50.03
756.437	8.88
756.613	22.11
756.79	33.8
756.966	15.09
757.143	33.92
757.319	46.66
757.496	58.06
757.672	27.18
757.849	44.17
758.025	17.06
758.201	128.11
758.378	48.91
758.554	19.51
758.73	24.1
758.907	22.49
759.083	44.66
759.259	69.49
759.435	56.49
759.612	28.92
759.788	41.9
759.964	25.89
760.14	14.69
760.316	5.68
760.493	24.95
760.669	80.29
760.845	5.16
761.021	-29.16
761.197	-25.03
761.373	21.42
761.549	33.73
761.725	7.51
761.901	24.96
762.077	59.32
762.253	-38.56
762.429	56.49
762.605	53.1
762.781	17.64
762.957	38.32
763.133	58.86
763.308	22.2
763.484	32.8
763.66	48.42
763.836	38.95
764.012	-4.71
764.187	11.83
764.363	3.05
764.539	24.44
764.715	17.15
764.89	-29.45
765.066	7.78
765.242	47.96
765.417	62.68
765.593	46.99
765.769	47.23
765.944	23.6
766.12	82.72
766.295	27.55
766.471	44.8
766.646	48.61
766.822	82.29
766.997	-9.31
767.173	61.77
767.348	17.41
767.524	68.59
767.699	23.14
767.875	18.06
768.05	-16.75
768.225	52.68
768.401	63.83
768.576	88.11
768.751	75.22
768.927	142.32
769.102	123.57
769.277	66.1
769.452	21.86
769.628	23.22
769.803	18.07
769.978	50.1
770.153	0.84
770.328	82.92
770.503	74.05
770.679	32.06
770.854	43.99
771.029	21.42
771.204	-299.34
771.379	14.8
771.554	108.86
771.729	108.64
771.904	-44.36
772.079	106.51
772.254	42.99
772.429	76.36
772.604	11.67
772.779	38.22
772.953	-31.59
773.128	21.11
773.303	-18.2
773.478	82.92
773.653	51.99
773.828	30.42
774.002	23.98
774.177	52.1
774.352	160
774.527	51.66
774.701	10.07
774.876	81.53
775.051	-318.72
775.225	172.97
775.4	48.75
775.575	41.09
775.749	70.28
775.924	83.02
776.098	-26.77
776.273	47.84
776.447	77.29
776.622	28.61
776.796	-9.41
776.971	-99.74
777.145	38.3
777.32	64.5
777.494	37.21
777.669	8.01
777.843	-29.97
778.017	43.3
778.192	51.29
778.366	51.91
778.54	134.3
778.715	10.05
778.889	63.52
779.063	33.75
779.237	41.37
779.412	55.4
779.586	146.9
779.76	1.48
779.934	24.92
780.108	79.16
780.282	-298.51
780.457	55.82
780.631	-117.78
780.805	-81.41
780.979	382.09
781.153	108.44
781.327	50.09
781.501	43.99
781.675	-33.82
781.849	23.82
782.023	113.19
782.197	27.59
782.371	-313.14
782.545	39.26
782.718	-108.83
782.892	65.12
783.066	44.73
783.24	244.53
783.414	13.92
783.588	158.52
783.761	34.02
783.935	143.05
784.109	65.21
784.283	264.35
784.456	132.7
784.63	156.2
784.804	95.33
784.977	42.94
785.151	-48.6
785.324	-1.93
785.498	47.94
785.672	-13.18
785.845	107.13
786.019	58.77
786.192	-68.87
786.366	50.07
786.539	-39.32
786.713	-61.04
786.886	50.05
787.06	55.59
787.233	52.85
787.406	-11.64
787.58	-16.53
787.753	-65.54
787.926	29.74
788.1	68.71
788.273	-1003.77
788.446	-140.22
788.62	-296.77
788.793	101.8
788.966	63.51
789.139	156.62
789.313	115.53
789.486	2800
789.659	-306.29
789.832	30.08
790.005	55.02
790.178	346.9
790.351	-40.95
790.524	184.41
790.697	12.52
790.87	-38.58
791.044	203.64
791.216	49.26
791.389	-203.21
791.562	134.48
791.735	-86.08
791.908	306.49
792.081	-41.69
792.254	-259.34
792.427	-72.86
792.6	-9.33
792.773	70.37
792.945	-119.4
793.118	-28.78
793.291	96.7
793.464	103.83
793.637	171.78
793.809	75.93
793.982	-7.97
794.155	53.2
794.327	113.73
794.5	-652.31
794.673	166.8
794.845	3.11
795.018	22.34
795.19	116.85
795.363	101.2
795.536	131.26
795.708	825.81
795.881	-5360
796.053	43.79
796.226	105.14
796.398	190.23
796.57	161.56
796.743	-145.77
796.915	-56.97
797.088	16.19
797.26	59.84
797.432	946.84
797.605	-113.37
797.777	-98.7
797.949	61.78
798.122	51.56
798.294	319.28
798.466	153.14
798.638	12.54
798.81	34.93
798.983	491.14
799.155	26.17
799.327	-56.87
799.499	64
799.671	-40.99
799.843	73.58
800.015	49.81
800.187	64.19
800.359	54.1
800.531	60.68
800.703	48.52
800.875	40.69
801.047	-11.5
801.219	158.36
801.391	-285.71
801.563	46.04
801.735	56.03
801.907	289.57
802.079	112.3
802.251	-654.95
802.422	154.33
802.594	-410.39
802.766	86.39
802.938	233.18
803.11	130.61
803.281	-235.76
803.453	20.02
803.625	-15.78
803.796	61.43
803.968	4.52
804.14	5.89
804.311	63.27
804.483	160
804.654	77.14
804.826	219.44
804.998	111.23
805.169	-114.29
805.341	-128
805.512	86.96
805.684	64.89
805.855	100.55
806.026	418.46
806.198	532.52
806.369	-14.95
806.541	34.13
806.712	159.57
806.883	53.41
807.055	144.3
807.226	108.67
807.397	-417.58
807.569	336.28
807.74	135.42
807.911	-55.51
808.082	1.79
808.253	-194.06
808.425	50.09
808.596	251.69
808.767	356.83
808.938	-20.98
809.109	-27.72
809.28	-271.09
809.451	-5.03
809.622	245.99
809.793	-1380.65
809.964	285.22
810.135	107.12
810.306	-279.77
810.477	166.44
810.648	-17.2
810.819	-15.3
810.99	1120
811.161	11.9
811.332	69.19
811.503	89.41
811.674	141.54
811.844	-467.69
812.015	51.72
812.186	414.72
812.357	80.69
812.527	9.51
812.698	80.82
812.869	852.83
813.04	-70.16
813.21	-675.86
813.381	21.79
813.551	105.92
813.722	206.26
813.893	13.69
814.063	51.61
814.234	247.27
814.404	65.66
814.575	66.44
814.745	49.56
814.916	-32.92
815.086	129.68
815.257	98.65
815.427	149.69
815.598	-21.47
815.768	64.92
815.938	74.16
816.109	79.35
816.279	76.48
816.449	-9.67
816.62	968.42
816.79	103.79
816.96	-709.43
817.13	7.05
817.301	-160.41
817.471	-66.12
817.641	436.81
817.811	198.54
817.981	57.14
818.152	121.33
818.322	138.61
818.492	11.66
818.662	94.7
818.832	85.55
819.002	13.6
819.172	105.34
819.342	143.35
819.512	40.69
819.682	53.88
819.852	32.29
820.022	99.33
820.192	35.96
820.362	-57.65
820.531	5.21
820.701	102.62
820.871	1.36
821.041	52.49
821.211	-76.78
821.381	52.87
821.55	216.17
821.72	-660.47
821.89	-172.31
822.059	58.56
822.229	44.58
822.399	238.57
822.568	65.2
822.738	-887.8
822.908	311.66
823.077	-51.66
823.247	-7.7
823.416	541.18
823.586	181.82
823.756	-52.96
823.925	582.28
824.095	651.16
824.264	-197.31
824.433	-545.13
824.603	67.3
824.772	-51.23
824.942	-374.68
825.111	-28.14
825.28	-39.75
825.45	66.09
825.619	206.21
825.788	170.79
825.958	-24.47
826.127	53.92
826.296	48.21
826.465	69.65
826.635	120.85
826.804	131.88
826.973	28.04
827.142	6.81
827.311	214.77
827.48	192.84
827.649	125.39
827.818	248.82
827.988	35.2
828.157	61.44
828.326	8.49
828.495	134.84
828.664	133.85
828.833	141.34
829.002	-211.18
829.17	-195.97
829.339	303.52
829.508	-51.82
829.677	-31.46
829.846	66.05
830.015	-86.76
830.184	33.68
830.352	32.57
830.521	132.37
830.69	-9.76
830.859	2588.24
831.027	526.32
831.196	47.58
831.365	-1.4
831.533	8.38
831.702	-42.11
831.871	-51.08
832.039	134.11
832.208	-27.83
832.377	229.92
832.545	63.75
832.714	56.98
832.882	-8.27
833.051	126.52
833.219	2457.14
833.388	118.96
833.556	-68.8
833.724	18.37
833.893	0.8
834.061	-1368.42
834.23	-6.78
834.398	47.88
834.566	-254.55
834.735	7600
834.903	-777.36
835.071	7840
835.239	-76.07
835.408	-36.61
835.576	288.37
835.744	86.54
835.912	154.95
836.08	92.96
836.249	-233.96
836.417	560.43
836.585	200.6
836.753	20.71
836.921	114.59
837.089	1771.43
837.257	-576.74
837.425	-105.53
837.593	28.93
837.761	-35.6
837.929	67.75
838.097	68.4
838.265	-31.48
838.433	-36.72
838.601	53.05
838.769	65.82
838.936	292.13
839.104	66.49
839.272	-25.04
839.44	-1.24
839.608	-97.56
839.775	-26.77
839.943	137.59
840.111	20.93
840.279	-30.02
840.446	417.91
840.614	-285.71
840.781	149.57
840.949	-16.77
841.117	128.51
841.284	-305.58
841.452	94.41
841.619	-24.96
841.787	178.6
841.954	37.21
842.122	-23.12
842.289	43.91
842.457	-116.71
842.624	66.51
842.792	-213.14
842.959	-4.57
843.126	-52.96
843.294	-37.69
843.461	135.35
843.629	-195.2
843.796	34.56
843.963	-141.63
844.13	170.14
844.298	29.34
844.465	197.08
844.632	-62.11
844.799	-100.5
844.966	52.77
845.134	40.72
845.301	30.53
845.468	-29.14
845.635	175.27
845.802	251.91
845.969	43.99
846.136	-32.87
846.303	-1242.11
846.47	61.25
846.637	363.08
846.804	1094.74
846.971	-123.28
847.138	210.04
847.305	92.04
847.472	27.96
847.639	-32.79
847.805	129.44
847.972	-379.22
848.139	96.14
848.306	2231.58
848.473	-65.67
848.639	2.69
848.806	-339.2
848.973	42.07
849.14	146.37
849.306	-62.78
849.473	34.44
849.64	-467.69
849.806	-105.26
849.973	542.7
850.139	90.07
850.306	56.93
850.472	72.32
850.639	14.43
850.806	-2505.26
850.972	723.48
851.139	4514.29
851.305	0.96
851.471	-31.32
851.638	319.02
851.804	113.43
851.971	51.44
852.137	-3.07
852.303	160
852.47	82.41
852.636	3.83
852.802	69.29
852.968	308.09
853.135	40.61
853.301	-78.61
853.467	-36.72
853.633	80.14
853.8	44.08
853.966	-221.32
854.132	6742.86
854.298	-108.03
854.464	292.13
854.63	89.41
854.796	143.73
854.962	-40.29
855.128	29.09
855.294	-35.46
855.46	-25.81
855.626	9.93
855.792	-30.89
855.958	353.4
856.124	-211.04
856.29	-116.56
856.456	49.04
856.622	52.77
856.787	1288.31
856.953	27.77
857.119	-122.77
857.285	-49.29
857.45	-45.23
857.616	116.2
857.782	40.92
857.948	53.92
858.113	-21.84
858.279	46.7
858.445	286.61
858.61	623.26
858.776	186.23
858.941	-99.01
859.107	56.94
859.273	18.82
859.438	-60.52
859.604	-231.58
859.769	31.5
859.935	-419.8
860.1	61.87
860.265	9.9
860.431	-5.76
860.596	-3542.86
860.762	172.59
860.927	9.07
861.092	82.14
861.258	-133.71
861.423	-12.36
861.588	143.92
861.753	-2685.71
861.919	83.02
862.084	50.39
862.249	98.98
862.414	-21.84
862.579	174.62
862.745	38.76
862.91	152.03
863.075	5.21
863.24	-43.22
863.405	8.04
863.57	63.84
863.735	2.43
863.9	-598.23
864.065	19.08
864.23	146.7
864.395	83.99
864.56	77.34
864.725	-40.51
864.89	305.62
865.055	74.35
865.22	39.59
865.384	-274.16
865.549	-392.23
865.714	12.18
865.879	-154.75
866.044	6.56
866.208	51.61
866.373	70.33
866.538	102.11
866.702	10.49
866.867	89.98
867.032	-40.47
867.196	85.92
867.361	73.6
867.526	60.09
867.69	-27.4
867.855	57.14
868.019	290.91
868.184	-23.07
868.348	129.69
868.513	-761.29
868.677	49.81
868.842	35.34
869.006	216.43
869.17	-596.23
869.335	487.8
869.499	-182.52
869.663	630.46
869.828	-46.96
869.992	-409.3
870.156	52.77
870.321	-82.11
870.485	8.87
870.649	111.87
870.813	-273.06
870.978	93.62
871.142	-504.62
871.306	-37.91
871.47	356.2
871.634	343.31
871.798	-121.74
871.962	200.46
872.126	7600
872.29	25.18
872.454	2971.43
872.618	130.14
872.782	686.57
872.946	303.36
873.11	-64.32
873.274	122.54
873.438	258.82
873.602	51.72
873.766	-20.78
873.93	51.51
874.094	359.55
874.257	33.95
874.421	247.4
874.585	7.27
874.749	33.57
874.912	-66.19
875.076	90.32
875.24	116.72
875.403	236.18
875.567	-73.14
875.731	143.82
875.894	76.73
876.058	72.73
876.222	49.44
876.385	207.04
876.549	79.49
876.712	509.09
876.876	-51.82
877.039	200.77
877.203	180.8
877.366	35.8
877.529	-240.28
877.693	111.42
877.856	186.3
878.02	32.85
878.183	-81.5
878.346	228.57
878.51	-141.59
878.673	-40.29
878.836	142.59
878.999	-567.74
879.163	107.73
879.326	7.16
879.489	226.7
879.652	43.12
879.815	69.09
879.978	-124.08
880.142	496.64
880.305	355.28
880.468	76.14
880.631	37.14
880.794	9.54
880.957	-126.83
881.12	1458.82
881.283	82.51
881.446	84.1
881.609	80.58
881.772	169.38
881.935	-658.82
882.097	108.44
882.26	-369.81
882.423	38.19
882.586	156.46
882.749	85.13
882.912	-107.98
883.074	61.15
883.237	98.05
883.4	142.18
883.562	-5.17
883.725	-252.8
883.888	-25.2
884.05	-13520
884.213	33.75
884.376	-15.59
884.538	31.56
884.701	31.56
884.863	31.56
