181.954	111.34
182.172	111.34
182.39	111.34
182.608	3140
182.826	710.99
183.043	-255.74
183.261	97.82
183.479	197.36
183.697	-276.47
183.914	116.19
184.132	166.31
184.35	333.18
184.567	30.14
184.785	96.46
185.003	-21.34
185.22	-30.47
185.438	119.96
185.656	120.1
185.873	-958.46
186.091	30.64
186.309	-741.38
186.526	-91.86
186.744	46.91
186.961	68.11
187.179	-57.35
187.396	50.29
187.614	333.85
187.831	-1660
188.049	-199.39
188.266	59.28
188.484	-861.19
188.701	278.64
188.919	51.92
189.136	96.01
189.354	-236.68
189.571	50.71
189.789	130.16
190.006	56.06
190.223	-70.81
190.441	74.59
190.658	671.43
190.876	71.78
191.093	-370.33
191.31	1.54
191.528	25.06
191.745	-21.84
191.962	130.09
192.179	-42.95
192.397	-257.89
192.614	5.06
192.831	-63.1
193.049	68.3
193.266	80.58
193.483	51.55
193.7	-404.62
193.917	65.63
194.135	508.63
194.352	-14.29
194.569	36.12
194.786	176.03
195.003	123.42
195.221	-0.13
195.438	-80.92
195.655	198.49
195.872	3.73
196.089	35.55
196.306	-22.95
196.523	116.3
196.74	196.33
196.957	36.02
197.174	37.06
197.391	89.04
197.608	59.57
197.825	345.16
198.042	83.52
198.259	1162.07
198.476	102.43
198.693	740
198.91	103.43
199.127	-413.43
199.344	23.89
199.561	395.95
199.778	73.63
199.995	123.88
200.212	955.17
200.429	-51.66
200.646	-46.84
200.862	-52.81
201.079	18.51
201.296	301.32
201.513	10.68
201.73	-13.65
201.947	8.68
202.163	47.9
202.38	-27.17
202.597	365.24
202.814	81.02
203.03	-1420
203.247	89.95
203.464	103.06
203.681	-466.23
203.897	97.89
204.114	-224.53
204.331	62.35
204.547	-448.84
204.764	-26.51
204.981	1982.35
205.197	305.96
205.414	-0.53
205.63	1286.21
205.847	-90.95
206.064	500
206.28	-75.48
206.497	-86.6
206.713	136.87
206.93	-28.42
207.146	-36.27
207.363	112.31
207.579	-343.96
207.796	-126.55
208.012	0.27
208.229	-305.97
208.445	6.27
208.662	32.1
208.878	157.88
209.095	-3735.29
209.311	-4.25
209.528	6157.14
209.744	4.25
209.96	47.02
210.177	-210.68
210.393	65.77
210.609	5540
210.826	6.75
211.042	207.83
211.258	285.07
211.475	-154.55
211.691	48.74
211.907	-122.78
212.124	-24.58
212.34	74.86
212.556	13.82
212.772	-792.31
212.989	-103.97
213.205	-18.08
213.421	-253.77
213.637	-1.49
213.853	173.15
214.069	57.89
214.286	38.19
214.502	-73.13
214.718	41.07
214.934	81.87
215.15	31.8
215.366	52.7
215.582	105.65
215.798	90.72
216.015	132.15
216.231	136.76
216.447	83.98
216.663	-41.94
216.879	-163.32
217.095	218.12
217.311	24.53
217.527	141.87
217.743	-94.17
217.959	24.53
218.175	-46.08
218.391	146.04
218.606	-158.29
218.822	-261.74
219.038	-96.79
219.254	7.37
219.47	47.39
219.686	850.56
219.902	130.48
220.118	33.43
220.334	15.25
220.549	157.91
220.765	-92.74
220.981	-27.32
221.197	49.5
221.413	-383.52
221.628	-396.2
221.844	296.23
222.06	313.59
222.276	-94.85
222.491	85.99
222.707	39.67
222.923	-39.6
223.139	66.93
223.354	-41.94
223.57	-29.13
223.786	-12.83
224.001	-65.25
224.217	-122.74
224.432	14.45
224.648	178.62
224.864	-86.99
225.079	-1076.12
225.295	-3.23
225.51	272.97
225.726	-14.58
225.942	187.77
226.157	34.13
226.373	-102.55
226.588	141.26
226.804	-4173.68
227.019	11.56
227.235	30.2
227.45	11.42
227.665	2180
227.881	169.29
228.096	-480.87
228.312	-83.62
228.527	97.46
228.743	-96.57
228.958	76.68
229.173	-439.13
229.389	-14.29
229.604	22.47
229.819	38.96
230.035	-186.93
230.25	-35.28
230.465	-66.81
230.681	27.04
230.896	-20.37
231.111	36.32
231.327	169.21
231.542	-8380
231.757	214.5
231.972	-17.31
232.187	55.74
232.403	-2342.11
232.618	-41.02
232.833	57.78
233.048	-110.91
233.263	-80.5
233.478	-480.87
233.694	-225.58
233.909	-119.35
234.124	90.95
234.339	35.03
234.554	-327.59
234.769	92.07
234.984	-167.26
235.199	187.88
235.414	-307.08
235.629	-532.91
235.844	81.4
236.059	113.17
236.274	-7.55
236.489	-207.21
236.704	172.28
236.919	-84.26
237.134	9.27
237.349	126.98
237.564	33.84
237.779	-12.93
237.994	76.17
238.209	58.8
238.424	50.92
238.639	93.16
238.853	-12.98
239.068	39.58
239.283	54.08
239.498	113.72
239.713	119.01
239.928	17.64
240.142	92.34
240.357	117.44
240.572	23.38
240.787	97.82
241.001	45.53
241.216	85.87
241.431	295.02
241.646	71.81
241.86	-43.5
242.075	-783.72
242.29	8.41
242.504	33.91
242.719	350.93
242.934	-142.52
243.148	-79.5
243.363	-90.43
243.577	-79.78
243.792	-29.55
244.007	-16.64
244.221	266.23
244.436	-198.51
244.65	-88.96
244.865	-125.59
245.079	21.08
245.294	-553.24
245.508	128.51
245.723	-78.03
245.937	-27.47
246.152	-120.94
246.366	51.29
246.581	96.42
246.795	50.92
247.01	82.06
247.224	45.48
247.438	-8.67
247.653	26.47
247.867	202.54
248.081	58.93
248.296	-436.59
248.51	64.79
248.724	65.89
248.939	-270.15
249.153	-122.04
249.367	-9.85
249.582	16.08
249.796	-357.14
250.01	-302.65
250.224	38.61
250.439	9.86
250.653	248.33
250.867	-2.23
251.081	-148.34
251.295	-20.68
251.51	-163.83
251.724	-216.55
251.938	366.17
252.152	140.88
252.366	55.45
252.58	-67.27
252.794	76.18
253.008	31.13
253.223	-88.03
253.437	127.59
253.651	-16.88
253.865	73.23
254.079	-66.73
254.293	-24.25
254.507	-438.18
254.721	-3.23
254.935	196.7
255.149	182.88
255.363	68.14
255.577	-39.6
255.791	-102.03
256.005	301.23
256.218	-23.54
256.432	-15.6
256.646	-47.51
256.86	6.48
257.074	98.73
257.288	-3100
257.502	-304.4
257.716	-94.96
257.929	50.45
258.143	-65.1
258.357	25.09
258.571	74.91
258.785	-33
258.998	-83.84
259.212	119.96
259.426	42.6
259.64	43.58
259.853	-22.88
260.067	64.4
260.281	111.96
260.494	89.4
260.708	369.31
260.922	113.14
261.135	81.79
261.349	-113.11
261.563	48.92
261.776	1347.06
261.99	41.86
262.203	18.02
262.417	46.29
262.63	-20.68
262.844	108.99
263.058	109.49
263.271	-38.66
263.485	79.54
263.698	48.31
263.912	-36.17
264.125	-58.32
264.339	8.66
264.552	-65.56
264.765	-303.48
264.979	123.82
265.192	55.31
265.406	-41.68
265.619	118.36
265.832	151.91
266.046	-105.61
266.259	-20.68
266.473	-1667.74
266.686	86.28
266.899	125.51
267.113	-1420
267.326	148.06
267.539	5.77
267.752	4.37
267.966	32.34
268.179	88.19
268.392	48.16
268.605	-170.87
268.819	81.8
269.032	164.45
269.245	832.31
269.458	43.91
269.671	-851.9
269.885	29.05
270.098	46.96
270.311	-532.91
270.524	21.83
270.737	58.06
270.95	-72.19
271.163	112.6
271.376	190.32
271.589	-897.47
271.802	39.8
272.016	183.39
272.229	77.81
272.442	-408.5
272.655	-33.91
272.868	-106.48
273.081	-201.12
273.294	11.06
273.506	37.81
273.719	24.53
273.932	9.72
274.145	-700
274.358	142.22
274.571	84.54
274.784	567.92
274.997	0.97
275.21	31.06
275.423	-82.79
275.635	-109.05
275.848	3.51
276.061	94.7
276.274	-18.67
276.487	218.26
276.699	-0.25
276.912	48.85
277.125	-342.55
277.338	-16.99
277.55	31.51
277.763	-78.31
277.976	146.49
278.189	157.14
278.401	45.65
278.614	471.2
278.827	6.26
279.039	-30.7
279.252	61.33
279.464	-110.74
279.677	120.03
279.89	-4.63
280.102	-211.56
280.315	382.93
280.527	-3478.95
280.74	-575.86
280.952	121.2
281.165	-60.93
281.377	105.35
281.59	59.87
281.802	146.65
282.015	-29.16
282.227	51.47
282.44	292.81
282.652	-66.29
282.865	101.9
283.077	-29.16
283.29	124.56
283.502	28.18
283.714	90.52
283.927	140.32
284.139	-215.88
284.351	82.61
284.564	50.8
284.776	119.26
284.988	12.37
285.201	249.25
285.413	25.79
285.625	-44.86
285.838	10.84
286.05	18.17
286.262	88.19
286.474	90.33
286.686	-16.37
286.899	-194.17
287.111	-36.47
287.323	-51.4
287.535	262.38
287.747	121.72
287.959	-29.05
288.172	-569.09
288.384	20.52
288.596	-125.97
288.808	318.87
289.02	-20.75
289.232	172.46
289.444	-68.1
289.656	-94.14
289.868	-52.05
290.08	146.63
290.292	71.06
290.504	-20.34
290.716	64.35
290.928	51.1
291.14	472.09
291.352	95.32
291.564	-135.29
291.776	150.1
291.988	6.75
292.2	-114.22
292.412	195.14
292.624	16.07
292.835	34.33
293.047	35.2
293.259	26.02
293.471	206.79
293.683	-436.59
293.895	37.65
294.106	1.36
294.318	112.52
294.53	11.06
294.742	872.41
294.953	-159.78
295.165	39
295.377	100.75
295.589	18.74
295.8	81.11
296.012	84.84
296.224	-51.63
296.435	110.42
296.647	119.19
296.858	102.88
297.07	500
297.282	-7.07
297.493	-49.49
297.705	-165.14
297.916	-35.99
298.128	123.98
298.34	-49.32
298.551	-31.7
298.763	-23.54
298.974	117.75
299.186	-16.64
299.397	-140.23
299.609	190.32
299.82	141.41
300.031	21.06
300.243	-1205.26
300.454	6.75
300.666	29.68
300.877	124.64
301.089	-36.17
301.3	102.44
301.511	16.65
301.723	-103.99
301.934	-216.42
302.145	21.45
302.357	166.86
302.568	154.4
302.779	-4.83
302.99	-70.4
303.202	10.42
303.413	-11.94
303.624	-85.76
303.835	-20.75
304.047	-170.45
304.258	12.22
304.469	37.13
304.68	33.2
304.891	-48.12
305.103	13.51
305.314	112.71
305.525	-2242.86
305.736	112.6
305.947	2.64
306.158	1064.71
306.369	39.06
306.58	58
306.791	177.38
307.002	120.83
307.213	-42.47
307.424	16.61
307.636	-19.89
307.846	97.49
308.057	33.98
308.268	7.45
308.479	56.47
308.69	52.68
308.901	30.58
309.112	-1593.02
309.323	-50.78
309.534	106.18
309.745	105.79
309.956	-33.71
310.167	-34.45
310.377	40.36
310.588	65.26
310.799	-204.45
311.01	-0.23
311.221	107.39
311.432	-7.74
311.642	20
311.853	-31.93
312.064	1368.97
312.275	232.34
312.485	121.2
312.696	47.91
312.907	71.86
313.117	103.21
313.328	57.11
313.539	12.02
313.749	-65.76
313.96	-541.76
314.171	20.21
314.381	68.3
314.592	-6.22
314.802	-35.29
315.013	-150.68
315.224	46.79
315.434	-447.37
315.645	5060
315.855	-176.84
316.066	351.69
316.276	211.66
316.487	412.2
316.697	40.4
316.908	13.27
317.118	35.95
317.329	-65.83
317.539	20
317.749	108.58
317.96	-968.66
318.17	-150.54
318.381	143.96
318.591	-607.69
318.801	-1.88
319.012	-85.16
319.222	-466.99
319.432	8.68
319.643	167.64
319.853	-5.83
320.063	31.4
320.273	68.9
320.484	-185.71
320.694	250.2
320.904	-45.08
321.114	-79.78
321.325	127.59
321.535	-80.09
321.745	-4.78
321.955	39.19
322.165	-138.07
322.375	21.8
322.585	117.18
322.796	-79.31
323.006	-20.56
323.216	86.47
323.426	103.97
323.636	109.57
323.846	1493.1
324.056	53.01
324.266	59.63
324.476	61.4
324.686	39.46
324.896	98.92
325.106	658.49
325.316	64.5
325.526	-3163.16
325.736	76.11
325.946	4.14
326.156	764.94
326.366	-439.13
326.576	42.75
326.785	180.4
326.995	214.45
327.205	-103.02
327.415	170.51
327.625	342.34
327.835	30.86
328.044	77.89
328.254	9.57
328.464	-17.31
328.674	92.9
328.884	-285.61
329.093	57.22
329.303	31.11
329.513	157.14
329.722	-2278.95
329.932	115.74
330.142	-1.85
330.351	47.17
330.561	434.55
330.771	-252.77
330.98	-85.29
331.19	407.69
331.4	-140.28
331.609	66.52
331.819	1319.51
332.028	68
332.238	105.42
332.447	88.78
332.657	37.42
332.866	46.58
333.076	47.05
333.285	77.85
333.495	74.19
333.704	-210.31
333.914	47.58
334.123	-30.9
334.333	315.38
334.542	-39.51
334.752	481.54
334.961	-111.32
335.17	-24.62
335.38	-104.9
335.589	48.29
335.798	58.93
336.008	-396.7
336.217	229.36
336.426	55.47
336.636	-107.66
336.845	97.75
337.054	157.14
337.263	-6.1
337.473	7.05
337.682	199.02
337.891	39.75
338.1	68.35
338.309	72.95
338.519	84.51
338.728	50.18
338.937	-322.05
339.146	-233.81
339.355	137.74
339.564	-384.21
339.773	11.56
339.983	27.48
340.192	-919.13
340.401	163.22
340.61	-33.71
340.819	-3.89
341.028	67.21
341.237	3747.06
341.446	58.13
341.655	-9.18
341.864	-125.59
342.073	39.78
342.282	-182.41
342.491	-17.73
342.699	-164.08
342.908	219.48
343.117	94.72
343.326	-58.7
343.535	-329.09
343.744	-129.51
343.953	-178.86
344.162	34.16
344.37	18.74
344.579	714.93
344.788	-147.57
344.997	96.24
345.206	70.03
345.414	44.67
345.623	181.18
345.832	25.06
346.041	134.52
346.249	88.57
346.458	15.83
346.667	110.81
346.875	25.97
347.084	16.48
347.293	28.29
347.501	27.96
347.71	34.87
347.918	-0.37
348.127	-620.88
348.336	-302.65
348.544	157.49
348.753	446.27
348.961	62.08
349.17	203.47
349.378	123.65
349.587	32.51
349.795	92.23
350.004	112.31
350.212	34.33
350.421	-158.41
350.629	-130.82
350.838	4.59
351.046	107.98
351.254	25.05
351.463	14.5
351.671	-447.37
351.879	28.67
352.088	38.32
352.296	-20.35
352.504	171.23
352.713	67.61
352.921	-0.79
353.129	14.58
353.338	118.66
353.546	-68.56
353.754	-192.02
353.962	-137.64
354.171	21.76
354.379	-1647.37
354.587	44.59
354.795	93.49
355.003	35.97
355.212	-87.31
355.42	1088.68
355.628	124.1
355.836	182.71
356.044	-62.14
356.252	29.22
356.46	16.64
356.668	1053.85
356.876	67.5
357.084	-1.98
357.292	-21.08
357.5	-86.05
357.708	80.1
357.916	-32.97
358.124	80.17
358.332	105.97
358.54	-765.45
358.748	-512.99
358.956	-26.13
359.164	22.99
359.372	77.04
359.58	-164.75
359.788	68.77
359.996	177.75
360.203	-16.64
360.411	17.47
360.619	-440.7
360.827	32.23
361.035	-88.96
361.242	77.71
361.45	-791.14
361.658	90.52
361.866	-9.16
362.073	-13.07
362.281	79.71
362.489	-17.16
362.697	-63.1
362.904	-18.43
363.112	27.37
363.32	14.24
363.527	186.96
363.735	-37.45
363.943	50.19
364.15	156.54
364.358	-12.22
364.565	-41.68
364.773	50.3
364.98	-199.65
365.188	-2.81
365.395	-18.11
365.603	60.68
365.81	-14.66
366.018	38.61
366.225	116.82
366.433	-24.07
366.64	78.74
366.848	84.56
367.055	-4.08
367.263	15.97
367.47	-12.34
367.677	363.29
367.885	-77.38
368.092	43.58
368.299	-105.07
368.507	126.1
368.714	75.22
368.921	-123.62
369.129	8.25
369.336	18.86
369.543	-15.77
369.751	-46.47
369.958	-113.45
370.165	103.35
370.372	26.39
370.579	-73.91
370.787	19.4
370.994	106.56
371.201	-29.7
371.408	-13.57
371.615	5.44
371.822	-13.9
372.029	36.27
372.237	-172
372.444	-44.86
372.651	11.47
372.858	53.08
373.065	19.04
373.272	-43.22
373.479	-493.1
373.686	-171.09
373.893	150.49
374.1	17.7
374.307	-311.51
374.514	150.2
374.721	-35.64
374.928	172.73
375.135	-6.35
375.341	260
375.548	17.17
375.755	17.2
375.962	24.31
376.169	-45.2
376.376	28.74
376.583	-50.78
376.789	59.07
376.996	112.52
377.203	-45.89
377.41	15.97
377.617	65.31
377.823	140.64
378.03	-41.94
378.237	29.36
378.443	-144.57
378.65	477.36
378.857	-35.79
379.063	272.15
379.27	-73.91
379.477	48.77
379.683	-91.83
379.89	3.71
380.097	-23.68
380.303	28.6
380.51	-25.8
380.716	-18.6
380.923	-66.93
381.129	-0.15
381.336	-189.76
381.542	67.64
381.749	26.73
381.955	127.1
382.162	103.21
382.368	-33.91
382.575	-65.32
382.781	1286.21
382.988	-71.32
383.194	13.48
383.4	-29.85
383.607	30.17
383.813	-115.5
384.02	-15.84
384.226	44.83
384.432	8.59
384.639	69.56
384.845	-244.3
385.051	64.58
385.257	-7.63
385.464	57.17
385.67	61.81
385.876	28.29
386.082	-77.63
386.289	25.38
386.495	-61.36
386.701	42.67
386.907	33.5
387.113	-9.71
387.319	82.39
387.526	-94.14
387.732	-29.13
387.938	10.4
388.144	186.96
388.35	28.88
388.556	86.45
388.762	29.63
388.968	-560.47
389.174	-0.13
389.38	25.7
389.586	-14.29
389.792	-40.46
389.998	-137.58
390.204	10.2
390.41	46.1
390.616	-9.16
390.822	-45.05
391.028	-1.34
391.234	37.86
391.439	-199.03
391.645	19
391.851	72.47
392.057	-62.14
392.263	23.83
392.469	28.34
392.674	-8.92
392.88	-8.29
393.086	40.12
393.292	-33.09
393.498	-26.43
393.703	-1.08
393.909	60.63
394.115	52.77
394.32	-24.16
394.526	-25.48
394.732	70.21
394.937	41.48
395.143	-44.13
395.349	-59.83
395.554	-320.1
395.76	35.87
395.965	25.41
396.171	-24.52
396.377	-2.54
396.582	44.02
396.788	-6.52
396.993	5.71
397.199	-14.29
397.404	0.71
397.61	-37.67
397.815	-80.94
398.021	-69.96
398.226	-50.47
398.431	-16.85
398.637	46.98
398.842	35.59
399.048	25.21
399.253	35.66
399.458	25.97
399.664	-3.63
399.869	-23.03
400.074	5.29
400.28	10.74
400.485	-14.04
400.69	19.01
400.896	-24.75
401.101	12.27
401.306	0.69
401.511	7.55
401.716	11.09
401.922	-16.89
402.127	-19.17
402.332	-29.93
402.537	20.27
402.742	4.56
402.947	28.32
403.153	-11.19
403.358	-5.26
403.563	-0.04
403.768	3.42
403.973	-16.14
404.178	-4.74
404.383	9.67
404.588	27.35
404.793	6.33
404.998	-4.96
405.203	5.49
405.408	4.95
405.613	7.65
405.818	12.85
406.023	6.9
406.228	-7.54
406.433	-7.41
406.638	-2.84
406.842	6.72
407.047	8.94
407.252	4.48
407.457	13.21
407.662	6.53
407.867	6.05
408.071	9.57
408.276	3.49
408.481	8.66
408.686	3.25
408.891	10.19
409.095	12.71
409.3	6.83
409.505	8.35
409.709	5.53
409.914	3.03
410.119	0.86
410.323	-7.27
410.528	-3.66
410.733	8.45
410.937	0.41
411.142	2.44
411.346	10.53
411.551	-0.38
411.756	1.5
411.96	5.82
412.165	1.43
412.369	5.88
412.574	2.42
412.778	3.07
412.983	0.69
413.187	6.67
413.392	-0.55
413.596	6.95
413.8	5.53
414.005	6.15
414.209	4.79
414.414	3.03
414.618	2.09
414.822	2.9
415.027	5.02
415.231	4.19
415.435	3.78
415.64	4.36
415.844	4.49
416.048	3.99
416.252	7.51
416.457	3.23
416.661	4.78
416.865	2.28
417.069	5.06
417.274	4.06
417.478	2.79
417.682	4.3
417.886	3.82
418.09	6.2
418.294	4.28
418.498	3.05
418.702	3.24
418.907	3.58
419.111	2.97
419.315	4.23
419.519	4.18
419.723	1.78
419.927	4.54
420.131	5.02
420.335	3.7
420.539	3.37
420.743	5.69
420.947	2.76
421.151	3.34
421.355	3.51
421.558	4.79
421.762	3.02
421.966	3.37
422.17	3.4
422.374	5.26
422.578	4.13
422.782	3.88
422.985	3.43
423.189	3.05
423.393	3.04
423.597	2.62
423.801	3.32
424.004	3.33
424.208	2.45
424.412	2.6
424.615	3.73
424.819	3.43
425.023	4.4
425.226	5.02
425.43	5.33
425.634	3.55
425.837	3.53
426.041	4.06
426.245	4.01
426.448	3.01
426.652	4.06
426.855	3.57
427.059	3.01
427.262	4.44
427.466	2.81
427.669	3.45
427.873	3.64
428.076	3.65
428.28	3.58
428.483	3.51
428.687	2.96
428.89	3.94
429.094	3.37
429.297	3.91
429.5	3.41
429.704	3.34
429.907	3.73
430.11	3.63
430.314	3.83
430.517	3.18
430.72	3.51
430.924	3.84
431.127	3.06
431.33	3.33
431.533	3.53
431.737	3.23
431.94	3.17
432.143	3.04
432.346	3.63
432.549	3.27
432.752	2.51
432.956	3.44
433.159	3.03
433.362	2.91
433.565	3.12
433.768	3.51
433.971	2.8
434.174	3.43
434.377	3.6
434.58	3.54
434.783	3.18
434.986	3.51
435.189	4.03
435.392	3.08
435.595	3.68
435.798	3.5
436.001	3.42
436.204	3.33
436.407	3
436.61	3
436.813	3.17
437.016	3.44
437.219	3.01
437.421	3.11
437.624	2.98
437.827	3.07
438.03	3.25
438.233	3.18
438.435	3.39
438.638	3.29
438.841	2.78
439.044	3.1
439.246	3.58
439.449	3.05
439.652	3.45
439.854	3.51
440.057	3.53
440.26	3.34
440.462	3.44
440.665	2.99
440.868	3.34
441.07	3.51
441.273	3.25
441.475	3.29
441.678	3.27
441.88	3.26
442.083	3.12
442.286	2.98
442.488	3.31
442.69	3.75
442.893	3.1
443.095	3.1
443.298	3.24
443.5	3.36
443.703	3.21
443.905	3.56
444.108	3.29
444.31	3.34
444.512	3.24
444.715	3.82
444.917	3.23
445.119	3.55
445.322	3.58
445.524	3.39
445.726	2.81
445.928	3.6
446.131	3.48
446.333	3.6
446.535	3.66
446.737	3.63
446.94	3.92
447.142	3.63
447.344	4.02
447.546	3.4
447.748	3.64
447.95	3.51
448.152	3.65
448.354	3.73
448.557	4.05
448.759	3.38
448.961	3.34
449.163	3.6
449.365	3.53
449.567	3.82
449.769	3.72
449.971	3.93
450.173	3.78
450.375	3.91
450.577	3.71
450.779	3.83
450.981	3.89
451.182	3.93
451.384	3.65
451.586	4.05
451.788	3.93
451.99	4.44
452.192	3.91
452.394	4.18
452.595	4.43
452.797	4.23
452.999	4.39
453.201	4.35
453.402	4.34
453.604	4.18
453.806	4.47
454.008	4.16
454.209	4.67
454.411	4.2
454.613	4.43
454.814	4.68
455.016	4.4
455.218	4.61
455.419	4.58
455.621	4.54
455.822	4.57
456.024	4.48
456.225	4.65
456.427	4.42
456.629	4.59
456.83	4.62
457.032	4.49
457.233	4.23
457.435	4.19
457.636	5.1
457.837	4.98
458.039	4.36
458.24	4.72
458.442	5.14
458.643	4.42
458.844	5.57
459.046	4.85
459.247	4.92
459.448	5.03
459.65	4.56
459.851	4.59
460.052	4.75
460.254	5.07
460.455	5.05
460.656	4.36
460.857	4.61
461.059	4.65
461.26	4.85
461.461	4.76
461.662	4.68
461.863	5.63
462.065	5.5
462.266	5.5
462.467	4.53
462.668	4.95
462.869	5.27
463.07	4.79
463.271	5.67
463.472	4.74
463.673	4.2
463.874	5.37
464.075	4.88
464.276	5.42
464.477	5.41
464.678	6.2
464.879	5.12
465.08	4.6
465.281	5.5
465.482	4.81
465.683	3.83
465.884	5.17
466.085	4.83
466.285	4.26
466.486	5.11
466.687	5.68
466.888	4.99
467.089	4.95
467.29	5.5
467.49	5.95
467.691	5.51
467.892	5.19
468.093	5.45
468.293	5.44
468.494	5.62
468.695	3.76
468.895	5.21
469.096	4.23
469.297	5.49
469.497	4.06
469.698	5.92
469.898	3.58
470.099	6.49
470.3	5.76
470.5	4.48
470.701	6.02
470.901	6.53
471.102	5.62
471.302	5.25
471.503	5.34
471.703	6.03
471.904	4.39
472.104	4.63
472.305	5.64
472.505	5.62
472.705	7.03
472.906	5.99
473.106	6.43
473.306	4.74
473.507	6.75
473.707	5.58
473.907	5.65
474.108	3.99
474.308	4.9
474.508	5.53
474.709	5.17
474.909	4.91
475.109	4.78
475.309	5.26
475.51	3.79
475.71	6.08
475.91	5.67
476.11	4.85
476.31	4.66
476.51	5.26
476.71	5.29
476.911	6.97
477.111	5.7
477.311	4.09
477.511	6.1
477.711	4.49
477.911	5.18
478.111	5.37
478.311	5.29
478.511	4.71
478.711	5.9
478.911	3.93
479.111	4.66
479.311	5.99
479.511	7.48
479.711	3.38
479.91	5.1
480.11	5.51
480.31	5.69
480.51	6.23
480.71	4.94
480.91	5.94
481.109	6.73
481.309	5.51
481.509	4.55
481.709	5.04
481.909	6.27
482.108	5.38
482.308	4.31
482.508	6.57
482.707	6.61
482.907	5.22
483.107	4.6
483.306	5.8
483.506	4.79
483.706	4.99
483.905	3.87
484.105	6.33
484.304	4.8
484.504	3.92
484.704	5.3
484.903	5.49
485.103	5.29
485.302	3.98
485.502	5.59
485.701	5.29
485.901	5.17
486.1	7.31
486.299	5.66
486.499	4.47
486.698	4.77
486.898	5.45
487.097	5.31
487.296	4.82
487.496	5.58
487.695	5.5
487.894	6.23
488.094	6.31
488.293	6.17
488.492	6.05
488.692	5.94
488.891	4.6
489.09	5.81
489.289	5.66
489.489	5.44
489.688	3.53
489.887	4.12
490.086	5.24
490.285	6.18
490.484	4.9
490.683	5.62
490.883	6.01
491.082	6.01
491.281	4.81
491.48	6.07
491.679	5.01
491.878	6.28
492.077	6.47
492.276	6.29
492.475	5.22
492.674	4.45
492.873	5.2
493.072	5.77
493.271	5.73
493.47	4.73
493.669	5.02
493.867	5.66
494.066	5.96
494.265	6.59
494.464	6
494.663	4.9
494.862	4.57
495.06	5.46
495.259	5.17
495.458	5.75
495.657	5.53
495.856	6.56
496.054	6.24
496.253	5.98
496.452	6.24
496.65	5.78
496.849	5.72
497.048	5.43
497.246	4.88
497.445	5.24
497.644	5.16
497.842	6.05
498.041	6.33
498.239	5.88
498.438	6.44
498.636	6.57
498.835	6.82
499.034	5.94
499.232	6.13
499.431	5.34
499.629	5.62
499.827	8.01
500.026	5.31
500.224	6.34
500.423	5.58
500.621	5.97
500.82	5.84
501.018	7.23
501.216	6.36
501.415	6.4
501.613	5.94
501.811	6.62
502.01	6.6
502.208	6.24
502.406	6.89
502.604	6.9
502.803	6.73
503.001	7.71
503.199	6.56
503.397	6.15
503.595	6.37
503.794	6.08
503.992	6.71
504.19	6.36
504.388	7.39
504.586	7
504.784	7.36
504.982	7.09
505.18	6.64
505.378	7.2
505.576	7.12
505.774	7.28
505.972	7.61
506.17	7.52
506.368	7.57
506.566	7.24
506.764	7.08
506.962	7.67
507.16	7.77
507.358	7.31
507.556	7.71
507.754	7.81
507.952	8.13
508.15	8.07
508.347	7.51
508.545	7.58
508.743	7.37
508.941	8.23
509.139	8.56
509.336	8.8
509.534	8.19
509.732	8.39
509.93	7.78
510.127	8.57
510.325	8.51
510.523	8.87
510.72	8.28
510.918	8.74
511.116	8.4
511.313	8.54
511.511	8.4
511.708	8.34
511.906	9.32
512.104	8.97
512.301	8.87
512.499	9.03
512.696	8.62
512.894	8.66
513.091	9.07
513.289	9.7
513.486	9.33
513.683	9.15
513.881	9.54
514.078	9.02
514.276	9.68
514.473	9.42
514.67	10.09
514.868	9.88
515.065	10.65
515.262	10.55
515.46	9.35
515.657	9.85
515.854	10.15
516.052	9.38
516.249	10.4
516.446	9.77
516.643	10.6
516.84	10.91
517.038	10.4
517.235	10.34
517.432	10.55
517.629	10.89
517.826	10.3
518.023	11.12
518.221	10.71
518.418	11.24
518.615	10.55
518.812	10.68
519.009	11.19
519.206	11.48
519.403	10.99
519.6	11.2
519.797	10.87
519.994	10.69
520.191	11.72
520.388	11.32
520.585	11.64
520.782	11.12
520.978	10.61
521.175	11.54
521.372	11.97
521.569	11.88
521.766	11.38
521.963	11.57
522.159	12.21
522.356	11.22
522.553	11.76
522.75	11.96
522.947	12.14
523.143	11.5
523.34	12.51
523.537	12.51
523.733	12.6
523.93	12.01
524.127	11.9
524.323	12.81
524.52	12.12
524.717	12.23
524.913	12.03
525.11	11.87
525.306	13.11
525.503	12.18
525.7	12.71
525.896	12.85
526.093	12.13
526.289	13.62
526.486	12.42
526.682	12.64
526.878	12.72
527.075	12.98
527.271	12.57
527.468	13.19
527.664	12.91
527.861	12.78
528.057	12.94
528.253	13.7
528.45	12.71
528.646	12.55
528.842	13.76
529.039	12.39
529.235	13.32
529.431	12.93
529.627	13.3
529.824	13.85
530.02	13.25
530.216	13.55
530.412	13.24
530.608	13.48
530.804	13.45
531.001	13.87
531.197	13.91
531.393	13.41
531.589	13.32
531.785	13.58
531.981	13.27
532.177	14.62
532.373	13.87
532.569	13.36
532.765	13.71
532.961	13.42
533.157	13.34
533.353	14.35
533.549	13.57
533.745	13.79
533.941	14.03
534.137	13.94
534.333	13.71
534.529	13.67
534.725	13.53
534.92	13.98
535.116	13.55
535.312	13.83
535.508	14.14
535.704	13.8
535.899	13.71
536.095	13.45
536.291	14.1
536.487	13.94
536.682	14.77
536.878	14.04
537.074	14.16
537.269	14.09
537.465	14.22
537.661	14.62
537.856	14.06
538.052	14.3
538.248	14.58
538.443	14.66
538.639	14.27
538.834	13.93
539.03	14.38
539.225	14.27
539.421	14.26
539.616	14.58
539.812	14.45
540.007	14.59
540.203	14.26
540.398	13.9
540.593	14.84
540.789	14.22
540.984	14.88
541.18	14.18
541.375	14.36
541.57	14.74
541.766	14.51
541.961	14.48
542.156	14.26
542.352	14.85
542.547	14.79
542.742	14.33
542.937	15.1
543.133	15.54
543.328	14.46
543.523	14.63
543.718	14.92
543.913	14.85
544.108	14.41
544.304	14.26
544.499	14.95
544.694	15.04
544.889	14.7
545.084	14.87
545.279	14.92
545.474	14.58
545.669	14.55
545.864	14.99
546.059	14.76
546.254	15.31
546.449	15.4
546.644	14.7
546.839	15.42
547.034	14.66
547.229	14.5
547.424	15.26
547.618	15.39
547.813	15.17
548.008	14.84
548.203	14.88
548.398	14.51
548.593	15.02
548.787	15.45
548.982	15.12
549.177	15.03
549.372	14.75
549.566	15.08
549.761	14.73
549.956	14.69
550.15	14.86
550.345	15.32
550.54	15.58
550.734	15.29
550.929	14.65
551.124	15.4
551.318	15.09
551.513	14.95
551.707	15.41
551.902	15.36
552.096	15.67
552.291	15.19
552.485	15.01
552.68	15.51
552.874	15.28
553.069	15.57
553.263	15.16
553.458	15.67
553.652	15.43
553.847	14.87
554.041	15.13
554.235	15.02
554.43	15.14
554.624	15.5
554.818	15.8
555.013	14.87
555.207	15.62
555.401	15.82
555.595	15.83
555.79	15.43
555.984	15.7
556.178	15.86
556.372	15.87
556.566	15.3
556.761	15.54
556.955	15.8
557.149	15.75
557.343	15.5
557.537	15.56
557.731	16.26
557.925	15.5
558.119	15.05
558.313	15.88
558.507	15.4
558.701	15.62
558.895	16.01
559.089	16.16
559.283	15.68
559.477	15.91
559.671	15.57
559.865	15.24
560.059	15.84
560.253	15.78
560.447	15.45
560.641	15.34
560.835	15.65
561.028	15.7
561.222	15.54
561.416	15.42
561.61	15.35
561.804	15.79
561.997	15.76
562.191	15.74
562.385	15.36
562.579	15.47
562.772	16.06
562.966	15.52
563.16	15.76
563.353	15.76
563.547	15.77
563.741	16.08
563.934	15.98
564.128	15.96
564.321	15.36
564.515	15.68
564.708	15.93
564.902	15.79
565.095	15.95
565.289	15.57
565.482	15.81
565.676	15.39
565.869	15.15
566.063	15.66
566.256	15.39
566.45	15.54
566.643	15.35
566.836	15.53
567.03	15.77
567.223	15.75
567.416	15.97
567.61	15.56
567.803	15.75
567.996	15.52
568.19	15.55
568.383	15.18
568.576	15.33
568.769	15.11
568.963	15.22
569.156	15.68
569.349	15.62
569.542	15.53
569.735	15.46
569.928	15.74
570.121	15.44
570.315	15.77
570.508	14.97
570.701	15.84
570.894	15.76
571.087	15.17
571.28	15.85
571.473	15.63
571.666	15.22
571.859	14.92
572.052	15.43
572.245	15.92
572.438	15.2
572.631	15.79
572.824	15.61
573.016	15.51
573.209	15.48
573.402	15.23
573.595	15.45
573.788	15.71
573.981	15.38
574.173	15.43
574.366	15.31
574.559	15.39
574.752	15.28
574.944	15.48
575.137	15.1
575.33	15.38
575.523	15.51
575.715	15.23
575.908	15.19
576.101	15.09
576.293	14.6
576.486	14.87
576.678	15.18
576.871	14.87
577.063	15.25
577.256	15.15
577.449	14.91
577.641	15.09
577.834	14.95
578.026	14.84
578.219	14.58
578.411	14.47
578.603	15.36
578.796	14.83
578.988	14.85
579.181	14.8
579.373	15.22
579.565	15.15
579.758	14.91
579.95	15.09
580.142	14.87
580.335	14.73
580.527	14.75
580.719	15.09
580.912	15.21
581.104	15.44
581.296	14.92
581.488	14.67
581.68	15.01
581.873	14.39
582.065	14.54
582.257	14.66
582.449	14.92
582.641	15.05
582.833	14.49
583.025	14.95
583.217	14.95
583.41	15.22
583.602	14.99
583.794	14.75
583.986	14.68
584.178	14.77
584.37	14.69
584.562	14.49
584.753	14.6
584.945	14.57
585.137	14.57
585.329	14.78
585.521	15.09
585.713	14.82
585.905	15.09
586.097	14.62
586.289	14.97
586.48	14.38
586.672	14.25
586.864	14.43
587.056	14.74
587.247	14.12
587.439	14.67
587.631	14.53
587.823	14.57
588.014	14.87
588.206	15.2
588.398	14.32
588.589	15.27
588.781	14.75
588.972	14.52
589.164	14.39
589.356	14.93
589.547	14.65
589.739	14.79
589.93	14.98
590.122	14.55
590.313	14.53
590.505	14.37
590.696	14.79
590.888	14.83
591.079	14.16
591.271	14.84
591.462	14.75
591.653	14.91
591.845	14.69
592.036	14.74
592.227	14.55
592.419	14.36
592.61	14.53
592.801	14.12
592.993	15.11
593.184	14.51
593.375	14.76
593.566	14.53
593.758	14.33
593.949	14.5
594.14	15.19
594.331	14.51
594.522	14.78
594.713	15.16
594.905	14.66
595.096	14.95
595.287	14.55
595.478	14.64
595.669	15.18
595.86	14.54
596.051	14.29
596.242	15.02
596.433	14.85
596.624	14.57
596.815	14.53
597.006	14.21
597.197	14.93
597.388	14.82
597.579	14.5
597.77	14.7
597.96	14.87
598.151	14.3
598.342	14.49
598.533	15.25
598.724	14.88
598.915	14.75
599.105	14.82
599.296	14.77
599.487	14.13
599.678	14.84
599.868	14.88
600.059	14.49
600.25	15.31
600.44	15.2
600.631	15.33
600.822	14.97
601.012	15.21
601.203	15.1
601.394	15.17
601.584	15.41
601.775	15.35
601.965	14.98
602.156	14.74
602.346	15.1
602.537	14.56
602.727	15.04
602.918	14.37
603.108	14.87
603.299	14.31
603.489	15.12
603.679	14.91
603.87	14.8
604.06	14.94
604.251	14.95
604.441	15.04
604.631	14.56
604.822	14.7
605.012	15.01
605.202	14.98
605.392	14.44
605.583	14.88
605.773	14.97
605.963	14.69
606.153	14.84
606.344	14.97
606.534	15.2
606.724	15.9
606.914	14.78
607.104	15.04
607.294	14.79
607.484	14.88
607.674	14.92
607.864	14.66
608.054	15.19
608.245	14.82
608.435	14.99
608.625	15.71
608.814	15.07
609.004	15.11
609.194	14.84
609.384	15.29
609.574	15.23
609.764	15.25
609.954	14.48
610.144	14.72
610.334	14.73
610.524	15.93
610.713	14.2
610.903	14.38
611.093	15.25
611.283	15.26
611.473	14.89
611.662	14.62
611.852	15.03
612.042	14.65
612.231	14.61
612.421	14.76
612.611	14.33
612.8	14.79
612.99	14.31
613.18	14.34
613.369	14.47
613.559	15.26
613.748	14.52
613.938	14.97
614.128	14.56
614.317	14.7
614.507	14.78
614.696	14.97
614.886	14.26
615.075	14.34
615.264	15.16
615.454	14.91
615.643	14.19
615.833	14.01
616.022	14.38
616.211	14.48
616.401	14.25
616.59	14.42
616.779	15.11
616.969	14.01
617.158	14.67
617.347	14.51
617.537	15.03
617.726	13.95
617.915	14.34
618.104	13.92
618.293	15.16
618.483	14.16
618.672	14.98
618.861	14.5
619.05	14.19
619.239	14.36
619.428	14.87
619.617	14.56
619.806	13.39
619.995	14.14
620.184	14.22
620.373	13.79
620.562	14.05
620.751	14.49
620.94	14.16
621.129	14.57
621.318	14.73
621.507	14.49
621.696	13.72
621.885	13.99
622.074	14.46
622.263	14.29
622.452	14.54
622.64	14.25
622.829	14.14
623.018	14.84
623.207	14.07
623.396	14.44
623.584	14.38
623.773	14.84
623.962	14.32
624.15	14.62
624.339	15.1
624.528	14.42
624.716	15.11
624.905	14.69
625.094	13.94
625.282	14.52
625.471	13.97
625.659	14.47
625.848	13.51
626.037	14.17
626.225	15.25
626.414	15.34
626.602	14.28
626.791	14.6
626.979	14.87
627.167	14.95
627.356	14.94
627.544	14.67
627.733	14.95
627.921	14.3
628.109	14.07
628.298	14.43
628.486	13.79
628.674	14.22
628.863	13.94
629.051	14.4
629.239	14.72
629.428	14.83
629.616	15.11
629.804	15.43
629.992	14.83
630.18	14.06
630.369	14.78
630.557	14.88
630.745	13.91
630.933	15
631.121	15.33
631.309	14.95
631.497	15.2
631.685	14.63
631.873	14.63
632.061	14.61
632.249	15.18
632.437	15.69
632.625	14.63
632.813	14.58
633.001	15.1
633.189	14.92
633.377	14.74
633.565	13.61
633.753	13.83
633.941	14.63
634.129	13.55
634.316	14.74
634.504	15.35
634.692	15.24
634.88	15.19
635.068	15.54
635.255	14.83
635.443	14.94
635.631	15.1
635.818	15.13
636.006	14.67
636.194	14.32
636.382	13.72
636.569	15.21
636.757	15.45
636.944	15.92
637.132	14.65
637.32	14.63
637.507	13.97
637.695	14.26
637.882	15
638.07	14.19
638.257	14.2
638.445	13.89
638.632	13.85
638.82	14.86
639.007	14.08
639.194	14.7
639.382	13.8
639.569	13.52
639.757	14.39
639.944	13.89
640.131	14.27
640.319	13.2
640.506	14.06
640.693	13.82
640.88	13.31
641.068	14.13
641.255	13.78
641.442	13.97
641.629	13.81
641.817	14.5
642.004	13.87
642.191	14.38
642.378	14.11
642.565	13.8
642.752	13.86
642.939	12.99
643.126	13.3
643.313	13.44
643.501	14.02
643.688	13.77
643.875	12.36
644.062	13.68
644.249	12.47
644.435	14.45
644.622	12.55
644.809	14.92
644.996	13.61
645.183	12.8
645.37	14.15
645.557	12.45
645.744	12.32
645.931	12.25
646.117	12.6
646.304	13.27
646.491	12.85
646.678	14.5
646.865	12.61
647.051	11.44
647.238	13.08
647.425	12.02
647.611	12.84
647.798	12.89
647.985	12.45
648.171	12.79
648.358	11.42
648.545	12.26
648.731	11.38
648.918	12.94
649.104	13.06
649.291	11.83
649.477	11.02
649.664	13.24
649.85	13.29
650.037	12.56
650.223	12.02
650.41	11.55
650.596	10.13
650.783	11.95
650.969	11.79
651.155	12.78
651.342	10.13
651.528	12.12
651.714	12.43
651.901	12.57
652.087	12.92
652.273	12.31
652.46	12.54
652.646	12.53
652.832	11.71
653.018	11
653.204	13.27
653.391	12.35
653.577	12.39
653.763	12.35
653.949	12.1
654.135	12.21
654.321	11.54
654.507	11.2
654.693	12.78
654.879	10.67
655.065	11.14
655.252	10.92
655.438	11.81
655.624	12.99
655.809	11.16
655.995	10.24
656.181	12.21
656.367	11.56
656.553	13.71
656.739	11.15
656.925	12.84
657.111	12.46
657.297	12.35
657.482	11.74
657.668	11.12
657.854	12.54
658.04	11.18
658.226	11.74
658.411	11.51
658.597	12.83
658.783	11.75
658.968	10.48
659.154	11.05
659.34	11.36
659.525	9.83
659.711	11.59
659.897	12.01
660.082	9.98
660.268	11.28
660.453	8.84
660.639	11.56
660.824	10.93
661.01	13.02
661.195	10.64
661.381	10.31
661.566	11.79
661.752	9.51
661.937	12.11
662.123	9.73
662.308	9.96
662.494	10.98
662.679	8.95
662.864	11.24
663.05	8.27
663.235	10.52
663.42	10.55
663.605	10.32
663.791	10.39
663.976	9.58
664.161	10.29
664.346	11.52
664.532	9.87
664.717	8.82
664.902	11.08
665.087	12.3
665.272	10.47
665.457	10.05
665.642	9.88
665.828	10.83
666.013	12.21
666.198	6.81
666.383	10.28
666.568	10.43
666.753	10.98
666.938	9.2
667.123	10.72
667.308	10.27
667.493	10.99
667.677	9.71
667.862	9.51
668.047	10.89
668.232	9.22
668.417	10.42
668.602	9.53
668.787	11.92
668.971	9.67
669.156	13.26
669.341	8.5
669.526	11.2
669.711	10.95
669.895	10.48
670.08	8.87
670.265	11
670.449	9.76
670.634	11.47
670.819	10.15
671.003	9.6
671.188	12.88
671.372	12.23
671.557	11.73
671.742	11.01
671.926	9.99
672.111	10.42
672.295	11.21
672.48	11.15
672.664	10.7
672.849	9.51
673.033	12.01
673.217	11.71
673.402	11.96
673.586	9.12
673.771	12.46
673.955	13.73
674.139	11.99
674.324	12.31
674.508	9.38
674.692	9.74
674.876	14.47
675.061	13.34
675.245	14.76
675.429	12.2
675.613	11.83
675.798	13.61
675.982	15.85
676.166	10.57
676.35	12.77
676.534	14.44
676.718	14.25
676.902	13.11
677.087	11.61
677.271	14.9
677.455	12.66
677.639	12.07
677.823	14.02
678.007	17.57
678.191	14.92
678.375	16.55
678.559	16.66
678.742	14.23
678.926	19.06
679.11	16.65
679.294	17.35
679.478	13.77
679.662	17.05
679.846	17.12
680.029	16.66
680.213	18.25
680.397	18.17
680.581	16.87
680.765	17.94
680.948	18.16
681.132	18.71
681.316	16.28
681.499	18.61
681.683	17.37
681.867	21.29
682.05	19.74
682.234	15.78
682.417	15.66
682.601	21.1
682.785	20.51
682.968	17.14
683.152	21.15
683.335	17.5
683.519	18.15
683.702	18.98
683.886	19.96
684.069	20.16
684.253	22.07
684.436	22.45
684.619	20.88
684.803	21.29
684.986	21.02
685.169	22.57
685.353	24.66
685.536	20.7
685.719	23.4
685.903	21.47
686.086	18.01
686.269	25.65
686.452	20.72
686.636	22.96
686.819	24.51
687.002	23.17
687.185	25
687.368	23.68
687.551	21.63
687.734	25.84
687.918	21.34
688.101	24.1
688.284	25.9
688.467	25.13
688.65	25.22
688.833	22.67
689.016	23.03
689.199	22.7
689.382	28.37
689.565	24.12
689.748	26.48
689.93	25.74
690.113	25.75
690.296	23.45
690.479	29.06
690.662	23.62
690.845	25.48
691.028	19.32
691.21	21.09
691.393	22.61
691.576	28.72
691.759	27.07
691.941	27.28
692.124	28.76
692.307	27.14
692.489	26.06
692.672	27.52
692.855	27.88
693.037	32.89
693.22	26.09
693.403	26.64
693.585	32.24
693.768	29.4
693.95	26.83
694.133	28.39
694.315	27.45
694.498	28.28
694.68	28.17
694.863	31.23
695.045	28.32
695.228	27.28
695.41	30.83
695.592	33.44
695.775	31.39
695.957	35.02
696.139	30.73
696.322	28.56
696.504	34.79
696.686	23.13
696.869	27.94
697.051	29.64
697.233	31.9
697.415	30.47
697.597	30.32
697.78	29.19
697.962	32.1
698.144	37.26
698.326	29.31
698.508	36.19
698.69	31.65
698.872	24.79
699.055	32.85
699.237	31.15
699.419	25.65
699.601	30.74
699.783	31.91
699.965	32.96
700.147	31.26
700.329	32.03
700.51	30.24
700.692	33.52
700.874	30.27
701.056	33.08
701.238	36.27
701.42	36.69
701.602	35.07
701.783	31.96
701.965	31.31
702.147	30.26
702.329	32.67
702.511	35.85
702.692	35.41
702.874	32.4
703.056	30.48
703.237	27.82
703.419	32.88
703.601	41.9
703.782	34.01
703.964	36.33
704.146	37.41
704.327	39.22
704.509	40.01
704.69	30.52
704.872	36.31
705.053	33.89
705.235	43.63
705.416	35.27
705.598	41.53
705.779	42.6
705.961	34.77
706.142	32.42
706.323	36.45
706.505	38.53
706.686	39.33
706.867	25.54
707.049	27.02
707.23	40.92
707.411	32.89
707.593	39.7
707.774	34.88
707.955	29.24
708.136	32.84
708.318	42.1
708.499	35.7
708.68	26.07
708.861	39.64
709.042	32.83
709.223	36.63
709.404	34.8
709.585	34.99
709.767	40.78
709.948	41.77
710.129	35.49
710.31	33.5
710.491	28.86
710.672	32.76
710.853	25.09
711.034	38.95
711.214	40.97
711.395	39.52
711.576	38.91
711.757	35.71
711.938	35.29
712.119	35.14
712.3	45.16
712.481	29.47
712.661	38.04
712.842	30.59
713.023	38.19
713.204	23.93
713.384	42.12
713.565	39.77
713.746	30.75
713.926	31.37
714.107	34.54
714.288	36.5
714.468	34.5
714.649	38.72
714.83	27.5
715.01	41.55
715.191	36.63
715.371	37.97
715.552	39.5
715.732	39.35
715.913	48.73
716.093	43.63
716.274	39.33
716.454	40.65
716.635	37.87
716.815	48.1
716.995	41.87
717.176	34.65
717.356	40.78
717.536	31.65
717.717	48
717.897	35.21
718.077	34.14
718.258	47.92
718.438	47.07
718.618	47.83
718.798	27.11
718.978	38.91
719.159	32.9
719.339	41.08
719.519	39.58
719.699	50.82
719.879	40.6
720.059	31.6
720.239	48.93
720.419	52.38
720.599	34.56
720.779	58.28
720.959	37.08
721.139	38.17
721.319	41.72
721.499	56.75
721.679	36.19
721.859	45.73
722.039	37.77
722.219	47.38
722.399	43.47
722.579	42.75
722.759	38.04
722.938	52.38
723.118	38.97
723.298	43.72
723.478	41.15
723.658	54.25
723.837	33.76
724.017	42.74
724.197	38
724.376	36.88
724.556	33.99
724.736	55.11
724.915	38.86
725.095	50.82
725.275	48.19
725.454	48.58
725.634	43.95
725.813	31.32
725.993	27.86
726.172	40.14
726.352	36.08
726.531	52.14
726.711	43.98
726.89	28.72
727.07	60.11
727.249	33
727.428	54.93
727.608	41.7
727.787	48.4
727.966	36.32
728.146	36.29
728.325	40.73
728.504	43.16
728.684	53.26
728.863	57.2
729.042	35.34
729.221	2.9
729.4	40.67
729.58	30.57
729.759	36.97
729.938	46.52
730.117	55.64
730.296	47.56
730.475	45.67
730.654	28.03
730.833	53.67
731.013	39.84
731.192	49.83
731.371	43.14
731.55	54.83
731.729	34.39
731.907	55.73
732.086	33.49
732.265	26.08
732.444	37.85
732.623	59.48
732.802	51.1
732.981	27.05
733.16	45.46
733.339	39.18
733.517	64.46
733.696	46.89
733.875	44.49
734.054	54.42
734.232	57.27
734.411	46.5
734.59	25.1
734.768	37.8
734.947	57.42
735.126	12.15
735.304	30.29
735.483	45.11
735.662	64.38
735.84	34.2
736.019	45.84
736.197	52.2
736.376	42.06
736.554	54.34
736.733	54.71
736.911	35.08
737.09	32.56
737.268	46.62
737.447	71.79
737.625	33.07
737.803	51.4
737.982	65.45
738.16	56.59
738.338	60.68
738.517	46.33
738.695	43.83
738.873	52.98
739.052	10.22
739.23	0.59
739.408	45.12
739.586	66.96
739.764	31.8
739.943	51.91
740.121	48.4
740.299	39.94
740.477	53.81
740.655	67.28
740.833	48.75
741.011	74.72
741.189	64.81
741.367	54.71
741.545	25.01
741.723	9.77
741.901	54.52
742.079	55.51
742.257	55.92
742.435	48.84
742.613	81.48
742.791	69.95
742.969	57.81
743.147	40.37
743.325	70.87
743.503	36.4
743.68	56.8
743.858	35.59
744.036	12.03
744.214	27.61
744.391	13.16
744.569	16.24
744.747	27.8
744.925	52.3
745.102	24.59
745.28	23.03
745.458	68.33
745.635	45.28
745.813	73.43
745.99	40.68
746.168	55.43
746.345	126.03
746.523	51.53
746.7	50.1
746.878	55.14
747.055	49.36
747.233	58.51
747.41	84.48
747.588	45.52
747.765	45.19
747.943	30.86
748.12	42.7
748.297	22.09
748.475	53.97
748.652	63.64
748.829	51.37
749.007	39.47
749.184	8.93
749.361	62.26
749.538	14.83
749.716	35.76
749.893	30.17
750.07	48.62
750.247	43.9
750.424	31.05
750.601	88.28
750.778	52.29
750.956	10.64
751.133	10.92
751.31	57.72
751.487	34.14
751.664	41.84
751.841	18.25
752.018	32.47
752.195	22.23
752.372	55.79
752.549	7
752.726	48.24
752.902	61.32
753.079	69.3
753.256	25.8
753.433	34.29
753.61	64.57
753.787	-15.9
753.964	74.14
754.14	31.33
754.317	81.41
754.494	62.92
754.671	62.3
754.847	46.96
755.024	65.71
755.201	53.01
755.377	28.19
755.554	14.79
755.73	-8.14
755.907	66.86
756.084	52.48
756.26	33.81
756.437	24.23
756.613	31.35
756.79	48.62
756.966	14.68
757.143	55.74
757.319	36.29
757.496	34.45
757.672	31.29
757.849	68.3
758.025	50.12
758.201	50.21
758.378	16.41
758.554	-7.6
758.73	38.2
758.907	37.08
759.083	48.66
759.259	84.16
759.435	73.6
759.612	39.87
759.788	87.64
759.964	53.91
760.14	60.73
760.316	20.54
760.493	28.72
760.669	89.56
760.845	46.32
761.021	-24.83
761.197	22.55
761.373	16.26
761.549	51.78
761.725	57.3
761.901	50.77
762.077	55.06
762.253	17.51
762.429	34.92
762.605	34.4
762.781	3.09
762.957	65.1
763.133	75.52
763.308	35.22
763.484	86.14
763.66	44.43
763.836	19.77
764.012	40.5
764.187	18.46
764.363	59.96
764.539	6.95
764.715	38.36
764.89	-8.27
765.066	30.5
765.242	41.79
765.417	17.29
765.593	70.99
765.769	14.05
765.944	7.99
766.12	24.55
766.295	60.59
766.471	15.64
766.646	55.42
766.822	19.14
766.997	-2.91
767.173	44.56
767.348	-41.89
767.524	-21.64
767.699	-7.2
767.875	47.89
768.05	33.02
768.225	39.8
768.401	23.34
768.576	131.06
768.751	39.52
768.927	105.89
769.102	23.83
769.277	-10.33
769.452	56.29
769.628	66.13
769.803	88.5
769.978	-5.13
770.153	-65.89
770.328	81.1
770.503	73.58
770.679	79.16
770.854	10.27
771.029	18.6
771.204	-374.17
771.379	-2.72
771.554	72.63
771.729	77.97
771.904	-23.79
772.079	72.79
772.254	87.94
772.429	-59.02
772.604	-12.51
772.779	71
772.953	-11.79
773.128	46.86
773.303	-11.27
773.478	60.47
773.653	59.38
773.828	50.11
774.002	-6.81
774.177	31.14
774.352	186.96
774.527	33.42
774.701	53.53
774.876	87.08
775.051	-51.87
775.225	-9.65
775.4	-24.92
775.575	34.71
775.749	24.49
775.924	38.94
776.098	-23.14
776.273	66.46
776.447	9.53
776.622	50.18
776.796	20
776.971	37.28
777.145	42.98
777.32	31.31
777.494	89.21
777.669	19.56
777.843	73.94
778.017	23.1
778.192	50.78
778.366	1.68
778.54	83.21
778.715	8.8
778.889	74.19
779.063	25.46
779.237	53.26
779.412	47.14
779.586	-80.65
779.76	-53.51
779.934	42.02
780.108	81.65
780.282	141.79
780.457	108.47
780.631	-31.78
780.805	-105.87
780.979	-413.43
781.153	-27.88
781.327	-49.53
781.501	-19.25
781.675	139.65
781.849	37.79
782.023	20.46
782.197	21.44
782.371	-370.86
782.545	-228.83
782.718	67.49
782.892	113.6
783.066	59.34
783.24	223.08
783.414	-9.13
783.588	21.97
783.761	5.71
783.935	-24.83
784.109	60.34
784.283	-136.52
784.456	96.21
784.63	-47.76
784.804	47.31
784.977	38.46
785.151	-38.32
785.324	-6.02
785.498	-23.79
785.672	3.79
785.845	41.93
786.019	10.9
786.192	237.75
786.366	82.96
786.539	-8.47
786.713	-3.54
786.886	23
787.06	-58.31
787.233	13.44
787.406	25.88
787.58	45.22
787.753	54.7
787.926	120.82
788.1	50.92
788.273	-994.34
788.446	-84.5
788.62	-158.06
788.793	21.44
788.966	118.97
789.139	111.27
789.313	-62.4
789.486	-2242.86
789.659	-110.29
789.832	16.65
790.005	75.79
790.178	786.73
790.351	21.76
790.524	36.27
790.697	126.17
790.87	-48.22
791.044	-176.36
791.216	97.29
791.389	-13.37
791.562	57.46
791.735	-259.49
791.908	422.08
792.081	45.01
792.254	394.51
792.427	138.66
792.6	-59.77
792.773	30.72
792.945	195.52
793.118	-65.76
793.291	170.33
793.464	-138.3
793.637	73.01
793.809	49.12
793.982	-0.14
794.155	82.61
794.327	54.7
794.5	-330.77
794.673	38.46
794.845	61.09
795.018	-121.32
795.19	-214.61
795.363	60.59
795.536	82.26
795.708	-1512.9
795.881	5060
796.053	27.58
796.226	397.14
796.398	166.84
796.57	69.76
796.743	-105.25
796.915	-9.15
797.088	77.33
797.26	-19.69
797.432	-517.72
797.605	-77.54
797.777	-1198.7
797.949	87.64
798.122	56.95
798.294	21.08
798.466	-21.14
798.638	29.78
798.81	67.32
798.983	940.51
799.155	52.77
799.327	2.65
799.499	75.74
799.671	12.37
799.843	18.59
800.015	51.75
800.187	58.51
800.359	21.06
800.531	45.8
800.703	-35.74
800.875	53.17
801.047	14.58
801.219	86.35
801.391	-216.88
801.563	-320.14
801.735	-51.14
801.907	146.63
802.079	200.95
802.251	-686.81
802.422	377.17
802.594	32.47
802.766	-85.75
802.938	209.42
803.11	171.84
803.281	-103.97
803.453	22.24
803.625	51.88
803.796	12.34
803.968	-4.04
804.14	-5.26
804.311	18.02
804.483	146.1
804.654	-5.75
804.826	-68.03
804.998	37.97
805.169	-171.81
805.341	432.8
805.512	-237.89
805.684	29.36
805.855	123.49
806.026	278.46
806.198	102.45
806.369	-6.92
806.541	68.67
806.712	122.18
806.883	48.77
807.055	170.28
807.226	-47.98
807.397	-343.96
807.569	11.5
807.74	-13.8
807.911	211.02
808.082	37.22
808.253	-94.06
808.425	-22.81
808.596	365.17
808.767	102.88
808.938	47.54
809.109	84.16
809.28	-250.71
809.451	79.89
809.622	-58.29
809.793	345.16
809.964	-84.35
810.135	-12.54
810.306	0.58
810.477	411.41
810.648	26.73
810.819	75.53
810.99	-4300
811.161	-102.23
811.332	-148.65
811.503	66.39
811.674	-238.46
811.844	370.77
812.015	107.39
812.186	43.56
812.357	-61.37
812.527	-27.16
812.698	82.61
812.869	273.58
813.04	-93.17
813.21	-534.48
813.381	56.42
813.551	77.46
813.722	92.75
813.893	14.77
814.063	-92.56
814.234	-1201.82
814.404	163.07
814.575	20
814.745	-243.36
814.916	27.15
815.086	-0.21
815.257	15.7
815.427	43.56
815.598	51.93
815.768	14.72
815.938	28.47
816.109	28.74
816.279	13.58
816.449	-61.93
816.62	-1647.37
816.79	101.84
816.96	-43.4
817.13	52.33
817.301	55.33
817.471	20
817.641	-221.47
817.811	228.47
817.981	-4814.29
818.152	-222.27
818.322	286.14
818.492	167.64
818.662	-110.6
818.832	17.58
819.002	-17.35
819.172	107.12
819.342	160.12
819.512	41.65
819.682	89.22
819.852	57.17
820.022	55.65
820.192	-214.61
820.362	5.1
820.531	7.49
820.701	17.2
820.871	7.8
821.041	27.6
821.211	69.29
821.381	197.76
821.55	188.51
821.72	-783.72
821.89	795.38
822.059	69.48
822.229	3.51
822.399	-134.98
822.568	-49.22
822.738	-875.61
822.908	271.78
823.077	-212.92
823.247	46.08
823.416	-558.82
823.586	50.8
823.756	-30.7
823.925	-532.91
824.095	-755.81
824.264	-167.26
824.433	266.37
824.603	77.82
824.772	-3.54
824.942	13.92
825.111	-36.68
825.28	-14.29
825.45	166.09
825.619	-140.99
825.788	-416.85
825.958	-110.33
826.127	-68.03
826.296	-43.32
826.465	96.24
826.635	-29.31
826.804	3
826.973	-71.22
827.142	4.68
827.311	145.64
827.48	-48.21
827.649	-86.83
827.818	8.66
827.988	-95.2
828.157	180.25
828.326	-66.58
828.495	13.88
828.664	168.48
828.833	8.13
829.002	-126.09
829.17	-7.38
829.339	77.89
829.508	-92.71
829.677	82.02
829.846	7.86
830.015	26.76
830.184	-40.63
830.352	30.94
830.521	-294.24
830.69	353.66
830.859	1205.88
831.027	-1331.58
831.196	49.44
831.365	-29.6
831.533	30.32
831.702	-5.26
831.871	43.13
832.039	13.7
832.208	-42.61
832.377	-57.48
832.545	-9
832.714	26.47
832.882	40.22
833.051	96.86
833.219	7528.57
833.388	49.44
833.556	-21.28
833.724	114.13
833.893	-57.92
834.061	-447.37
834.23	178.64
834.398	-9.65
834.566	79.22
834.735	-1557.14
834.903	386.79
835.071	1220
835.239	-109.84
835.408	252.86
835.576	751.16
835.744	173.88
835.912	7.37
836.08	68.27
836.249	205.66
836.417	301.07
836.585	-3.93
836.753	12.81
836.921	344.32
837.089	-4814.29
837.257	-365.12
837.425	-25.96
837.593	27.18
837.761	2.58
837.929	19.22
838.097	14.5
838.265	42.75
838.433	12.13
838.601	92.57
838.769	120.25
838.936	553.93
839.104	94.55
839.272	69.47
839.44	-2.02
839.608	441.46
839.775	-4.78
839.943	32.57
840.111	143.36
840.279	-13.32
840.446	-162.69
840.614	-653.25
840.781	176.52
840.949	44.43
841.117	-21.27
841.284	-251.93
841.452	-59.01
841.619	48.83
841.787	-13.65
841.954	527.91
842.122	-13.29
842.289	10.12
842.457	-20.11
842.624	223.92
842.792	-174.45
842.959	-55.43
843.126	47.04
843.294	-58.05
843.461	-65.56
843.629	-66.4
843.796	2.38
843.963	-64.98
844.13	63.94
844.298	18.15
844.465	-94.75
844.632	104.97
844.799	-121.11
844.966	9.79
845.134	41.56
845.301	18.76
845.468	15.23
845.635	54.77
845.802	9.79
845.969	-80.05
846.136	11.82
846.303	-1142.11
846.47	17.44
846.637	592.31
846.804	-636.84
846.971	-86.23
847.138	-55.98
847.305	11.5
847.472	-3.34
847.639	39.11
847.805	63.93
847.972	-201.3
848.139	263.09
848.306	3973.68
848.473	-323.88
848.639	58.32
848.806	-316
848.973	96.18
849.14	38.17
849.306	-172.65
849.473	-223.18
849.64	112.31
849.806	-22.49
849.973	272.97
850.139	245.7
850.306	65.44
850.472	203.32
850.639	90.82
850.806	-384.21
850.972	510.43
851.139	3928.57
851.305	46.02
851.471	-80.78
851.638	-74.23
851.804	-413.43
851.971	-119.96
852.137	43.95
852.303	-10.64
852.47	56.89
852.636	241.63
852.802	8.66
852.968	45.53
853.135	171.07
853.301	-13.29
853.467	-70.49
853.633	16.99
853.8	48.78
853.966	-407.61
854.132	-2414.29
854.298	-191.97
854.464	365.17
854.63	74.45
854.796	89.15
854.962	206.47
855.128	127.11
855.294	-36.91
855.46	53.08
855.626	-59.8
855.792	-144.02
855.958	336.89
856.124	36.2
856.29	-294.7
856.456	43.96
856.622	-66.81
856.787	375.32
856.953	68.65
857.119	274.26
857.285	-57.35
857.45	165.02
857.616	89.72
857.782	122.51
857.948	18.5
858.113	-147.1
858.279	-78.68
858.445	93.7
858.61	-30.23
858.776	-63.56
858.941	-105.94
859.107	29.52
859.273	62.35
859.438	-80.07
859.604	2268.42
859.769	8.66
859.935	-117.82
860.1	69.98
860.265	64.69
860.431	232.37
860.596	2385.71
860.762	48.69
860.927	41.08
861.092	29.36
861.258	-149.29
861.423	147.88
861.588	41.44
861.753	9757.14
861.919	-473.58
862.084	-180.31
862.249	329.15
862.414	98.63
862.579	164.97
862.745	24.95
862.91	216.61
863.075	-19.87
863.24	21.41
863.405	-30.65
863.57	7.49
863.735	87.84
863.9	11.5
864.065	59.63
864.23	145.38
864.395	77.22
864.56	46.83
864.725	545.57
864.89	648.31
865.055	98.51
865.22	131.4
865.384	-255.06
865.549	-59.22
865.714	30.68
865.879	55.41
866.044	82.95
866.208	17.62
866.373	12.09
866.538	165.57
866.702	102.62
866.867	52.9
867.032	28.47
867.196	107.4
867.361	356
867.526	-30.47
867.69	36.44
867.855	209.89
868.019	-896.36
868.184	-25.29
868.348	180.55
868.513	-1551.61
868.677	182.49
868.842	8.13
869.006	126.06
869.17	-1243.4
869.335	-319.51
869.499	-105.83
869.663	269.54
869.828	-24.7
869.992	806.98
870.156	39.43
870.321	35.48
870.485	-69.4
870.649	-85.75
870.813	-31.37
870.978	101.7
871.142	-109.23
871.306	-114.22
871.47	535.04
871.634	-85.83
871.798	142.24
871.962	27.11
872.126	-2242.86
872.29	-14.29
872.454	-7557.14
872.618	98.09
872.782	-108.96
872.946	-39.6
873.11	23.62
873.274	118.5
873.438	1135.29
873.602	-152.24
873.766	531.17
873.93	-29.32
874.094	68.54
874.257	98.94
874.421	7.51
874.585	172.73
874.749	25.9
874.912	94.24
875.076	56.33
875.24	-160.98
875.403	217.41
875.567	-21.14
875.731	378.65
875.894	157.14
876.058	69.38
876.222	55.06
876.385	41.71
876.549	135.61
876.712	936.36
876.876	23.89
877.039	4.25
877.203	140.28
877.366	-88.33
877.529	-63.96
877.693	2.2
877.856	128.49
878.02	-64.27
878.183	-86.83
878.346	219.48
878.51	-253.98
878.673	-95.68
878.836	136.59
878.999	229.03
879.163	78.45
879.326	51.92
879.489	-55.86
879.652	49.57
879.815	66.33
879.978	-14.29
880.142	169.8
880.305	157.14
880.468	34.46
880.631	-31.56
880.794	-54.45
880.957	-173.17
881.12	1135.29
881.283	-221.08
881.446	12.98
881.609	335.97
881.772	116.94
881.935	2335.29
882.097	245.27
882.26	-541.51
882.423	120.1
882.586	-0.37
882.749	38.19
882.912	21.47
883.074	129.33
883.237	49.67
883.4	60.74
883.562	127.43
883.725	-402.4
883.888	-161.42
884.05	4580
884.213	-62.78
884.376	35.83
884.538	57.46
884.701	57.46
884.863	57.46
