181.954	89.88
182.172	89.88
182.39	89.88
182.608	-5880
182.826	164.84
183.043	114.89
183.261	17.98
183.479	139
183.697	1729.41
183.914	94.74
184.132	-73.8
184.35	341.7
184.567	52.39
184.785	143.36
185.003	-63.24
185.22	95.28
185.438	90.98
185.656	-232.16
185.873	27.69
186.091	101.08
186.309	558.62
186.526	-19
186.744	70.02
186.961	-129.84
187.179	54.03
187.396	1.15
187.614	156.92
187.831	-11160
188.049	99.39
188.266	70.15
188.484	277.61
188.701	-180.58
188.919	50.25
189.136	112.22
189.354	57.92
189.571	-65.4
189.789	62.53
190.006	86.27
190.223	152.43
190.441	57.18
190.658	-3514.29
190.876	134.33
191.093	-164.84
191.31	15.94
191.528	-7.03
191.745	1.2
191.962	25.32
192.179	-1.97
192.397	-21.86
192.614	133.07
192.831	-23.23
193.049	48.49
193.266	-262.14
193.483	-6.2
193.7	-267.69
193.917	95.43
194.135	332.37
194.352	-53.28
194.569	64.85
194.786	47.95
195.003	40.75
195.221	-2.32
195.438	91.17
195.655	45.23
195.872	132.2
196.089	101.93
196.306	-59.37
196.523	141.07
196.74	159.18
196.957	66.97
197.174	-130.96
197.391	88.06
197.608	-14.42
197.825	-909.68
198.042	19.97
198.259	-931.03
198.476	140.43
198.693	11880
198.91	95.28
199.127	-62.69
199.344	21.86
199.561	65.9
199.778	43.58
199.995	-402.99
200.212	517.24
200.429	65.4
200.646	-235.44
200.862	492.13
201.079	-53.19
201.296	-162.91
201.513	-122.33
201.73	-90.77
201.947	37.22
202.163	-46.89
202.38	204.62
202.597	73.8
202.814	-34.58
203.03	8280
203.247	93.47
203.464	79.16
203.681	412.99
203.897	4.75
204.114	260.38
204.331	124.03
204.547	69.77
204.764	-23.03
204.981	35.29
205.197	160.85
205.414	394.65
205.63	-351.72
205.847	27.14
206.064	-360
206.28	-24.52
206.497	-10.42
206.713	133.47
206.93	-50.76
207.146	22.85
207.363	156.92
207.579	-296.7
207.796	-292.04
208.012	57.53
208.229	-152.24
208.445	40.87
208.662	53.45
208.878	84.23
209.095	1235.29
209.311	7.58
209.528	1971.43
209.744	30.12
209.96	-194.7
210.177	-157.28
210.393	66.42
210.609	7800
210.826	-55.21
211.042	443.48
211.258	832.84
211.475	118.72
211.691	13.65
211.907	387.34
212.124	61.91
212.34	17.14
212.556	-32.32
212.772	-534.07
212.989	194.7
213.205	15.5
213.421	-226.13
213.637	26.87
213.853	240.47
214.069	221.05
214.286	-22.74
214.502	-456.72
214.718	-103.45
214.934	178.47
215.15	198.69
215.366	-50.9
215.582	53
215.798	26.03
216.015	34.77
216.231	74.59
216.447	53.32
216.663	4.47
216.879	99.5
217.095	132.89
217.311	-169.81
217.527	108.24
217.743	5.83
217.959	-33.96
218.175	104.4
218.391	271.94
218.606	161.14
218.822	-151.3
219.038	-163.64
219.254	132.63
219.47	28.29
219.686	478.65
219.902	21.46
220.118	17.62
220.334	-9.08
220.549	78.84
220.765	71.19
220.981	35.49
221.197	-15.42
221.413	-151.65
221.628	37.97
221.844	1211.32
222.06	-227.18
222.276	15.44
222.491	133.45
222.707	-1.97
222.923	-229.53
223.139	46.74
223.354	31.27
223.57	231.5
223.786	4.45
224.001	-67.18
224.217	71.72
224.432	-3.47
224.648	76.46
224.864	33.25
225.079	564.18
225.295	-49.13
225.51	249.73
225.726	-13.38
225.942	182.45
226.157	50.23
226.373	33.19
226.588	152.84
226.804	157.89
227.019	177.89
227.235	-17.22
227.45	129.57
227.665	-360
227.881	-14.17
228.096	88.7
228.312	-87.84
228.527	67.73
228.743	-30.86
228.958	-19.24
229.173	-735.65
229.389	18.27
229.604	7.2
229.819	-47.41
230.035	-82.69
230.25	-5.25
230.465	43.4
230.681	-166.12
230.896	54.95
231.111	13.02
231.327	89.74
231.542	-5160
231.757	180.67
231.972	57.24
232.187	-28.09
232.403	-1231.58
232.618	95.59
232.833	70.43
233.048	163.64
233.263	-63.1
233.478	-46.96
233.694	181.4
233.909	-870.97
234.124	61.07
234.339	-76.32
234.554	227.59
234.769	66.29
234.984	137.22
235.199	61.07
235.414	-589.38
235.629	-964.56
235.844	-5.37
236.059	79.68
236.274	-38.07
236.489	-126.02
236.704	131.83
236.919	-92.71
237.134	31.51
237.349	96.77
237.564	73.78
237.779	-1.58
237.994	-2.55
238.209	90.33
238.424	217.18
238.639	62.52
238.853	-43.05
239.068	-52.57
239.283	150.45
239.498	156.73
239.713	79.05
239.928	-0.59
240.142	129.19
240.357	89.92
240.572	-18.59
240.787	1.63
241.001	38.3
241.216	30.88
241.431	160.14
241.646	87.26
241.86	-217.94
242.075	-1353.49
242.29	-91.23
242.504	-11.1
242.719	137.89
242.934	108.66
243.148	-53.3
243.363	45.1
243.577	-47.19
243.792	-65.59
244.007	-21.07
244.221	-272.73
244.436	-152.24
244.65	47.85
244.865	184.83
245.079	8.07
245.294	151.08
245.508	44.1
245.723	1.69
245.937	-375.82
246.152	-48.05
246.366	64.84
246.581	56.89
246.795	-121.47
247.01	4.75
247.224	5.5
247.438	-4.22
247.653	90.66
247.867	76.06
248.081	107.19
248.296	1448.78
248.51	56.63
248.724	10.73
248.939	-134.33
249.153	139.59
249.367	-22.29
249.582	-8.17
249.796	-7.79
250.01	-194.7
250.224	22.29
250.439	153.8
250.653	93.01
250.867	27.79
251.081	201.9
251.295	47.59
251.51	-114.89
251.724	-64.75
251.938	100.37
252.152	-118.25
252.366	24.7
252.58	-54.55
252.794	60.89
253.008	51.66
253.223	1.33
253.437	-84.64
253.651	0.7
253.865	196.18
254.079	-118.16
254.293	-30.06
254.507	-403.64
254.721	-55.09
254.935	-98.9
255.149	-19.03
255.363	77.67
255.577	334.23
255.791	10.17
256.005	173.01
256.218	4.5
256.432	4.6
256.646	17.5
256.86	136.9
257.074	18.07
257.288	1320
257.502	-204.4
257.716	27.23
257.929	135.95
258.143	102.44
258.357	-31.8
258.571	95.2
258.785	-90.82
258.998	2.85
259.212	149.67
259.426	8.07
259.64	101.74
259.853	-20.69
260.067	136.3
260.281	37.01
260.494	-88.19
260.708	302.97
260.922	65.3
261.135	74.25
261.349	-41.34
261.563	1.45
261.776	105.88
261.99	76.71
262.203	50.34
262.417	-48.76
262.63	87.46
262.844	-114.61
263.058	54.92
263.271	77.7
263.485	90.54
263.698	70.01
263.912	-12.77
264.125	-59.37
264.339	99.21
264.552	-164.95
264.765	-193.04
264.979	95.92
265.192	89.92
265.406	-9.07
265.619	-17.7
265.832	19.24
266.046	12.34
266.259	-95.59
266.473	-1567.74
266.686	114.24
266.899	88.84
267.113	-120
267.326	6.36
267.539	32.62
267.752	15.07
267.966	34.91
268.179	-11.07
268.392	51.49
268.605	-212.6
268.819	111.38
269.032	31.28
269.245	83.08
269.458	77.49
269.671	22.78
269.885	-49.22
270.098	-33.29
270.311	-432.91
270.524	17.4
270.737	-161.13
270.95	178.81
271.163	14.17
271.376	-445.16
271.589	-994.94
271.802	47.76
272.016	17.59
272.229	80.82
272.442	-128.74
272.655	53.13
272.868	14.25
273.081	-182.02
273.294	9.08
273.506	-40.28
273.719	3.09
273.932	76.11
274.145	9000
274.358	83.91
274.571	1.01
274.784	-56.6
274.997	42.82
275.21	54.11
275.423	-76.86
275.635	-51.26
275.848	48.55
276.061	107.28
276.274	19.95
276.487	-36.52
276.699	-40.2
276.912	56.78
277.125	227.23
277.338	122.94
277.55	24.27
277.763	-27.47
277.976	203.21
278.189	230.77
278.401	-10.08
278.614	321.6
278.827	67.91
279.039	-116.62
279.252	16.31
279.464	19.95
279.677	171.57
279.89	60.83
280.102	87.44
280.315	1126.83
280.527	-852.63
280.74	-1386.21
280.952	-7.23
281.165	42.55
281.377	95.22
281.59	-126.02
281.802	-19.24
282.015	18.8
282.227	-19.96
282.44	38.85
282.652	-60.67
282.865	14.22
283.077	88.19
283.29	153.72
283.502	27.52
283.714	99.53
283.927	36.6
284.139	28.33
284.351	59.85
284.564	93.05
284.776	127.48
284.988	14.84
285.201	80.6
285.413	66.33
285.625	-107.03
285.838	96.18
286.05	24.16
286.262	-28.78
286.474	117.82
286.686	5.68
286.899	-260.99
287.111	-79.66
287.323	29.16
287.535	528.71
287.747	76.71
287.959	14.47
288.172	120
288.384	17.4
288.596	-58.77
288.808	-169.81
289.02	622.64
289.232	215.88
289.444	-85.42
289.656	-123.13
289.868	94.6
290.08	-150.92
290.292	-43.4
290.504	-19.16
290.716	-7.08
290.928	73.34
291.14	-153.49
291.352	54.8
291.564	-1023.53
291.776	35.73
291.988	84.66
292.2	-145.02
292.412	61.62
292.624	60.98
292.835	761.19
293.047	34.46
293.259	-110.97
293.471	8.14
293.683	834.15
293.895	101.93
294.106	55.49
294.318	123.56
294.53	37.02
294.742	3579.31
294.953	50.92
295.165	39.81
295.377	-30.28
295.589	-95.62
295.8	134.29
296.012	52.39
296.224	56.6
296.435	102.2
296.647	55.35
296.858	435.97
297.07	1356.92
297.282	-19.5
297.493	55.44
297.705	-3.43
297.916	-40.11
298.128	178.2
298.34	-4.9
298.551	43.08
298.763	-22.03
298.974	63.71
299.186	75.13
299.397	36.73
299.609	677.42
299.82	100.24
300.031	17.86
300.243	1610.53
300.454	121.47
300.666	32.89
300.877	-14.22
301.089	-28.09
301.3	0.92
301.511	38.88
301.723	-46.56
301.934	564.18
302.145	-63.44
302.357	42.49
302.568	542.4
302.779	21.87
302.99	83.41
303.202	70.51
303.413	-38.75
303.624	6.1
303.835	-871.7
304.047	36.44
304.258	36.23
304.469	22.91
304.68	137.92
304.891	-57.21
305.103	122.78
305.314	87.67
305.525	-600
305.736	193.7
305.947	17.22
306.158	3211.76
306.369	92.06
306.58	68.82
306.791	214.43
307.002	26.93
307.213	-59.88
307.424	61.48
307.636	34.33
307.846	148.59
308.057	-215.53
308.268	27.58
308.479	75.15
308.69	10.73
308.901	57.18
309.112	-376.74
309.323	91.8
309.534	113.51
309.745	46.02
309.956	59.49
310.167	-47.39
310.377	35.48
310.588	-7.44
310.799	-172.47
311.01	23.23
311.221	-52.24
311.432	1.91
311.642	-41.68
311.853	87.07
312.064	-1137.93
312.275	162.83
312.485	160.48
312.696	17.3
312.907	15.08
313.117	70.95
313.328	-16.46
313.539	35.29
313.749	31.27
313.96	-336.26
314.171	69.99
314.381	12.36
314.592	-11.09
314.802	16.78
315.013	-37.6
315.224	32.93
315.434	-2368.42
315.645	-600
315.855	21.25
316.066	249.44
316.276	218.37
316.487	219.51
316.697	59.37
316.908	68.41
317.118	-12.69
317.329	45.1
317.539	50.79
317.749	275.54
317.96	-385.07
318.17	-27.21
318.381	-59.34
318.591	-692.31
318.801	63.39
319.012	95.41
319.222	-17.48
319.432	75.93
319.643	57.73
319.853	126.46
320.063	42.95
320.273	23.33
320.484	151.65
320.694	247.35
320.904	30.51
321.114	155.06
321.325	2337.93
321.535	179.15
321.745	-12.62
321.955	7.08
322.165	-38.07
322.375	57.36
322.585	298.16
322.796	2296.55
323.006	-15.21
323.216	128.12
323.426	-37.22
323.636	48.8
323.846	-144.83
324.056	39.39
324.266	19.66
324.476	8.62
324.686	-165.41
324.896	10.55
325.106	1754.72
325.316	2.85
325.526	-2305.26
325.736	44.98
325.946	2.64
326.156	896.1
326.366	-245.22
326.576	11.81
326.785	268.34
326.995	-137.68
327.205	-33.17
327.415	152.54
327.625	74.45
327.835	-31.99
328.044	141.71
328.254	151.3
328.464	112.37
328.674	65.19
328.884	271.94
329.093	80.21
329.303	12.19
329.513	26.09
329.722	1231.58
329.932	35.42
330.142	-23.27
330.351	44.25
330.561	-185.45
330.771	-232.47
330.98	-53.95
331.19	747.69
331.4	-133.57
331.609	50.77
331.819	775.61
332.028	-360
332.238	30.51
332.447	27.66
332.657	81.85
332.866	-17.59
333.076	46.54
333.285	123.13
333.495	290.32
333.704	-212.56
333.914	44.47
334.123	60.33
334.333	600
334.542	-17.98
334.752	747.69
334.961	532.08
335.17	-388.94
335.38	-70.3
335.589	30.4
335.798	-48.05
336.008	-32.97
336.217	-94.47
336.426	111.72
336.636	-53.62
336.845	-157.18
337.054	210.39
337.263	-44.48
337.473	15.29
337.682	25.41
337.891	-13.66
338.1	159.71
338.309	121.71
338.519	113.44
338.728	-5.18
338.937	-325.98
339.146	194.24
339.355	-554.72
339.564	2621.05
339.773	57.29
339.983	42.49
340.192	-307.83
340.401	194.55
340.61	29.37
340.819	28.93
341.028	-1.97
341.237	670.59
341.446	-3.36
341.655	43.18
341.864	-201.9
342.073	-19.97
342.282	-120
342.491	31.81
342.699	-646.6
342.908	38.96
343.117	-4.75
343.326	-55.87
343.535	10.91
343.744	-18.27
343.953	-10.29
344.162	30.26
344.37	-18.22
344.579	-8.96
344.788	65.98
344.997	-12.71
345.206	-84.04
345.414	43.74
345.623	6.64
345.832	26.7
346.041	271.07
346.249	9.08
346.458	15.32
346.667	16.22
346.875	101.71
347.084	8.8
347.293	55.72
347.501	76.78
347.71	9.48
347.918	-95.2
348.127	-323.08
348.336	107.28
348.544	109.65
348.753	223.88
348.961	48.3
349.17	164.48
349.378	69.41
349.587	-25.31
349.795	-168.93
350.004	212.31
350.212	-6.2
350.421	-292.04
350.629	96.07
350.838	99.87
351.046	67.33
351.254	33.27
351.463	-13.74
351.671	1421.05
351.879	24.58
352.088	-70.53
352.296	249.56
352.504	31.7
352.713	-55.87
352.921	-99.21
353.129	-8.62
353.338	5.25
353.546	-17.77
353.754	55.21
353.962	-143.91
354.171	16.45
354.379	-1610.53
354.587	88.71
354.795	-5.86
355.003	-6.66
355.212	-27.19
355.42	396.23
355.628	59.28
355.836	-185.08
356.044	30.98
356.252	-3.49
356.46	8.4
356.668	1116.92
356.876	32.24
357.084	46.72
357.292	75.12
357.5	-56.89
357.708	19.55
357.916	37.6
358.124	36.73
358.332	-152.24
358.54	-294.55
358.748	366.23
358.956	-6.48
359.164	46.89
359.372	76.46
359.58	-202.88
359.788	35.13
359.996	130.43
360.203	10.73
360.411	72
360.619	-280.4
360.827	56.67
361.035	-114.11
361.242	131.96
361.45	-645.57
361.658	19.91
361.866	5.61
362.073	108.13
362.281	-2.85
362.489	-33.29
362.697	36.9
362.904	-27.19
363.112	188.75
363.32	15.29
363.527	-78.26
363.735	11.58
363.943	8.39
364.15	-10.6
364.358	51.7
364.565	-1.3
364.773	68.54
364.98	-265.02
365.188	-6.48
365.395	22.33
365.603	-22.37
365.81	41.68
366.018	28.11
366.225	51.25
366.433	-75.93
366.64	34.41
366.848	57.55
367.055	-80.88
367.263	49.41
367.47	49.6
367.677	-37.97
367.885	-97.12
368.092	27.58
368.299	-28.73
368.507	95.07
368.714	217.7
368.921	-4.72
369.129	67.97
369.336	2.85
369.543	-29.81
369.751	-11.98
369.958	-24.22
370.165	7.9
370.372	-46.56
370.579	90.54
370.787	41.3
370.994	151.48
371.201	-37.6
371.408	74.69
371.615	-17.73
371.822	-47.84
372.029	-91.53
372.237	-44.57
372.444	29.19
372.651	55.25
372.858	89.74
373.065	53.24
373.272	84.4
373.479	-434.48
373.686	213.27
373.893	-297.09
374.1	117.7
374.307	-323.74
374.514	2.43
374.721	-15.54
374.928	241.56
375.135	-73.07
375.341	-3480
375.548	-13.37
375.755	-1.75
375.962	45.27
376.169	99.77
376.376	-114.17
376.583	-38.58
376.789	60.49
376.996	-10.57
377.203	-78.16
377.41	47.39
377.617	-41.12
377.823	-16.04
378.03	-58.06
378.237	72.69
378.443	202.29
378.65	554.72
378.857	77.49
379.063	432.91
379.27	-286.96
379.477	14.71
379.683	-109.54
379.89	4.45
380.097	-38.75
380.303	24.88
380.51	46.72
380.716	18.03
380.923	14.17
381.129	39.76
381.336	-127.56
381.542	37.82
381.749	77.38
381.955	46.83
382.162	-8.42
382.368	-3.89
382.575	-30.47
382.781	144.83
382.988	-63.1
383.194	23.78
383.4	7.43
383.607	59.94
383.813	42.07
384.02	55.1
384.226	-58.31
384.432	-49.36
384.639	46.57
384.845	83.54
385.051	58.32
385.257	-42.8
385.464	28.67
385.67	92.13
385.876	161.99
386.082	-30.51
386.289	3.54
386.495	-19.68
386.701	-181.76
386.907	-16.88
387.113	1.6
387.319	70.15
387.526	1.95
387.732	269.29
387.938	283.2
388.144	182.61
388.35	50.68
388.556	45.07
388.762	70.13
388.968	-97.67
389.174	18.77
389.38	14.25
389.586	-13.37
389.792	-35.73
389.998	-110.15
390.204	-92.71
390.41	22.52
390.616	19.07
390.822	-45.98
391.028	-31.64
391.234	95.44
391.439	-343.69
391.645	17.57
391.851	53.02
392.057	28.68
392.263	6.58
392.469	49.36
392.674	-4.97
392.88	-8.67
393.086	10.78
393.292	-29.62
393.498	-96.46
393.703	19.39
393.909	13.8
394.115	108.39
394.32	9.76
394.526	13.8
394.732	60.75
394.937	36.38
395.143	-148.18
395.349	47.95
395.554	-533.67
395.76	10.11
395.965	-24.78
396.171	8.39
396.377	-36.4
396.582	64.35
396.788	7.83
396.993	34.26
397.199	-2.73
397.404	60.27
397.61	47.31
397.815	-0.76
398.021	4.06
398.226	-12.18
398.431	38.88
398.637	70.63
398.842	17.83
399.048	27.25
399.253	28.5
399.458	-8.04
399.664	26.2
399.869	27.64
400.074	31.14
400.28	33.32
400.485	-2.18
400.69	6
400.896	5.97
401.101	47.29
401.306	16.09
401.511	17.64
401.716	-8.19
401.922	-15.78
402.127	-8.98
402.332	8.89
402.537	11.86
402.742	19.99
402.947	52.65
403.153	9.59
403.358	15.4
403.563	22.3
403.768	31.31
403.973	8.57
404.178	6.35
404.383	0.66
404.588	14.38
404.793	31.2
404.998	-1.12
405.203	2.56
405.408	-0.21
405.613	16.19
405.818	11.43
406.023	17.16
406.228	-1.1
406.433	-2.41
406.638	-4.09
406.842	13.35
407.047	9.09
407.252	3.05
407.457	12.36
407.662	10.21
407.867	15.05
408.071	10.97
408.276	4.71
408.481	11.6
408.686	5.21
408.891	11.68
409.095	11.09
409.3	1.49
409.505	11.03
409.709	1.26
409.914	5.85
410.119	4.87
410.323	2.04
410.528	-3.42
410.733	12.3
410.937	8.46
411.142	5.38
411.346	8.06
411.551	3.28
411.756	7.02
411.96	6.78
412.165	1.74
412.369	3.28
412.574	3.89
412.778	5.73
412.983	4.72
413.187	9.75
413.392	1.67
413.596	5.93
413.8	5.41
414.005	5.87
414.209	4.91
414.414	5.04
414.618	4.45
414.822	6.83
415.027	5.2
415.231	4.76
415.435	8.75
415.64	5.04
415.844	3
416.048	5.05
416.252	5.49
416.457	4.8
416.661	3.36
416.865	3.67
417.069	3.75
417.274	5.04
417.478	4.69
417.682	4.95
417.886	2.07
418.09	3.39
418.294	6.62
418.498	6.26
418.702	4.93
418.907	3.6
419.111	2.84
419.315	3.27
419.519	5.68
419.723	3.29
419.927	3.5
420.131	5.32
420.335	2.12
420.539	1.39
420.743	6.7
420.947	4.24
421.151	3.92
421.355	4.23
421.558	4.18
421.762	3.83
421.966	4.65
422.17	4.48
422.374	4.07
422.578	3.76
422.782	4.83
422.985	2.85
423.189	3.94
423.393	3.37
423.597	2.63
423.801	4.12
424.004	3.6
424.208	3.98
424.412	3.14
424.615	4.33
424.819	3.55
425.023	4.29
425.226	3.83
425.43	4.35
425.634	3.83
425.837	3.48
426.041	3.23
426.245	3.91
426.448	3.68
426.652	3.6
426.855	2.62
427.059	3.26
427.262	3.49
427.466	2.81
427.669	3.65
427.873	3.48
428.076	3.3
428.28	2.91
428.483	3.19
428.687	3.02
428.89	4.55
429.094	2.76
429.297	2.74
429.5	3.61
429.704	3.67
429.907	3.73
430.11	3.74
430.314	3.87
430.517	2.98
430.72	4.13
430.924	3.21
431.127	3.77
431.33	3.96
431.533	3.78
431.737	3.77
431.94	3.39
432.143	3.4
432.346	3.57
432.549	3.22
432.752	3.29
432.956	3.4
433.159	2.41
433.362	3.12
433.565	3.42
433.768	3.61
433.971	2.69
434.174	3.27
434.377	3.07
434.58	3.48
434.783	2.39
434.986	3.05
435.189	3.92
435.392	2.88
435.595	2.83
435.798	2.96
436.001	3.5
436.204	3.35
436.407	3.23
436.61	3.17
436.813	3.28
437.016	3.22
437.219	2.94
437.421	3.07
437.624	3.34
437.827	3.03
438.03	3.19
438.233	3.01
438.435	2.86
438.638	2.97
438.841	2.81
439.044	3.09
439.246	2.81
439.449	2.54
439.652	2.93
439.854	3.34
440.057	3.19
440.26	2.83
440.462	3.29
440.665	2.83
440.868	3.38
441.07	3.02
441.273	3.13
441.475	2.76
441.678	3.02
441.88	3.12
442.083	2.64
442.286	2.94
442.488	2.8
442.69	3.21
442.893	2.69
443.095	2.67
443.298	2.87
443.5	2.92
443.703	3.13
443.905	3
444.108	2.99
444.31	3.04
444.512	2.82
444.715	2.85
444.917	2.65
445.119	2.81
445.322	2.74
445.524	3.1
445.726	3.2
445.928	3.12
446.131	3.3
446.333	3.14
446.535	3.01
446.737	3.01
446.94	3.38
447.142	3.18
447.344	3.04
447.546	3.32
447.748	3.37
447.95	3.29
448.152	3.33
448.354	3.42
448.557	3.55
448.759	3.6
448.961	2.96
449.163	3.41
449.365	3.79
449.567	3.24
449.769	3.11
449.971	3.59
450.173	3.48
450.375	3.56
450.577	3.33
450.779	3.02
450.981	3.64
451.182	3.57
451.384	3.44
451.586	3.85
451.788	3.94
451.99	4.06
452.192	3.58
452.394	3.9
452.595	4.16
452.797	3.87
452.999	4.46
453.201	4.1
453.402	3.36
453.604	3.78
453.806	4.17
454.008	4.16
454.209	3.99
454.411	4.12
454.613	4.21
454.814	3.87
455.016	4.21
455.218	4.07
455.419	4.44
455.621	4.15
455.822	4.18
456.024	4.13
456.225	4.23
456.427	4.47
456.629	4.08
456.83	4.74
457.032	4.33
457.233	4.3
457.435	4.6
457.636	4.45
457.837	4.65
458.039	4.1
458.24	4.56
458.442	4.76
458.643	3.99
458.844	5.4
459.046	4.51
459.247	5.25
459.448	4.3
459.65	4.75
459.851	5.04
460.052	5.29
460.254	4.88
460.455	5.39
460.656	5.13
460.857	4.4
461.059	5.02
461.26	4.78
461.461	4.97
461.662	5.24
461.863	4.29
462.065	4.84
462.266	4.29
462.467	4.39
462.668	4.64
462.869	5.12
463.07	4.42
463.271	4.91
463.472	3.89
463.673	4.84
463.874	4.77
464.075	5.1
464.276	4.52
464.477	5.13
464.678	5.54
464.879	4.39
465.08	5.1
465.281	5.15
465.482	5.26
465.683	4.28
465.884	4.71
466.085	4.75
466.285	4.55
466.486	5.61
466.687	5.28
466.888	5.1
467.089	4.47
467.29	4.65
467.49	5.02
467.691	5.3
467.892	4.66
468.093	4.34
468.293	4.67
468.494	4.92
468.695	5.1
468.895	5.22
469.096	3.91
469.297	5.19
469.497	5.1
469.698	6.52
469.898	4.08
470.099	5.14
470.3	6.81
470.5	4.63
470.701	5.55
470.901	5.68
471.102	5.38
471.302	5.24
471.503	5.38
471.703	5.71
471.904	4.77
472.104	4.94
472.305	4.6
472.505	4.92
472.705	4.93
472.906	5.4
473.106	5.53
473.306	5.12
473.507	5.16
473.707	5.68
473.907	4.28
474.108	4.38
474.308	5.05
474.508	4.96
474.709	5.22
474.909	4.71
475.109	3.1
475.309	4.43
475.51	4.69
475.71	5.27
475.91	5.23
476.11	3.49
476.31	4.85
476.51	7.09
476.71	4.93
476.911	5.39
477.111	4.25
477.311	4.2
477.511	3.96
477.711	5.43
477.911	4.6
478.111	5.9
478.311	5.01
478.511	4.07
478.711	6.03
478.911	4.63
479.111	4.77
479.311	4.42
479.511	7.15
479.711	3.89
479.91	2.64
480.11	3.45
480.31	5.3
480.51	5.28
480.71	4.34
480.91	5.11
481.109	6.62
481.309	6.35
481.509	4.44
481.709	6.38
481.909	5.04
482.108	4.18
482.308	3.28
482.508	4.42
482.707	4.77
482.907	5.55
483.107	4.33
483.306	5.08
483.506	5.34
483.706	4.16
483.905	4.92
484.105	5.34
484.304	2.46
484.504	4.57
484.704	5.91
484.903	3.87
485.103	5.46
485.302	4.44
485.502	4.73
485.701	4.76
485.901	4.96
486.1	5.55
486.299	5.46
486.499	3.06
486.698	4.37
486.898	5.38
487.097	4.63
487.296	3.91
487.496	4.23
487.695	4.17
487.894	3.7
488.094	5
488.293	5.8
488.492	4.03
488.692	3.51
488.891	6.17
489.09	3.75
489.289	4.02
489.489	4.07
489.688	4.49
489.887	4
490.086	5.17
490.285	5.39
490.484	6.51
490.683	4.55
490.883	5.61
491.082	4.77
491.281	4.5
491.48	3.75
491.679	4.5
491.878	6.04
492.077	5.68
492.276	4.85
492.475	5.76
492.674	4.88
492.873	3.72
493.072	4.67
493.271	5.04
493.47	4.65
493.669	3.73
493.867	4.16
494.066	3.99
494.265	5.46
494.464	5.68
494.663	4.39
494.862	4.8
495.06	4.22
495.259	4.06
495.458	3.74
495.657	4.74
495.856	5.57
496.054	4.93
496.253	4.53
496.452	5.01
496.65	3.72
496.849	4.44
497.048	4.63
497.246	3.97
497.445	3.81
497.644	4.37
497.842	5.17
498.041	5.19
498.239	5.53
498.438	4.27
498.636	5.15
498.835	4.62
499.034	5.33
499.232	5.01
499.431	5.57
499.629	5.3
499.827	4.91
500.026	3.99
500.224	4.95
500.423	4.07
500.621	5.33
500.82	5.28
501.018	5.21
501.216	5.72
501.415	5.63
501.613	4.58
501.811	4.55
502.01	6.13
502.208	4.41
502.406	5.52
502.604	5.94
502.803	4.83
503.001	5.93
503.199	4.65
503.397	5.35
503.595	5.13
503.794	5.27
503.992	5.84
504.19	5.36
504.388	5.08
504.586	4.76
504.784	4.95
504.982	5.19
505.18	5.2
505.378	4.7
505.576	5.09
505.774	5.85
505.972	5.66
506.17	6.69
506.368	5.53
506.566	4.55
506.764	5.33
506.962	5.53
507.16	5.61
507.358	5.54
507.556	5.34
507.754	5.89
507.952	6.15
508.15	6.57
508.347	6.1
508.545	6
508.743	5.6
508.941	5.64
509.139	6.06
509.336	6.05
509.534	6.07
509.732	6.35
509.93	5.74
510.127	6.51
510.325	5.61
510.523	6.01
510.72	6.1
510.918	6.31
511.116	6.18
511.313	5.13
511.511	6.07
511.708	6.05
511.906	6.75
512.104	6.26
512.301	6.2
512.499	6.8
512.696	6.09
512.894	5.55
513.091	6.1
513.289	6.87
513.486	6.29
513.683	5.76
513.881	6.21
514.078	6.42
514.276	6.77
514.473	6.26
514.67	7.06
514.868	6.52
515.065	6.45
515.262	7.31
515.46	5.59
515.657	6.45
515.854	6.74
516.052	6.4
516.249	6.8
516.446	7.19
516.643	6.51
516.84	6.74
517.038	6.61
517.235	6.59
517.432	6.79
517.629	6.93
517.826	6.83
518.023	6.93
518.221	7.24
518.418	7.2
518.615	6.96
518.812	7.28
519.009	7.44
519.206	6.95
519.403	6.64
519.6	6.58
519.797	7.05
519.994	6.7
520.191	7.13
520.388	7.39
520.585	7.45
520.782	7.33
520.978	7.1
521.175	7.47
521.372	7.66
521.569	7.37
521.766	7.05
521.963	7.3
522.159	7.59
522.356	7.75
522.553	7.7
522.75	7.65
522.947	7.56
523.143	7.67
523.34	7.9
523.537	7.9
523.733	7.58
523.93	7.5
524.127	8.08
524.323	7.8
524.52	7.58
524.717	7.38
524.913	7.64
525.11	7.61
525.306	8.02
525.503	8.1
525.7	7.99
525.896	7.54
526.093	8.04
526.289	8.54
526.486	7.65
526.682	7.95
526.878	7.84
527.075	7.7
527.271	7.67
527.468	8.85
527.664	8.01
527.861	8.03
528.057	8.37
528.253	8.75
528.45	7.58
528.646	8.11
528.842	8.3
529.039	7.97
529.235	8.43
529.431	8.3
529.627	8.53
529.824	8.8
530.02	8.15
530.216	8.41
530.412	8.17
530.608	8.28
530.804	8.54
531.001	8.45
531.197	8.4
531.393	8.63
531.589	8.6
531.785	8.48
531.981	8.49
532.177	8.59
532.373	8.67
532.569	8.61
532.765	8.33
532.961	8.55
533.157	7.97
533.353	8.74
533.549	8.71
533.745	8.89
533.941	8.29
534.137	8.49
534.333	7.77
534.529	8.61
534.725	8.97
534.92	8.46
535.116	8.93
535.312	8.93
535.508	8.96
535.704	8.53
535.899	8.55
536.095	8.67
536.291	8.93
536.487	8.72
536.682	8.33
536.878	9.09
537.074	8.98
537.269	9.17
537.465	8.5
537.661	9.13
537.856	9.22
538.052	8.81
538.248	9.06
538.443	9.41
538.639	8.9
538.834	9.38
539.03	9.01
539.225	9.36
539.421	9.03
539.616	9.04
539.812	9.21
540.007	9.6
540.203	9.09
540.398	9.15
540.593	9.17
540.789	9.1
540.984	9.22
541.18	9.23
541.375	9.29
541.57	9.17
541.766	9.37
541.961	9.05
542.156	9.32
542.352	9.48
542.547	9.17
542.742	9.09
542.937	9.35
543.133	9.69
543.328	9.62
543.523	9.36
543.718	9.74
543.913	9.3
544.108	9.17
544.304	9.39
544.499	9.81
544.694	9.63
544.889	9.5
545.084	9.67
545.279	9.81
545.474	9.12
545.669	9.72
545.864	9.45
546.059	9.52
546.254	9.17
546.449	9.68
546.644	9.31
546.839	9.79
547.034	9.77
547.229	9.95
547.424	9.94
547.618	10.17
547.813	9.71
548.008	9.87
548.203	10.05
548.398	9.91
548.593	10.17
548.787	9.96
548.982	10.05
549.177	10.04
549.372	10.06
549.566	9.62
549.761	9.91
549.956	9.79
550.15	10.11
550.345	10.16
550.54	10.11
550.734	10.38
550.929	10.29
551.124	9.99
551.318	10.03
551.513	9.87
551.707	10.45
551.902	10.47
552.096	10.07
552.291	10.25
552.485	10.58
552.68	10.28
552.874	10.55
553.069	10.64
553.263	10.57
553.458	10.81
553.652	10.52
553.847	10.39
554.041	10.23
554.235	10.06
554.43	10.83
554.624	10.79
554.818	10.49
555.013	10.35
555.207	10.59
555.401	10.73
555.595	10.58
555.79	10.37
555.984	10.67
556.178	10.99
556.372	10.81
556.566	10.95
556.761	10.73
556.955	10.7
557.149	10.82
557.343	10.81
557.537	10.47
557.731	10.74
557.925	10.52
558.119	10.69
558.313	10.75
558.507	10.63
558.701	11.09
558.895	10.66
559.089	11.19
559.283	11.25
559.477	11.43
559.671	10.84
559.865	11.26
560.059	10.94
560.253	11.13
560.447	11.06
560.641	11.24
560.835	11.19
561.028	11.27
561.222	11.46
561.416	11.2
561.61	11.09
561.804	11.07
561.997	11.34
562.191	11.08
562.385	11.46
562.579	10.97
562.772	11.75
562.966	11.04
563.16	11.11
563.353	11.46
563.547	11.39
563.741	11.46
563.934	11.11
564.128	11.18
564.321	11.55
564.515	11.61
564.708	11.48
564.902	11.57
565.095	11.49
565.289	11.68
565.482	11.61
565.676	11.49
565.869	11.82
566.063	12.01
566.256	11.18
566.45	11.49
566.643	11.38
566.836	11.52
567.03	11.72
567.223	11.86
567.416	11.9
567.61	11.81
567.803	11.91
567.996	11.48
568.19	11.61
568.383	11.37
568.576	11.51
568.769	11.24
568.963	11.62
569.156	11.75
569.349	11.42
569.542	12.17
569.735	11.44
569.928	11.61
570.121	11.75
570.315	11.95
570.508	11.45
570.701	11.58
570.894	11.9
571.087	11.64
571.28	11.86
571.473	11.72
571.666	12.15
571.859	11.98
572.052	12.44
572.245	12.42
572.438	12.01
572.631	11.77
572.824	12.24
573.016	12.17
573.209	12.18
573.402	11.77
573.595	12.03
573.788	12.22
573.981	11.81
574.173	11.79
574.366	11.83
574.559	12.11
574.752	11.65
574.944	12.35
575.137	12.38
575.33	12.15
575.523	12.15
575.715	12.2
575.908	12.17
576.101	12.28
576.293	11.83
576.486	12.34
576.678	12.19
576.871	11.87
577.063	12.54
577.256	12.08
577.449	12.42
577.641	11.88
577.834	11.91
578.026	12.04
578.219	11.92
578.411	11.98
578.603	12.34
578.796	12.49
578.988	12.31
579.181	12.26
579.373	12.2
579.565	12.39
579.758	12.14
579.95	12.18
580.142	12.09
580.335	12.33
580.527	12.53
580.719	12.26
580.912	12.03
581.104	12.31
581.296	12.57
581.488	12.5
581.68	12.18
581.873	12.8
582.065	12.84
582.257	12.59
582.449	12.4
582.641	12.49
582.833	12.53
583.025	12.09
583.217	12.7
583.41	12.29
583.602	12.98
583.794	12.49
583.986	12.8
584.178	12.52
584.37	12.62
584.562	12.66
584.753	12.37
584.945	12.51
585.137	12.59
585.329	12.52
585.521	12.39
585.713	12.66
585.905	13.19
586.097	12.92
586.289	12.82
586.48	12.66
586.672	12.67
586.864	12.79
587.056	13.43
587.247	12.69
587.439	12.82
587.631	12.55
587.823	12.74
588.014	13.38
588.206	12.8
588.398	12.44
588.589	13
588.781	12.71
588.972	12.83
589.164	13.22
589.356	12.76
589.547	13.1
589.739	12.79
589.93	13.12
590.122	13.13
590.313	12.85
590.505	13.04
590.696	12.79
590.888	12.76
591.079	13.14
591.271	13.33
591.462	13.04
591.653	13.54
591.845	13.24
592.036	13.21
592.227	13.31
592.419	13.15
592.61	13.15
592.801	13.15
592.993	13.01
593.184	13.21
593.375	13.23
593.566	13.44
593.758	13.1
593.949	13.54
594.14	13.12
594.331	13.67
594.522	13.39
594.713	13.2
594.905	13.95
595.096	13.91
595.287	13.14
595.478	13.79
595.669	13.55
595.86	13.15
596.051	13.58
596.242	13.4
596.433	13.38
596.624	13.6
596.815	13.86
597.006	13.29
597.197	13.47
597.388	14.3
597.579	13.52
597.77	13.63
597.96	13.74
598.151	13.81
598.342	13.8
598.533	14.07
598.724	13.85
598.915	14
599.105	13.68
599.296	14.3
599.487	13.51
599.678	13.94
599.868	14.25
600.059	13.84
600.25	14.76
600.44	13.69
600.631	14.24
600.822	14.34
601.012	14.4
601.203	14.07
601.394	13.93
601.584	13.89
601.775	14.2
601.965	14.12
602.156	14.38
602.346	14.06
602.537	14.26
602.727	14.1
602.918	14.27
603.108	14.43
603.299	14.02
603.489	14.33
603.679	14
603.87	14.12
604.06	15.18
604.251	14.69
604.441	14.07
604.631	14.48
604.822	14.41
605.012	14.55
605.202	14.82
605.392	14.43
605.583	14.61
605.773	14.68
605.963	15.1
606.153	14.58
606.344	14.39
606.534	14.79
606.724	15.16
606.914	13.96
607.104	14.46
607.294	14.33
607.484	14.61
607.674	14.93
607.864	14.03
608.054	15.04
608.245	14.55
608.435	14.99
608.625	14.98
608.814	14.29
609.004	14.26
609.194	14.79
609.384	14.65
609.574	14.55
609.764	14.64
609.954	14.92
610.144	14.65
610.334	14.79
610.524	14.82
610.713	14.53
610.903	14.67
611.093	14.65
611.283	14.54
611.473	14.95
611.662	14.75
611.852	14.29
612.042	14.5
612.231	14.65
612.421	14.76
612.611	14.52
612.8	15.05
612.99	15.11
613.18	15.12
613.369	15.25
613.559	15.36
613.748	14.33
613.938	15.22
614.128	15.15
614.317	15.22
614.507	15.07
614.696	15.27
614.886	14.9
615.075	14.7
615.264	14.8
615.454	15.12
615.643	14.43
615.833	14.71
616.022	15.08
616.211	15.51
616.401	14.82
616.59	15.2
616.779	14.92
616.969	14.75
617.158	14.44
617.347	15.37
617.537	14.98
617.726	14.95
617.915	14.69
618.104	14.25
618.293	14.8
618.483	14.64
618.672	15.3
618.861	15.3
619.05	15
619.239	15.14
619.428	15.43
619.617	15.11
619.806	14.93
619.995	14.7
620.184	14.49
620.373	14.8
620.562	14.82
620.751	15.28
620.94	15.23
621.129	15.03
621.318	14.25
621.507	14.46
621.696	15.12
621.885	14.52
622.074	15.75
622.263	14.61
622.452	15.27
622.64	15.66
622.829	14.86
623.018	16.47
623.207	14.95
623.396	15.1
623.584	15.69
623.773	15.7
623.962	15.24
624.15	15.7
624.339	15.58
624.528	15.06
624.716	16.08
624.905	15.42
625.094	15.11
625.282	15.08
625.471	15.89
625.659	15.25
625.848	14.44
626.037	15.34
626.225	15.63
626.414	15.29
626.602	15.74
626.791	15.78
626.979	15.75
627.167	15.33
627.356	16.15
627.544	15.46
627.733	16
627.921	15.53
628.109	15.95
628.298	15.14
628.486	15.7
628.674	14.94
628.863	15.04
629.051	15.72
629.239	16.3
629.428	14.85
629.616	16.05
629.804	16.54
629.992	15.97
630.18	15.79
630.369	15.43
630.557	16.14
630.745	16.01
630.933	16.41
631.121	16.38
631.309	15.21
631.497	16.05
631.685	15.25
631.873	15.09
632.061	15.91
632.249	16.21
632.437	16.25
632.625	15.95
632.813	16.38
633.001	17.13
633.189	15.3
633.377	15.64
633.565	14.51
633.753	15.75
633.941	16.16
634.129	16.02
634.316	15.96
634.504	16.41
634.692	16.9
634.88	16.03
635.068	16.35
635.255	15.42
635.443	16.51
635.631	15.88
635.818	16.4
636.006	16.24
636.194	15.77
636.382	15.09
636.569	15.97
636.757	16.93
636.944	16.26
637.132	16.51
637.32	16.36
637.507	16.92
637.695	15.59
637.882	15.88
638.07	16.03
638.257	15.32
638.445	15.47
638.632	16.63
638.82	15.22
639.007	15.61
639.194	15.88
639.382	15.71
639.569	15.78
639.757	15.74
639.944	15.45
640.131	15.84
640.319	15.14
640.506	15.51
640.693	17
640.88	15.68
641.068	16.18
641.255	15.63
641.442	14.97
641.629	14.93
641.817	16.29
642.004	15.81
642.191	15.63
642.378	15.34
642.565	16.91
642.752	15.46
642.939	13.65
643.126	15.1
643.313	15.18
643.501	16.51
643.688	16.33
643.875	15.34
644.062	15.45
644.249	15.45
644.435	15.32
644.622	13.73
644.809	15.53
644.996	16.13
645.183	14.05
645.37	15.19
645.557	14.89
645.744	14.9
645.931	13.67
646.117	14.45
646.304	15.24
646.491	14.34
646.678	14.64
646.865	14.85
647.051	14.95
647.238	13.69
647.425	14.01
647.611	15.12
647.798	14.17
647.985	14.55
648.171	14.8
648.358	14.08
648.545	14.34
648.731	13.06
648.918	14.37
649.104	14.56
649.291	14.74
649.477	14.8
649.664	14.78
649.85	14.9
650.037	14.68
650.223	13.14
650.41	13.78
650.596	14.24
650.783	13.47
650.969	13.98
651.155	13.83
651.342	14.92
651.528	14.1
651.714	13.34
651.901	15.2
652.087	15.12
652.273	14.08
652.46	14.91
652.646	14.55
652.832	14.53
653.018	13.62
653.204	14.51
653.391	14.8
653.577	13.88
653.763	14.18
653.949	15.63
654.135	13.87
654.321	15.52
654.507	14.12
654.693	14.42
654.879	13.15
655.065	12.05
655.252	11.43
655.438	15.67
655.624	14.04
655.809	13.86
655.995	14.36
656.181	14.85
656.367	14.31
656.553	14.75
656.739	14.29
656.925	14.17
657.111	13.92
657.297	15.84
657.482	14.41
657.668	15.1
657.854	14.33
658.04	14.52
658.226	12.83
658.411	13.89
658.597	14.67
658.783	13.55
658.968	15.33
659.154	13
659.34	13.69
659.525	14.44
659.711	13.53
659.897	13.35
660.082	14.91
660.268	13.44
660.453	14.4
660.639	14.27
660.824	13.55
661.01	14.46
661.195	13.64
661.381	12.56
661.566	14.47
661.752	12.18
661.937	14.63
662.123	11.96
662.308	11.26
662.494	13.58
662.679	11.94
662.864	12.86
663.05	12.73
663.235	12.75
663.42	11.06
663.605	12.55
663.791	11.6
663.976	10.85
664.161	11.15
664.346	12.74
664.532	12.53
664.717	12.87
664.902	13.68
665.087	14.48
665.272	12.89
665.457	11.82
665.642	11.4
665.828	12.53
666.013	13.09
666.198	10.1
666.383	12.2
666.568	12.13
666.753	13.71
666.938	12.75
667.123	13.07
667.308	12.71
667.493	13.8
667.677	12.6
667.862	15.01
668.047	14.06
668.232	12.6
668.417	13.77
668.602	12.48
668.787	15.16
668.971	12.44
669.156	15.34
669.341	11.58
669.526	13.31
669.711	14.09
669.895	14.81
670.08	11.88
670.265	15.09
670.449	12.44
670.634	14.27
670.819	11.16
671.003	12.28
671.188	13.47
671.372	15.59
671.557	14.63
671.742	14.35
671.926	12.62
672.111	12.02
672.295	13.27
672.48	13.42
672.664	12.77
672.849	12.12
673.033	13.94
673.217	13.38
673.402	13.33
673.586	13.29
673.771	13.39
673.955	15.59
674.139	14.9
674.324	13.63
674.508	15.7
674.692	17.13
674.876	15.91
675.061	16.4
675.245	19.71
675.429	14.92
675.613	14.36
675.798	14.83
675.982	17.54
676.166	17.1
676.35	16.71
676.534	16.42
676.718	16.34
676.902	19.09
677.087	15.71
677.271	15.98
677.455	18.95
677.639	14.93
677.823	20.9
678.007	20.07
678.191	19.6
678.375	19.66
678.559	19.02
678.742	18.57
678.926	17.1
679.11	22.06
679.294	19.72
679.478	15.63
679.662	21.82
679.846	23.65
680.029	21.33
680.213	18.83
680.397	20.55
680.581	19.19
680.765	22.58
680.948	21.17
681.132	21.97
681.316	18.83
681.499	23.04
681.683	20.63
681.867	20.85
682.05	24.33
682.234	21.36
682.417	22.08
682.601	23.22
682.785	24.63
682.968	24.48
683.152	23.65
683.335	23.06
683.519	22.26
683.702	24.93
683.886	25.7
684.069	25.46
684.253	26.5
684.436	27.18
684.619	26.87
684.803	27.14
684.986	26.21
685.169	26.41
685.353	27.47
685.536	25.87
685.719	28.95
685.903	24.63
686.086	25.02
686.269	28.86
686.452	24.92
686.636	29.96
686.819	29.85
687.002	28.7
687.185	29.86
687.368	28.04
687.551	26.01
687.734	30.3
687.918	30.72
688.101	30.64
688.284	28.1
688.467	32.92
688.65	31.58
688.833	30.75
689.016	30.57
689.199	28.21
689.382	31.63
689.565	28.38
689.748	26.29
689.93	28.27
690.113	30.87
690.296	31.68
690.479	31.69
690.662	29.97
690.845	26.57
691.028	29.86
691.21	32.17
691.393	28.98
691.576	30.06
691.759	31.29
691.941	30.25
692.124	32.84
692.307	31.59
692.489	31.44
692.672	32.47
692.855	32.72
693.037	34.89
693.22	38.24
693.403	31.63
693.585	35.23
693.768	36.05
693.95	37.52
694.133	37.75
694.315	31.62
694.498	33.04
694.68	32.01
694.863	34.4
695.045	37.69
695.228	36.47
695.41	33.51
695.592	37.26
695.775	33.84
695.957	33.58
696.139	35.37
696.322	36.73
696.504	36.87
696.686	34.61
696.869	38.66
697.051	35.78
697.233	38.09
697.415	37.61
697.597	33.47
697.78	41.29
697.962	33.87
698.144	42.56
698.326	39.15
698.508	40.72
698.69	32.8
698.872	36.88
699.055	35.34
699.237	41.06
699.419	34.85
699.601	34.38
699.783	39.55
699.965	43.79
700.147	29.69
700.329	46.2
700.51	41.71
700.692	41.34
700.874	32.9
701.056	43.54
701.238	36.8
701.42	43.06
701.602	38.15
701.783	40.45
701.965	35.04
702.147	37.29
702.329	39.94
702.511	41.06
702.692	37.97
702.874	36.69
703.056	37.4
703.237	40.63
703.419	40.49
703.601	42.59
703.782	44.21
703.964	40.06
704.146	43.6
704.327	40.44
704.509	43.86
704.69	35.57
704.872	41.24
705.053	28.79
705.235	39.28
705.416	38.32
705.598	40.72
705.779	40.68
705.961	41.87
706.142	42.61
706.323	39.54
706.505	37.63
706.686	36.45
706.867	44.69
707.049	38.18
707.23	39.88
707.411	43.34
707.593	42.66
707.774	39.71
707.955	39.81
708.136	30.53
708.318	36.2
708.499	45.74
708.68	38.81
708.861	42.75
709.042	42.7
709.223	38.76
709.404	37.08
709.585	43.76
709.767	43.85
709.948	43.15
710.129	42.65
710.31	34.38
710.491	35.84
710.672	39
710.853	34.95
711.034	50.73
711.214	40.91
711.395	37.16
711.576	38.37
711.757	44.61
711.938	38.05
712.119	48.7
712.3	44.45
712.481	35.47
712.661	45.62
712.842	35.1
713.023	39.9
713.204	40.22
713.384	43.17
713.565	39.16
713.746	46.44
713.926	29.45
714.107	42.4
714.288	37.41
714.468	39.11
714.649	51.39
714.83	42.12
715.01	45.12
715.191	37.61
715.371	35.75
715.552	47.36
715.732	44.65
715.913	46.04
716.093	50.88
716.274	48.44
716.454	54.79
716.635	46.65
716.815	40.74
716.995	46.5
717.176	49.39
717.356	31.32
717.536	50.65
717.717	29.87
717.897	42.42
718.077	29.27
718.258	36.83
718.438	37.19
718.618	47.24
718.798	46.63
718.978	45.58
719.159	33.47
719.339	50.93
719.519	42.15
719.699	49.14
719.879	40.23
720.059	44.25
720.239	49.64
720.419	51.81
720.599	44.07
720.779	52.27
720.959	37.97
721.139	43.51
721.319	34.3
721.499	51.88
721.679	39.54
721.859	57.51
722.039	43.14
722.219	49.3
722.399	47.43
722.579	51.18
722.759	37.41
722.938	41.4
723.118	41.07
723.298	44.23
723.478	53.56
723.658	50.06
723.837	46.42
724.017	42.6
724.197	39.8
724.376	51.78
724.556	38.99
724.736	54.99
724.915	43.68
725.095	46.95
725.275	43.31
725.454	52.34
725.634	42.46
725.813	57.53
725.993	53.39
726.172	50.5
726.352	47.46
726.531	55.91
726.711	43.44
726.89	45.96
727.07	60.6
727.249	51.67
727.428	51.52
727.608	46.23
727.787	50.89
727.966	46.6
728.146	49.19
728.325	56.65
728.504	38.96
728.684	37.06
728.863	50.77
729.042	42.73
729.221	38.62
729.4	28.53
729.58	49.29
729.759	50.41
729.938	45.67
730.117	51.35
730.296	47.42
730.475	41.32
730.654	34.88
730.833	53.48
731.013	32.47
731.192	47.4
731.371	58.47
731.55	37.93
731.729	41.96
731.907	54.48
732.086	46.09
732.265	44.4
732.444	41.46
732.623	45.06
732.802	46.37
732.981	35.9
733.16	53.15
733.339	47.96
733.517	51.81
733.696	53.05
733.875	57.75
734.054	63.4
734.232	53.38
734.411	70
734.59	36.03
734.768	43.05
734.947	63.47
735.126	41.63
735.304	32.86
735.483	57.83
735.662	52.2
735.84	49.67
736.019	45.67
736.197	37.75
736.376	50.98
736.554	74.78
736.733	61.21
736.911	50.33
737.09	46.26
737.268	51.82
737.447	74.8
737.625	55.1
737.803	46.51
737.982	65.78
738.16	68.04
738.338	70.91
738.517	55.71
738.695	49.89
738.873	39.51
739.052	57.43
739.23	37.84
739.408	49.89
739.586	57.31
739.764	31.58
739.943	41.05
740.121	56.27
740.299	42.26
740.477	51.13
740.655	38.33
740.833	42.76
741.011	72.87
741.189	23.31
741.367	47.78
741.545	48.21
741.723	31.33
741.901	38.72
742.079	46.3
742.257	52.12
742.435	63.3
742.613	50.87
742.791	55.46
742.969	61.73
743.147	39.07
743.325	46.93
743.503	42.07
743.68	38.78
743.858	69.25
744.036	45.17
744.214	39.77
744.391	43.94
744.569	26.01
744.747	72.67
744.925	57.9
745.102	22.54
745.28	74.88
745.458	70.3
745.635	59.67
745.813	71.3
745.99	76.76
746.168	52.48
746.345	101.37
746.523	50.93
746.7	42.23
746.878	37.45
747.055	58.51
747.233	38.24
747.41	72.72
747.588	35.54
747.765	78.55
747.943	52.42
748.12	52.23
748.297	53.82
748.475	52.62
748.652	47.38
748.829	67.17
749.007	29.5
749.184	52.22
749.361	58.78
749.538	96.02
749.716	45.25
749.893	58.73
750.07	60.94
750.247	61.48
750.424	92.89
750.601	70.76
750.778	55.42
750.956	25.74
751.133	17.94
751.31	47.29
751.487	64.22
751.664	88.22
751.841	35.43
752.018	57.31
752.195	72.04
752.372	50.45
752.549	10.05
752.726	60.8
752.902	40.05
753.079	64.02
753.256	111.69
753.433	68.35
753.61	66.72
753.787	70.56
753.964	66.2
754.14	72.37
754.317	81.78
754.494	65.46
754.671	79.78
754.847	52.38
755.024	91.5
755.201	40.22
755.377	27.78
755.554	45.29
755.73	21.06
755.907	86.73
756.084	125.61
756.26	76.7
756.437	9.01
756.613	37.09
756.79	47.8
756.966	24.12
757.143	53.98
757.319	42.06
757.496	79.06
757.672	23.75
757.849	80.68
758.025	45.78
758.201	125.03
758.378	58.76
758.554	38.89
758.73	54.85
758.907	64.67
759.083	57.67
759.259	28.62
759.435	53.88
759.612	72.5
759.788	55.61
759.964	63.93
760.14	58.14
760.316	-4.93
760.493	42.36
760.669	96.67
760.845	-37.94
761.021	-23.23
761.197	54.55
761.373	108.08
761.549	56.45
761.725	38.43
761.901	48.43
762.077	49.47
762.253	-3.29
762.429	39.14
762.605	43.27
762.781	41.47
762.957	41.37
763.133	70.98
763.308	55.04
763.484	50.21
763.66	118.02
763.836	90.56
764.012	-29.16
764.187	64.44
764.363	79
764.539	41.67
764.715	34.83
764.89	52.32
765.066	37.18
765.242	85.91
765.417	105.65
765.593	31.26
765.769	119.72
765.944	35.4
766.12	81.93
766.295	-9.94
766.471	35.35
766.646	43.75
766.822	121.29
766.997	-13.27
767.173	92.09
767.348	38.52
767.524	-36.49
767.699	36.13
767.875	34.2
768.05	34.82
768.225	99.86
768.401	38.89
768.576	80.82
768.751	19.06
768.927	51.79
769.102	45.54
769.277	85.3
769.452	67.85
769.628	17.7
769.803	87.47
769.978	-1.23
770.153	1.26
770.328	25.13
770.503	61.95
770.679	39.68
770.854	49.49
771.029	74.2
771.204	-210.6
771.379	-26.77
771.554	58.79
771.729	107.38
771.904	3.22
772.079	32.13
772.254	104.59
772.429	64.1
772.604	10.72
772.779	95.88
772.953	-57.59
773.128	52.96
773.303	37.85
773.478	50.91
773.653	19.01
773.828	57.95
774.002	109.54
774.177	11.55
774.352	589.57
774.527	87.08
774.701	40.45
774.876	85.37
775.051	35.29
775.225	6.95
775.4	31.99
775.575	28.33
775.749	32.52
775.924	15.44
776.098	-56.21
776.273	46.61
776.447	48.62
776.622	18.5
776.796	-31.26
776.971	-91
777.145	21.55
777.32	42.09
777.494	79.81
777.669	47.5
777.843	-177.85
778.017	37.8
778.192	44.05
778.366	6.41
778.54	65.12
778.715	-18.31
778.889	117.62
779.063	25.09
779.237	80.04
779.412	41.93
779.586	-1.49
779.76	-55.35
779.934	12.91
780.108	115.6
780.282	-277.61
780.457	47.93
780.631	-85.71
780.805	-8.22
780.979	188.06
781.153	127.37
781.327	54.95
781.501	51.23
781.675	124.2
781.849	-13.85
782.023	10.33
782.197	45.88
782.371	-229.71
782.545	-92.02
782.718	205.65
782.892	157.78
783.066	52.6
783.24	235.63
783.414	71.68
783.588	38.19
783.761	32.81
783.935	-20.5
784.109	140.17
784.283	-349.57
784.456	230.33
784.63	7.92
784.804	76.89
784.977	49.2
785.151	-39.25
785.324	-41.93
785.498	1.07
785.672	8.9
785.845	38.3
786.019	-19.91
786.192	210.6
786.366	56.72
786.539	87.46
786.713	11.44
786.886	59.48
787.06	125.08
787.233	-47.84
787.406	-6.43
787.58	34.71
787.753	108.43
787.926	-11.15
788.1	106.75
788.273	-56.6
788.446	-126.2
788.62	-406.45
788.793	92.59
788.966	3.71
789.139	238.31
789.313	86.65
789.486	1457.14
789.659	58.29
789.832	70.25
790.005	40.44
790.178	419.47
790.351	77.88
790.524	120
790.697	41.82
790.87	-33.5
791.044	-141.82
791.216	33.29
791.389	28.88
791.562	64.84
791.735	326.58
791.908	428.57
792.081	46.56
792.254	125.27
792.427	20.07
792.6	-47.23
792.773	31.66
792.945	-116.42
793.118	221.84
793.291	6.59
793.464	-99.57
793.637	-69.94
793.809	62.23
793.982	93.03
794.155	59.85
794.327	120
794.5	-46.15
794.673	60.73
794.845	7
795.018	33.5
795.19	-640.45
795.363	83.89
795.536	57.21
795.708	-1451.61
795.881	14760
796.053	-3.79
796.226	462.86
796.398	180.46
796.57	110.15
796.743	78.72
796.915	-38.68
797.088	172.47
797.26	14.17
797.432	281.01
797.605	54.55
797.777	-444.16
797.949	90.35
798.122	50.31
798.294	164.13
798.466	-99.43
798.638	-24.45
798.81	21.97
798.983	812.66
799.155	55.48
799.327	4.34
799.499	58.06
799.671	103.89
799.843	22.31
800.015	-7
800.187	8.22
800.359	-14.63
800.531	52.14
800.703	33.29
800.875	88.68
801.047	107.19
801.219	202.73
801.391	-116.88
801.563	-38.85
801.735	170.03
801.907	246.63
802.079	119.24
802.251	-98.9
802.422	-165.35
802.594	-475.32
802.766	-3.89
802.938	-67.26
803.11	178.78
803.281	3.97
803.453	-7.68
803.625	49.09
803.796	87.49
803.968	37.8
804.14	-41.68
804.311	-2.48
804.483	58.98
804.654	81.18
804.826	220.06
804.998	35.29
805.169	-90.35
805.341	264
805.512	63.35
805.684	134.29
805.855	102.39
806.026	-27.69
806.198	364.42
806.369	-16.82
806.541	47.83
806.712	101.97
806.883	83.38
807.055	198.5
807.226	-93.64
807.397	-6.59
807.569	100.88
807.74	23.04
807.911	2.45
808.082	24.22
808.253	-350.5
808.425	54.55
808.596	128.09
808.767	271.94
808.938	57.05
809.109	-196.04
809.28	-201.9
809.451	24.78
809.622	189.3
809.793	-1529.03
809.964	-46.96
810.135	87.46
810.306	-163.01
810.477	398.66
810.648	30.28
810.819	125.05
810.99	-600
811.161	-82.53
811.332	-29.19
811.503	37.31
811.674	470.77
811.844	-156.92
812.015	83.91
812.186	320.25
812.357	-2.58
812.527	24.78
812.698	29.16
812.869	260.38
813.04	25.97
813.21	-724.14
813.381	58.37
813.551	-5.07
813.722	30.64
813.893	-32.66
814.063	52.11
814.234	643.64
814.404	120.52
814.575	168.81
814.745	-238.94
814.916	7.36
815.086	11.37
815.257	56.5
815.427	224.54
815.598	80.51
815.768	83.36
815.938	74.32
816.109	245.34
816.279	-17.21
816.449	-27.19
816.62	410.53
816.79	87.49
816.96	79.25
817.13	15.54
817.301	-106.6
817.471	26.78
817.641	173.01
817.811	56.93
817.981	-3342.86
818.152	-167.77
818.322	41.58
818.492	19.24
818.662	82.69
818.832	43.67
819.002	13.95
819.172	232.74
819.342	218.5
819.512	3.45
819.682	63.71
819.852	-2.97
820.022	107.76
820.192	-20.22
820.362	-89.14
820.531	-72.31
820.701	106.71
820.871	54.92
821.041	-24.43
821.211	-19.58
821.381	82.29
821.55	186.38
821.72	13.95
821.89	83.08
822.059	115.05
822.229	6.41
822.399	61.88
822.568	133.54
822.738	834.15
822.908	636.81
823.077	-11.07
823.247	17.33
823.416	1941.18
823.586	-48.13
823.756	-65.92
823.925	250.63
824.095	516.28
824.264	-67.26
824.433	345.13
824.603	86.04
824.772	-40.87
824.942	-843.04
825.111	177.89
825.28	-227.33
825.45	-182.61
825.619	122.98
825.788	87.64
825.958	-1.15
826.127	47.02
826.296	41.04
826.465	100.24
826.635	-52.57
826.804	-31.06
826.973	50.92
827.142	-201.7
827.311	52.35
827.48	132.63
827.649	-5.64
827.818	80.31
827.988	-110.4
828.157	13.17
828.326	27.06
828.495	45.89
828.664	39.69
828.833	86.93
829.002	-100.62
829.17	189.26
829.339	-69.35
829.508	94.74
829.677	249.44
829.846	43.94
830.015	-82.82
830.184	-61.89
830.352	99.67
830.521	194.24
830.69	1185.37
830.859	1729.41
831.027	1484.21
831.196	162.83
831.365	-32.57
831.533	84.01
831.702	-41.3
831.871	-59.28
832.039	61.22
832.208	-172.17
832.377	-89.76
832.545	137.28
832.714	29.45
832.882	12.4
833.051	69.55
833.219	428.57
833.388	-51.3
833.556	61.22
833.724	129.33
833.893	39.68
834.061	-94.74
834.23	193.22
834.398	122.78
834.566	459.74
834.735	4028.57
834.903	-328.3
835.071	7320
835.239	-175.08
835.408	113.96
835.576	-69.77
835.744	26.91
835.912	61.89
836.08	101.23
836.249	-147.17
836.417	208.56
836.585	150.45
836.753	83.38
836.921	236.76
837.089	-5400
837.257	-1241.86
837.425	-293.62
837.593	67.33
837.761	-1.41
837.929	-1.95
838.097	103.51
838.265	39.71
838.433	194.75
838.601	106.63
838.769	417.72
838.936	-262.92
839.104	138.96
839.272	114.5
839.44	34.53
839.608	-365.85
839.775	19.5
839.943	34.17
840.111	149.16
840.279	70.92
840.446	134.33
840.614	38.96
840.781	-297.39
840.949	52.46
841.117	-51.58
841.284	-79.83
841.452	160.25
841.619	-40.25
841.787	316.61
841.954	-13.95
842.122	-107.51
842.289	83.36
842.457	1.7
842.624	228.25
842.792	13.14
842.959	188.57
843.126	126.76
843.294	-60.18
843.461	-41.69
843.629	-158.4
843.796	42.76
843.963	-142.41
844.13	120
844.298	238.61
844.465	61.22
844.632	-160.25
844.799	-45.23
844.966	-48.51
845.134	46.71
845.301	58.21
845.468	-170.86
845.635	48.76
845.802	114.89
845.969	53.71
846.136	150.3
846.303	1294.74
846.47	51.93
846.637	396.92
846.804	-1610.53
846.971	60.98
847.138	62.55
847.305	-249.56
847.472	78.42
847.639	147.54
847.805	71.62
847.972	-23.38
848.139	54.08
848.306	1673.68
848.473	-80.6
848.639	-37.31
848.806	4.8
848.973	92.93
849.14	187.38
849.306	-142.6
849.473	210.6
849.64	415.38
849.806	-66.03
849.973	256.22
850.139	-99.34
850.306	22.11
850.472	197.05
850.639	210.49
850.806	94.74
850.972	15.65
851.139	2828.57
851.305	21.69
851.471	143.06
851.638	467.48
851.804	492.54
851.971	-97.12
852.137	-97.89
852.303	53.62
852.47	-4.75
852.636	140.67
852.802	278.74
852.968	94.47
853.135	-51.78
853.301	-38.15
853.467	123.93
853.633	61.18
853.8	92.38
853.966	-143.15
854.132	-257.14
854.298	-13.14
854.464	519.1
854.63	120
854.796	2.03
854.962	280.58
855.128	32.73
855.294	-33.4
855.46	-58.06
855.626	-19.35
855.792	25.48
855.958	-99.03
856.124	-128.83
856.29	107.28
856.456	3.15
856.622	-22.98
856.787	350.65
856.953	12.77
857.119	374.26
857.285	150.71
857.45	-69.96
857.616	143.44
857.782	13.81
857.948	193.73
858.113	-51.19
858.279	27.41
858.445	127.56
858.61	655.81
858.776	157.89
858.941	-207.92
859.107	69.31
859.273	128.47
859.438	37.64
859.604	-1294.74
859.769	70.87
859.935	-338.61
860.1	35.83
860.265	54.9
860.431	107.91
860.596	3685.71
860.762	-43.73
860.927	56.09
861.092	97.33
861.258	-45.89
861.423	113.51
861.588	13.4
861.753	1971.43
861.919	-79.25
862.084	325.98
862.249	217.63
862.414	116.72
862.579	70.05
862.745	65.57
862.91	143.91
863.075	130.94
863.24	43.61
863.405	9.05
863.57	9.77
863.735	-107.6
863.9	-69.03
864.065	108.99
864.23	61.74
864.395	14.95
864.56	99.7
864.725	129.11
864.89	505.62
865.055	-24.54
865.22	-30.72
865.384	-626.97
865.549	64.08
865.714	-54.8
865.879	171.15
866.044	-120
866.208	120.6
866.373	164.84
866.538	60.42
866.702	120
866.867	45.34
867.032	80.47
867.196	77.67
867.361	494.4
867.526	-79.83
867.69	149.59
867.855	-494.51
868.019	883.64
868.184	18.09
868.348	75.77
868.513	-1374.19
868.677	193.77
868.842	-163.25
869.006	141.08
869.17	-781.13
869.335	-43.9
869.499	5.83
869.663	11.92
869.828	-7.29
869.992	627.91
870.156	-4.5
870.321	-96.77
870.485	-9.31
870.649	-55.41
870.813	-157.2
870.978	2.55
871.142	507.69
871.306	-82.46
871.47	135.77
871.634	108.66
871.798	-145.34
871.962	-12.3
872.126	-4371.43
872.29	-4.36
872.454	1457.14
872.618	-25.84
872.782	116.42
872.946	430.87
873.11	3.02
873.274	239.31
873.438	-670.59
873.602	-23.75
873.766	335.06
873.93	-11.51
874.094	316.85
874.257	141.64
874.421	336.42
874.585	-294.55
874.749	56.44
874.912	116.55
875.076	55.09
875.24	96.39
875.403	350.17
875.567	10.29
875.731	-101.12
875.894	26.94
876.058	-20.1
876.222	47.19
876.385	286.43
876.549	98.25
876.712	-32.73
876.876	-41.3
877.039	81.08
877.203	63.23
877.366	123.74
877.529	-116.61
877.693	-70.94
877.856	14.79
878.02	1.23
878.183	16.93
878.346	412.99
878.51	355.75
878.673	159.71
878.836	-20.82
878.999	-329.03
879.163	111.01
879.326	1.53
879.489	165.12
879.652	58.33
879.815	7.84
879.978	-26.94
880.142	36.24
880.305	-361.49
880.468	76.63
880.631	20.69
880.794	14.32
880.957	512.2
881.12	-811.76
881.283	-29.6
881.446	66.91
881.609	21.58
881.772	142.67
881.935	529.41
882.097	26.09
882.26	-373.58
882.423	-93.47
882.586	112.92
882.749	117.2
882.912	99.39
883.074	83.31
883.237	121.04
883.4	90.72
883.562	78.4
883.725	-168
883.888	675.59
884.05	-360
884.213	31.27
884.376	0.9
884.538	-3.09
884.701	-3.09
884.863	-3.09
