181.954	67.61
182.172	67.61
182.39	67.61
182.608	-3340
182.826	183.52
183.043	-61.7
183.261	32.43
183.479	70.67
183.697	1558.82
183.914	-39.27
184.132	134.22
184.35	171.75
184.567	70.7
184.785	-41.59
185.003	-2.83
185.22	5.58
185.438	57.77
185.656	-145.23
185.873	647.69
186.091	20
186.309	293.1
186.526	43.89
186.744	-46.45
186.961	-2.96
187.179	-63.03
187.396	20.46
187.614	-275.38
187.831	20
188.049	-192.02
188.266	98.9
188.484	-574.63
188.701	138.83
188.919	88.57
189.136	203.74
189.354	152.51
189.571	-17.54
189.789	87.58
190.006	46.37
190.223	-278.38
190.441	102.03
190.658	-7900
190.876	91.32
191.093	-225.27
191.31	58.6
191.528	55.97
191.745	57.52
191.962	81.65
192.179	23.93
192.397	-126.72
192.614	145.14
192.831	79.04
193.049	43.58
193.266	348.54
193.483	134.86
193.7	20
193.917	65.63
194.135	474.1
194.352	-9.65
194.569	68.84
194.786	183.8
195.003	168.38
195.221	95.87
195.438	84.45
195.655	53.77
195.872	-57.29
196.089	27.15
196.306	45.26
196.523	-26.65
196.74	0.41
196.957	11.16
197.174	24.87
197.391	79.65
197.608	32.73
197.825	1041.94
198.042	54.99
198.259	-451.72
198.476	153.5
198.693	-1420
198.91	-45.92
199.127	-270.15
199.344	-92.71
199.561	-124.28
199.778	107.15
199.995	302.99
200.212	44.83
200.429	175.83
200.646	29.11
200.862	41.57
201.079	27.84
201.296	356.95
201.513	10.68
201.73	141.33
201.947	127.79
202.163	134.47
202.38	-34.1
202.597	134.22
202.814	158.31
203.03	3860
203.247	-199.5
203.464	43.4
203.681	219.48
203.897	142.22
204.114	115.09
204.331	58.32
204.547	248.84
204.764	162.16
204.981	1770.59
205.197	402.98
205.414	-6.95
205.63	-1237.93
205.847	264.82
206.064	63.64
206.28	-59.13
206.497	-33
206.713	115.23
206.93	44.47
207.146	160.92
207.363	555.38
207.579	-40.66
207.796	-30.97
208.012	-65.48
208.229	-252.24
208.445	-26.43
208.662	116.81
208.878	139.74
209.095	358.82
209.311	32.95
209.528	-1557.14
209.744	101.54
209.96	174.17
210.177	360.19
210.393	81.4
210.609	2180
210.826	-280.37
211.042	395.65
211.258	16.42
211.475	57.22
211.691	4.19
211.907	-62.03
212.124	81.24
212.34	205.14
212.556	61.59
212.772	51.65
212.989	134.44
213.205	48.34
213.421	-289.95
213.637	249.25
213.853	117.12
214.069	752.63
214.286	80.17
214.502	446.27
214.718	-105.64
214.934	115.86
215.15	130.16
215.366	83.55
215.582	12.37
215.798	105.25
216.015	53.64
216.231	-57.84
216.447	49.44
216.663	103.97
216.879	-115.08
217.095	153.69
217.311	-632.08
217.527	165.92
217.743	-152.43
217.959	-1333.96
218.175	31.93
218.391	249.64
218.606	-137.71
218.822	228.7
219.038	44.39
219.254	80.63
219.47	53.35
219.686	446.07
219.902	70.76
220.118	18.32
220.334	20.84
220.549	91.09
220.765	3.15
220.981	13.24
221.197	37.43
221.413	-673.63
221.628	606.33
221.844	500
222.06	663.11
222.276	75.99
222.491	29.25
222.707	12.13
222.923	-627.52
223.139	65.02
223.354	-15.14
223.57	-322.05
223.786	35.52
224.001	138.61
224.217	90.67
224.432	42.2
224.648	113.82
224.864	-3.13
225.079	464.18
225.295	29.53
225.51	-64.32
225.726	-47.51
225.942	105.02
226.157	63.94
226.373	-92.34
226.588	-91.16
226.804	-384.21
227.019	222.61
227.235	19.17
227.45	49.38
227.665	3620
227.881	-57.48
228.096	145.22
228.312	-125.31
228.527	68.84
228.743	33.71
228.958	-35.28
229.173	-126.09
229.389	134.66
229.604	1.89
229.819	215.53
230.035	-17.31
230.25	10.2
230.465	127.23
230.681	-141.04
230.896	4.3
231.111	123.15
231.327	49.56
231.542	1460
231.757	40.52
231.972	-0.35
232.187	173.19
232.403	-257.89
232.618	105.42
232.833	45.77
233.048	-110.91
233.263	8.99
233.478	-637.39
233.694	388.37
233.909	-235.48
234.124	106.46
234.339	49.12
234.554	2155.17
234.769	-33.71
234.984	-32.74
235.199	48.3
235.414	-530.09
235.629	-289.87
235.844	47.05
236.059	70.94
236.274	108.46
236.489	-113.17
236.704	147.64
236.919	76.68
237.134	52.18
237.349	70.67
237.564	59.96
237.779	-16.09
237.994	101.7
238.209	62.6
238.424	389.57
238.639	59.56
238.853	29.16
239.068	126.59
239.283	28.7
239.498	211.87
239.713	69.76
239.928	93.3
240.142	149.76
240.357	61.85
240.572	-17.18
240.787	130.52
241.001	127.23
241.216	-12.21
241.431	60.14
241.646	39.43
241.86	-242.6
242.075	276.74
242.29	29.87
242.504	-23.8
242.719	224.22
242.934	65.35
243.148	87.24
243.363	-27.56
243.577	-228.09
243.792	271.66
244.007	10.84
244.221	-606.49
244.436	34.33
244.65	227.61
244.865	209.95
245.079	160.99
245.294	-138.85
245.508	96.44
245.723	101.13
245.937	-40.66
246.152	39.22
246.366	88.34
246.581	36.31
246.795	-44.79
247.01	94.72
247.224	-14.29
247.438	-5.85
247.653	17.23
247.867	47.04
248.081	44.15
248.296	236.59
248.51	48.25
248.724	36.18
248.939	-144.78
249.153	20
249.367	1.78
249.582	65.12
249.796	32.47
250.01	-8.61
250.224	48.3
250.439	87.61
250.653	-61.7
250.867	12.18
251.081	164.45
251.295	-37.48
251.51	-122.98
251.724	111.51
251.938	143.12
252.152	123.36
252.366	78.69
252.58	20
252.794	55.07
253.008	420.53
253.223	122.17
253.437	22.26
253.651	13.85
253.865	109.94
254.079	-11.66
254.293	4.61
254.507	85.45
254.721	130.77
254.935	196.7
255.149	116.91
255.363	78.38
255.577	105.37
255.791	-20.68
256.005	389.57
256.218	-0.15
256.432	140.92
256.646	-45.45
256.86	229.58
257.074	56.89
257.288	-1660
257.502	183.52
257.716	72.44
257.929	97.58
258.143	-40.34
258.357	258.3
258.571	88.19
258.785	-9.18
258.998	94.93
259.212	36.66
259.426	-188.79
259.64	119.65
259.853	74.92
260.067	67.21
260.281	197.2
260.494	129.88
260.708	60.4
260.922	61.4
261.135	39.12
261.349	-2.18
261.563	86.51
261.776	429.41
261.99	94.4
262.203	-26.55
262.417	-136.04
262.63	-0.34
262.844	351.69
263.058	117.63
263.271	64.17
263.485	64.19
263.698	113.05
263.912	162.98
264.125	-20.42
264.339	292.13
264.552	-58.31
264.765	-240.87
264.979	101.25
265.192	81.47
265.406	69.76
265.619	-66.56
265.832	25.5
266.046	-22.62
266.259	44.41
266.473	-1125.81
266.686	65.69
266.899	98.18
267.113	8660
267.326	54.77
267.539	-15.98
267.752	50.14
267.966	43.71
268.179	119.19
268.392	16.64
268.605	140.94
268.819	87.54
269.032	124.64
269.245	629.23
269.458	-31.37
269.671	-305.06
269.885	45.01
270.098	-0.14
270.311	-92.41
270.524	49.31
270.737	45.78
270.95	-223.18
271.163	-180.31
271.376	616.13
271.589	44.3
271.802	46.74
272.016	42.67
272.229	64.5
272.442	-112.15
272.655	25.7
272.868	-137.58
273.081	-335.96
273.294	-2.91
273.506	-0.35
273.719	65.69
273.932	69.03
274.145	-11020
274.358	139.05
274.571	42.18
274.784	477.36
274.997	50.66
275.21	19.04
275.423	-34.61
275.635	-72.86
275.848	-7.48
276.061	134.44
276.274	-21.74
276.487	416.52
276.699	145.66
276.912	33.5
277.125	203.83
277.338	69.18
277.55	48.45
277.763	-6.02
277.976	62.32
278.189	-40.66
278.401	12.67
278.614	-66.4
278.827	51
279.039	155.21
279.252	-123.56
279.464	33.5
279.677	58
279.89	-31.66
280.102	-133.17
280.315	763.41
280.527	-384.21
280.74	-1568.97
280.952	48.92
281.165	72.79
281.377	4.4
281.59	59.87
281.802	202.62
282.015	34.46
282.227	65.56
282.44	275.54
282.652	176.4
282.865	22.27
283.077	100.96
283.29	52.3
283.502	-14.29
283.714	-6.16
283.927	149.87
284.139	-210.73
284.351	140.92
284.564	236.9
284.776	64.87
284.988	75.97
285.201	-162.69
285.413	27.32
285.625	-96.76
285.838	-11.15
286.05	75.63
286.262	101.48
286.474	93.96
286.686	97.29
286.899	-183.41
287.111	56.3
287.323	-1.91
287.535	119.8
287.747	161.65
287.959	-0.11
288.172	20
288.384	33.4
288.596	59.91
288.808	409.43
289.02	1201.89
289.232	47.39
289.444	8.06
289.656	-8.14
289.868	4.97
290.08	21.47
290.292	65.96
290.504	13.95
290.716	78.51
290.928	183.65
291.14	1058.14
291.352	-0.23
291.564	-1194.12
291.776	118.07
291.988	50.92
292.2	-80.09
292.412	-70.81
292.624	27.87
292.835	768.66
293.047	29.9
293.259	29.78
293.471	114.48
293.683	-670.73
293.895	75.48
294.106	-6.04
294.318	88.8
294.53	22.24
294.742	1865.52
294.953	-22.51
295.165	6.87
295.377	127.66
295.589	111.21
295.8	-2.67
296.012	71
296.224	26.59
296.435	163.33
296.647	48.34
296.858	146.04
297.07	130.77
297.282	114.53
297.493	7.19
297.705	54.29
297.916	25.46
298.128	84.74
298.34	143.6
298.551	37.65
298.763	95.68
298.974	110.14
299.186	-28.99
299.397	45.19
299.609	-3.23
299.82	3.06
300.031	47.52
300.243	1510.53
300.454	-15.34
300.666	38.37
300.877	204.27
301.089	86.38
301.3	82.29
301.511	73.06
301.723	-2.88
301.934	302.99
302.145	-0.3
302.357	112.46
302.568	144.8
302.779	17.64
302.99	74.89
303.202	151.44
303.413	143.05
303.624	64.75
303.835	-1130.19
304.047	-117
304.258	49.34
304.469	51.08
304.68	-16.31
304.891	-69.4
305.103	59.85
305.314	123.38
305.525	1014.29
305.736	178.74
305.947	107.35
306.158	711.76
306.369	125.24
306.58	92.89
306.791	118.36
307.002	-12.75
307.213	4.5
307.424	139.58
307.636	127.25
307.846	82.45
308.057	465.05
308.268	60.7
308.479	71.25
308.69	-11.69
308.901	51.07
309.112	-197.67
309.323	39.69
309.534	166.41
309.745	45.01
309.956	-67.71
310.167	3.87
310.377	31.11
310.588	127.79
310.799	223.08
311.01	13.44
311.221	37.73
311.432	73.7
311.642	70.53
311.853	-0.26
312.064	-286.21
312.275	129.74
312.485	109.64
312.696	38.98
312.907	-6.53
313.117	23.31
313.328	51.12
313.539	97.95
313.749	-41.94
313.96	-238.46
314.171	85.4
314.381	54.99
314.592	-14.29
314.802	-12.92
315.013	6.27
315.224	68
315.434	-1142.11
315.645	-8380
315.855	55.31
316.066	-133.71
316.276	215.9
316.487	-407.32
316.697	29.22
316.908	64.86
317.118	115.71
317.329	98.18
317.539	49.02
317.749	221.89
317.96	-789.55
318.17	38.66
318.381	223.08
318.591	-620.88
318.801	-52.24
319.012	20.85
319.222	220.39
319.432	-41.94
319.643	24.2
319.853	225.56
320.063	27.14
320.273	-13.22
320.484	183.52
320.694	108.16
320.904	81.02
321.114	392.13
321.325	1617.24
321.535	-34.6
321.745	-0.19
321.955	102.1
322.165	-112.69
322.375	47.58
322.585	279.14
322.796	541.38
323.006	87.61
323.216	68.71
323.426	8.68
323.636	195.69
323.846	86.21
324.056	44.71
324.266	9.31
324.476	-32.24
324.686	156.22
324.896	32.34
325.106	590.57
325.316	106.34
325.526	-700
325.736	22.74
325.946	43.26
326.156	562.34
326.366	176.52
326.576	-17.35
326.785	41.71
326.995	17.28
327.205	270.85
327.415	390.17
327.625	-113.14
327.835	1.78
328.044	192.46
328.254	61.74
328.464	148.06
328.674	257.87
328.884	223.74
329.093	185.56
329.303	74
329.513	-118.63
329.722	-321.05
329.932	81.4
330.142	26.48
330.351	30.7
330.561	150.91
330.771	-111.07
330.98	52.04
331.19	-90.77
331.4	-97.88
331.609	54.5
331.819	90.24
332.028	-76
332.238	81.02
332.447	129.66
332.657	92.99
332.866	97.39
333.076	22.23
333.285	-27.69
333.495	1158.06
333.704	-258.74
333.914	8.92
334.123	17.37
334.333	407.69
334.542	130.52
334.752	241.54
334.961	-43.4
335.17	-115.08
335.38	-32.97
335.589	35.88
335.798	63.86
336.008	473.63
336.217	-41.28
336.426	56.65
336.636	91.49
336.845	-0.28
337.054	-138.96
337.263	-65.4
337.473	34.03
337.682	257.65
337.891	-35.9
338.1	474.1
338.309	0.36
338.519	59.91
338.728	17.63
338.937	-227.56
339.146	-9.35
339.355	-111.32
339.564	1131.58
339.773	-90.95
339.983	112.46
340.192	-157.39
340.401	166.49
340.61	46.85
340.819	-5.75
341.028	-31.15
341.237	1700
341.446	40.19
341.655	109.93
341.864	-51.66
342.073	-24.88
342.282	-49.4
342.491	48.08
342.699	325.24
342.908	312.99
343.117	167.55
343.326	-63.56
343.535	216.36
343.744	2.58
343.953	-76
344.162	63.84
344.37	17.49
344.579	428.36
344.788	-15.6
344.997	0.24
345.206	191.21
345.414	44.67
345.623	163.47
345.832	72.83
346.041	408.63
346.249	110.76
346.458	64.86
346.667	11.81
346.875	81.96
347.084	48.58
347.293	111.23
347.501	118.96
347.71	-10.33
347.918	-4.8
348.127	-370.33
348.336	-191.39
348.544	54
348.753	929.85
348.961	-2.33
349.17	143.24
349.378	9.51
349.587	-0.25
349.795	-152.43
350.004	684.62
350.212	37.08
350.421	-94.69
350.629	75.83
350.838	21.89
351.046	104.99
351.254	-4.78
351.463	9.01
351.671	1257.89
351.879	138.55
352.088	20
352.296	276.99
352.504	206.46
352.713	-199.6
352.921	235.43
353.129	-125.87
353.338	-7.29
353.546	18.91
353.754	-199.39
353.962	119.19
354.171	6.4
354.379	-1521.05
354.587	58.56
354.795	105.21
355.003	22.66
355.212	115.71
355.42	794.34
355.628	74.94
355.836	-20.68
356.044	-48.37
356.252	26.43
356.46	14.77
356.668	1256.92
356.876	37.61
357.084	25.5
357.292	102.54
357.5	-53.85
357.708	43.05
357.916	153.41
358.124	55.69
358.332	-467.16
358.54	-721.82
358.748	157.14
358.956	2.38
359.164	-4.19
359.372	110.1
359.58	223.74
359.788	77.04
359.996	-98.47
360.203	32.87
360.411	113.47
360.619	-36.68
360.827	55.62
361.035	-111.04
361.242	81.23
361.45	-684.81
361.658	136.02
361.866	62.62
362.073	198.94
362.281	70.21
362.489	-32.65
362.697	46.24
362.904	32.33
363.112	232.99
363.32	35.83
363.527	-157.39
363.735	175.68
363.943	91.36
364.15	97.17
364.358	-17.03
364.565	-15.77
364.773	76.75
364.98	-13.07
365.188	61.99
365.395	86.1
365.603	89.15
365.81	3.86
366.018	30.86
366.225	77.4
366.433	32.51
366.64	53.57
366.848	114.99
367.055	-26.65
367.263	36.13
367.47	100.45
367.677	-16.46
367.885	-66.74
368.092	125.36
368.299	-121.97
368.507	92.54
368.714	-62.83
368.921	-237.01
369.129	154.27
369.336	-9.67
369.543	41.25
369.751	-25.7
369.958	4.93
370.165	70.3
370.372	-13.53
370.579	88.75
370.787	10.39
370.994	126.23
371.201	-72.21
371.408	60.28
371.615	25.97
371.822	65.38
372.029	125.76
372.237	13.14
372.444	227.57
372.651	-19.55
372.858	53.08
373.065	77.67
373.272	42.71
373.479	-1031.03
373.686	22.27
373.893	-35.92
374.1	-108.61
374.307	-466.91
374.514	135.63
374.721	-22.32
374.928	546.75
375.135	-37.22
375.341	4340
375.548	10.88
375.755	-206.71
375.962	4.19
376.169	-22.72
376.376	155.06
376.583	29.05
376.789	84.17
376.996	35.03
377.203	26.25
377.41	22.02
377.617	-23.64
377.823	-13.37
378.03	151.61
378.237	51.54
378.443	47.43
378.65	137.74
378.857	35.06
379.063	105.06
379.27	166.09
379.477	42.23
379.683	-91.83
379.89	18.98
380.097	89.04
380.303	54.74
380.51	16.34
380.716	16.49
380.923	-199.21
381.129	84.68
381.336	-114.17
381.542	41.67
381.749	44.67
381.955	54.64
382.162	189.78
382.368	74.95
382.575	22.94
382.781	127.59
382.988	29.64
383.194	-38.17
383.4	34.53
383.607	77.4
383.813	88.19
384.02	25.33
384.226	18.5
384.432	-129.62
384.639	42.43
384.845	-259.49
385.051	-15.77
385.257	16.4
385.464	94.73
385.67	44.77
385.876	59.4
386.082	-41.02
386.289	70.72
386.495	24.67
386.701	46.58
386.907	-46.29
387.113	59.75
387.319	62.59
387.526	179.48
387.732	122.05
387.938	538.4
388.144	-73.91
388.35	63.64
388.556	77.61
388.762	63.64
388.968	248.84
389.174	23.9
389.38	108.64
389.586	-39.45
389.792	36.49
389.998	-18.36
390.204	-45.77
390.41	101.54
390.616	26.73
390.822	-60.75
391.028	29.68
391.234	17.77
391.439	-408.74
391.645	25.02
391.851	49.02
392.057	-25.43
392.263	34.6
392.469	61.24
392.674	-3.4
392.88	24.56
393.086	-31.74
393.292	4.2
393.498	-82.02
393.703	53.6
393.909	20.88
394.115	122.76
394.32	-9.14
394.526	16.47
394.732	62.18
394.937	80.75
395.143	82.19
395.349	4.97
395.554	-60.8
395.76	13.41
395.965	14.89
396.171	4.45
396.377	13.89
396.582	-12.36
396.788	18.34
396.993	37.79
397.199	6.46
397.404	27.93
397.61	-78.22
397.815	31.89
398.021	9.61
398.226	-22.87
398.431	8.28
398.637	21.53
398.842	34.76
399.048	17.31
399.253	12.1
399.458	7.59
399.664	21.24
399.869	35.65
400.074	27.24
400.28	18.35
400.485	-8.8
400.69	11.95
400.896	-11.21
401.101	24.61
401.306	44.1
401.511	45.59
401.716	19.61
401.922	-23.9
402.127	11.54
402.332	-5.04
402.537	21.63
402.742	1.8
402.947	54.18
403.153	12.94
403.358	34.41
403.563	53.57
403.768	15.08
403.973	30.07
404.178	18.78
404.383	17.62
404.588	21.46
404.793	38.59
404.998	8.01
405.203	-8.31
405.408	18.67
405.613	28.68
405.818	5.12
406.023	22.02
406.228	-5.66
406.433	13.13
406.638	9
406.842	10.43
407.047	11.93
407.252	13.22
407.457	18.7
407.662	12.84
407.867	17.71
408.071	15.53
408.276	4.36
408.481	12.49
408.686	14.08
408.891	20.2
409.095	15.02
409.3	6.48
409.505	16.41
409.709	10.56
409.914	10.89
410.119	13.64
410.323	10.42
410.528	1.05
410.733	11.18
410.937	7.81
411.142	8.71
411.346	11.8
411.551	5.06
411.756	9.28
411.96	10.97
412.165	6.12
412.369	9.33
412.574	8.28
412.778	9.33
412.983	6.75
413.187	11.34
413.392	6.22
413.596	7.03
413.8	8.75
414.005	10.42
414.209	7.38
414.414	5.98
414.618	7.81
414.822	9.62
415.027	8.87
415.231	7.32
415.435	8.45
415.64	9.7
415.844	7.7
416.048	9.55
416.252	10.49
416.457	8.93
416.661	9.99
416.865	6.84
417.069	6.72
417.274	8.03
417.478	7.92
417.682	6.18
417.886	5.64
418.09	8.45
418.294	7.86
418.498	5.44
418.702	8.11
418.907	7.68
419.111	6.61
419.315	7.36
419.519	8.51
419.723	3.41
419.927	9.02
420.131	9.91
420.335	9.2
420.539	7.07
420.743	9.24
420.947	6.27
421.151	7.05
421.355	7.27
421.558	7.43
421.762	7.62
421.966	6.12
422.17	5.66
422.374	6.95
422.578	5.58
422.782	7.56
422.985	6.5
423.189	6.38
423.393	6.5
423.597	5.99
423.801	6.83
424.004	5.89
424.208	6.48
424.412	4.65
424.615	6
424.819	6.68
425.023	6.99
425.226	6.49
425.43	6.84
425.634	5.89
425.837	6.21
426.041	6.67
426.245	5.96
426.448	5.46
426.652	6.82
426.855	5.19
427.059	5.55
427.262	5.56
427.466	5.43
427.669	5.58
427.873	5.74
428.076	5.41
428.28	5.03
428.483	5.9
428.687	5.53
428.89	6.5
429.094	5.08
429.297	5.15
429.5	5.13
429.704	5.96
429.907	5.54
430.11	5.61
430.314	5.2
430.517	5.35
430.72	5.51
430.924	5.85
431.127	5.33
431.33	5.22
431.533	5.63
431.737	5.82
431.94	4.62
432.143	5.75
432.346	5.06
432.549	5.57
432.752	4.86
432.956	6.19
433.159	4.65
433.362	4.89
433.565	5.04
433.768	5.51
433.971	4.76
434.174	5.72
434.377	5.79
434.58	5.53
434.783	4.13
434.986	5.63
435.189	5.9
435.392	5.22
435.595	5.31
435.798	4.95
436.001	5.42
436.204	5.12
436.407	5.11
436.61	5.34
436.813	5.72
437.016	5.03
437.219	4.96
437.421	5.15
437.624	5.17
437.827	5.17
438.03	4.81
438.233	4.74
438.435	4.97
438.638	5.42
438.841	4.83
439.044	5.23
439.246	4.91
439.449	4.99
439.652	5.17
439.854	5.04
440.057	5.18
440.26	4.93
440.462	5.2
440.665	4.34
440.868	5.26
441.07	5.32
441.273	4.9
441.475	4.89
441.678	4.74
441.88	4.85
442.083	4.43
442.286	4.88
442.488	4.48
442.69	4.8
442.893	4.64
443.095	5.06
443.298	4.8
443.5	5.16
443.703	4.71
443.905	5.18
444.108	4.97
444.31	4.85
444.512	4.91
444.715	4.83
444.917	5.03
445.119	5.07
445.322	4.94
445.524	5.38
445.726	4.97
445.928	5.15
446.131	5.45
446.333	4.84
446.535	5.33
446.737	5.33
446.94	5.6
447.142	5.15
447.344	5.33
447.546	5.71
447.748	5.59
447.95	5.21
448.152	5.76
448.354	5.56
448.557	6
448.759	5.54
448.961	5.65
449.163	5.8
449.365	5.68
449.567	5.88
449.769	5.91
449.971	5.87
450.173	5.77
450.375	6.1
450.577	6.2
450.779	6.03
450.981	5.83
451.182	6.41
451.384	6.12
451.586	6.75
451.788	6.15
451.99	6.7
452.192	6.19
452.394	6.68
452.595	7.21
452.797	6.8
452.999	6.79
453.201	6.36
453.402	6.87
453.604	6.79
453.806	7.09
454.008	6.51
454.209	6.89
454.411	7.09
454.613	7.17
454.814	6.96
455.016	7.12
455.218	7.33
455.419	7.6
455.621	7.36
455.822	7.13
456.024	7.35
456.225	7.98
456.427	7.56
456.629	7.45
456.83	7.37
457.032	7.95
457.233	7.36
457.435	7.52
457.636	8.56
457.837	7.9
458.039	7.58
458.24	7.85
458.442	8.43
458.643	7.32
458.844	8.31
459.046	8.1
459.247	8.53
459.448	8.18
459.65	7.72
459.851	7.92
460.052	8.57
460.254	8.26
460.455	8.72
460.656	8.4
460.857	8.33
461.059	8.33
461.26	8.48
461.461	8.66
461.662	8.75
461.863	8.47
462.065	8.35
462.266	8.12
462.467	8.09
462.668	8.04
462.869	8.64
463.07	8.68
463.271	8.96
463.472	8.7
463.673	8.93
463.874	8.54
464.075	8.81
464.276	9.15
464.477	8.96
464.678	8.93
464.879	8.79
465.08	8.69
465.281	8.55
465.482	8.76
465.683	8.41
465.884	8.18
466.085	9.08
466.285	8.73
466.486	10.23
466.687	10.03
466.888	9.61
467.089	8.98
467.29	10.48
467.49	8.31
467.691	9.49
467.892	8.92
468.093	8.39
468.293	9.34
468.494	9.02
468.695	8.72
468.895	8.52
469.096	8.52
469.297	8.89
469.497	9.56
469.698	9.95
469.898	8.26
470.099	9.32
470.3	9.87
470.5	7.96
470.701	10.52
470.901	10.72
471.102	9.72
471.302	8.89
471.503	10.14
471.703	11.94
471.904	9.56
472.104	9.26
472.305	9.85
472.505	10.11
472.705	8.36
472.906	11.56
473.106	10.21
473.306	9.31
473.507	9.86
473.707	10.44
473.907	9.89
474.108	8.32
474.308	9.03
474.508	9.96
474.709	9.83
474.909	10.77
475.109	8.54
475.309	9.22
475.51	8.38
475.71	9.86
475.91	11.11
476.11	7.62
476.31	9.24
476.51	11.19
476.71	8.3
476.911	11.09
477.111	9.31
477.311	7.87
477.511	9.89
477.711	8.59
477.911	8.68
478.111	9.92
478.311	9.92
478.511	8.82
478.711	9.6
478.911	8.05
479.111	9.99
479.311	8.96
479.511	11.99
479.711	8.73
479.91	8.42
480.11	10.12
480.31	8.8
480.51	9.82
480.71	8.53
480.91	9.91
481.109	9.88
481.309	9.92
481.509	7.95
481.709	11.16
481.909	9.15
482.108	7.92
482.308	8.4
482.508	8.4
482.707	10.23
482.907	9.24
483.107	7.98
483.306	8.21
483.506	8.46
483.706	9.23
483.905	8.65
484.105	9.63
484.304	9.29
484.504	8.98
484.704	8.84
484.903	10.06
485.103	10.56
485.302	9.71
485.502	10.59
485.701	8.91
485.901	9.32
486.1	9.73
486.299	10.55
486.499	9.31
486.698	10.59
486.898	9.34
487.097	8.38
487.296	9.26
487.496	9.31
487.695	7.74
487.894	9.58
488.094	9.84
488.293	9.62
488.492	8.24
488.692	9.47
488.891	9.64
489.09	8.83
489.289	8.79
489.489	8.91
489.688	8.16
489.887	9.47
490.086	8.61
490.285	9.82
490.484	9.28
490.683	9.79
490.883	10.21
491.082	10.24
491.281	10.1
491.48	8.39
491.679	9.87
491.878	9.05
492.077	10.19
492.276	9.54
492.475	8.53
492.674	7.87
492.873	9.66
493.072	9.61
493.271	8.73
493.47	8.49
493.669	9.64
493.867	8.15
494.066	9.1
494.265	9.96
494.464	9.69
494.663	9.26
494.862	9.05
495.06	8.97
495.259	6.94
495.458	8.73
495.657	8.13
495.856	10.24
496.054	9.17
496.253	8.91
496.452	9.06
496.65	9.09
496.849	8.87
497.048	9.01
497.246	8.91
497.445	9.01
497.644	8.92
497.842	9.33
498.041	9.5
498.239	10.07
498.438	9.16
498.636	8.86
498.835	9.32
499.034	8.34
499.232	8.89
499.431	8.68
499.629	8.64
499.827	9.8
500.026	8.95
500.224	9.35
500.423	8.53
500.621	9.89
500.82	9.54
501.018	9.73
501.216	9.24
501.415	10.43
501.613	8.74
501.811	9.02
502.01	10.52
502.208	9.13
502.406	10.01
502.604	10.25
502.803	9.97
503.001	10.23
503.199	9.68
503.397	8.75
503.595	9.77
503.794	9.49
503.992	9.78
504.19	10.08
504.388	10.61
504.586	9.47
504.784	9.18
504.982	10.57
505.18	10.54
505.378	9.48
505.576	10
505.774	10.1
505.972	9.4
506.17	10.5
506.368	10.24
506.566	9.7
506.764	10.19
506.962	11.18
507.16	10.8
507.358	10.29
507.556	10.49
507.754	10.21
507.952	11.23
508.15	11.09
508.347	10.68
508.545	10.45
508.743	10.54
508.941	10.25
509.139	11.03
509.336	10.41
509.534	10.89
509.732	10.87
509.93	10.53
510.127	11.62
510.325	11.67
510.523	11.21
510.72	11.88
510.918	11.53
511.116	11.69
511.313	11.09
511.511	11.6
511.708	10.52
511.906	11.39
512.104	11.95
512.301	11.91
512.499	12.41
512.696	11.56
512.894	12.12
513.091	11.84
513.289	11.75
513.486	11.52
513.683	11.34
513.881	11.61
514.078	12.24
514.276	12.6
514.473	11.65
514.67	12.74
514.868	12.22
515.065	12.6
515.262	12.23
515.46	12.56
515.657	12.1
515.854	11.94
516.052	11.93
516.249	12.26
516.446	12.68
516.643	12.25
516.84	12.63
517.038	12.52
517.235	12.76
517.432	13.04
517.629	12.63
517.826	12.97
518.023	13.1
518.221	13.42
518.418	13.18
518.615	13.25
518.812	13.24
519.009	12.96
519.206	13.34
519.403	13.27
519.6	13.52
519.797	13.44
519.994	12.72
520.191	13.81
520.388	14.07
520.585	13.63
520.782	13.43
520.978	13.74
521.175	13.88
521.372	13.87
521.569	13.78
521.766	13.66
521.963	13.72
522.159	13.82
522.356	13.59
522.553	14.24
522.75	13.89
522.947	14.05
523.143	14.09
523.34	14.57
523.537	14.19
523.733	13.6
523.93	14.3
524.127	14.22
524.323	14.16
524.52	14.23
524.717	14.6
524.913	14.43
525.11	13.38
525.306	14.64
525.503	13.98
525.7	14.44
525.896	14.22
526.093	14.5
526.289	14.85
526.486	15.15
526.682	14.47
526.878	14.29
527.075	14.84
527.271	14.75
527.468	15.22
527.664	14.39
527.861	14.85
528.057	14.74
528.253	15.1
528.45	14.31
528.646	14.45
528.842	14.85
529.039	14.45
529.235	15.02
529.431	14.99
529.627	14.8
529.824	15.1
530.02	14.59
530.216	14.92
530.412	15.13
530.608	15.17
530.804	15.15
531.001	15.69
531.197	15.18
531.393	15.17
531.589	14.83
531.785	15.16
531.981	15.25
532.177	15.38
532.373	15.77
532.569	14.8
532.765	15.35
532.961	14.73
533.157	14.95
533.353	15.24
533.549	15.21
533.745	15.66
533.941	15.14
534.137	15.04
534.333	14.75
534.529	15.13
534.725	15.28
534.92	15.17
535.116	14.8
535.312	15.28
535.508	14.98
535.704	15.07
535.899	14.91
536.095	15.51
536.291	15.41
536.487	15.21
536.682	15.9
536.878	14.96
537.074	15.33
537.269	15.19
537.465	15.54
537.661	15.18
537.856	15.55
538.052	15.72
538.248	16.03
538.443	15.48
538.639	15.23
538.834	15.74
539.03	15.57
539.225	15.37
539.421	15.56
539.616	15.06
539.812	15.79
540.007	15.71
540.203	15.57
540.398	15.67
540.593	15.37
540.789	16.01
540.984	16.02
541.18	15.14
541.375	15.43
541.57	15.85
541.766	16.01
541.961	15.85
542.156	15.83
542.352	15.94
542.547	15.59
542.742	15.67
542.937	15.66
543.133	15.85
543.328	16
543.523	15.79
543.718	15.98
543.913	16.22
544.108	15.92
544.304	15.83
544.499	15.62
544.694	15.87
544.889	15.79
545.084	16.29
545.279	15.78
545.474	15.52
545.669	16.03
545.864	16.26
546.059	16.11
546.254	15.92
546.449	15.69
546.644	15.5
546.839	16.28
547.034	16.16
547.229	15.64
547.424	15.94
547.618	16.75
547.813	16
548.008	16.52
548.203	15.74
548.398	16.19
548.593	16.56
548.787	16.39
548.982	16.08
549.177	15.59
549.372	16.01
549.566	16.19
549.761	16.02
549.956	16.13
550.15	15.94
550.345	16.25
550.54	16.1
550.734	16.09
550.929	16.02
551.124	15.84
551.318	15.57
551.513	15.97
551.707	15.99
551.902	16.13
552.096	16.8
552.291	16.33
552.485	16.38
552.68	16.17
552.874	16.69
553.069	16.59
553.263	16.5
553.458	16.35
553.652	16.46
553.847	16.04
554.041	16.34
554.235	16.71
554.43	16.32
554.624	16.52
554.818	16.62
555.013	16.44
555.207	16.53
555.401	16.64
555.595	16.62
555.79	16.01
555.984	16.38
556.178	16.69
556.372	17.16
556.566	16.33
556.761	16.56
556.955	16.93
557.149	16.9
557.343	16.76
557.537	16.26
557.731	16.75
557.925	16.26
558.119	16.71
558.313	16.45
558.507	16.54
558.701	16.63
558.895	16.61
559.089	16.65
559.283	16.87
559.477	16.79
559.671	17.04
559.865	16.33
560.059	16.45
560.253	16.97
560.447	16.76
560.641	16.88
560.835	17.3
561.028	17.14
561.222	16.68
561.416	16.64
561.61	16.43
561.804	16.49
561.997	16.96
562.191	17.02
562.385	16.41
562.579	16.54
562.772	16.79
562.966	16.89
563.16	16.73
563.353	16.54
563.547	16.65
563.741	17.34
563.934	16.84
564.128	16.7
564.321	16.76
564.515	16.89
564.708	17.03
564.902	16.82
565.095	17.12
565.289	17.35
565.482	16.88
565.676	16.74
565.869	16.96
566.063	17.08
566.256	16.73
566.45	17.05
566.643	16.8
566.836	16.99
567.03	17.04
567.223	17
567.416	17.03
567.61	17.55
567.803	16.97
567.996	16.72
568.19	16.95
568.383	16.67
568.576	16.66
568.769	16.76
568.963	16.72
569.156	17.58
569.349	17.12
569.542	17.39
569.735	17.54
569.928	16.69
570.121	16.61
570.315	17.16
570.508	17.09
570.701	16.96
570.894	17.22
571.087	16.89
571.28	16.73
571.473	17.57
571.666	17.41
571.859	16.21
572.052	16.56
572.245	17.01
572.438	16.66
572.631	16.57
572.824	16.73
573.016	17.14
573.209	17.12
573.402	16.87
573.595	17
573.788	16.84
573.981	16.94
574.173	16.97
574.366	16.73
574.559	16.94
574.752	16.84
574.944	16.81
575.137	16.91
575.33	16.55
575.523	17.21
575.715	16.79
575.908	16.43
576.101	16.97
576.293	16.95
576.486	16.63
576.678	17.03
576.871	16.73
577.063	16.94
577.256	16.86
577.449	16.67
577.641	16.31
577.834	16.83
578.026	17.23
578.219	16.42
578.411	16.15
578.603	16.84
578.796	16.48
578.988	16.56
579.181	16.66
579.373	17.09
579.565	17.26
579.758	16.92
579.95	17
580.142	16.29
580.335	16.95
580.527	16.67
580.719	16.53
580.912	16.75
581.104	17.06
581.296	17.24
581.488	17.25
581.68	16.82
581.873	16.91
582.065	16.51
582.257	16.39
582.449	16.75
582.641	17.03
582.833	16.94
583.025	16.54
583.217	17.21
583.41	17.15
583.602	16.74
583.794	17.14
583.986	17.08
584.178	16.73
584.37	16.63
584.562	16.35
584.753	16.57
584.945	16.69
585.137	16.83
585.329	16.77
585.521	17.87
585.713	17.29
585.905	16.78
586.097	17.17
586.289	17.09
586.48	17.19
586.672	16.62
586.864	16.18
587.056	17.16
587.247	16.77
587.439	16.56
587.631	17.2
587.823	16.88
588.014	17.14
588.206	16.86
588.398	16.37
588.589	17.35
588.781	16.9
588.972	17.4
589.164	16.81
589.356	16.98
589.547	17.26
589.739	17.01
589.93	17.42
590.122	16.81
590.313	16.88
590.505	16.66
590.696	16.4
590.888	17.03
591.079	16.99
591.271	17.27
591.462	17.09
591.653	17.51
591.845	17.18
592.036	17.33
592.227	16.83
592.419	16.96
592.61	16.5
592.801	17.2
592.993	16.9
593.184	17.5
593.375	16.71
593.566	17.12
593.758	16.55
593.949	17.32
594.14	17.28
594.331	16.99
594.522	16.95
594.713	16.96
594.905	17.09
595.096	17.37
595.287	17.42
595.478	17.53
595.669	17.39
595.86	16.86
596.051	17.45
596.242	17.44
596.433	17.19
596.624	16.96
596.815	17.79
597.006	16.55
597.197	17.66
597.388	17.13
597.579	18.12
597.77	17.04
597.96	17.45
598.151	17.41
598.342	17.65
598.533	17.53
598.724	17.84
598.915	17.86
599.105	17.22
599.296	17.79
599.487	16.67
599.678	18.37
599.868	17.91
600.059	17.57
600.25	18.21
600.44	17.83
600.631	17.76
600.822	18.47
601.012	18.27
601.203	18.15
601.394	17.73
601.584	17.85
601.775	18.2
601.965	18.29
602.156	17.3
602.346	18.25
602.537	17.91
602.727	17.59
602.918	18.02
603.108	17.86
603.299	18.25
603.489	17.95
603.679	17.73
603.87	18.44
604.06	18.32
604.251	18.07
604.441	18.05
604.631	17.74
604.822	18.03
605.012	18.03
605.202	18.04
605.392	16.89
605.583	18.48
605.773	18.51
605.963	18.3
606.153	18.44
606.344	18.57
606.534	18.3
606.724	19.51
606.914	18.07
607.104	18.46
607.294	18.32
607.484	18.06
607.674	18.19
607.864	18.25
608.054	18.75
608.245	17.98
608.435	18.44
608.625	18.76
608.814	18.04
609.004	18.42
609.194	18.39
609.384	19.03
609.574	18.05
609.764	18.28
609.954	17.6
610.144	17.94
610.334	17.67
610.524	18.57
610.713	18.01
610.903	19
611.093	18.2
611.283	18.49
611.473	18.48
611.662	18.25
611.852	17.91
612.042	17.47
612.231	17.96
612.421	18.21
612.611	17.47
612.8	18.41
612.99	18.36
613.18	17.89
613.369	18.07
613.559	18.76
613.748	18.31
613.938	19.04
614.128	17.85
614.317	18.5
614.507	18.4
614.696	17.87
614.886	18.47
615.075	18.1
615.264	17.9
615.454	18.22
615.643	18.41
615.833	18.27
616.022	18.13
616.211	19.06
616.401	18.49
616.59	18.73
616.779	19.1
616.969	18.86
617.158	17.9
617.347	18.46
617.537	19.46
617.726	18.49
617.915	18.01
618.104	18.23
618.293	18.29
618.483	18.49
618.672	18.24
618.861	18.51
619.05	18.53
619.239	18.77
619.428	19.23
619.617	18.33
619.806	18.19
619.995	18.94
620.184	18.02
620.373	18.43
620.562	18
620.751	18.42
620.94	18.67
621.129	18.69
621.318	18.34
621.507	18.39
621.696	17.95
621.885	18.42
622.074	17.92
622.263	18.16
622.452	18.27
622.64	18.74
622.829	18.09
623.018	18.21
623.207	18.58
623.396	18.51
623.584	18.33
623.773	18.63
623.962	17.64
624.15	19.31
624.339	18.79
624.528	19.34
624.716	18.94
624.905	18.68
625.094	18.73
625.282	18.7
625.471	18.45
625.659	18.54
625.848	18.48
626.037	19.08
626.225	19.26
626.414	19.42
626.602	18.53
626.791	18.75
626.979	18.56
627.167	18.36
627.356	19.61
627.544	18.41
627.733	18.76
627.921	18.42
628.109	18.99
628.298	18.97
628.486	19.06
628.674	19.26
628.863	19.63
629.051	19.64
629.239	19.39
629.428	19.41
629.616	19.54
629.804	18.74
629.992	19.05
630.18	19.37
630.369	19.72
630.557	18.91
630.745	18.48
630.933	19.98
631.121	19.82
631.309	19.28
631.497	19.47
631.685	18.93
631.873	18.85
632.061	19.73
632.249	20.01
632.437	19.76
632.625	19.41
632.813	19.69
633.001	19.98
633.189	19.61
633.377	20.22
633.565	19.36
633.753	19.09
633.941	19.38
634.129	19.78
634.316	19.84
634.504	19.84
634.692	20.47
634.88	19.8
635.068	19.5
635.255	19.74
635.443	19.91
635.631	18.78
635.818	20.01
636.006	19.31
636.194	19.55
636.382	18.04
636.569	19.67
636.757	20.01
636.944	20.49
637.132	19.5
637.32	20.28
637.507	18.79
637.695	19.19
637.882	19.94
638.07	19.89
638.257	19.4
638.445	19.35
638.632	19.24
638.82	18.43
639.007	18.98
639.194	19.23
639.382	19.59
639.569	19.38
639.757	19.58
639.944	19.06
640.131	19.29
640.319	19.92
640.506	19.93
640.693	19.42
640.88	18.29
641.068	19.45
641.255	18.98
641.442	18.4
641.629	19.06
641.817	19.68
642.004	19.72
642.191	19.23
642.378	19.77
642.565	18.77
642.752	18.34
642.939	18.84
643.126	19.09
643.313	18.36
643.501	18.32
643.688	19.17
643.875	17.93
644.062	18.49
644.249	17.63
644.435	17.69
644.622	18.03
644.809	18.65
644.996	18.13
645.183	18.5
645.37	19.72
645.557	19.15
645.744	17.77
645.931	18.75
646.117	17.87
646.304	18.59
646.491	18.16
646.678	17.99
646.865	18.86
647.051	18.03
647.238	17.34
647.425	17.78
647.611	18.2
647.798	17.86
647.985	17.55
648.171	18.18
648.358	17.19
648.545	18.48
648.731	17.13
648.918	17.82
649.104	17.86
649.291	18.16
649.477	17.7
649.664	18.61
649.85	18.88
650.037	17.84
650.223	18.04
650.41	17.63
650.596	17.17
650.783	17.36
650.969	17.16
651.155	18.18
651.342	16.51
651.528	16.62
651.714	17.67
651.901	18.81
652.087	17.22
652.273	16.47
652.46	18.99
652.646	19.4
652.832	19
653.018	17.77
653.204	17.54
653.391	18.51
653.577	17.02
653.763	17.87
653.949	17.46
654.135	16.41
654.321	17.41
654.507	17.48
654.693	16.31
654.879	17.73
655.065	16.02
655.252	15.75
655.438	17.79
655.624	17.29
655.809	17.08
655.995	17.04
656.181	17
656.367	17.18
656.553	16.47
656.739	17.17
656.925	19.23
657.111	17.59
657.297	19.17
657.482	16.78
657.668	17.76
657.854	16.66
658.04	14.97
658.226	15.9
658.411	15.9
658.597	16.78
658.783	17.43
658.968	17.42
659.154	15.7
659.34	15.15
659.525	16.07
659.711	16.41
659.897	17.69
660.082	17.45
660.268	16.48
660.453	18.06
660.639	15.92
660.824	16.28
661.01	17.63
661.195	16
661.381	16.5
661.566	16.36
661.752	16.5
661.937	17.12
662.123	14.79
662.308	15.5
662.494	16.83
662.679	17.47
662.864	15.96
663.05	15.54
663.235	16.2
663.42	14.9
663.605	16.99
663.791	17.44
663.976	14.85
664.161	16.34
664.346	17.15
664.532	14.74
664.717	14.51
664.902	15.91
665.087	16.46
665.272	16.8
665.457	15.98
665.642	15.64
665.828	16.01
666.013	14.53
666.198	13.67
666.383	16.96
666.568	15.26
666.753	16.26
666.938	15.55
667.123	16.89
667.308	15.53
667.493	15.52
667.677	14.8
667.862	17.82
668.047	15.81
668.232	17.08
668.417	14.7
668.602	14.44
668.787	16.84
668.971	15.46
669.156	16.8
669.341	16.38
669.526	16.75
669.711	17.73
669.895	16.62
670.08	14.64
670.265	16.3
670.449	16.77
670.634	17.17
670.819	16.84
671.003	16.31
671.188	19.28
671.372	18.08
671.557	16.51
671.742	18.17
671.926	12.72
672.111	15.97
672.295	14.96
672.48	14.94
672.664	15.99
672.849	13.36
673.033	18.03
673.217	17.39
673.402	15.96
673.586	12.48
673.771	16.65
673.955	21
674.139	19.77
674.324	17.4
674.508	17.38
674.692	17.11
674.876	17.43
675.061	20.32
675.245	20.86
675.429	16.81
675.613	17.49
675.798	20.01
675.982	17.74
676.166	18.56
676.35	20.35
676.534	22.38
676.718	17.64
676.902	25.45
677.087	17.05
677.271	19.24
677.455	20.85
677.639	19.49
677.823	20.21
678.007	23.85
678.191	21.04
678.375	22.96
678.559	24.58
678.742	19.64
678.926	22.25
679.11	25.18
679.294	21.59
679.478	21.63
679.662	23.42
679.846	25.34
680.029	27.68
680.213	23.37
680.397	25.45
680.581	27.33
680.765	26.73
680.948	23.54
681.132	26.51
681.316	23.28
681.499	24.51
681.683	27.79
681.867	27.01
682.05	27.05
682.234	26.33
682.417	24.77
682.601	29.79
682.785	28.91
682.968	28.19
683.152	28.38
683.335	28.01
683.519	28.05
683.702	29.69
683.886	26.56
684.069	31.96
684.253	29.96
684.436	32.09
684.619	28.9
684.803	30.83
684.986	28.85
685.169	33.01
685.353	32.08
685.536	31.49
685.719	30.49
685.903	30.16
686.086	27.81
686.269	33.78
686.452	30.61
686.636	34.94
686.819	33.48
687.002	34.22
687.185	37.54
687.368	35.66
687.551	32.82
687.734	35.3
687.918	35.83
688.101	34.06
688.284	33.1
688.467	38.35
688.65	37.17
688.833	34.01
689.016	33.78
689.199	35.14
689.382	40.28
689.565	35.69
689.748	39.17
689.93	35.24
690.113	36.44
690.296	37.61
690.479	36.31
690.662	32.54
690.845	33.47
691.028	41.65
691.21	40.72
691.393	40.93
691.576	38.06
691.759	41.54
691.941	40.3
692.124	41.79
692.307	41
692.489	35.12
692.672	38.96
692.855	36.53
693.037	40.01
693.22	41.34
693.403	36.01
693.585	42.62
693.768	39.21
693.95	38.79
694.133	45.69
694.315	40.72
694.498	41.41
694.68	43.01
694.863	42.56
695.045	41.05
695.228	43.49
695.41	34.28
695.592	43.04
695.775	40.58
695.957	44.08
696.139	44.47
696.322	40.72
696.504	40.39
696.686	43.75
696.869	40.19
697.051	45.05
697.233	47.19
697.415	45.55
697.597	35.43
697.78	41.64
697.962	42.34
698.144	47.54
698.326	43.59
698.508	43.1
698.69	39.31
698.872	43.05
699.055	45.73
699.237	40.88
699.419	41.81
699.601	40.96
699.783	49.25
699.965	48.48
700.147	40.67
700.329	48.76
700.51	48.74
700.692	44.48
700.874	47.63
701.056	49.51
701.238	46.09
701.42	48.96
701.602	49.41
701.783	42.06
701.965	43.37
702.147	45.15
702.329	46.36
702.511	44.76
702.692	46.02
702.874	44.27
703.056	43.67
703.237	52.3
703.419	48.57
703.601	46.94
703.782	43.64
703.964	47.3
704.146	50.28
704.327	50.16
704.509	47.56
704.69	46.79
704.872	55.2
705.053	44.23
705.235	51.84
705.416	43.74
705.598	45.4
705.779	48.21
705.961	53.38
706.142	49.89
706.323	49.88
706.505	45.67
706.686	46.9
706.867	44.17
707.049	45.99
707.23	55.38
707.411	55.96
707.593	48.24
707.774	52.25
707.955	47.53
708.136	48.44
708.318	54.4
708.499	51.03
708.68	53.89
708.861	47.86
709.042	47.5
709.223	49.47
709.404	47.91
709.585	53.89
709.767	55.95
709.948	50.42
710.129	48.21
710.31	45.46
710.491	45.76
710.672	45.69
710.853	46.95
711.034	55.63
711.214	46.23
711.395	44.94
711.576	43.48
711.757	63.4
711.938	53.6
712.119	48.01
712.3	47.92
712.481	46.64
712.661	42.12
712.842	46.91
713.023	50.56
713.204	52.99
713.384	45.7
713.565	52.85
713.746	51.97
713.926	47.27
714.107	45.85
714.288	46.57
714.468	53.5
714.649	47.39
714.83	49.55
715.01	58.68
715.191	54.63
715.371	45.22
715.552	54.99
715.732	52.34
715.913	57.61
716.093	54.54
716.274	52.38
716.454	53.98
716.635	53.51
716.815	54
716.995	57.76
717.176	52.53
717.356	51.48
717.536	59.06
717.717	60.85
717.897	41.87
718.077	44.33
718.258	51.2
718.438	60.95
718.618	56.62
718.798	63.59
718.978	48.82
719.159	52.13
719.339	62.51
719.519	45.41
719.699	61.21
719.879	54.49
720.059	52.99
720.239	57.46
720.419	60.84
720.599	46.26
720.779	58.58
720.959	43.31
721.139	50.99
721.319	64.49
721.499	59.26
721.679	49.23
721.859	56.1
722.039	45.85
722.219	67.3
722.399	55.73
722.579	60.81
722.759	47.95
722.938	48.42
723.118	68.01
723.298	68.03
723.478	60.34
723.658	68.29
723.837	54.79
724.017	63.79
724.197	43.74
724.376	72.09
724.556	44.58
724.736	65.56
724.915	61.79
725.095	58.93
725.275	70.19
725.454	63.49
725.634	54.1
725.813	64.57
725.993	58.6
726.172	62.26
726.352	52.22
726.531	44.04
726.711	64.84
726.89	65.99
727.07	63.21
727.249	66.74
727.428	71.92
727.608	58.39
727.787	80.8
727.966	56.82
728.146	56.74
728.325	69.94
728.504	49.1
728.684	65.68
728.863	57.2
729.042	47.66
729.221	64.82
729.4	78.58
729.58	62.71
729.759	55.3
729.938	73.67
730.117	72.91
730.296	50.21
730.475	67.76
730.654	67.39
730.833	63.14
731.013	75.12
731.192	62.41
731.371	45.23
731.55	85.37
731.729	63
731.907	60.87
732.086	54.24
732.265	56.47
732.444	52.16
732.623	72.48
732.802	60.62
732.981	45.97
733.16	59.46
733.339	42.17
733.517	98.42
733.696	55.65
733.875	75.11
734.054	64.76
734.232	82.82
734.411	67.4
734.59	44.69
734.768	58.33
734.947	64.02
735.126	46.62
735.304	54.19
735.483	69.62
735.662	63.67
735.84	50.69
736.019	54.26
736.197	58.84
736.376	65.29
736.554	71.97
736.733	91.39
736.911	71.6
737.09	59.89
737.268	53.5
737.447	71.33
737.625	63.99
737.803	70.53
737.982	89.94
738.16	85.89
738.338	72.39
738.517	63.93
738.695	60.28
738.873	56.16
739.052	63.99
739.23	63.34
739.408	62.57
739.586	60.87
739.764	64.68
739.943	61.65
740.121	52.2
740.299	53.61
740.477	50.05
740.655	100.96
740.833	64.49
741.011	89.89
741.189	77.13
741.367	38.7
741.545	66.41
741.723	44.3
741.901	85.49
742.079	72.11
742.257	75.78
742.435	74.26
742.613	54.06
742.791	93.08
742.969	70.73
743.147	47.91
743.325	79.46
743.503	56.23
743.68	53.91
743.858	89.5
744.036	61.11
744.214	74.64
744.391	39.6
744.569	70.76
744.747	48.4
744.925	88.44
745.102	82.42
745.28	27.65
745.458	59.21
745.635	69.45
745.813	103.94
745.99	82.04
746.168	65.46
746.345	121.73
746.523	51.53
746.7	107.8
746.878	52.32
747.055	49.36
747.233	83.3
747.41	91.64
747.588	69.82
747.765	43.35
747.943	53.49
748.12	60.8
748.297	65.76
748.475	81.81
748.652	29.4
748.829	81.57
749.007	68.69
749.184	87.78
749.361	62.8
749.538	99.48
749.716	59.2
749.893	100.4
750.07	60.66
750.247	87.18
750.424	121.42
750.601	112.29
750.778	46.18
750.956	42.73
751.133	66.56
751.31	54.88
751.487	49.34
751.664	106.17
751.841	34.17
752.018	69.79
752.195	53.83
752.372	88.79
752.549	86.21
752.726	81.02
752.902	101
753.079	78.91
753.256	83.8
753.433	51.46
753.61	58.02
753.787	34.9
753.964	90.16
754.14	38.23
754.317	96.45
754.494	26.5
754.671	79.42
754.847	52.62
755.024	72.45
755.201	82.86
755.377	82.78
755.554	86.76
755.73	30.4
755.907	105.41
756.084	113.24
756.26	57.72
756.437	79.88
756.613	50.55
756.79	66.59
756.966	69.81
757.143	102.9
757.319	69.94
757.496	65.75
757.672	69.83
757.849	106.77
758.025	90.48
758.201	88.81
758.378	58.33
758.554	55.12
758.73	97.73
758.907	36.46
759.083	57.25
759.259	94.96
759.435	79.13
759.612	54.71
759.788	42.43
759.964	67.17
760.14	55.41
760.316	28.6
760.493	40.23
760.669	99.28
760.845	63.35
761.021	182.92
761.197	83.47
761.373	66.5
761.549	69.34
761.725	67.55
761.901	60.39
762.077	72.33
762.253	55.58
762.429	69.92
762.605	32.1
762.781	49.7
762.957	64.37
763.133	52.91
763.308	39.3
763.484	83.09
763.66	176.48
763.836	24.44
764.012	68.78
764.187	33.12
764.363	33.84
764.539	81.26
764.715	50.08
764.89	86.86
765.066	126.73
765.242	92.08
765.417	112.28
765.593	42.8
765.769	66.47
765.944	33.98
766.12	87.06
766.295	31.3
766.471	2.55
766.646	73.21
766.822	47.05
766.997	12.46
767.173	46.79
767.348	88.68
767.524	21.44
767.699	65.05
767.875	48.78
768.05	38.73
768.225	171.78
768.401	35.05
768.576	26.47
768.751	91.36
768.927	65.47
769.102	71.77
769.277	69.87
769.452	18.17
769.628	49
769.803	211.7
769.978	86.04
770.153	-93.68
770.328	83.67
770.503	52.37
770.679	206.61
770.854	41.53
771.029	47.81
771.204	-0.66
771.379	1.2
771.554	18.51
771.729	16.4
771.904	81.4
772.079	46.74
772.254	39.19
772.429	163.75
772.604	-1.22
772.779	138.22
772.953	45.08
773.128	54.5
773.303	24.72
773.478	48.87
773.653	66.21
773.828	28.21
774.002	45.5
774.177	-6.91
774.352	458.26
774.527	84.55
774.701	61.33
774.876	120.99
775.051	-0.53
775.225	272.97
775.4	66.49
775.575	80.45
775.749	73.83
775.924	34.82
776.098	18.16
776.273	-20.84
776.447	89.67
776.622	60.54
776.796	-14.29
776.971	-2.83
777.145	-21
777.32	126.81
777.494	84.74
777.669	75.25
777.843	132.57
778.017	106.46
778.192	83.04
778.366	-5.65
778.54	83.21
778.715	-21.36
778.889	157.57
779.063	73.88
779.237	55.74
779.412	31.89
779.586	47.39
779.76	123.62
779.934	96.38
780.108	48.62
780.282	-485.07
780.457	86.53
780.631	24.2
780.805	49.12
780.979	-305.97
781.153	18.16
781.327	114.21
781.501	32.85
781.675	150.15
781.849	30.5
782.023	77.82
782.197	55.62
782.371	-7.43
782.545	6.75
782.718	33.57
782.892	150.09
783.066	65.44
783.24	291.09
783.414	51.83
783.588	125.46
783.761	66.95
783.935	100.91
784.109	110.76
784.283	186.96
784.456	56.4
784.63	240.37
784.804	83.23
784.977	39.48
785.151	22.24
785.324	28.67
785.498	66.37
785.672	7.74
785.845	163.58
786.019	261.14
786.192	-16.56
786.366	81.36
786.539	142.03
786.713	-3.54
786.886	9.14
787.06	151.96
787.233	158.31
787.406	22.21
787.58	56.55
787.753	135.66
787.926	53.9
788.1	-103.68
788.273	-383.02
788.446	48.34
788.62	1003.23
788.793	132.06
788.966	59.59
789.139	141.69
789.313	176.29
789.486	-14.29
789.659	-76
789.832	65.63
790.005	138.51
790.178	298.23
790.351	129.25
790.524	-28.81
790.697	35.7
790.87	30.96
791.044	-67.27
791.216	87.55
791.389	-231.55
791.562	133.62
791.735	150.63
791.908	125.97
792.081	15.74
792.254	-172.53
792.427	98.51
792.6	125.66
792.773	98.92
792.945	320.9
793.118	32.51
793.291	25.27
793.464	65.96
793.637	227.61
793.809	32.68
793.982	45.95
794.155	134.78
794.327	141.45
794.5	-349.23
794.673	-10.12
794.845	-46.3
795.018	-139.59
795.19	-443.82
795.363	22.24
795.536	122.17
795.708	229.03
795.881	-10300
796.053	78.11
796.226	164
796.398	160.67
796.57	98.27
796.743	48.69
796.915	-27.14
797.088	266.8
797.26	-142.52
797.432	575.95
797.605	12.3
797.777	-746.75
797.949	50.58
798.122	97.5
798.294	247.09
798.466	26.86
798.638	78.68
798.81	189.01
798.983	317.72
799.155	78.38
799.327	37.35
799.499	35.48
799.671	12.37
799.843	67.91
800.015	19.07
800.187	72.6
800.359	215.3
800.531	70.54
800.703	32.39
800.875	-20.54
801.047	66.32
801.219	127.3
801.391	-512.99
801.563	232.37
801.735	167.75
801.907	580.98
802.079	166.88
802.251	91.21
802.422	244.88
802.594	-61.04
802.766	95.68
802.938	155.61
803.11	171.84
803.281	78.81
803.453	99.07
803.625	20.69
803.796	40.29
803.968	123.91
804.14	146.32
804.311	62.59
804.483	105.42
804.654	78.23
804.826	41.07
804.998	256.15
805.169	101.54
805.341	346.4
805.512	-312.42
805.684	142.71
805.855	147.71
806.026	1256.92
806.198	374.85
806.369	4.3
806.541	6.57
806.712	105.01
806.883	68.39
807.055	87.29
807.226	139.31
807.397	117.58
807.569	-9.73
807.74	73.26
807.911	-166.12
808.082	37.22
808.253	-141.58
808.425	102.74
808.596	500
808.767	379.14
808.938	-23.28
809.109	12.87
809.28	158.77
809.451	-12.75
809.622	5.88
809.793	1545.16
809.964	218.26
810.135	76.95
810.306	42.2
810.477	-176.51
810.648	78.32
810.819	103.06
810.99	2180
811.161	-71
811.332	-38.38
811.503	106.72
811.674	-16.92
811.844	-330.77
812.015	205.54
812.186	279.14
812.357	154.94
812.527	86.98
812.698	-129.16
812.869	998.11
813.04	92.71
813.21	251.72
813.381	-55.64
813.551	60.56
813.722	61.12
813.893	74.49
814.063	71.22
814.234	150.91
814.404	119.01
814.575	174.58
814.745	-137.17
814.916	6.13
815.086	78.11
815.257	-140.36
815.427	301.23
815.598	86.93
815.768	55.98
815.938	99.34
816.109	320.24
816.279	29.64
816.449	93.96
816.62	2015.79
816.79	112.86
816.96	-315.09
817.13	72.23
817.301	-182.23
817.471	-9.75
817.641	190.8
817.811	175.91
817.981	1014.29
818.152	340.76
818.322	60.4
818.492	209.62
818.662	46.29
818.832	-34.83
819.002	143.65
819.172	171.17
819.342	146.24
819.512	50.86
819.682	45.48
819.852	-4.12
820.022	236.59
820.192	-443.82
820.362	31.71
820.531	128.66
820.701	146.65
820.871	146.1
821.041	54.75
821.211	-34.36
821.381	30.17
821.55	203.83
821.72	806.98
821.89	149.23
822.059	42.27
822.229	36.49
822.399	220.18
822.568	191.54
822.738	-26.83
822.908	153.99
823.077	66.05
823.247	166.57
823.416	-2958.82
823.586	134.22
823.756	131.55
823.925	864.56
824.095	1560.47
824.264	204.04
824.433	138.94
824.603	105.35
824.772	-101.63
824.942	-532.91
825.111	-48.74
825.28	30.43
825.45	270.43
825.619	-297.52
825.788	-308.99
825.958	135.18
826.127	56.11
826.296	93.49
826.465	-19.53
826.635	108.46
826.804	91.28
826.973	194.46
827.142	198.72
827.311	-47.65
827.48	136.21
827.649	161.44
827.818	159.84
827.988	10.4
828.157	120.06
828.326	-114.32
828.495	-30.31
828.664	317.9
828.833	50.53
829.002	-185.71
829.17	40.94
829.339	-12.56
829.508	169.64
829.677	-66.29
829.846	17.44
830.015	9.86
830.184	95.79
830.352	167.75
830.521	361.87
830.69	148.78
830.859	358.82
831.027	3026.32
831.196	53.9
831.365	104.9
831.533	46.2
831.702	-73.28
831.871	-32.05
832.039	87.17
832.208	-21.74
832.377	-95.28
832.545	55.78
832.714	78.44
832.882	5.88
833.051	75.64
833.219	3071.43
833.388	53.9
833.556	-31.78
833.724	8.13
833.893	31.06
834.061	2521.05
834.23	158.31
834.398	180.31
834.566	-372.73
834.735	3414.29
834.903	250.94
835.071	-5500
835.239	-255.41
835.408	57.89
835.576	918.6
835.744	75.73
835.912	88.21
836.08	103.13
836.249	-473.58
836.417	461.5
836.585	75.83
836.753	117.44
836.921	-77.3
837.089	-1557.14
837.257	-141.86
837.425	-71.91
837.593	3.24
837.761	-36.77
837.929	58.31
838.097	102.44
838.265	81.4
838.433	59.34
838.601	102.12
838.769	226.58
838.936	284.27
839.104	156.68
839.272	7.18
839.44	162.21
839.608	119.51
839.775	132.89
839.943	161.05
840.111	118.69
840.279	13.7
840.446	374.63
840.614	-29.87
840.781	249.57
840.949	67.43
841.117	0.45
841.284	-133.48
841.452	-222.98
841.619	58.19
841.787	57.2
841.954	-141.86
842.122	-165.9
842.289	78.04
842.457	17.28
842.624	158.31
842.792	123.36
842.959	6.29
843.126	6.48
843.294	-65.35
843.461	115.71
843.629	-133.6
843.796	64.58
843.963	-214.4
844.13	87.61
844.298	245.17
844.465	-56.27
844.632	-178.26
844.799	313.07
844.966	244.68
845.134	90.42
845.301	4.79
845.468	-151.66
845.635	148.06
845.802	402.98
845.969	88.75
846.136	-14.63
846.303	1763.16
846.47	60.59
846.637	-146.15
846.804	-889.47
846.971	39.67
847.138	87.64
847.305	107.08
847.472	62.31
847.639	-45.2
847.805	44.83
847.972	-497.4
848.139	21.03
848.306	1005.26
848.473	-556.72
848.639	3.87
848.806	-47.2
848.973	38.81
849.14	125.24
849.306	107.17
849.473	-80.13
849.64	-183.08
849.806	-177.51
849.973	240.54
850.139	70.86
850.306	79.16
850.472	159.04
850.639	55.41
850.806	2331.58
850.972	-63.48
851.139	4271.43
851.305	37.35
851.471	-281.49
851.638	286.5
851.804	249.25
851.971	31.71
852.137	62.38
852.303	122.13
852.47	9.35
852.636	92.34
852.802	178.74
852.968	-77.02
853.135	201.52
853.301	-103.47
853.467	-74.43
853.633	96.42
853.8	-1.78
853.966	-200.51
854.132	-1900
854.298	79.56
854.464	500
854.63	88.57
854.796	109.49
854.962	292.81
855.128	-11.74
855.294	-29.48
855.46	-115.84
855.626	83.13
855.792	-250.58
855.958	371.84
856.124	315.95
856.29	102.65
856.456	52.36
856.622	91.49
856.787	515.58
856.953	-2.58
857.119	-22.77
857.285	-80.09
857.45	-17.31
857.616	55.78
857.782	-12.53
857.948	52.35
858.113	-32.42
858.279	164.97
858.445	207.09
858.61	416.28
858.776	135.63
858.941	131.68
859.107	-1.28
859.273	45.41
859.438	-71.22
859.604	689.47
859.769	65.35
859.935	-272.28
860.1	16.69
860.265	63.4
860.431	189.21
860.596	3585.71
860.762	146.65
860.927	37.68
861.092	39.22
861.258	-101.7
861.423	388.8
861.588	35.48
861.753	-2757.14
861.919	-1016.98
862.084	282.68
862.249	296.61
862.414	45.39
862.579	-103.05
862.745	-49.28
862.91	203.32
863.075	19.22
863.24	47.35
863.405	17.59
863.57	11.4
863.735	-43.47
863.9	0.88
864.065	33.21
864.23	75.73
864.395	-38.08
864.56	112.08
864.725	591.14
864.89	243.82
865.055	-30.86
865.22	8.53
865.384	-592.13
865.549	-432.04
865.714	-112.65
865.879	-19.34
866.044	8.2
866.208	92.06
866.373	143.96
866.538	36.3
866.702	47.54
866.867	55.01
867.032	14.35
867.196	88.62
867.361	212
867.526	-97.42
867.69	-118.08
867.855	447.25
868.019	456.36
868.184	15.6
868.348	61.77
868.513	-816.13
868.677	37.74
868.842	-30.04
869.006	177.05
869.17	-1130.19
869.335	353.66
869.499	-35.92
869.663	341.06
869.828	257.09
869.992	2397.67
870.156	59.22
870.321	-38.42
870.485	39.69
870.649	158.05
870.813	-150.92
870.978	254.89
871.142	-736.92
871.306	-80.09
871.47	-156.93
871.634	244.88
871.798	-327.33
871.962	95.44
872.126	-3442.86
872.29	58.35
872.454	7528.57
872.618	-5.26
872.782	285.07
872.946	-104.03
873.11	210.55
873.274	90.75
873.438	-911.76
873.602	59.89
873.766	624.68
873.93	-45.75
874.094	-120.22
874.257	143.5
874.421	187.86
874.585	630.91
874.749	62.37
874.912	258.27
875.076	29.53
875.24	16.07
875.403	82.25
875.567	157.14
875.731	1.12
875.894	68.98
876.058	6.22
876.222	230.34
876.385	108.04
876.549	74.56
876.712	609.09
876.876	-63.56
877.039	147.88
877.203	157.14
877.366	-60.31
877.529	12.37
877.693	-9.82
877.856	36.44
878.02	76.18
878.183	22.26
878.346	48.05
878.51	181.42
878.673	-182.01
878.836	53.31
878.999	-312.9
879.163	159.95
879.326	140.92
879.489	169.75
879.652	87.68
879.815	1.89
879.978	-48.57
880.142	371.14
880.305	22.98
880.468	106.75
880.631	35.28
880.794	36.66
880.957	-641.46
881.12	-2747.06
881.283	290.13
881.446	70.02
881.609	275.54
881.772	234.2
881.935	-2394.12
882.097	67.26
882.26	-881.13
882.423	126.13
882.586	57.2
882.749	104.66
882.912	308.59
883.074	33.85
883.237	-12.8
883.4	60.74
883.562	31.18
883.725	-114.4
883.888	93.7
884.05	1700
884.213	139.7
884.376	48.43
884.538	71.87
884.701	71.87
884.863	71.87
